{
    "camera_data": {
        "camera_look_at": {
            "at": [
                1.0,
                0.0,
                0.0
            ],
            "eye": [
                0.0,
                0.0,
                0.0
            ],
            "up": [
                0.0,
                0.0,
                1.0
            ]
        },
        "camera_view_matrix": [
            [
                0.0,
                0.0,
                -1.0,
                0.0
            ],
            [
                -1.0,
                0.0,
                0.0,
                0.0
            ],
            [
                0.0,
                1.0,
                0.0,
                0.0
            ],
            [
                0.0,
                0.0,
                0.0,
                1.0
            ]
        ],
        "height": 500,
        "intrinsics": {
            "cx": 250.0,
            "cy": 250.0,
            "fx": 603.5535278320312,
            "fy": 603.5535278320312
        },
        "location_world": [
            0.0,
            0.0,
            0.0
        ],
        "quaternion_world_xyzw": [
            0.5,
            -0.5,
            -0.5,
            0.5
        ],
        "width": 500
    },
    "objects": [
        {
            "bounding_box_minx_maxx_miny_maxy": [
                -1,
                -1,
                -1,
                -1
            ],
            "class": "2",
            "local_cuboid": null,
            "local_to_world_matrix": [
                [
                    -0.2816985845565796,
                    0.09150803089141846,
                    -0.9551294445991516,
                    0.0
                ],
                [
                    0.9463284015655518,
                    -0.1378951072692871,
                    -0.29231417179107666,
                    0.0
                ],
                [
                    -0.1584567427635193,
                    -0.9862105846405029,
                    -0.047751784324645996,
                    0.0
                ],
                [
                    0.8690601587295532,
                    -0.2575971782207489,
                    0.48628804087638855,
                    1.0
                ]
            ],
            "location": [
                0.2575971782207489,
                0.48628804087638855,
                -0.8690601587295532
            ],
            "location_world": [
                0.8690601587295532,
                -0.2575971782207489,
                0.48628804087638855
            ],
            "name": "google_2_of_Jenga_Classic_Game_0",
            "projected_cuboid": [
                [
                    669.4026589393616,
                    -99.63738918304443
                ],
                [
                    638.3017301559448,
                    -49.33705925941467
                ],
                [
                    424.643874168396,
                    -43.28244924545288
                ],
                [
                    433.11309814453125,
                    -90.1450514793396
                ],
                [
                    663.1510853767395,
                    -147.132009267807
                ],
                [
                    633.4127187728882,
                    -93.76773238182068
                ],
                [
                    425.16112327575684,
                    -85.6243371963501
                ],
                [
                    433.45555663108826,
                    -135.27438044548035
                ],
                [
                    536.5687012672424,
                    -92.01610088348389
                ]
            ],
            "provenance": "visii",
            "quaternion_xyzw": [
                0.5104775428771973,
                -0.4002302885055542,
                0.6209426522254944,
                -0.4400666356086731
            ],
            "quaternion_xyzw_world": [
                -0.4753809869289398,
                -0.5457919239997864,
                0.5856282711029053,
                -0.3649159371852875
            ],
            "segmentation_id": 1,
            "visibility": 0
        },
        {
            "bounding_box_minx_maxx_miny_maxy": [
                264,
                351,
                423,
                454
            ],
            "class": "2",
            "local_cuboid": null,
            "local_to_world_matrix": [
                [
                    0.38418108224868774,
                    -0.12384828925132751,
                    0.914913535118103,
                    0.0
                ],
                [
                    0.5639958381652832,
                    -0.7530896663665771,
                    -0.3387702703475952,
                    0.0
                ],
                [
                    0.7309677600860596,
                    0.6461564898490906,
                    -0.21947312355041504,
                    0.0
                ],
                [
                    1.6866703033447266,
                    -0.25587737560272217,
                    -0.5238447785377502,
                    1.0
                ]
            ],
            "location": [
                0.25587737560272217,
                -0.5238447785377502,
                -1.6866703033447266
            ],
            "location_world": [
                1.6866703033447266,
                -0.25587737560272217,
                -0.5238447785377502
            ],
            "name": "google_2_of_Jenga_Classic_Game_1",
            "projected_cuboid": [
                [
                    262.82671093940735,
                    421.53143882751465
                ],
                [
                    282.3038697242737,
                    426.2221157550812
                ],
                [
                    352.3154556751251,
                    425.60410499572754
                ],
                [
                    332.3468565940857,
                    420.2989935874939
                ],
                [
                    259.8673105239868,
                    447.72958755493164
                ],
                [
                    279.72760796546936,
                    451.84120535850525
                ],
                [
                    350.66625475883484,
                    454.4386863708496
                ],
                [
                    330.28268814086914,
                    449.8693645000458
                ],
                [
                    304.3440580368042,
                    437.08503246307373
                ]
            ],
            "provenance": "visii",
            "quaternion_xyzw": [
                0.7405380606651306,
                0.5631051063537598,
                -0.34783416986465454,
                -0.11630833148956299
            ],
            "quaternion_xyzw_world": [
                0.767584502696991,
                0.14335475862026215,
                0.5360586643218994,
                -0.3207877278327942
            ],
            "segmentation_id": 2,
            "visibility": 1
        },
        {
            "bounding_box_minx_maxx_miny_maxy": [
                28,
                76,
                456,
                500
            ],
            "class": "2",
            "local_cuboid": null,
            "local_to_world_matrix": [
                [
                    0.7882559299468994,
                    -0.5649181604385376,
                    -0.24396730959415436,
                    0.0
                ],
                [
                    -0.49339354038238525,
                    -0.8171579837799072,
                    0.2980194091796875,
                    0.0
                ],
                [
                    -0.3677164316177368,
                    -0.11454366892576218,
                    -0.9228565692901611,
                    0.0
                ],
                [
                    1.405643105506897,
                    0.4603305459022522,
                    -0.4841636121273041,
                    1.0
                ]
            ],
            "location": [
                -0.4603305459022522,
                -0.4841636121273041,
                -1.405643105506897
            ],
            "location_world": [
                1.405643105506897,
                0.4603305459022522,
                -0.4841636121273041
            ],
            "name": "google_2_of_Jenga_Classic_Game_2",
            "projected_cuboid": [
                [
                    53.698986768722534,
                    596.864640712738
                ],
                [
                    79.27538454532623,
                    596.3013172149658
                ],
                [
                    77.96436548233032,
                    455.1246166229248
                ],
                [
                    54.31018769741058,
                    459.6816301345825
                ],
                [
                    23.33827316761017,
                    604.5924425125122
                ],
                [
                    49.1759330034256,
                    604.2593121528625
                ],
                [
                    50.192877650260925,
                    455.9662938117981
                ],
                [
                    26.31373703479767,
                    460.7012867927551
                ],
                [
                    51.943615078926086,
                    526.3225436210632
                ]
            ],
            "provenance": "visii",
            "quaternion_xyzw": [
                0.4741261303424835,
                0.30223536491394043,
                -0.3552389442920685,
                0.7467687129974365
            ],
            "quaternion_xyzw_world": [
                0.9391845464706421,
                -0.28171026706695557,
                -0.16282309591770172,
                0.10981949418783188
            ],
            "segmentation_id": 3,
            "visibility": 1
        },
        {
            "bounding_box_minx_maxx_miny_maxy": [
                221,
                319,
                113,
                184
            ],
            "class": "2",
            "local_cuboid": null,
            "local_to_world_matrix": [
                [
                    -0.6365160942077637,
                    0.47036734223365784,
                    0.6112298369407654,
                    0.0
                ],
                [
                    0.1421901285648346,
                    -0.7073535919189453,
                    0.6924110054969788,
                    0.0
                ],
                [
                    0.758043110370636,
                    0.5276415944099426,
                    0.38336020708084106,
                    0.0
                ],
                [
                    1.3185453414916992,
                    -0.12038525193929672,
                    0.18857674300670624,
                    1.0
                ]
            ],
            "location": [
                0.12038525193929672,
                0.18857674300670624,
                -1.3185453414916992
            ],
            "location_world": [
                1.3185453414916992,
                -0.12038525193929672,
                0.18857674300670624
            ],
            "name": "google_2_of_Jenga_Classic_Game_3",
            "projected_cuboid": [
                [
                    217.1318084001541,
                    131.83970749378204
                ],
                [
                    241.09390377998352,
                    109.57053303718567
                ],
                [
                    311.1615478992462,
                    137.65230774879456
                ],
                [
                    283.7316691875458,
                    164.0133261680603
                ],
                [
                    232.5548678636551,
                    154.31149303913116
                ],
                [
                    255.63326478004456,
                    132.58233666419983
                ],
                [
                    325.4793882369995,
                    163.39462995529175
                ],
                [
                    299.2077171802521,
                    188.99714946746826
                ],
                [
                    268.28840374946594,
                    146.7384397983551
                ]
            ],
            "provenance": "visii",
            "quaternion_xyzw": [
                0.38576698303222656,
                0.8545205593109131,
                0.07055714726448059,
                -0.3405879735946655
            ],
            "quaternion_xyzw_world": [
                0.41457122564315796,
                0.36939218640327454,
                0.8257163166999817,
                0.0993613675236702
            ],
            "segmentation_id": 4,
            "visibility": 1
        },
        {
            "bounding_box_minx_maxx_miny_maxy": [
                -1,
                -1,
                -1,
                -1
            ],
            "class": "2",
            "local_cuboid": null,
            "local_to_world_matrix": [
                [
                    -0.14039814472198486,
                    -0.6253548860549927,
                    0.7676067352294922,
                    0.0
                ],
                [
                    0.4513552486896515,
                    -0.7304654121398926,
                    -0.5125419497489929,
                    0.0
                ],
                [
                    0.8812304735183716,
                    0.27450335025787354,
                    0.3848128318786621,
                    0.0
                ],
                [
                    0.29083728790283203,
                    -0.32889407873153687,
                    0.31330618262290955,
                    1.0
                ]
            ],
            "location": [
                0.32889407873153687,
                0.31330618262290955,
                -0.29083728790283203
            ],
            "location_world": [
                0.29083728790283203,
                -0.32889407873153687,
                0.31330618262290955
            ],
            "name": "google_2_of_Jenga_Classic_Game_4",
            "projected_cuboid": [
                [
                    529.5111536979675,
                    -300.520658493042
                ],
                [
                    576.8168568611145,
                    -216.67256951332092
                ],
                [
                    1012.2392177581787,
                    -388.4606957435608
                ],
                [
                    981.5274477005005,
                    -577.9684782028198
                ],
                [
                    468.03826093673706,
                    -220.76788544654846
                ],
                [
                    518.5191631317139,
                    -143.84698867797852
                ],
                [
                    891.0772204399109,
                    -250.17225742340088
                ],
                [
                    844.9403643608093,
                    -413.1057858467102
                ],
                [
                    665.4316186904907,
                    -281.5936803817749
                ]
            ],
            "provenance": "visii",
            "quaternion_xyzw": [
                0.8687818050384521,
                0.4310840666294098,
                -0.038590043783187866,
                -0.24061515927314758
            ],
            "quaternion_xyzw_world": [
                0.5489203929901123,
                -0.07924629002809525,
                0.750945508480072,
                -0.3584514856338501
            ],
            "segmentation_id": 5,
            "visibility": 0
        },
        {
            "bounding_box_minx_maxx_miny_maxy": [
                373,
                499,
                18,
                154
            ],
            "class": "2",
            "local_cuboid": null,
            "local_to_world_matrix": [
                [
                    0.08659541606903076,
                    0.5210933685302734,
                    0.8490954041481018,
                    0.0
                ],
                [
                    -0.6561111211776733,
                    0.6711890697479248,
                    -0.344997763633728,
                    0.0
                ],
                [
                    -0.7496796250343323,
                    -0.5272256731987,
                    0.40001702308654785,
                    0.0
                ],
                [
                    1.0619639158248901,
                    -0.2576642632484436,
                    0.20259971916675568,
                    1.0
                ]
            ],
            "location": [
                0.2576642632484436,
                0.20259971916675568,
                -1.0619639158248901
            ],
            "location_world": [
                1.0619639158248901,
                -0.2576642632484436,
                0.20259971916675568
            ],
            "name": "google_2_of_Jenga_Classic_Game_5",
            "projected_cuboid": [
                [
                    539.6405458450317,
                    -3.7455856800079346
                ],
                [
                    517.4602270126343,
                    0.559195876121521
                ],
                [
                    371.44792079925537,
                    121.15716934204102
                ],
                [
                    396.5851068496704,
                    111.60255968570709
                ],
                [
                    570.5289244651794,
                    40.86962342262268
                ],
                [
                    550.2697229385376,
                    48.25499653816223
                ],
                [
                    396.3204026222229,
                    159.5204472541809
                ],
                [
                    420.34712433815,
                    147.94921875
                ],
                [
                    462.084025144577,
                    84.60445702075958
                ]
            ],
            "provenance": "visii",
            "quaternion_xyzw": [
                0.13622112572193146,
                0.3265027105808258,
                0.8086673021316528,
                0.4699968695640564
            ],
            "quaternion_xyzw_world": [
                0.06202675774693489,
                -0.544191300868988,
                0.40069708228111267,
                0.7344728708267212
            ],
            "segmentation_id": 6,
            "visibility": 1
        },
        {
            "bounding_box_minx_maxx_miny_maxy": [
                -1,
                -1,
                -1,
                -1
            ],
            "class": "2",
            "local_cuboid": null,
            "local_to_world_matrix": [
                [
                    -0.8646961450576782,
                    0.4086313843727112,
                    0.2920977473258972,
                    0.0
                ],
                [
                    0.3404531478881836,
                    0.9043652415275574,
                    -0.25732308626174927,
                    0.0
                ],
                [
                    -0.3693133592605591,
                    -0.1230606883764267,
                    -0.9211210012435913,
                    0.0
                ],
                [
                    0.575960099697113,
                    0.3766748905181885,
                    0.1521834433078766,
                    1.0
                ]
            ],
            "location": [
                -0.3766748905181885,
                0.1521834433078766,
                -0.575960099697113
            ],
            "location_world": [
                0.575960099697113,
                0.3766748905181885,
                0.1521834433078766
            ],
            "name": "google_2_of_Jenga_Classic_Game_6",
            "projected_cuboid": [
                [
                    -208.30455422401428,
                    385.90866327285767
                ],
                [
                    -281.7150354385376,
                    406.4434766769409
                ],
                [
                    -217.5980806350708,
                    84.1551125049591
                ],
                [
                    -155.70637583732605,
                    50.25556683540344
                ],
                [
                    -104.33551669120789,
                    395.4136073589325
                ],
                [
                    -173.8380789756775,
                    412.7078652381897
                ],
                [
                    -135.36134362220764,
                    124.54348802566528
                ],
                [
                    -76.58827304840088,
                    96.47482633590698
                ],
                [
                    -164.67753052711487,
                    229.58706319332123
                ]
            ],
            "provenance": "visii",
            "quaternion_xyzw": [
                -0.3461858034133911,
                0.44215238094329834,
                -0.7133140563964844,
                -0.41933247447013855
            ],
            "quaternion_xyzw_world": [
                0.19497409462928772,
                0.9604923725128174,
                -0.0990075021982193,
                -0.17215417325496674
            ],
            "segmentation_id": 7,
            "visibility": 0
        },
        {
            "bounding_box_minx_maxx_miny_maxy": [
                34,
                118,
                269,
                321
            ],
            "class": "2",
            "local_cuboid": null,
            "local_to_world_matrix": [
                [
                    -0.13940024375915527,
                    0.3234128952026367,
                    0.9359336495399475,
                    0.0
                ],
                [
                    0.5017170906066895,
                    -0.7917978763580322,
                    0.34833353757858276,
                    0.0
                ],
                [
                    0.8537257313728333,
                    0.5181316137313843,
                    -0.051885128021240234,
                    0.0
                ],
                [
                    1.110822319984436,
                    0.2861808240413666,
                    -0.08270782977342606,
                    1.0
                ]
            ],
            "location": [
                -0.2861808240413666,
                -0.08270782977342606,
                -1.110822319984436
            ],
            "location_world": [
                1.110822319984436,
                0.2861808240413666,
                -0.08270782977342606
            ],
            "name": "google_2_of_Jenga_Classic_Game_7",
            "projected_cuboid": [
                [
                    31.058788299560547,
                    284.2547297477722
                ],
                [
                    67.12882220745087,
                    270.2975273132324
                ],
                [
                    107.7345609664917,
                    266.67073369026184
                ],
                [
                    64.95442986488342,
                    283.69665145874023
                ],
                [
                    44.302552938461304,
                    317.11864471435547
                ],
                [
                    79.68200743198395,
                    302.26820707321167
                ],
                [
                    122.64716625213623,
                    305.685430765152
                ],
                [
                    80.873504281044,
                    324.0496516227722
                ],
                [
                    73.2203722000122,
                    294.12010312080383
                ]
            ],
            "provenance": "visii",
            "quaternion_xyzw": [
                0.5435943603515625,
                0.794586718082428,
                -0.17417925596237183,
                -0.20687854290008545
            ],
            "quaternion_xyzw_world": [
                0.6527408957481384,
                0.3160250782966614,
                0.685440182685852,
                -0.06503273546695709
            ],
            "segmentation_id": 8,
            "visibility": 1
        },
        {
            "bounding_box_minx_maxx_miny_maxy": [
                0,
                60,
                420,
                470
            ],
            "class": "2",
            "local_cuboid": null,
            "local_to_world_matrix": [
                [
                    0.8710887432098389,
                    -0.3004927635192871,
                    0.38846951723098755,
                    0.0
                ],
                [
                    0.3310302495956421,
                    -0.22506797313690186,
                    -0.916386067867279,
                    0.0
                ],
                [
                    0.36279940605163574,
                    0.9268487095832825,
                    -0.09658205509185791,
                    0.0
                ],
                [
                    1.3373593091964722,
                    0.45186546444892883,
                    -0.4277241826057434,
                    1.0
                ]
            ],
            "location": [
                -0.45186546444892883,
                -0.4277241826057434,
                -1.3373593091964722
            ],
            "location_world": [
                1.3373593091964722,
                0.45186546444892883,
                -0.4277241826057434
            ],
            "name": "google_2_of_Jenga_Classic_Game_8",
            "projected_cuboid": [
                [
                    -47.00055718421936,
                    415.7246947288513
                ],
                [
                    -33.745527267456055,
                    443.92815232276917
                ],
                [
                    62.476128339767456,
                    446.47133350372314
                ],
                [
                    50.16744136810303,
                    416.118860244751
                ],
                [
                    -71.88734412193298,
                    437.14749813079834
                ],
                [
                    -57.503312826156616,
                    466.29220247268677
                ],
                [
                    41.82733595371246,
                    470.76767683029175
                ],
                [
                    28.414711356163025,
                    439.32396173477173
                ],
                [
                    -4.930377006530762,
                    441.7937994003296
                ]
            ],
            "provenance": "visii",
            "quaternion_xyzw": [
                -0.8030688166618347,
                -0.19099779427051544,
                0.5597083568572998,
                0.07298511266708374
            ],
            "quaternion_xyzw_world": [
                -0.7403949499130249,
                -0.010311223566532135,
                -0.25367167592048645,
                0.6223822832107544
            ],
            "segmentation_id": 9,
            "visibility": 1
        },
        {
            "bounding_box_minx_maxx_miny_maxy": [
                487,
                499,
                271,
                285
            ],
            "class": "2",
            "local_cuboid": null,
            "local_to_world_matrix": [
                [
                    0.2844918370246887,
                    0.16819414496421814,
                    0.9438089728355408,
                    0.0
                ],
                [
                    0.9530116319656372,
                    0.05726826190948486,
                    -0.29747167229652405,
                    0.0
                ],
                [
                    -0.10408347845077515,
                    0.9840891361236572,
                    -0.14399874210357666,
                    0.0
                ],
                [
                    1.028907060623169,
                    -0.6914787292480469,
                    0.02646818943321705,
                    1.0
                ]
            ],
            "location": [
                0.6914787292480469,
                0.02646818943321705,
                -1.028907060623169
            ],
            "location_world": [
                1.028907060623169,
                -0.6914787292480469,
                0.02646818943321705
            ],
            "name": "google_2_of_Jenga_Classic_Game_9",
            "projected_cuboid": [
                [
                    498.9132285118103,
                    228.71819138526917
                ],
                [
                    477.05572843551636,
                    244.78848278522491
                ],
                [
                    631.257951259613,
                    221.4362472295761
                ],
                [
                    664.8613214492798,
                    203.97518575191498
                ],
                [
                    513.2683515548706,
                    275.66540241241455
                ],
                [
                    489.80915546417236,
                    288.40988874435425
                ],
                [
                    646.9161510467529,
                    263.3086144924164
                ],
                [
                    682.5802326202393,
                    248.89396131038666
                ],
                [
                    576.1425495147705,
                    246.7678040266037
                ]
            ],
            "provenance": "visii",
            "quaternion_xyzw": [
                -0.5062593817710876,
                -0.4377896785736084,
                0.6264482140541077,
                0.39950525760650635
            ],
            "quaternion_xyzw_world": [
                -0.5854960083961487,
                -0.4787418842315674,
                -0.35855305194854736,
                0.5472115874290466
            ],
            "segmentation_id": 10,
            "visibility": 1
        },
        {
            "bounding_box_minx_maxx_miny_maxy": [
                446,
                499,
                202,
                271
            ],
            "class": "2",
            "local_cuboid": null,
            "local_to_world_matrix": [
                [
                    -0.7029604911804199,
                    0.009619385004043579,
                    0.7111638784408569,
                    0.0
                ],
                [
                    -0.7098004817962646,
                    0.05385333299636841,
                    -0.7023412585258484,
                    0.0
                ],
                [
                    -0.04505467414855957,
                    -0.9985025525093079,
                    -0.03102898597717285,
                    0.0
                ],
                [
                    0.9178367853164673,
                    -0.30535516142845154,
                    0.025642480701208115,
                    1.0
                ]
            ],
            "location": [
                0.30535516142845154,
                0.025642480701208115,
                -0.9178367853164673
            ],
            "location_world": [
                0.9178367853164673,
                -0.30535516142845154,
                0.025642480701208115
            ],
            "name": "google_2_of_Jenga_Classic_Game_10",
            "projected_cuboid": [
                [
                    648.5613584518433,
                    200.56124031543732
                ],
                [
                    673.52294921875,
                    239.32094871997833
                ],
                [
                    462.3967111110687,
                    233.12483727931976
                ],
                [
                    451.54446363449097,
                    195.32310962677002
                ],
                [
                    626.0719299316406,
                    238.59284818172455
                ],
                [
                    648.0062007904053,
                    277.4965763092041
                ],
                [
                    450.0333070755005,
                    271.12704515457153
                ],
                [
                    440.55747985839844,
                    233.13941061496735
                ],
                [
                    548.824667930603,
                    236.01222038269043
                ]
            ],
            "provenance": "visii",
            "quaternion_xyzw": [
                -0.6418074369430542,
                -0.2560388445854187,
                -0.6627622842788696,
                -0.2885715365409851
            ],
            "quaternion_xyzw_world": [
                -0.2618277668952942,
                0.6685512065887451,
                -0.6360185146331787,
                -0.28278258442878723
            ],
            "segmentation_id": 11,
            "visibility": 1
        },
        {
            "bounding_box_minx_maxx_miny_maxy": [
                494,
                499,
                499,
                500
            ],
            "class": "2",
            "local_cuboid": null,
            "local_to_world_matrix": [
                [
                    0.6421983242034912,
                    -0.722552478313446,
                    -0.255928099155426,
                    0.0
                ],
                [
                    -0.565242350101471,
                    -0.22086119651794434,
                    -0.7948090434074402,
                    0.0
                ],
                [
                    0.5177666544914246,
                    0.6550864577293396,
                    -0.5502541065216064,
                    0.0
                ],
                [
                    1.2442102432250977,
                    -0.5921409130096436,
                    -0.5273314118385315,
                    1.0
                ]
            ],
            "location": [
                0.5921409130096436,
                -0.5273314118385315,
                -1.2442102432250977
            ],
            "location_world": [
                1.2442102432250977,
                -0.5921409130096436,
                -0.5273314118385315
            ],
            "name": "google_2_of_Jenga_Classic_Game_11",
            "projected_cuboid": [
                [
                    425.44639110565186,
                    527.6466012001038
                ],
                [
                    439.49833512306213,
                    566.129207611084
                ],
                [
                    555.2171468734741,
                    526.6351699829102
                ],
                [
                    535.2519750595093,
                    485.11019349098206
                ],
                [
                    407.14341402053833,
                    528.9956331253052
                ],
                [
                    421.0752248764038,
                    568.9742565155029
                ],
                [
                    539.3681526184082,
                    528.1659364700317
                ],
                [
                    519.1978216171265,
                    484.8893880844116
                ],
                [
                    477.02065110206604,
                    527.8817415237427
                ]
            ],
            "provenance": "visii",
            "quaternion_xyzw": [
                0.8710809350013733,
                -0.010064173489809036,
                -0.37232038378715515,
                0.32014718651771545
            ],
            "quaternion_xyzw_world": [
                0.776742160320282,
                -0.41448596119880676,
                0.08427461236715317,
                -0.46665918827056885
            ],
            "segmentation_id": 12,
            "visibility": 1
        },
        {
            "bounding_box_minx_maxx_miny_maxy": [
                -1,
                -1,
                -1,
                -1
            ],
            "class": "2",
            "local_cuboid": null,
            "local_to_world_matrix": [
                [
                    0.14509546756744385,
                    0.004838883876800537,
                    -0.9894058108329773,
                    0.0
                ],
                [
                    0.6433656215667725,
                    -0.7601754665374756,
                    0.09063118696212769,
                    0.0
                ],
                [
                    -0.7516834139823914,
                    -0.649699866771698,
                    -0.11341118812561035,
                    0.0
                ],
                [
                    1.0012868642807007,
                    0.6695959568023682,
                    -0.0035160190891474485,
                    1.0
                ]
            ],
            "location": [
                -0.6695959568023682,
                -0.0035160190891474485,
                -1.0012868642807007
            ],
            "location_world": [
                1.0012868642807007,
                0.6695959568023682,
                -0.0035160190891474485
            ],
            "name": "google_2_of_Jenga_Classic_Game_12",
            "projected_cuboid": [
                [
                    -156.5689742565155,
                    313.09694051742554
                ],
                [
                    -81.8958580493927,
                    303.218811750412
                ],
                [
                    -122.18716740608215,
                    272.58580923080444
                ],
                [
                    -182.36100673675537,
                    278.55196595191956
                ],
                [
                    -162.47603297233582,
                    251.15084648132324
                ],
                [
                    -86.3390862941742,
                    245.32201886177063
                ],
                [
                    -126.12748146057129,
                    226.776123046875
                ],
                [
                    -187.233567237854,
                    230.24293780326843
                ],
                [
                    -139.10779356956482,
                    263.5835111141205
                ]
            ],
            "provenance": "visii",
            "quaternion_xyzw": [
                -0.1954779326915741,
                0.2931665778160095,
                -0.645346999168396,
                0.6777676343917847
            ],
            "quaternion_xyzw_world": [
                0.7104016542434692,
                0.22811198234558105,
                -0.6127129793167114,
                0.26053255796432495
            ],
            "segmentation_id": 13,
            "visibility": 0
        },
        {
            "bounding_box_minx_maxx_miny_maxy": [
                -1,
                -1,
                -1,
                -1
            ],
            "class": "2",
            "local_cuboid": null,
            "local_to_world_matrix": [
                [
                    -0.2650705575942993,
                    -0.2493910789489746,
