image_width: 512
image_height: 512
camera_name: dope_webcam_0
camera_matrix:
  rows: 3
  cols: 3
  data: [618.038818359375, 0, 256, 0, 0, 618.038818359375, 256, 0, 0, 1]
distortion_model: plumb_bob
distortion_coefficients:
  rows: 1
  cols: 5
  data: [0, 0, 0, 0, 0]
rectification_matrix:
  rows: 3
  cols: 3
  data: [1, 0, 0, 0, 1, 0, 0, 0, 1]
projection_matrix:
  rows: 3
  cols: 4
  data: [618.038818359375, 0, 256, 0, 0, 618.038818359375, 256, 0, 0, 0, 1, 0]
