image_width: 500
image_height: 500
camera_name: dope_webcam_0
camera_matrix:
  rows: 3
  cols: 3
  data: [603.5535070631239, 0, 249.5, 0, 603.5535070631239, 249.5, 0, 0, 1]
distortion_model: plumb_bob
distortion_coefficients:
  rows: 1
  cols: 5
  data: [0, 0, 0, 0, 0]
rectification_matrix:
  rows: 3
  cols: 3
  data: [1, 0, 0, 0, 1, 0, 0, 0, 1]
projection_matrix:
  rows: 3
  cols: 4
  data: [603.5535070631239, 0, 249.5, 0, 0, 603.5535070631239, 249.5, 0, 0, 0, 1, 0]
