{
    "camera_data": {
        "camera_look_at": {
            "at": [
                1.0,
                0.0,
                0.0
            ],
            "eye": [
                0.0,
                0.0,
                0.0
            ],
            "up": [
                0.0,
                0.0,
                1.0
            ]
        },
        "camera_view_matrix": [
            [
                0.0,
                0.0,
                -1.0,
                0.0
            ],
            [
                -1.0,
                0.0,
                0.0,
                0.0
            ],
            [
                0.0,
                1.0,
                0.0,
                0.0
            ],
            [
                0.0,
                0.0,
                0.0,
                1.0
            ]
        ],
        "height": 500,
        "intrinsics": {
            "cx": 250.0,
            "cy": 250.0,
            "fx": 603.5535278320312,
            "fy": 603.5535278320312
        },
        "location_world": [
            0.0,
            0.0,
            0.0
        ],
        "quaternion_world_xyzw": [
            0.5,
            -0.5,
            -0.5,
            0.5
        ],
        "width": 500
    },
    "objects": [
        {
            "bounding_box_minx_maxx_miny_maxy": [
                -1,
                -1,
                -1,
                -1
            ],
            "class": "Reebok",
            "local_cuboid": null,
            "local_to_world_matrix": [
                [
                    0.6264002323150635,
                    0.6510375142097473,
                    0.4286874532699585,
                    0.0
                ],
                [
                    -0.6929462552070618,
                    0.7169438600540161,
                    -0.07626910507678986,
                    0.0
                ],
                [
                    -0.35699886083602905,
                    -0.2492823749780655,
                    0.9002277851104736,
                    0.0
                ],
                [
                    1.4391032457351685,
                    -0.6280607581138611,
                    -0.7482151985168457,
                    1.0
                ]
            ],
            "location": [
                0.6280607581138611,
                -0.7482151985168457,
                -1.4391032457351685
            ],
            "location_world": [
                1.4391032457351685,
                -0.6280607581138611,
                -0.7482151985168457
            ],
            "name": "google_Reebok_SOMERSET_RUN_0",
            "projected_cuboid": [
                [
                    535.2344512939453,
                    489.311158657074
                ],
                [
                    483.5771918296814,
                    535.8700752258301
                ],
                [
                    463.805615901947,
                    573.1806755065918
                ],
                [
                    516.6484713554382,
                    523.0451822280884
                ],
                [
                    579.3081521987915,
                    520.819365978241
                ],
                [
                    531.8425893783569,
                    575.0557780265808
                ],
                [
                    509.4618797302246,
                    613.1446957588196
                ],
                [
                    558.6355924606323,
                    555.2701950073242
                ],
                [
                    523.402214050293,
                    546.1635589599609
                ]
            ],
            "provenance": "visii",
            "quaternion_xyzw": [
                -0.1306069940328598,
                0.5517629384994507,
                0.7218562364578247,
                0.3967657685279846
            ],
            "quaternion_xyzw_world": [
                0.04803277179598808,
                -0.21812599897384644,
                0.3731231987476349,
                0.9004959464073181
            ],
            "segmentation_id": 1,
            "visibility": 0
        },
        {
            "bounding_box_minx_maxx_miny_maxy": [
                26,
                119,
                250,
                304
            ],
            "class": "Breyer",
            "local_cuboid": null,
            "local_to_world_matrix": [
                [
                    0.6954936385154724,
                    -0.5383485555648804,
                    0.47588810324668884,
                    0.0
                ],
                [
                    0.520665168762207,
                    -0.07883298397064209,
                    -0.8501136898994446,
                    0.0
                ],
                [
                    0.49517306685447693,
                    0.8390269875526428,
                    0.22547149658203125,
                    0.0
                ],
                [
                    1.5707495212554932,
                    0.39117667078971863,
                    -0.07850877940654755,
                    1.0
                ]
            ],
            "location": [
                -0.39117667078971863,
                -0.07850877940654755,
                -1.5707495212554932
            ],
            "location_world": [
                1.5707495212554932,
                0.39117667078971863,
                -0.07850877940654755
            ],
            "name": "google_Breyer_Horse_Of_The_Year_2015_1",
            "projected_cuboid": [
                [
                    88.81083130836487,
                    239.12914097309113
                ],
                [
                    93.15510094165802,
                    256.2659978866577
                ],
                [
                    132.46849179267883,
                    269.02899146080017
                ],
                [
                    128.6431849002838,
                    251.33347511291504
                ],
                [
                    23.87423813343048,
                    280.68336844444275
                ],
                [
                    29.889091849327087,
                    298.7704277038574
                ],
                [
                    70.20992040634155,
                    315.0278329849243
                ],
                [
                    64.7052675485611,
                    296.3436543941498
                ],
                [
                    80.10590076446533,
                    274.6485769748688
                ]
            ],
            "provenance": "visii",
            "quaternion_xyzw": [
                -0.849063515663147,
                -0.16333317756652832,
                0.45182740688323975,
                0.21969403326511383
            ],
            "quaternion_xyzw_world": [
                -0.6222650408744812,
                0.007104426622390747,
                -0.3901316523551941,
                0.6786258816719055
            ],
            "segmentation_id": 2,
            "visibility": 1
        },
        {
            "bounding_box_minx_maxx_miny_maxy": [
                0,
                115,
                2,
                116
            ],
            "class": "Smith",
            "local_cuboid": null,
            "local_to_world_matrix": [
                [
                    0.3619639277458191,
                    -0.3628837466239929,
                    0.8586602807044983,
                    0.0
                ],
                [
                    0.21231037378311157,
                    0.9290030002593994,
                    0.30311334133148193,
                    0.0
                ],
                [
                    -0.9076928496360779,
                    0.07258637994527817,
                    0.41330957412719727,
                    0.0
                ],
                [
                    1.9223257303237915,
                    0.5682064294815063,
                    0.5662131905555725,
                    1.0
                ]
            ],
            "location": [
                -0.5682064294815063,
                0.5662131905555725,
                -1.9223257303237915
            ],
            "location_world": [
                1.9223257303237915,
                0.5682064294815063,
                0.5662131905555725
            ],
            "name": "google_Smith_Hawken_Woven_BasketTray_Organizer_with_3_Compartments_95_x_9_x_13_2",
            "projected_cuboid": [
                [
                    109.03294384479523,
                    -28.765857219696045
                ],
                [
                    31.851813197135925,
                    -46.7621386051178
                ],
                [
                    64.11135196685791,
                    22.450074553489685
                ],
                [
                    132.58583843708038,
                    40.13684391975403
                ],
                [
                    47.58477210998535,
                    66.20006263256073
                ],
                [
                    -33.69331359863281,
                    43.60564053058624
                ],
                [
                    9.288951754570007,
                    105.91402649879456
                ],
                [
                    81.01297914981842,
                    127.3573637008667
                ],
                [
                    56.833162903785706,
                    41.71714186668396
                ]
            ],
            "provenance": "visii",
            "quaternion_xyzw": [
                -0.1949855387210846,
                0.09018964320421219,
                0.557157039642334,
                0.802136242389679
            ],
            "quaternion_xyzw_world": [
                0.07009163498878479,
                -0.5370590090751648,
                -0.174887552857399,
                0.8222342133522034
            ],
            "segmentation_id": 3,
            "visibility": 1
        },
        {
            "bounding_box_minx_maxx_miny_maxy": [
                215,
                387,
                77,
                221
            ],
            "class": "Paul",
            "local_cuboid": null,
            "local_to_world_matrix": [
                [
                    -0.4074244499206543,
                    0.7940924167633057,
                    0.45102423429489136,
                    0.0
                ],
                [
                    0.4809313714504242,
                    -0.23327577114105225,
                    0.8451554775238037,
                    0.0
                ],
                [
                    0.7763444781303406,
                    0.5612485408782959,
                    -0.2868618965148926,
                    0.0
                ],
                [
                    0.9674686193466187,
                    -0.14587736129760742,
                    0.1945846825838089,
                    1.0
                ]
            ],
            "location": [
                0.14587736129760742,
                0.1945846825838089,
                -0.9674686193466187
            ],
            "location_world": [
                0.9674686193466187,
                -0.14587736129760742,
                0.1945846825838089
            ],
            "name": "google_Paul_Frank_Dot_Lunch_Box_3",
            "projected_cuboid": [
                [
                    192.4148052930832,
                    169.6987748146057
                ],
                [
                    208.65526795387268,
                    124.25351142883301
                ],
                [
                    284.3872308731079,
                    57.38446116447449
                ],
                [
                    269.27927136421204,
                    108.1424206495285
                ],
                [
                    305.1161468029022,
                    238.0572110414505
                ],
                [
                    315.1686191558838,
                    193.69539618492126
                ],
                [
                    401.4647305011749,
                    145.63117921352386
                ],
                [
                    394.0940499305725,
                    195.51745057106018
                ],
                [
                    295.9062457084656,
                    157.78395533561707
                ]
            ],
            "provenance": "visii",
            "quaternion_xyzw": [
                0.18513283133506775,
                0.9240660667419434,
                -0.20772138237953186,
                -0.2620680630207062
            ],
            "quaternion_xyzw_world": [
                0.5274261236190796,
                0.604361355304718,
                0.5817728042602539,
                0.1345718950033188
            ],
            "segmentation_id": 4,
            "visibility": 1
        },
        {
            "bounding_box_minx_maxx_miny_maxy": [
                146,
                212,
                32,
                100
            ],
            "class": "Toys",
            "local_cuboid": null,
            "local_to_world_matrix": [
                [
                    0.9944833517074585,
                    -0.0751110091805458,
                    -0.07322018593549728,
                    0.0
                ],
                [
                    -0.028276652097702026,
                    -0.8641608953475952,
                    0.5024206042289734,
                    0.0
                ],
                [
                    -0.10101134330034256,
                    -0.49757853150367737,
                    -0.8615174293518066,
                    0.0
                ],
                [
                    1.4136348962783813,
                    0.20149673521518707,
                    0.49454647302627563,
                    1.0
                ]
            ],
            "location": [
                -0.20149673521518707,
                0.49454647302627563,
                -1.4136348962783813
            ],
            "location_world": [
                1.4136348962783813,
                0.20149673521518707,
                0.49454647302627563
            ],
            "name": "google_Toys_R_Us_Treat_Dispenser_Smart_Puzzle_Foobler_4",
            "projected_cuboid": [
                [
                    174.0686595439911,
                    120.05080282688141
                ],
                [
                    228.3441573381424,
                    87.98077702522278
                ],
                [
                    197.60583341121674,
                    36.05671226978302
                ],
                [
                    143.98357272148132,
                    67.94509291648865
                ],
                [
                    159.93976593017578,
                    99.77461397647858
                ],
                [
                    220.5001711845398,
                    63.8965368270874
                ],
                [
                    186.3088309764862,
                    6.265372037887573
                ],
                [
                    126.56071782112122,
                    41.915372014045715
                ],
                [
                    179.8780858516693,
                    66.04588031768799
                ]
            ],
            "provenance": "visii",
            "quaternion_xyzw": [
                0.3433944582939148,
                0.5758250951766968,
                -0.3617594838142395,
                0.6477930545806885
            ],
            "quaternion_xyzw_world": [
                0.9643860459327698,
                -0.026801420375704765,
                -0.045166436582803726,
                0.2592320740222931
            ],
            "segmentation_id": 5,
            "visibility": 1
        },
        {
            "bounding_box_minx_maxx_miny_maxy": [
                429,
                476,
                1,
                62
            ],
            "class": "Tag",
            "local_cuboid": null,
            "local_to_world_matrix": [
                [
                    0.7178623080253601,
                    -0.3392794132232666,
                    -0.6079171299934387,
                    0.0
                ],
                [
                    -0.6938825845718384,
                    -0.2777254581451416,
                    -0.6643761396408081,
                    0.0
                ],
                [
                    0.05657505989074707,
                    0.8987536430358887,
                    -0.43478870391845703,
                    0.0
                ],
                [
                    1.7320895195007324,
                    -0.5931068658828735,
                    0.6525585055351257,
                    1.0
                ]
            ],
            "location": [
                0.5931068658828735,
                0.6525585055351257,
                -1.7320895195007324
            ],
            "location_world": [
                1.7320895195007324,
                -0.5931068658828735,
                0.6525585055351257
            ],
            "name": "google_Tag_Dishtowel_Basket_Weave_Red_18_x_26_5",
            "projected_cuboid": [
                [
                    429.6081066131592,
                    36.64541244506836
                ],
                [
                    469.33048963546753,
                    71.02538645267487
                ],
                [
                    480.62407970428467,
                    65.47798216342926
                ],
                [
                    439.88555669784546,
                    31.540438532829285
                ],
                [
                    422.2339987754822,
                    -13.92287015914917
                ],
                [
                    464.26165103912354,
                    17.96463131904602
                ],
                [
                    476.4184057712555,
                    11.924371123313904
                ],
                [
                    433.22134017944336,
                    -19.44151520729065
                ],
                [
                    451.0815739631653,
                    25.30503273010254
                ]
            ],
            "provenance": "visii",
            "quaternion_xyzw": [
                -0.7176751494407654,
                0.11502126604318619,
                0.5631433725357056,
                -0.39316925406455994
            ],
            "quaternion_xyzw_world": [
                -0.7794832587242126,
                0.33136117458343506,
                0.17682935297489166,
                0.5013352632522583
            ],
            "segmentation_id": 6,
            "visibility": 1
        },
        {
            "bounding_box_minx_maxx_miny_maxy": [
                0,
                53,
                50,
                107
            ],
            "class": "FRACTION",
            "local_cuboid": null,
            "local_to_world_matrix": [
                [
                    0.14511656761169434,
                    -0.9796963334083557,
                    0.1383349597454071,
                    0.0
                ],
                [
                    0.8995334506034851,
                    0.07241147756576538,
                    -0.43080902099609375,
                    0.0
                ],
                [
                    0.4120449125766754,
                    0.18695448338985443,
                    0.8917774558067322,
                    0.0
                ],
                [
                    1.5871316194534302,
                    0.622120201587677,
                    0.4405428171157837,
                    1.0
                ]
            ],
            "location": [
                -0.622120201587677,
                0.4405428171157837,
                -1.5871316194534302
            ],
            "location_world": [
                1.5871316194534302,
                0.622120201587677,
                0.4405428171157837
            ],
            "name": "google_FRACTION_FUN_n4h4qte23QR_6",
            "projected_cuboid": [
                [
                    38.285449147224426,
                    40.358930826187134
                ],
                [
                    54.583534598350525,
                    90.18348157405853
                ],
                [
                    55.423349142074585,
                    102.45980322360992
                ],
                [
                    39.0254408121109,
                    53.42067778110504
                ],
                [
                    -34.00462865829468,
                    46.526625752449036
                ],
                [
                    -10.127604007720947,
                    96.48068249225616
                ],
                [
                    -9.97847318649292,
                    109.01358723640442
                ],
                [
                    -34.12768244743347,
                    59.886083006858826
                ],
                [
                    13.195887207984924,
                    76.04840397834778
                ]
            ],
            "provenance": "visii",
            "quaternion_xyzw": [
                -0.8400223851203918,
                -0.019619524478912354,
                0.09882807731628418,
                0.5331140756607056
            ],
            "quaternion_xyzw_world": [
                -0.2126779407262802,
                0.09423034638166428,
                -0.6469639539718628,
                0.7261725068092346
            ],
            "segmentation_id": 7,
            "visibility": 1
        },
        {
            "bounding_box_minx_maxx_miny_maxy": [
                323,
                433,
                103,
                244
            ],
            "class": "FAIRY",
            "local_cuboid": null,
            "local_to_world_matrix": [
                [
                    0.6585025787353516,
                    0.4436793625354767,
                    -0.6078839898109436,
                    0.0
                ],
                [
                    -0.7456406354904175,
                    0.4940636157989502,
                    -0.44712552428245544,
                    0.0
                ],
                [
                    0.10195302963256836,
                    0.7476962804794312,
                    0.6561675071716309,
                    0.0
                ],
                [
                    1.4573227167129517,
                    -0.35660532116889954,
                    0.1270069032907486,
                    1.0
                ]
            ],
            "location": [
                0.35660532116889954,
                0.1270069032907486,
                -1.4573227167129517
            ],
            "location_world": [
                1.4573227167129517,
                -0.35660532116889954,
                0.1270069032907486
            ],
            "name": "google_FAIRY_TALE_BLOCKS_7",
            "projected_cuboid": [
                [
                    322.67770171165466,
                    156.63555264472961
                ],
                [
                    278.48249673843384,
                    192.90564954280853
                ],
                [
                    348.82327914237976,
                    253.3395290374756
                ],
                [
                    385.1464092731476,
                    209.27521586418152
                ],
                [
                    374.87494945526123,
                    85.79659461975098
                ],
                [
                    333.069384098053,
                    115.84939062595367
                ],
                [
                    413.36333751678467,
                    182.62743949890137
                ],
                [
                    445.0559914112091,
                    143.1645154953003
                ],
                [
                    362.1029853820801,
                    167.93543100357056
                ]
            ],
            "provenance": "visii",
            "quaternion_xyzw": [
                -0.5256898403167725,
                0.5240483283996582,
                0.6687398552894592,
                -0.042550310492515564
            ],
            "quaternion_xyzw_world": [
                -0.35646578669548035,
                0.21177434921264648,
                0.35482436418533325,
                0.837963879108429
            ],
            "segmentation_id": 8,
            "visibility": 1
        },
        {
            "bounding_box_minx_maxx_miny_maxy": [
                464,
                499,
                269,
                315
            ],
            "class": "Great",
            "local_cuboid": null,
            "local_to_world_matrix": [
                [
                    -0.3841134309768677,
                    0.5092018246650696,
                    -0.770175576210022,
                    0.0
                ],
                [
                    -0.8848844170570374,
                    0.0350421667098999,
                    0.46449077129364014,
                    0.0
                ],
                [
                    0.2635081708431244,
                    0.8599334955215454,
                    0.4371245503425598,
                    0.0
                ],
                [
                    1.687448263168335,
                    -0.7096601128578186,
                    -0.11328849196434021,
                    1.0
                ]
            ],
            "location": [
                0.7096601128578186,
                -0.11328849196434021,
                -1.687448263168335
            ],
            "location_world": [
                1.687448263168335,
                -0.7096601128578186,
                -0.11328849196434021
            ],
            "name": "google_Great_Jones_Wingtip_kAqSg6EgG0I_8",
            "projected_cuboid": [
                [
                    443.8275098800659,
                    308.86465311050415
                ],
                [
                    473.93956780433655,
                    263.1540596485138
                ],
                [
                    516.9631838798523,
                    283.0493152141571
                ],
                [
                    479.76693511009216,
                    326.4746069908142
                ],
                [
                    457.6299786567688,
                    279.9738943576813
                ],
                [
                    489.31884765625,
                    230.5004894733429
                ],
                [
                    531.4655900001526,
                    249.23153221607208
                ],
                [
                    492.9618835449219,
                    296.7076301574707
                ],
                [
                    484.2575788497925,
                    281.3540995121002
                ]
            ],
            "provenance": "visii",
            "quaternion_xyzw": [
                -0.26917263865470886,
                0.74786376953125,
                0.4419283866882324,
                -0.41586679220199585
            ],
            "quaternion_xyzw_world": [
                -0.18955203890800476,
                0.49548739194869995,
                0.6682431697845459,
                0.5215489864349365
            ],
            "segmentation_id": 9,
            "visibility": 1
        },
        {
            "bounding_box_minx_maxx_miny_maxy": [
                381,
                452,
                199,
                279
            ],
            "class": "Ecoforms",
            "local_cuboid": null,
            "local_to_world_matrix": [
                [
                    -0.8497798442840576,
                    0.19123584032058716,
                    -0.49122706055641174,
                    0.0
                ],
                [
                    -0.3693273663520813,
                    0.44892674684524536,
                    0.8136721253395081,
                    0.0
                ],
                [
                    0.37612828612327576,
                    0.8728653788566589,
                    -0.3108605146408081,
                    0.0
                ],
                [
                    1.8211500644683838,
                    -0.589748203754425,
                    0.0830376073718071,
                    1.0
                ]
            ],
            "location": [
                0.589748203754425,
                0.0830376073718071,
                -1.8211500644683838
            ],
            "location_world": [
                1.8211500644683838,
                -0.589748203754425,
                0.0830376073718071
            ],
            "name": "google_Ecoforms_Plant_Container_Quadra_Sand_QP6_9",
            "projected_cuboid": [
                [
                    403.33521366119385,
                    280.6556522846222
                ],
                [
                    380.29515743255615,
                    229.07866537570953
                ],
                [
                    437.2034966945648,
                    209.75862443447113
                ],
                [
                    458.81539583206177,
                    263.9411687850952
                ],
                [
                    401.9193649291992,
                    249.96688961982727
                ],
                [
                    380.75849413871765,
                    201.59554481506348
                ],
                [
                    432.7518939971924,
                    183.0163598060608
                ],
                [
                    452.7205228805542,
                    233.64393413066864
                ],
                [
                    418.155312538147,
                    231.46510124206543
                ]
            ],
            "provenance": "visii",
            "quaternion_xyzw": [
                -0.3046393394470215,
                0.7715303897857666,
                0.01894516684114933,
                -0.5581908822059631
            ],
            "quaternion_xyzw_world": [
                -0.05512251332402229,
                0.8077077269554138,
                0.5220135450363159,
                0.26846200227737427
            ],
            "segmentation_id": 10,
            "visibility": 1
        },
        {
            "bounding_box_minx_maxx_miny_maxy": [
                -1,
                -1,
                -1,
                -1
            ],
            "class": "ReadytoUse",
            "local_cuboid": null,
            "local_to_world_matrix": [
                [
                    -0.4721691608428955,
                    0.31943511962890625,
                    -0.8215944766998291,
                    0.0
                ],
                [
                    0.8006420135498047,
                    -0.23455500602722168,
                    -0.5513224005699158,
                    0.0
                ],
                [
                    -0.36882078647613525,
                    -0.9181204438209534,
                    -0.1450035572052002,
                    0.0
                ],
                [
                    1.2820450067520142,
                    -0.25502753257751465,
                    -0.6351428031921387,
                    1.0
                ]
            ],
            "location": [
                0.25502753257751465,
                -0.6351428031921387,
                -1.2820450067520142
            ],
            "location_world": [
                1.2820450067520142,
                -0.25502753257751465,
                -0.6351428031921387
            ],
            "name": "google_ReadytoUse_Rolled_Fondant_Pure_White_24_oz_box_10",
            "projected_cuboid": [
                [
                    448.21697473526,
                    608.4872484207153
                ],
                [
                    447.5218653678894,
                    610.3426814079285
                ],
                [
                    364.4580543041229,
                    581.1412334442139
                ],
                [
                    362.4701499938965,
                    578.4485340118408
                ],
                [
                    458.03889632225037,
                    542.633593082428
                ],
                [
                    457.0706784725189,
                    546.4469790458679
                ],
                [
                    377.1471977233887,
                    521.4937925338745
                ],
                [
                    375.63425302505493,
                    517.1039700508118
                ],
                [
                    410.4241132736206,
                    562.2266530990601
                ]
            ],
            "provenance": "visii",
            "quaternion_xyzw": [
                0.4645068645477295,
                -0.3159477710723877,
                0.748261034488678,
                -0.352867990732193
            ],
            "quaternion_xyzw_world": [
                -0.4762849509716034,
                -0.5879238247871399,
                0.6248440742492676,
                -0.1925307810306549
            ],
            "segmentation_id": 11,
            "visibility": 0
        },
        {
            "bounding_box_minx_maxx_miny_maxy": [
                19,
                111,
                1,
                28
            ],
            "class": "Dog",
            "local_cuboid": null,
            "local_to_world_matrix": [
                [
                    -0.26769328117370605,
                    -0.9222756624221802,
                    -0.27883318066596985,
                    0.0
                ],
                [
                    0.3809659481048584,
                    -0.3671281337738037,
                    0.8485764265060425,
                    0.0
                ],
                [
                    -0.8849889039993286,
                    0.12093228101730347,
                    0.4496333599090576,
                    0.0
                ],
                [
                    1.4123674631118774,
                    0.3922494947910309,
                    0.581594705581665,
                    1.0
                ]
            ],
            "location": [
                -0.3922494947910309,
                0.581594705581665,
                -1.4123674631118774
            ],
            "location_world": [
                1.4123674631118774,
                0.3922494947910309,
                0.581594705581665
            ],
            "name": "google_Dog_11",
            "projected_cuboid": [
                [
                    73.89980554580688,
                    -38.95607590675354
                ],
                [
                    117.2327995300293,
                    -99.31311011314392
                ],
                [
                    144.03247833251953,
                    -17.639964818954468
                ],
                [
                    107.79176652431488,
                    39.1106903553009
                ],
                [
                    -22.107601165771484,
                    -56.092023849487305
                ],
                [
                    24.387210607528687,
                    -112.63719201087952
                ],
                [
                    61.135709285736084,
                    -32.80553221702576
                ],
                [
                    22.317618131637573,
                    20.677149295806885
                ],
                [
                    66.77201390266418,
                    -35.52141785621643
                ]
            ],
            "provenance": "visii",
            "quaternion_xyzw": [
                0.21720406413078308,
                0.10162666440010071,
                0.16892068088054657,
                -0.9560127258300781
            ],
            "quaternion_xyzw_world": [
                -0.40305131673812866,
                0.335757315158844,
                0.7218820452690125,
                -0.451334685087204
            ],
            "segmentation_id": 12,
            "visibility": 1
        },
        {
            "bounding_box_minx_maxx_miny_maxy": [
                448,
                499,
                371,
                430
            ],
            "class": "Black",
            "local_cuboid": null,
            "local_to_world_matrix": [
                [
                    -0.9513304233551025,
                    0.30501678586006165,
                    -0.04399462044239044,
                    0.0
                ],
                [
                    0.09064691513776779,
                    0.41340458393096924,
                    0.906024158000946,
                    0.0
                ],
                [
                    0.2945401668548584,
                    0.8579402565956116,
                    -0.42093324661254883,
                    0.0
                ],
                [
                    0.9481661915779114,
                    -0.45891237258911133,
                    -0.2021503895521164,
                    1.0
                ]
            ],
            "location": [
                0.45891237258911133,
                -0.2021503895521164,
                -0.9481661915779114
            ],
            "location_world": [
                0.9481661915779114,
                -0.45891237258911133,
                -0.2021503895521164
            ],
            "name": "google_Black_Elderberry_Syrup_54_oz_Gaia_Herbs_12",
            "projected_cuboid": [
                [
                    462.20365166664124,
                    432.91282653808594
                ],
                [
                    445.7722008228302,
                    398.465096950531
                ],
                [
                    536.1748337745667,
                    365.4244542121887
                ],
                [
                    553.8983345031738,
                    401.2826085090637
                ],
                [
                    461.2032175064087,
                    421.62835597991943
                ],
                [
                    445.6518292427063,
                    389.07405734062195
                ],
                [
                    531.0255289077759,
                    357.4591279029846
                ],
                [
                    547.7302074432373,
                    391.2697434425354
                ],
                [
                    496.91569805145264,
                    394.8558270931244
                ]
            ],
            "provenance": "visii",
            "quaternion_xyzw": [
                -0.14448115229606628,
                0.7914513349533081,
                -0.16159552335739136,
                -0.5715039968490601
            ],
            "quaternion_xyzw_world": [
                0.11853088438510895,
                0.8345160484313965,
                0.5284393429756165,
                0.10141649842262268
            ],
            "segmentation_id": 13,
            "visibility": 1
        },
        {
            "bounding_box_minx_maxx_miny_maxy": [
                442,
                462,
                73,
                105
            ],
            "class": "Razer",
            "local_cuboid": null,
