{
    "camera_data": {
        "camera_look_at": {
            "at": [
                1.0,
                0.0,
                0.0
            ],
            "eye": [
                0.0,
                0.0,
                0.0
            ],
            "up": [
                0.0,
                0.0,
                1.0
            ]
        },
        "camera_view_matrix": [
            [
                0.0,
                0.0,
                -1.0,
                0.0
            ],
            [
                -1.0,
                0.0,
                0.0,
                0.0
            ],
            [
                0.0,
                1.0,
                0.0,
                0.0
            ],
            [
                0.0,
                0.0,
                0.0,
                1.0
            ]
        ],
        "height": 500,
        "intrinsics": {
            "cx": 250.0,
            "cy": 250.0,
            "fx": 603.5535278320312,
            "fy": 603.5535278320312
        },
        "location_world": [
            0.0,
            0.0,
            0.0
        ],
        "quaternion_world_xyzw": [
            0.5,
            -0.5,
            -0.5,
            0.5
        ],
        "width": 500
    },
    "objects": [
        {
            "bounding_box_minx_maxx_miny_maxy": [
                474,
                499,
                466,
                500
            ],
            "class": "Reebok",
            "local_cuboid": null,
            "local_to_world_matrix": [
                [
                    -0.9478358030319214,
                    -0.14727190136909485,
                    -0.2826985716819763,
                    0.0
                ],
                [
                    0.1952800452709198,
                    0.432681679725647,
                    -0.8801433444023132,
                    0.0
                ],
                [
                    0.2519388794898987,
                    -0.889436662197113,
                    -0.38135194778442383,
                    0.0
                ],
                [
                    1.7925480604171753,
                    -0.7276350855827332,
                    -0.6859250068664551,
                    1.0
                ]
            ],
            "location": [
                0.7276350855827332,
                -0.6859250068664551,
                -1.7925480604171753
            ],
            "location_world": [
                1.7925480604171753,
                -0.7276350855827332,
                -0.6859250068664551
            ],
            "name": "google_Reebok_SOMERSET_RUN_0",
            "projected_cuboid": [
                [
                    563.0913972854614,
                    464.156836271286
                ],
                [
                    510.6009244918823,
                    543.8635945320129
                ],
                [
                    479.6537756919861,
                    533.6086750030518
                ],
                [
                    532.0078730583191,
                    452.19624042510986
                ],
                [
                    539.5217537879944,
                    441.32286310195923
                ],
                [
                    490.6882345676422,
                    517.2362923622131
                ],
                [
                    461.1964523792267,
                    507.15112686157227
                ],
                [
                    509.88852977752686,
                    429.69873547554016
                ],
                [
                    510.2427005767822,
                    486.4561855792999
                ]
            ],
            "provenance": "visii",
            "quaternion_xyzw": [
                -0.7548764944076538,
                0.23691964149475098,
                -0.6084678769111633,
                -0.06162327527999878
            ],
            "quaternion_xyzw_world": [
                0.014443861320614815,
                0.8309436440467834,
                -0.5324007272720337,
                0.16085249185562134
            ],
            "segmentation_id": 1,
            "visibility": 1
        },
        {
            "bounding_box_minx_maxx_miny_maxy": [
                59,
                106,
                337,
                395
            ],
            "class": "Breyer",
            "local_cuboid": null,
            "local_to_world_matrix": [
                [
                    0.9269235730171204,
                    -0.10247325152158737,
                    -0.3609873652458191,
                    0.0
                ],
                [
                    0.24306830763816833,
                    0.8968570828437805,
                    0.3695472776889801,
                    0.0
                ],
                [
                    0.2858853340148926,
                    -0.4302866756916046,
                    0.8562259674072266,
                    0.0
                ],
                [
                    1.6625241041183472,
                    0.47615474462509155,
                    -0.39303019642829895,
                    1.0
                ]
            ],
            "location": [
                -0.47615474462509155,
                -0.39303019642829895,
                -1.6625241041183472
            ],
            "location_world": [
                1.6625241041183472,
                0.47615474462509155,
                -0.39303019642829895
            ],
            "name": "google_Breyer_Horse_Of_The_Year_2015_1",
            "projected_cuboid": [
                [
                    123.89466166496277,
                    354.23868894577026
                ],
                [
                    107.73839056491852,
                    346.3802635669708
                ],
                [
                    81.88419044017792,
                    393.2330906391144
                ],
                [
                    98.23589026927948,
                    401.6585350036621
                ],
                [
                    97.99571335315704,
                    336.66908740997314
                ],
                [
                    79.91403341293335,
                    327.91754603385925
                ],
                [
                    49.74296689033508,
                    380.6663453578949
                ],
                [
                    68.06230545043945,
                    390.14172554016113
                ],
                [
                    89.4995927810669,
                    366.49709939956665
                ]
            ],
            "provenance": "visii",
            "quaternion_xyzw": [
                -0.5046809315681458,
                0.6230889558792114,
                0.24601531028747559,
                0.5445491075515747
            ],
            "quaternion_xyzw_world": [
                0.20847094058990479,
                0.16860270500183105,
                -0.09006291627883911,
                0.9591671824455261
            ],
            "segmentation_id": 2,
            "visibility": 1
        },
        {
            "bounding_box_minx_maxx_miny_maxy": [
                0,
                61,
                1,
                122
            ],
            "class": "Smith",
            "local_cuboid": null,
            "local_to_world_matrix": [
                [
                    0.3064783811569214,
                    -0.11796635389328003,
                    0.9445395469665527,
                    0.0
                ],
                [
                    -0.15126577019691467,
                    0.9736456871032715,
                    0.17068329453468323,
                    0.0
                ],
                [
                    -0.939781665802002,
                    -0.19518724083900452,
                    0.2805570960044861,
                    0.0
                ],
                [
                    1.9208389520645142,
                    0.7289213538169861,
                    0.5601950883865356,
                    1.0
                ]
            ],
            "location": [
                -0.7289213538169861,
                0.5601950883865356,
                -1.9208389520645142
            ],
            "location_world": [
                1.9208389520645142,
                0.7289213538169861,
                0.5601950883865356
            ],
            "name": "google_Smith_Hawken_Woven_BasketTray_Organizer_with_3_Compartments_95_x_9_x_13_2",
            "projected_cuboid": [
                [
                    67.25974380970001,
                    -21.29948139190674
                ],
                [
                    -25.6841778755188,
                    -43.059974908828735
                ],
                [
                    -6.2833428382873535,
                    18.01435649394989
                ],
                [
                    74.52115416526794,
                    35.82964837551117
                ],
                [
                    39.155811071395874,
                    86.28074824810028
                ],
                [
                    -60.92199683189392,
                    65.63949584960938
                ],
                [
                    -35.53953766822815,
                    115.50259590148926
                ],
                [
                    50.607770681381226,
                    132.34879076480865
                ],
                [
                    14.384537935256958,
                    49.065202474594116
                ]
            ],
            "provenance": "visii",
            "quaternion_xyzw": [
                -0.043305158615112305,
                0.16802917420864105,
                0.6424819231033325,
                0.746396541595459
            ],
            "quaternion_xyzw_world": [
                0.1143193393945694,
                -0.5887720584869385,
                0.010404681786894798,
                0.800106406211853
            ],
            "segmentation_id": 3,
            "visibility": 1
        },
        {
            "bounding_box_minx_maxx_miny_maxy": [
                -1,
                -1,
                -1,
                -1
            ],
            "class": "Paul",
            "local_cuboid": null,
            "local_to_world_matrix": [
                [
                    0.6335436701774597,
                    -0.7463508248329163,
                    0.2039191573858261,
                    0.0
                ],
                [
                    0.7708061337471008,
                    0.586050271987915,
                    -0.24980628490447998,
                    0.0
                ],
                [
                    0.06693620979785919,
                    0.31544530391693115,
                    0.9465800523757935,
                    0.0
                ],
                [
                    0.7283976078033447,
                    0.32200610637664795,
                    0.3975115120410919,
                    1.0
                ]
            ],
            "location": [
                -0.32200610637664795,
                0.3975115120410919,
                -0.7283976078033447
            ],
            "location_world": [
                0.7283976078033447,
                0.32200610637664795,
                0.3975115120410919
            ],
            "name": "google_Paul_Frank_Dot_Lunch_Box_3",
            "projected_cuboid": [
                [
                    46.60359025001526,
                    -254.84955310821533
                ],
                [
                    22.153615951538086,
                    -187.81739473342896
                ],
                [
                    69.75311040878296,
                    -40.50862789154053
                ],
                [
                    99.83471035957336,
                    -92.98855066299438
                ],
                [
                    -199.8586654663086,
                    -338.5609984397888
                ],
                [
                    -200.92791318893433,
                    -245.68697810173035
                ],
                [
                    -146.80707454681396,
                    -63.893646001815796
                ],
                [
                    -138.2521688938141,
                    -134.10499691963196
                ],
                [
                    -43.58649253845215,
                    -165.80411791801453
                ]
            ],
            "provenance": "visii",
            "quaternion_xyzw": [
                -0.7181736826896667,
                0.13302190601825714,
                0.33034810423851013,
                0.5978311896324158
            ],
            "quaternion_xyzw_world": [
                -0.1588343232870102,
                -0.0384918749332428,
                -0.426317423582077,
                0.8896874189376831
            ],
            "segmentation_id": 4,
            "visibility": 0
        },
        {
            "bounding_box_minx_maxx_miny_maxy": [
                -1,
                -1,
                -1,
                -1
            ],
            "class": "Toys",
            "local_cuboid": null,
            "local_to_world_matrix": [
                [
                    0.9421201944351196,
                    0.33299437165260315,
                    0.03904300928115845,
                    0.0
                ],
                [
                    0.32812443375587463,
                    -0.891830325126648,
                    -0.3114050626754761,
                    0.0
                ],
                [
                    -0.06887639313936234,
                    0.30619198083877563,
                    -0.9494749307632446,
                    0.0
                ],
                [
                    1.2952258586883545,
                    0.35266387462615967,
                    0.7446773052215576,
                    1.0
                ]
            ],
            "location": [
                -0.35266387462615967,
                0.7446773052215576,
                -1.2952258586883545
            ],
            "location_world": [
                1.2952258586883545,
                0.35266387462615967,
                0.7446773052215576
            ],
            "name": "google_Toys_R_Us_Treat_Dispenser_Smart_Puzzle_Foobler_4",
            "projected_cuboid": [
                [
                    26.199623942375183,
                    -33.59195590019226
                ],
                [
                    94.28268671035767,
                    -2.315998077392578
                ],
                [
                    115.81753194332123,
                    -63.516825437545776
                ],
                [
                    49.080222845077515,
                    -96.84813022613525
                ],
                [
                    24.912908673286438,
                    -65.35950303077698
                ],
                [
                    101.07134282588959,
                    -29.101133346557617
                ],
                [
                    125.06482005119324,
                    -97.22575545310974
                ],
                [
                    50.59106647968292,
                    -136.03779673576355
                ],
                [
                    74.00932908058167,
                    -64.36425447463989
                ]
            ],
            "provenance": "visii",
            "quaternion_xyzw": [
                0.4768475294113159,
                0.48803505301475525,
                -0.6544607877731323,
                0.32575950026512146
            ],
            "quaternion_xyzw_world": [
                0.9725514650344849,
                0.1699444204568863,
                -0.0076688434928655624,
                -0.15875691175460815
            ],
            "segmentation_id": 5,
            "visibility": 0
        },
        {
            "bounding_box_minx_maxx_miny_maxy": [
                -1,
                -1,
                -1,
                -1
            ],
            "class": "Tag",
            "local_cuboid": null,
            "local_to_world_matrix": [
                [
                    -0.6674900054931641,
                    -0.7178247570991516,
                    -0.19795168936252594,
                    0.0
                ],
                [
                    0.6739552617073059,
                    -0.6954420804977417,
                    0.24928858876228333,
                    0.0
                ],
                [
                    -0.3166094124317169,
                    0.03298703581094742,
                    0.9479822516441345,
                    0.0
                ],
                [
                    1.6564505100250244,
                    -0.6626474261283875,
                    0.7889737486839294,
                    1.0
                ]
            ],
            "location": [
                0.6626474261283875,
                0.7889737486839294,
                -1.6564505100250244
            ],
            "location_world": [
                1.6564505100250244,
                -0.6626474261283875,
                0.7889737486839294
            ],
            "name": "google_Tag_Dishtowel_Basket_Weave_Red_18_x_26_5",
            "projected_cuboid": [
                [
                    506.3873529434204,
                    -60.193002223968506
                ],
                [
                    540.9030914306641,
                    -52.00269818305969
                ],
                [
                    539.4037365913391,
                    -38.133323192596436
                ],
                [
                    504.9835443496704,
                    -44.83228921890259
                ],
                [
                    442.9251551628113,
                    -50.99716782569885
                ],
                [
                    480.83120584487915,
                    -44.14123296737671
                ],
                [
                    479.79697585105896,
                    -31.201153993606567
                ],
                [
                    442.04747676849365,
                    -36.76784038543701
                ],
                [
                    491.9571578502655,
                    -44.459521770477295
                ]
            ],
            "provenance": "visii",
            "quaternion_xyzw": [
                0.5366392135620117,
                0.23176196217536926,
                0.29559096693992615,
                -0.7555995583534241
            ],
            "quaternion_xyzw_world": [
                -0.14139465987682343,
                0.07756564766168594,
                0.909795880317688,
                -0.3824429214000702
            ],
            "segmentation_id": 6,
            "visibility": 0
        },
        {
            "bounding_box_minx_maxx_miny_maxy": [
                345,
                409,
                90,
                152
            ],
            "class": "FRACTION",
            "local_cuboid": null,
            "local_to_world_matrix": [
                [
                    0.4553791284561157,
                    0.37031877040863037,
                    -0.8096258044242859,
                    0.0
                ],
                [
                    0.7192130088806152,
                    -0.689017653465271,
                    0.08937269449234009,
                    0.0
                ],
                [
                    -0.5247500538825989,
                    -0.6229918003082275,
                    -0.5801022052764893,
                    0.0
                ],
                [
                    1.6799582242965698,
                    -0.34752193093299866,
                    0.3603903353214264,
                    1.0
                ]
            ],
            "location": [
                0.34752193093299866,
                0.3603903353214264,
                -1.6799582242965698
            ],
            "location_world": [
                1.6799582242965698,
                -0.34752193093299866,
                0.3603903353214264
            ],
            "name": "google_FRACTION_FUN_n4h4qte23QR_6",
            "projected_cuboid": [
                [
                    352.72279381752014,
                    155.26613593101501
                ],
                [
                    389.37294483184814,
                    156.7871868610382
                ],
                [
                    378.3726096153259,
                    149.41003918647766
                ],
                [
                    341.32635593414307,
                    147.30259776115417
                ],
                [
                    383.28951597213745,
                    95.12536227703094
                ],
                [
                    419.2071557044983,
                    101.57343745231628
                ],
                [
                    407.2917401790619,
                    94.59449350833893
                ],
                [
                    370.8679974079132,
                    87.63675391674042
                ],
                [
                    380.65510988235474,
                    124.20997023582458
                ]
            ],
            "provenance": "visii",
            "quaternion_xyzw": [
                -0.06236696243286133,
                0.483461856842041,
                -0.6718809604644775,
                0.5576298236846924
            ],
            "quaternion_xyzw_world": [
                0.8253028392791748,
                0.33003997802734375,
                -0.4042079448699951,
                0.2157888263463974
            ],
            "segmentation_id": 7,
            "visibility": 1
        },
        {
            "bounding_box_minx_maxx_miny_maxy": [
                476,
                499,
                3,
                114
            ],
            "class": "FAIRY",
            "local_cuboid": null,
            "local_to_world_matrix": [
                [
                    -0.5877470970153809,
                    -0.529426097869873,
                    -0.6117691397666931,
                    0.0
                ],
                [
                    -0.470867782831192,
                    0.8387463092803955,
                    -0.27347418665885925,
                    0.0
                ],
                [
                    0.6579034924507141,
                    0.12732872366905212,
                    -0.7422604560852051,
                    0.0
                ],
                [
                    0.6879608035087585,
                    -0.46390873193740845,
                    0.305065393447876,
                    1.0
                ]
            ],
            "location": [
                0.46390873193740845,
                0.305065393447876,
                -0.6879608035087585
            ],
            "location_world": [
                0.6879608035087585,
                -0.46390873193740845,
                0.305065393447876
            ],
            "name": "google_FAIRY_TALE_BLOCKS_7",
            "projected_cuboid": [
                [
                    698.7524032592773,
                    177.1109402179718
                ],
                [
                    586.9460105895996,
                    226.67275369167328
                ],
                [
                    707.5271010398865,
                    39.52036798000336
                ],
                [
                    821.345865726471,
                    13.70769739151001
                ],
                [
                    549.7331619262695,
                    93.72340142726898
                ],
                [
                    435.17938256263733,
                    122.4236935377121
                ],
                [
                    498.690664768219,
                    -47.61555790901184
                ],
                [
                    624.0478754043579,
                    -55.64311146736145
                ],
                [
                    607.0035696029663,
                    74.0506649017334
                ]
            ],
            "provenance": "visii",
            "quaternion_xyzw": [
                -0.784347414970398,
                0.46233195066452026,
                -0.1467520296573639,
                -0.38666799664497375
            ],
            "quaternion_xyzw_world": [
                -0.28096574544906616,
                0.8900496959686279,
                -0.04104980081319809,
                0.35662969946861267
            ],
            "segmentation_id": 8,
            "visibility": 1
        },
        {
            "bounding_box_minx_maxx_miny_maxy": [
                458,
                499,
                123,
                214
            ],
            "class": "Great",
            "local_cuboid": null,
            "local_to_world_matrix": [
                [
                    -0.7732572555541992,
                    -0.6337943077087402,
                    0.019458383321762085,
                    0.0
                ],
                [
                    -0.05350214242935181,
                    0.03463578224182129,
                    -0.997967004776001,
                    0.0
                ],
                [
                    0.6318317651748657,
                    -0.7727259397506714,
                    -0.0606919527053833,
                    0.0
                ],
                [
                    1.8904399871826172,
                    -0.698024570941925,
                    0.25140896439552307,
                    1.0
                ]
            ],
            "location": [
                0.698024570941925,
                0.25140896439552307,
                -1.8904399871826172
            ],
            "location_world": [
                1.8904399871826172,
                -0.698024570941925,
                0.25140896439552307
            ],
            "name": "google_Great_Jones_Wingtip_kAqSg6EgG0I_8",
            "projected_cuboid": [
                [
                    508.7912082672119,
                    124.33989346027374
                ],
                [
                    507.63869285583496,
                    221.58856689929962
                ],
                [
                    488.8627529144287,
                    218.21293234825134
                ],
                [
                    490.2287721633911,
                    117.22874641418457
                ],
                [
                    476.6044318675995,
                    130.35649061203003
                ],
                [
                    475.2325117588043,
                    223.46657514572144
                ],
                [
                    456.08577132225037,
                    220.31186521053314
                ],
                [
                    457.6731026172638,
                    123.78300726413727
                ],
                [
                    482.45590925216675,
                    172.2942590713501
                ]
            ],
            "provenance": "visii",
            "quaternion_xyzw": [
                -0.9032709002494812,
                0.004200756549835205,
                -0.42788463830947876,
                -0.031605690717697144
            ],
            "quaternion_xyzw_world": [
                -0.2513956129550934,
                0.683480978012085,
                -0.647674560546875,
                0.22399064898490906
            ],
            "segmentation_id": 9,
            "visibility": 1
        },
        {
            "bounding_box_minx_maxx_miny_maxy": [
                451,
                499,
                42,
                115
            ],
            "class": "Ecoforms",
            "local_cuboid": null,
            "local_to_world_matrix": [
                [
                    -0.9637564420700073,
                    0.2568724751472473,
                    -0.07204458117485046,
                    0.0
                ],
                [
                    -0.07959038019180298,
                    -0.019086837768554688,
                    0.9966450333595276,
                    0.0
                ],
                [
                    0.2546355426311493,
                    0.9662569165229797,
                    0.03883945941925049,
                    0.0
                ],
                [
                    1.8095922470092773,
                    -0.7853570580482483,
                    0.5169104933738708,
                    1.0
                ]
            ],
            "location": [
                0.7853570580482483,
                0.5169104933738708,
                -1.8095922470092773
            ],
            "location_world": [
                1.8095922470092773,
                -0.7853570580482483,
                0.5169104933738708
            ],
            "name": "google_Ecoforms_Plant_Container_Quadra_Sand_QP6_9",
            "projected_cuboid": [
                [
                    453.51582765579224,
                    106.01991415023804
                ],
                [
                    456.521600484848,
                    39.546042680740356
                ],
                [
                    519.1651582717896,
                    36.57558560371399
                ],
                [
                    515.5351758003235,
                    104.72871363162994
                ],
                [
                    449.5072364807129,
                    115.31192064285278
                ],
                [
                    452.19701528549194,
                    55.207282304763794
                ],
                [
                    508.6742043495178,
                    52.87948250770569
                ],
                [
                    505.47635555267334,
                    114.35367166996002
                ],
                [
                    482.0394515991211,
                    78.53978872299194
                ]
            ],
            "provenance": "visii",
            "quaternion_xyzw": [
                -0.01671949028968811,
                0.7918574810028076,
                0.03738991916179657,
                -0.6093310117721558
            ],
            "quaternion_xyzw_world": [
                0.06420853734016418,
                0.6902590394020081,
                0.7109294533729553,
                0.11831794679164886
            ],
            "segmentation_id": 10,
            "visibility": 1
        },
        {
            "bounding_box_minx_maxx_miny_maxy": [
                475,
                499,
                359,
                383
            ],
            "class": "ReadytoUse",
            "local_cuboid": null,
            "local_to_world_matrix": [
                [
                    0.5725470781326294,
                    0.5292782783508301,
                    -0.6261425018310547,
                    0.0
                ],
                [
                    0.31786084175109863,
                    0.5606780648231506,
                    0.7645944356918335,
                    0.0
                ],
                [
                    0.7557475566864014,
                    -0.6367924213409424,
                    0.15277773141860962,
                    0.0
                ],
                [
                    1.7132271528244019,
                    -0.695645809173584,
                    -0.33187705278396606,
                    1.0
                ]
            ],
            "location": [
                0.695645809173584,
                -0.33187705278396606,
                -1.7132271528244019
            ],
            "location_world": [
                1.7132271528244019,
                -0.695645809173584,
                -0.33187705278396606
            ],
            "name": "google_ReadytoUse_Rolled_Fondant_Pure_White_24_oz_box_10",
            "projected_cuboid": [
                [
                    503.60894203186035,
                    367.2642111778259
                ],
                [
                    492.6789104938507,
                    354.25421595573425
                ],
                [
                    473.3768105506897,
                    370.68066000938416
                ],
                [
                    484.9342405796051,
                    384.7910463809967
                ],
                [
                    535.05539894104,
                    346.23193740844727
                ],
                [
                    523.4347581863403,
                    332.9032361507416
                ],
                [
                    505.66017627716064,
                    348.39433431625366
                ],
                [
                    518.0014371871948,
                    362.88487911224365
                ],
                [
                    504.58216667175293,
                    358.3111763000488
                ]
            ],
            "provenance": "visii",
            "quaternion_xyzw": [
                -0.3398068845272064,
                0.8731580972671509,
                -0.04726608097553253,
                0.34625443816185
            ],
            "quaternion_xyzw_world": [
                0.4634358882904053,
                0.45698830485343933,
                0.06991533190011978,
                0.755976676940918
            ],
            "segmentation_id": 11,
            "visibility": 1
        },
        {
            "bounding_box_minx_maxx_miny_maxy": [
                0,
                42,
                1,
                29
            ],
            "class": "Dog",
            "local_cuboid": null,
            "local_to_world_matrix": [
                [
                    0.26955747604370117,
                    0.9553582072257996,
                    -0.1209522932767868,
                    0.0
                ],
                [
                    0.852979838848114,
                    -0.17857885360717773,
                    0.49044373631477356,
                    0.0
                ],
                [
                    0.44694989919662476,
                    -0.2353726327419281,
                    -0.8630385398864746,
                    0.0
                ],
                [
                    1.5610822439193726,
                    0.6817600131034851,
                    0.777463972568512,
                    1.0
                ]
            ],
            "location": [
                -0.6817600131034851,
                0.777463972568512,
                -1.5610822439193726
            ],
            "location_world": [
                1.5610822439193726,
                0.6817600131034851,
                0.777463972568512
            ],
            "name": "google_Dog_11",
            "projected_cuboid": [
                [
                    -37.81428933143616,
                    44.53113675117493
                ],
                [
                    -0.4931986331939697,
                    31.775131821632385
                ],
                [
                    -30.749768018722534,
                    -41.88680648803711
                ],
                [
                    -73.43873381614685,
                    -36.10461950302124
                ],
                [
                    37.32956945896149,
                    25.198563933372498
                ],
                [
                    69.00365650653839,
                    13.77934217453003
                ],
                [
                    41.41561686992645,
                    -63.73840570449829
                ],
                [
                    4.780769348144531,
                    -60.0970983505249
                ],
                [
                    1.8891245126724243,
                    -9.724467992782593
                ]
            ],
            "provenance": "visii",
            "quaternion_xyzw": [
                0.016940921545028687,
                0.8504045605659485,
                -0.5044711828231812,
                0.14843818545341492
            ],
            "quaternion_xyzw_world": [
                0.7601274251937866,
                0.594748318195343,
                0.10721807926893234,
                0.23871535062789917
            ],
            "segmentation_id": 12,
            "visibility": 1
        },
        {
            "bounding_box_minx_maxx_miny_maxy": [
                454,
                499,
                285,
                330
            ],
            "class": "Black",
            "local_cuboid": null,
            "local_to_world_matrix": [
                [
                    0.056095123291015625,
                    0.2913160026073456,
                    -0.9549807906150818,
                    0.0
                ],
                [
                    0.9553409814834595,
                    0.26228463649749756,
                    0.13612598180770874,
                    0.0
                ],
                [
                    0.29013246297836304,
                    -0.91996830701828,
                    -0.2635931968688965,
                    0.0
                ],
                [
                    1.0171111822128296,
                    -0.3663857877254486,
                    -0.08803786337375641,
                    1.0
                ]
            ],
            "location": [
                0.3663857877254486,
                -0.08803786337375641,
                -1.0171111822128296
            ],
            "location_world": [
                1.0171111822128296,
                -0.3663857877254486,
                -0.08803786337375641
            ],
            "name": "google_Black_Elderberry_Syrup_54_oz_Gaia_Herbs_12",
            "projected_cuboid": [
                [
                    541.8639183044434,
                    342.10044145584106
                ],
                [
                    518.1461572647095,
                    332.86869525909424
                ],
                [
                    451.9714117050171,
                    314.1508102416992
                ],
                [
                    472.92593121528625,
                    322.70821928977966
                ],
                [
                    552.5310635566711,
                    310.3974461555481
                ],
                [
                    528.1887054443359,
                    302.78658866882324
                ],
                [
                    462.2158408164978,
                    282.7978730201721
                ],
                [
                    483.82413387298584,
                    289.59035873413086
                ],
                [
                    501.82610750198364,
                    312.2899830341339
                ]
            ],
            "provenance": "visii",
            "quaternion_xyzw": [
                -0.4644056558609009,
                0.6552813053131104,
                -0.4650423526763916,
                0.37238335609436035
            ],
            "quaternion_xyzw_world": [
                0.5141506791114807,
                0.6061729788780212,
                -0.32327502965927124,
                0.51351398229599
            ],
            "segmentation_id": 13,
            "visibility": 1
        },
        {
            "bounding_box_minx_maxx_miny_maxy": [
                -1,
                -1,
                -1,
                -1
            ],
            "class": "Razer",
