{
    "camera_data": {
        "camera_look_at": {
            "at": [
                1.0,
                0.0,
                0.0
            ],
            "eye": [
                0.0,
                0.0,
                0.0
            ],
            "up": [
                0.0,
                0.0,
                1.0
            ]
        },
        "camera_view_matrix": [
            [
                0.0,
                0.0,
                -1.0,
                0.0
            ],
            [
                -1.0,
                0.0,
                0.0,
                0.0
            ],
            [
                0.0,
                1.0,
                0.0,
                0.0
            ],
            [
                0.0,
                0.0,
                0.0,
                1.0
            ]
        ],
        "height": 500,
        "intrinsics": {
            "cx": 250.0,
            "cy": 250.0,
            "fx": 603.5535278320312,
            "fy": 603.5535278320312
        },
        "location_world": [
            0.0,
            0.0,
            0.0
        ],
        "quaternion_world_xyzw": [
            0.5,
            -0.5,
            -0.5,
            0.5
        ],
        "width": 500
    },
    "objects": [
        {
            "bounding_box_minx_maxx_miny_maxy": [
                -1,
                -1,
                -1,
                -1
            ],
            "class": "Reebok",
            "local_cuboid": null,
            "local_to_world_matrix": [
                [
                    0.7418407201766968,
                    0.2806735634803772,
                    0.609011173248291,
                    0.0
                ],
                [
                    -0.3186994194984436,
                    -0.6514968872070312,
                    0.6884638071060181,
                    0.0
                ],
                [
                    0.5900025367736816,
                    -0.7048220634460449,
                    -0.393856406211853,
                    0.0
                ],
                [
                    1.3323545455932617,
                    -0.5881848335266113,
                    -0.6395825147628784,
                    1.0
                ]
            ],
            "location": [
                0.5881848335266113,
                -0.6395825147628784,
                -1.3323545455932617
            ],
            "location_world": [
                1.3323545455932617,
                -0.5881848335266113,
                -0.6395825147628784
            ],
            "name": "google_Reebok_SOMERSET_RUN_0",
            "projected_cuboid": [
                [
                    476.43569111824036,
                    554.6200275421143
                ],
                [
                    573.9916563034058,
                    487.8658354282379
                ],
                [
                    553.5063147544861,
                    479.350209236145
                ],
                [
                    452.5918960571289,
                    549.8817563056946
                ],
                [
                    503.5262107849121,
                    602.2801399230957
                ],
                [
                    609.2315316200256,
                    534.6540808677673
                ],
                [
                    589.3080234527588,
                    528.1420350074768
                ],
                [
                    479.5771539211273,
                    599.6867418289185
                ],
                [
                    527.8027057647705,
                    542.5702333450317
                ]
            ],
            "provenance": "visii",
            "quaternion_xyzw": [
                0.39397498965263367,
                0.7998656034469604,
                -0.02349051833152771,
                0.4521580636501312
            ],
            "quaternion_xyzw_world": [
                0.8347445726394653,
                -0.011388467624783516,
                0.3590959906578064,
                0.41727909445762634
            ],
            "segmentation_id": 1,
            "visibility": 0
        },
        {
            "bounding_box_minx_maxx_miny_maxy": [
                -1,
                -1,
                -1,
                -1
            ],
            "class": "Breyer",
            "local_cuboid": null,
            "local_to_world_matrix": [
                [
                    0.9434289336204529,
                    0.3141915202140808,
                    -0.10595076531171799,
                    0.0
                ],
                [
                    0.3111547827720642,
                    -0.7285099029541016,
                    0.6102923154830933,
                    0.0
                ],
                [
                    0.11456247419118881,
                    -0.6087344884872437,
                    -0.7850594520568848,
                    0.0
                ],
                [
                    1.5954595804214478,
                    0.10921655595302582,
                    -0.10010003298521042,
                    1.0
                ]
            ],
            "location": [
                -0.10921655595302582,
                -0.10010003298521042,
                -1.5954595804214478
            ],
            "location_world": [
                1.5954595804214478,
                0.10921655595302582,
                -0.10010003298521042
            ],
            "name": "google_Breyer_Horse_Of_The_Year_2015_1",
            "projected_cuboid": [
                [
                    225.67084431648254,
                    336.6679549217224
                ],
                [
                    240.54765701293945,
                    323.5192000865936
                ],
                [
                    207.67167210578918,
                    281.996488571167
                ],
                [
                    192.29383766651154,
                    294.84236240386963
                ],
                [
                    251.38124823570251,
                    339.4164443016052
                ],
                [
                    268.0930495262146,
                    324.34430718421936
                ],
                [
                    230.75655102729797,
                    276.7902910709381
                ],
                [
                    213.3941650390625,
                    291.46456718444824
                ],
                [
                    228.04157435894012,
                    308.7558150291443
                ]
            ],
            "provenance": "visii",
            "quaternion_xyzw": [
                0.21799014508724213,
                0.7139759659767151,
                -0.3838413953781128,
                0.5434929728507996
            ],
            "quaternion_xyzw_world": [
                0.9296502470970154,
                0.1681670844554901,
                0.002315846737474203,
                0.3278186619281769
            ],
            "segmentation_id": 2,
            "visibility": 0
        },
        {
            "bounding_box_minx_maxx_miny_maxy": [
                -1,
                -1,
                -1,
                -1
            ],
            "class": "Smith",
            "local_cuboid": null,
            "local_to_world_matrix": [
                [
                    0.4297192692756653,
                    0.15894898772239685,
                    0.8888625502586365,
                    0.0
                ],
                [
                    -0.048476602882146835,
                    0.9870260953903198,
                    -0.153066948056221,
                    0.0
                ],
                [
                    -0.9016603827476501,
                    0.022686779499053955,
                    0.4318494200706482,
                    0.0
                ],
                [
                    1.9313411712646484,
                    0.47907590866088867,
                    0.5957239866256714,
                    1.0
                ]
            ],
            "location": [
                -0.47907590866088867,
                0.5957239866256714,
                -1.9313411712646484
            ],
            "location_world": [
                1.9313411712646484,
                0.47907590866088867,
                0.5957239866256714
            ],
            "name": "google_Smith_Hawken_Woven_BasketTray_Organizer_with_3_Compartments_95_x_9_x_13_2",
            "projected_cuboid": [
                [
                    119.02016401290894,
                    -53.72112989425659
                ],
                [
                    30.965551733970642,
                    -42.36304759979248
                ],
                [
                    59.30432677268982,
                    27.985766530036926
                ],
                [
                    136.5954875946045,
                    17.55768060684204
                ],
                [
                    127.86096334457397,
                    36.797285079956055
                ],
                [
                    31.37245774269104,
                    49.955815076828
                ],
                [
                    62.035396695137024,
                    114.09975588321686
                ],
                [
                    145.7493007183075,
                    102.22490131855011
                ],
                [
                    89.93904292583466,
                    31.923234462738037
                ]
            ],
            "provenance": "visii",
            "quaternion_xyzw": [
                -0.15203425288200378,
                0.1614169478416443,
                0.7439213991165161,
                0.6304055452346802
            ],
            "quaternion_xyzw_world": [
                -0.05206659808754921,
                -0.5304378867149353,
                0.061449307948350906,
                0.843889057636261
            ],
            "segmentation_id": 3,
            "visibility": 0
        },
        {
            "bounding_box_minx_maxx_miny_maxy": [
                -1,
                -1,
                -1,
                -1
            ],
            "class": "Paul",
            "local_cuboid": null,
            "local_to_world_matrix": [
                [
                    -0.7036721706390381,
                    -0.16517600417137146,
                    0.6910589933395386,
                    0.0
                ],
                [
                    0.6673558950424194,
                    0.18020325899124146,
                    0.7226083874702454,
                    0.0
                ],
                [
                    -0.24388864636421204,
                    0.9696616530418396,
                    -0.01657283306121826,
                    0.0
                ],
                [
                    0.955723762512207,
                    -0.30436980724334717,
                    0.18401356041431427,
                    1.0
                ]
            ],
            "location": [
                0.30436980724334717,
                0.18401356041431427,
                -0.955723762512207
            ],
            "location_world": [
                0.955723762512207,
                -0.30436980724334717,
                0.18401356041431427
            ],
            "name": "google_Paul_Frank_Dot_Lunch_Box_3",
            "projected_cuboid": [
                [
                    336.97593212127686,
                    67.76058673858643
                ],
                [
                    315.599262714386,
                    27.454733848571777
                ],
                [
                    462.56521344184875,
                    38.885220885276794
                ],
                [
                    495.28229236602783,
                    77.42787897586823
                ],
                [
                    292.6177382469177,
                    218.1054651737213
                ],
                [
                    278.2067358493805,
                    174.5324432849884
                ],
                [
                    401.9957184791565,
                    176.33098363876343
                ],
                [
                    424.41022396087646,
                    217.595636844635
                ],
                [
                    374.9907612800598,
                    131.2379390001297
                ]
            ],
            "provenance": "visii",
            "quaternion_xyzw": [
                0.22286707162857056,
                0.5730496644973755,
                -0.298372358083725,
                -0.7300125360488892
            ],
            "quaternion_xyzw_world": [
                0.1821383237838745,
                0.6892837285995483,
                0.6137784719467163,
                -0.3391011357307434
            ],
            "segmentation_id": 4,
            "visibility": 0
        },
        {
            "bounding_box_minx_maxx_miny_maxy": [
                -1,
                -1,
                -1,
                -1
            ],
            "class": "Toys",
            "local_cuboid": null,
            "local_to_world_matrix": [
                [
                    -0.41887927055358887,
                    0.44396358728408813,
                    0.7921088337898254,
                    0.0
                ],
                [
                    -0.8962815403938293,
                    -0.06220805644989014,
                    -0.4391009211540222,
                    0.0
                ],
                [
                    -0.14566928148269653,
                    -0.8938828110694885,
                    0.42397403717041016,
                    0.0
                ],
                [
                    1.1570463180541992,
                    -0.04865405708551407,
                    0.15280687808990479,
                    1.0
                ]
            ],
            "location": [
                0.04865405708551407,
                0.15280687808990479,
                -1.1570463180541992
            ],
            "location_world": [
                1.1570463180541992,
                -0.04865405708551407,
                0.15280687808990479
            ],
            "name": "google_Toys_R_Us_Treat_Dispenser_Smart_Puzzle_Foobler_4",
            "projected_cuboid": [
                [
                    325.5774974822998,
                    88.7652039527893
                ],
                [
                    341.25858545303345,
                    106.71386122703552
                ],
                [
                    260.90142130851746,
                    146.9452977180481
                ],
                [
                    254.80049848556519,
                    124.68338012695312
                ],
                [
                    355.1552891731262,
                    157.0611298084259
                ],
                [
                    373.6262917518616,
                    182.52938985824585
                ],
                [
                    297.2713112831116,
                    218.9212441444397
                ],
                [
                    287.49796748161316,
                    189.91631269454956
                ],
                [
                    311.737984418869,
                    152.40135788917542
                ]
            ],
            "provenance": "visii",
            "quaternion_xyzw": [
                0.46083295345306396,
                0.4634634256362915,
                0.7121681571006775,
                0.2562249004840851
            ],
            "quaternion_xyzw_world": [
                0.23417656123638153,
                -0.4828812777996063,
                0.6901198029518127,
                0.48551174998283386
            ],
            "segmentation_id": 5,
            "visibility": 0
        },
        {
            "bounding_box_minx_maxx_miny_maxy": [
                -1,
                -1,
                -1,
                -1
            ],
            "class": "Tag",
            "local_cuboid": null,
            "local_to_world_matrix": [
                [
                    0.6596865653991699,
                    -0.351584255695343,
                    -0.6642305254936218,
                    0.0
                ],
                [
                    0.09745641052722931,
                    0.9163818359375,
                    -0.38826096057891846,
                    0.0
                ],
                [
                    0.745195209980011,
                    0.19139701128005981,
                    0.6387889385223389,
                    0.0
                ],
                [
                    1.84699547290802,
                    -0.5211430191993713,
                    0.5885285139083862,
                    1.0
                ]
            ],
            "location": [
                0.5211430191993713,
                0.5885285139083862,
                -1.84699547290802
            ],
            "location_world": [
                1.84699547290802,
                -0.5211430191993713,
                0.5885285139083862
            ],
            "name": "google_Tag_Dishtowel_Basket_Weave_Red_18_x_26_5",
            "projected_cuboid": [
                [
                    454.96320724487305,
                    61.30540370941162
                ],
                [
                    386.14732027053833,
                    91.65392816066742
                ],
                [
                    390.09755849838257,
                    96.52480483055115
                ],
                [
                    459.9056839942932,
                    65.81808626651764
                ],
                [
                    447.69126176834106,
                    11.680781841278076
                ],
                [
                    374.73103404045105,
                    44.51335966587067
                ],
                [
                    378.76325845718384,
                    49.0088015794754
                ],
                [
                    452.84003019332886,
                    15.754342079162598
                ],
                [
                    418.04882884025574,
                    55.348366498947144
                ]
            ],
            "provenance": "visii",
            "quaternion_xyzw": [
                -0.7882004976272583,
                0.5013357400894165,
                0.2699451446533203,
                0.23352093994617462
            ],
            "quaternion_xyzw_world": [
                -0.16164450347423553,
                0.3930351138114929,
                -0.12522032856941223,
                0.8965011835098267
            ],
            "segmentation_id": 6,
            "visibility": 0
        },
        {
            "bounding_box_minx_maxx_miny_maxy": [
                -1,
                -1,
                -1,
                -1
            ],
            "class": "FRACTION",
            "local_cuboid": null,
            "local_to_world_matrix": [
                [
                    0.138491690158844,
                    0.9676373600959778,
                    -0.21094587445259094,
                    0.0
                ],
                [
                    -0.9608145356178284,
                    0.07963436841964722,
                    -0.2655071020126343,
                    0.0
                ],
                [
                    -0.24011600017547607,
                    0.2394503951072693,
                    0.9407485723495483,
                    0.0
                ],
                [
                    1.4920153617858887,
                    0.3638053834438324,
                    0.5656945109367371,
                    1.0
                ]
            ],
            "location": [
                -0.3638053834438324,
                0.5656945109367371,
                -1.4920153617858887
            ],
            "location_world": [
                1.4920153617858887,
                0.3638053834438324,
                0.5656945109367371
            ],
            "name": "google_FRACTION_FUN_n4h4qte23QR_6",
            "projected_cuboid": [
                [
                    78.02541553974152,
                    16.304433345794678
                ],
                [
                    49.264147877693176,
                    7.635518908500671
                ],
                [
                    55.2353709936142,
                    27.031034231185913
                ],
                [
                    83.12669396400452,
                    33.43287110328674
                ],
                [
                    140.9275233745575,
                    -1.6253888607025146
                ],
                [
                    119.95281279087067,
                    -12.810677289962769
                ],
                [
                    125.49325823783875,
                    7.078409194946289
                ],
                [
                    145.686537027359,
                    15.887647867202759
                ],
                [
                    100.19905865192413,
                    11.994689702987671
                ]
            ],
            "provenance": "visii",
            "quaternion_xyzw": [
                -0.12016015499830246,
                0.6045689582824707,
                0.7863302230834961,
                -0.04174816608428955
            ],
            "quaternion_xyzw_world": [
                -0.1718347817659378,
                -0.009926458820700645,
                0.6562435626983643,
                0.7346555590629578
            ],
            "segmentation_id": 7,
            "visibility": 0
        },
        {
            "bounding_box_minx_maxx_miny_maxy": [
                -1,
                -1,
                -1,
                -1
            ],
            "class": "FAIRY",
            "local_cuboid": null,
            "local_to_world_matrix": [
                [
                    -0.9426397085189819,
                    0.3036102056503296,
                    -0.1387484073638916,
                    0.0
                ],
                [
                    0.2263249158859253,
                    0.8868147134780884,
                    0.4029102325439453,
                    0.0
                ],
                [
                    0.24537178874015808,
                    0.34839701652526855,
                    -0.9046614170074463,
                    0.0
                ],
                [
                    1.7143582105636597,
                    -0.33244889974594116,
                    -0.03301038220524788,
                    1.0
                ]
            ],
            "location": [
                0.33244889974594116,
                -0.03301038220524788,
                -1.7143582105636597
            ],
            "location_world": [
                1.7143582105636597,
                -0.33244889974594116,
                -0.03301038220524788
            ],
            "name": "google_FAIRY_TALE_BLOCKS_7",
            "projected_cuboid": [
                [
                    374.46433305740356,
                    363.706111907959
                ],
                [
                    285.66840291023254,
                    321.32425904273987
                ],
                [
                    315.7040476799011,
                    248.8488405942917
                ],
                [
                    408.7519943714142,
                    289.9368405342102
                ],
                [
                    383.26549530029297,
                    338.2149934768677
                ],
                [
                    305.0192594528198,
                    301.7984926700592
                ],
                [
                    331.85485005378723,
                    237.84413933753967
                ],
                [
                    413.37430477142334,
                    273.2371687889099
                ],
                [
                    351.69899463653564,
                    296.46074771881104
                ]
            ],
            "provenance": "visii",
            "quaternion_xyzw": [
                -0.3670324683189392,
                0.6985507011413574,
                -0.4047617018222809,
                -0.4620411992073059
            ],
            "quaternion_xyzw_world": [
                0.1371193677186966,
                0.9661930203437805,
                0.19439885020256042,
                0.09939012676477432
            ],
            "segmentation_id": 8,
            "visibility": 0
        },
        {
            "bounding_box_minx_maxx_miny_maxy": [
                484,
                499,
                418,
                491
            ],
            "class": "Great",
            "local_cuboid": null,
            "local_to_world_matrix": [
                [
                    -0.4531182050704956,
                    0.38761061429977417,
                    0.8027714490890503,
                    0.0
                ],
                [
                    0.5351133346557617,
                    -0.60196852684021,
                    0.592695415019989,
                    0.0
                ],
                [
                    0.7129780054092407,
                    0.69813472032547,
                    0.06534719467163086,
                    0.0
                ],
                [
                    1.4202066659927368,
                    -0.6619477868080139,
                    -0.4436020255088806,
                    1.0
                ]
            ],
            "location": [
                0.6619477868080139,
                -0.4436020255088806,
                -1.4202066659927368
            ],
            "location_world": [
                1.4202066659927368,
                -0.6619477868080139,
                -0.4436020255088806
            ],
            "name": "google_Great_Jones_Wingtip_kAqSg6EgG0I_8",
            "projected_cuboid": [
                [
                    452.4267017841339,
                    459.78713035583496
                ],
                [
                    503.44401597976685,
                    365.75809121131897
                ],
                [
                    549.7612953186035,
                    375.1416206359863
                ],
                [
                    501.4859437942505,
                    476.1793613433838
                ],
                [
                    463.3905589580536,
                    489.81064558029175
                ],
                [
                    511.67356967926025,
                    395.61185240745544
                ],
                [
                    556.9003224372864,
                    406.2695503234863
                ],
                [
                    511.2869143486023,
                    507.38394260406494
                ],
                [
                    507.10010528564453,
                    431.7801594734192
                ]
            ],
            "provenance": "visii",
            "quaternion_xyzw": [
                0.42798131704330444,
                0.820561408996582,
                -0.14312338829040527,
                -0.3507515788078308
            ],
            "quaternion_xyzw_world": [
                0.5204572677612305,
                0.44322752952575684,
                0.728085458278656,
                -0.05064745619893074
            ],
            "segmentation_id": 9,
            "visibility": 1
        },
        {
            "bounding_box_minx_maxx_miny_maxy": [
                -1,
                -1,
                -1,
                -1
            ],
            "class": "Ecoforms",
            "local_cuboid": null,
            "local_to_world_matrix": [
                [
                    -0.7092815637588501,
                    0.3538936674594879,
                    -0.6096547842025757,
                    0.0
                ],
                [
                    0.08395081758499146,
                    0.9011015295982361,
                    0.4254036247730255,
                    0.0
                ],
                [
                    0.6999084949493408,
                    0.25054994225502014,
                    -0.6688443422317505,
                    0.0
                ],
                [
                    1.8066973686218262,
                    -0.47318363189697266,
                    -0.13886843621730804,
                    1.0
                ]
            ],
            "location": [
                0.47318363189697266,
                -0.13886843621730804,
                -1.8066973686218262
            ],
            "location_world": [
                1.8066973686218262,
                -0.47318363189697266,
                -0.13886843621730804
            ],
            "name": "google_Ecoforms_Plant_Container_Quadra_Sand_QP6_9",
            "projected_cuboid": [
                [
                    407.6353907585144,
                    364.22693729400635
                ],
                [
                    350.84623098373413,
                    337.0765149593353
                ],
                [
                    372.23994731903076,
                    304.0183186531067
                ],
                [
                    433.09545516967773,
                    332.7137529850006
                ],
                [
                    417.40018129348755,
                    321.15450501441956
                ],
                [
                    364.36641216278076,
                    296.18048667907715
                ],
                [
                    385.0727677345276,
                    262.9307806491852
                ],
                [
                    441.63545966148376,
                    289.1988754272461
                ],
                [
                    396.2542414665222,
                    313.13058733940125
                ]
            ],
            "provenance": "visii",
            "quaternion_xyzw": [
                -0.4797424376010895,
                0.7872747182846069,
                -0.2390509843826294,
                -0.30479562282562256
            ],
            "quaternion_xyzw_world": [
                0.12089382112026215,
                0.905431866645813,
                0.18663844466209412,
                0.36158525943756104
            ],
            "segmentation_id": 10,
            "visibility": 0
        },
        {
            "bounding_box_minx_maxx_miny_maxy": [
                -1,
                -1,
                -1,
                -1
            ],
            "class": "ReadytoUse",
            "local_cuboid": null,
            "local_to_world_matrix": [
                [
                    0.06783372163772583,
                    -0.9512855410575867,
                    -0.30075621604919434,
                    0.0
                ],
                [
                    0.9965384602546692,
                    0.07912367582321167,
                    -0.02550339698791504,
                    0.0
                ],
                [
                    0.048057928681373596,
                    -0.29798513650894165,
                    0.9533600211143494,
                    0.0
                ],
                [
                    1.0721473693847656,
                    -0.06739234924316406,
                    -0.6743311882019043,
                    1.0
                ]
            ],
            "location": [
                0.06739234924316406,
                -0.6743311882019043,
                -1.0721473693847656
            ],
            "location_world": [
                1.0721473693847656,
                -0.06739234924316406,
                -0.6743311882019043
            ],
            "name": "google_ReadytoUse_Rolled_Fondant_Pure_White_24_oz_box_10",
            "projected_cuboid": [
                [
                    350.940465927124,
                    552.4606704711914
                ],
                [
                    344.3683385848999,
                    539.7891998291016
                ],
                [
                    317.5055980682373,
                    630.0897598266602
                ],
                [
                    322.87806272506714,
                    647.0618844032288
                ],
                [
                    285.2998077869415,
                    533.8313579559326
                ],
                [
                    281.5980911254883,
                    521.8935012817383
                ],
                [
                    254.06667590141296,
                    612.7434968948364
                ],
                [
                    256.5055787563324,
                    629.0361881256104
                ],
                [
                    301.77009105682373,
                    583.0585360527039
                ]
            ],
            "provenance": "visii",
            "quaternion_xyzw": [
                -0.7114855647087097,
                0.1334812045097351,
                -0.08087003976106644,
                0.6851503849029541
            ],
            "quaternion_xyzw_world": [
                0.09400803595781326,
                0.12034321576356888,
                -0.6720123887062073,
                0.7246235609054565
            ],
            "segmentation_id": 11,
            "visibility": 0
        },
        {
            "bounding_box_minx_maxx_miny_maxy": [
                -1,
                -1,
                -1,
                -1
            ],
            "class": "Dog",
            "local_cuboid": null,
            "local_to_world_matrix": [
                [
                    0.28015053272247314,
                    -0.8532016277313232,
                    0.43995755910873413,
                    0.0
                ],
                [
                    0.9213006496429443,
                    0.11022210121154785,
                    -0.37290239334106445,
                    0.0
                ],
                [
                    0.2696678638458252,
                    0.509801983833313,
                    0.8169339895248413,
                    0.0
                ],
                [
                    1.0207799673080444,
                    0.4554176926612854,
                    0.39078837633132935,
                    1.0
                ]
            ],
            "location": [
                -0.4554176926612854,
                0.39078837633132935,
                -1.0207799673080444
            ],
            "location_world": [
                1.0207799673080444,
                0.4554176926612854,
                0.39078837633132935
            ],
            "name": "google_Dog_11",
            "projected_cuboid": [
                [
                    -13.143360614776611,
                    -127.89732217788696
                ],
                [
                    14.28021490573883,
                    -38.534075021743774
                ],
                [
                    56.94267153739929,
                    34.033969044685364
                ],
                [
                    35.55002808570862,
                    -47.44020104408264
                ],
                [
                    -155.77390789985657,
                    -89.21056985855103
                ],
                [
                    -105.10683059692383,
                    -0.5792379379272461
                ],
                [
                    -65.83189964294434,
                    78.27191054821014
                ],
                [
                    -112.05920577049255,
                    -0.6673038005828857
                ],
                [
                    -40.150195360183716,
                    -22.220075130462646
                ]
            ],
            "provenance": "visii",
            "quaternion_xyzw": [
                -0.7899006009101868,
                -0.10435980558395386,
                0.250016450881958,
                0.5501434803009033
            ],
            "quaternion_xyzw_world": [
                -0.29706668853759766,
                -0.057309553027153015,
                -0.597193717956543,
                0.7428503632545471
            ],
            "segmentation_id": 12,
            "visibility": 0
        },
        {
            "bounding_box_minx_maxx_miny_maxy": [
                -1,
                -1,
                -1,
                -1
            ],
            "class": "Black",
            "local_cuboid": null,
            "local_to_world_matrix": [
                [
                    -0.02689361572265625,
                    0.3096016049385071,
                    -0.9504859447479248,
                    0.0
                ],
                [
                    -0.39488112926483154,
                    -0.8767900466918945,
                    -0.27442359924316406,
                    0.0
                ],
                [
                    -0.9183385372161865,
                    0.3679487705230713,
                    0.14583587646484375,
                    0.0
                ],
                [
                    0.8101001977920532,
                    -0.5574972629547119,
                    -0.4248654544353485,
                    1.0
                ]
            ],
            "location": [
                0.5574972629547119,
                -0.4248654544353485,
                -0.8101001977920532
            ],
            "location_world": [
                0.8101001977920532,
                -0.5574972629547119,
                -0.4248654544353485
            ],
            "name": "google_Black_Elderberry_Syrup_54_oz_Gaia_Herbs_12",
            "projected_cuboid": [
                [
                    661.912739276886,
                    620.9843754768372
                ],
                [
                    723.443865776062,
                    648.7439274787903
                ],
                [
                    684.7488880157471,
                    598.141074180603
                ],
                [
                    634.304940700531,
                    576.325535774231
                ],
                [
                    676.4832735061646,
                    572.6063251495361
                ],
                [
                    738.3830547332764,
                    598.6067652702332
                ],
                [
                    697.271466255188,
                    556.4612150192261
                ],
                [
                    646.5665102005005,
                    535.868763923645
                ],
                [
                    680.9173226356506,
                    586.3044261932373
                ]
            ],
            "provenance": "visii",
            "quaternion_xyzw": [
                -0.10780014842748642,
                0.17090895771980286,
                0.7909430265426636,
                -0.5775624513626099
            ],
            "quaternion_xyzw_world": [
                -0.6526983380317688,
                0.0326642245054245,
                0.7158071398735046,
                0.24604488909244537
            ],
            "segmentation_id": 13,
            "visibility": 0
        },
        {
            "bounding_box_minx_maxx_miny_maxy": [
                -1,
                -1,
                -1,
                -1
            ],
            "class": "Razer",
            "local_cuboid": null,
