{
    "camera_data": {
        "camera_look_at": {
            "at": [
                1.0,
                0.0,
                0.0
            ],
            "eye": [
                0.0,
                0.0,
                0.0
            ],
            "up": [
                0.0,
                0.0,
                1.0
            ]
        },
        "camera_view_matrix": [
            [
                0.0,
                0.0,
                -1.0,
                0.0
            ],
            [
                -1.0,
                0.0,
                0.0,
                0.0
            ],
            [
                0.0,
                1.0,
                0.0,
                0.0
            ],
            [
                0.0,
                0.0,
                0.0,
                1.0
            ]
        ],
        "height": 500,
        "intrinsics": {
            "cx": 250.0,
            "cy": 250.0,
            "fx": 603.5535278320312,
            "fy": 603.5535278320312
        },
        "location_world": [
            0.0,
            0.0,
            0.0
        ],
        "quaternion_world_xyzw": [
            0.5,
            -0.5,
            -0.5,
            0.5
        ],
        "width": 500
    },
    "objects": [
        {
            "bounding_box_minx_maxx_miny_maxy": [
                472,
                499,
                440,
                500
            ],
            "class": "Reebok",
            "local_cuboid": null,
            "local_to_world_matrix": [
                [
                    -0.7316000461578369,
                    -0.6625443696975708,
                    0.16061264276504517,
                    0.0
                ],
                [
                    0.1912321299314499,
                    -0.4255788326263428,
                    -0.8844846487045288,
                    0.0
                ],
                [
                    0.6543636322021484,
                    -0.6163746118545532,
                    0.4380531907081604,
                    0.0
                ],
                [
                    1.782666802406311,
                    -0.7300992608070374,
                    -0.716999888420105,
                    1.0
                ]
            ],
            "location": [
                0.7300992608070374,
                -0.716999888420105,
                -1.782666802406311
            ],
            "location_world": [
                1.782666802406311,
                -0.7300992608070374,
                -0.716999888420105
            ],
            "name": "google_Reebok_SOMERSET_RUN_0",
            "projected_cuboid": [
                [
                    511.99233531951904,
                    427.98399925231934
                ],
                [
                    544.7832345962524,
                    507.24953413009644
                ],
                [
                    533.0296754837036,
                    535.6444120407104
                ],
                [
                    498.40080738067627,
                    453.79161834716797
                ],
                [
                    476.3246774673462,
                    425.9777069091797
                ],
                [
                    508.74650478363037,
                    501.90651416778564
                ],
                [
                    496.03861570358276,
                    528.8161039352417
                ],
                [
                    461.84924244880676,
                    450.51389932632446
                ],
                [
                    503.8783550262451,
                    479.26634550094604
                ]
            ],
            "provenance": "visii",
            "quaternion_xyzw": [
                0.8946217894554138,
                0.1638098508119583,
                0.3766884207725525,
                -0.17585234344005585
            ],
            "quaternion_xyzw_world": [
                0.2529454529285431,
                -0.4658240079879761,
                0.8054862022399902,
                -0.2649879455566406
            ],
            "segmentation_id": 1,
            "visibility": 1
        },
        {
            "bounding_box_minx_maxx_miny_maxy": [
                150,
                180,
                457,
                493
            ],
            "class": "Breyer",
            "local_cuboid": null,
            "local_to_world_matrix": [
                [
                    -0.8290573358535767,
                    0.4888298809528351,
                    -0.2714959681034088,
                    0.0
                ],
                [
                    0.5320740938186646,
                    0.8389573097229004,
                    -0.11422744393348694,
                    0.0
                ],
                [
                    0.17193573713302612,
                    -0.23915699124336243,
                    -0.9556374549865723,
                    0.0
                ],
                [
                    1.7936094999313354,
                    0.23337140679359436,
                    -0.577742874622345,
                    1.0
                ]
            ],
            "location": [
                -0.23337140679359436,
                -0.577742874622345,
                -1.7936094999313354
            ],
            "location_world": [
                1.7936094999313354,
                0.23337140679359436,
                -0.577742874622345
            ],
            "name": "google_Breyer_Horse_Of_The_Year_2015_1",
            "projected_cuboid": [
                [
                    167.0500934123993,
                    515.7667398452759
                ],
                [
                    151.73804759979248,
                    513.3661031723022
                ],
                [
                    137.33786344528198,
                    465.8985137939453
                ],
                [
                    152.6269018650055,
                    467.47156977653503
                ],
                [
                    211.25087141990662,
                    469.0883159637451
                ],
                [
                    196.7548131942749,
                    467.6668345928192
                ],
                [
                    184.42359566688538,
                    424.33834075927734
                ],
                [
                    198.92138242721558,
                    425.07076263427734
                ],
                [
                    176.20746791362762,
                    467.57596731185913
                ]
            ],
            "provenance": "visii",
            "quaternion_xyzw": [
                -0.44646766781806946,
                0.6217994689941406,
                -0.5981475114822388,
                -0.23717458546161652
            ],
            "quaternion_xyzw_world": [
                0.2681523859500885,
                0.9517946243286133,
                -0.09282056242227554,
                0.116472527384758
            ],
            "segmentation_id": 2,
            "visibility": 1
        },
        {
            "bounding_box_minx_maxx_miny_maxy": [
                0,
                54,
                15,
                105
            ],
            "class": "Smith",
            "local_cuboid": null,
            "local_to_world_matrix": [
                [
                    0.18436354398727417,
                    0.10056514292955399,
                    0.9776997566223145,
                    0.0
                ],
                [
                    -0.31525760889053345,
                    0.9482415318489075,
                    -0.038087397813797,
                    0.0
                ],
                [
                    -0.930925726890564,
                    -0.3012053370475769,
                    0.20652508735656738,
                    0.0
                ],
                [
                    1.9519283771514893,
                    0.7560533285140991,
                    0.6229191422462463,
                    1.0
                ]
            ],
            "location": [
                -0.7560533285140991,
                0.6229191422462463,
                -1.9519283771514893
            ],
            "location_world": [
                1.9519283771514893,
                0.7560533285140991,
                0.6229191422462463
            ],
            "name": "google_Smith_Hawken_Woven_BasketTray_Organizer_with_3_Compartments_95_x_9_x_13_2",
            "projected_cuboid": [
                [
                    56.58827722072601,
                    -42.13777184486389
                ],
                [
                    -39.600640535354614,
                    -52.63492465019226
                ],
                [
                    -27.47058868408203,
                    3.506690263748169
                ],
                [
                    56.35727941989899,
                    10.459154844284058
                ],
                [
                    61.87111139297485,
                    71.00251317024231
                ],
                [
                    -37.98261284828186,
                    65.71552157402039
                ],
                [
                    -25.638610124588013,
                    108.08491706848145
                ],
                [
                    60.95798313617706,
                    110.94236373901367
                ],
                [
                    14.321848750114441,
                    35.07998585700989
                ]
            ],
            "provenance": "visii",
            "quaternion_xyzw": [
                0.0406094491481781,
                0.1813504993915558,
                0.7193014621734619,
                0.6693790555000305
            ],
            "quaternion_xyzw_world": [
                0.08601877838373184,
                -0.6239697337150574,
                0.13594117760658264,
                0.7647107839584351
            ],
            "segmentation_id": 3,
            "visibility": 1
        },
        {
            "bounding_box_minx_maxx_miny_maxy": [
                -1,
                -1,
                -1,
                -1
            ],
            "class": "Paul",
            "local_cuboid": null,
            "local_to_world_matrix": [
                [
                    -0.11123645305633545,
                    -0.7397801280021667,
                    0.6635903120040894,
                    0.0
                ],
                [
                    0.5536423325538635,
                    -0.6006474494934082,
                    -0.5768043398857117,
                    0.0
                ],
                [
                    0.8252919912338257,
                    0.3032301068305969,
                    0.4763872027397156,
                    0.0
                ],
                [
                    0.6530796885490417,
                    0.4672926664352417,
                    0.46588134765625,
                    1.0
                ]
            ],
            "location": [
                -0.4672926664352417,
                0.46588134765625,
                -0.6530796885490417
            ],
            "location_world": [
                0.6530796885490417,
                0.4672926664352417,
                0.46588134765625
            ],
            "name": "google_Paul_Frank_Dot_Lunch_Box_3",
            "projected_cuboid": [
                [
                    -106.30261898040771,
                    -274.53553676605225
                ],
                [
                    -36.029815673828125,
                    -194.37673687934875
                ],
                [
                    -54.44854497909546,
                    -221.88395261764526
                ],
                [
                    -148.64638447761536,
                    -329.9714922904968
                ],
                [
                    -235.54760217666626,
                    -128.77315282821655
                ],
                [
                    -158.90443325042725,
                    -61.05327606201172
                ],
                [
                    -210.2833092212677,
                    -50.80235004425049
                ],
                [
                    -314.75305557250977,
                    -137.8953754901886
                ],
                [
                    -154.73631024360657,
                    -170.32170295715332
                ]
            ],
            "provenance": "visii",
            "quaternion_xyzw": [
                0.8862670063972473,
                0.356618732213974,
                -0.05415800213813782,
                -0.29055288434028625
            ],
            "quaternion_xyzw_world": [
                0.5032454133033752,
                -0.09246868640184402,
                0.7396402955055237,
                -0.4371795654296875
            ],
            "segmentation_id": 4,
            "visibility": 0
        },
        {
            "bounding_box_minx_maxx_miny_maxy": [
                68,
                130,
                50,
                113
            ],
            "class": "Toys",
            "local_cuboid": null,
            "local_to_world_matrix": [
                [
                    -0.9351974725723267,
                    -0.026692576706409454,
                    0.3531193435192108,
                    0.0
                ],
                [
                    -0.11332235485315323,
                    0.9672781825065613,
                    -0.22700439393520355,
                    0.0
                ],
                [
                    -0.33550527691841125,
                    -0.25231024622917175,
                    -0.907620906829834,
                    0.0
                ],
                [
                    1.5383692979812622,
                    0.3953149914741516,
                    0.49187371134757996,
                    1.0
                ]
            ],
            "location": [
                -0.3953149914741516,
                0.49187371134757996,
                -1.5383692979812622
            ],
            "location_world": [
                1.5383692979812622,
                0.3953149914741516,
                0.49187371134757996
            ],
            "name": "google_Toys_R_Us_Treat_Dispenser_Smart_Puzzle_Foobler_4",
            "projected_cuboid": [
                [
                    131.21581077575684,
                    81.47755265235901
                ],
                [
                    65.83094596862793,
                    94.38586235046387
                ],
                [
                    56.302011013031006,
                    42.20026731491089
                ],
                [
                    119.51690912246704,
                    30.359819531440735
                ],
                [
                    140.58762788772583,
                    118.05932223796844
                ],
                [
                    81.40984177589417,
                    130.17450273036957
                ],
                [
                    72.24085927009583,
                    81.55213296413422
                ],
                [
                    129.63604927062988,
                    70.34581899642944
                ],
                [
                    99.98618066310883,
                    81.51708543300629
                ]
            ],
            "provenance": "visii",
            "quaternion_xyzw": [
                -0.47911158204078674,
                0.3204675614833832,
                -0.6196404695510864,
                -0.5327272415161133
            ],
            "quaternion_xyzw_world": [
                -0.035865455865859985,
                0.9759734272956848,
                -0.12277860194444656,
                -0.1763942986726761
            ],
            "segmentation_id": 5,
            "visibility": 1
        },
        {
            "bounding_box_minx_maxx_miny_maxy": [
                388,
                458,
                1,
                34
            ],
            "class": "Tag",
            "local_cuboid": null,
            "local_to_world_matrix": [
                [
                    -0.7327401638031006,
                    -0.6804860830307007,
                    0.005517750978469849,
                    0.0
                ],
                [
                    0.20644469559192657,
                    -0.21455669403076172,
                    0.9546443223953247,
                    0.0
                ],
                [
                    -0.6484383344650269,
                    0.7006454467773438,
                    0.29769718647003174,
                    0.0
                ],
                [
                    1.413561224937439,
                    -0.4261442720890045,
                    0.6189450621604919,
                    1.0
                ]
            ],
            "location": [
                0.4261442720890045,
                0.6189450621604919,
                -1.413561224937439
            ],
            "location_world": [
                1.413561224937439,
                -0.4261442720890045,
                0.6189450621604919
            ],
            "name": "google_Tag_Dishtowel_Basket_Weave_Red_18_x_26_5",
            "projected_cuboid": [
                [
                    451.0684311389923,
                    10.135054588317871
                ],
                [
                    466.22514724731445,
                    -80.58813214302063
                ],
                [
                    473.3888804912567,
                    -70.60182094573975
                ],
                [
                    458.7498903274536,
                    18.938392400741577
                ],
                [
                    384.5055103302002,
                    31.496703624725342
                ],
                [
                    400.5476236343384,
                    -52.25074291229248
                ],
                [
                    408.10418128967285,
                    -43.52301359176636
                ],
                [
                    392.56203174591064,
                    39.21012580394745
                ],
                [
                    428.0877709388733,
                    -18.565475940704346
                ]
            ],
            "provenance": "visii",
            "quaternion_xyzw": [
                0.13910719752311707,
                0.39551228284835815,
                0.057679854333400726,
                -0.9060310125350952
            ],
            "quaternion_xyzw_world": [
                -0.21454568207263947,
                0.5523781180381775,
                0.7491651773452759,
                -0.2959730327129364
            ],
            "segmentation_id": 6,
            "visibility": 1
        },
        {
            "bounding_box_minx_maxx_miny_maxy": [
                460,
                499,
                1,
                44
            ],
            "class": "FRACTION",
            "local_cuboid": null,
            "local_to_world_matrix": [
                [
                    0.5161075592041016,
                    -0.854890763759613,
                    -0.052865445613861084,
                    0.0
                ],
                [
                    -0.30983883142471313,
                    -0.24388182163238525,
                    0.9189785718917847,
                    0.0
                ],
                [
                    -0.7985191941261292,
                    -0.45791199803352356,
                    -0.3907475471496582,
                    0.0
                ],
                [
                    1.7272379398345947,
                    -0.6859463453292847,
                    0.6502581834793091,
                    1.0
                ]
            ],
            "location": [
                0.6859463453292847,
                0.6502581834793091,
                -1.7272379398345947
            ],
            "location_world": [
                1.7272379398345947,
                -0.6859463453292847,
                0.6502581834793091
            ],
            "name": "google_FRACTION_FUN_n4h4qte23QR_6",
            "projected_cuboid": [
                [
                    508.8682174682617,
                    64.967080950737
                ],
                [
                    534.0486168861389,
                    -2.7979016304016113
                ],
                [
                    521.408200263977,
                    -3.6513805389404297
                ],
                [
                    497.1276521682739,
                    62.826305627822876
                ],
                [
                    468.90875697135925,
                    51.65266990661621
                ],
                [
                    494.0488934516907,
                    -20.382016897201538
                ],
                [
                    481.5632700920105,
                    -20.9101140499115
                ],
                [
                    457.36435055732727,
                    49.67088997364044
                ],
                [
                    495.6710934638977,
                    23.46062660217285
                ]
            ],
            "provenance": "visii",
            "quaternion_xyzw": [
                0.18533284962177277,
                0.2576667070388794,
                -0.07850140333175659,
                0.9450381398200989
            ],
            "quaternion_xyzw_world": [
                0.7332695722579956,
                -0.39710143208503723,
                -0.29027000069618225,
                0.46943530440330505
            ],
            "segmentation_id": 7,
            "visibility": 1
        },
        {
            "bounding_box_minx_maxx_miny_maxy": [
                -1,
                -1,
                -1,
                -1
            ],
            "class": "FAIRY",
            "local_cuboid": null,
            "local_to_world_matrix": [
                [
                    0.3857898712158203,
                    -0.6628804206848145,
                    -0.6416822671890259,
                    0.0
                ],
                [
                    -0.921954870223999,
                    -0.3027416467666626,
                    -0.24155201017856598,
                    0.0
                ],
                [
                    -0.03414371609687805,
                    0.6847902536392212,
                    -0.7279404401779175,
                    0.0
                ],
                [
                    0.5006796717643738,
                    -0.45891186594963074,
                    0.37126919627189636,
                    1.0
                ]
            ],
            "location": [
                0.45891186594963074,
                0.37126919627189636,
                -0.5006796717643738
            ],
            "location_world": [
                0.5006796717643738,
                -0.45891186594963074,
                0.37126919627189636
            ],
            "name": "google_FAIRY_TALE_BLOCKS_7",
            "projected_cuboid": [
                [
                    567.1921968460083,
                    103.55168581008911
                ],
                [
                    867.7951097488403,
                    110.36582291126251
                ],
                [
                    1072.9341506958008,
                    -116.93361401557922
                ],
                [
                    701.0304927825928,
                    -40.885478258132935
                ],
                [
                    446.03341817855835,
                    -90.0602638721466
                ],
                [
                    743.9113259315491,
                    -227.52788662910461
                ],
                [
                    1011.1219882965088,
                    -512.6691460609436
                ],
                [
                    603.7037372589111,
                    -255.9223771095276
                ],
                [
                    714.976966381073,
                    -101.58911347389221
                ]
            ],
            "provenance": "visii",
            "quaternion_xyzw": [
                0.6837925314903259,
                -0.12391943484544754,
                -0.3914127051830292,
                0.6032148003578186
            ],
            "quaternion_xyzw_world": [
                0.7772502899169922,
                -0.5097570419311523,
                -0.2173772007226944,
                -0.2979549467563629
            ],
            "segmentation_id": 8,
            "visibility": 0
        },
        {
            "bounding_box_minx_maxx_miny_maxy": [
                481,
                499,
                81,
                151
            ],
            "class": "Great",
            "local_cuboid": null,
            "local_to_world_matrix": [
                [
                    0.3784533143043518,
                    0.8921287059783936,
                    -0.24673765897750854,
                    0.0
                ],
                [
                    0.3044896423816681,
                    -0.3717193603515625,
                    -0.8769896030426025,
                    0.0
                ],
                [
                    -0.8741047978401184,
                    0.2567705810070038,
                    -0.41232240200042725,
                    0.0
                ],
                [
                    1.7889866828918457,
                    -0.758152425289154,
                    0.40665706992149353,
                    1.0
                ]
            ],
            "location": [
                0.758152425289154,
                0.40665706992149353,
                -1.7889866828918457
            ],
            "location_world": [
                1.7889866828918457,
                -0.758152425289154,
                0.40665706992149353
            ],
            "name": "google_Great_Jones_Wingtip_kAqSg6EgG0I_8",
            "projected_cuboid": [
                [
                    475.4909873008728,
                    74.74420964717865
                ],
                [
                    503.12232971191406,
                    178.1531572341919
                ],
                [
                    499.0638494491577,
                    166.7606681585312
                ],
                [
                    472.77235984802246,
                    68.57064366340637
                ],
                [
                    518.2981491088867,
                    59.97301638126373
                ],
                [
                    544.2373752593994,
                    166.73673689365387
                ],
                [
                    537.8332138061523,
                    155.7052731513977
                ],
                [
                    513.039231300354,
                    54.502010345458984
                ],
                [
                    508.0270767211914,
                    116.99742078781128
                ]
            ],
            "provenance": "visii",
            "quaternion_xyzw": [
                0.1664002239704132,
                0.18777267634868622,
                -0.9543614387512207,
                0.16200806200504303
            ],
            "quaternion_xyzw_world": [
                0.7352712154388428,
                0.40686291456222534,
                -0.38109830021858215,
                -0.3854904770851135
            ],
            "segmentation_id": 9,
            "visibility": 1
        },
        {
            "bounding_box_minx_maxx_miny_maxy": [
                428,
                462,
                21,
                94
            ],
            "class": "Ecoforms",
            "local_cuboid": null,
            "local_to_world_matrix": [
                [
                    -0.8988547325134277,
                    0.4259575605392456,
                    0.10305473208427429,
                    0.0
                ],
                [
                    0.13429127633571625,
                    0.043871164321899414,
                    0.9899702668190002,
                    0.0
                ],
                [
                    0.41716423630714417,
                    0.903678834438324,
                    -0.09663617610931396,
                    0.0
                ],
                [
                    1.8306857347488403,
                    -0.7320091128349304,
                    0.6260556578636169,
                    1.0
                ]
            ],
            "location": [
                0.7320091128349304,
                0.6260556578636169,
                -1.8306857347488403
            ],
            "location_world": [
                1.8306857347488403,
                -0.7320091128349304,
                0.6260556578636169
            ],
            "name": "google_Ecoforms_Plant_Container_Quadra_Sand_QP6_9",
            "projected_cuboid": [
                [
                    431.931734085083,
                    74.07522201538086
                ],
                [
                    426.63732171058655,
                    14.395222067832947
                ],
                [
                    485.9868288040161,
                    -0.6180703639984131
                ],
                [
                    492.3707842826843,
                    61.26248836517334
                ],
                [
                    440.954327583313,
                    95.32356262207031
                ],
                [
                    435.99778413772583,
                    40.47948122024536
                ],
                [
                    490.42433500289917,
                    27.748465538024902
                ],
                [
                    496.29396200180054,
                    84.44729447364807
                ],
                [
                    462.1680974960327,
                    50.12771487236023
                ]
            ],
            "provenance": "visii",
            "quaternion_xyzw": [
                0.017580896615982056,
                0.8415895700454712,
                -0.06859858334064484,
                -0.535455048084259
            ],
            "quaternion_xyzw_world": [
                0.19615700840950012,
                0.7140311598777771,
                0.6630134582519531,
                0.10997752100229263
            ],
            "segmentation_id": 10,
            "visibility": 1
        },
        {
            "bounding_box_minx_maxx_miny_maxy": [
                476,
                499,
                290,
                318
            ],
            "class": "ReadytoUse",
            "local_cuboid": null,
            "local_to_world_matrix": [
                [
                    0.2794345021247864,
                    0.15196532011032104,
                    -0.9480626583099365,
                    0.0
                ],
                [
                    -0.392433762550354,
                    0.9192346334457397,
                    0.031677499413490295,
                    0.0
                ],
                [
                    0.8763059377670288,
                    0.36320000886917114,
                    0.3165021538734436,
                    0.0
                ],
                [
                    1.8250651359558105,
                    -0.8306610584259033,
                    -0.21845050156116486,
                    1.0
                ]
            ],
            "location": [
                0.8306610584259033,
                -0.21845050156116486,
                -1.8250651359558105
            ],
            "location_world": [
                1.8250651359558105,
                -0.8306610584259033,
                -0.21845050156116486
            ],
            "name": "google_ReadytoUse_Rolled_Fondant_Pure_White_24_oz_box_10",
            "projected_cuboid": [
                [
                    486.290842294693,
                    317.4092173576355
                ],
                [
                    474.8275876045227,
                    317.5911605358124
                ],
                [
                    513.1388902664185,
                    340.6257927417755
                ],
                [
                    525.1182913780212,
                    340.18948674201965
                ],
                [
                    496.05679512023926,
                    283.1505239009857
                ],
                [
                    484.48997735977173,
                    282.9963266849518
                ],
                [
                    524.3197679519653,
                    303.62334847450256
                ],
                [
                    536.4047288894653,
                    303.57131361961365
                ],
                [
                    504.2986273765564,
                    310.88122725486755
                ]
            ],
            "provenance": "visii",
            "quaternion_xyzw": [
                -0.6505119800567627,
                0.7176260948181152,
                0.24697259068489075,
                -0.02918146550655365
            ],
            "quaternion_xyzw_world": [
                -0.10451997071504593,
                0.5751734375953674,
                0.17163410782814026,
                0.7929645776748657
            ],
            "segmentation_id": 11,
            "visibility": 1
        },
        {
            "bounding_box_minx_maxx_miny_maxy": [
                0,
                44,
                1,
                40
            ],
            "class": "Dog",
            "local_cuboid": null,
            "local_to_world_matrix": [
                [
                    0.008378028869628906,
                    0.46647876501083374,
                    -0.8844927549362183,
                    0.0
                ],
                [
                    0.12064677476882935,
                    0.8775907754898071,
                    0.4639814496040344,
                    0.0
                ],
                [
                    0.9926601648330688,
                    -0.11059843003749847,
                    -0.048926711082458496,
                    0.0
                ],
                [
                    1.6084932088851929,
                    0.6628260016441345,
                    0.7251611948013306,
                    1.0
                ]
            ],
            "location": [
                -0.6628260016441345,
                0.7251611948013306,
                -1.6084932088851929
            ],
            "location_world": [
                1.6084932088851929,
                0.6628260016441345,
                0.7251611948013306
            ],
            "name": "google_Dog_11",
            "projected_cuboid": [
                [
                    43.396979570388794,
                    59.22168493270874
                ],
                [
                    -8.26352834701538,
                    32.915785908699036
                ],
                [
                    -47.98737168312073,
                    2.7933269739151
                ],
                [
                    9.50804352760315,
                    31.931355595588684
                ],
                [
                    79.57670092582703,
                    -10.010004043579102
                ],
                [
                    27.413740754127502,
                    -35.48821806907654
                ],
                [
                    -7.998675107955933,
                    -74.00456070899963
                ],
                [
                    50.129249691963196,
                    -45.91140151023865
                ],
                [
                    19.033223390579224,
                    -3.9333701133728027
                ]
            ],
            "provenance": "visii",
            "quaternion_xyzw": [
                -0.5153154134750366,
                0.8548567891120911,
                -0.049591176211833954,
                0.03479427844285965
            ],
            "quaternion_xyzw_world": [
                0.21196340024471283,
                0.6924845576286316,
                0.12757794559001923,
                0.6776876449584961
            ],
            "segmentation_id": 12,
            "visibility": 1
        },
        {
            "bounding_box_minx_maxx_miny_maxy": [
                444,
                499,
                240,
                305
            ],
            "class": "Black",
            "local_cuboid": null,
            "local_to_world_matrix": [
                [
                    -0.947651743888855,
                    -0.29072636365890503,
                    0.13203901052474976,
                    0.0
                ],
                [
                    0.03526647388935089,
                    -0.5062868595123291,
                    -0.8616436719894409,
                    0.0
                ],
                [
                    0.31735214591026306,
                    -0.8118816614151001,
                    0.4900365471839905,
                    0.0
                ],
                [
                    0.9878530502319336,
                    -0.34569090604782104,
                    -0.06633926182985306,
                    1.0
                ]
            ],
            "location": [
                0.34569090604782104,
                -0.06633926182985306,
                -0.9878530502319336
            ],
            "location_world": [
                0.9878530502319336,
                -0.34569090604782104,
                -0.06633926182985306
            ],
            "name": "google_Black_Elderberry_Syrup_54_oz_Gaia_Herbs_12",
            "projected_cuboid": [
                [
                    524.1423845291138,
                    229.59394752979279
                ],
                [
                    541.4899587631226,
                    260.12420654296875
                ],
                [
                    481.5215468406677,
                    305.2278459072113
                ],
                [
                    463.2115662097931,
                    273.3306586742401
                ],
                [
                    500.68187713623047,
                    234.93167757987976
                ],
                [
                    517.1910524368286,
                    263.89509439468384
                ],
                [
                    459.31699872016907,
                    306.7661225795746
                ],
                [
                    441.9390857219696,
                    276.57538652420044
                ],
                [
                    491.56653881073,
                    268.3742344379425
                ]
            ],
            "provenance": "visii",
            "quaternion_xyzw": [
                0.7857674956321716,
                0.20308993756771088,
                0.5598136186599731,
                -0.16713055968284607
            ],
            "quaternion_xyzw_world": [
                0.13095661997795105,
                -0.4876803159713745,
                0.8579007983207703,
                -0.09499723464250565
            ],
            "segmentation_id": 13,
            "visibility": 1
        },
        {
            "bounding_box_minx_maxx_miny_maxy": [
                343,
                374,
                27,
                74
            ],
            "class": "Razer",
