{
    "camera_data": {
        "camera_look_at": {
            "at": [
                1.0,
                0.0,
                0.0
            ],
            "eye": [
                0.0,
                0.0,
                0.0
            ],
            "up": [
                0.0,
                0.0,
                1.0
            ]
        },
        "camera_view_matrix": [
            [
                0.0,
                0.0,
                -1.0,
                0.0
            ],
            [
                -1.0,
                0.0,
                0.0,
                0.0
            ],
            [
                0.0,
                1.0,
                0.0,
                0.0
            ],
            [
                0.0,
                0.0,
                0.0,
                1.0
            ]
        ],
        "height": 500,
        "intrinsics": {
            "cx": 250.0,
            "cy": 250.0,
            "fx": 603.5535278320312,
            "fy": 603.5535278320312
        },
        "location_world": [
            0.0,
            0.0,
            0.0
        ],
        "quaternion_world_xyzw": [
            0.5,
            -0.5,
            -0.5,
            0.5
        ],
        "width": 500
    },
    "objects": [
        {
            "bounding_box_minx_maxx_miny_maxy": [
                460,
                499,
                458,
                500
            ],
            "class": "Reebok",
            "local_cuboid": null,
            "local_to_world_matrix": [
                [
                    0.12030649185180664,
                    -0.3684900999069214,
                    -0.9218142032623291,
                    0.0
                ],
                [
                    -0.10633014142513275,
                    0.9184338450431824,
                    -0.3810160160064697,
                    0.0
                ],
                [
                    0.9870259761810303,
                    0.14385533332824707,
                    0.07131195068359375,
                    0.0
                ],
                [
                    1.7328218221664429,
                    -0.7044776082038879,
                    -0.6798489689826965,
                    1.0
                ]
            ],
            "location": [
                0.7044776082038879,
                -0.6798489689826965,
                -1.7328218221664429
            ],
            "location_world": [
                1.7328218221664429,
                -0.7044776082038879,
                -0.6798489689826965
            ],
            "name": "google_Reebok_SOMERSET_RUN_0",
            "projected_cuboid": [
                [
                    522.1363306045532,
                    465.58332443237305
                ],
                [
                    438.5085701942444,
                    505.8361291885376
                ],
                [
                    456.8859338760376,
                    525.7402062416077
                ],
                [
                    545.6479787826538,
                    482.50633478164673
                ],
                [
                    510.6034278869629,
                    433.32964181900024
                ],
                [
                    426.1568784713745,
                    473.3319580554962
                ],
                [
                    443.8525140285492,
                    491.2163019180298
                ],
                [
                    533.5395336151123,
                    448.2622444629669
                ],
                [
                    484.73596572875977,
                    477.82960534095764
                ]
            ],
            "provenance": "visii",
            "quaternion_xyzw": [
                -0.8271234035491943,
                0.5562193393707275,
                0.07984353601932526,
                -0.010584339499473572
            ],
            "quaternion_xyzw_world": [
                -0.18066594004631042,
                0.6570417284965515,
                -0.0902380645275116,
                0.7263009548187256
            ],
            "segmentation_id": 1,
            "visibility": 1
        },
        {
            "bounding_box_minx_maxx_miny_maxy": [
                0,
                17,
                296,
                306
            ],
            "class": "Breyer",
            "local_cuboid": null,
            "local_to_world_matrix": [
                [
                    0.4602065682411194,
                    -0.6246283054351807,
                    0.6309115886688232,
                    0.0
                ],
                [
                    -0.08562642335891724,
                    0.6760959625244141,
                    0.7318212985992432,
                    0.0
                ],
                [
                    -0.8836730718612671,
                    -0.3908116817474365,
                    0.25765907764434814,
                    0.0
                ],
                [
                    1.5486299991607666,
                    0.7066644430160522,
                    -0.2023259699344635,
                    1.0
                ]
            ],
            "location": [
                -0.7066644430160522,
                -0.2023259699344635,
                -1.5486299991607666
            ],
            "location_world": [
                1.5486299991607666,
                0.7066644430160522,
                -0.2023259699344635
            ],
            "name": "google_Breyer_Horse_Of_The_Year_2015_1",
            "projected_cuboid": [
                [
                    20.592957735061646,
                    293.3083474636078
                ],
                [
                    3.7406086921691895,
                    276.0509252548218
                ],
                [
                    1.9916296005249023,
                    288.73899579048157
                ],
                [
                    17.427608370780945,
                    304.50141429901123
                ],
                [
                    -61.25706434249878,
                    361.275315284729
                ],
                [
                    -79.72735166549683,
                    342.9132103919983
                ],
                [
                    -74.034184217453,
                    350.4437804222107
                ],
                [
                    -57.251542806625366,
                    367.12193489074707
                ],
                [
                    -27.10479497909546,
                    322.1080005168915
                ]
            ],
            "provenance": "visii",
            "quaternion_xyzw": [
                -0.04778595268726349,
                0.23638947308063507,
                0.36305075883865356,
                0.9000170230865479
            ],
            "quaternion_xyzw_world": [
                0.36278489232063293,
                -0.4894461929798126,
                -0.17418137192726135,
                0.7736216187477112
            ],
            "segmentation_id": 2,
            "visibility": 1
        },
        {
            "bounding_box_minx_maxx_miny_maxy": [
                0,
                74,
                8,
                155
            ],
            "class": "Smith",
            "local_cuboid": null,
            "local_to_world_matrix": [
                [
                    0.02950388193130493,
                    -0.4217415452003479,
                    0.9062358736991882,
                    0.0
                ],
                [
                    -0.34320807456970215,
                    0.8472375869750977,
                    0.4054586887359619,
                    0.0
                ],
                [
                    -0.9387958645820618,
                    -0.3229900598526001,
                    -0.11974835395812988,
                    0.0
                ],
                [
                    1.9020721912384033,
                    0.6977046132087708,
                    0.48781415820121765,
                    1.0
                ]
            ],
            "location": [
                -0.6977046132087708,
                0.48781415820121765,
                -1.9020721912384033
            ],
            "location_world": [
                1.9020721912384033,
                0.6977046132087708,
                0.48781415820121765
            ],
            "name": "google_Smith_Hawken_Woven_BasketTray_Organizer_with_3_Compartments_95_x_9_x_13_2",
            "projected_cuboid": [
                [
                    99.4594544172287,
                    49.04089868068695
                ],
                [
                    9.516134858131409,
                    -1.0710954666137695
                ],
                [
                    13.960197567939758,
                    22.49199151992798
                ],
                [
                    92.07923710346222,
                    65.06161391735077
                ],
                [
                    44.15687918663025,
                    164.57071900367737
                ],
                [
                    -49.43665862083435,
                    120.50199508666992
                ],
                [
                    -36.9417667388916,
                    127.65046954154968
                ],
                [
                    43.921977281570435,
                    165.66775739192963
                ],
                [
                    28.316780924797058,
                    90.04124999046326
                ]
            ],
            "provenance": "visii",
            "quaternion_xyzw": [
                0.13918240368366241,
                0.10597314685583115,
                0.5271611213684082,
                0.83156418800354
            ],
            "quaternion_xyzw_world": [
                0.2747792899608612,
                -0.6959673166275024,
                -0.029623737558722496,
                0.6627580523490906
            ],
            "segmentation_id": 3,
            "visibility": 1
        },
        {
            "bounding_box_minx_maxx_miny_maxy": [
                91,
                166,
                1,
                26
            ],
            "class": "Paul",
            "local_cuboid": null,
            "local_to_world_matrix": [
                [
                    0.9983834624290466,
                    0.034079402685165405,
                    0.04548712074756622,
                    0.0
                ],
                [
                    -0.04389876872301102,
                    0.9706963300704956,
                    0.2362658828496933,
                    0.0
                ],
                [
                    -0.03610238432884216,
                    -0.23788078129291534,
                    0.9706231951713562,
                    0.0
                ],
                [
                    0.8018806576728821,
                    0.18012110888957977,
                    0.3339084982872009,
                    1.0
                ]
            ],
            "location": [
                -0.18012110888957977,
                0.3339084982872009,
                -0.8018806576728821
            ],
            "location_world": [
                0.8018806576728821,
                0.18012110888957977,
                0.3339084982872009
            ],
            "name": "google_Paul_Frank_Dot_Lunch_Box_3",
            "projected_cuboid": [
                [
                    199.86329972743988,
                    -109.2928946018219
                ],
                [
                    131.11016154289246,
                    -127.80869007110596
                ],
                [
                    96.41486406326294,
                    21.51864767074585
                ],
                [
                    164.72840309143066,
                    39.11307454109192
                ],
                [
                    188.17996978759766,
                    -240.54419994354248
                ],
                [
                    91.95040166378021,
                    -267.37910509109497
                ],
                [
                    44.09579932689667,
                    -57.55341053009033
                ],
                [
                    139.46473598480225,
                    -32.52911567687988
                ],
                [
                    134.63351130485535,
                    -87.62630820274353
                ]
            ],
            "provenance": "visii",
            "quaternion_xyzw": [
                -0.41639894247055054,
                0.5554824471473694,
                0.4565950036048889,
                0.5563921332359314
            ],
            "quaternion_xyzw_world": [
                0.11944031715393066,
                -0.020552873611450195,
                0.019643157720565796,
                0.9924342632293701
            ],
            "segmentation_id": 4,
            "visibility": 1
        },
        {
            "bounding_box_minx_maxx_miny_maxy": [
                -1,
                -1,
                -1,
                -1
            ],
            "class": "Toys",
            "local_cuboid": null,
            "local_to_world_matrix": [
                [
                    -0.2724497318267822,
                    -0.3856803774833679,
                    0.8814885020256042,
                    0.0
                ],
                [
                    -0.8966376185417175,
                    -0.23054981231689453,
                    -0.37800517678260803,
                    0.0
                ],
                [
                    0.34901612997055054,
                    -0.8933631181716919,
                    -0.2830023765563965,
                    0.0
                ],
                [
                    1.2901396751403809,
                    0.31318262219429016,
                    0.7033966183662415,
                    1.0
                ]
            ],
            "location": [
                -0.31318262219429016,
                0.7033966183662415,
                -1.2901396751403809
            ],
            "location_world": [
                1.2901396751403809,
                0.31318262219429016,
                0.7033966183662415
            ],
            "name": "google_Toys_R_Us_Treat_Dispenser_Smart_Puzzle_Foobler_4",
            "projected_cuboid": [
                [
                    178.85375022888184,
                    -78.42126488685608
                ],
                [
                    188.10519576072693,
                    -86.56439185142517
                ],
                [
                    116.3928210735321,
                    -123.42768907546997
                ],
                [
                    114.16693031787872,
                    -111.15682125091553
                ],
                [
                    155.82554042339325,
                    -11.352628469467163
                ],
                [
                    162.32356429100037,
                    -12.088119983673096
                ],
                [
                    91.93314611911774,
                    -44.489383697509766
                ],
                [
                    92.22079813480377,
                    -40.485769510269165
                ],
                [
                    137.85871863365173,
                    -62.417685985565186
                ]
            ],
            "provenance": "visii",
            "quaternion_xyzw": [
                -0.7267568111419678,
                -0.38253453373908997,
                -0.40103262662887573,
                -0.4057890772819519
            ],
            "quaternion_xyzw_world": [
                -0.5570238828659058,
                0.5755220055580139,
                -0.5522674322128296,
                -0.2312997430562973
            ],
            "segmentation_id": 5,
            "visibility": 0
        },
        {
            "bounding_box_minx_maxx_miny_maxy": [
                -1,
                -1,
                -1,
                -1
            ],
            "class": "Tag",
            "local_cuboid": null,
            "local_to_world_matrix": [
                [
                    -0.44585323333740234,
                    -0.8816288113594055,
                    -0.15474329888820648,
                    0.0
                ],
                [
                    0.7263244986534119,
                    -0.4573713541030884,
                    0.5130927562713623,
                    0.0
                ],
                [
                    -0.5231325030326843,
                    0.11637021601200104,
                    0.8442691564559937,
                    0.0
                ],
                [
                    1.697567105293274,
                    -0.7229975461959839,
                    0.760214626789093,
                    1.0
                ]
            ],
            "location": [
                0.7229975461959839,
                0.760214626789093,
                -1.697567105293274
            ],
            "location_world": [
                1.697567105293274,
                -0.7229975461959839,
                0.760214626789093
            ],
            "name": "google_Tag_Dishtowel_Basket_Weave_Red_18_x_26_5",
            "projected_cuboid": [
                [
                    537.1383428573608,
                    -27.841389179229736
                ],
                [
                    546.2501645088196,
                    -42.40518808364868
                ],
                [
                    544.556736946106,
                    -29.166042804718018
                ],
                [
                    535.3685021400452,
                    -13.348162174224854
                ],
                [
                    468.1991934776306,
                    -24.658262729644775
                ],
                [
                    483.401358127594,
                    -38.90654444694519
                ],
                [
                    482.4082553386688,
                    -26.255398988723755
                ],
                [
                    467.2721326351166,
                    -10.867536067962646
                ],
                [
                    507.63797760009766,
                    -26.986509561538696
                ]
            ],
            "provenance": "visii",
            "quaternion_xyzw": [
                0.4597291350364685,
                0.16456866264343262,
                0.1791723668575287,
                -0.8540863394737244
            ],
            "quaternion_xyzw_world": [
                -0.20448045432567596,
                0.1898767650127411,
                0.8287782669067383,
                -0.485037237405777
            ],
            "segmentation_id": 6,
            "visibility": 0
        },
        {
            "bounding_box_minx_maxx_miny_maxy": [
                194,
                250,
                152,
                194
            ],
            "class": "FRACTION",
            "local_cuboid": null,
            "local_to_world_matrix": [
                [
                    0.5831855535507202,
                    -0.4141275882720947,
                    0.6988512873649597,
                    0.0
                ],
                [
                    0.20384937524795532,
                    0.9073739051818848,
                    0.3675840497016907,
                    0.0
                ],
                [
                    -0.7863461375236511,
                    -0.07190938293933868,
                    0.6135870218276978,
                    0.0
                ],
                [
                    1.6740100383758545,
                    0.11579366773366928,
                    0.18222227692604065,
                    1.0
                ]
            ],
            "location": [
                -0.11579366773366928,
                0.18222227692604065,
                -1.6740100383758545
            ],
            "location_world": [
                1.6740100383758545,
                0.11579366773366928,
                0.18222227692604065
            ],
            "name": "google_FRACTION_FUN_n4h4qte23QR_6",
            "projected_cuboid": [
                [
                    253.39388847351074,
                    164.95421528816223
                ],
                [
                    192.73895025253296,
                    142.33112335205078
                ],
                [
                    192.7797794342041,
                    153.75271439552307
                ],
                [
                    252.21127271652222,
                    176.17732286453247
                ],
                [
                    225.71057081222534,
                    206.50635659694672
                ],
                [
                    161.86515986919403,
                    181.44918978214264
                ],
                [
                    162.55584359169006,
                    192.76118278503418
                ],
                [
                    225.0470072031021,
                    217.5523042678833
                ],
                [
                    208.3747833967209,
                    178.73522639274597
                ]
            ],
            "provenance": "visii",
            "quaternion_xyzw": [
                -0.25504785776138306,
                0.2043958157300949,
                0.5011573433876038,
                0.8012580871582031
            ],
            "quaternion_xyzw_world": [
                0.12472435086965561,
                -0.42148587107658386,
                -0.17537638545036316,
                0.8809295296669006
            ],
            "segmentation_id": 7,
            "visibility": 1
        },
        {
            "bounding_box_minx_maxx_miny_maxy": [
                454,
                499,
                77,
                218
            ],
            "class": "FAIRY",
            "local_cuboid": null,
            "local_to_world_matrix": [
                [
                    -0.762398362159729,
                    0.2087215781211853,
                    -0.6125233173370361,
                    0.0
                ],
                [
                    0.4661698341369629,
                    0.8336509466171265,
                    -0.29616183042526245,
                    0.0
                ],
                [
                    0.44881534576416016,
                    -0.5113329887390137,
                    -0.7328739166259766,
                    0.0
                ],
                [
                    0.8765758275985718,
                    -0.4214811325073242,
                    0.2507583200931549,
                    1.0
                ]
            ],
            "location": [
                0.4214811325073242,
                0.2507583200931549,
                -0.8765758275985718
            ],
            "location_world": [
                0.8765758275985718,
                -0.4214811325073242,
                0.2507583200931549
            ],
            "name": "google_FAIRY_TALE_BLOCKS_7",
            "projected_cuboid": [
                [
                    706.393301486969,
                    213.04741501808167
                ],
                [
                    505.2894949913025,
                    268.09829473495483
                ],
                [
                    453.95955443382263,
                    153.2360315322876
                ],
                [
                    674.2277145385742,
                    70.81198692321777
                ],
                [
                    651.8910527229309,
                    129.19476628303528
                ],
                [
                    490.27132987976074,
                    184.21441316604614
                ],
                [
                    446.87509536743164,
                    82.22813904285431
                ],
                [
                    620.404064655304,
                    7.27824866771698
                ],
                [
                    561.7638826370239,
                    140.1418149471283
                ]
            ],
            "provenance": "visii",
            "quaternion_xyzw": [
                -0.6197289228439331,
                0.5833899974822998,
                -0.5138258934020996,
                -0.10758890211582184
            ],
            "quaternion_xyzw_world": [
                0.18494901061058044,
                0.9122668504714966,
                -0.22128799557685852,
                0.29085204005241394
            ],
            "segmentation_id": 8,
            "visibility": 1
        },
        {
            "bounding_box_minx_maxx_miny_maxy": [
                471,
                485,
                166,
                207
            ],
            "class": "Great",
            "local_cuboid": null,
            "local_to_world_matrix": [
                [
                    -0.92264723777771,
                    -0.21395236253738403,
                    -0.32085275650024414,
                    0.0
                ],
                [
                    0.37917786836624146,
                    -0.3515634536743164,
                    -0.855936586856842,
                    0.0
                ],
                [
                    0.07032957673072815,
                    -0.9113877415657043,
                    0.4054949879646301,
                    0.0
                ],
                [
                    1.9253250360488892,
                    -0.7418931722640991,
                    0.15477167069911957,
                    1.0
                ]
            ],
            "location": [
                0.7418931722640991,
                0.15477167069911957,
                -1.9253250360488892
            ],
            "location_world": [
                1.9253250360488892,
                -0.7418931722640991,
                0.15477167069911957
            ],
            "name": "google_Great_Jones_Wingtip_kAqSg6EgG0I_8",
            "projected_cuboid": [
                [
                    515.7314538955688,
                    145.16231417655945
                ],
                [
                    533.642053604126,
                    234.58927869796753
                ],
                [
                    502.45189666748047,
                    248.92482161521912
                ],
                [
                    482.4290871620178,
                    160.03821790218353
                ],
                [
                    494.106650352478,
                    139.56274092197418
                ],
                [
                    512.3695731163025,
                    224.8229831457138
                ],
                [
                    482.66831040382385,
                    238.39741945266724
                ],
                [
                    462.4966084957123,
                    153.61905097961426
                ],
                [
                    498.2876181602478,
                    194.35255229473114
                ]
            ],
            "provenance": "visii",
            "quaternion_xyzw": [
                0.7314742803573608,
                0.010496139526367188,
                0.6268282532691956,
                -0.2681819796562195
            ],
            "quaternion_xyzw_world": [
                -0.07651989907026291,
                -0.5398122072219849,
                0.8184903264045715,
                -0.1811659336090088
            ],
            "segmentation_id": 9,
            "visibility": 1
        },
        {
            "bounding_box_minx_maxx_miny_maxy": [
                434,
                499,
                93,
                166
            ],
            "class": "Ecoforms",
            "local_cuboid": null,
            "local_to_world_matrix": [
                [
                    -0.9864141941070557,
                    0.151791512966156,
                    -0.06282249093055725,
                    0.0
                ],
                [
                    -0.01954873651266098,
                    0.2712389826774597,
                    0.9623135328292847,
                    0.0
                ],
                [
                    0.16311094164848328,
                    0.9504677057266235,
                    -0.26458680629730225,
                    0.0
                ],
                [
                    1.7849276065826416,
                    -0.748048722743988,
                    0.39400580525398254,
                    1.0
                ]
            ],
            "location": [
                0.748048722743988,
                0.39400580525398254,
                -1.7849276065826416
            ],
            "location_world": [
                1.7849276065826416,
                -0.748048722743988,
                0.39400580525398254
            ],
            "name": "google_Ecoforms_Plant_Container_Quadra_Sand_QP6_9",
            "projected_cuboid": [
                [
                    460.21977066993713,
                    161.60616278648376
                ],
                [
                    442.54428148269653,
                    97.09027409553528
                ],
                [
                    502.90679931640625,
                    78.67084443569183
                ],
                [
                    520.7366943359375,
                    144.27468180656433
                ],
                [
                    448.673278093338,
                    166.52165353298187
                ],
                [
                    432.7179193496704,
                    108.37604105472565
                ],
                [
                    486.89815402030945,
                    91.9644683599472
                ],
                [
                    502.979576587677,
                    150.99236369132996
                ],
                [
                    474.1394519805908,
                    125.26991963386536
                ]
            ],
            "provenance": "visii",
            "quaternion_xyzw": [
                -0.11068642139434814,
                0.7545223832130432,
                -0.08118974417448044,
                -0.641757607460022
            ],
            "quaternion_xyzw_world": [
                0.04163406416773796,
                0.7940780520439148,
                0.6022018790245056,
                0.07113073766231537
            ],
            "segmentation_id": 10,
            "visibility": 1
        },
        {
            "bounding_box_minx_maxx_miny_maxy": [
                -1,
                -1,
                -1,
                -1
            ],
            "class": "ReadytoUse",
            "local_cuboid": null,
            "local_to_world_matrix": [
                [
                    0.5966194868087769,
                    0.71059250831604,
                    -0.3729657530784607,
                    0.0
                ],
                [
                    0.4204881489276886,
                    0.11904728412628174,
                    0.8994539380073547,
                    0.0
                ],
                [
                    0.6835457682609558,
                    -0.6934594511985779,
                    -0.2277698516845703,
                    0.0
                ],
                [
                    1.6133257150650024,
                    -0.5608633756637573,
                    -0.43986526131629944,
                    1.0
                ]
            ],
            "location": [
                0.5608633756637573,
                -0.43986526131629944,
                -1.6133257150650024
            ],
            "location_world": [
                1.6133257150650024,
                -0.5608633756637573,
                -0.43986526131629944
            ],
            "name": "google_ReadytoUse_Rolled_Fondant_Pure_White_24_oz_box_10",
            "projected_cuboid": [
                [
                    469.3703055381775,
                    429.9170970916748
                ],
                [
                    464.82914686203003,
                    412.80022263526917
                ],
                [
                    437.2214078903198,
                    410.13896465301514
                ],
                [
                    441.73404574394226,
                    428.42626571655273
                ],
                [
                    509.8681449890137,
                    421.39720916748047
                ],
                [
                    504.6420097351074,
                    403.6537706851959
                ],
                [
                    478.66326570510864,
                    400.20644664764404
                ],
                [
                    483.9315116405487,
                    419.21019554138184
                ],
                [
                    473.78426790237427,
                    415.80522060394287
                ]
            ],
            "provenance": "visii",
            "quaternion_xyzw": [
                -0.13555379211902618,
                0.9074128270149231,
                -0.17860062420368195,
                0.3554278016090393
            ],
            "quaternion_xyzw_world": [
                0.6529437303543091,
                0.43306973576545715,
                0.11891531199216843,
                0.6098968982696533
            ],
            "segmentation_id": 11,
            "visibility": 0
        },
        {
            "bounding_box_minx_maxx_miny_maxy": [
                0,
                54,
                1,
                28
            ],
            "class": "Dog",
            "local_cuboid": null,
            "local_to_world_matrix": [
                [
                    0.6809417605400085,
                    0.6891130208969116,
                    -0.2478741854429245,
                    0.0
                ],
                [
                    0.7065964937210083,
                    -0.7071782350540161,
                    -0.024910390377044678,
                    0.0
                ],
                [
                    -0.19245727360248566,
                    -0.1581844836473465,
                    -0.9684720039367676,
                    0.0
                ],
                [
                    1.570859670639038,
                    0.5786559581756592,
                    0.7714337706565857,
                    1.0
                ]
            ],
            "location": [
                -0.5786559581756592,
                0.7714337706565857,
                -1.570859670639038
            ],
            "location_world": [
                1.570859670639038,
                0.5786559581756592,
                0.7714337706565857
            ],
            "name": "google_Dog_11",
            "projected_cuboid": [
                [
                    -20.68197727203369,
                    34.993886947631836
                ],
                [
                    47.82651364803314,
                    53.49951982498169
                ],
                [
                    41.26471281051636,
                    -9.922832250595093
                ],
                [
                    -26.13145112991333,
                    -33.23996067047119
                ],
                [
                    17.977148294448853,
                    -14.417409896850586
                ],
                [
                    90.25724232196808,
                    10.281488299369812
                ],
                [
                    81.98763430118561,
                    -58.5019588470459
                ],
                [
                    10.88687777519226,
                    -88.8720154762268
                ],
                [
                    30.849382281303406,
                    -11.93302869796753
                ]
            ],
            "provenance": "visii",
            "quaternion_xyzw": [
                0.18930143117904663,
                0.6065775752067566,
                -0.6903768181800842,
                0.345844566822052
            ],
            "quaternion_xyzw_world": [
                0.9160501956939697,
                0.3809041976928711,
                -0.1201712116599083,
                0.03637194260954857
            ],
            "segmentation_id": 12,
            "visibility": 1
        },
        {
            "bounding_box_minx_maxx_miny_maxy": [
                463,
                499,
                265,
                322
            ],
            "class": "Black",
            "local_cuboid": null,
            "local_to_world_matrix": [
                [
                    -0.18240690231323242,
                    -0.7214022874832153,
                    0.6680619716644287,
                    0.0
                ],
                [
                    -0.1423368752002716,
                    0.6916781663894653,
                    0.708040714263916,
                    0.0
                ],
                [
                    -0.9728660583496094,
                    0.03406152129173279,
                    -0.22884905338287354,
                    0.0
                ],
                [
                    1.0276343822479248,
                    -0.40077999234199524,
                    -0.05980266258120537,
                    1.0
                ]
            ],
            "location": [
                0.40077999234199524,
                -0.05980266258120537,
                -1.0276343822479248
            ],
            "location_world": [
                1.0276343822479248,
                -0.40077999234199524,
                -0.05980266258120537
            ],
            "name": "google_Black_Elderberry_Syrup_54_oz_Gaia_Herbs_12",
            "projected_cuboid": [
                [
                    547.7832555770874,
                    314.6666884422302
                ],
                [
                    522.512674331665,
                    286.49523854255676
                ],
                [
                    487.6597821712494,
                    261.7511749267578
                ],
                [
                    509.740948677063,
                    286.2514853477478
                ],
                [
                    516.5520906448364,
                    339.62851762771606
                ],
                [
                    491.28228425979614,
                    312.02441453933716
                ],
                [
                    461.0685706138611,
                    284.0273976325989
                ],
                [
                    483.14350843429565,
                    308.1008493900299
                ],
                [
                    501.1826157569885,
                    298.2010543346405
                ]
            ],
            "provenance": "visii",
            "quaternion_xyzw": [
                0.10061770677566528,
                -0.058678269386291504,
                0.3685862421989441,
                0.922267496585846
            ],
            "quaternion_xyzw_world": [
                0.2978103458881378,
                -0.725074827671051,
                -0.25587090849876404,
                0.5657788515090942
            ],
            "segmentation_id": 13,
            "visibility": 1
        },
        {
            "bounding_box_minx_maxx_miny_maxy": [
                -1,
                -1,
                -1,
                -1
            ],
            "class": "Razer",
