{
    "camera_data": {
        "camera_look_at": {
            "at": [
                1.0,
                0.0,
                0.0
            ],
            "eye": [
                0.0,
                0.0,
                0.0
            ],
            "up": [
                0.0,
                0.0,
                1.0
            ]
        },
        "camera_view_matrix": [
            [
                0.0,
                0.0,
                -1.0,
                0.0
            ],
            [
                -1.0,
                0.0,
                0.0,
                0.0
            ],
            [
                0.0,
                1.0,
                0.0,
                0.0
            ],
            [
                0.0,
                0.0,
                0.0,
                1.0
            ]
        ],
        "height": 500,
        "intrinsics": {
            "cx": 250.0,
            "cy": 250.0,
            "fx": 603.5535278320312,
            "fy": 603.5535278320312
        },
        "location_world": [
            0.0,
            0.0,
            0.0
        ],
        "quaternion_world_xyzw": [
            0.5,
            -0.5,
            -0.5,
            0.5
        ],
        "width": 500
    },
    "objects": [
        {
            "bounding_box_minx_maxx_miny_maxy": [
                -1,
                -1,
                -1,
                -1
            ],
            "class": "Reebok",
            "local_cuboid": null,
            "local_to_world_matrix": [
                [
                    0.5008919835090637,
                    0.3628294765949249,
                    0.7857875227928162,
                    0.0
                ],
                [
                    -0.8630720376968384,
                    0.14129292964935303,
                    0.484915554523468,
                    0.0
                ],
                [
                    0.06491541862487793,
                    -0.9210814833641052,
                    0.3839203715324402,
                    0.0
                ],
                [
                    1.378624677658081,
                    -0.604938805103302,
                    -0.7058847546577454,
                    1.0
                ]
            ],
            "location": [
                0.604938805103302,
                -0.7058847546577454,
                -1.378624677658081
            ],
            "location_world": [
                1.378624677658081,
                -0.604938805103302,
                -0.7058847546577454
            ],
            "name": "google_Reebok_SOMERSET_RUN_0",
            "projected_cuboid": [
                [
                    528.9074182510376,
                    519.4982290267944
                ],
                [
                    564.2203688621521,
                    505.85007667541504
                ],
                [
                    515.6713724136353,
                    528.362512588501
                ],
                [
                    488.1826937198639,
                    538.3691191673279
                ],
                [
                    556.1830997467041,
                    565.8274292945862
                ],
                [
                    598.7104177474976,
                    561.0537528991699
                ],
                [
                    548.1315851211548,
                    584.945797920227
                ],
                [
                    514.0384435653687,
                    585.6572389602661
                ],
                [
                    537.4186635017395,
                    548.4743118286133
                ]
            ],
            "provenance": "visii",
            "quaternion_xyzw": [
                0.2330077439546585,
                0.6914948225021362,
                0.4508320987224579,
                0.5140940546989441
            ],
            "quaternion_xyzw_world": [
                0.4938822388648987,
                -0.2532195448875427,
                0.43062034249305725,
                0.7117066383361816
            ],
            "segmentation_id": 1,
            "visibility": 0
        },
        {
            "bounding_box_minx_maxx_miny_maxy": [
                158,
                212,
                266,
                295
            ],
            "class": "Breyer",
            "local_cuboid": null,
            "local_to_world_matrix": [
                [
                    -0.8884458541870117,
                    -0.15611335635185242,
                    -0.4316169321537018,
                    0.0
                ],
                [
                    0.3991606533527374,
                    0.20140957832336426,
                    -0.8944859504699707,
                    0.0
                ],
                [
                    0.22657302021980286,
                    -0.9669865369796753,
                    -0.11662745475769043,
                    0.0
                ],
                [
                    1.5860180854797363,
                    0.2388359010219574,
                    -0.09103281050920486,
                    1.0
                ]
            ],
            "location": [
                -0.2388359010219574,
                -0.09103281050920486,
                -1.5860180854797363
            ],
            "location_world": [
                1.5860180854797363,
                0.2388359010219574,
                -0.09103281050920486
            ],
            "name": "google_Breyer_Horse_Of_The_Year_2015_1",
            "projected_cuboid": [
                [
                    222.81311452388763,
                    305.77757954597473
                ],
                [
                    218.64040195941925,
                    325.2864480018616
                ],
                [
                    158.1508368253708,
                    319.82529163360596
                ],
                [
                    161.47615015506744,
                    299.7713088989258
                ],
                [
                    213.35849165916443,
                    263.9402151107788
                ],
                [
                    209.80478823184967,
                    281.6963493824005
                ],
                [
                    156.43629431724548,
                    276.0051190853119
                ],
                [
                    159.33123230934143,
                    257.80367851257324
                ],
                [
                    187.62162327766418,
                    289.9928689002991
                ]
            ],
            "provenance": "visii",
            "quaternion_xyzw": [
                -0.7545151710510254,
                0.2097461223602295,
                -0.6147763729095459,
                0.09361420571804047
            ],
            "quaternion_xyzw_world": [
                0.08181077241897583,
                0.7427117228507996,
                -0.626579761505127,
                0.2215496003627777
            ],
            "segmentation_id": 2,
            "visibility": 1
        },
        {
            "bounding_box_minx_maxx_miny_maxy": [
                5,
                125,
                1,
                111
            ],
            "class": "Smith",
            "local_cuboid": null,
            "local_to_world_matrix": [
                [
                    0.4086768627166748,
                    -0.15326528251171112,
                    0.8997182846069336,
                    0.0
                ],
                [
                    0.10606028139591217,
                    0.9870954155921936,
                    0.11997431516647339,
                    0.0
                ],
                [
                    -0.9064956903457642,
                    0.04639365151524544,
                    0.4196584224700928,
                    0.0
                ],
                [
                    1.9266585111618042,
                    0.5215365290641785,
                    0.5779275894165039,
                    1.0
                ]
            ],
            "location": [
                -0.5215365290641785,
                0.5779275894165039,
                -1.9266585111618042
            ],
            "location_world": [
                1.9266585111618042,
                0.5215365290641785,
                0.5779275894165039
            ],
            "name": "google_Smith_Hawken_Woven_BasketTray_Organizer_with_3_Compartments_95_x_9_x_13_2",
            "projected_cuboid": [
                [
                    119.35608088970184,
                    -39.95901346206665
                ],
                [
                    34.72134470939636,
                    -46.01788520812988
                ],
                [
                    64.50043618679047,
                    23.592278361320496
                ],
                [
                    139.16543126106262,
                    29.864922165870667
                ],
                [
                    86.36868000030518,
                    56.02853000164032
                ],
                [
                    -5.399882793426514,
                    47.804057598114014
                ],
                [
                    31.968310475349426,
                    110.66652834415436
                ],
                [
                    112.13567852973938,
                    118.73491108417511
                ],
                [
                    74.1671621799469,
                    37.930577993392944
                ]
            ],
            "provenance": "visii",
            "quaternion_xyzw": [
                -0.17804160714149475,
                0.12269201874732971,
                0.638994574546814,
                0.7381963729858398
            ],
            "quaternion_xyzw_world": [
                0.021926093846559525,
                -0.5382286310195923,
                -0.07727569341659546,
                0.8389622569084167
            ],
            "segmentation_id": 3,
            "visibility": 1
        },
        {
            "bounding_box_minx_maxx_miny_maxy": [
                256,
                407,
                64,
                231
            ],
            "class": "Paul",
            "local_cuboid": null,
            "local_to_world_matrix": [
                [
                    -0.6905907392501831,
                    0.37492185831069946,
                    0.6184806227684021,
                    0.0
                ],
                [
                    0.6769574284553528,
                    0.03406810760498047,
                    0.7352333664894104,
                    0.0
                ],
                [
                    0.25458455085754395,
                    0.9264302849769592,
                    -0.2773333787918091,
                    0.0
                ],
                [
                    0.9629708528518677,
                    -0.22921529412269592,
                    0.18729154765605927,
                    1.0
                ]
            ],
            "location": [
                0.22921529412269592,
                0.18729154765605927,
                -0.9629708528518677
            ],
            "location_world": [
                0.9629708528518677,
                -0.22921529412269592,
                0.18729154765605927
            ],
            "name": "google_Paul_Frank_Dot_Lunch_Box_3",
            "projected_cuboid": [
                [
                    227.44140028953552,
                    138.6023759841919
                ],
                [
                    226.85109078884125,
                    97.50495851039886
                ],
                [
                    368.2004511356354,
                    44.82163488864899
                ],
                [
                    381.1979293823242,
                    84.21717584133148
                ],
                [
                    286.64666414260864,
                    248.8096058368683
                ],
                [
                    282.38585591316223,
                    207.21156895160675
                ],
                [
                    403.1563401222229,
                    169.2647933959961
                ],
                [
                    416.34005308151245,
                    210.55305004119873
                ],
                [
                    323.9727020263672,
                    155.44715523719788
                ]
            ],
            "provenance": "visii",
            "quaternion_xyzw": [
                0.19001930952072144,
                0.7688854932785034,
                -0.31028375029563904,
                -0.5257678031921387
            ],
            "quaternion_xyzw_world": [
                0.3717104196548462,
                0.7074588537216187,
                0.5871944427490234,
                -0.12859266996383667
            ],
            "segmentation_id": 4,
            "visibility": 1
        },
        {
            "bounding_box_minx_maxx_miny_maxy": [
                193,
                260,
                74,
                143
            ],
            "class": "Toys",
            "local_cuboid": null,
            "local_to_world_matrix": [
                [
                    0.3031453490257263,
                    0.8932242393493652,
                    0.33204415440559387,
                    0.0
                ],
                [
                    -0.18110057711601257,
                    -0.2880898714065552,
                    0.9403226971626282,
                    0.0
                ],
                [
                    0.9355776309967041,
                    -0.34518784284591675,
                    0.07443028688430786,
                    0.0
                ],
                [
                    1.2902072668075562,
                    0.07674703001976013,
                    0.31454595923423767,
                    1.0
                ]
            ],
            "location": [
                -0.07674703001976013,
                0.31454595923423767,
                -1.2902072668075562
            ],
            "location_world": [
                1.2902072668075562,
                0.07674703001976013,
                0.31454595923423767
            ],
            "name": "google_Toys_R_Us_Treat_Dispenser_Smart_Puzzle_Foobler_4",
            "projected_cuboid": [
                [
                    202.8043270111084,
                    135.41579246520996
                ],
                [
                    220.4347848892212,
                    72.68241047859192
                ],
                [
                    192.56925582885742,
                    58.398738503456116
                ],
                [
                    173.6171543598175,
                    128.21653485298157
                ],
                [
                    259.81712341308594,
                    153.41374278068542
                ],
                [
                    279.17778491973877,
                    88.93239498138428
                ],
                [
                    257.001131772995,
                    75.97628235816956
                ],
                [
                    235.95261573791504,
                    147.96854555606842
                ],
                [
                    227.73054242134094,
                    108.07839035987854
                ]
            ],
            "provenance": "visii",
            "quaternion_xyzw": [
                0.15971116721630096,
                0.9707115888595581,
                0.06581023335456848,
                0.16697368025779724
            ],
            "quaternion_xyzw_world": [
                0.6157931685447693,
                0.2891083061695099,
                0.5146296620368958,
                0.5218921899795532
            ],
            "segmentation_id": 5,
            "visibility": 1
        },
        {
            "bounding_box_minx_maxx_miny_maxy": [
                435,
                450,
                1,
                85
            ],
            "class": "Tag",
            "local_cuboid": null,
            "local_to_world_matrix": [
                [
                    -0.19209206104278564,
                    0.20122084021568298,
                    -0.9605263471603394,
                    0.0
                ],
                [
                    0.9154311418533325,
                    -0.3159903287887573,
                    -0.24927052855491638,
                    0.0
                ],
                [
                    -0.35367551445961,
                    -0.9271786212921143,
                    -0.123504638671875,
                    0.0
                ],
                [
                    1.792022466659546,
                    -0.5560437440872192,
                    0.619062066078186,
                    1.0
                ]
            ],
            "location": [
                0.5560437440872192,
                0.619062066078186,
                -1.792022466659546
            ],
            "location_world": [
                1.792022466659546,
                -0.5560437440872192,
                0.619062066078186
            ],
            "name": "google_Tag_Dishtowel_Basket_Weave_Red_18_x_26_5",
            "projected_cuboid": [
                [
                    444.68778371810913,
                    45.20326852798462
                ],
                [
                    446.24465703964233,
                    87.31260895729065
                ],
                [
                    434.5971941947937,
                    86.99773252010345
                ],
                [
                    431.563138961792,
                    45.159146189689636
                ],
                [
                    453.1710743904114,
                    -9.339392185211182
                ],
                [
                    453.7501037120819,
                    38.15975785255432
                ],
                [
                    442.25355982780457,
                    38.16665709018707
                ],
                [
                    440.2376115322113,
                    -8.987575769424438
                ],
                [
                    443.3826208114624,
                    41.430503129959106
                ]
            ],
            "provenance": "visii",
            "quaternion_xyzw": [
                0.4166455864906311,
                -0.38674110174179077,
                0.6715964078903198,
                -0.4751799702644348
            ],
            "quaternion_xyzw_world": [
                -0.5584359765052795,
                -0.49990156292915344,
                0.5883404016494751,
                -0.3034851551055908
            ],
            "segmentation_id": 6,
            "visibility": 1
        },
        {
            "bounding_box_minx_maxx_miny_maxy": [
                0,
                27,
                12,
                50
            ],
            "class": "FRACTION",
            "local_cuboid": null,
            "local_to_world_matrix": [
                [
                    0.41293805837631226,
                    0.7465105652809143,
                    -0.5217318534851074,
                    0.0
                ],
                [
                    -0.6082391142845154,
                    -0.20033764839172363,
                    -0.7680559754371643,
                    0.0
                ],
                [
                    -0.6778844594955444,
                    0.6344972252845764,
                    0.3713298439979553,
                    0.0
                ],
                [
                    1.542593240737915,
                    0.590479850769043,
                    0.6106810569763184,
                    1.0
                ]
            ],
            "location": [
                -0.590479850769043,
                0.6106810569763184,
                -1.542593240737915
            ],
            "location_world": [
                1.542593240737915,
                0.590479850769043,
                0.6106810569763184
            ],
            "name": "google_FRACTION_FUN_n4h4qte23QR_6",
            "projected_cuboid": [
                [
                    -13.9312744140625,
                    4.355788230895996
                ],
                [
                    -18.95540952682495,
                    44.194161891937256
                ],
                [
                    -2.684086561203003,
                    54.66116964817047
                ],
                [
                    1.1048763990402222,
                    14.80954885482788
                ],
                [
                    25.07108449935913,
                    -43.182700872421265
                ],
                [
                    22.95251190662384,
                    -5.167275667190552
                ],
                [
                    39.177700877189636,
                    6.8336427211761475
                ],
                [
                    40.06244242191315,
                    -31.343072652816772
                ],
                [
                    11.252626776695251,
                    5.530744791030884
                ]
            ],
            "provenance": "visii",
            "quaternion_xyzw": [
                -0.29311302304267883,
                0.27412137389183044,
                0.89337158203125,
                -0.20206305384635925
            ],
            "quaternion_xyzw_world": [
                -0.5572131276130676,
                -0.06203706935048103,
                0.5382214784622192,
                0.6292714476585388
            ],
            "segmentation_id": 7,
            "visibility": 1
        },
        {
            "bounding_box_minx_maxx_miny_maxy": [
                318,
                425,
                210,
                295
            ],
            "class": "FAIRY",
            "local_cuboid": null,
            "local_to_world_matrix": [
                [
                    -0.34610915184020996,
                    0.18730264902114868,
                    -0.9193074107170105,
                    0.0
                ],
                [
                    -0.20721367001533508,
                    0.9404094219207764,
                    0.26961567997932434,
                    0.0
                ],
                [
                    0.9150250554084778,
                    0.28380951285362244,
                    -0.28667259216308594,
                    0.0
                ],
                [
                    1.6134672164916992,
                    -0.36045488715171814,
                    0.03779079020023346,
                    1.0
                ]
            ],
            "location": [
                0.36045488715171814,
                0.03779079020023346,
                -1.6134672164916992
            ],
            "location_world": [
                1.6134672164916992,
                -0.36045488715171814,
                0.03779079020023346
            ],
            "name": "google_FAIRY_TALE_BLOCKS_7",
            "projected_cuboid": [
                [
                    383.4512233734131,
                    309.0875744819641
                ],
                [
                    301.5388548374176,
                    286.2579822540283
                ],
                [
                    333.1274390220642,
                    266.0362720489502
                ],
                [
                    424.4195818901062,
                    292.47772693634033
                ],
                [
                    392.22392439842224,
                    233.60031843185425
                ],
                [
                    314.4059181213379,
                    209.5765471458435
                ],
                [
                    345.9445834159851,
                    180.80736696720123
                ],
                [
                    432.16994404792786,
                    208.68271589279175
                ],
                [
                    365.6454086303711,
                    248.18828701972961
                ]
            ],
            "provenance": "visii",
            "quaternion_xyzw": [
                -0.6037604808807373,
                0.7700557708740234,
                -0.025796497240662575,
                -0.20450422167778015
            ],
            "quaternion_xyzw_world": [
                -0.0062062242068350315,
                0.8020584583282471,
                0.17250151932239532,
                0.5717577338218689
            ],
            "segmentation_id": 8,
            "visibility": 1
        },
        {
            "bounding_box_minx_maxx_miny_maxy": [
                468,
                499,
                318,
                392
            ],
            "class": "Great",
            "local_cuboid": null,
            "local_to_world_matrix": [
                [
                    -0.8388302326202393,
                    0.4662887454032898,
                    0.2809602916240692,
                    0.0
                ],
                [
                    -0.15267252922058105,
                    -0.6968823671340942,
                    0.7007468938827515,
                    0.0
                ],
                [
                    0.5225465893745422,
                    0.5449126958847046,
                    0.6557554006576538,
                    0.0
                ],
                [
                    1.5504240989685059,
                    -0.698544979095459,
                    -0.2830766439437866,
                    1.0
                ]
            ],
            "location": [
                0.698544979095459,
                -0.2830766439437866,
                -1.5504240989685059
            ],
            "location_world": [
                1.5504240989685059,
                -0.698544979095459,
                -0.2830766439437866
            ],
            "name": "google_Great_Jones_Wingtip_kAqSg6EgG0I_8",
            "projected_cuboid": [
                [
                    440.87105989456177,
                    364.94529247283936
                ],
                [
                    532.0286750793457,
                    282.77838230133057
                ],
                [
                    568.6300992965698,
                    314.5115077495575
                ],
                [
                    472.7844297885895,
                    398.88566732406616
                ],
                [
                    448.9026665687561,
                    369.7882294654846
                ],
                [
                    535.0848436355591,
                    292.45853424072266
                ],
                [
                    569.6308016777039,
                    322.6752579212189
                ],
                [
                    479.27340865135193,
                    401.95232629776
                ],
                [
                    504.9706697463989,
                    343.9022898674011
                ]
            ],
            "provenance": "visii",
            "quaternion_xyzw": [
                0.2981237471103668,
                0.8199973106384277,
                0.24647274613380432,
                -0.4218742549419403
            ],
            "quaternion_xyzw_world": [
                0.22488701343536377,
                0.34863752126693726,
                0.8932340145111084,
                0.17323602735996246
            ],
            "segmentation_id": 9,
            "visibility": 1
        },
        {
            "bounding_box_minx_maxx_miny_maxy": [
                365,
                430,
                236,
                301
            ],
            "class": "Ecoforms",
            "local_cuboid": null,
            "local_to_world_matrix": [
                [
                    -0.9189995527267456,
                    0.24371790885925293,
                    -0.3099055886268616,
                    0.0
                ],
                [
                    -0.1668197512626648,
                    0.4718407988548279,
                    0.8657582998275757,
                    0.0
                ],
                [
                    0.3572269082069397,
                    0.84732985496521,
                    -0.3929644823074341,
                    0.0
                ],
                [
                    1.8284071683883667,
                    -0.5226003527641296,
                    -0.02322929911315441,
                    1.0
                ]
            ],
            "location": [
                0.5226003527641296,
                -0.02322929911315441,
                -1.8284071683883667
            ],
            "location_world": [
                1.8284071683883667,
                -0.5226003527641296,
                -0.02322929911315441
            ],
            "name": "google_Ecoforms_Plant_Container_Quadra_Sand_QP6_9",
            "projected_cuboid": [
                [
                    383.36288928985596,
                    316.8330788612366
                ],
                [
                    355.40440678596497,
                    262.37350702285767
                ],
                [
                    409.040629863739,
                    239.6363615989685
                ],
                [
                    436.98883056640625,
                    296.37256264686584
                ],
                [
                    385.7075572013855,
                    293.09001564979553
                ],
                [
                    360.2820038795471,
                    243.10624599456787
                ],
                [
                    409.1346263885498,
                    221.85198962688446
                ],
                [
                    434.5504343509674,
                    273.7424075603485
                ],
                [
                    396.53652906417847,
                    268.2819068431854
                ]
            ],
            "provenance": "visii",
            "quaternion_xyzw": [
                -0.2488728165626526,
                0.785287082195282,
                -0.07199429720640182,
                -0.5623196363449097
            ],
            "quaternion_xyzw_world": [
                0.023044457659125328,
                0.8342369198799133,
                0.5133697986602783,
                0.19992296397686005
            ],
            "segmentation_id": 10,
            "visibility": 1
        },
        {
            "bounding_box_minx_maxx_miny_maxy": [
                -1,
                -1,
                -1,
                -1
            ],
            "class": "ReadytoUse",
            "local_cuboid": null,
            "local_to_world_matrix": [
                [
                    -0.2788618803024292,
                    -0.37618139386177063,
                    -0.8835856914520264,
                    0.0
                ],
                [
                    0.9217796325683594,
                    -0.36292850971221924,
                    -0.13640126585960388,
                    0.0
                ],
                [
                    -0.2693667709827423,
                    -0.8525083065032959,
                    0.44796323776245117,
                    0.0
                ],
                [
                    1.1690819263458252,
                    -0.15816044807434082,
                    -0.6705952286720276,
                    1.0
                ]
            ],
            "location": [
                0.15816044807434082,
                -0.6705952286720276,
                -1.1690819263458252
            ],
            "location_world": [
                1.1690819263458252,
                -0.15816044807434082,
                -0.6705952286720276
            ],
            "name": "google_ReadytoUse_Rolled_Fondant_Pure_White_24_oz_box_10",
            "projected_cuboid": [
                [
                    425.83364248275757,
                    609.2315912246704
                ],
                [
                    428.3115267753601,
                    598.4092950820923
                ],
                [
                    347.5477397441864,
                    623.7510442733765
                ],
                [
                    341.9317901134491,
                    635.1540088653564
                ],
                [
                    395.78694105148315,
                    540.2888655662537
                ],
                [
                    399.3620574474335,
                    532.4658155441284
                ],
                [
                    321.95356488227844,
                    559.5747232437134
                ],
                [
                    315.5052959918976,
                    568.1473612785339
                ],
                [
                    371.0700273513794,
                    583.0534100532532
                ]
            ],
            "provenance": "visii",
            "quaternion_xyzw": [
                0.5574979782104492,
                -0.23347941040992737,
                0.5073427557945251,
                -0.6142367124557495
            ],
            "quaternion_xyzw_world": [
                -0.3987804651260376,
                -0.3420417010784149,
                0.7227990031242371,
                -0.4489356577396393
            ],
            "segmentation_id": 11,
            "visibility": 0
        },
        {
            "bounding_box_minx_maxx_miny_maxy": [
                -1,
                -1,
                -1,
                -1
            ],
            "class": "Dog",
            "local_cuboid": null,
            "local_to_world_matrix": [
                [
                    0.0897679328918457,
                    -0.619245707988739,
                    0.7800490260124207,
                    0.0
                ],
                [
                    0.992749035358429,
                    0.11850035190582275,
                    -0.020173341035842896,
                    0.0
                ],
                [
                    -0.07994383573532104,
                    0.7762038707733154,
                    0.6253931522369385,
                    0.0
                ],
                [
                    1.1546261310577393,
                    0.5278264880180359,
                    0.44544458389282227,
                    1.0
                ]
            ],
            "location": [
                -0.5278264880180359,
                0.44544458389282227,
                -1.1546261310577393
            ],
            "location_world": [
                1.1546261310577393,
                0.5278264880180359,
                0.44544458389282227
            ],
            "name": "google_Dog_11",
            "projected_cuboid": [
                [
                    -91.43427014350891,
                    -129.15509939193726
                ],
                [
                    -51.36337876319885,
                    -70.93271613121033
                ],
                [
                    26.644811034202576,
                    -7.091939449310303
                ],
                [
                    0.5972832441329956,
                    -53.46029996871948
                ],
                [
                    -181.93256855010986,
                    -31.413376331329346
                ],
                [
                    -127.48774886131287,
                    13.014942407608032
                ],
                [
                    -47.186583280563354,
                    76.84952020645142
                ],
                [
                    -86.7106020450592,
                    44.299766421318054
                ],
                [
                    -67.57622957229614,
                    -18.07868480682373
                ]
            ],
            "provenance": "visii",
            "quaternion_xyzw": [
                -0.6243947744369507,
                -0.26487597823143005,
                0.3467244803905487,
                0.6478842496871948
            ],
            "quaternion_xyzw_world": [
                -0.2940554618835449,
                -0.31754499673843384,
                -0.5952152609825134,
                0.6770637631416321
            ],
            "segmentation_id": 12,
            "visibility": 0
        },
        {
            "bounding_box_minx_maxx_miny_maxy": [
                -1,
                -1,
                -1,
                -1
            ],
            "class": "Black",
            "local_cuboid": null,
            "local_to_world_matrix": [
                [
                    -0.059571266174316406,
                    0.8212297558784485,
                    0.5674794316291809,
                    0.0
                ],
                [
                    -0.2987075448036194,
                    -0.5571050643920898,
                    0.7748597264289856,
                    0.0
                ],
                [
                    0.952483594417572,
                    -0.12335103750228882,
                    0.27849501371383667,
                    0.0
                ],
                [
                    0.9251086711883545,
                    -0.48711660504341125,
                    -0.2952699363231659,
                    1.0
                ]
            ],
            "location": [
                0.48711660504341125,
                -0.2952699363231659,
                -0.9251086711883545
            ],
            "location_world": [
                0.9251086711883545,
                -0.48711660504341125,
                -0.2952699363231659
            ],
            "name": "google_Black_Elderberry_Syrup_54_oz_Gaia_Herbs_12",
            "projected_cuboid": [
                [
                    512.2450590133667,
                    397.4674642086029
                ],
                [
                    535.5129837989807,
                    373.69197607040405
                ],
                [
                    566.8467283248901,
                    419.05125975608826
                ],
                [
                    539.5358800888062,
                    445.49280405044556
                ],
                [
                    537.783682346344,
                    415.2219593524933
                ],
                [
                    561.4034533500671,
                    391.8197453022003
                ],
                [
                    596.5189933776855,
                    439.7400915622711
                ],
                [
                    568.7477588653564,
                    465.69517254829407
                ],
                [
                    551.1513352394104,
                    416.9832468032837
                ]
            ],
            "provenance": "visii",
            "quaternion_xyzw": [
                0.29849374294281006,
                0.941882848739624,
                0.15320444107055664,
                0.016928791999816895
            ],
            "quaternion_xyzw_world": [
                0.5520504713058472,
                0.23662792146205902,
                0.6883261203765869,
                0.40676116943359375
            ],
            "segmentation_id": 13,
            "visibility": 0
        },
        {
            "bounding_box_minx_maxx_miny_maxy": [
                397,
                429,
                55,
                100
            ],
            "class": "Razer",
            "local_cuboid": null,
