{
    "camera_data": {
        "camera_look_at": {
            "at": [
                1.0,
                0.0,
                0.0
            ],
            "eye": [
                0.0,
                0.0,
                0.0
            ],
            "up": [
                0.0,
                0.0,
                1.0
            ]
        },
        "camera_view_matrix": [
            [
                0.0,
                0.0,
                -1.0,
                0.0
            ],
            [
                -1.0,
                0.0,
                0.0,
                0.0
            ],
            [
                0.0,
                1.0,
                0.0,
                0.0
            ],
            [
                0.0,
                0.0,
                0.0,
                1.0
            ]
        ],
        "height": 500,
        "intrinsics": {
            "cx": 250.0,
            "cy": 250.0,
            "fx": 603.5535278320312,
            "fy": 603.5535278320312
        },
        "location_world": [
            0.0,
            0.0,
            0.0
        ],
        "quaternion_world_xyzw": [
            0.5,
            -0.5,
            -0.5,
            0.5
        ],
        "width": 500
    },
    "objects": [
        {
            "bounding_box_minx_maxx_miny_maxy": [
                463,
                498,
                467,
                500
            ],
            "class": "Reebok",
            "local_cuboid": null,
            "local_to_world_matrix": [
                [
                    0.7480031251907349,
                    0.26255691051483154,
                    -0.6095532774925232,
                    0.0
                ],
                [
                    -0.2647145986557007,
                    0.9602325558662415,
                    0.08876717835664749,
                    0.0
                ],
                [
                    0.6086193919181824,
                    0.09495953470468521,
                    0.7877596020698547,
                    0.0
                ],
                [
                    1.6195651292800903,
                    -0.6956802606582642,
                    -0.6930421590805054,
                    1.0
                ]
            ],
            "location": [
                0.6956802606582642,
                -0.6930421590805054,
                -1.6195651292800903
            ],
            "location_world": [
                1.6195651292800903,
                -0.6956802606582642,
                -0.6930421590805054
            ],
            "name": "google_Reebok_SOMERSET_RUN_0",
            "projected_cuboid": [
                [
                    526.1613726615906,
                    471.17844223976135
                ],
                [
                    438.6517405509949,
                    472.03779220581055
                ],
                [
                    450.9648084640503,
                    515.715479850769
                ],
                [
                    541.549801826477,
                    512.8306150436401
                ],
                [
                    550.5873560905457,
                    457.6314091682434
                ],
                [
                    459.66267585754395,
                    457.88365602493286
                ],
                [
                    473.616361618042,
                    503.30793857574463
                ],
                [
                    567.8476095199585,
                    500.8671283721924
                ],
                [
                    501.7348527908325,
                    486.11438274383545
                ]
            ],
            "provenance": "visii",
            "quaternion_xyzw": [
                -0.5606459379196167,
                0.699989914894104,
                0.3758890628814697,
                0.23323321342468262
            ],
            "quaternion_xyzw_world": [
                -0.0016559242503717542,
                0.3257567584514618,
                0.1409999281167984,
                0.9348790645599365
            ],
            "segmentation_id": 1,
            "visibility": 1
        },
        {
            "bounding_box_minx_maxx_miny_maxy": [
                -1,
                -1,
                -1,
                -1
            ],
            "class": "Breyer",
            "local_cuboid": null,
            "local_to_world_matrix": [
                [
                    0.9459331631660461,
                    0.3241143524646759,
                    0.012664362788200378,
                    0.0
                ],
                [
                    0.25895676016807556,
                    -0.7311060428619385,
                    -0.6312095522880554,
                    0.0
                ],
                [
                    -0.1953250616788864,
                    0.6003615260124207,
                    -0.7755089998245239,
                    0.0
                ],
                [
                    1.5203359127044678,
                    0.7026761770248413,
                    -0.07691776007413864,
                    1.0
                ]
            ],
            "location": [
                -0.7026761770248413,
                -0.07691776007413864,
                -1.5203359127044678
            ],
            "location_world": [
                1.5203359127044678,
                0.7026761770248413,
                -0.07691776007413864
            ],
            "name": "google_Breyer_Horse_Of_The_Year_2015_1",
            "projected_cuboid": [
                [
                    -71.20150327682495,
                    318.0950880050659
                ],
                [
                    -52.41319537162781,
                    331.1117887496948
                ],
                [
                    -13.057470321655273,
                    285.9207093715668
                ],
                [
                    -31.138181686401367,
                    272.72823452949524
                ],
                [
                    -89.3692672252655,
                    330.1924765110016
                ],
                [
                    -67.43419170379639,
                    345.1242744922638
                ],
                [
                    -21.709531545639038,
                    292.6879823207855
                ],
                [
                    -42.692482471466064,
                    277.5168716907501
                ],
                [
                    -47.88088798522949,
                    306.1232566833496
                ]
            ],
            "provenance": "visii",
            "quaternion_xyzw": [
                0.5272025465965271,
                0.3526966869831085,
                -0.7332545518875122,
                0.2449495941400528
            ],
            "quaternion_xyzw_world": [
                0.9290516972541809,
                0.15689952671527863,
                -0.04915245994925499,
                -0.3314054310321808
            ],
            "segmentation_id": 2,
            "visibility": 0
        },
        {
            "bounding_box_minx_maxx_miny_maxy": [
                0,
                87,
                7,
                150
            ],
            "class": "Smith",
            "local_cuboid": null,
            "local_to_world_matrix": [
                [
                    0.14149504899978638,
                    -0.49932432174682617,
                    0.8547832369804382,
                    0.0
                ],
                [
                    -0.02962835133075714,
                    0.8609477281570435,
                    0.5078298449516296,
                    0.0
                ],
                [
                    -0.9894954562187195,
                    -0.09718121588230133,
                    0.10702568292617798,
                    0.0
                ],
                [
                    1.9193594455718994,
                    0.6696603894233704,
                    0.4877743721008301,
                    1.0
                ]
            ],
            "location": [
                -0.6696603894233704,
                0.4877743721008301,
                -1.9193594455718994
            ],
            "location_world": [
                1.9193594455718994,
                0.6696603894233704,
                0.4877743721008301
            ],
            "name": "google_Smith_Hawken_Woven_BasketTray_Organizer_with_3_Compartments_95_x_9_x_13_2",
            "projected_cuboid": [
                [
                    91.87395870685577,
                    33.27342867851257
                ],
                [
                    11.292561888694763,
                    -14.81965184211731
                ],
                [
                    35.87286174297333,
                    30.40100634098053
                ],
                [
                    105.36235570907593,
                    71.75460457801819
                ],
                [
                    20.304575562477112,
                    140.54512977600098
                ],
                [
                    -63.14536929130554,
                    91.44444763660431
                ],
                [
                    -27.428627014160156,
                    122.93605506420135
                ],
                [
                    44.18434202671051,
                    165.02994298934937
                ],
                [
                    28.762653470039368,
                    80.7051807641983
                ]
            ],
            "provenance": "visii",
            "quaternion_xyzw": [
                -0.02235516905784607,
                0.06893839687108994,
                0.49556565284729004,
                0.8655416965484619
            ],
            "quaternion_xyzw_world": [
                0.20827962458133698,
                -0.6349068880081177,
                -0.1616963893175125,
                0.7262004613876343
            ],
            "segmentation_id": 3,
            "visibility": 1
        },
        {
            "bounding_box_minx_maxx_miny_maxy": [
                163,
                351,
                1,
                92
            ],
            "class": "Paul",
            "local_cuboid": null,
            "local_to_world_matrix": [
                [
                    0.6848372220993042,
                    0.7284772396087646,
                    0.01785874366760254,
                    0.0
                ],
                [
                    -0.5211879014968872,
                    0.47254323959350586,
                    0.7106800079345703,
                    0.0
                ],
                [
                    0.5092751979827881,
                    -0.49600788950920105,
                    0.7032886743545532,
                    0.0
                ],
                [
                    0.873288094997406,
                    0.04172099009156227,
                    0.2746204733848572,
                    1.0
                ]
            ],
            "location": [
                -0.04172099009156227,
                0.2746204733848572,
                -0.873288094997406
            ],
            "location_world": [
                0.873288094997406,
                0.04172099009156227,
                0.2746204733848572
            ],
            "name": "google_Paul_Frank_Dot_Lunch_Box_3",
            "projected_cuboid": [
                [
                    251.38181447982788,
                    31.542852520942688
                ],
                [
                    222.24724292755127,
                    -24.045228958129883
                ],
                [
                    144.50156688690186,
                    46.60961031913757
                ],
                [
                    181.51582777500153,
                    104.81344163417816
                ],
                [
                    376.23369693756104,
                    -7.79491662979126
                ],
                [
                    349.12192821502686,
                    -77.39797234535217
                ],
                [
                    272.65676856040955,
                    1.786157488822937
                ],
                [
                    309.0166449546814,
                    76.03611052036285
                ],
                [
                    259.99581813812256,
                    19.494637846946716
                ]
            ],
            "provenance": "visii",
            "quaternion_xyzw": [
                -0.13239896297454834,
                0.8585500121116638,
                0.3565536141395569,
                0.34384864568710327
            ],
            "quaternion_xyzw_world": [
                0.35672304034233093,
                0.1452733278274536,
                0.36942800879478455,
                0.8456756472587585
            ],
            "segmentation_id": 4,
            "visibility": 1
        },
        {
            "bounding_box_minx_maxx_miny_maxy": [
                -1,
                -1,
                -1,
                -1
            ],
            "class": "Toys",
            "local_cuboid": null,
            "local_to_world_matrix": [
                [
                    -0.8281434774398804,
                    0.5536919832229614,
                    -0.08720161020755768,
                    0.0
                ],
                [
                    0.04614683985710144,
                    -0.08769547939300537,
                    -0.9950780272483826,
                    0.0
                ],
                [
                    -0.5586138367652893,
                    -0.8280912041664124,
                    0.04707300662994385,
                    0.0
                ],
                [
                    1.3622031211853027,
                    0.3039395213127136,
                    0.6424108147621155,
                    1.0
                ]
            ],
            "location": [
                -0.3039395213127136,
                0.6424108147621155,
                -1.3622031211853027
            ],
            "location_world": [
                1.3622031211853027,
                0.3039395213127136,
                0.6424108147621155
            ],
            "name": "google_Toys_R_Us_Treat_Dispenser_Smart_Puzzle_Foobler_4",
            "projected_cuboid": [
                [
                    136.93520426750183,
                    -109.1916561126709
                ],
                [
                    144.29451525211334,
                    -31.08114004135132
                ],
                [
                    92.3357605934143,
                    -9.221643209457397
                ],
                [
                    85.17871797084808,
                    -82.04016089439392
                ],
                [
                    186.4420771598816,
                    -80.85975050926208
                ],
                [
                    192.83826649188995,
                    -10.34495234489441
                ],
                [
                    142.62531697750092,
                    8.312508463859558
                ],
                [
                    136.36386394500732,
                    -57.86058306694031
                ],
                [
                    140.0185078382492,
                    -45.51997780799866
                ]
            ],
            "provenance": "visii",
            "quaternion_xyzw": [
                0.4697798490524292,
                0.0002627372741699219,
                0.8813886642456055,
                -0.04960834980010986
            ],
            "quaternion_xyzw_world": [
                -0.2304772138595581,
                -0.6506487131118774,
                0.7005198001861572,
                0.18113161623477936
            ],
            "segmentation_id": 5,
            "visibility": 0
        },
        {
            "bounding_box_minx_maxx_miny_maxy": [
                461,
                499,
                1,
                9
            ],
            "class": "Tag",
            "local_cuboid": null,
            "local_to_world_matrix": [
                [
                    -0.586817741394043,
                    -0.7824985384941101,
                    0.20818495750427246,
                    0.0
                ],
                [
                    0.7008249163627625,
                    -0.6196063756942749,
                    -0.35345783829689026,
                    0.0
                ],
                [
                    0.40557295083999634,
                    -0.06151410937309265,
                    0.9119904637336731,
                    0.0
                ],
                [
                    1.700050711631775,
                    -0.6805818676948547,
                    0.7331041097640991,
                    1.0
                ]
            ],
            "location": [
                0.6805818676948547,
                0.7331041097640991,
                -1.700050711631775
            ],
            "location_world": [
                1.700050711631775,
                -0.6805818676948547,
                0.7331041097640991
            ],
            "name": "google_Tag_Dishtowel_Basket_Weave_Red_18_x_26_5",
            "projected_cuboid": [
                [
                    508.21030139923096,
                    -64.18091058731079
                ],
                [
                    533.9703559875488,
                    -6.320297718048096
                ],
                [
                    535.5411767959595,
                    2.665996551513672
                ],
                [
                    509.71245765686035,
                    -54.780513048172
                ],
                [
                    444.99510526657104,
                    -32.764166593551636
                ],
                [
                    474.95126724243164,
                    19.180670380592346
                ],
                [
                    475.9807884693146,
                    27.872875332832336
                ],
                [
                    445.87159156799316,
                    -23.66134524345398
                ],
                [
                    490.919291973114,
                    -14.794349670410156
                ]
            ],
            "provenance": "visii",
            "quaternion_xyzw": [
                0.7971087098121643,
                0.25962308049201965,
                0.2033385932445526,
                -0.5058329105377197
            ],
            "quaternion_xyzw_world": [
                0.173780158162117,
                -0.11749565601348877,
                0.8829516768455505,
                -0.41999000310897827
            ],
            "segmentation_id": 6,
            "visibility": 1
        },
        {
            "bounding_box_minx_maxx_miny_maxy": [
                0,
                41,
                66,
                152
            ],
            "class": "FRACTION",
            "local_cuboid": null,
            "local_to_world_matrix": [
                [
                    0.2771565914154053,
                    0.25339290499687195,
                    0.9268097281455994,
                    0.0
                ],
                [
                    -0.48773857951164246,
                    -0.7939727306365967,
                    0.3629299998283386,
                    0.0
                ],
                [
                    0.8278256058692932,
                    -0.552629292011261,
                    -0.09646522998809814,
                    0.0
                ],
                [
                    1.5871537923812866,
                    0.6293818354606628,
                    0.3733903467655182,
                    1.0
                ]
            ],
            "location": [
                -0.6293818354606628,
                0.3733903467655182,
                -1.5871537923812866
            ],
            "location_world": [
                1.5871537923812866,
                0.6293818354606628,
                0.3733903467655182
            ],
            "name": "google_FRACTION_FUN_n4h4qte23QR_6",
            "projected_cuboid": [
                [
                    -0.30726194381713867,
                    101.76447033882141
                ],
                [
                    41.870057582855225,
                    67.35515594482422
                ],
                [
                    27.719318866729736,
                    61.49663031101227
                ],
                [
                    -14.592796564102173,
                    96.98453545570374
                ],
                [
                    8.590638637542725,
                    156.95400536060333
                ],
                [
                    52.61524021625519,
                    124.7473806142807
                ],
                [
                    38.268327713012695,
                    120.07297575473785
                ],
                [
                    -5.925536155700684,
                    153.27319502830505
                ],
                [
                    17.916828393936157,
                    110.41387915611267
                ]
            ],
            "provenance": "visii",
            "quaternion_xyzw": [
                0.5503414273262024,
                0.7816886305809021,
                0.12513715028762817,
                0.2653824985027313
            ],
            "quaternion_xyzw_world": [
                0.7361376881599426,
                -0.0795862227678299,
                0.5958923697471619,
                0.3109334409236908
            ],
            "segmentation_id": 7,
            "visibility": 1
        },
        {
            "bounding_box_minx_maxx_miny_maxy": [
                403,
                499,
                107,
                249
            ],
            "class": "FAIRY",
            "local_cuboid": null,
            "local_to_world_matrix": [
                [
                    -0.26442110538482666,
                    0.7642395496368408,
                    -0.5882344841957092,
                    0.0
                ],
                [
                    0.9502263069152832,
                    0.10224264860153198,
                    -0.29430723190307617,
                    0.0
                ],
                [
                    -0.16477839648723602,
                    -0.6367767453193665,
                    -0.7532358169555664,
                    0.0
                ],
                [
                    1.060606598854065,
                    -0.38008469343185425,
                    0.19777119159698486,
                    1.0
                ]
            ],
            "location": [
                0.38008469343185425,
                0.19777119159698486,
                -1.060606598854065
            ],
            "location_world": [
                1.060606598854065,
                -0.38008469343185425,
                0.19777119159698486
            ],
            "name": "google_FAIRY_TALE_BLOCKS_7",
            "projected_cuboid": [
                [
                    557.3643445968628,
                    253.17347049713135
                ],
                [
                    473.4087586402893,
                    294.6119010448456
                ],
                [
                    391.9605612754822,
                    205.26771247386932
                ],
                [
                    449.74589347839355,
                    140.56581258773804
                ],
                [
                    658.5149765014648,
                    158.44228863716125
                ],
                [
                    557.6639771461487,
                    217.7639752626419
                ],
                [
                    478.05070877075195,
                    135.53711771965027
                ],
                [
                    554.3391704559326,
                    57.0601224899292
                ],
                [
                    510.96951961517334,
                    184.3615025281906
                ]
            ],
            "provenance": "visii",
            "quaternion_xyzw": [
                -0.3021959066390991,
                0.5712167024612427,
                -0.745540976524353,
                0.16296611726284027
            ],
            "quaternion_xyzw_world": [
                0.588763952255249,
                0.7279937267303467,
                -0.3197431266307831,
                0.14541886746883392
            ],
            "segmentation_id": 8,
            "visibility": 1
        },
        {
            "bounding_box_minx_maxx_miny_maxy": [
                481,
                499,
                200,
                232
            ],
            "class": "Great",
            "local_cuboid": null,
            "local_to_world_matrix": [
                [
                    -0.23827779293060303,
                    -0.896165132522583,
                    0.3743152618408203,
                    0.0
                ],
                [
                    0.01133650541305542,
                    -0.3879566192626953,
                    -0.9216079711914062,
                    0.0
                ],
                [
                    0.9711309671401978,
                    -0.21535524725914001,
                    0.10260069370269775,
                    0.0
                ],
                [
                    1.8908178806304932,
                    -0.7764300107955933,
                    0.10605797171592712,
                    1.0
                ]
            ],
            "location": [
                0.7764300107955933,
                0.10605797171592712,
                -1.8908178806304932
            ],
            "location_world": [
                1.8908178806304932,
                -0.7764300107955933,
                0.10605797171592712
            ],
            "name": "google_Great_Jones_Wingtip_kAqSg6EgG0I_8",
            "projected_cuboid": [
                [
                    490.1137948036194,
                    164.19777274131775
                ],
                [
                    526.4045000076294,
                    251.57427787780762
                ],
                [
                    534.7834229469299,
                    255.41460514068604
                ],
                [
                    496.37162685394287,
                    162.9001796245575
                ],
                [
                    457.05801248550415,
                    177.81388759613037
                ],
                [
                    492.9295480251312,
                    264.01785016059875
                ],
                [
                    499.2518424987793,
                    268.52595806121826
                ],
                [
                    461.3092541694641,
                    177.32498049736023
                ],
                [
                    494.5884644985199,
                    215.28412401676178
                ]
            ],
            "provenance": "visii",
            "quaternion_xyzw": [
                0.9732553958892822,
                0.1958046853542328,
                0.11652466654777527,
                -0.029267072677612305
            ],
            "quaternion_xyzw_world": [
                0.5116341710090637,
                -0.4323541522026062,
                0.6574258804321289,
                -0.34509655833244324
            ],
            "segmentation_id": 9,
            "visibility": 1
        },
        {
            "bounding_box_minx_maxx_miny_maxy": [
                418,
                486,
                135,
                207
            ],
            "class": "Ecoforms",
            "local_cuboid": null,
            "local_to_world_matrix": [
                [
                    -0.8975498676300049,
                    0.3442777097225189,
                    -0.2754592299461365,
                    0.0
                ],
                [
                    -0.1380428671836853,
                    0.37391847372055054,
                    0.9171310663223267,
                    0.0
                ],
                [
                    0.41874706745147705,
                    0.8611956834793091,
                    -0.2880856990814209,
                    0.0
                ],
                [
                    1.8010153770446777,
                    -0.7061188817024231,
                    0.2867334485054016,
                    1.0
                ]
            ],
            "location": [
                0.7061188817024231,
                0.2867334485054016,
                -1.8010153770446777
            ],
            "location_world": [
                1.8010153770446777,
                -0.7061188817024231,
                0.2867334485054016
            ],
            "name": "google_Ecoforms_Plant_Container_Quadra_Sand_QP6_9",
            "projected_cuboid": [
                [
                    439.120352268219,
                    208.13269913196564
                ],
                [
                    417.7200198173523,
                    148.1567919254303
                ],
                [
                    476.12202167510986,
                    126.72443687915802
                ],
                [
                    497.50930070877075,
                    189.4739419221878
                ],
                [
                    442.79617071151733,
                    195.70036232471466
                ],
                [
                    423.326313495636,
                    140.82784950733185
                ],
                [
                    476.61322355270386,
                    121.07405066490173
                ],
                [
                    496.07014656066895,
                    178.25794219970703
                ],
                [
                    458.2447409629822,
                    163.72588276863098
                ]
            ],
            "provenance": "visii",
            "quaternion_xyzw": [
                -0.19832958281040192,
                0.8185591101646423,
                -0.045825231820344925,
                -0.5371467471122742
            ],
            "quaternion_xyzw_world": [
                0.06445399671792984,
                0.7999303340911865,
                0.55577552318573,
                0.21695835888385773
            ],
            "segmentation_id": 10,
            "visibility": 1
        },
        {
            "bounding_box_minx_maxx_miny_maxy": [
                407,
                474,
                443,
                500
            ],
            "class": "ReadytoUse",
            "local_cuboid": null,
            "local_to_world_matrix": [
                [
                    -0.03323197364807129,
                    0.8458889126777649,
                    -0.5323228240013123,
                    0.0
                ],
                [
                    0.8922238945960999,
                    0.26511532068252563,
                    0.36558234691619873,
                    0.0
                ],
                [
                    0.4503690004348755,
                    -0.46280211210250854,
                    -0.7635326385498047,
                    0.0
                ],
                [
                    1.5208373069763184,
                    -0.45519259572029114,
                    -0.5258172750473022,
                    1.0
                ]
            ],
            "location": [
                0.45519259572029114,
                -0.5258172750473022,
                -1.5208373069763184
            ],
            "location_world": [
                1.5208373069763184,
                -0.45519259572029114,
                -0.5258172750473022
            ],
            "name": "google_ReadytoUse_Rolled_Fondant_Pure_White_24_oz_box_10",
            "projected_cuboid": [
                [
                    437.4498128890991,
                    517.0182585716248
                ],
                [
                    427.5059103965759,
                    503.07464599609375
                ],
                [
                    405.68000078201294,
                    465.1052951812744
                ],
                [
                    415.4894948005676,
                    478.6447286605835
                ],
                [
                    476.3641357421875,
                    491.54210090637207
                ],
                [
                    465.3925895690918,
                    478.32220792770386
                ],
                [
                    445.48681378364563,
                    439.2351508140564
                ],
                [
                    456.4322829246521,
                    451.98267698287964
                ],
                [
                    441.4321780204773,
                    478.4771203994751
                ]
            ],
            "provenance": "visii",
            "quaternion_xyzw": [
                -0.24438583850860596,
                0.8157573342323303,
                -0.5074292421340942,
                0.13164763152599335
            ],
            "quaternion_xyzw_world": [
                0.6052241921424866,
                0.717962384223938,
                -0.033852677792310715,
                0.3421808183193207
            ],
            "segmentation_id": 11,
            "visibility": 1
        },
        {
            "bounding_box_minx_maxx_miny_maxy": [
                30,
                97,
                1,
                24
            ],
            "class": "Dog",
            "local_cuboid": null,
            "local_to_world_matrix": [
                [
                    0.5154392123222351,
                    0.6603782773017883,
                    -0.5460979342460632,
                    0.0
                ],
                [
                    0.6436325907707214,
                    -0.7190725803375244,
                    -0.2620527148246765,
                    0.0
                ],
                [
                    -0.5657380223274231,
                    -0.2164141982793808,
                    -0.7956790924072266,
                    0.0
                ],
                [
                    1.5024926662445068,
                    0.4408867657184601,
                    0.7147284150123596,
                    1.0
                ]
            ],
            "location": [
                -0.4408867657184601,
                0.7147284150123596,
                -1.5024926662445068
            ],
            "location_world": [
                1.5024926662445068,
                0.4408867657184601,
                0.7147284150123596
            ],
            "name": "google_Dog_11",
            "projected_cuboid": [
                [
                    14.663264155387878,
                    26.267141103744507
                ],
                [
                    86.78267896175385,
                    63.488468527793884
                ],
                [
                    82.08528161048889,
                    17.505034804344177
                ],
                [
                    14.997318387031555,
                    -20.58929204940796
                ],
                [
                    65.24617969989777,
                    -54.89996075630188
                ],
                [
                    139.20821249485016,
                    -7.49167799949646
                ],
                [
                    130.20846247673035,
                    -51.81118845939636
                ],
                [
                    61.490267515182495,
                    -99.19428825378418
                ],
                [
                    74.689581990242,
                    -14.294981956481934
                ]
            ],
            "provenance": "visii",
            "quaternion_xyzw": [
                0.09478452801704407,
                0.45623117685317993,
                -0.7886965274810791,
                0.40103209018707275
            ],
            "quaternion_xyzw_world": [
                0.8703721761703491,
                0.3745555281639099,
                -0.3193564713001251,
                -0.013108910992741585
            ],
            "segmentation_id": 12,
            "visibility": 1
        },
        {
            "bounding_box_minx_maxx_miny_maxy": [
                412,
                499,
                236,
                305
            ],
            "class": "Black",
            "local_cuboid": null,
            "local_to_world_matrix": [
                [
                    -0.7327568531036377,
                    -0.25488078594207764,
                    0.6309541463851929,
                    0.0
                ],
                [
                    0.6771349906921387,
                    -0.1811385154724121,
                    0.7132159471511841,
                    0.0
                ],
                [
                    -0.0674949586391449,
                    0.9498550891876221,
                    0.3053191900253296,
                    0.0
                ],
                [
                    1.002555251121521,
                    -0.4161805808544159,
                    -0.05559820309281349,
                    1.0
                ]
            ],
            "location": [
                0.4161805808544159,
                -0.05559820309281349,
                -1.002555251121521
            ],
            "location_world": [
                1.002555251121521,
                -0.4161805808544159,
                -0.05559820309281349
            ],
            "name": "google_Black_Elderberry_Syrup_54_oz_Gaia_Herbs_12",
            "projected_cuboid": [
                [
                    427.7037978172302,
                    259.1005563735962
                ],
                [
                    427.04829573631287,
                    233.08877646923065
                ],
                [
                    508.3680748939514,
                    259.94986295700073
                ],
                [
                    512.4003887176514,
                    286.8143320083618
                ],
                [
                    411.3727807998657,
                    280.61163425445557
                ],
                [
                    411.3759398460388,
                    254.82070446014404
                ],
                [
                    489.5803928375244,
                    280.40024638175964
                ],
                [
                    492.6954209804535,
                    306.9593906402588
                ],
                [
                    460.0634574890137,
                    270.2396810054779
                ]
            ],
            "provenance": "visii",
            "quaternion_xyzw": [
                0.34429994225502014,
                0.5896694660186768,
                -0.15763740241527557,
                -0.7133708000183105
            ],
            "quaternion_xyzw_world": [
                0.18911799788475037,
                0.5581888556480408,
                0.7448514103889465,
                -0.31281936168670654
            ],
            "segmentation_id": 13,
            "visibility": 1
        },
        {
            "bounding_box_minx_maxx_miny_maxy": [
                -1,
                -1,
                -1,
                -1
            ],
            "class": "Razer",
