{
    "camera_data": {
        "camera_look_at": {
            "at": [
                1.0,
                0.0,
                0.0
            ],
            "eye": [
                0.0,
                0.0,
                0.0
            ],
            "up": [
                0.0,
                0.0,
                1.0
            ]
        },
        "camera_view_matrix": [
            [
                0.0,
                0.0,
                -1.0,
                0.0
            ],
            [
                -1.0,
                0.0,
                0.0,
                0.0
            ],
            [
                0.0,
                1.0,
                0.0,
                0.0
            ],
            [
                0.0,
                0.0,
                0.0,
                1.0
            ]
        ],
        "height": 500,
        "intrinsics": {
            "cx": 250.0,
            "cy": 250.0,
            "fx": 603.5535278320312,
            "fy": 603.5535278320312
        },
        "location_world": [
            0.0,
            0.0,
            0.0
        ],
        "quaternion_world_xyzw": [
            0.5,
            -0.5,
            -0.5,
            0.5
        ],
        "width": 500
    },
    "objects": [
        {
            "bounding_box_minx_maxx_miny_maxy": [
                413,
                499,
                482,
                500
            ],
            "class": "Reebok",
            "local_cuboid": null,
            "local_to_world_matrix": [
                [
                    -0.40233635902404785,
                    -0.21023578941822052,
                    0.8910254836082458,
                    0.0
                ],
                [
                    -0.07399390637874603,
                    -0.9626232385635376,
                    -0.26054057478904724,
                    0.0
                ],
                [
                    0.9124967455863953,
                    -0.17075538635253906,
                    0.3717421293258667,
                    0.0
                ],
                [
                    1.8417600393295288,
                    -0.6443310976028442,
                    -0.805540919303894,
                    1.0
                ]
            ],
            "location": [
                0.6443310976028442,
                -0.805540919303894,
                -1.8417600393295288
            ],
            "location_world": [
                1.8417600393295288,
                -0.6443310976028442,
                -0.805540919303894
            ],
            "name": "google_Reebok_SOMERSET_RUN_0",
            "projected_cuboid": [
                [
                    416.8423116207123,
                    460.14687418937683
                ],
                [
                    507.5596570968628,
                    486.5667223930359
                ],
                [
                    516.0328149795532,
                    514.8335099220276
                ],
                [
                    419.96291279792786,
                    486.5495562553406
                ],
                [
                    405.78946471214294,
                    485.9669506549835
                ],
                [
                    494.2823648452759,
                    512.0598077774048
                ],
                [
                    501.7890930175781,
                    541.0912036895752
                ],
                [
                    408.2100987434387,
                    513.1889581680298
                ],
                [
                    458.39452743530273,
                    499.74125623703003
                ]
            ],
            "provenance": "visii",
            "quaternion_xyzw": [
                0.7718926668167114,
                0.6003583073616028,
                0.1856124997138977,
                -0.09643447399139404
            ],
            "quaternion_xyzw_world": [
                0.5451020002365112,
                -0.13035619258880615,
                0.827148973941803,
                -0.04117815941572189
            ],
            "segmentation_id": 1,
            "visibility": 1
        },
        {
            "bounding_box_minx_maxx_miny_maxy": [
                242,
                300,
                451,
                486
            ],
            "class": "Breyer",
            "local_cuboid": null,
            "local_to_world_matrix": [
                [
                    0.5495721101760864,
                    -0.6275641918182373,
                    -0.5514832139015198,
                    0.0
                ],
                [
                    0.7491083145141602,
                    0.07791388034820557,
                    0.6578496694564819,
                    0.0
                ],
                [
                    -0.3698747456073761,
                    -0.7746564149856567,
                    0.5129328370094299,
                    0.0
                ],
                [
                    1.9275648593902588,
                    -0.028782106935977936,
                    -0.7310280799865723,
                    1.0
                ]
            ],
            "location": [
                0.028782106935977936,
                -0.7310280799865723,
                -1.9275648593902588
            ],
            "location_world": [
                1.9275648593902588,
                -0.028782106935977936,
                -0.7310280799865723
            ],
            "name": "google_Breyer_Horse_Of_The_Year_2015_1",
            "projected_cuboid": [
                [
                    320.0644552707672,
                    480.25643825531006
                ],
                [
                    317.13783740997314,
                    463.5065793991089
                ],
                [
                    279.76804971694946,
                    481.0091555118561
                ],
                [
                    281.7929983139038,
                    497.6615607738495
                ],
                [
                    276.161253452301,
                    453.6372423171997
                ],
                [
                    274.0662395954132,
                    436.3546371459961
                ],
                [
                    235.4768067598343,
                    455.8461904525757
                ],
                [
                    236.6051822900772,
                    473.05476665496826
                ],
                [
                    278.0720293521881,
                    468.13827753067017
                ]
            ],
            "provenance": "visii",
            "quaternion_xyzw": [
                -0.38724660873413086,
                0.40632832050323486,
                -0.14531072974205017,
                0.8147528171539307
            ],
            "quaternion_xyzw_world": [
                0.4895726144313812,
                0.062066420912742615,
                -0.4704909324645996,
                0.7315084934234619
            ],
            "segmentation_id": 2,
            "visibility": 1
        },
        {
            "bounding_box_minx_maxx_miny_maxy": [
                0,
                85,
                1,
                99
            ],
            "class": "Smith",
            "local_cuboid": null,
            "local_to_world_matrix": [
                [
                    -0.0005767345428466797,
                    -0.47747692465782166,
                    0.8786440491676331,
                    0.0
                ],
                [
                    -0.4065713584423065,
                    0.8028580546379089,
                    0.43602603673934937,
                    0.0
                ],
                [
                    -0.9136188626289368,
                    -0.35698002576828003,
                    -0.19459152221679688,
                    0.0
                ],
                [
                    1.9542624950408936,
                    0.7000247836112976,
                    0.6796019077301025,
                    1.0
                ]
            ],
            "location": [
                -0.7000247836112976,
                0.6796019077301025,
                -1.9542624950408936
            ],
            "location_world": [
                1.9542624950408936,
                0.7000247836112976,
                0.6796019077301025
            ],
            "name": "google_Smith_Hawken_Woven_BasketTray_Organizer_with_3_Compartments_95_x_9_x_13_2",
            "projected_cuboid": [
                [
                    108.53166878223419,
                    0.35552680492401123
                ],
                [
                    24.311020970344543,
                    -56.30016326904297
                ],
                [
                    23.00269901752472,
                    -33.36304426193237
                ],
                [
                    96.99031710624695,
                    15.166804194450378
                ],
                [
                    49.54914748668671,
                    108.9542955160141
                ],
                [
                    -38.38622570037842,
                    59.164658188819885
                ],
                [
                    -31.604677438735962,
                    67.20112264156342
                ],
                [
                    45.22255063056946,
                    110.48243939876556
                ],
                [
                    35.76652705669403,
                    35.064756870269775
                ]
            ],
            "provenance": "visii",
            "quaternion_xyzw": [
                0.17876803874969482,
                0.10598379373550415,
                0.5000289678573608,
                0.8407023549079895
            ],
            "quaternion_xyzw_world": [
                0.3127126097679138,
                -0.7067577838897705,
                -0.02796078287065029,
                0.6339735388755798
            ],
            "segmentation_id": 3,
            "visibility": 1
        },
        {
            "bounding_box_minx_maxx_miny_maxy": [
                -1,
                -1,
                -1,
                -1
            ],
            "class": "Paul",
            "local_cuboid": null,
            "local_to_world_matrix": [
                [
                    0.4760465621948242,
                    0.04409688711166382,
                    0.8783138990402222,
                    0.0
                ],
                [
                    -0.8745930194854736,
                    0.1282396912574768,
                    0.46759161353111267,
                    0.0
                ],
                [
                    -0.09201550483703613,
                    -0.99076247215271,
                    0.09961479902267456,
                    0.0
                ],
                [
                    0.5727248787879944,
                    0.5809743404388428,
                    0.48328277468681335,
                    1.0
                ]
            ],
            "location": [
                -0.5809743404388428,
                0.48328277468681335,
                -0.5727248787879944
            ],
            "location_world": [
                0.5727248787879944,
                0.5809743404388428,
                0.48328277468681335
            ],
            "name": "google_Paul_Frank_Dot_Lunch_Box_3",
            "projected_cuboid": [
                [
                    -69.38770413398743,
                    -294.95859146118164
                ],
                [
                    -137.2774839401245,
                    -439.3717646598816
                ],
                [
                    -359.01838541030884,
                    -390.6516432762146
                ],
                [
                    -262.5998854637146,
                    -257.4886083602905
                ],
                [
                    -131.02185726165771,
                    -161.94766759872437
                ],
                [
                    -231.35757446289062,
                    -318.93736124038696
                ],
                [
                    -508.81272554397583,
                    -262.5758647918701
                ],
                [
                    -365.33915996551514,
                    -121.14280462265015
                ],
                [
                    -250.3284215927124,
                    -281.62437677383423
                ]
            ],
            "provenance": "visii",
            "quaternion_xyzw": [
                0.31476029753685,
                0.5957502126693726,
                0.4088156223297119,
                0.6155303716659546
            ],
            "quaternion_xyzw_world": [
                0.558612585067749,
                -0.37167805433273315,
                0.3518978953361511,
                0.6526679396629333
            ],
            "segmentation_id": 4,
            "visibility": 0
        },
        {
            "bounding_box_minx_maxx_miny_maxy": [
                99,
                148,
                231,
                278
            ],
            "class": "Toys",
            "local_cuboid": null,
            "local_to_world_matrix": [
                [
                    -0.4839884042739868,
                    0.49021685123443604,
                    -0.7248742580413818,
                    0.0
                ],
                [
                    -0.834404706954956,
                    -0.508126974105835,
                    0.2134850174188614,
                    0.0
                ],
                [
                    -0.26367413997650146,
                    0.708162784576416,
                    0.6549667119979858,
                    0.0
                ],
                [
                    1.943978190422058,
                    0.34550538659095764,
                    -0.06305666267871857,
                    1.0
                ]
            ],
            "location": [
                -0.34550538659095764,
                -0.06305666267871857,
                -1.943978190422058
            ],
            "location_world": [
                1.943978190422058,
                0.34550538659095764,
                -0.06305666267871857
            ],
            "name": "google_Toys_R_Us_Treat_Dispenser_Smart_Puzzle_Foobler_4",
            "projected_cuboid": [
                [
                    83.92144739627838,
                    260.96269488334656
                ],
                [
                    98.27974438667297,
                    250.73856115341187
                ],
                [
                    137.21337914466858,
                    283.6494445800781
                ],
                [
                    120.61287462711334,
                    291.5191352367401
                ],
                [
                    112.95345425605774,
                    226.79530084133148
                ],
                [
                    128.72540950775146,
                    214.64121341705322
                ],
                [
                    165.49575328826904,
                    247.02848494052887
                ],
                [
                    147.72745966911316,
                    256.90901279449463
                ],
                [
                    124.57001209259033,
                    254.01923060417175
                ]
            ],
            "provenance": "visii",
            "quaternion_xyzw": [
                -0.09031052887439728,
                0.6000057458877563,
                0.6205655336380005,
                -0.49672484397888184
            ],
            "quaternion_xyzw_world": [
                -0.30379754304885864,
                0.28323784470558167,
                0.8134927749633789,
                0.40707847476005554
            ],
            "segmentation_id": 5,
            "visibility": 1
        },
        {
            "bounding_box_minx_maxx_miny_maxy": [
                -1,
                -1,
                -1,
                -1
            ],
            "class": "Tag",
            "local_cuboid": null,
            "local_to_world_matrix": [
                [
                    -0.43741095066070557,
                    0.3173849284648895,
                    0.8413907885551453,
                    0.0
                ],
                [
                    -0.4054356515407562,
                    0.7655530571937561,
                    -0.4995502531528473,
                    0.0
                ],
                [
                    -0.8026790022850037,
                    -0.5596385598182678,
                    -0.20618212223052979,
                    0.0
                ],
                [
                    0.8794505596160889,
                    -0.0464019812643528,
                    0.49398863315582275,
                    1.0
                ]
            ],
            "location": [
                0.0464019812643528,
                0.49398863315582275,
                -0.8794505596160889
            ],
            "location_world": [
                0.8794505596160889,
                -0.0464019812643528,
                0.49398863315582275
            ],
            "name": "google_Tag_Dishtowel_Basket_Weave_Red_18_x_26_5",
            "projected_cuboid": [
                [
                    339.7839665412903,
                    -181.97065591812134
                ],
                [
                    210.4867547750473,
                    -143.58428120613098
                ],
                [
                    197.0699429512024,
                    -135.1902186870575
                ],
                [
                    323.7255811691284,
                    -173.26074838638306
                ],
                [
                    367.5217926502228,
                    -55.05862832069397
                ],
                [
                    252.7954876422882,
                    -5.828768014907837
                ],
                [
                    239.1682267189026,
                    -2.5862157344818115
                ],
                [
                    351.90078616142273,
                    -50.705164670944214
                ],
                [
                    289.24107551574707,
                    -91.85934066772461
                ]
            ],
            "provenance": "visii",
            "quaternion_xyzw": [
                0.3080122768878937,
                0.06155417114496231,
                0.8092610836029053,
                0.4964231550693512
            ],
            "quaternion_xyzw_world": [
                0.02836425229907036,
                -0.7760711908340454,
                0.3412021994590759,
                0.5296130776405334
            ],
            "segmentation_id": 6,
            "visibility": 0
        },
        {
            "bounding_box_minx_maxx_miny_maxy": [
                -1,
                -1,
                -1,
                -1
            ],
            "class": "FRACTION",
            "local_cuboid": null,
            "local_to_world_matrix": [
                [
                    0.39360684156417847,
                    -0.8700211048126221,
                    0.2968786656856537,
                    0.0
                ],
                [
                    -0.7908517122268677,
                    -0.4851109981536865,
                    -0.3731229305267334,
                    0.0
                ],
                [
                    0.4686439335346222,
                    -0.08792330324649811,
                    -0.8790006637573242,
                    0.0
                ],
                [
                    1.8368639945983887,
                    -0.563209056854248,
                    0.8387096524238586,
                    1.0
                ]
            ],
            "location": [
                0.563209056854248,
                0.8387096524238586,
                -1.8368639945983887
            ],
            "location_world": [
                1.8368639945983887,
                -0.563209056854248,
                0.8387096524238586
            ],
            "name": "google_FRACTION_FUN_n4h4qte23QR_6",
            "projected_cuboid": [
                [
                    433.331161737442,
                    -14.39601182937622
                ],
                [
                    478.9022207260132,
                    -12.719959020614624
                ],
                [
                    480.22347688674927,
                    -28.651952743530273
                ],
                [
                    434.070348739624,
                    -29.121100902557373
                ],
                [
                    391.51644706726074,
                    -7.4616968631744385
                ],
                [
                    435.3069067001343,
                    -5.126088857650757
                ],
                [
                    436.163067817688,
                    -21.603822708129883
                ],
                [
                    391.8256163597107,
                    -22.651851177215576
                ],
                [
                    434.65545773506165,
                    -17.76668429374695
                ]
            ],
            "provenance": "visii",
            "quaternion_xyzw": [
                0.8233753442764282,
                0.23743414878845215,
                -0.0928141176700592,
                0.5070143342018127
            ],
            "quaternion_xyzw_world": [
                0.8303189873695374,
                -0.5000706911087036,
                0.2304905205965042,
                -0.08587049692869186
            ],
            "segmentation_id": 7,
            "visibility": 0
        },
        {
            "bounding_box_minx_maxx_miny_maxy": [
                -1,
                -1,
                -1,
                -1
            ],
            "class": "FAIRY",
            "local_cuboid": null,
            "local_to_world_matrix": [
                [
                    0.7318007946014404,
                    0.2841969132423401,
                    -0.6194349527359009,
                    0.0
                ],
                [
                    0.42697030305862427,
                    -0.8996056318283081,
                    0.09168363362550735,
                    0.0
                ],
                [
                    -0.5311909914016724,
                    -0.3315744996070862,
                    -0.7796758413314819,
                    0.0
                ],
                [
                    0.30443722009658813,
                    -0.3643929362297058,
                    0.3872678875923157,
                    1.0
                ]
            ],
            "location": [
                0.3643929362297058,
                0.3872678875923157,
                -0.30443722009658813
            ],
            "location_world": [
                0.30443722009658813,
                -0.3643929362297058,
                0.3872678875923157
            ],
            "name": "google_FAIRY_TALE_BLOCKS_7",
            "projected_cuboid": [
                [
                    1026.6623497009277,
                    -89.43796157836914
                ],
                [
                    1194.540023803711,
                    -18.271923065185547
                ],
                [
                    848.2486605644226,
                    -180.14127016067505
                ],
                [
                    623.4637498855591,
                    -280.46196699142456
                ],
                [
                    5696.238040924072,
                    -4016.6492462158203
                ],
                [
                    2596.6272354125977,
                    -944.9061155319214
                ],
                [
                    1405.3263664245605,
                    -809.7307682037354
                ],
                [
                    1321.8779563903809,
                    -1476.9428968429565
                ],
                [
                    1235.4177236557007,
                    -486.53167486190796
                ]
            ],
            "provenance": "visii",
            "quaternion_xyzw": [
                0.1524207890033722,
                0.45953497290611267,
                -0.656449556350708,
                0.5785061717033386
            ],
            "quaternion_xyzw_world": [
                0.9234557747840881,
                0.19252876937389374,
                -0.31150001287460327,
                0.11458537727594376
            ],
            "segmentation_id": 8,
            "visibility": 0
        },
        {
            "bounding_box_minx_maxx_miny_maxy": [
                497,
                498,
                44,
                44
            ],
            "class": "Great",
            "local_cuboid": null,
            "local_to_world_matrix": [
                [
                    0.5123779773712158,
                    0.7256197929382324,
                    0.4592871069908142,
                    0.0
                ],
                [
                    0.6572297811508179,
                    0.012898623943328857,
                    -0.75357985496521,
                    0.0
                ],
                [
                    -0.5527365803718567,
                    0.6879749298095703,
                    -0.470289945602417,
                    0.0
                ],
                [
                    1.6644878387451172,
                    -0.7707938551902771,
                    0.599473774433136,
                    1.0
                ]
            ],
            "location": [
                0.7707938551902771,
                0.599473774433136,
                -1.6644878387451172
            ],
            "location_world": [
                1.6644878387451172,
                -0.7707938551902771,
                0.599473774433136
            ],
            "name": "google_Great_Jones_Wingtip_kAqSg6EgG0I_8",
            "projected_cuboid": [
                [
                    508.49616527557373,
                    -22.28647470474243
                ],
                [
                    476.4993190765381,
                    91.84786677360535
                ],
                [
                    494.8722720146179,
                    79.40459251403809
                ],
                [
                    527.9732942581177,
                    -31.822562217712402
                ],
                [
                    551.6445636749268,
                    -11.870712041854858
                ],
                [
                    513.278603553772,
                    104.87128794193268
                ],
                [
                    530.9239625930786,
                    91.5491133928299
                ],
                [
                    570.0766444206238,
                    -22.188246250152588
                ],
                [
                    520.4342603683472,
                    38.307398557662964
                ]
            ],
            "provenance": "visii",
            "quaternion_xyzw": [
                -0.3446822762489319,
                -0.32376816868782043,
                0.8706227540969849,
                0.13558849692344666
            ],
            "quaternion_xyzw_world": [
                -0.7017423510551453,
                -0.4926486015319824,
                0.03329193592071533,
                0.5135626792907715
            ],
            "segmentation_id": 9,
            "visibility": 1
        },
        {
            "bounding_box_minx_maxx_miny_maxy": [
                268,
                346,
                1,
                43
            ],
            "class": "Ecoforms",
            "local_cuboid": null,
            "local_to_world_matrix": [
                [
                    0.16868841648101807,
                    -0.4691155254840851,
                    -0.866876482963562,
                    0.0
                ],
                [
                    -0.4619095027446747,
                    -0.8145534992218018,
                    0.35091614723205566,
                    0.0
                ],
                [
                    -0.8707375526428223,
                    0.34122300148010254,
                    -0.35409462451934814,
                    0.0
                ],
                [
                    1.8269670009613037,
                    -0.2027740478515625,
                    0.7681503891944885,
                    1.0
                ]
            ],
            "location": [
                0.2027740478515625,
                0.7681503891944885,
                -1.8269670009613037
            ],
            "location_world": [
                1.8269670009613037,
                -0.2027740478515625,
                0.7681503891944885
            ],
            "name": "google_Ecoforms_Plant_Container_Quadra_Sand_QP6_9",
            "projected_cuboid": [
                [
                    289.00274634361267,
                    44.433727860450745
                ],
                [
                    347.6449251174927,
                    9.137511253356934
                ],
                [
                    358.97189378738403,
                    8.764028549194336
                ],
                [
                    304.362952709198,
                    41.33276641368866
                ],
                [
                    258.1822872161865,
                    -17.73861050605774
                ],
                [
                    316.31606817245483,
                    -57.104259729385376
                ],
                [
                    330.4506540298462,
                    -51.98347568511963
                ],
                [
                    276.24672651290894,
                    -15.974611043930054
                ],
                [
                    309.8851144313812,
                    -4.143387079238892
                ]
            ],
            "provenance": "visii",
            "quaternion_xyzw": [
                0.2487276941537857,
                -0.05259057879447937,
                -0.5125197172164917,
                0.8201782703399658
            ],
            "quaternion_xyzw_world": [
                0.7644175291061401,
                -0.3044883906841278,
                -0.5682803988456726,
                0.0031701065599918365
            ],
            "segmentation_id": 10,
            "visibility": 1
        },
        {
            "bounding_box_minx_maxx_miny_maxy": [
                427,
                464,
                116,
                164
            ],
            "class": "ReadytoUse",
            "local_cuboid": null,
            "local_to_world_matrix": [
                [
                    0.33022528886795044,
                    -0.9095810651779175,
                    0.25221723318099976,
                    0.0
                ],
                [
                    0.4639246463775635,
                    0.38910818099975586,
                    0.7958446741104126,
                    0.0
                ],
                [
                    -0.8220250010490417,
                    -0.1457982063293457,
                    0.5504704713821411,
                    0.0
                ],
                [
                    1.967525839805603,
                    -0.6367050409317017,
                    0.3057299256324768,
                    1.0
                ]
            ],
            "location": [
                0.6367050409317017,
                0.3057299256324768,
                -1.967525839805603
            ],
            "location_world": [
                1.967525839805603,
                -0.6367050409317017,
                0.3057299256324768
            ],
            "name": "google_ReadytoUse_Rolled_Fondant_Pure_White_24_oz_box_10",
            "projected_cuboid": [
                [
                    488.4631633758545,
                    120.4850822687149
                ],
                [
                    479.34025526046753,
                    109.38768088817596
                ],
                [
                    456.0089111328125,
                    147.17280864715576
                ],
                [
                    464.2226994037628,
                    157.92742371559143
                ],
                [
                    456.6280245780945,
                    127.89541482925415
                ],
                [
                    447.7023780345917,
                    116.46021902561188
                ],
                [
                    426.1317849159241,
                    154.51988577842712
                ],
                [
                    434.1643154621124,
                    165.58419167995453
                ],
                [
                    456.30207657814026,
                    138.0460560321808
                ]
            ],
            "provenance": "visii",
            "quaternion_xyzw": [
                -0.2700515389442444,
                0.12672661244869232,
                0.17073316872119904,
                0.9390754103660583
            ],
            "quaternion_xyzw_world": [
                0.3125086724758148,
                -0.35651522874832153,
                -0.4558335840702057,
                0.7532933950424194
            ],
            "segmentation_id": 11,
            "visibility": 1
        },
        {
            "bounding_box_minx_maxx_miny_maxy": [
                0,
                20,
                53,
                120
            ],
            "class": "Dog",
            "local_cuboid": null,
            "local_to_world_matrix": [
                [
                    0.6473996639251709,
                    -0.6998075246810913,
                    0.301899254322052,
                    0.0
                ],
                [
                    0.4077705442905426,
                    0.6526944637298584,
                    0.6385241746902466,
                    0.0
                ],
                [
                    -0.6438919901847839,
                    -0.2902746796607971,
                    0.7079150676727295,
                    0.0
                ],
                [
                    1.6039752960205078,
                    0.7552613615989685,
                    0.3715119957923889,
                    1.0
                ]
            ],
            "location": [
                -0.7552613615989685,
                0.3715119957923889,
                -1.6039752960205078
            ],
            "location_world": [
                1.6039752960205078,
                0.7552613615989685,
                0.3715119957923889
            ],
            "name": "google_Dog_11",
            "projected_cuboid": [
                [
                    29.169470071792603,
                    55.024147033691406
                ],
                [
                    -6.39420747756958,
                    19.227519631385803
                ],
                [
                    -7.565855979919434,
                    85.98694205284119
                ],
                [
                    25.166362524032593,
                    122.0722645521164
                ],
                [
                    -66.95541739463806,
                    64.54335153102875
                ],
                [
                    -101.16210579872131,
                    24.512305855751038
                ],
                [
                    -94.69446539878845,
                    97.23158180713654
                ],
                [
                    -63.09911608695984,
                    137.51941919326782
                ],
                [
                    -33.84745121002197,
                    76.49755477905273
                ]
            ],
            "provenance": "visii",
            "quaternion_xyzw": [
                -0.32302916049957275,
                0.27148881554603577,
                0.2763875722885132,
                0.8634557723999023
            ],
            "quaternion_xyzw_world": [
                0.2677639424800873,
                -0.2726626992225647,
                -0.31930428743362427,
                0.8671806454658508
            ],
            "segmentation_id": 12,
            "visibility": 1
        },
        {
            "bounding_box_minx_maxx_miny_maxy": [
                421,
                470,
                277,
                374
            ],
            "class": "Black",
            "local_cuboid": null,
            "local_to_world_matrix": [
                [
                    -0.8935399055480957,
                    0.37848973274230957,
                    0.24151991307735443,
                    0.0
                ],
                [
                    0.4063429832458496,
                    0.9105174541473389,
                    0.0764416754245758,
                    0.0
                ],
                [
                    -0.19097571074962616,
                    0.1664436161518097,
                    -0.9673802852630615,
                    0.0
                ],
                [
                    0.9667928218841553,
                    -0.32235169410705566,
                    -0.04828653484582901,
                    1.0
                ]
            ],
            "location": [
                0.32235169410705566,
                -0.04828653484582901,
                -0.9667928218841553
            ],
            "location_world": [
                0.9667928218841553,
                -0.32235169410705566,
                -0.04828653484582901
            ],
            "name": "google_Black_Elderberry_Syrup_54_oz_Gaia_Herbs_12",
            "projected_cuboid": [
                [
                    460.40457487106323,
                    373.2112646102905
                ],
                [
                    419.8634624481201,
                    367.06966161727905
                ],
                [
                    430.21684885025024,
                    274.7928500175476
                ],
                [
                    469.81653571128845,
                    278.3670723438263
                ],
                [
                    462.8295600414276,
                    375.35086274147034
                ],
                [
                    424.3479371070862,
                    369.4777190685272
                ],
                [
                    434.05139446258545,
                    281.82482719421387
                ],
                [
                    471.6828167438507,
                    285.3851318359375
                ],
                [
                    446.5174674987793,
                    325.0541388988495
                ]
            ],
            "provenance": "visii",
            "quaternion_xyzw": [
                -0.2975285053253174,
                0.5621289014816284,
                -0.610946774482727,
                -0.47141480445861816
            ],
            "quaternion_xyzw_world": [
                0.20206618309020996,
                0.9710094928741455,
                0.06253422051668167,
                -0.11135205626487732
            ],
            "segmentation_id": 13,
            "visibility": 1
        },
        {
            "bounding_box_minx_maxx_miny_maxy": [
                143,
                169,
                269,
                311
            ],
