{
    "camera_data": {
        "camera_look_at": {
            "at": [
                1.0,
                0.0,
                0.0
            ],
            "eye": [
                0.0,
                0.0,
                0.0
            ],
            "up": [
                0.0,
                0.0,
                1.0
            ]
        },
        "camera_view_matrix": [
            [
                0.0,
                0.0,
                -1.0,
                0.0
            ],
            [
                -1.0,
                0.0,
                0.0,
                0.0
            ],
            [
                0.0,
                1.0,
                0.0,
                0.0
            ],
            [
                0.0,
                0.0,
                0.0,
                1.0
            ]
        ],
        "height": 500,
        "intrinsics": {
            "cx": 250.0,
            "cy": 250.0,
            "fx": 603.5535278320312,
            "fy": 603.5535278320312
        },
        "location_world": [
            0.0,
            0.0,
            0.0
        ],
        "quaternion_world_xyzw": [
            0.5,
            -0.5,
            -0.5,
            0.5
        ],
        "width": 500
    },
    "objects": [
        {
            "bounding_box_minx_maxx_miny_maxy": [
                485,
                498,
                498,
                500
            ],
            "class": "Reebok",
            "local_cuboid": null,
            "local_to_world_matrix": [
                [
                    0.9212128520011902,
                    0.3813192546367645,
                    -0.07721719145774841,
                    0.0
                ],
                [
                    -0.3890039026737213,
                    0.8994196057319641,
                    -0.19929954409599304,
                    0.0
                ],
                [
                    -0.006546102464199066,
                    0.21363508701324463,
                    0.9768915772438049,
                    0.0
                ],
                [
                    1.5282610654830933,
                    -0.6578857898712158,
                    -0.7341634631156921,
                    1.0
                ]
            ],
            "location": [
                0.6578857898712158,
                -0.7341634631156921,
                -1.5282610654830933
            ],
            "location_world": [
                1.5282610654830933,
                -0.6578857898712158,
                -0.7341634631156921
            ],
            "name": "google_Reebok_SOMERSET_RUN_0",
            "projected_cuboid": [
                [
                    524.1208672523499,
                    469.8261320590973
                ],
                [
                    440.27823209762573,
                    509.38212871551514
                ],
                [
                    450.0102400779724,
                    554.1883707046509
                ],
                [
                    533.1372618675232,
                    511.53504848480225
                ],
                [
                    559.6689581871033,
                    481.30813241004944
                ],
                [
                    472.5341200828552,
                    524.6846675872803
                ],
                [
                    482.9617738723755,
                    572.7648735046387
                ],
                [
                    569.2790746688843,
                    525.8398056030273
                ],
                [
                    505.00309467315674,
                    517.6396369934082
                ]
            ],
            "provenance": "visii",
            "quaternion_xyzw": [
                -0.4503982365131378,
                0.5420963168144226,
                0.6299136281013489,
                0.3263155221939087
            ],
            "quaternion_xyzw_world": [
                -0.1059500202536583,
                0.018132660537958145,
                0.19764812290668488,
                0.9743618369102478
            ],
            "segmentation_id": 1,
            "visibility": 1
        },
        {
            "bounding_box_minx_maxx_miny_maxy": [
                0,
                48,
                242,
                323
            ],
            "class": "Breyer",
            "local_cuboid": null,
            "local_to_world_matrix": [
                [
                    -0.04937732219696045,
                    -0.2745859920978546,
                    -0.9602941274642944,
                    0.0
                ],
                [
                    -0.8498414754867554,
                    -0.49356722831726074,
                    0.18482810258865356,
                    0.0
                ],
                [
                    -0.5247206687927246,
                    0.8252238631248474,
                    -0.20898377895355225,
                    0.0
                ],
                [
                    1.5506529808044434,
                    0.5392597913742065,
                    -0.062125254422426224,
                    1.0
                ]
            ],
            "location": [
                -0.5392597913742065,
                -0.062125254422426224,
                -1.5506529808044434
            ],
            "location_world": [
                1.5506529808044434,
                0.5392597913742065,
                -0.062125254422426224
            ],
            "name": "google_Breyer_Horse_Of_The_Year_2015_1",
            "projected_cuboid": [
                [
                    -12.223511934280396,
                    335.75549721717834
                ],
                [
                    -9.205549955368042,
                    334.2002034187317
                ],
                [
                    54.907336831092834,
                    316.9793486595154
                ],
                [
                    50.03462731838226,
                    318.99458169937134
                ],
                [
                    -35.84390878677368,
                    245.49368023872375
                ],
                [
                    -33.65066647529602,
                    240.89021980762482
                ],
                [
                    31.2701016664505,
                    228.71172428131104
                ],
                [
                    27.168378233909607,
                    233.45933854579926
                ],
                [
                    9.83227789402008,
                    281.4732491970062
                ]
            ],
            "provenance": "visii",
            "quaternion_xyzw": [
                0.3758448362350464,
                -0.3104519248008728,
                -0.5160685181617737,
                0.7042965888977051
            ],
            "quaternion_xyzw_world": [
                0.6428790092468262,
                -0.4372624456882477,
                -0.5774860978126526,
                -0.2490343302488327
            ],
            "segmentation_id": 2,
            "visibility": 1
        },
        {
            "bounding_box_minx_maxx_miny_maxy": [
                0,
                104,
                1,
                121
            ],
            "class": "Smith",
            "local_cuboid": null,
            "local_to_world_matrix": [
                [
                    0.36627423763275146,
                    -0.43685463070869446,
                    0.8215847611427307,
                    0.0
                ],
                [
                    0.16255900263786316,
                    0.8994060158729553,
                    0.40576282143592834,
                    0.0
                ],
                [
                    -0.9161975979804993,
                    -0.015064537525177002,
                    0.4004438519477844,
                    0.0
                ],
                [
                    1.9274431467056274,
                    0.6137845516204834,
                    0.533924400806427,
                    1.0
                ]
            ],
            "location": [
                -0.6137845516204834,
                0.533924400806427,
                -1.9274431467056274
            ],
            "location_world": [
                1.9274431467056274,
                0.6137845516204834,
                0.533924400806427
            ],
            "name": "google_Smith_Hawken_Woven_BasketTray_Organizer_with_3_Compartments_95_x_9_x_13_2",
            "projected_cuboid": [
                [
                    105.47058284282684,
                    -7.5979530811309814
                ],
                [
                    29.836416244506836,
                    -37.16519474983215
                ],
                [
                    55.5376261472702,
                    30.18839657306671
                ],
                [
                    122.27493524551392,
                    57.49373137950897
                ],
                [
                    33.81526470184326,
                    83.27601850032806
                ],
                [
                    -46.09495401382446,
                    48.99534583091736
                ],
                [
                    -8.655160665512085,
                    109.80534553527832
                ],
                [
                    61.41418218612671,
                    140.88217914104462
                ],
                [
                    45.94141244888306,
                    53.64084243774414
                ]
            ],
            "provenance": "visii",
            "quaternion_xyzw": [
                -0.16948038339614868,
                0.11479419469833374,
                0.5180686116218567,
                0.8304840922355652
            ],
            "quaternion_xyzw_world": [
                0.12886463105678558,
                -0.5321390628814697,
                -0.18355083465576172,
                0.8164136409759521
            ],
            "segmentation_id": 3,
            "visibility": 1
        },
        {
            "bounding_box_minx_maxx_miny_maxy": [
                233,
                393,
                77,
                161
            ],
            "class": "Paul",
            "local_cuboid": null,
            "local_to_world_matrix": [
                [
                    0.18197059631347656,
                    0.9649208784103394,
                    0.1892467737197876,
                    0.0
                ],
                [
                    -0.10087370872497559,
                    -0.1731259822845459,
                    0.9797203540802002,
                    0.0
                ],
                [
                    0.9781161546707153,
                    -0.19737032055854797,
                    0.06583130359649658,
                    0.0
                ],
                [
                    0.9409686923027039,
                    -0.09156740456819534,
                    0.21816474199295044,
                    1.0
                ]
            ],
            "location": [
                0.09156740456819534,
                0.21816474199295044,
                -0.9409686923027039
            ],
            "location_world": [
                0.9409686923027039,
                -0.09156740456819534,
                0.21816474199295044
            ],
            "name": "google_Paul_Frank_Dot_Lunch_Box_3",
            "projected_cuboid": [
                [
                    250.23403763771057,
                    146.36436104774475
                ],
                [
                    259.74079966545105,
                    91.626837849617
                ],
                [
                    233.2380712032318,
                    63.77507746219635
                ],
                [
                    221.80522978305817,
                    131.62687420845032
                ],
                [
                    383.7131857872009,
                    168.21929812431335
                ],
                [
                    394.89656686782837,
                    111.38616502285004
                ],
                [
                    400.64963698387146,
                    86.98923885822296
                ],
                [
                    386.64698600769043,
                    158.0929458141327
                ],
                [
                    315.2506351470947,
                    120.69971859455109
                ]
            ],
            "provenance": "visii",
            "quaternion_xyzw": [
                0.09148074686527252,
                0.9902975559234619,
                0.04208460450172424,
                0.09576433897018433
            ],
            "quaternion_xyzw_world": [
                0.5677290558815002,
                0.3804839551448822,
                0.5140492916107178,
                0.5183328986167908
            ],
            "segmentation_id": 4,
            "visibility": 1
        },
        {
            "bounding_box_minx_maxx_miny_maxy": [
                110,
                180,
                1,
                47
            ],
            "class": "Toys",
            "local_cuboid": null,
            "local_to_world_matrix": [
                [
                    0.2920948266983032,
                    0.5629092454910278,
                    -0.7731841802597046,
                    0.0
                ],
                [
                    0.6027904748916626,
                    -0.7360067367553711,
                    -0.3081194758415222,
                    0.0
                ],
                [
                    -0.7425121068954468,
                    -0.3760679364204407,
                    -0.55430006980896,
                    0.0
                ],
                [
                    1.4017271995544434,
                    0.2600739002227783,
                    0.5768690705299377,
                    1.0
                ]
            ],
            "location": [
                -0.2600739002227783,
                0.5768690705299377,
                -1.4017271995544434
            ],
            "location_world": [
                1.4017271995544434,
                0.2600739002227783,
                0.5768690705299377
            ],
            "name": "google_Toys_R_Us_Treat_Dispenser_Smart_Puzzle_Foobler_4",
            "projected_cuboid": [
                [
                    105.53896427154541,
                    32.388120889663696
                ],
                [
                    165.80532491207123,
                    68.3620423078537
                ],
                [
                    148.6453115940094,
                    47.527119517326355
                ],
                [
                    92.20708906650543,
                    13.125196099281311
                ],
                [
                    143.31082999706268,
                    -34.91982817649841
                ],
                [
                    202.982097864151,
                    7.054463028907776
                ],
                [
                    182.30649828910828,
                    -9.540587663650513
                ],
                [
                    126.29760801792145,
                    -49.081504344940186
                ],
                [
                    146.2278962135315,
                    10.164767503738403
                ]
            ],
            "provenance": "visii",
            "quaternion_xyzw": [
                -0.025971397757530212,
                0.35786786675453186,
                -0.8083224892616272,
                0.466766357421875
            ],
            "quaternion_xyzw_world": [
                0.8034926652908325,
                0.36269769072532654,
                -0.4715961813926697,
                0.021141594275832176
            ],
            "segmentation_id": 5,
            "visibility": 1
        },
        {
            "bounding_box_minx_maxx_miny_maxy": [
                441,
                499,
                1,
                43
            ],
            "class": "Tag",
            "local_cuboid": null,
            "local_to_world_matrix": [
                [
                    -0.48372745513916016,
                    -0.8381699919700623,
                    0.2519514858722687,
                    0.0
                ],
                [
                    0.25771409273147583,
                    -0.4115171432495117,
                    -0.8742069005966187,
                    0.0
                ],
                [
                    0.8364161252975464,
                    -0.35794612765312195,
                    0.4150698184967041,
                    0.0
                ],
                [
                    1.6974860429763794,
                    -0.6352307200431824,
                    0.6941339373588562,
                    1.0
                ]
            ],
            "location": [
                0.6352307200431824,
                0.6941339373588562,
                -1.6974860429763794
            ],
            "location_world": [
                1.6974860429763794,
                -0.6352307200431824,
                0.6941339373588562
            ],
            "name": "google_Tag_Dishtowel_Basket_Weave_Red_18_x_26_5",
            "projected_cuboid": [
                [
                    494.645357131958,
                    -53.32690477371216
                ],
                [
                    519.8180675506592,
                    28.95978093147278
                ],
                [
                    520.0173258781433,
                    30.316397547721863
                ],
                [
                    494.4007396697998,
                    -53.39530110359192
                ],
                [
                    433.40057134628296,
                    -24.01113510131836
                ],
                [
                    459.46407318115234,
                    53.521499037742615
                ],
                [
                    458.659291267395,
                    55.21965026855469
                ],
                [
                    432.1228861808777,
                    -23.57611060142517
                ],
                [
                    476.0565757751465,
                    2.7434080839157104
                ]
            ],
            "provenance": "visii",
            "quaternion_xyzw": [
                0.941912055015564,
                0.17609618604183197,
                0.22339488565921783,
                -0.17856872081756592
            ],
            "quaternion_xyzw_world": [
                0.3580223023891449,
                -0.40532103180885315,
                0.7599859237670898,
                -0.36049485206604004
            ],
            "segmentation_id": 6,
            "visibility": 1
        },
        {
            "bounding_box_minx_maxx_miny_maxy": [
                1,
                58,
                76,
                150
            ],
            "class": "FRACTION",
            "local_cuboid": null,
            "local_to_world_matrix": [
                [
                    -0.2875487804412842,
                    -0.9474008083343506,
                    0.14052507281303406,
                    0.0
                ],
                [
                    -0.24445641040802002,
                    -0.06926345825195312,
                    -0.9671833515167236,
                    0.0
                ],
                [
                    0.9260435104370117,
                    -0.31246474385261536,
                    -0.21168160438537598,
                    0.0
                ],
                [
                    1.5929473638534546,
                    0.5883287191390991,
                    0.36752787232398987,
                    1.0
                ]
            ],
            "location": [
                -0.5883287191390991,
                0.36752787232398987,
                -1.5929473638534546
            ],
            "location_world": [
                1.5929473638534546,
                0.5883287191390991,
                0.36752787232398987
            ],
            "name": "google_FRACTION_FUN_n4h4qte23QR_6",
            "projected_cuboid": [
                [
                    65.66724181175232,
                    79.0773332118988
                ],
                [
                    65.27861952781677,
                    143.74488592147827
                ],
                [
                    55.08309602737427,
                    137.33363151550293
                ],
                [
                    55.777981877326965,
                    71.20411098003387
                ],
                [
                    11.625230312347412,
                    93.03180873394012
                ],
                [
                    9.720802307128906,
                    156.10213577747345
                ],
                [
                    -1.5651583671569824,
                    150.2075493335724
                ],
                [
                    0.7043033838272095,
                    85.74503660202026
                ],
                [
                    32.43045508861542,
                    114.24103379249573
                ]
            ],
            "provenance": "visii",
            "quaternion_xyzw": [
                -0.979875922203064,
                -0.053524285554885864,
                -0.15308403968811035,
                -0.11637648940086365
            ],
            "quaternion_xyzw_world": [
                -0.49834632873535156,
                0.5979061126708984,
                -0.5350539088249207,
                0.32844558358192444
            ],
            "segmentation_id": 7,
            "visibility": 1
        },
        {
            "bounding_box_minx_maxx_miny_maxy": [
                352,
                495,
                103,
                245
            ],
            "class": "FAIRY",
            "local_cuboid": null,
            "local_to_world_matrix": [
                [
                    0.2862629294395447,
                    0.9109294414520264,
                    -0.2970881164073944,
                    0.0
                ],
                [
                    -0.036261677742004395,
                    -0.29954230785369873,
                    -0.9533939361572266,
                    0.0
                ],
                [
                    -0.9574648141860962,
                    0.2836943566799164,
                    -0.05271625518798828,
                    0.0
                ],
                [
                    1.2409557104110718,
                    -0.33609601855278015,
                    0.16724616289138794,
                    1.0
                ]
            ],
            "location": [
                0.33609601855278015,
                0.16724616289138794,
                -1.2409557104110718
            ],
            "location_world": [
                1.2409557104110718,
                -0.33609601855278015,
                0.16724616289138794
            ],
            "name": "google_FAIRY_TALE_BLOCKS_7",
            "projected_cuboid": [
                [
                    317.62179732322693,
                    111.62057518959045
                ],
                [
                    363.5169267654419,
                    254.4858455657959
                ],
                [
                    374.48716163635254,
                    248.151034116745
                ],
                [
                    336.16048097610474,
                    129.14888560771942
                ],
                [
                    459.0320587158203,
                    57.22784996032715
                ],
                [
                    509.59980487823486,
                    209.82375741004944
                ],
                [
                    495.2329993247986,
                    211.05925738811493
                ],
                [
                    453.70274782180786,
                    85.38126945495605
                ],
                [
                    411.6373658180237,
                    164.25678133964539
                ]
            ],
            "provenance": "visii",
            "quaternion_xyzw": [
                0.14577369391918182,
                0.004208400845527649,
                -0.9774697422981262,
                0.15259556472301483
            ],
            "quaternion_xyzw_world": [
                0.6400237083435059,
                0.3416544497013092,
                -0.4900416135787964,
                -0.4832197427749634
            ],
            "segmentation_id": 8,
            "visibility": 1
        },
        {
            "bounding_box_minx_maxx_miny_maxy": [
                435,
                499,
                205,
                264
            ],
            "class": "Great",
            "local_cuboid": null,
            "local_to_world_matrix": [
                [
                    0.16627275943756104,
                    -0.4086281657218933,
                    -0.8974276185035706,
                    0.0
                ],
                [
                    -0.5863524675369263,
                    0.6907454133033752,
                    -0.42315661907196045,
                    0.0
                ],
                [
                    0.7928077578544617,
                    0.5965683460235596,
                    -0.12474799156188965,
                    0.0
                ],
                [
                    1.8287620544433594,
                    -0.7169479131698608,
                    0.06193854287266731,
                    1.0
                ]
            ],
            "location": [
                0.7169479131698608,
                0.06193854287266731,
                -1.8287620544433594
            ],
            "location_world": [
                1.8287620544433594,
                -0.7169479131698608,
                0.06193854287266731
            ],
            "name": "google_Great_Jones_Wingtip_kAqSg6EgG0I_8",
            "projected_cuboid": [
                [
                    482.9809069633484,
                    230.90335726737976
                ],
                [
                    435.36561727523804,
                    272.38738536834717
                ],
                [
                    468.38387846946716,
                    268.64004135131836
                ],
                [
                    515.0936841964722,
                    225.5726456642151
                ],
                [
                    471.42475843429565,
                    200.6179839372635
                ],
                [
                    422.1622347831726,
                    239.47666585445404
                ],
                [
                    454.8449516296387,
                    233.97186398506165
                ],
                [
                    503.30305099487305,
                    193.80658864974976
                ],
                [
                    470.00762820243835,
                    232.3182225227356
                ]
            ],
            "provenance": "visii",
            "quaternion_xyzw": [
                -0.8100297451019287,
                0.4901588559150696,
                0.23543612658977509,
                -0.2194674015045166
            ],
            "quaternion_xyzw_world": [
                -0.3873871862888336,
                0.6421099305152893,
                0.06751635670661926,
                0.658078670501709
            ],
            "segmentation_id": 9,
            "visibility": 1
        },
        {
            "bounding_box_minx_maxx_miny_maxy": [
                402,
                474,
                173,
                248
            ],
            "class": "Ecoforms",
            "local_cuboid": null,
            "local_to_world_matrix": [
                [
                    -0.847771406173706,
                    0.23382103443145752,
                    -0.4760371148586273,
                    0.0
                ],
                [
                    -0.3117348551750183,
                    0.5064682960510254,
                    0.8039348125457764,
                    0.0
                ],
                [
                    0.42907455563545227,
                    0.8299503326416016,
                    -0.3564791679382324,
                    0.0
                ],
                [
                    1.8178632259368896,
                    -0.6569157242774963,
                    0.1828090399503708,
                    1.0
                ]
            ],
            "location": [
                0.6569157242774963,
                0.1828090399503708,
                -1.8178632259368896
            ],
            "location_world": [
                1.8178632259368896,
                -0.6569157242774963,
                0.1828090399503708
            ],
            "name": "google_Ecoforms_Plant_Container_Quadra_Sand_QP6_9",
            "projected_cuboid": [
                [
                    428.1870722770691,
                    249.6531754732132
                ],
                [
                    401.4677107334137,
                    197.81045615673065
                ],
                [
                    457.317978143692,
                    174.36666786670685
                ],
                [
                    483.25732350349426,
                    229.1174829006195
                ],
                [
                    427.2414445877075,
                    222.34296798706055
                ],
                [
                    402.7143120765686,
                    173.97606372833252
                ],
                [
                    453.79042625427246,
                    151.63439512252808
                ],
                [
                    477.66733169555664,
                    202.5017887353897
                ],
                [
                    441.0916566848755,
                    200.24996995925903
                ]
            ],
            "provenance": "visii",
            "quaternion_xyzw": [
                -0.3127773404121399,
                0.7853073477745056,
                -0.01424422487616539,
                -0.5340971946716309
            ],
            "quaternion_xyzw_world": [
                -0.023661501705646515,
                0.8232130408287048,
                0.49619147181510925,
                0.2748716473579407
            ],
            "segmentation_id": 10,
            "visibility": 1
        },
        {
            "bounding_box_minx_maxx_miny_maxy": [
                405,
                433,
                489,
                500
            ],
            "class": "ReadytoUse",
            "local_cuboid": null,
            "local_to_world_matrix": [
                [
                    -0.3668478727340698,
                    0.7223931550979614,
                    -0.5861491560935974,
                    0.0
                ],
                [
                    0.9211251735687256,
                    0.19388347864151,
                    -0.33754658699035645,
                    0.0
                ],
                [
                    -0.1301967054605484,
                    -0.6637449264526367,
                    -0.7365403175354004,
                    0.0
                ],
                [
                    1.3985079526901245,
                    -0.353817343711853,
                    -0.5924637913703918,
                    1.0
                ]
            ],
            "location": [
                0.353817343711853,
                -0.5924637913703918,
                -1.3985079526901245
            ],
            "location_world": [
                1.3985079526901245,
                -0.353817343711853,
                -0.5924637913703918
            ],
            "name": "google_ReadytoUse_Rolled_Fondant_Pure_White_24_oz_box_10",
            "projected_cuboid": [
                [
                    443.4128403663635,
                    587.1678590774536
                ],
                [
                    432.8819513320923,
                    583.3560228347778
                ],
                [
                    381.7113935947418,
                    524.5261788368225
                ],
                [
                    390.360951423645,
                    526.3097286224365
                ],
                [
                    475.6866693496704,
                    544.9557900428772
                ],
                [
                    464.4591510295868,
                    542.6072478294373
                ],
                [
                    414.39059376716614,
                    486.2164855003357
                ],
                [
                    423.8215386867523,
                    486.7033064365387
                ],
                [
                    428.3168911933899,
                    534.6579551696777
                ]
            ],
            "provenance": "visii",
            "quaternion_xyzw": [
                -0.3481941819190979,
                0.5600557923316956,
                -0.739955484867096,
                0.13253015279769897
            ],
            "quaternion_xyzw_world": [
                0.5421736240386963,
                0.7578376531600952,
                -0.33031201362609863,
                0.15041230618953705
            ],
            "segmentation_id": 11,
            "visibility": 1
        },
        {
            "bounding_box_minx_maxx_miny_maxy": [
                43,
                126,
                1,
                49
            ],
            "class": "Dog",
            "local_cuboid": null,
            "local_to_world_matrix": [
                [
                    -0.36962366104125977,
                    0.9235380291938782,
                    0.10225403308868408,
                    0.0
                ],
                [
                    0.5125804543495178,
                    0.11087536811828613,
                    0.851450502872467,
                    0.0
                ],
                [
                    0.7750094532966614,
                    0.3671296238899231,
                    -0.5143697261810303,
                    0.0
                ],
                [
                    1.4701173305511475,
                    0.3718549609184265,
                    0.6605532765388489,
                    1.0
                ]
            ],
            "location": [
                -0.3718549609184265,
                0.6605532765388489,
                -1.4701173305511475
            ],
            "location_world": [
                1.4701173305511475,
                0.3718549609184265,
                0.6605532765388489
            ],
            "name": "google_Dog_11",
            "projected_cuboid": [
                [
                    35.82632541656494,
                    56.58577382564545
                ],
                [
                    40.72445631027222,
                    9.188830852508545
                ],
                [
                    48.75127971172333,
                    -57.99153447151184
                ],
                [
                    43.859973549842834,
                    -9.934782981872559
                ],
                [
                    127.03406810760498,
                    75.67162811756134
                ],
                [
                    126.61182880401611,
                    29.583066701889038
                ],
                [
                    142.69906282424927,
                    -31.886130571365356
                ],
                [
                    144.2137062549591,
                    15.057697892189026
                ],
                [
                    89.72442150115967,
                    11.967629194259644
                ]
            ],
            "provenance": "visii",
            "quaternion_xyzw": [
                -0.0022878646850585938,
                0.9420719146728516,
                -0.272524356842041,
                -0.19551408290863037
            ],
            "quaternion_xyzw_world": [
                0.5083971619606018,
                0.7061991095542908,
                0.43138688802719116,
                0.23816066980361938
            ],
            "segmentation_id": 12,
            "visibility": 1
        },
        {
            "bounding_box_minx_maxx_miny_maxy": [
                463,
                499,
                233,
                326
            ],
            "class": "Black",
            "local_cuboid": null,
            "local_to_world_matrix": [
                [
                    -0.8492608070373535,
                    -0.03804626315832138,
                    0.5266010165214539,
                    0.0
                ],
                [
                    0.13814866542816162,
                    -0.9786645174026489,
                    0.15208803117275238,
                    0.0
                ],
                [
                    0.5095793604850769,
                    0.20191161334514618,
                    0.8363974094390869,
                    0.0
                ],
                [
                    0.9717061519622803,
                    -0.4301179349422455,
                    -0.10708215087652206,
                    1.0
                ]
            ],
            "location": [
                0.4301179349422455,
                -0.10708215087652206,
                -0.9717061519622803
            ],
            "location_world": [
                0.9717061519622803,
                -0.4301179349422455,
                -0.10708215087652206
            ],
            "name": "google_Black_Elderberry_Syrup_54_oz_Gaia_Herbs_12",
            "projected_cuboid": [
                [
                    471.2786674499512,
                    235.2629005908966
                ],
                [
                    503.551721572876,
                    230.0911247730255
                ],
                [
                    541.8378114700317,
                    305.5238723754883
                ],
                [
                    507.3665380477905,
                    311.7537200450897
                ],
                [
                    459.9747955799103,
                    252.97006964683533
                ],
                [
                    490.875780582428,
                    247.89735674858093
                ],
                [
                    526.3672471046448,
                    320.98692655563354
                ],
                [
                    493.45481395721436,
                    327.03930139541626
                ],
                [
                    498.5872805118561,
                    277.75824069976807
                ]
            ],
            "provenance": "visii",
            "quaternion_xyzw": [
                0.5906643867492676,
                0.6371069550514221,
                0.2739919424057007,
                -0.4124787747859955
            ],
            "quaternion_xyzw_world": [
                0.27065029740333557,
                0.09246470034122467,
                0.9571210145950317,
                -0.04602211341261864
            ],
            "segmentation_id": 13,
            "visibility": 1
        },
        {
            "bounding_box_minx_maxx_miny_maxy": [
                -1,
                -1,
                -1,
                -1
            ],
            "class": "Razer",
