{
    "camera_data": {
        "camera_look_at": {
            "at": [
                1.0,
                0.0,
                0.0
            ],
            "eye": [
                0.0,
                0.0,
                0.0
            ],
            "up": [
                0.0,
                0.0,
                1.0
            ]
        },
        "camera_view_matrix": [
            [
                0.0,
                0.0,
                -1.0,
                0.0
            ],
            [
                -1.0,
                0.0,
                0.0,
                0.0
            ],
            [
                0.0,
                1.0,
                0.0,
                0.0
            ],
            [
                0.0,
                0.0,
                0.0,
                1.0
            ]
        ],
        "height": 500,
        "intrinsics": {
            "cx": 250.0,
            "cy": 250.0,
            "fx": 603.5535278320312,
            "fy": 603.5535278320312
        },
        "location_world": [
            0.0,
            0.0,
            0.0
        ],
        "quaternion_world_xyzw": [
            0.5,
            -0.5,
            -0.5,
            0.5
        ],
        "width": 500
    },
    "objects": [
        {
            "bounding_box_minx_maxx_miny_maxy": [
                -1,
                -1,
                -1,
                -1
            ],
            "class": "Reebok",
            "local_cuboid": null,
            "local_to_world_matrix": [
                [
                    -0.17399191856384277,
                    0.9385867118835449,
                    -0.29796305298805237,
                    0.0
                ],
                [
                    0.6777390241622925,
                    -0.10538208484649658,
                    -0.7277117967605591,
                    0.0
                ],
                [
                    -0.7144205570220947,
                    -0.3285571038722992,
                    -0.6177811622619629,
                    0.0
                ],
                [
                    1.273690104484558,
                    -0.5962435007095337,
                    -0.5807448029518127,
                    1.0
                ]
            ],
            "location": [
                0.5962435007095337,
                -0.5807448029518127,
                -1.273690104484558
            ],
            "location_world": [
                1.273690104484558,
                -0.5962435007095337,
                -0.5807448029518127
            ],
            "name": "google_Reebok_SOMERSET_RUN_0",
            "projected_cuboid": [
                [
                    565.7626390457153,
                    563.949465751648
                ],
                [
                    531.3794612884521,
                    615.7152652740479
                ],
                [
                    497.3672032356262,
                    561.7028474807739
                ],
                [
                    523.5098600387573,
                    504.42570447921753
                ],
                [
                    618.1812286376953,
                    539.9239659309387
                ],
                [
                    576.3186812400818,
                    594.5738554000854
                ],
                [
                    540.093719959259,
                    542.5967574119568
                ],
                [
                    572.9581713676453,
                    483.0697774887085
                ],
                [
                    551.361083984375,
                    551.9694089889526
                ]
            ],
            "provenance": "visii",
            "quaternion_xyzw": [
                -0.13666073977947235,
                0.3522975444793701,
                -0.9193365573883057,
                0.10968375205993652
            ],
            "quaternion_xyzw_world": [
                0.6223285794258118,
                0.6493055820465088,
                -0.4066917598247528,
                -0.16034725308418274
            ],
            "segmentation_id": 1,
            "visibility": 0
        },
        {
            "bounding_box_minx_maxx_miny_maxy": [
                194,
                256,
                253,
                325
            ],
            "class": "Breyer",
            "local_cuboid": null,
            "local_to_world_matrix": [
                [
                    0.6888240575790405,
                    -0.18163233995437622,
                    -0.701805591583252,
                    0.0
                ],
                [
                    0.7220668792724609,
                    0.08597022294998169,
                    0.6864608526229858,
                    0.0
                ],
                [
                    -0.06434914469718933,
                    -0.9796013832092285,
                    0.19036906957626343,
                    0.0
                ],
                [
                    1.4894812107086182,
                    0.11851488053798676,
                    -0.10606741905212402,
                    1.0
                ]
            ],
            "location": [
                -0.11851488053798676,
                -0.10606741905212402,
                -1.4894812107086182
            ],
            "location_world": [
                1.4894812107086182,
                0.11851488053798676,
                -0.10606741905212402
            ],
            "name": "google_Breyer_Horse_Of_The_Year_2015_1",
            "projected_cuboid": [
                [
                    271.3942527770996,
                    318.2428777217865
                ],
                [
                    268.94447207450867,
                    301.37649178504944
                ],
                [
                    212.06584572792053,
                    312.0897710323334
                ],
                [
                    212.97532320022583,
                    329.1363716125488
                ],
                [
                    255.55691123008728,
                    255.3912103176117
                ],
                [
                    253.2961666584015,
                    238.47775161266327
                ],
                [
                    190.22022187709808,
                    250.81020593643188
                ],
                [
                    190.58102369308472,
                    267.972469329834
                ],
                [
                    232.2738915681839,
                    285.74490547180176
                ]
            ],
            "provenance": "visii",
            "quaternion_xyzw": [
                -0.3281852900981903,
                0.6000998020172119,
                -0.22150388360023499,
                0.6950616240501404
            ],
            "quaternion_xyzw_world": [
                0.5942400097846985,
                0.2273637354373932,
                -0.3223254382610321,
                0.7009214162826538
            ],
            "segmentation_id": 2,
            "visibility": 1
        },
        {
            "bounding_box_minx_maxx_miny_maxy": [
                39,
                177,
                1,
                63
            ],
            "class": "Smith",
            "local_cuboid": null,
            "local_to_world_matrix": [
                [
                    0.42698144912719727,
                    0.8659273386001587,
                    0.2604933977127075,
                    0.0
                ],
                [
                    -0.5222827196121216,
                    0.4713256359100342,
                    -0.7106848955154419,
                    0.0
                ],
                [
                    -0.7381786108016968,
                    0.16739806532859802,
                    0.6535061597824097,
                    0.0
                ],
                [
                    1.8669886589050293,
                    0.3925468921661377,
                    0.6521072387695312,
                    1.0
                ]
            ],
            "location": [
                -0.3925468921661377,
                0.6521072387695312,
                -1.8669886589050293
            ],
            "location_world": [
                1.8669886589050293,
                0.3925468921661377,
                0.6521072387695312
            ],
            "name": "google_Smith_Hawken_Woven_BasketTray_Organizer_with_3_Compartments_95_x_9_x_13_2",
            "projected_cuboid": [
                [
                    72.96733558177948,
                    -71.99504971504211
                ],
                [
                    15.184327960014343,
                    -32.02041983604431
                ],
                [
                    54.44908142089844,
                    54.21803891658783
                ],
                [
                    103.91198098659515,
                    12.421473860740662
                ],
                [
                    170.12006044387817,
                    -67.70604848861694
                ],
                [
                    115.06657302379608,
                    -23.31697940826416
                ],
                [
                    146.3453471660614,
                    69.62554156780243
                ],
                [
                    193.2583898305893,
                    23.249700665473938
                ],
                [
                    108.72171819210052,
                    -2.9885470867156982
                ]
            ],
            "provenance": "visii",
            "quaternion_xyzw": [
                -0.16323216259479523,
                0.3229024410247803,
                0.9103283882141113,
                0.2009766697883606
            ],
            "quaternion_xyzw_world": [
                -0.27484071254730225,
                -0.3125852048397064,
                0.4345109462738037,
                0.7987198233604431
            ],
            "segmentation_id": 3,
            "visibility": 1
        },
        {
            "bounding_box_minx_maxx_miny_maxy": [
                456,
                499,
                1,
                141
            ],
            "class": "Paul",
            "local_cuboid": null,
            "local_to_world_matrix": [
                [
                    0.6725163459777832,
                    -0.685204803943634,
                    0.27967146039009094,
                    0.0
                ],
                [
                    0.7282411456108093,
                    0.6800146102905273,
                    -0.08511707931756973,
                    0.0
                ],
                [
                    -0.13185805082321167,
                    0.26091089844703674,
                    0.956315279006958,
                    0.0
                ],
                [
                    0.9377671480178833,
                    -0.44498974084854126,
                    0.1860916167497635,
                    1.0
                ]
            ],
            "location": [
                0.44498974084854126,
                0.1860916167497635,
                -0.9377671480178833
            ],
            "location_world": [
                0.9377671480178833,
                -0.44498974084854126,
                0.1860916167497635
            ],
            "name": "google_Paul_Frank_Dot_Lunch_Box_3",
            "projected_cuboid": [
                [
                    572.8003978729248,
                    -33.550381660461426
                ],
                [
                    505.51605224609375,
                    -6.671547889709473
                ],
                [
                    532.4599742889404,
                    126.33353471755981
                ],
                [
                    599.8040437698364,
                    110.87462306022644
                ],
                [
                    506.41632080078125,
                    -40.9485399723053
                ],
                [
                    431.32221698760986,
                    -7.84379243850708
                ],
                [
                    466.1905765533447,
                    151.71192586421967
                ],
                [
                    541.8313145637512,
                    135.33473014831543
                ],
                [
                    521.4585065841675,
                    55.66947162151337
                ]
            ],
            "provenance": "visii",
            "quaternion_xyzw": [
                -0.6400124430656433,
                0.1563810408115387,
                0.3646129369735718,
                0.6580170392990112
            ],
            "quaternion_xyzw_world": [
                -0.09511366486549377,
                -0.1131182536482811,
                -0.3885177969932556,
                0.9095117449760437
            ],
            "segmentation_id": 4,
            "visibility": 1
        },
        {
            "bounding_box_minx_maxx_miny_maxy": [
                371,
                476,
                141,
                243
            ],
            "class": "Toys",
            "local_cuboid": null,
            "local_to_world_matrix": [
                [
                    -0.025739192962646484,
                    0.293292760848999,
                    -0.9556761384010315,
                    0.0
                ],
                [
                    -0.06062184274196625,
                    -0.9546914100646973,
                    -0.2913578152656555,
                    0.0
                ],
                [
                    -0.9978289008140564,
                    0.050435520708560944,
                    0.04235297441482544,
                    0.0
                ],
                [
                    0.9921162128448486,
                    -0.2657075822353363,
                    0.08418694883584976,
                    1.0
                ]
            ],
            "location": [
                0.2657075822353363,
                0.08418694883584976,
                -0.9921162128448486
            ],
            "location_world": [
                0.9921162128448486,
                -0.2657075822353363,
                0.08418694883584976
            ],
            "name": "google_Toys_R_Us_Treat_Dispenser_Smart_Puzzle_Foobler_4",
            "projected_cuboid": [
                [
                    366.04079604148865,
                    221.89506888389587
                ],
                [
                    473.8801419734955,
                    254.09409403800964
                ],
                [
                    443.8343644142151,
                    257.43839144706726
                ],
                [
                    352.87541151046753,
                    230.1640808582306
                ],
                [
                    397.88031578063965,
                    116.49970710277557
                ],
                [
                    505.56135177612305,
                    147.36968278884888
                ],
                [
                    470.7338213920593,
                    167.21630096435547
                ],
                [
                    379.8862099647522,
                    140.89351892471313
                ],
                [
                    422.61165380477905,
                    192.3494040966034
                ]
            ],
            "provenance": "visii",
            "quaternion_xyzw": [
                -0.007683910429477692,
                0.03203928470611572,
                0.8035047054290771,
                -0.5943858623504639
            ],
            "quaternion_xyzw_world": [
                -0.6867676377296448,
                -0.08469782769680023,
                0.711122989654541,
                0.12442102283239365
            ],
            "segmentation_id": 5,
            "visibility": 1
        },
        {
            "bounding_box_minx_maxx_miny_maxy": [
                396,
                459,
                55,
                81
            ],
            "class": "Tag",
            "local_cuboid": null,
            "local_to_world_matrix": [
                [
                    -0.9851584434509277,
                    0.17162516713142395,
                    -0.0029477709904313087,
                    0.0
                ],
                [
                    -0.17008572816848755,
                    -0.9783474206924438,
                    -0.11793297529220581,
                    0.0
                ],
                [
                    -0.023124203085899353,
                    -0.1156812310218811,
                    0.9930171966552734,
                    0.0
                ],
                [
                    1.872566819190979,
                    -0.5748943090438843,
                    0.5497313737869263,
                    1.0
                ]
            ],
            "location": [
                0.5748943090438843,
                0.5497313737869263,
                -1.872566819190979
            ],
            "location_world": [
                1.872566819190979,
                -0.5748943090438843,
                0.5497313737869263
            ],
            "name": "google_Tag_Dishtowel_Basket_Weave_Red_18_x_26_5",
            "projected_cuboid": [
                [
                    400.31880140304565,
                    50.41088163852692
                ],
                [
                    481.50408267974854,
                    55.31735718250275
                ],
                [
                    480.02296686172485,
                    67.21484661102295
                ],
                [
                    398.90629053115845,
                    62.049806118011475
                ],
                [
                    396.4781165122986,
                    67.22649931907654
                ],
                [
                    470.5411493778229,
                    72.05149531364441
                ],
                [
                    469.1930413246155,
                    82.9102098941803
                ],
                [
                    395.18725872039795,
                    77.8694748878479
                ],
                [
                    435.9436333179474,
                    67.22097098827362
                ]
            ],
            "provenance": "visii",
            "quaternion_xyzw": [
                0.4804122745990753,
                0.5075845122337341,
                0.5728617906570435,
                -0.42824244499206543
            ],
            "quaternion_xyzw_world": [
                -0.0065537081100046635,
                -0.0587235651910305,
                0.9945505261421204,
                0.08589581400156021
            ],
            "segmentation_id": 6,
            "visibility": 1
        },
        {
            "bounding_box_minx_maxx_miny_maxy": [
                229,
                259,
                25,
                90
            ],
            "class": "FRACTION",
            "local_cuboid": null,
            "local_to_world_matrix": [
                [
                    -0.581108808517456,
                    0.02211698889732361,
                    0.8135254383087158,
                    0.0
                ],
                [
                    0.778317928314209,
                    0.30715692043304443,
                    0.5476092100143433,
                    0.0
                ],
                [
                    -0.23776856064796448,
                    0.951401948928833,
                    -0.19570577144622803,
                    0.0
                ],
                [
                    1.3981324434280396,
                    0.001050912425853312,
                    0.48573002219200134,
                    1.0
                ]
            ],
            "location": [
                -0.001050912425853312,
                0.48573002219200134,
                -1.3981324434280396
            ],
            "location_world": [
                1.3981324434280396,
                0.001050912425853312,
                0.48573002219200134
            ],
            "name": "google_FRACTION_FUN_n4h4qte23QR_6",
            "projected_cuboid": [
                [
                    242.5510734319687,
                    12.730896472930908
                ],
                [
                    218.4683382511139,
                    -6.826281547546387
                ],
                [
                    236.39534413814545,
                    -8.584588766098022
                ],
                [
                    262.3532712459564,
                    10.60958206653595
                ],
                [
                    244.8197305202484,
                    93.43947470188141
                ],
                [
                    222.13733196258545,
                    67.3421323299408
                ],
                [
                    238.840714097023,
                    65.19429385662079
                ],
                [
                    263.13915848731995,
                    90.86424112319946
                ],
                [
                    240.52314460277557,
                    41.40530526638031
                ]
            ],
            "provenance": "visii",
            "quaternion_xyzw": [
                0.21937713027000427,
                0.5770523548126221,
                -0.4219823479652405,
                -0.6639391779899597
            ],
            "quaternion_xyzw_world": [
                0.27723634243011475,
                0.7217983603477478,
                0.519193172454834,
                -0.36412313580513
            ],
            "segmentation_id": 7,
            "visibility": 1
        },
        {
            "bounding_box_minx_maxx_miny_maxy": [
                261,
                358,
                243,
                331
            ],
            "class": "FAIRY",
            "local_cuboid": null,
            "local_to_world_matrix": [
                [
                    0.20839345455169678,
                    0.020711123943328857,
                    0.9778258800506592,
                    0.0
                ],
                [
                    0.6498197913169861,
                    0.7442715764045715,
                    -0.15425342321395874,
                    0.0
                ],
                [
                    -0.7309627532958984,
                    0.6675559282302856,
                    0.14164280891418457,
                    0.0
                ],
                [
                    1.848842740058899,
                    -0.22543871402740479,
                    -0.12258463352918625,
                    1.0
                ]
            ],
            "location": [
                0.22543871402740479,
                -0.12258463352918625,
                -1.848842740058899
            ],
            "location_world": [
                1.848842740058899,
                -0.22543871402740479,
                -0.12258463352918625
            ],
            "name": "google_FAIRY_TALE_BLOCKS_7",
            "projected_cuboid": [
                [
                    314.0672445297241,
                    230.9674620628357
                ],
                [
                    241.70716106891632,
                    246.5156465768814
                ],
                [
                    288.2373332977295,
                    256.5319240093231
                ],
                [
                    358.48039388656616,
                    243.36573481559753
                ],
                [
                    318.1353211402893,
                    323.21450114250183
                ],
                [
                    243.23511123657227,
                    330.1240801811218
                ],
                [
                    290.89269042015076,
                    333.2698345184326
                ],
                [
                    363.48628997802734,
                    327.3208737373352
                ],
                [
                    301.550030708313,
                    286.22373938560486
                ]
            ],
            "provenance": "visii",
            "quaternion_xyzw": [
                -0.31724581122398376,
                -0.18404826521873474,
                0.6902766227722168,
                0.623698353767395
            ],
            "quaternion_xyzw_world": [
                -0.28393620252609253,
                -0.5903887152671814,
                -0.21735785901546478,
                0.7235862612724304
            ],
            "segmentation_id": 8,
            "visibility": 1
        },
        {
            "bounding_box_minx_maxx_miny_maxy": [
                384,
                499,
                283,
                386
            ],
            "class": "Great",
            "local_cuboid": null,
            "local_to_world_matrix": [
                [
                    0.5372874140739441,
                    -0.7403709292411804,
                    0.40394681692123413,
                    0.0
                ],
                [
                    0.8074533343315125,
                    0.31321489810943604,
                    -0.49991554021835327,
                    0.0
                ],
                [
                    0.2436007857322693,
                    0.5947665572166443,
                    0.7661014795303345,
                    0.0
                ],
                [
                    0.9101805686950684,
                    -0.33418673276901245,
                    -0.15444307029247284,
                    1.0
                ]
            ],
            "location": [
                0.33418673276901245,
                -0.15444307029247284,
                -0.9101805686950684
            ],
            "location_world": [
                0.9101805686950684,
                -0.33418673276901245,
                -0.15444307029247284
            ],
            "name": "google_Great_Jones_Wingtip_kAqSg6EgG0I_8",
            "projected_cuboid": [
                [
                    505.6883692741394,
                    226.2270450592041
                ],
                [
                    392.8556442260742,
                    317.78350472450256
                ],
                [
                    434.8713159561157,
                    368.8817620277405
                ],
                [
                    564.5482540130615,
                    290.0237739086151
                ],
                [
                    461.66306734085083,
                    259.0929865837097
                ],
                [
                    353.0356287956238,
                    347.93350100517273
                ],
                [
                    396.4505195617676,
                    402.8972387313843
                ],
                [
                    523.5698223114014,
                    329.15234565734863
                ],
                [
                    446.2084770202637,
                    322.4238157272339
                ]
            ],
            "provenance": "visii",
            "quaternion_xyzw": [
                -0.7880176305770874,
                -0.028784841299057007,
                0.3591461181640625,
                0.4992130398750305
            ],
            "quaternion_xyzw_world": [
                -0.3383677899837494,
                -0.04956319183111191,
                -0.4784347116947174,
                0.8087959885597229
            ],
            "segmentation_id": 9,
            "visibility": 1
        },
        {
            "bounding_box_minx_maxx_miny_maxy": [
                365,
                412,
                301,
                386
            ],
            "class": "Ecoforms",
            "local_cuboid": null,
            "local_to_world_matrix": [
                [
                    -0.08371901512145996,
                    -0.9843748807907104,
                    -0.1549098789691925,
                    0.0
                ],
                [
                    0.9158875942230225,
                    -0.1372600793838501,
                    0.37723931670188904,
                    0.0
                ],
                [
                    -0.3926078975200653,
                    -0.11029791831970215,
                    0.9130681157112122,
                    0.0
                ],
                [
                    1.734755039215088,
                    -0.39990848302841187,
                    -0.34732404351234436,
                    1.0
                ]
            ],
            "location": [
                0.39990848302841187,
                -0.34732404351234436,
                -1.734755039215088
            ],
            "location_world": [
                1.734755039215088,
                -0.39990848302841187,
                -0.34732404351234436
            ],
            "name": "google_Ecoforms_Plant_Container_Quadra_Sand_QP6_9",
            "projected_cuboid": [
                [
                    441.41197204589844,
                    343.6119556427002
                ],
                [
                    431.35252594947815,
                    309.51523780822754
                ],
                [
                    418.5523986816406,
                    358.54485630989075
                ],
                [
                    426.84659361839294,
                    396.47263288497925
                ],
                [
                    368.34263801574707,
                    331.4765691757202
                ],
                [
                    365.5887544155121,
                    298.8862097263336
                ],
                [
                    355.2780747413635,
                    347.87315130233765
                ],
                [
                    356.8374514579773,
                    384.3134045600891
                ],
                [
                    395.10250091552734,
                    345.9029793739319
                ]
            ],
            "provenance": "visii",
            "quaternion_xyzw": [
                -0.5510280728340149,
                0.008007675409317017,
                -0.08802500367164612,
                0.8297924995422363
            ],
            "quaternion_xyzw_world": [
                0.1873985379934311,
                -0.09136585891246796,
                -0.7304189205169678,
                0.6504015922546387
            ],
            "segmentation_id": 10,
            "visibility": 1
        },
        {
            "bounding_box_minx_maxx_miny_maxy": [
                -1,
                -1,
                -1,
                -1
            ],
            "class": "ReadytoUse",
            "local_cuboid": null,
            "local_to_world_matrix": [
                [
                    0.7281410694122314,
                    -0.46070340275764465,
                    -0.5075065493583679,
                    0.0
                ],
                [
                    -0.34945663809776306,
                    0.387443482875824,
                    -0.8530929684638977,
                    0.0
                ],
                [
                    0.589652955532074,
                    0.7985236048698425,
                    0.12111771106719971,
                    0.0
                ],
                [
                    0.9141149520874023,
                    0.0978383794426918,
                    -0.6379719972610474,
                    1.0
                ]
            ],
            "location": [
                -0.0978383794426918,
                -0.6379719972610474,
                -0.9141149520874023
            ],
            "location_world": [
                0.9141149520874023,
                0.0978383794426918,
                -0.6379719972610474
            ],
            "name": "google_ReadytoUse_Rolled_Fondant_Pure_White_24_oz_box_10",
            "projected_cuboid": [
                [
                    139.5828276872635,
                    605.0938367843628
                ],
                [
                    126.82667374610901,
                    635.0131034851074
                ],
                [
                    199.52088594436646,
                    688.3143186569214
                ],
                [
                    212.2984528541565,
                    654.3711423873901
                ],
                [
                    94.97073292732239,
                    599.1512537002563
                ],
                [
                    80.24059236049652,
                    631.7241191864014
                ],
                [
                    155.03418445587158,
                    690.129816532135
                ],
                [
                    169.97030377388,
                    652.7267694473267
                ],
                [
                    146.48589491844177,
                    643.084704875946
                ]
            ],
            "provenance": "visii",
            "quaternion_xyzw": [
                -0.8519755601882935,
                0.2626102864742279,
                0.44797784090042114,
                -0.0670027807354927
            ],
            "quaternion_xyzw_world": [
                -0.5521729588508606,
                0.36680537462234497,
                -0.03719232603907585,
                0.747780442237854
            ],
            "segmentation_id": 11,
            "visibility": 0
        },
        {
            "bounding_box_minx_maxx_miny_maxy": [
                -1,
                -1,
                -1,
                -1
            ],
            "class": "Dog",
            "local_cuboid": null,
            "local_to_world_matrix": [
                [
                    0.7509893178939819,
                    -0.1905888319015503,
                    -0.6322111487388611,
                    0.0
                ],
                [
                    -0.36195266246795654,
                    0.6819643974304199,
                    -0.6355429887771606,
                    0.0
                ],
                [
                    0.5522728562355042,
                    0.7061164379119873,
                    0.4431638717651367,
                    0.0
                ],
                [
                    0.9541013240814209,
                    0.4094480872154236,
                    0.48249804973602295,
                    1.0
                ]
            ],
            "location": [
                -0.4094480872154236,
                0.48249804973602295,
                -0.9541013240814209
            ],
            "location_world": [
                0.9541013240814209,
                0.4094480872154236,
                0.48249804973602295
            ],
            "name": "google_Dog_11",
            "projected_cuboid": [
                [
                    13.71985673904419,
                    -32.16981887817383
                ],
                [
                    -68.95613670349121,
                    14.638081192970276
                ],
                [
                    -19.587576389312744,
                    41.78556799888611
                ],
                [
                    68.45027208328247,
                    -11.506199836730957
                ],
                [
                    -53.30336093902588,
                    -168.17119717597961
                ],
                [
                    -156.0003161430359,
                    -122.42960929870605
                ],
                [
                    -107.80280828475952,
                    -107.68318176269531
                ],
                [
                    3.8205087184906006,
                    -160.10451316833496
                ],
                [
                    -36.47211194038391,
                    -63.35878372192383
                ]
            ],
            "provenance": "visii",
            "quaternion_xyzw": [
                -0.7711038589477539,
                0.4260695278644562,
                0.47240906953811646,
                0.0263295229524374
            ],
            "quaternion_xyzw_world": [
                -0.3955569267272949,
                0.34921741485595703,
                0.050522614270448685,
                0.8479560017585754
            ],
            "segmentation_id": 12,
            "visibility": 0
        },
        {
            "bounding_box_minx_maxx_miny_maxy": [
                -1,
                -1,
                -1,
                -1
            ],
            "class": "Black",
            "local_cuboid": null,
            "local_to_world_matrix": [
                [
                    -0.8922510147094727,
                    0.444685697555542,
                    0.07837682962417603,
                    0.0
                ],
                [
                    -0.43484222888946533,
                    -0.7994463443756104,
                    -0.4144849479198456,
                    0.0
                ],
                [
                    -0.12165744602680206,
                    -0.4039061367511749,
                    0.906674861907959,
                    0.0
                ],
                [
                    0.7618816494941711,
                    -0.3035060465335846,
                    -0.566113293170929,
                    1.0
                ]
            ],
            "location": [
                0.3035060465335846,
                -0.566113293170929,
                -0.7618816494941711
            ],
            "location_world": [
                0.7618816494941711,
                -0.3035060465335846,
                -0.566113293170929
            ],
            "name": "google_Black_Elderberry_Syrup_54_oz_Gaia_Herbs_12",
            "projected_cuboid": [
                [
                    518.7857747077942,
                    596.522331237793
                ],
                [
                    568.9579248428345,
                    630.0755143165588
                ],
                [
                    512.2881531715393,
                    730.544924736023
                ],
                [
                    465.2414321899414,
                    694.3368911743164
                ],
                [
                    520.8712816238403,
                    577.4040222167969
                ],
                [
                    567.7351951599121,
                    608.0483198165894
                ],
                [
                    514.8229598999023,
                    702.4074792861938
                ],
                [
                    470.6918001174927,
                    669.4093346595764
                ],
                [
                    516.7478322982788,
                    650.9740352630615
                ]
            ],
            "provenance": "visii",
            "quaternion_xyzw": [
                0.46047306060791016,
                0.47658771276474,
                0.7037094235420227,
                -0.25616735219955444
            ],
            "quaternion_xyzw_world": [
                -0.011408020742237568,
                -0.2157137542963028,
                0.948468804359436,
                0.23182837665081024
            ],
            "segmentation_id": 13,
            "visibility": 0
        },
        {
            "bounding_box_minx_maxx_miny_maxy": [
                260,
                295,
                46,
                81
            ],
            "class": "Razer",
