{
    "camera_data": {
        "camera_look_at": {
            "at": [
                1.0,
                0.0,
                0.0
            ],
            "eye": [
                0.0,
                0.0,
                0.0
            ],
            "up": [
                0.0,
                0.0,
                1.0
            ]
        },
        "camera_view_matrix": [
            [
                0.0,
                0.0,
                -1.0,
                0.0
            ],
            [
                -1.0,
                0.0,
                0.0,
                0.0
            ],
            [
                0.0,
                1.0,
                0.0,
                0.0
            ],
            [
                0.0,
                0.0,
                0.0,
                1.0
            ]
        ],
        "height": 500,
        "intrinsics": {
            "cx": 250.0,
            "cy": 250.0,
            "fx": 603.5535278320312,
            "fy": 603.5535278320312
        },
        "location_world": [
            0.0,
            0.0,
            0.0
        ],
        "quaternion_world_xyzw": [
            0.5,
            -0.5,
            -0.5,
            0.5
        ],
        "width": 500
    },
    "objects": [
        {
            "bounding_box_minx_maxx_miny_maxy": [
                -1,
                -1,
                -1,
                -1
            ],
            "class": "Reebok",
            "local_cuboid": null,
            "local_to_world_matrix": [
                [
                    -0.8921923637390137,
                    0.16865399479866028,
                    0.41898539662361145,
                    0.0
                ],
                [
                    -0.13985484838485718,
                    0.7789099216461182,
                    -0.61134272813797,
                    0.0
                ],
                [
                    -0.42945727705955505,
                    -0.6040324568748474,
                    -0.671350359916687,
                    0.0
                ],
                [
                    1.248460054397583,
                    -0.5922097563743591,
                    -0.5622994899749756,
                    1.0
                ]
            ],
            "location": [
                0.5922097563743591,
                -0.5622994899749756,
                -1.248460054397583
            ],
            "location_world": [
                1.248460054397583,
                -0.5922097563743591,
                -0.5622994899749756
            ],
            "name": "google_Reebok_SOMERSET_RUN_0",
            "projected_cuboid": [
                [
                    645.9680199623108,
                    522.1728086471558
                ],
                [
                    538.3519530296326,
                    627.7926564216614
                ],
                [
                    490.204393863678,
                    571.8530416488647
                ],
                [
                    595.0344204902649,
                    472.4333882331848
                ],
                [
                    623.6088871955872,
                    523.0662822723389
                ],
                [
                    524.0687131881714,
                    620.0587749481201
                ],
                [
                    480.2706837654114,
                    568.8270926475525
                ],
                [
                    577.4078369140625,
                    477.0894944667816
                ],
                [
                    559.4078302383423,
                    546.5449094772339
                ]
            ],
            "provenance": "visii",
            "quaternion_xyzw": [
                -0.5032970309257507,
                0.1787833720445633,
                -0.7432116270065308,
                -0.4029455780982971
            ],
            "quaternion_xyzw_world": [
                0.007876205258071423,
                0.914118766784668,
                -0.33238986134529114,
                -0.23203840851783752
            ],
            "segmentation_id": 1,
            "visibility": 0
        },
        {
            "bounding_box_minx_maxx_miny_maxy": [
                106,
                219,
                268,
                346
            ],
            "class": "Breyer",
            "local_cuboid": null,
            "local_to_world_matrix": [
                [
                    -0.5191538333892822,
                    0.4829593598842621,
                    0.705145001411438,
                    0.0
                ],
                [
                    -0.7693426609039307,
                    0.09529721736907959,
                    -0.6316883563995361,
                    0.0
                ],
                [
                    -0.3722781836986542,
                    -0.8704416751861572,
                    0.3220874071121216,
                    0.0
                ],
                [
                    1.2394473552703857,
                    0.24836592376232147,
                    -0.1295643299818039,
                    1.0
                ]
            ],
            "location": [
                -0.24836592376232147,
                -0.1295643299818039,
                -1.2394473552703857
            ],
            "location_world": [
                1.2394473552703857,
                0.24836592376232147,
                -0.1295643299818039
            ],
            "name": "google_Breyer_Horse_Of_The_Year_2015_1",
            "projected_cuboid": [
                [
                    160.18146276474,
                    241.20360612869263
                ],
                [
                    153.5075604915619,
                    260.94263792037964
                ],
                [
                    88.40197324752808,
                    286.2597405910492
                ],
                [
                    97.17388451099396,
                    266.5223479270935
                ],
                [
                    222.26141393184662,
                    320.1819360256195
                ],
                [
                    218.5155600309372,
                    340.85696935653687
                ],
                [
                    156.63856267929077,
                    360.2009117603302
                ],
                [
                    162.30908036231995,
                    339.7693932056427
                ],
                [
                    158.31251442432404,
                    303.97626757621765
                ]
            ],
            "provenance": "visii",
            "quaternion_xyzw": [
                0.4405822455883026,
                0.3460465371608734,
                0.7884995341300964,
                0.25378650426864624
            ],
            "quaternion_xyzw_world": [
                0.1259578913450241,
                -0.5684108734130859,
                0.6606708765029907,
                0.47387516498565674
            ],
            "segmentation_id": 2,
            "visibility": 1
        },
        {
            "bounding_box_minx_maxx_miny_maxy": [
                40,
                185,
                1,
                37
            ],
            "class": "Smith",
            "local_cuboid": null,
            "local_to_world_matrix": [
                [
                    0.2977448105812073,
                    0.9449312090873718,
                    -0.13584306836128235,
                    0.0
                ],
                [
                    -0.6456571221351624,
                    0.09450960159301758,
                    -0.7577566504478455,
                    0.0
                ],
                [
                    -0.7031892538070679,
                    0.3133261799812317,
                    0.6382410526275635,
                    0.0
                ],
                [
                    1.8378862142562866,
                    0.353278785943985,
                    0.6690987348556519,
                    1.0
                ]
            ],
            "location": [
                -0.353278785943985,
                0.6690987348556519,
                -1.8378862142562866
            ],
            "location_world": [
                1.8378862142562866,
                0.353278785943985,
                0.6690987348556519
            ],
            "name": "google_Smith_Hawken_Woven_BasketTray_Organizer_with_3_Compartments_95_x_9_x_13_2",
            "projected_cuboid": [
                [
                    48.86116087436676,
                    -59.128791093826294
                ],
                [
                    19.17196810245514,
                    -18.18603277206421
                ],
                [
                    71.35447859764099,
                    67.01630353927612
                ],
                [
                    93.81470084190369,
                    22.82153069972992
                ],
                [
                    158.48416090011597,
                    -96.50468826293945
                ],
                [
                    138.72861862182617,
                    -56.761473417282104
                ],
                [
                    180.93223869800568,
                    38.09845447540283
                ],
                [
                    194.93554532527924,
                    -6.06420636177063
                ],
                [
                    113.29445242881775,
                    -11.694729328155518
                ]
            ],
            "provenance": "visii",
            "quaternion_xyzw": [
                -0.1655569076538086,
                0.34784531593322754,
                0.9227509498596191,
                -0.01119840145111084
            ],
            "quaternion_xyzw_world": [
                -0.3758304715156555,
                -0.19907516241073608,
                0.5581188797950745,
                0.7124773859977722
            ],
            "segmentation_id": 3,
            "visibility": 1
        },
        {
            "bounding_box_minx_maxx_miny_maxy": [
                -1,
                -1,
                -1,
                -1
            ],
            "class": "Paul",
            "local_cuboid": null,
            "local_to_world_matrix": [
                [
                    0.7928954362869263,
                    -0.3521968722343445,
                    -0.4972667694091797,
                    0.0
                ],
                [
                    0.43488436937332153,
                    0.8986856341362,
                    0.056918270885944366,
                    0.0
                ],
                [
                    0.42684006690979004,
                    -0.2613838016986847,
                    0.8657286167144775,
                    0.0
                ],
                [
                    0.927272379398346,
                    -0.5106955170631409,
                    0.1887931376695633,
                    1.0
                ]
            ],
            "location": [
                0.5106955170631409,
                0.1887931376695633,
                -0.927272379398346
            ],
            "location_world": [
                0.927272379398346,
                -0.5106955170631409,
                0.1887931376695633
            ],
            "name": "google_Paul_Frank_Dot_Lunch_Box_3",
            "projected_cuboid": [
                [
                    613.1043434143066,
                    75.18279552459717
                ],
                [
                    547.6425886154175,
                    79.07809317111969
                ],
                [
                    540.8909320831299,
                    177.9029369354248
                ],
                [
                    612.4667525291443,
                    178.2238781452179
                ],
                [
                    635.1844072341919,
                    -53.40951681137085
                ],
                [
                    554.1688799858093,
                    -42.271971702575684
                ],
                [
                    546.515166759491,
                    66.73720479011536
                ],
                [
                    637.1147632598877,
                    60.617879033088684
                ],
                [
                    584.2558145523071,
                    71.52388989925385
                ]
            ],
            "provenance": "visii",
            "quaternion_xyzw": [
                -0.6561475992202759,
                0.531874418258667,
                0.2025122046470642,
                0.49554896354675293
            ],
            "quaternion_xyzw_world": [
                0.08438176661729813,
                0.24498040974140167,
                -0.2086549699306488,
                0.9430415630340576
            ],
            "segmentation_id": 4,
            "visibility": 0
        },
        {
            "bounding_box_minx_maxx_miny_maxy": [
                466,
                499,
                125,
                193
            ],
            "class": "Toys",
            "local_cuboid": null,
            "local_to_world_matrix": [
                [
                    -0.38112759590148926,
                    0.18288475275039673,
                    -0.9062532186508179,
                    0.0
                ],
                [
                    0.9238293766975403,
                    0.11328566074371338,
                    -0.3656578063964844,
                    0.0
                ],
                [
                    0.035792261362075806,
                    -0.9765856266021729,
                    -0.21213054656982422,
                    0.0
                ],
                [
                    0.9515193104743958,
                    -0.3483876883983612,
                    0.14261893928050995,
                    1.0
                ]
            ],
            "location": [
                0.3483876883983612,
                0.14261893928050995,
                -0.9515193104743958
            ],
            "location_world": [
                0.9515193104743958,
                -0.3483876883983612,
                0.14261893928050995
            ],
            "name": "google_Toys_R_Us_Treat_Dispenser_Smart_Puzzle_Foobler_4",
            "projected_cuboid": [
                [
                    597.2710847854614,
                    201.99158787727356
                ],
                [
                    537.2906923294067,
                    242.8390383720398
                ],
                [
                    447.803258895874,
                    223.016157746315
                ],
                [
                    493.21895837783813,
                    178.5929799079895
                ],
                [
                    593.5571193695068,
                    112.6362681388855
                ],
                [
                    537.4203324317932,
                    163.21887075901031
                ],
                [
                    452.9492259025574,
                    144.09136772155762
                ],
                [
                    496.2257742881775,
                    90.21466970443726
                ],
                [
                    517.7125930786133,
                    170.07359862327576
                ]
            ],
            "provenance": "visii",
            "quaternion_xyzw": [
                -0.5519432425498962,
                0.4617951810359955,
                -0.6149695515632629,
                0.3223605155944824
            ],
            "quaternion_xyzw_world": [
                0.4235910177230835,
                0.6531737446784973,
                -0.5137390494346619,
                0.3605646789073944
            ],
            "segmentation_id": 5,
            "visibility": 1
        },
        {
            "bounding_box_minx_maxx_miny_maxy": [
                464,
                477,
                62,
                104
            ],
            "class": "Tag",
            "local_cuboid": null,
            "local_to_world_matrix": [
                [
                    0.23869329690933228,
                    -0.7417283058166504,
                    0.6267893314361572,
                    0.0
                ],
                [
                    0.17028501629829407,
                    -0.6034755706787109,
                    -0.7789869904518127,
                    0.0
                ],
                [
                    0.9560484886169434,
                    0.2926718592643738,
                    -0.017740488052368164,
                    0.0
                ],
                [
                    1.8746373653411865,
                    -0.614648699760437,
                    0.5436721444129944,
                    1.0
                ]
            ],
            "location": [
                0.614648699760437,
                0.5436721444129944,
                -1.8746373653411865
            ],
            "location_world": [
                1.8746373653411865,
                -0.614648699760437,
                0.5436721444129944
            ],
            "name": "google_Tag_Dishtowel_Basket_Weave_Red_18_x_26_5",
            "projected_cuboid": [
                [
                    438.86658549308777,
                    32.66112506389618
                ],
                [
                    478.5863161087036,
                    93.32533180713654
                ],
                [
                    485.7798218727112,
                    90.40382504463196
                ],
                [
                    445.5064535140991,
                    28.59969437122345
                ],
                [
                    402.11161971092224,
                    62.46224045753479
                ],
                [
                    443.44353675842285,
                    123.80099296569824
                ],
                [
                    450.1683712005615,
                    121.35793268680573
                ],
                [
                    408.23113918304443,
                    58.85210633277893
                ],
                [
                    444.46614384651184,
                    76.60682499408722
                ]
            ],
            "provenance": "visii",
            "quaternion_xyzw": [
                0.9323040843009949,
                0.3298989534378052,
                -0.14248709380626678,
                -0.04090528190135956
            ],
            "quaternion_xyzw_world": [
                0.681892454624176,
                -0.20950639247894287,
                0.5803106427192688,
                -0.3928987681865692
            ],
            "segmentation_id": 6,
            "visibility": 1
        },
        {
            "bounding_box_minx_maxx_miny_maxy": [
                94,
                176,
                12,
                95
            ],
            "class": "FRACTION",
            "local_cuboid": null,
            "local_to_world_matrix": [
                [
                    0.3243734836578369,
                    -0.2643933892250061,
                    -0.9082279205322266,
                    0.0
                ],
                [
                    -0.7030482292175293,
                    0.5749796032905579,
                    -0.4184754192829132,
                    0.0
                ],
                [
                    0.6328545808792114,
                    0.7742704153060913,
                    0.0006268024444580078,
                    0.0
                ],
                [
                    1.3493883609771729,
                    0.24252812564373016,
                    0.4341656565666199,
                    1.0
                ]
            ],
            "location": [
                -0.24252812564373016,
                0.4341656565666199,
                -1.3493883609771729
            ],
            "location_world": [
                1.3493883609771729,
                0.24252812564373016,
                0.4341656565666199
            ],
            "name": "google_FRACTION_FUN_n4h4qte23QR_6",
            "projected_cuboid": [
                [
                    168.44019293785095,
                    88.346928358078
                ],
                [
                    111.31848394870758,
                    107.9712063074112
                ],
                [
                    123.99294972419739,
                    104.98230159282684
                ],
                [
                    181.04369938373566,
                    85.25671064853668
                ],
                [
                    145.41029930114746,
                    13.995334506034851
                ],
                [
                    83.36837589740753,
                    26.777997612953186
                ],
                [
                    95.9995836019516,
                    21.860092878341675
                ],
                [
                    158.07007253170013,
                    9.293422102928162
                ],
                [
                    135.1095587015152,
                    57.75570869445801
                ]
            ],
            "provenance": "visii",
            "quaternion_xyzw": [
                -0.7608751058578491,
                0.48733609914779663,
                0.360980361700058,
                -0.23079393804073334
            ],
            "quaternion_xyzw_world": [
                -0.4326566457748413,
                0.5590123534202576,
                0.1591176688671112,
                0.6891987919807434
            ],
            "segmentation_id": 7,
            "visibility": 1
        },
        {
            "bounding_box_minx_maxx_miny_maxy": [
                255,
                343,
                252,
                345
            ],
            "class": "FAIRY",
            "local_cuboid": null,
            "local_to_world_matrix": [
                [
                    0.7542279958724976,
                    0.0167618989944458,
                    0.6563986539840698,
                    0.0
                ],
                [
                    0.327862948179245,
                    0.8565186262130737,
                    -0.39859968423843384,
                    0.0
                ],
                [
                    -0.5688990354537964,
                    0.5158438086509705,
                    0.6405147314071655,
                    0.0
                ],
                [
                    1.8816050291061401,
                    -0.1786157637834549,
                    -0.1716979295015335,
                    1.0
                ]
            ],
            "location": [
                0.1786157637834549,
                -0.1716979295015335,
                -1.8816050291061401
            ],
            "location_world": [
                1.8816050291061401,
                -0.1786157637834549,
                -0.1716979295015335
            ],
            "name": "google_FAIRY_TALE_BLOCKS_7",
            "projected_cuboid": [
                [
                    308.4932565689087,
                    214.6303355693817
                ],
                [
                    233.39296877384186,
                    249.95411932468414
                ],
                [
                    268.84037256240845,
                    292.6751673221588
                ],
                [
                    340.60144424438477,
                    261.593222618103
                ],
                [
                    316.79368019104004,
                    271.18080854415894
                ],
                [
                    233.0431193113327,
                    307.4926733970642
                ],
                [
                    272.1290588378906,
                    350.5837321281433
                ],
                [
                    351.73505544662476,
                    319.05800104141235
                ],
                [
                    290.176123380661,
                    283.11172127723694
                ]
            ],
            "provenance": "visii",
            "quaternion_xyzw": [
                -0.4508155882358551,
                0.11097665131092072,
                0.7043188810348511,
                0.5370143055915833
            ],
            "quaternion_xyzw_world": [
                -0.2535717785358429,
                -0.33977049589157104,
                -0.08626716583967209,
                0.9015627503395081
            ],
            "segmentation_id": 8,
            "visibility": 1
        },
        {
            "bounding_box_minx_maxx_miny_maxy": [
                318,
                499,
                124,
                303
            ],
            "class": "Great",
            "local_cuboid": null,
            "local_to_world_matrix": [
                [
                    0.6918915510177612,
                    0.17612725496292114,
                    -0.7001894116401672,
                    0.0
                ],
                [
                    0.4656398296356201,
                    0.6323016881942749,
                    0.6191721558570862,
                    0.0
                ],
                [
                    0.5517839789390564,
                    -0.7544360756874084,
                    0.3554723262786865,
                    0.0
                ],
                [
                    0.6234654784202576,
                    -0.17778579890727997,
                    0.03901753947138786,
                    1.0
                ]
            ],
            "location": [
                0.17778579890727997,
                0.03901753947138786,
                -0.6234654784202576
            ],
            "location_world": [
                0.6234654784202576,
                -0.17778579890727997,
                0.03901753947138786
            ],
            "name": "google_Great_Jones_Wingtip_kAqSg6EgG0I_8",
            "projected_cuboid": [
                [
                    576.2767791748047,
                    301.945298910141
                ],
                [
                    367.47273802757263,
                    146.23257517814636
                ],
                [
                    307.0022761821747,
                    170.58801651000977
                ],
                [
                    523.1356620788574,
                    348.8905131816864
                ],
                [
                    640.511691570282,
                    227.14601457118988
                ],
                [
                    396.4410424232483,
                    69.88218426704407
                ],
                [
                    331.65740966796875,
                    89.80140089988708
                ],
                [
                    587.2558355331421,
                    271.98082208633423
                ],
                [
                    453.4476399421692,
                    195.42285799980164
                ]
            ],
            "provenance": "visii",
            "quaternion_xyzw": [
                -0.4348806142807007,
                0.7660096883773804,
                -0.03595501184463501,
                0.4720331132411957
            ],
            "quaternion_xyzw_world": [
                0.419558584690094,
                0.3824061155319214,
                -0.08842949569225311,
                0.8184841871261597
            ],
            "segmentation_id": 9,
            "visibility": 1
        },
        {
            "bounding_box_minx_maxx_miny_maxy": [
                307,
                388,
                355,
                428
            ],
            "class": "Ecoforms",
            "local_cuboid": null,
            "local_to_world_matrix": [
                [
                    -0.9570283889770508,
                    -0.1868600845336914,
                    0.2217654436826706,
                    0.0
                ],
                [
                    0.26597681641578674,
                    -0.26087450981140137,
                    0.9280089735984802,
                    0.0
                ],
                [
                    -0.11555488407611847,
                    0.9471154808998108,
                    0.2993648052215576,
                    0.0
                ],
                [
                    1.721783995628357,
                    -0.36382797360420227,
                    -0.44139984250068665,
                    1.0
                ]
            ],
            "location": [
                0.36382797360420227,
                -0.44139984250068665,
                -1.721783995628357
            ],
            "location_world": [
                1.721783995628357,
                -0.36382797360420227,
                -0.44139984250068665
            ],
            "name": "google_Ecoforms_Plant_Container_Quadra_Sand_QP6_9",
            "projected_cuboid": [
                [
                    325.04719495773315,
                    424.32186007499695
                ],
                [
                    341.0201072692871,
                    353.86568307876587
                ],
                [
                    398.1204032897949,
                    371.03092670440674
                ],
                [
                    384.1397762298584,
                    441.17316603660583
                ],
                [
                    305.1739037036896,
                    420.7710027694702
                ],
                [
                    320.09947299957275,
                    357.47072100639343
                ],
                [
                    371.76260352134705,
                    372.8966414928436
                ],
                [
                    358.46108198165894,
                    435.94372272491455
                ],
                [
                    350.12534260749817,
                    396.71534299850464
                ]
            ],
            "provenance": "visii",
            "quaternion_xyzw": [
                0.18927237391471863,
                0.6374939680099487,
                0.013093449175357819,
                -0.7467302083969116
            ],
            "quaternion_xyzw_world": [
                0.033471331000328064,
                0.5909291505813599,
                0.7932949662208557,
                -0.14270760118961334
            ],
            "segmentation_id": 10,
            "visibility": 1
        },
        {
            "bounding_box_minx_maxx_miny_maxy": [
                -1,
                -1,
                -1,
                -1
            ],
            "class": "ReadytoUse",
            "local_cuboid": null,
            "local_to_world_matrix": [
                [
                    0.6190698146820068,
                    -0.6747126579284668,
                    -0.40188977122306824,
                    0.0
                ],
                [
                    -0.5391097068786621,
                    0.0070067644119262695,
                    -0.8422064781188965,
                    0.0
                ],
                [
                    0.5710633397102356,
                    0.7380472421646118,
                    -0.3594064712524414,
                    0.0
                ],
                [
                    0.8773666620254517,
                    0.1739719659090042,
                    -0.596280574798584,
                    1.0
                ]
            ],
            "location": [
                -0.1739719659090042,
                -0.596280574798584,
                -0.8773666620254517
            ],
            "location_world": [
                0.8773666620254517,
                0.1739719659090042,
                -0.596280574798584
            ],
            "name": "google_ReadytoUse_Rolled_Fondant_Pure_White_24_oz_box_10",
            "projected_cuboid": [
                [
                    98.36357831954956,
                    639.1661167144775
                ],
                [
                    94.13143992424011,
                    674.5145916938782
                ],
                [
                    160.80501675605774,
                    679.2851686477661
                ],
                [
                    163.57392072677612,
                    640.1323676109314
                ],
                [
                    34.122392535209656,
                    638.9557123184204
                ],
                [
                    27.700752019882202,
                    677.1841645240784
                ],
                [
                    92.70927309989929,
                    682.7008128166199
                ],
                [
                    97.837433218956,
                    639.9835348129272
                ],
                [
                    95.83909809589386,
                    658.6031913757324
                ]
            ],
            "provenance": "visii",
            "quaternion_xyzw": [
                -0.8786328434944153,
                0.11634454876184464,
                0.3861445486545563,
                -0.25565746426582336
            ],
            "quaternion_xyzw_world": [
                -0.7020451426506042,
                0.432245135307312,
                -0.060243118554353714,
                0.5627322196960449
            ],
            "segmentation_id": 11,
            "visibility": 0
        },
        {
            "bounding_box_minx_maxx_miny_maxy": [
                0,
                51,
                1,
                22
            ],
            "class": "Dog",
            "local_cuboid": null,
            "local_to_world_matrix": [
                [
                    0.5042632818222046,
                    0.44620513916015625,
                    0.7393372058868408,
                    0.0
                ],
                [
                    0.8484214544296265,
                    -0.41554975509643555,
                    -0.3278711438179016,
                    0.0
                ],
                [
                    0.16093361377716064,
                    0.7926029562950134,
                    -0.5881165266036987,
                    0.0
                ],
                [
                    1.184645652770996,
                    0.44378241896629333,
                    0.5710235238075256,
                    1.0
                ]
            ],
            "location": [
                -0.44378241896629333,
                0.5710235238075256,
                -1.184645652770996
            ],
            "location_world": [
                1.184645652770996,
                0.44378241896629333,
                0.5710235238075256
            ],
            "name": "google_Dog_11",
            "projected_cuboid": [
                [
                    -99.15977716445923,
                    -38.03035616874695
                ],
                [
                    -24.062126874923706,
                    22.682830691337585
                ],
                [
                    41.305214166641235,
                    -36.25267744064331
                ],
                [
                    -27.003973722457886,
                    -106.61861300468445
                ],
                [
                    -79.14906740188599,
                    26.565581560134888
                ],
                [
                    0.4891008138656616,
                    84.77775752544403
                ],
                [
                    72.84519076347351,
                    21.779224276542664
                ],
                [
                    1.6660243272781372,
                    -47.697514295578
                ],
                [
                    -12.840121984481812,
                    -8.015245199203491
                ]
            ],
            "provenance": "visii",
            "quaternion_xyzw": [
                0.5105388760566711,
                0.5655235648155212,
                -0.6350477933883667,
                -0.12746578454971313
            ],
            "quaternion_xyzw_world": [
                0.7918221950531006,
                0.40874913334846497,
                0.2842402160167694,
                -0.3537644147872925
            ],
            "segmentation_id": 12,
            "visibility": 1
        },
        {
            "bounding_box_minx_maxx_miny_maxy": [
                -1,
                -1,
                -1,
                -1
            ],
            "class": "Black",
            "local_cuboid": null,
            "local_to_world_matrix": [
                [
                    0.5701784491539001,
                    -0.1604006290435791,
                    -0.8057098388671875,
                    0.0
                ],
                [
                    0.7482343316078186,
                    0.5063156485557556,
                    0.428707480430603,
                    0.0
                ],
                [
                    0.3391786813735962,
                    -0.8472994565963745,
                    0.40870749950408936,
                    0.0
                ],
                [
                    0.836893618106842,
                    -0.11403410136699677,
                    -0.5845727324485779,
                    1.0
                ]
            ],
            "location": [
                0.11403410136699677,
                -0.5845727324485779,
                -0.836893618106842
            ],
            "location_world": [
                0.836893618106842,
                -0.11403410136699677,
                -0.5845727324485779
            ],
            "name": "google_Black_Elderberry_Syrup_54_oz_Gaia_Herbs_12",
            "projected_cuboid": [
                [
                    425.8933663368225,
                    634.5847845077515
                ],
                [
                    397.9499340057373,
                    599.6549129486084
                ],
                [
                    321.4896023273468,
                    660.2107286453247
                ],
                [
                    347.0202386379242,
                    700.4307508468628
                ],
                [
                    426.1279106140137,
                    616.5897250175476
                ],
                [
                    397.15224504470825,
                    581.2761783599854
                ],
                [
                    317.6897168159485,
                    643.0993676185608
                ],
                [
                    344.0515398979187,
                    684.012770652771
                ],
                [
                    372.9715347290039,
                    638.7492418289185
                ]
            ],
            "provenance": "visii",
            "quaternion_xyzw": [
                -0.5174147486686707,
                0.6339333653450012,
                -0.1338968276977539,
                0.5590012073516846
            ],
            "quaternion_xyzw_world": [
                0.4047083258628845,
                0.36312180757522583,
                -0.28818976879119873,
                0.7882262468338013
            ],
            "segmentation_id": 13,
            "visibility": 0
        },
        {
            "bounding_box_minx_maxx_miny_maxy": [
                207,
                255,
                35,
                80
            ],
            "class": "Razer",
            "local_cuboid": null,
            "local_to_world_matrix": [
