{
    "camera_data": {
        "camera_look_at": {
            "at": [
                1.0,
                0.0,
                0.0
            ],
            "eye": [
                0.0,
                0.0,
                0.0
            ],
            "up": [
                0.0,
                0.0,
                1.0
            ]
        },
        "camera_view_matrix": [
            [
                0.0,
                0.0,
                -1.0,
                0.0
            ],
            [
                -1.0,
                0.0,
                0.0,
                0.0
            ],
            [
                0.0,
                1.0,
                0.0,
                0.0
            ],
            [
                0.0,
                0.0,
                0.0,
                1.0
            ]
        ],
        "height": 500,
        "intrinsics": {
            "cx": 250.0,
            "cy": 250.0,
            "fx": 603.5535278320312,
            "fy": 603.5535278320312
        },
        "location_world": [
            0.0,
            0.0,
            0.0
        ],
        "quaternion_world_xyzw": [
            0.5,
            -0.5,
            -0.5,
            0.5
        ],
        "width": 500
    },
    "objects": [
        {
            "bounding_box_minx_maxx_miny_maxy": [
                -1,
                -1,
                -1,
                -1
            ],
            "class": "Reebok",
            "local_cuboid": null,
            "local_to_world_matrix": [
                [
                    0.93946772813797,
                    -0.339272677898407,
                    -0.04790067672729492,
                    0.0
                ],
                [
                    -0.14811888337135315,
                    -0.5281975269317627,
                    0.8361034989356995,
                    0.0
                ],
                [
                    -0.3089679777622223,
                    -0.778397262096405,
                    -0.546477198600769,
                    0.0
                ],
                [
                    1.1641993522644043,
                    -0.5535126328468323,
                    -0.47508490085601807,
                    1.0
                ]
            ],
            "location": [
                0.5535126328468323,
                -0.47508490085601807,
                -1.1641993522644043
            ],
            "location_world": [
                1.1641993522644043,
                -0.5535126328468323,
                -0.47508490085601807
            ],
            "name": "google_Reebok_SOMERSET_RUN_0",
            "projected_cuboid": [
                [
                    543.8092947006226,
                    582.9002857208252
                ],
                [
                    635.2382898330688,
                    468.0004119873047
                ],
                [
                    578.0588388442993,
                    429.4312596321106
                ],
                [
                    491.27763509750366,
                    542.3539876937866
                ],
                [
                    551.1401891708374,
                    612.1021509170532
                ],
                [
                    652.0712375640869,
                    486.8411123752594
                ],
                [
                    588.7730121612549,
                    443.89820098876953
                ],
                [
                    493.45970153808594,
                    566.8362379074097
                ],
                [
                    565.1780962944031,
                    516.8403387069702
                ]
            ],
            "provenance": "visii",
            "quaternion_xyzw": [
                0.2203414887189865,
                0.5449456572532654,
                -0.18275123834609985,
                0.788090169429779
            ],
            "quaternion_xyzw_world": [
                0.868064284324646,
                -0.14036735892295837,
                -0.1027771383523941,
                0.46497154235839844
            ],
            "segmentation_id": 1,
            "visibility": 0
        },
        {
            "bounding_box_minx_maxx_miny_maxy": [
                -1,
                -1,
                -1,
                -1
            ],
            "class": "Breyer",
            "local_cuboid": null,
            "local_to_world_matrix": [
                [
                    0.4896918535232544,
                    0.2752462923526764,
                    -0.8273097276687622,
                    0.0
                ],
                [
                    -0.7146139144897461,
                    -0.41692233085632324,
                    -0.5616964101791382,
                    0.0
                ],
                [
                    -0.4995286762714386,
                    0.8662651777267456,
                    -0.007468581199645996,
                    0.0
                ],
                [
                    0.4874211251735687,
                    0.4273238480091095,
                    -0.10508786141872406,
                    1.0
                ]
            ],
            "location": [
                -0.4273238480091095,
                -0.10508786141872406,
                -0.4874211251735687
            ],
            "location_world": [
                0.4874211251735687,
                0.4273238480091095,
                -0.10508786141872406
            ],
            "name": "google_Breyer_Horse_Of_The_Year_2015_1",
            "projected_cuboid": [
                [
                    -499.6638298034668,
                    487.3931407928467
                ],
                [
                    -536.648154258728,
                    553.6141395568848
                ],
                [
                    -266.6977047920227,
                    507.57896900177
                ],
                [
                    -254.60124015808105,
                    453.7758231163025
                ],
                [
                    -624.8154640197754,
                    248.84699285030365
                ],
                [
                    -690.1242733001709,
                    307.97848105430603
                ],
                [
                    -316.11114740371704,
                    295.36524415016174
                ],
                [
                    -296.4061498641968,
                    247.50173091888428
                ],
                [
                    -415.9122705459595,
                    399.7746407985687
                ]
            ],
            "provenance": "visii",
            "quaternion_xyzw": [
                -0.4435429573059082,
                0.23131214082241058,
                0.7642760276794434,
                -0.4069969356060028
            ],
            "quaternion_xyzw_world": [
                -0.6917518973350525,
                0.15878799557685852,
                0.4795210659503937,
                0.5160670876502991
            ],
            "segmentation_id": 2,
            "visibility": 0
        },
        {
            "bounding_box_minx_maxx_miny_maxy": [
                98,
                200,
                1,
                112
            ],
            "class": "Smith",
            "local_cuboid": null,
            "local_to_world_matrix": [
                [
                    0.14771956205368042,
                    0.6247204542160034,
                    -0.7667484879493713,
                    0.0
                ],
                [
                    -0.5374400615692139,
                    -0.6001009941101074,
                    -0.5924835205078125,
                    0.0
                ],
                [
                    -0.8302631974220276,
                    0.4996027946472168,
                    0.24710321426391602,
                    0.0
                ],
                [
                    1.8058230876922607,
                    0.3033822476863861,
                    0.5972891449928284,
                    1.0
                ]
            ],
            "location": [
                -0.3033822476863861,
                0.5972891449928284,
                -1.8058230876922607
            ],
            "location_world": [
                1.8058230876922607,
                0.3033822476863861,
                0.5972891449928284
            ],
            "name": "google_Smith_Hawken_Woven_BasketTray_Organizer_with_3_Compartments_95_x_9_x_13_2",
            "projected_cuboid": [
                [
                    24.032920598983765,
                    33.33577513694763
                ],
                [
                    64.24878537654877,
                    73.61873984336853
                ],
                [
                    133.6660087108612,
                    118.63932013511658
                ],
                [
                    93.11792254447937,
                    79.8061192035675
                ],
                [
                    100.26189684867859,
                    -76.4097273349762
                ],
                [
                    149.00657534599304,
                    -44.88950967788696
                ],
                [
                    209.53352749347687,
                    16.986161470413208
                ],
                [
                    162.1411144733429,
                    -15.36068320274353
                ],
                [
                    117.64393746852875,
                    25.085121393203735
                ]
            ],
            "provenance": "visii",
            "quaternion_xyzw": [
                -0.18540480732917786,
                0.22470740973949432,
                0.8728498220443726,
                -0.39149045944213867
            ],
            "quaternion_xyzw_world": [
                -0.612518846988678,
                -0.035623542964458466,
                0.6518214344978333,
                0.44573578238487244
            ],
            "segmentation_id": 3,
            "visibility": 1
        },
        {
            "bounding_box_minx_maxx_miny_maxy": [
                -1,
                -1,
                -1,
                -1
            ],
            "class": "Paul",
            "local_cuboid": null,
            "local_to_world_matrix": [
                [
                    -0.09271740913391113,
                    -0.3163693845272064,
                    -0.9440942406654358,
                    0.0
                ],
                [
                    -0.30555757880210876,
                    0.9114680290222168,
                    -0.27542808651924133,
                    0.0
                ],
                [
                    0.9476487040519714,
                    0.26293817162513733,
                    -0.18117809295654297,
                    0.0
                ],
                [
                    0.8492216467857361,
                    -0.6020340323448181,
                    0.1563483625650406,
                    1.0
                ]
            ],
            "location": [
                0.6020340323448181,
                0.1563483625650406,
                -0.8492216467857361
            ],
            "location_world": [
                0.8492216467857361,
                -0.6020340323448181,
                0.1563483625650406
            ],
            "name": "google_Paul_Frank_Dot_Lunch_Box_3",
            "projected_cuboid": [
                [
                    605.4149866104126,
                    247.53709137439728
                ],
                [
                    559.6108436584473,
                    264.7046446800232
                ],
                [
                    687.4751448631287,
                    237.7188354730606
                ],
                [
                    740.1403784751892,
                    217.17065572738647
                ],
                [
                    551.6842603683472,
                    110.85008084774017
                ],
                [
                    505.2666664123535,
                    123.39036166667938
                ],
                [
                    615.2904629707336,
                    60.404956340789795
                ],
                [
                    669.2020893096924,
                    47.0895916223526
                ],
                [
                    609.764575958252,
                    165.11431336402893
                ]
            ],
            "provenance": "visii",
            "quaternion_xyzw": [
                -0.7967820167541504,
                0.5822051167488098,
                0.05340883880853653,
                -0.1527191698551178
            ],
            "quaternion_xyzw_world": [
                -0.21035243570804596,
                0.739148736000061,
                -0.004224427044391632,
                0.6398383975028992
            ],
            "segmentation_id": 4,
            "visibility": 0
        },
        {
            "bounding_box_minx_maxx_miny_maxy": [
                -1,
                -1,
                -1,
                -1
            ],
            "class": "Toys",
            "local_cuboid": null,
            "local_to_world_matrix": [
                [
                    0.7314558625221252,
                    0.5930836200714111,
                    -0.3364880084991455,
                    0.0
                ],
                [
                    0.6299495697021484,
                    -0.39883720874786377,
                    0.6664025783538818,
                    0.0
                ],
                [
                    0.2610284686088562,
                    -0.6994144916534424,
                    -0.6653444766998291,
                    0.0
                ],
                [
                    0.8259961009025574,
                    -0.3947710394859314,
                    0.31870806217193604,
                    1.0
                ]
            ],
            "location": [
                0.3947710394859314,
                0.31870806217193604,
                -0.8259961009025574
            ],
            "location_world": [
                0.8259961009025574,
                -0.3947710394859314,
                0.31870806217193604
            ],
            "name": "google_Toys_R_Us_Treat_Dispenser_Smart_Puzzle_Foobler_4",
            "projected_cuboid": [
                [
                    543.7998175621033,
                    153.7947654724121
                ],
                [
                    552.6180267333984,
                    99.65510666370392
                ],
                [
                    496.05947732925415,
                    26.997476816177368
                ],
                [
                    480.2434742450714,
                    75.29160380363464
                ],
                [
                    660.2753400802612,
                    98.19428622722626
                ],
                [
                    657.0942401885986,
                    43.19611191749573
                ],
                [
                    597.8262424468994,
                    -42.28085279464722
                ],
                [
                    593.2134985923767,
                    4.277870059013367
                ],
                [
                    569.9145793914795,
                    59.01777744293213
                ]
            ],
            "provenance": "visii",
            "quaternion_xyzw": [
                0.019636154174804688,
                0.7938063740730286,
                -0.4079376459121704,
                0.45063579082489014
            ],
            "quaternion_xyzw_world": [
                0.8360080122947693,
                0.36573606729507446,
                -0.022565431892871857,
                0.4084342122077942
            ],
            "segmentation_id": 5,
            "visibility": 0
        },
        {
            "bounding_box_minx_maxx_miny_maxy": [
                458,
                471,
                1,
                27
            ],
            "class": "Tag",
            "local_cuboid": null,
            "local_to_world_matrix": [
                [
                    -0.5130182504653931,
                    0.21320638060569763,
                    -0.8314778208732605,
                    0.0
                ],
                [
                    0.061949171125888824,
                    -0.956939697265625,
                    -0.28359949588775635,
                    0.0
                ],
                [
                    -0.8561393618583679,
                    -0.19700108468532562,
                    0.4777195453643799,
                    0.0
                ],
                [
                    1.7512226104736328,
                    -0.7076948881149292,
                    0.665576159954071,
                    1.0
                ]
            ],
            "location": [
                0.7076948881149292,
                0.665576159954071,
                -1.7512226104736328
            ],
            "location_world": [
                1.7512226104736328,
                -0.7076948881149292,
                0.665576159954071
            ],
            "name": "google_Tag_Dishtowel_Basket_Weave_Red_18_x_26_5",
            "projected_cuboid": [
                [
                    461.2962007522583,
                    17.12678372859955
                ],
                [
                    539.3570065498352,
                    42.792439460754395
                ],
                [
                    531.9051742553711,
                    52.258461713790894
                ],
                [
                    455.1510214805603,
                    27.123570442199707
                ],
                [
                    463.26345205307007,
                    -19.959986209869385
                ],
                [
                    537.4557375907898,
                    4.741013050079346
                ],
                [
                    530.3970575332642,
                    14.377579092979431
                ],
                [
                    457.3861360549927,
                    -9.833335876464844
                ],
                [
                    497.1574544906616,
                    15.700012445449829
                ]
            ],
            "provenance": "visii",
            "quaternion_xyzw": [
                0.2314377725124359,
                0.1355244517326355,
                0.7669656872749329,
                -0.5829522609710693
            ],
            "quaternion_xyzw_world": [
                -0.4914778470993042,
                -0.13996334373950958,
                0.858440101146698,
                0.04405001550912857
            ],
            "segmentation_id": 6,
            "visibility": 1
        },
        {
            "bounding_box_minx_maxx_miny_maxy": [
                56,
                137,
                219,
                269
            ],
            "class": "FRACTION",
            "local_cuboid": null,
            "local_to_world_matrix": [
                [
                    -0.13130247592926025,
                    -0.9075427651405334,
                    -0.3989057242870331,
                    0.0
                ],
                [
                    0.8473139405250549,
                    -0.3116196393966675,
                    0.43006086349487305,
                    0.0
                ],
                [
                    -0.5146055221557617,
                    -0.28153032064437866,
                    0.8098900318145752,
                    0.0
                ],
                [
                    1.790113925933838,
                    0.4506578743457794,
                    0.012583272531628609,
                    1.0
                ]
            ],
            "location": [
                -0.4506578743457794,
                0.012583272531628609,
                -1.790113925933838
            ],
            "location_world": [
                1.790113925933838,
                0.4506578743457794,
                0.012583272531628609
            ],
            "name": "google_FRACTION_FUN_n4h4qte23QR_6",
            "projected_cuboid": [
                [
                    110.15084385871887,
                    259.92172956466675
                ],
                [
                    141.72998070716858,
                    232.31899738311768
                ],
                [
                    139.03968036174774,
                    244.04846131801605
                ],
                [
                    107.62567818164825,
                    272.3917067050934
                ],
                [
                    55.564239621162415,
                    234.96191203594208
                ],
                [
                    91.45797789096832,
                    209.8521888256073
                ],
                [
                    89.40252661705017,
                    221.707284450531
                ],
                [
                    53.78730595111847,
                    247.5919872522354
                ],
                [
                    99.17660057544708,
                    239.7092580795288
                ]
            ],
            "provenance": "visii",
            "quaternion_xyzw": [
                -0.4906313419342041,
                0.04447641968727112,
                -0.2103579342365265,
                0.8444242477416992
            ],
            "quaternion_xyzw_world": [
                0.30431362986564636,
                -0.049479272216558456,
                -0.7504685521125793,
                0.584587037563324
            ],
            "segmentation_id": 7,
            "visibility": 1
        },
        {
            "bounding_box_minx_maxx_miny_maxy": [
                -1,
                -1,
                -1,
                -1
            ],
            "class": "FAIRY",
            "local_cuboid": null,
            "local_to_world_matrix": [
                [
                    0.36528539657592773,
                    0.4506435990333557,
                    0.814547061920166,
                    0.0
                ],
                [
                    -0.49639976024627686,
                    0.8345217704772949,
                    -0.2390829622745514,
                    0.0
                ],
                [
                    -0.7874984741210938,
                    -0.317007452249527,
                    0.5285379886627197,
                    0.0
                ],
                [
                    1.8830509185791016,
                    -0.10497744381427765,
                    -0.3205835819244385,
                    1.0
                ]
            ],
            "location": [
                0.10497744381427765,
                -0.3205835819244385,
                -1.8830509185791016
            ],
            "location_world": [
                1.8830509185791016,
                -0.10497744381427765,
                -0.3205835819244385
            ],
            "name": "google_FAIRY_TALE_BLOCKS_7",
            "projected_cuboid": [
                [
                    326.3821303844452,
                    273.0710208415985
                ],
                [
                    253.21120023727417,
                    297.53953218460083
                ],
                [
                    229.99277710914612,
                    331.26217126846313
                ],
                [
                    298.24933409690857,
                    306.7246079444885
                ],
                [
                    369.3635165691376,
                    344.74048018455505
                ],
                [
                    295.587956905365,
                    376.5013813972473
                ],
                [
                    266.9832706451416,
                    404.1178524494171
                ],
                [
                    335.9273672103882,
                    373.37952852249146
                ],
                [
                    297.06600308418274,
                    337.74876594543457
                ]
            ],
            "provenance": "visii",
            "quaternion_xyzw": [
                -0.015336871147155762,
                0.325600266456604,
                0.7869601249694824,
                0.5238730907440186
            ],
            "quaternion_xyzw_world": [
                0.02358817681670189,
                -0.4849480390548706,
                0.28667524456977844,
                0.8258851766586304
            ],
            "segmentation_id": 8,
            "visibility": 0
        },
        {
            "bounding_box_minx_maxx_miny_maxy": [
                27,
                166,
                272,
                363
            ],
            "class": "Great",
            "local_cuboid": null,
            "local_to_world_matrix": [
                [
                    -0.9706175327301025,
                    0.22034478187561035,
                    0.09669536352157593,
                    0.0
                ],
                [
                    0.2144106924533844,
                    0.9743661284446716,
                    -0.06810812652111053,
                    0.0
                ],
                [
                    -0.10922396183013916,
                    -0.045374415814876556,
                    -0.9929810762405396,
                    0.0
                ],
                [
                    0.7831810712814331,
                    0.1349572241306305,
                    -0.02819744311273098,
                    1.0
                ]
            ],
            "location": [
                -0.1349572241306305,
                -0.02819744311273098,
                -0.7831810712814331
            ],
            "location_world": [
                0.7831810712814331,
                0.1349572241306305,
                -0.02819744311273098
            ],
            "name": "google_Great_Jones_Wingtip_kAqSg6EgG0I_8",
            "projected_cuboid": [
                [
                    258.8498890399933,
                    360.50617694854736
                ],
                [
                    13.483107089996338,
                    367.7481710910797
                ],
                [
                    13.25155794620514,
                    276.45143866539
                ],
                [
                    254.21500205993652,
                    260.5602741241455
                ],
                [
                    276.33777260780334,
                    353.6321520805359
                ],
                [
                    60.477644205093384,
                    360.49884557724
                ],
                [
                    59.604257345199585,
                    280.6278169155121
                ],
                [
                    272.0552384853363,
                    267.21909642219543
                ],
                [
                    147.21985161304474,
                    315.7532513141632
                ]
            ],
            "provenance": "visii",
            "quaternion_xyzw": [
                -0.4296915829181671,
                0.5106399655342102,
                -0.5911169648170471,
                -0.4529820680618286
            ],
            "quaternion_xyzw_world": [
                0.10954161733388901,
                0.9922152757644653,
                -0.02859322540462017,
                -0.05188373103737831
            ],
            "segmentation_id": 9,
            "visibility": 1
        },
        {
            "bounding_box_minx_maxx_miny_maxy": [
                -1,
                -1,
                -1,
                -1
            ],
            "class": "Ecoforms",
            "local_cuboid": null,
            "local_to_world_matrix": [
                [
                    -0.2605595588684082,
                    -0.27369552850723267,
                    -0.9258506894111633,
                    0.0
                ],
                [
                    -0.6900278329849243,
                    0.7235149145126343,
                    -0.019689470529556274,
                    0.0
                ],
                [
                    0.6752557158470154,
                    0.6337325572967529,
                    -0.3773761987686157,
                    0.0
                ],
                [
                    1.6383942365646362,
                    -0.21168658137321472,
                    -0.6757224202156067,
                    1.0
                ]
            ],
            "location": [
                0.21168658137321472,
                -0.6757224202156067,
                -1.6383942365646362
            ],
            "location_world": [
                1.6383942365646362,
                -0.21168658137321472,
                -0.6757224202156067
            ],
            "name": "google_Ecoforms_Plant_Container_Quadra_Sand_QP6_9",
            "projected_cuboid": [
                [
                    317.22456216812134,
                    527.869701385498
                ],
                [
                    272.5699245929718,
                    551.1666536331177
                ],
                [
                    315.8695697784424,
                    548.5100150108337
                ],
                [
                    360.16738414764404,
                    523.8418579101562
                ],
                [
                    298.3494997024536,
                    462.6612663269043
                ],
                [
                    253.54203581809998,
                    480.2841246128082
                ],
                [
                    294.14206743240356,
                    472.66095876693726
                ],
                [
                    338.81786465644836,
                    454.4565677642822
                ],
                [
                    306.34838342666626,
                    501.85614824295044
                ]
            ],
            "provenance": "visii",
            "quaternion_xyzw": [
                -0.7015413045883179,
                0.5877649784088135,
                0.13298329710960388,
                -0.38037818670272827
            ],
            "quaternion_xyzw_world": [
                -0.3135688900947571,
                0.7683506011962891,
                0.19979259371757507,
                0.5209556818008423
            ],
            "segmentation_id": 10,
            "visibility": 0
        },
        {
            "bounding_box_minx_maxx_miny_maxy": [
                -1,
                -1,
                -1,
                -1
            ],
            "class": "ReadytoUse",
            "local_cuboid": null,
            "local_to_world_matrix": [
                [
                    0.04267263412475586,
                    0.5013315677642822,
                    -0.8642024993896484,
                    0.0
                ],
                [
                    -0.2979925274848938,
                    0.832005500793457,
                    0.46793949604034424,
                    0.0
                ],
                [
                    0.9536139965057373,
                    0.2375575751066208,
                    0.18489688634872437,
                    0.0
                ],
                [
                    0.8225521445274353,
                    0.43111103773117065,
                    -0.3727482259273529,
                    1.0
                ]
            ],
            "location": [
                -0.43111103773117065,
                -0.3727482259273529,
                -0.8225521445274353
            ],
            "location_world": [
                0.8225521445274353,
                0.43111103773117065,
                -0.3727482259273529
            ],
            "name": "google_ReadytoUse_Rolled_Fondant_Pure_White_24_oz_box_10",
            "projected_cuboid": [
                [
                    -42.33899712562561,
                    496.3585138320923
                ],
                [
                    -71.91768288612366,
                    485.86708307266235
                ],
                [
                    -105.6579053401947,
                    555.2672147750854
                ],
                [
                    -69.77126002311707,
                    566.5652751922607
                ],
                [
                    -6.614476442337036,
                    433.4224760532379
                ],
                [
                    -35.81368923187256,
                    421.92867398262024
                ],
                [
                    -62.62388825416565,
                    479.1176915168762
                ],
                [
                    -27.273476123809814,
                    491.8341040611267
                ],
                [
                    -51.46676301956177,
                    488.600492477417
                ]
            ],
            "provenance": "visii",
            "quaternion_xyzw": [
                -0.49607032537460327,
                0.8548223972320557,
                0.14122511446475983,
                -0.056995689868927
            ],
            "quaternion_xyzw_world": [
                0.08026561886072159,
                0.6333316564559937,
                0.278486430644989,
                0.7175610661506653
            ],
            "segmentation_id": 11,
            "visibility": 0
        },
        {
            "bounding_box_minx_maxx_miny_maxy": [
                -1,
                -1,
                -1,
                -1
            ],
            "class": "Dog",
            "local_cuboid": null,
            "local_to_world_matrix": [
                [
                    0.47638845443725586,
                    0.17385604977607727,
                    0.8618747591972351,
                    0.0
                ],
                [
                    0.7519567012786865,
                    0.4274374842643738,
                    -0.5018549561500549,
                    0.0
                ],
                [
                    -0.45564812421798706,
                    0.8871703743934631,
                    0.07289409637451172,
                    0.0
                ],
                [
                    0.7040556073188782,
                    0.38370007276535034,
                    -0.09166011214256287,
                    1.0
                ]
            ],
            "location": [
                -0.38370007276535034,
                -0.09166011214256287,
                -0.7040556073188782
            ],
            "location_world": [
                0.7040556073188782,
                0.38370007276535034,
                -0.09166011214256287
            ],
            "name": "google_Dog_11",
            "projected_cuboid": [
                [
                    -294.675350189209,
                    178.23849618434906
                ],
                [
                    -256.54876232147217,
                    267.99172163009644
                ],
                [
                    -72.77977466583252,
                    276.57684683799744
                ],
                [
                    -68.6672031879425,
                    200.35766065120697
                ],
                [
                    -367.9072856903076,
                    408.53166580200195
                ],
                [
                    -306.8062663078308,
                    462.84112334251404
                ],
                [
                    -88.50806951522827,
                    448.1843411922455
                ],
                [
                    -87.40547299385071,
                    398.83631467819214
                ],
                [
                    -182.20490217208862,
                    325.50209760665894
                ]
            ],
            "provenance": "visii",
            "quaternion_xyzw": [
                -0.4669985771179199,
                -0.23256883025169373,
                0.7299587726593018,
                0.4415702521800995
            ],
            "quaternion_xyzw_world": [
                -0.49397796392440796,
                -0.46854960918426514,
                -0.20558945834636688,
                0.7029793858528137
            ],
            "segmentation_id": 12,
            "visibility": 0
        },
        {
            "bounding_box_minx_maxx_miny_maxy": [
                -1,
                -1,
                -1,
                -1
            ],
            "class": "Black",
            "local_cuboid": null,
            "local_to_world_matrix": [
                [
                    0.7184798121452332,
                    -0.21397466957569122,
                    -0.6618168950080872,
                    0.0
                ],
                [
                    -0.6517386436462402,
                    0.12524276971817017,
                    -0.7480314373970032,
                    0.0
                ],
                [
                    0.24294757843017578,
                    0.9687771201133728,
                    -0.049471139907836914,
                    0.0
                ],
                [
                    1.0133652687072754,
                    0.23015479743480682,
                    -0.583183765411377,
                    1.0
                ]
            ],
            "location": [
                -0.23015479743480682,
                -0.583183765411377,
                -1.0133652687072754
            ],
            "location_world": [
                1.0133652687072754,
                0.23015479743480682,
                -0.583183765411377
            ],
            "name": "google_Black_Elderberry_Syrup_54_oz_Gaia_Herbs_12",
            "projected_cuboid": [
                [
                    49.840375781059265,
                    575.5982995033264
                ],
                [
                    38.24393451213837,
                    612.9515171051025
                ],
                [
                    114.50845003128052,
                    621.2921738624573
                ],
                [
                    123.70428442955017,
                    582.3835134506226
                ],
                [
                    34.95074808597565,
                    566.569983959198
                ],
                [
                    22.314012050628662,
                    605.0984859466553
                ],
                [
                    101.21724009513855,
                    613.5063767433167
                ],
                [
                    111.2917810678482,
                    573.3159184455872
                ],
                [
                    74.09845292568207,
                    593.4969782829285
                ]
            ],
            "provenance": "visii",
            "quaternion_xyzw": [
                -0.7424543499946594,
                0.26501959562301636,
                0.5681349039077759,
                -0.2361120879650116
            ],
            "quaternion_xyzw_world": [
                -0.6408408880233765,
                0.33772552013397217,
                0.1634061336517334,
                0.6697483658790588
            ],
            "segmentation_id": 13,
            "visibility": 0
        },
        {
            "bounding_box_minx_maxx_miny_maxy": [
                90,
                96,
                87,
                90
            ],
            "class": "Razer",
