{
    "camera_data": {
        "camera_look_at": {
            "at": [
                1.0,
                0.0,
                0.0
            ],
            "eye": [
                0.0,
                0.0,
                0.0
            ],
            "up": [
                0.0,
                0.0,
                1.0
            ]
        },
        "camera_view_matrix": [
            [
                0.0,
                0.0,
                -1.0,
                0.0
            ],
            [
                -1.0,
                0.0,
                0.0,
                0.0
            ],
            [
                0.0,
                1.0,
                0.0,
                0.0
            ],
            [
                0.0,
                0.0,
                0.0,
                1.0
            ]
        ],
        "height": 500,
        "intrinsics": {
            "cx": 250.0,
            "cy": 250.0,
            "fx": 603.5535278320312,
            "fy": 603.5535278320312
        },
        "location_world": [
            0.0,
            0.0,
            0.0
        ],
        "quaternion_world_xyzw": [
            0.5,
            -0.5,
            -0.5,
            0.5
        ],
        "width": 500
    },
    "objects": [
        {
            "bounding_box_minx_maxx_miny_maxy": [
                484,
                499,
                366,
                451
            ],
            "class": "Reebok",
            "local_cuboid": null,
            "local_to_world_matrix": [
                [
                    -0.3400592803955078,
                    0.8703615665435791,
                    -0.3561325669288635,
                    0.0
                ],
                [
                    0.509499192237854,
                    -0.14778709411621094,
                    -0.8476848006248474,
                    0.0
                ],
                [
                    -0.7904240489006042,
                    -0.46971243619918823,
                    -0.3931921720504761,
                    0.0
                ],
                [
                    1.1265720129013062,
                    -0.47887125611305237,
                    -0.24662575125694275,
                    1.0
                ]
            ],
            "location": [
                0.47887125611305237,
                -0.24662575125694275,
                -1.1265720129013062
            ],
            "location_world": [
                1.1265720129013062,
                -0.47887125611305237,
                -0.24662575125694275
            ],
            "name": "google_Reebok_SOMERSET_RUN_0",
            "projected_cuboid": [
                [
                    546.6817617416382,
                    370.73609232902527
                ],
                [
                    530.0491452217102,
                    491.56051874160767
                ],
                [
                    480.4602265357971,
                    449.49615001678467
                ],
                [
                    488.45648765563965,
                    333.33420753479004
                ],
                [
                    595.5867171287537,
                    341.23748540878296
                ],
                [
                    573.0586051940918,
                    461.85022592544556
                ],
                [
                    521.7950344085693,
                    423.3429431915283
                ],
                [
                    535.2580547332764,
                    307.70257115364075
                ],
                [
                    532.6308012008667,
                    400.4378318786621
                ]
            ],
            "provenance": "visii",
            "quaternion_xyzw": [
                -0.21615919470787048,
                0.24096304178237915,
                -0.9365454912185669,
                0.13451550900936127
            ],
            "quaternion_xyzw_world": [
                0.5479324460029602,
                0.6295761466026306,
                -0.5231286287307739,
                -0.17245391011238098
            ],
            "segmentation_id": 1,
            "visibility": 1
        },
        {
            "bounding_box_minx_maxx_miny_maxy": [
                -1,
                -1,
                -1,
                -1
            ],
            "class": "Breyer",
            "local_cuboid": null,
            "local_to_world_matrix": [
                [
                    -0.07474100589752197,
                    0.1730610430240631,
                    -0.9820711016654968,
                    0.0
                ],
                [
                    -0.9510518312454224,
                    0.28376442193984985,
                    0.12238544225692749,
                    0.0
                ],
                [
                    0.299856960773468,
                    0.9431477189064026,
                    0.1433812379837036,
                    0.0
                ],
                [
                    0.1548384428024292,
                    0.39879801869392395,
                    -0.09540431201457977,
                    1.0
                ]
            ],
            "location": [
                -0.39879801869392395,
                -0.09540431201457977,
                -0.1548384428024292
            ],
            "location_world": [
                0.1548384428024292,
                0.39879801869392395,
                -0.09540431201457977
            ],
            "name": "google_Breyer_Horse_Of_The_Year_2015_1",
            "projected_cuboid": [
                [
                    -1325.628638267517,
                    790.8958792686462
                ],
                [
                    -1933.227777481079,
                    951.205313205719
                ],
                [
                    -2049.4160652160645,
                    1354.9295663833618
                ],
                [
                    -1237.1139526367188,
                    1018.3910131454468
                ],
                [
                    -1102.9785871505737,
                    156.49822354316711
                ],
                [
                    -1581.3952684402466,
                    103.08195650577545
                ],
                [
                    -1557.7099323272705,
                    153.18477153778076
                ],
                [
                    -967.3866033554077,
                    205.00177145004272
                ],
                [
                    -1413.4368896484375,
                    549.6176481246948
                ]
            ],
            "provenance": "visii",
            "quaternion_xyzw": [
                -0.5011013746261597,
                0.6315265893936157,
                0.43324896693229675,
                -0.40294769406318665
            ],
            "quaternion_xyzw_world": [
                -0.35288572311401367,
                0.551163375377655,
                0.4833109378814697,
                0.5814646482467651
            ],
            "segmentation_id": 2,
            "visibility": 0
        },
        {
            "bounding_box_minx_maxx_miny_maxy": [
                166,
                182,
                76,
                109
            ],
            "class": "Smith",
            "local_cuboid": null,
            "local_to_world_matrix": [
                [
                    -0.2916693687438965,
                    0.061026930809020996,
                    -0.9545704126358032,
                    0.0
                ],
                [
                    -0.7608599066734314,
                    -0.619591474533081,
                    0.19286978244781494,
                    0.0
                ],
                [
                    -0.5796734094619751,
                    0.7825485467910767,
                    0.22714877128601074,
                    0.0
                ],
                [
                    1.7254607677459717,
                    0.238185852766037,
                    0.5352267026901245,
                    1.0
                ]
            ],
            "location": [
                -0.238185852766037,
                0.5352267026901245,
                -1.7254607677459717
            ],
            "location_world": [
                1.7254607677459717,
                0.238185852766037,
                0.5352267026901245
            ],
            "name": "google_Smith_Hawken_Woven_BasketTray_Organizer_with_3_Compartments_95_x_9_x_13_2",
            "projected_cuboid": [
                [
                    48.171013593673706,
                    101.06439888477325
                ],
                [
                    88.10995519161224,
                    59.43417549133301
                ],
                [
                    184.61807072162628,
                    101.63433849811554
                ],
                [
                    137.5230848789215,
                    134.94154810905457
                ],
                [
                    68.22088360786438,
                    -10.53851842880249
                ],
                [
                    107.97980427742004,
                    -63.62518668174744
                ],
                [
                    196.60940766334534,
                    -12.666165828704834
                ],
                [
                    150.90245008468628,
                    30.699551105499268
                ],
                [
                    123.85518848896027,
                    43.07675361633301
                ]
            ],
            "provenance": "visii",
            "quaternion_xyzw": [
                -0.20397911965847015,
                0.41055551171302795,
                0.6016291379928589,
                -0.6541246175765991
            ],
            "quaternion_xyzw_world": [
                -0.5245887041091919,
                0.33351507782936096,
                0.7311651110649109,
                0.28101956844329834
            ],
            "segmentation_id": 3,
            "visibility": 1
        },
        {
            "bounding_box_minx_maxx_miny_maxy": [
                364,
                499,
                39,
                202
            ],
            "class": "Paul",
            "local_cuboid": null,
            "local_to_world_matrix": [
                [
                    -0.6116178035736084,
                    -0.507426917552948,
                    0.6069938540458679,
                    0.0
                ],
                [
                    0.6965516209602356,
                    0.018436014652252197,
                    0.717269778251648,
                    0.0
                ],
                [
                    -0.3751525282859802,
                    0.8614975214004517,
                    0.3421732783317566,
                    0.0
                ],
                [
                    0.8859974145889282,
                    -0.39110416173934937,
                    0.11473409086465836,
                    1.0
                ]
            ],
            "location": [
                0.39110416173934937,
                0.11473409086465836,
                -0.8859974145889282
            ],
            "location_world": [
                0.8859974145889282,
                -0.39110416173934937,
                0.11473409086465836
            ],
            "name": "google_Paul_Frank_Dot_Lunch_Box_3",
            "projected_cuboid": [
                [
                    479.98401522636414,
                    41.00506007671356
                ],
                [
                    455.51741123199463,
                    -0.02917647361755371
                ],
                [
                    577.4478912353516,
                    82.65623450279236
                ],
                [
                    611.0811829566956,
                    127.13485956192017
                ],
                [
                    340.10469913482666,
                    195.67495584487915
                ],
                [
                    331.4068615436554,
                    149.1697132587433
                ],
                [
                    444.530189037323,
                    205.64740896224976
                ],
                [
                    461.56954765319824,
                    252.36529111862183
                ],
                [
                    458.8542878627777,
                    139.1284465789795
                ]
            ],
            "provenance": "visii",
            "quaternion_xyzw": [
                0.3221043050289154,
                0.45680689811706543,
                -0.19394318759441376,
                -0.8062024116516113
            ],
            "quaternion_xyzw_world": [
                0.08332598954439163,
                0.5674241185188293,
                0.6955851912498474,
                -0.43272146582603455
            ],
            "segmentation_id": 4,
            "visibility": 1
        },
        {
            "bounding_box_minx_maxx_miny_maxy": [
                -1,
                -1,
                -1,
                -1
            ],
            "class": "Toys",
            "local_cuboid": null,
            "local_to_world_matrix": [
                [
                    -0.33872783184051514,
                    -0.7651207447052002,
                    -0.5475888848304749,
                    0.0
                ],
                [
                    -0.8730258941650391,
                    0.4726012349128723,
                    -0.12030701339244843,
                    0.0
                ],
                [
                    0.35084059834480286,
                    0.4373079538345337,
                    -0.8280534744262695,
                    0.0
                ],
                [
                    0.37946608662605286,
                    -0.21022607386112213,
                    0.53123939037323,
                    1.0
                ]
            ],
            "location": [
                0.21022607386112213,
                0.53123939037323,
                -0.37946608662605286
            ],
            "location_world": [
                0.37946608662605286,
                -0.21022607386112213,
                0.53123939037323
            ],
            "name": "google_Toys_R_Us_Treat_Dispenser_Smart_Puzzle_Foobler_4",
            "projected_cuboid": [
                [
                    553.7340641021729,
                    -222.27743268013
                ],
                [
                    544.6456670761108,
                    -376.0873079299927
                ],
                [
                    741.6864633560181,
                    -762.0187997817993
                ],
                [
                    688.9679431915283,
                    -465.1753306388855
                ],
                [
                    387.84974813461304,
                    -272.3727822303772
                ],
                [
                    323.1625258922577,
                    -422.79231548309326
                ],
                [
                    454.464316368103,
                    -756.3965320587158
                ],
                [
                    489.2062842845917,
                    -494.05235052108765
                ],
                [
                    512.3921632766724,
                    -444.7169899940491
                ]
            ],
            "provenance": "visii",
            "quaternion_xyzw": [
                -0.7477078437805176,
                0.3411058783531189,
                0.03296075761318207,
                -0.5687646865844727
            ],
            "quaternion_xyzw_world": [
                -0.5041637420654297,
                0.8123088479042053,
                0.09756170958280563,
                0.27650490403175354
            ],
            "segmentation_id": 5,
            "visibility": 0
        },
        {
            "bounding_box_minx_maxx_miny_maxy": [
                442,
                499,
                1,
                56
            ],
            "class": "Tag",
            "local_cuboid": null,
            "local_to_world_matrix": [
                [
                    0.413920521736145,
                    -0.45884937047958374,
                    -0.7862105369567871,
                    0.0
                ],
                [
                    0.18872009217739105,
                    0.8881607055664062,
                    -0.41899317502975464,
                    0.0
                ],
                [
                    0.8905360698699951,
                    0.025056153535842896,
                    0.45422208309173584,
                    0.0
                ],
                [
                    1.8397412300109863,
                    -0.7239620685577393,
                    0.6710774898529053,
                    1.0
                ]
            ],
            "location": [
                0.7239620685577393,
                0.6710774898529053,
                -1.8397412300109863
            ],
            "location_world": [
                1.8397412300109863,
                -0.7239620685577393,
                0.6710774898529053
            ],
            "name": "google_Tag_Dishtowel_Basket_Weave_Red_18_x_26_5",
            "projected_cuboid": [
                [
                    527.3347496986389,
                    35.71583330631256
                ],
                [
                    456.22074604034424,
                    71.16755843162537
                ],
                [
                    459.8729908466339,
                    73.27862083911896
                ],
                [
                    532.2649478912354,
                    37.283122539520264
                ],
                [
                    512.0882987976074,
                    -17.243236303329468
                ],
                [
                    438.63290548324585,
                    20.809441804885864
                ],
                [
                    442.12740659713745,
                    22.146165370941162
                ],
                [
                    516.9481635093689,
                    -16.536206007003784
                ],
                [
                    485.3929579257965,
                    29.03646230697632
                ]
            ],
            "provenance": "visii",
            "quaternion_xyzw": [
                -0.8319222331047058,
                0.5031633377075195,
                0.1319163739681244,
                0.19320979714393616
            ],
            "quaternion_xyzw_world": [
                -0.13373273611068726,
                0.5049797296524048,
                -0.19502615928649902,
                0.8301059007644653
            ],
            "segmentation_id": 6,
            "visibility": 1
        },
        {
            "bounding_box_minx_maxx_miny_maxy": [
                -1,
                -1,
                -1,
                -1
            ],
            "class": "FRACTION",
            "local_cuboid": null,
            "local_to_world_matrix": [
                [
                    -0.9288995265960693,
                    -0.16940540075302124,
                    -0.3293135464191437,
                    0.0
                ],
                [
                    0.15446096658706665,
                    0.6309711933135986,
                    -0.7602744102478027,
                    0.0
                ],
                [
                    0.3365819752216339,
                    -0.7570846080780029,
                    -0.5599422454833984,
                    0.0
                ],
                [
                    0.5203016400337219,
                    0.38508710265159607,
                    0.06464572995901108,
                    1.0
                ]
            ],
            "location": [
                -0.38508710265159607,
                0.06464572995901108,
                -0.5203016400337219
            ],
            "location_world": [
                0.5203016400337219,
                0.38508710265159607,
                0.06464572995901108
            ],
            "name": "google_FRACTION_FUN_n4h4qte23QR_6",
            "projected_cuboid": [
                [
                    -131.3735544681549,
                    135.6613039970398
                ],
                [
                    -261.3893747329712,
                    328.120619058609
                ],
                [
                    -322.11804389953613,
                    298.0334758758545
                ],
                [
                    -191.76775217056274,
                    96.8187004327774
                ],
                [
                    -58.01594257354736,
                    108.72140526771545
                ],
                [
                    -157.9003632068634,
                    252.797931432724
                ],
                [
                    -200.11958479881287,
                    228.8537472486496
                ],
                [
                    -99.82863068580627,
                    79.96885478496552
                ],
                [
                    -171.51790857315063,
                    190.08119404315948
                ]
            ],
            "provenance": "visii",
            "quaternion_xyzw": [
                -0.7527053952217102,
                0.31894442439079285,
                -0.5599747896194458,
                -0.13467463850975037
            ],
            "quaternion_xyzw_world": [
                -0.004230434540659189,
                0.8831496238708496,
                -0.4295305609703064,
                0.18850019574165344
            ],
            "segmentation_id": 7,
            "visibility": 0
        },
        {
            "bounding_box_minx_maxx_miny_maxy": [
                229,
                326,
                336,
                432
            ],
            "class": "FAIRY",
            "local_cuboid": null,
            "local_to_world_matrix": [
                [
                    -0.7743449211120605,
                    0.5786611437797546,
                    -0.25601014494895935,
                    0.0
                ],
                [
                    0.6216551661491394,
                    0.6202263832092285,
                    -0.478397399187088,
                    0.0
                ],
                [
                    -0.11804573982954025,
                    -0.5295946598052979,
                    -0.8399968147277832,
                    0.0
                ],
                [
                    1.8162914514541626,
                    -0.06668931990861893,
                    -0.32735365629196167,
                    1.0
                ]
            ],
            "location": [
                0.06668931990861893,
                -0.32735365629196167,
                -1.8162914514541626
            ],
            "location_world": [
                1.8162914514541626,
                -0.06668931990861893,
                -0.32735365629196167
            ],
            "name": "google_FAIRY_TALE_BLOCKS_7",
            "projected_cuboid": [
                [
                    323.0324983596802,
                    431.0339689254761
                ],
                [
                    260.3887617588043,
                    457.3304057121277
                ],
                [
                    220.66769003868103,
                    391.5392756462097
                ],
                [
                    278.30708026885986,
                    359.0458333492279
                ],
                [
                    363.2444739341736,
                    390.547513961792
                ],
                [
                    303.33971977233887,
                    417.6708459854126
                ],
                [
                    266.87198877334595,
                    358.731746673584
                ],
                [
                    322.62957096099854,
                    326.6901969909668
                ],
                [
                    291.9698655605316,
                    391.0433053970337
                ]
            ],
            "provenance": "visii",
            "quaternion_xyzw": [
                -0.4420663118362427,
                0.4955345392227173,
                -0.7374117374420166,
                -0.12347790598869324
            ],
            "quaternion_xyzw_world": [
                0.3337010443210602,
                0.8992452621459961,
                -0.2802327871322632,
                0.03835561126470566
            ],
            "segmentation_id": 8,
            "visibility": 1
        },
        {
            "bounding_box_minx_maxx_miny_maxy": [
                407,
                461,
                307,
                370
            ],
            "class": "Great",
            "local_cuboid": null,
            "local_to_world_matrix": [
                [
                    -0.2734804153442383,
                    0.4261898696422577,
                    0.8623054027557373,
                    0.0
                ],
                [
                    0.9477583169937134,
                    -0.03364396095275879,
                    0.3172100782394409,
                    0.0
                ],
                [
                    0.16420301795005798,
                    0.9040079116821289,
                    -0.39472413063049316,
                    0.0
                ],
                [
                    1.8455332517623901,
                    -0.615718424320221,
                    -0.26220452785491943,
                    1.0
                ]
            ],
            "location": [
                0.615718424320221,
                -0.26220452785491943,
                -1.8455332517623901
            ],
            "location_world": [
                1.8455332517623901,
                -0.615718424320221,
                -0.26220452785491943
            ],
            "name": "google_Great_Jones_Wingtip_kAqSg6EgG0I_8",
            "projected_cuboid": [
                [
                    421.7149615287781,
                    359.5142960548401
                ],
                [
                    399.45781230926514,
                    313.3796751499176
                ],
                [
                    432.24096298217773,
                    300.279825925827
                ],
                [
                    460.50745248794556,
                    344.6240425109863
                ],
                [
                    435.22360920906067,
                    391.0262882709503
                ],
                [
                    411.3299250602722,
                    340.98729491233826
                ],
                [
                    443.72689723968506,
                    328.34258675575256
                ],
                [
                    473.474383354187,
                    376.7441511154175
                ],
                [
                    433.63311886787415,
                    342.6366150379181
                ]
            ],
            "provenance": "visii",
            "quaternion_xyzw": [
                0.324346661567688,
                0.6905800104141235,
                -0.48599815368652344,
                -0.4262678623199463
            ],
            "quaternion_xyzw_world": [
                0.5373284816741943,
                0.6392496824264526,
                0.4775982201099396,
                -0.2730163335800171
            ],
            "segmentation_id": 9,
            "visibility": 1
        },
        {
            "bounding_box_minx_maxx_miny_maxy": [
                230,
                319,
                477,
                500
            ],
            "class": "Ecoforms",
            "local_cuboid": null,
            "local_to_world_matrix": [
                [
                    -0.1533142328262329,
                    -0.26779770851135254,
                    -0.9511988162994385,
                    0.0
                ],
                [
                    -0.6088233590126038,
                    -0.7325887680053711,
                    0.30438101291656494,
                    0.0
                ],
                [
                    -0.7783501148223877,
                    0.6257780194282532,
                    -0.05072522163391113,
                    0.0
                ],
                [
                    1.6600435972213745,
                    -0.14308075606822968,
                    -0.6863298416137695,
                    1.0
                ]
            ],
            "location": [
                0.14308075606822968,
                -0.6863298416137695,
                -1.6600435972213745
            ],
            "location_world": [
                1.6600435972213745,
                -0.14308075606822968,
                -0.6863298416137695
            ],
            "name": "google_Ecoforms_Plant_Container_Quadra_Sand_QP6_9",
            "projected_cuboid": [
                [
                    247.49056994915009,
                    562.5884532928467
                ],
                [
                    305.0127625465393,
                    563.4502172470093
                ],
                [
                    340.55954217910767,
                    534.3023538589478
                ],
                [
                    285.05128622055054,
                    535.4878306388855
                ],
                [
                    228.3233404159546,
                    488.64859342575073
                ],
                [
                    283.2220792770386,
                    483.7321639060974
                ],
                [
                    319.8951184749603,
                    461.5780711174011
                ],
                [
                    266.7025327682495,
                    467.6024913787842
                ],
                [
                    284.19914841651917,
                    511.3769769668579
                ]
            ],
            "provenance": "visii",
            "quaternion_xyzw": [
                -0.2150968462228775,
                0.2540832757949829,
                0.5491291880607605,
                -0.7665717601776123
            ],
            "quaternion_xyzw_world": [
                -0.6383572220802307,
                0.3433113396167755,
                0.6773436665534973,
                0.1258687824010849
            ],
            "segmentation_id": 10,
            "visibility": 1
        },
        {
            "bounding_box_minx_maxx_miny_maxy": [
                -1,
                -1,
                -1,
                -1
            ],
            "class": "ReadytoUse",
            "local_cuboid": null,
            "local_to_world_matrix": [
                [
                    -0.1313486099243164,
                    0.9738625288009644,
                    0.18530863523483276,
                    0.0
                ],
                [
                    -0.3446950614452362,
                    -0.22013020515441895,
                    0.9125393629074097,
                    0.0
                ],
                [
                    0.9294798970222473,
                    0.055985838174819946,
                    0.364599347114563,
                    0.0
                ],
                [
                    0.8287684917449951,
                    0.6007086038589478,
                    -0.1883106827735901,
                    1.0
                ]
            ],
            "location": [
                -0.6007086038589478,
                -0.1883106827735901,
                -0.8287684917449951
            ],
            "location_world": [
                0.8287684917449951,
                0.6007086038589478,
                -0.1883106827735901
            ],
            "name": "google_ReadytoUse_Rolled_Fondant_Pure_White_24_oz_box_10",
            "projected_cuboid": [
                [
                    -162.91311383247375,
                    334.47539806365967
                ],
                [
                    -163.39313983917236,
                    308.0333173274994
                ],
                [
                    -236.15315556526184,
                    364.92007970809937
                ],
                [
                    -234.09679532051086,
                    395.199179649353
                ],
                [
                    -84.9517285823822,
                    346.7094898223877
                ],
                [
                    -84.08385515213013,
                    320.9066689014435
                ],
                [
                    -140.43042063713074,
                    379.13215160369873
                ],
                [
                    -140.33052325248718,
                    408.5540175437927
                ],
                [
                    -152.6489555835724,
                    354.86286878585815
                ]
            ],
            "provenance": "visii",
            "quaternion_xyzw": [
                0.1037762463092804,
                0.9767141342163086,
                0.18155121803283691,
                -0.047950178384780884
            ],
            "quaternion_xyzw_world": [
                0.4254944920539856,
                0.3696684241294861,
                0.654995858669281,
                0.5032694339752197
            ],
            "segmentation_id": 11,
            "visibility": 0
        },
        {
            "bounding_box_minx_maxx_miny_maxy": [
                0,
                31,
                204,
                342
            ],
            "class": "Dog",
            "local_cuboid": null,
            "local_to_world_matrix": [
                [
                    0.6338023543357849,
                    -0.32755956053733826,
                    0.7007133960723877,
                    0.0
                ],
                [
                    0.4143906533718109,
                    0.9087257981300354,
                    0.04997768998146057,
                    0.0
                ],
                [
                    -0.6531270742416382,
                    0.258693128824234,
                    0.7116901874542236,
                    0.0
                ],
                [
                    0.36914193630218506,
                    0.23282606899738312,
                    -0.09481307119131088,
                    1.0
                ]
            ],
            "location": [
                -0.23282606899738312,
                -0.09481307119131088,
                -0.36914193630218506
            ],
            "location_world": [
                0.36914193630218506,
                0.23282606899738312,
                -0.09481307119131088
            ],
            "name": "google_Dog_11",
            "projected_cuboid": [
                [
                    -103.63340377807617,
                    -24.479568004608154
                ],
                [
                    -315.6662583351135,
                    19.611552357673645
                ],
                [
                    -98.82348775863647,
                    258.910208940506
                ],
                [
                    86.42794191837311,
                    274.43814277648926
                ],
                [
                    -864.250898361206,
                    424.4120419025421
                ],
                [
                    -942.6953792572021,
                    331.7588269710541
                ],
                [
                    -388.02868127822876,
                    554.8696517944336
                ],
                [
                    -183.7216019630432,
                    667.4255728721619
                ],
                [
                    -259.83577966690063,
                    293.7244772911072
                ]
            ],
            "provenance": "visii",
            "quaternion_xyzw": [
                -0.39511221647262573,
                0.13161601126194,
                0.5647100806236267,
                0.712506890296936
            ],
            "quaternion_xyzw_world": [
                -0.057849716395139694,
                -0.3752443492412567,
                -0.2056465446949005,
                0.9019725918769836
            ],
            "segmentation_id": 12,
            "visibility": 1
        },
        {
            "bounding_box_minx_maxx_miny_maxy": [
                0,
                30,
                319,
                366
            ],
            "class": "Black",
            "local_cuboid": null,
            "local_to_world_matrix": [
                [
                    -0.8703744411468506,
                    -0.09818879514932632,
                    0.48250213265419006,
                    0.0
                ],
                [
                    0.13222253322601318,
                    0.8973172307014465,
                    0.421116441488266,
                    0.0
                ],
                [
                    -0.4743063747882843,
                    0.4303264319896698,
                    -0.7680191993713379,
                    0.0
                ],
                [
                    1.1869391202926636,
                    0.4594145715236664,
                    -0.12467043846845627,
                    1.0
                ]
            ],
            "location": [
                -0.4594145715236664,
                -0.12467043846845627,
                -1.1869391202926636
            ],
            "location_world": [
                1.1869391202926636,
                0.4594145715236664,
                -0.12467043846845627
            ],
            "name": "google_Black_Elderberry_Syrup_54_oz_Gaia_Herbs_12",
            "projected_cuboid": [
                [
                    -22.897720336914062,
                    380.09321689605713
                ],
                [
                    -50.12166500091553,
                    365.4784858226776
                ],
                [
                    -0.08404254913330078,
                    300.9752631187439
                ],
                [
                    25.85965394973755,
                    314.28638100624084
                ],
                [
                    -13.956785202026367,
                    389.02032375335693
                ],
                [
                    -40.06126523017883,
                    374.9784231185913
                ],
                [
                    7.360026240348816,
                    312.5757575035095
                ],
                [
                    32.28387236595154,
                    325.41394233703613
                ],
                [
                    -6.9394707679748535,
                    344.4838523864746
                ]
            ],
            "provenance": "visii",
            "quaternion_xyzw": [
                -0.22514784336090088,
                0.4606032371520996,
                -0.4886208474636078,
                -0.7059766054153442
            ],
            "quaternion_xyzw_world": [
                0.009049846790730953,
                0.9401742815971375,
                0.22640559077262878,
                -0.2544231712818146
            ],
            "segmentation_id": 13,
            "visibility": 1
        },
        {
            "bounding_box_minx_maxx_miny_maxy": [
                -1,
                -1,
                -1,
                -1
            ],
