{
    "camera_data": {
        "camera_look_at": {
            "at": [
                1.0,
                0.0,
                0.0
            ],
            "eye": [
                0.0,
                0.0,
                0.0
            ],
            "up": [
                0.0,
                0.0,
                1.0
            ]
        },
        "camera_view_matrix": [
            [
                0.0,
                0.0,
                -1.0,
                0.0
            ],
            [
                -1.0,
                0.0,
                0.0,
                0.0
            ],
            [
                0.0,
                1.0,
                0.0,
                0.0
            ],
            [
                0.0,
                0.0,
                0.0,
                1.0
            ]
        ],
        "height": 500,
        "intrinsics": {
            "cx": 250.0,
            "cy": 250.0,
            "fx": 603.5535278320312,
            "fy": 603.5535278320312
        },
        "location_world": [
            0.0,
            0.0,
            0.0
        ],
        "quaternion_world_xyzw": [
            0.5,
            -0.5,
            -0.5,
            0.5
        ],
        "width": 500
    },
    "objects": [
        {
            "bounding_box_minx_maxx_miny_maxy": [
                -1,
                -1,
                -1,
                -1
            ],
            "class": "Reebok",
            "local_cuboid": null,
            "local_to_world_matrix": [
                [
                    0.180261492729187,
                    -0.6628029346466064,
                    0.7267723679542542,
                    0.0
                ],
                [
                    -0.8767662048339844,
                    0.226645827293396,
                    0.42416128516197205,
                    0.0
                ],
                [
                    -0.4458553194999695,
                    -0.7136693000793457,
                    -0.5402677059173584,
                    0.0
                ],
                [
                    1.1879512071609497,
                    -0.5452194809913635,
                    -0.5250042676925659,
                    1.0
                ]
            ],
            "location": [
                0.5452194809913635,
                -0.5250042676925659,
                -1.1879512071609497
            ],
            "location_world": [
                1.1879512071609497,
                -0.5452194809913635,
                -0.5250042676925659
            ],
            "name": "google_Reebok_SOMERSET_RUN_0",
            "projected_cuboid": [
                [
                    580.7653665542603,
                    538.2260084152222
                ],
                [
                    624.8031258583069,
                    537.2782945632935
                ],
                [
                    559.9294900894165,
                    487.9957437515259
                ],
                [
                    530.1586389541626,
                    498.4392523765564
                ],
                [
                    550.1366853713989,
                    582.368016242981
                ],
                [
                    587.1962904930115,
                    592.7519798278809
                ],
                [
                    522.919774055481,
                    539.7782921791077
                ],
                [
                    499.95559453964233,
                    540.2121543884277
                ],
                [
                    554.6444654464722,
                    538.9269590377808
                ]
            ],
            "provenance": "visii",
            "quaternion_xyzw": [
                -0.44519275426864624,
                -0.28084829449653625,
                -0.2995375394821167,
                -0.7957417368888855
            ],
            "quaternion_xyzw_world": [
                -0.6111226081848145,
                0.6298118829727173,
                -0.11491846293210983,
                -0.4654674232006073
            ],
            "segmentation_id": 1,
            "visibility": 0
        },
        {
            "bounding_box_minx_maxx_miny_maxy": [
                -1,
                -1,
                -1,
                -1
            ],
            "class": "Breyer",
            "local_cuboid": null,
            "local_to_world_matrix": [
                [
                    0.7195354700088501,
                    0.3068101406097412,
                    0.6230058670043945,
                    0.0
                ],
                [
                    0.6884846091270447,
                    -0.43254733085632324,
                    -0.5821440815925598,
                    0.0
                ],
                [
                    0.09087187051773071,
                    0.8478032946586609,
                    -0.5224672555923462,
                    0.0
                ],
                [
                    0.7273980379104614,
                    0.4127207398414612,
                    -0.1264047473669052,
                    1.0
                ]
            ],
            "location": [
                -0.4127207398414612,
                -0.1264047473669052,
                -0.7273980379104614
            ],
            "location_world": [
                0.7273980379104614,
                0.4127207398414612,
                -0.1264047473669052
            ],
            "name": "google_Breyer_Horse_Of_The_Year_2015_1",
            "projected_cuboid": [
                [
                    -188.25677037239075,
                    339.6475911140442
                ],
                [
                    -150.05075931549072,
                    359.3096435070038
                ],
                [
                    -62.94393539428711,
                    303.34413051605225
                ],
                [
                    -97.47245907783508,
                    280.5463671684265
                ],
                [
                    -234.9889576435089,
                    497.8051781654358
                ],
                [
                    -184.77106094360352,
                    513.0607485771179
                ],
                [
                    -76.75090432167053,
                    446.3909864425659
                ],
                [
                    -121.26687169075012,
                    426.5941381454468
                ],
                [
                    -137.79816031455994,
                    387.951135635376
                ]
            ],
            "provenance": "visii",
            "quaternion_xyzw": [
                0.5844240188598633,
                0.4515356719493866,
                -0.670462965965271,
                -0.07101752609014511
            ],
            "quaternion_xyzw_world": [
                0.81770259141922,
                0.30429607629776,
                0.2182571440935135,
                -0.4371844232082367
            ],
            "segmentation_id": 2,
            "visibility": 0
        },
        {
            "bounding_box_minx_maxx_miny_maxy": [
                49,
                199,
                1,
                78
            ],
            "class": "Smith",
            "local_cuboid": null,
            "local_to_world_matrix": [
                [
                    0.16188019514083862,
                    0.8043636679649353,
                    -0.5716589093208313,
                    0.0
                ],
                [
                    -0.5592666268348694,
                    -0.4025002717971802,
                    -0.7247167825698853,
                    0.0
                ],
                [
                    -0.8130287528038025,
                    0.4370269775390625,
                    0.384696900844574,
                    0.0
                ],
                [
                    1.8134726285934448,
                    0.3148632347583771,
                    0.6215606331825256,
                    1.0
                ]
            ],
            "location": [
                -0.3148632347583771,
                0.6215606331825256,
                -1.8134726285934448
            ],
            "location_world": [
                1.8134726285934448,
                0.3148632347583771,
                0.6215606331825256
            ],
            "name": "google_Smith_Hawken_Woven_BasketTray_Organizer_with_3_Compartments_95_x_9_x_13_2",
            "projected_cuboid": [
                [
                    25.95849335193634,
                    -4.849910736083984
                ],
                [
                    45.45542597770691,
                    44.02469098567963
                ],
                [
                    110.68476736545563,
                    104.64005172252655
                ],
                [
                    88.50885927677155,
                    56.78364634513855
                ],
                [
                    124.83114004135132,
                    -89.87215161323547
                ],
                [
                    154.61280941963196,
                    -47.277480363845825
                ],
                [
                    208.14594626426697,
                    27.04624831676483
                ],
                [
                    177.71758139133453,
                    -16.299575567245483
                ],
                [
                    117.48236417770386,
                    11.173456907272339
                ]
            ],
            "provenance": "visii",
            "quaternion_xyzw": [
                -0.16380199790000916,
                0.25817540287971497,
                0.914071798324585,
                -0.266433984041214
            ],
            "quaternion_xyzw_world": [
                -0.5430662035942078,
                -0.11283020675182343,
                0.6374396085739136,
                0.5348076224327087
            ],
            "segmentation_id": 3,
            "visibility": 1
        },
        {
            "bounding_box_minx_maxx_miny_maxy": [
                -1,
                -1,
                -1,
                -1
            ],
            "class": "Paul",
            "local_cuboid": null,
            "local_to_world_matrix": [
                [
                    0.18560779094696045,
                    0.044015899300575256,
                    -0.9816377758979797,
                    0.0
                ],
                [
                    -0.375499963760376,
                    0.9263540506362915,
                    -0.029462486505508423,
                    0.0
                ],
                [
                    0.9080472588539124,
                    0.374073326587677,
                    0.18846648931503296,
                    0.0
                ],
                [
                    0.8515749573707581,
                    -0.6306799650192261,
                    0.1692419797182083,
                    1.0
                ]
            ],
            "location": [
                0.6306799650192261,
                0.1692419797182083,
                -0.8515749573707581
            ],
            "location_world": [
                0.8515749573707581,
                -0.6306799650192261,
                0.1692419797182083
            ],
            "name": "google_Paul_Frank_Dot_Lunch_Box_3",
            "projected_cuboid": [
                [
                    570.6124305725098,
                    203.7704437971115
                ],
                [
                    526.2166261672974,
                    203.81325483322144
                ],
                [
                    655.4367542266846,
                    223.28342497348785
                ],
                [
                    704.4262290000916,
                    222.35023975372314
                ],
                [
                    592.0410752296448,
                    54.135337471961975
                ],
                [
                    546.36549949646,
                    48.22105169296265
                ],
                [
                    688.6770725250244,
                    28.242558240890503
                ],
                [
                    738.9035224914551,
                    36.58275306224823
                ],
                [
                    620.3879117965698,
                    129.76862490177155
                ]
            ],
            "provenance": "visii",
            "quaternion_xyzw": [
                -0.6880214214324951,
                0.6932893991470337,
                0.2033662497997284,
                -0.06796053051948547
            ],
            "quaternion_xyzw_world": [
                -0.13302940130233765,
                0.6229525804519653,
                0.13829737901687622,
                0.7583582997322083
            ],
            "segmentation_id": 4,
            "visibility": 0
        },
        {
            "bounding_box_minx_maxx_miny_maxy": [
                494,
                499,
                86,
                128
            ],
            "class": "Toys",
            "local_cuboid": null,
            "local_to_world_matrix": [
                [
                    0.11467427015304565,
                    0.9760416746139526,
                    -0.18491196632385254,
                    0.0
                ],
                [
                    0.5033748149871826,
                    0.10338151454925537,
                    0.8578613996505737,
                    0.0
                ],
                [
                    0.8564249277114868,
                    -0.19145467877388,
                    -0.4794595241546631,
                    0.0
                ],
                [
                    0.8688625693321228,
                    -0.4472751319408417,
                    0.26565033197402954,
                    1.0
                ]
            ],
            "location": [
                0.4472751319408417,
                0.26565033197402954,
                -0.8688625693321228
            ],
            "location_world": [
                0.8688625693321228,
                -0.4472751319408417,
                0.26565033197402954
            ],
            "name": "google_Toys_R_Us_Treat_Dispenser_Smart_Puzzle_Foobler_4",
            "projected_cuboid": [
                [
                    504.4603943824768,
                    180.47219514846802
                ],
                [
                    476.4828681945801,
                    109.56588387489319
                ],
                [
                    489.6131753921509,
                    40.969252586364746
                ],
                [
                    523.1858491897583,
                    116.64886772632599
                ],
                [
                    604.8762202262878,
                    161.05127334594727
                ],
                [
                    568.8648819923401,
                    90.38425981998444
                ],
                [
                    595.7643985748291,
                    17.628207802772522
                ],
                [
                    640.0765180587769,
                    92.7409678697586
                ],
                [
                    548.3611822128296,
                    102.17350721359253
                ]
            ],
            "provenance": "visii",
            "quaternion_xyzw": [
                -0.07503646612167358,
                0.960511326789856,
                -0.2558102011680603,
                0.07967865467071533
            ],
            "quaternion_xyzw_world": [
                0.610481858253479,
                0.6058396697044373,
                0.27499300241470337,
                0.4297081232070923
            ],
            "segmentation_id": 5,
            "visibility": 1
        },
        {
            "bounding_box_minx_maxx_miny_maxy": [
                433,
                499,
                11,
                72
            ],
            "class": "Tag",
            "local_cuboid": null,
            "local_to_world_matrix": [
                [
                    0.28476405143737793,
                    0.11735811829566956,
                    -0.951386570930481,
                    0.0
                ],
                [
                    -0.7000619173049927,
                    -0.6525295972824097,
                    -0.2900315523147583,
                    0.0
                ],
                [
                    -0.6548454761505127,
                    0.7486201524734497,
                    -0.10365903377532959,
                    0.0
                ],
                [
                    1.806966781616211,
                    -0.6767461895942688,
                    0.6263874769210815,
                    1.0
                ]
            ],
            "location": [
                0.6767461895942688,
                0.6263874769210815,
                -1.806966781616211
            ],
            "location_world": [
                1.806966781616211,
                -0.6767461895942688,
                0.6263874769210815
            ],
            "name": "google_Tag_Dishtowel_Basket_Weave_Red_18_x_26_5",
            "projected_cuboid": [
                [
                    430.2981197834015,
                    66.16725027561188
                ],
                [
                    500.47075748443604,
                    72.4220871925354
                ],
                [
                    506.2040090560913,
                    73.49222898483276
                ],
                [
                    436.37970089912415,
                    67.2207772731781
                ],
                [
                    441.61099195480347,
                    8.15001130104065
                ],
                [
                    514.9133801460266,
                    8.946910500526428
                ],
                [
                    520.6164121627808,
                    10.899186134338379
                ],
                [
                    447.7124810218811,
                    9.94129478931427
                ],
                [
                    473.08236360549927,
                    39.98647630214691
                ]
            ],
            "provenance": "visii",
            "quaternion_xyzw": [
                0.3598012924194336,
                -0.2076541781425476,
                -0.7180241942405701,
                0.5584478378295898
            ],
            "quaternion_xyzw_world": [
                0.714309573173523,
                -0.2039395272731781,
                -0.562162458896637,
                -0.3635159432888031
            ],
            "segmentation_id": 6,
            "visibility": 1
        },
        {
            "bounding_box_minx_maxx_miny_maxy": [
                61,
                69,
                230,
                236
            ],
            "class": "FRACTION",
            "local_cuboid": null,
            "local_to_world_matrix": [
                [
                    0.004537045955657959,
                    -0.7589174509048462,
                    -0.6511710286140442,
                    0.0
                ],
                [
                    -0.4572228193283081,
                    0.5775504112243652,
                    -0.6763008236885071,
                    0.0
                ],
                [
                    0.8893405795097351,
                    0.3007986545562744,
                    -0.3443739414215088,
                    0.0
                ],
                [
                    1.7605668306350708,
                    0.4360952377319336,
                    0.0795484334230423,
                    1.0
                ]
            ],
            "location": [
                -0.4360952377319336,
                0.0795484334230423,
                -1.7605668306350708
            ],
            "location_world": [
                1.7605668306350708,
                0.4360952377319336,
                0.0795484334230423
            ],
            "name": "google_FRACTION_FUN_n4h4qte23QR_6",
            "projected_cuboid": [
                [
                    142.5221562385559,
                    226.6172617673874
                ],
                [
                    99.69742596149445,
                    269.41707730293274
                ],
                [
                    100.91795027256012,
                    264.5587623119354
                ],
                [
                    144.6085125207901,
                    221.06799483299255
                ],
                [
                    98.91998767852783,
                    189.2351657152176
                ],
                [
                    53.92831563949585,
                    230.21315038204193
                ],
                [
                    54.11124229431152,
                    224.4633436203003
                ],
                [
                    100.0656932592392,
                    182.87619948387146
                ],
                [
                    99.88400340080261,
                    225.57848691940308
                ]
            ],
            "provenance": "visii",
            "quaternion_xyzw": [
                -0.9116686582565308,
                0.33694303035736084,
                0.08372990787029266,
                -0.21981585025787354
            ],
            "quaternion_xyzw_world": [
                -0.43913570046424866,
                0.6923487782478333,
                -0.13558995723724365,
                0.5562628507614136
            ],
            "segmentation_id": 7,
            "visibility": 1
        },
        {
            "bounding_box_minx_maxx_miny_maxy": [
                -1,
                -1,
                -1,
                -1
            ],
            "class": "FAIRY",
            "local_cuboid": null,
            "local_to_world_matrix": [
                [
                    0.8805760145187378,
                    0.2045079916715622,
                    0.42750710248947144,
                    0.0
                ],
                [
                    -0.10541386902332306,
                    0.9640210866928101,
                    -0.24403126537799835,
                    0.0
                ],
                [
                    -0.4620321989059448,
                    0.16982291638851166,
                    0.8704518675804138,
                    0.0
                ],
                [
                    1.8886189460754395,
                    -0.12426191568374634,
                    -0.2707188129425049,
                    1.0
                ]
            ],
            "location": [
                0.12426191568374634,
                -0.2707188129425049,
                -1.8886189460754395
            ],
            "location_world": [
                1.8886189460754395,
                -0.12426191568374634,
                -0.2707188129425049
            ],
            "name": "google_FAIRY_TALE_BLOCKS_7",
            "projected_cuboid": [
                [
                    309.63829159736633,
                    247.13264405727386
                ],
                [
                    228.55247557163239,
                    267.8402364253998
                ],
                [
                    241.19055271148682,
                    325.9810507297516
                ],
                [
                    317.9472088813782,
                    305.527001619339
                ],
                [
                    335.4088068008423,
                    284.55471992492676
                ],
                [
                    244.12213265895844,
                    308.6065649986267
                ],
                [
                    257.4121952056885,
                    371.5479075908661
                ],
                [
                    343.2472050189972,
                    347.89779782295227
                ],
                [
                    284.5410108566284,
                    306.92052841186523
                ]
            ],
            "provenance": "visii",
            "quaternion_xyzw": [
                -0.3799641728401184,
                0.35300302505493164,
                0.6911171674728394,
                0.5033619403839111
            ],
            "quaternion_xyzw_world": [
                -0.1073581650853157,
                -0.23075592517852783,
                0.08039701730012894,
                0.9637231230735779
            ],
            "segmentation_id": 8,
            "visibility": 0
        },
        {
            "bounding_box_minx_maxx_miny_maxy": [
                51,
                157,
                210,
                316
            ],
            "class": "Great",
            "local_cuboid": null,
            "local_to_world_matrix": [
                [
                    0.3289359211921692,
                    -0.2981314957141876,
                    -0.8960573077201843,
                    0.0
                ],
                [
                    -0.9437307119369507,
                    -0.06935667991638184,
                    -0.32336047291755676,
                    0.0
                ],
                [
                    0.03425639867782593,
                    0.952001690864563,
                    -0.30416977405548096,
                    0.0
                ],
                [
                    0.6417524814605713,
                    0.08332084119319916,
                    0.04345117136836052,
                    1.0
                ]
            ],
            "location": [
                -0.08332084119319916,
                0.04345117136836052,
                -0.6417524814605713
            ],
            "location_world": [
                0.6417524814605713,
                0.08332084119319916,
                0.04345117136836052
            ],
            "name": "google_Great_Jones_Wingtip_kAqSg6EgG0I_8",
            "projected_cuboid": [
                [
                    111.73883080482483,
                    242.92203783988953
                ],
                [
                    58.2299679517746,
                    356.72885179519653
                ],
                [
                    184.2000037431717,
                    316.8260455131531
                ],
                [
                    192.02128052711487,
                    217.02399849891663
                ],
                [
                    79.36760783195496,
                    164.92310166358948
                ],
                [
                    1.9297152757644653,
                    239.57020044326782
                ],
                [
                    137.1172070503235,
                    195.64330577850342
                ],
                [
                    163.2978916168213,
                    137.40122318267822
                ],
                [
                    121.12683057785034,
                    225.43255984783173
                ]
            ],
            "provenance": "visii",
            "quaternion_xyzw": [
                0.6433794498443604,
                -0.32123368978500366,
                -0.4977380335330963,
                0.48490065336227417
            ],
            "quaternion_xyzw_world": [
                0.6523922085762024,
                -0.47588789463043213,
                -0.3302464783191681,
                -0.4887252449989319
            ],
            "segmentation_id": 9,
            "visibility": 1
        },
        {
            "bounding_box_minx_maxx_miny_maxy": [
                330,
                363,
                481,
                500
            ],
            "class": "Ecoforms",
            "local_cuboid": null,
            "local_to_world_matrix": [
                [
                    -0.5940134525299072,
                    -0.09178571403026581,
                    -0.7992021441459656,
                    0.0
                ],
                [
                    -0.47929930686950684,
                    0.8382644653320312,
                    0.25997108221054077,
                    0.0
                ],
                [
                    0.6460811495780945,
                    0.5374832153320312,
                    -0.5419332981109619,
                    0.0
                ],
                [
                    1.6639562845230103,
                    -0.2577575445175171,
                    -0.6209321618080139,
                    1.0
                ]
            ],
            "location": [
                0.2577575445175171,
                -0.6209321618080139,
                -1.6639562845230103
            ],
            "location_world": [
                1.6639562845230103,
                -0.2577575445175171,
                -0.6209321618080139
            ],
            "name": "google_Ecoforms_Plant_Container_Quadra_Sand_QP6_9",
            "projected_cuboid": [
                [
                    337.55967020988464,
                    528.4841060638428
                ],
                [
                    284.7605347633362,
                    525.81787109375
                ],
                [
                    322.1859335899353,
                    509.7534656524658
                ],
                [
                    376.39957666397095,
                    513.4809017181396
                ],
                [
                    326.6550600528717,
                    462.71830797195435
                ],
                [
                    276.6456604003906,
                    456.86137676239014
                ],
                [
                    311.0170066356659,
                    437.39891052246094
                ],
                [
                    362.3359799385071,
                    444.621205329895
                ],
                [
                    324.62403178215027,
                    484.0935468673706
                ]
            ],
            "provenance": "visii",
            "quaternion_xyzw": [
                -0.6078437566757202,
                0.673473596572876,
                -0.0232502743601799,
                -0.4200226068496704
            ],
            "quaternion_xyzw_world": [
                -0.16557122766971588,
                0.8622950911521912,
                0.23120109736919403,
                0.41902223229408264
            ],
            "segmentation_id": 10,
            "visibility": 1
        },
        {
            "bounding_box_minx_maxx_miny_maxy": [
                -1,
                -1,
                -1,
                -1
            ],
            "class": "ReadytoUse",
            "local_cuboid": null,
            "local_to_world_matrix": [
                [
                    -0.27828943729400635,
                    -0.2699982523918152,
                    -0.9217681288719177,
                    0.0
                ],
                [
                    -0.21556398272514343,
                    0.9527533054351807,
                    -0.21399375796318054,
                    0.0
                ],
                [
                    0.9359955191612244,
                    0.1391477882862091,
                    -0.3233431577682495,
                    0.0
                ],
                [
                    0.8361795544624329,
                    0.3362777829170227,
                    -0.4502052664756775,
                    1.0
                ]
            ],
            "location": [
                -0.3362777829170227,
                -0.4502052664756775,
                -0.8361795544624329
            ],
            "location_world": [
                0.8361795544624329,
                0.3362777829170227,
                -0.4502052664756775
            ],
            "name": "google_ReadytoUse_Rolled_Fondant_Pure_White_24_oz_box_10",
            "projected_cuboid": [
                [
                    53.438812494277954,
                    591.164231300354
                ],
                [
                    22.231921553611755,
                    601.4097332954407
                ],
                [
                    -4.538685083389282,
                    629.1244029998779
                ],
                [
                    32.986268401145935,
                    616.5616512298584
                ],
                [
                    40.4779314994812,
                    513.191282749176
                ],
                [
                    10.185211896896362,
                    522.2707986831665
                ],
                [
                    -17.759203910827637,
                    534.1441631317139
                ],
                [
                    18.448755145072937,
                    523.2484936714172
                ],
                [
                    20.457535982131958,
                    564.7505521774292
                ]
            ],
            "provenance": "visii",
            "quaternion_xyzw": [
                -0.7778154611587524,
                0.602495551109314,
                -0.04472188651561737,
                -0.1732116937637329
            ],
            "quaternion_xyzw_world": [
                -0.1519048511981964,
                0.7991223335266113,
                -0.023415055125951767,
                0.5811887383460999
            ],
            "segmentation_id": 11,
            "visibility": 0
        },
        {
            "bounding_box_minx_maxx_miny_maxy": [
                0,
                100,
                74,
                235
            ],
            "class": "Dog",
            "local_cuboid": null,
            "local_to_world_matrix": [
                [
                    0.31025779247283936,
                    0.7641963362693787,
                    -0.565459132194519,
                    0.0
                ],
                [
                    0.7088680863380432,
                    -0.5823084115982056,
                    -0.3980236351490021,
                    0.0
                ],
                [
                    -0.6334398984909058,
                    -0.27734604477882385,
                    -0.7223801612854004,
                    0.0
                ],
                [
                    0.9813753366470337,
                    0.29206782579421997,
                    0.18861278891563416,
                    1.0
                ]
            ],
            "location": [
                -0.29206782579421997,
                0.18861278891563416,
                -0.9813753366470337
            ],
            "location_world": [
                0.9813753366470337,
                0.29206782579421997,
                0.18861278891563416
            ],
            "name": "google_Dog_11",
            "projected_cuboid": [
                [
                    -28.4041166305542,
                    239.40810561180115
                ],
                [
                    78.19852232933044,
                    287.52967715263367
                ],
                [
                    67.43726134300232,
                    203.05132865905762
                ],
                [
                    -26.529937982559204,
                    149.60438013076782
                ],
                [
                    86.88226342201233,
                    133.43587517738342
                ],
                [
                    184.97903645038605,
                    201.2423276901245
                ],
                [
                    160.1411998271942,
                    121.51533365249634
                ],
                [
                    72.38413393497467,
                    51.481857895851135
                ],
                [
                    75.41415095329285,
                    174.49307441711426
                ]
            ],
            "provenance": "visii",
            "quaternion_xyzw": [
                0.0098419189453125,
                0.4279990792274475,
                -0.8360112905502319,
                0.3432272970676422
            ],
            "quaternion_xyzw_world": [
                0.8085398077964783,
                0.45547059178352356,
                -0.37069883942604065,
                -0.037313442677259445
            ],
            "segmentation_id": 12,
            "visibility": 1
        },
        {
            "bounding_box_minx_maxx_miny_maxy": [
                -1,
                -1,
                -1,
                -1
            ],
            "class": "Black",
            "local_cuboid": null,
            "local_to_world_matrix": [
                [
                    -0.74448561668396,
                    0.6675356030464172,
                    -0.01172339916229248,
                    0.0
                ],
                [
                    0.018314898014068604,
                    0.03797274827957153,
                    0.9991109371185303,
                    0.0
                ],
                [
                    0.6673872470855713,
                    0.7436089515686035,
                    -0.040495991706848145,
                    0.0
                ],
                [
                    0.9784930348396301,
                    0.1593044251203537,
                    -0.6254152059555054,
                    1.0
                ]
            ],
            "location": [
                -0.1593044251203537,
                -0.6254152059555054,
                -0.9784930348396301
            ],
            "location_world": [
                0.9784930348396301,
                0.1593044251203537,
                -0.6254152059555054
            ],
            "name": "google_Black_Elderberry_Syrup_54_oz_Gaia_Herbs_12",
            "projected_cuboid": [
                [
                    86.6437703371048,
                    628.7504434585571
                ],
                [
                    85.52731573581696,
                    594.5762991905212
                ],
                [
                    136.89157366752625,
                    625.7131099700928
                ],
                [
                    138.17915320396423,
                    663.3815169334412
                ],
                [
                    113.98284137248993,
                    613.6842966079712
                ],
                [
                    112.88270354270935,
                    580.8498859405518
                ],
                [
                    164.71123695373535,
                    609.3337535858154
                ],
                [
                    165.97411036491394,
                    645.3811526298523
                ],
                [
                    124.6660053730011,
                    619.293749332428
                ]
            ],
            "provenance": "visii",
            "quaternion_xyzw": [
                -0.013608396053314209,
                0.9129668474197388,
                -0.016104325652122498,
                -0.4074886739253998
            ],
            "quaternion_xyzw_world": [
                0.25398704409599304,
                0.675084114074707,
                0.6453713774681091,
                0.25149112939834595
            ],
            "segmentation_id": 13,
            "visibility": 0
        },
        {
            "bounding_box_minx_maxx_miny_maxy": [
                114,
                182,
                44,
                76
            ],
            "class": "Razer",
            "local_cuboid": null,
