{
    "camera_data": {
        "camera_look_at": {
            "at": [
                1.0,
                0.0,
                0.0
            ],
            "eye": [
                0.0,
                0.0,
                0.0
            ],
            "up": [
                0.0,
                0.0,
                1.0
            ]
        },
        "camera_view_matrix": [
            [
                0.0,
                0.0,
                -1.0,
                0.0
            ],
            [
                -1.0,
                0.0,
                0.0,
                0.0
            ],
            [
                0.0,
                1.0,
                0.0,
                0.0
            ],
            [
                0.0,
                0.0,
                0.0,
                1.0
            ]
        ],
        "height": 500,
        "intrinsics": {
            "cx": 250.0,
            "cy": 250.0,
            "fx": 603.5535278320312,
            "fy": 603.5535278320312
        },
        "location_world": [
            0.0,
            0.0,
            0.0
        ],
        "quaternion_world_xyzw": [
            0.5,
            -0.5,
            -0.5,
            0.5
        ],
        "width": 500
    },
    "objects": [
        {
            "bounding_box_minx_maxx_miny_maxy": [
                -1,
                -1,
                -1,
                -1
            ],
            "class": "Reebok",
            "local_cuboid": null,
            "local_to_world_matrix": [
                [
                    -0.4439948797225952,
                    -0.5922813415527344,
                    0.6723625659942627,
                    0.0
                ],
                [
                    -0.7919908761978149,
                    0.6103566884994507,
                    0.014669209718704224,
                    0.0
                ],
                [
                    -0.4190692901611328,
                    -0.5259919166564941,
                    -0.7400767803192139,
                    0.0
                ],
                [
                    1.2206618785858154,
                    -0.5561122894287109,
                    -0.5481403470039368,
                    1.0
                ]
            ],
            "location": [
                0.5561122894287109,
                -0.5481403470039368,
                -1.2206618785858154
            ],
            "location_world": [
                1.2206618785858154,
                -0.5561122894287109,
                -0.5481403470039368
            ],
            "name": "google_Reebok_SOMERSET_RUN_0",
            "projected_cuboid": [
                [
                    603.6018133163452,
                    535.8812808990479
                ],
                [
                    578.5316228866577,
                    597.6280570030212
                ],
                [
                    529.5947790145874,
                    533.9380502700806
                ],
                [
                    562.3829364776611,
                    485.7369363307953
                ],
                [
                    559.3792796134949,
                    559.8527789115906
                ],
                [
                    525.9914398193359,
                    623.8763928413391
                ],
                [
                    481.4873933792114,
                    561.8808269500732
                ],
                [
                    521.2574005126953,
                    510.69724559783936
                ],
                [
                    545.9386706352234,
                    548.1584072113037
                ]
            ],
            "provenance": "visii",
            "quaternion_xyzw": [
                -0.5381781458854675,
                -0.028803586959838867,
                -0.4505881667137146,
                -0.7116916179656982
            ],
            "quaternion_xyzw_world": [
                -0.414042592048645,
                0.8358271718025208,
                -0.15293914079666138,
                -0.3264526128768921
            ],
            "segmentation_id": 1,
            "visibility": 0
        },
        {
            "bounding_box_minx_maxx_miny_maxy": [
                0,
                133,
                285,
                368
            ],
            "class": "Breyer",
            "local_cuboid": null,
            "local_to_world_matrix": [
                [
                    -0.7701616287231445,
                    0.33105385303497314,
                    0.5452105402946472,
                    0.0
                ],
                [
                    -0.6300996541976929,
                    -0.2620360851287842,
                    -0.7309662699699402,
                    0.0
                ],
                [
                    -0.09912437200546265,
                    -0.9064990878105164,
                    0.4104069471359253,
                    0.0
                ],
                [
                    0.9842157363891602,
                    0.3749474287033081,
                    -0.14176659286022186,
                    1.0
                ]
            ],
            "location": [
                -0.3749474287033081,
                -0.14176659286022186,
                -0.9842157363891602
            ],
            "location_world": [
                0.9842157363891602,
                0.3749474287033081,
                -0.14176659286022186
            ],
            "name": "google_Breyer_Horse_Of_The_Year_2015_1",
            "projected_cuboid": [
                [
                    60.21517515182495,
                    249.03999269008636
                ],
                [
                    62.81276047229767,
                    278.7114083766937
                ],
                [
                    -30.059099197387695,
                    321.7340409755707
                ],
                [
                    -28.895825147628784,
                    290.8366620540619
                ],
                [
                    134.88245010375977,
                    320.21740078926086
                ],
                [
                    139.65648412704468,
                    347.2844958305359
                ],
                [
                    61.42108142375946,
                    382.02011585235596
                ],
                [
                    59.33213233947754,
                    354.1688919067383
                ],
                [
                    60.8668327331543,
                    320.8979368209839
                ]
            ],
            "provenance": "visii",
            "quaternion_xyzw": [
                0.5702605247497559,
                0.35389381647109985,
                0.7350415587425232,
                0.09631240367889404
            ],
            "quaternion_xyzw_world": [
                0.1427125483751297,
                -0.5238603353500366,
                0.7814417481422424,
                0.307493656873703
            ],
            "segmentation_id": 2,
            "visibility": 1
        },
        {
            "bounding_box_minx_maxx_miny_maxy": [
                73,
                178,
                36,
                76
            ],
            "class": "Smith",
            "local_cuboid": null,
            "local_to_world_matrix": [
                [
                    0.18040800094604492,
                    0.9220414757728577,
                    -0.34248027205467224,
                    0.0
                ],
                [
                    -0.6047952771186829,
                    -0.17060315608978271,
                    -0.77789306640625,
                    0.0
                ],
                [
                    -0.7756776809692383,
                    0.34746861457824707,
                    0.5268678665161133,
                    0.0
                ],
                [
                    1.8226724863052368,
                    0.327913373708725,
                    0.6468952894210815,
                    1.0
                ]
            ],
            "location": [
                -0.327913373708725,
                0.6468952894210815,
                -1.8226724863052368
            ],
            "location_world": [
                1.8226724863052368,
                0.327913373708725,
                0.6468952894210815
            ],
            "name": "google_Smith_Hawken_Woven_BasketTray_Organizer_with_3_Compartments_95_x_9_x_13_2",
            "projected_cuboid": [
                [
                    36.70497238636017,
                    -39.746493101119995
                ],
                [
                    32.43653476238251,
                    8.504033088684082
                ],
                [
                    89.6216630935669,
                    84.85403656959534
                ],
                [
                    88.82679045200348,
                    35.65715253353119
                ],
                [
                    149.2231786251068,
                    -95.99849581718445
                ],
                [
                    156.41096234321594,
                    -51.48118734359741
                ],
                [
                    200.68636536598206,
                    35.06581485271454
                ],
                [
                    190.61191380023956,
                    -11.69651746749878
                ],
                [
                    118.40158700942993,
                    -2.474576234817505
                ]
            ],
            "provenance": "visii",
            "quaternion_xyzw": [
                -0.14157512784004211,
                0.303508996963501,
                0.9321497082710266,
                -0.13760752975940704
            ],
            "quaternion_xyzw_world": [
                -0.453911691904068,
                -0.17472904920578003,
                0.6158455610275269,
                0.6198131442070007
            ],
            "segmentation_id": 3,
            "visibility": 1
        },
        {
            "bounding_box_minx_maxx_miny_maxy": [
                -1,
                -1,
                -1,
                -1
            ],
            "class": "Paul",
            "local_cuboid": null,
            "local_to_world_matrix": [
                [
                    0.5445601344108582,
                    0.2796471118927002,
                    -0.790728747844696,
                    0.0
                ],
                [
                    -0.06811710447072983,
                    0.9544098377227783,
                    0.2906232476234436,
                    0.0
                ],
                [
                    0.8359512686729431,
                    -0.10439973324537277,
                    0.5387823581695557,
                    0.0
                ],
                [
                    0.891530454158783,
                    -0.5926244258880615,
                    0.18256238102912903,
                    1.0
                ]
            ],
            "location": [
                0.5926244258880615,
                0.18256238102912903,
                -0.891530454158783
            ],
            "location_world": [
                0.891530454158783,
                -0.5926244258880615,
                0.18256238102912903
            ],
            "name": "google_Paul_Frank_Dot_Lunch_Box_3",
            "projected_cuboid": [
                [
                    578.1868696212769,
                    152.61530876159668
                ],
                [
                    526.3949036598206,
                    135.5871558189392
                ],
                [
                    567.0198202133179,
                    191.0797357559204
                ],
                [
                    628.8903951644897,
                    211.10126376152039
                ],
                [
                    668.138325214386,
                    15.35072922706604
                ],
                [
                    609.6471548080444,
                    -5.093991756439209
                ],
                [
                    677.1923303604126,
                    26.722893118858337
                ],
                [
                    748.8545775413513,
                    51.69820785522461
                ],
                [
                    619.0587282180786,
                    100.64388811588287
                ]
            ],
            "provenance": "visii",
            "quaternion_xyzw": [
                -0.5625124573707581,
                0.7756000757217407,
                0.19562262296676636,
                0.20917999744415283
            ],
            "quaternion_xyzw_world": [
                0.11332249641418457,
                0.4666549563407898,
                0.0997651070356369,
                0.871457576751709
            ],
            "segmentation_id": 4,
            "visibility": 0
        },
        {
            "bounding_box_minx_maxx_miny_maxy": [
                463,
                499,
                23,
                121
            ],
            "class": "Toys",
            "local_cuboid": null,
            "local_to_world_matrix": [
                [
                    -0.11362814903259277,
                    0.8684301376342773,
                    -0.48261559009552,
                    0.0
                ],
                [
                    -0.9826610088348389,
                    -0.1698697805404663,
                    -0.07430793344974518,
                    0.0
                ],
                [
                    -0.14651304483413696,
                    0.4658040404319763,
                    0.8726743459701538,
                    0.0
                ],
                [
                    0.9138922095298767,
                    -0.4367915689945221,
                    0.20227162539958954,
                    1.0
                ]
            ],
            "location": [
                0.4367915689945221,
                0.20227162539958954,
                -0.9138922095298767
            ],
            "location_world": [
                0.9138922095298767,
                -0.4367915689945221,
                0.20227162539958954
            ],
            "name": "google_Toys_R_Us_Treat_Dispenser_Smart_Puzzle_Foobler_4",
            "projected_cuboid": [
                [
                    429.57180738449097,
                    58.17931890487671
                ],
                [
                    482.776939868927,
                    30.784547328948975
                ],
                [
                    528.4789204597473,
                    134.16892290115356
                ],
                [
                    469.4458842277527,
                    144.99297738075256
                ],
                [
                    509.4428062438965,
                    15.4503732919693
                ],
                [
                    576.1625170707703,
                    -19.197195768356323
                ],
                [
                    618.4372901916504,
                    83.36812257766724
                ],
                [
                    546.815812587738,
                    101.69748961925507
                ],
                [
                    518.1893110275269,
                    69.99816000461578
                ]
            ],
            "provenance": "visii",
            "quaternion_xyzw": [
                -0.12182442843914032,
                0.6417961716651917,
                0.7227121591567993,
                -0.22570721805095673
            ],
            "quaternion_xyzw_world": [
                -0.21422380208969116,
                0.13330784440040588,
                0.7341955304145813,
                0.6303127408027649
            ],
            "segmentation_id": 5,
            "visibility": 1
        },
        {
            "bounding_box_minx_maxx_miny_maxy": [
                429,
                466,
                42,
                94
            ],
            "class": "Tag",
            "local_cuboid": null,
            "local_to_world_matrix": [
                [
                    0.06400161981582642,
                    -0.6955391764640808,
                    -0.7156319618225098,
                    0.0
                ],
                [
                    -0.84254390001297,
                    0.3466418385505676,
                    -0.412261039018631,
                    0.0
                ],
                [
                    0.5348117351531982,
                    0.6293367147445679,
                    -0.5638366937637329,
                    0.0
                ],
                [
                    1.8823078870773315,
                    -0.6402696967124939,
                    0.5816102027893066,
                    1.0
                ]
            ],
            "location": [
                0.6402696967124939,
                0.5816102027893066,
                -1.8823078870773315
            ],
            "location_world": [
                1.8823078870773315,
                -0.6402696967124939,
                0.5816102027893066
            ],
            "name": "google_Tag_Dishtowel_Basket_Weave_Red_18_x_26_5",
            "projected_cuboid": [
                [
                    466.1564528942108,
                    84.6557766199112
                ],
                [
                    462.66496181488037,
                    98.7672507762909
                ],
                [
                    472.27743268013,
                    90.5645340681076
                ],
                [
                    474.85142946243286,
                    77.13152468204498
                ],
                [
                    431.4367175102234,
                    46.810612082481384
                ],
                [
                    424.13169145584106,
                    56.87406659126282
                ],
                [
                    433.3993196487427,
                    48.18202555179596
                ],
                [
                    439.8520588874817,
                    38.88760507106781
                ],
                [
                    450.7557153701782,
                    67.50768423080444
                ]
            ],
            "provenance": "visii",
            "quaternion_xyzw": [
                -0.8128056526184082,
                0.32673054933547974,
                0.2132546603679657,
                -0.4325697720050812
            ],
            "quaternion_xyzw_world": [
                -0.5659497380256653,
                0.6794256567955017,
                0.07987469434738159,
                0.46011054515838623
            ],
            "segmentation_id": 6,
            "visibility": 1
        },
        {
            "bounding_box_minx_maxx_miny_maxy": [
                26,
                37,
                144,
                163
            ],
            "class": "FRACTION",
            "local_cuboid": null,
            "local_to_world_matrix": [
                [
                    -0.847203254699707,
                    0.15807197988033295,
                    -0.507208526134491,
                    0.0
                ],
                [
                    -0.2708076238632202,
                    -0.9498580694198608,
                    0.15631267428398132,
                    0.0
                ],
                [
                    -0.4570672810077667,
                    0.26978448033332825,
                    0.8475292921066284,
                    0.0
                ],
                [
                    1.4398038387298584,
                    0.415894478559494,
                    0.2535873055458069,
                    1.0
                ]
            ],
            "location": [
                -0.415894478559494,
                0.2535873055458069,
                -1.4398038387298584
            ],
            "location_world": [
                1.4398038387298584,
                0.415894478559494,
                0.2535873055458069
            ],
            "name": "google_FRACTION_FUN_n4h4qte23QR_6",
            "projected_cuboid": [
                [
                    16.124844551086426,
                    148.10407161712646
                ],
                [
                    89.19680118560791,
                    130.63156604766846
                ],
                [
                    96.91929817199707,
                    149.1297334432602
                ],
                [
                    24.614185094833374,
                    165.66981375217438
                ],
                [
                    49.96506869792938,
                    122.76513874530792
                ],
                [
                    116.83183908462524,
                    106.1747819185257
                ],
                [
                    123.41266870498657,
                    123.15723299980164
                ],
                [
                    57.196199893951416,
                    138.96697759628296
                ],
                [
                    71.96745276451111,
                    135.11940836906433
                ]
            ],
            "provenance": "visii",
            "quaternion_xyzw": [
                0.23903359472751617,
                0.4629572033882141,
                0.6039095520973206,
                -0.6031807661056519
            ],
            "quaternion_xyzw_world": [
                -0.2525497376918793,
                0.1115974485874176,
                0.9545405507087708,
                0.11232618242502213
            ],
            "segmentation_id": 7,
            "visibility": 1
        },
        {
            "bounding_box_minx_maxx_miny_maxy": [
                243,
                333,
                271,
                353
            ],
            "class": "FAIRY",
            "local_cuboid": null,
            "local_to_world_matrix": [
                [
                    0.8957720994949341,
                    0.17226657271385193,
                    0.40977635979652405,
                    0.0
                ],
                [
                    -0.03038356453180313,
                    0.9434254765510559,
                    -0.3301897346973419,
                    0.0
                ],
                [
                    -0.44347408413887024,
                    0.283324271440506,
                    0.850328266620636,
                    0.0
                ],
                [
                    1.8958637714385986,
                    -0.14810451865196228,
                    -0.22308094799518585,
                    1.0
                ]
            ],
            "location": [
                0.14810451865196228,
                -0.22308094799518585,
                -1.8958637714385986
            ],
            "location_world": [
                1.8958637714385986,
                -0.14810451865196228,
                -0.22308094799518585
            ],
            "name": "google_FAIRY_TALE_BLOCKS_7",
            "projected_cuboid": [
                [
                    309.47354435920715,
                    230.6147813796997
                ],
                [
                    230.48287630081177,
                    258.26677680015564
                ],
                [
                    250.48959255218506,
                    315.01102447509766
                ],
                [
                    325.5147933959961,
                    288.49199414253235
                ],
                [
                    332.5108289718628,
                    264.30442929267883
                ],
                [
                    243.21453273296356,
                    295.76390981674194
                ],
                [
                    265.00582695007324,
                    357.4926257133484
                ],
                [
                    349.2671847343445,
                    327.49462127685547
                ],
                [
                    288.0280315876007,
                    291.8042540550232
                ]
            ],
            "provenance": "visii",
            "quaternion_xyzw": [
                -0.4226255416870117,
                0.3156750500202179,
                0.6974830627441406,
                0.4850303828716278
            ],
            "quaternion_xyzw_world": [
                -0.15970155596733093,
                -0.222106471657753,
                0.05275110527873039,
                0.960407018661499
            ],
            "segmentation_id": 8,
            "visibility": 1
        },
        {
            "bounding_box_minx_maxx_miny_maxy": [
                163,
                334,
                52,
                279
            ],
            "class": "Great",
            "local_cuboid": null,
            "local_to_world_matrix": [
                [
                    -0.2904775142669678,
                    0.6828892827033997,
                    -0.6702871918678284,
                    0.0
                ],
                [
                    -0.7200037837028503,
                    0.305395245552063,
                    0.6231598854064941,
                    0.0
                ],
                [
                    0.6302518248558044,
                    0.6636233329772949,
                    0.40297240018844604,
                    0.0
                ],
                [
                    0.6167185306549072,
                    -0.04464634507894516,
                    0.06378962844610214,
                    1.0
                ]
            ],
            "location": [
                0.04464634507894516,
                0.06378962844610214,
                -0.6167185306549072
            ],
            "location_world": [
                0.6167185306549072,
                -0.04464634507894516,
                0.06378962844610214
            ],
            "name": "google_Great_Jones_Wingtip_kAqSg6EgG0I_8",
            "projected_cuboid": [
                [
                    233.75217616558075,
                    269.1553235054016
                ],
                [
                    124.52635169029236,
                    67.26597249507904
                ],
                [
                    199.4057595729828,
                    97.09343314170837
                ],
                [
                    296.0186004638672,
                    309.8835051059723
                ],
                [
                    290.5189096927643,
                    213.30931782722473
                ],
                [
                    208.7843120098114,
                    1.2517571449279785
                ],
                [
                    290.6181514263153,
                    20.137682557106018
                ],
                [
                    355.54584860801697,
                    246.89972400665283
                ],
                [
                    256.43354654312134,
                    169.8330044746399
                ]
            ],
            "provenance": "visii",
            "quaternion_xyzw": [
                -0.28469395637512207,
                0.8567819595336914,
                0.3276727497577667,
                -0.2783966660499573
            ],
            "quaternion_xyzw_world": [
                -0.016990693286061287,
                0.5460999011993408,
                0.5890786647796631,
                0.5953759551048279
            ],
            "segmentation_id": 9,
            "visibility": 1
        },
        {
            "bounding_box_minx_maxx_miny_maxy": [
                288,
                369,
                403,
                456
            ],
            "class": "Ecoforms",
            "local_cuboid": null,
            "local_to_world_matrix": [
                [
                    -0.8651835918426514,
                    0.3738905191421509,
                    -0.3341614603996277,
                    0.0
                ],
                [
                    -0.18071359395980835,
                    0.38912999629974365,
                    0.9032832980155945,
                    0.0
                ],
                [
                    0.4677612781524658,
                    0.8418931365013123,
                    -0.26910197734832764,
                    0.0
                ],
                [
                    1.7010754346847534,
                    -0.31751304864883423,
                    -0.5324335098266602,
                    1.0
                ]
            ],
            "location": [
                0.31751304864883423,
                -0.5324335098266602,
                -1.7010754346847534
            ],
            "location_world": [
                1.7010754346847534,
                -0.31751304864883423,
                -0.5324335098266602
            ],
            "name": "google_Ecoforms_Plant_Container_Quadra_Sand_QP6_9",
            "projected_cuboid": [
                [
                    312.3311698436737,
                    494.7633445262909
                ],
                [
                    287.03269362449646,
                    438.0844235420227
                ],
                [
                    342.32157468795776,
                    430.2518665790558
                ],
                [
                    367.67783761024475,
                    489.8262917995453
                ],
                [
                    329.7244906425476,
                    452.88920402526855
                ],
                [
                    307.00796842575073,
                    400.48953890800476
                ],
                [
                    358.033150434494,
                    391.70944690704346
                ],
                [
                    380.7705044746399,
                    446.57057523727417
                ],
                [
                    335.5202376842499,
                    442.4740672111511
                ]
            ],
            "provenance": "visii",
            "quaternion_xyzw": [
                -0.21828174591064453,
                0.8283922672271729,
                -0.026674652472138405,
                -0.5151775479316711
            ],
            "quaternion_xyzw_world": [
                0.060803819447755814,
                0.7942631244659424,
                0.5493067502975464,
                0.2524109184741974
            ],
            "segmentation_id": 10,
            "visibility": 1
        },
        {
            "bounding_box_minx_maxx_miny_maxy": [
                -1,
                -1,
                -1,
                -1
            ],
            "class": "ReadytoUse",
            "local_cuboid": null,
            "local_to_world_matrix": [
                [
                    -0.16004514694213867,
                    -0.7855738997459412,
                    -0.5977116227149963,
                    0.0
                ],
                [
                    -0.5924586653709412,
                    0.560771107673645,
                    -0.5783843398094177,
                    0.0
                ],
                [
                    0.789543092250824,
                    0.26155179738998413,
                    -0.5551687479019165,
                    0.0
                ],
                [
                    0.8555039167404175,
                    0.2528202533721924,
                    -0.5253140330314636,
                    1.0
                ]
            ],
            "location": [
                -0.2528202533721924,
                -0.5253140330314636,
                -0.8555039167404175
            ],
            "location_world": [
                0.8555039167404175,
                0.2528202533721924,
                -0.5253140330314636
            ],
            "name": "google_ReadytoUse_Rolled_Fondant_Pure_White_24_oz_box_10",
            "projected_cuboid": [
                [
                    106.91560804843903,
                    639.3764019012451
                ],
                [
                    85.35808324813843,
                    668.907880783081
                ],
                [
                    91.01253747940063,
                    668.0296659469604
                ],
                [
                    115.71530997753143,
                    633.9571475982666
                ],
                [
                    52.71448194980621,
                    588.5586738586426
                ],
                [
                    29.98034656047821,
                    616.0025000572205
                ],
                [
                    26.837244629859924,
                    606.8632006645203
                ],
                [
                    53.11611294746399,
                    575.5681991577148
                ],
                [
                    69.97641921043396,
                    624.3785619735718
                ]
            ],
            "provenance": "visii",
            "quaternion_xyzw": [
                -0.8879050016403198,
                0.32618433237075806,
                0.02858036756515503,
                -0.3231278657913208
            ],
            "quaternion_xyzw_world": [
                -0.4567144811153412,
                0.7543184161186218,
                -0.10500624775886536,
                0.45977091789245605
            ],
            "segmentation_id": 11,
            "visibility": 0
        },
        {
            "bounding_box_minx_maxx_miny_maxy": [
                21,
                99,
                1,
                63
            ],
            "class": "Dog",
            "local_cuboid": null,
            "local_to_world_matrix": [
                [
                    -0.037204742431640625,
                    0.13781581819057465,
                    -0.9897589087486267,
                    0.0
                ],
                [
                    0.04982488229870796,
                    -0.9889569282531738,
                    -0.13957704603672028,
                    0.0
                ],
                [
                    -0.9980648159980774,
                    -0.0545075498521328,
                    0.029927194118499756,
                    0.0
                ],
                [
                    1.2880438566207886,
                    0.3660676181316376,
                    0.48658084869384766,
                    1.0
                ]
            ],
            "location": [
                -0.3660676181316376,
                0.48658084869384766,
                -1.2880438566207886
            ],
            "location_world": [
                1.2880438566207886,
                0.3660676181316376,
                0.48658084869384766
            ],
            "name": "google_Dog_11",
            "projected_cuboid": [
                [
                    -8.719593286514282,
                    33.05107355117798
                ],
                [
                    95.46755254268646,
                    49.291595816612244
                ],
                [
                    114.23492431640625,
                    83.06968212127686
                ],
                [
                    26.384279131889343,
                    69.59934532642365
                ],
                [
                    11.055275797843933,
                    -92.51749515533447
                ],
                [
                    114.25642669200897,
                    -75.3440260887146
                ],
                [
                    130.0176978111267,
                    -22.678226232528687
                ],
                [
                    42.869582772254944,
                    -36.81996464729309
                ],
                [
                    66.97535514831543,
                    2.6452094316482544
                ]
            ],
            "provenance": "visii",
            "quaternion_xyzw": [
                0.030399296432733536,
                -0.006595343351364136,
                0.7542309761047363,
                -0.6558719873428345
            ],
            "quaternion_xyzw_world": [
                -0.6931495070457458,
                -0.0676768496632576,
                0.716953456401825,
                0.030682232230901718
            ],
            "segmentation_id": 12,
            "visibility": 1
        },
        {
            "bounding_box_minx_maxx_miny_maxy": [
                -1,
                -1,
                -1,
                -1
            ],
            "class": "Black",
            "local_cuboid": null,
            "local_to_world_matrix": [
                [
                    0.0354190468788147,
                    0.11033737659454346,
                    0.9932628870010376,
                    0.0
                ],
                [
                    -0.7969417572021484,
                    -0.5965882539749146,
                    0.09469085931777954,
                    0.0
                ],
                [
                    0.6030168533325195,
                    -0.7949265241622925,
                    0.06680184602737427,
                    0.0
                ],
                [
                    0.9168210029602051,
                    0.03553725406527519,
                    -0.6062797904014587,
                    1.0
                ]
            ],
            "location": [
                -0.03553725406527519,
                -0.6062797904014587,
                -0.9168210029602051
            ],
            "location_world": [
                0.9168210029602051,
                0.03553725406527519,
                -0.6062797904014587
            ],
            "name": "google_Black_Elderberry_Syrup_54_oz_Gaia_Herbs_12",
            "projected_cuboid": [
                [
                    284.6421003341675,
                    584.9711298942566
                ],
                [
                    307.97430872917175,
                    597.5978970527649
                ],
                [
                    235.79943180084229,
                    638.1498575210571
                ],
                [
                    213.908851146698,
                    622.3209500312805
                ],
                [
                    288.41546177864075,
                    618.9849376678467
                ],
                [
                    311.97723746299744,
                    633.2724690437317
                ],
                [
                    240.03121256828308,
                    677.4148344993591
                ],
                [
                    217.88132190704346,
                    659.5835089683533
                ],
                [
                    263.92287015914917,
                    627.9061436653137
                ]
            ],
            "provenance": "visii",
            "quaternion_xyzw": [
                0.5911828279495239,
                0.6723178625106812,
                0.3211812973022461,
                0.3087623119354248
            ],
            "quaternion_xyzw_world": [
                0.6255408525466919,
                -0.27440428733825684,
                0.6379598379135132,
                0.3555392920970917
            ],
            "segmentation_id": 13,
            "visibility": 0
        },
        {
            "bounding_box_minx_maxx_miny_maxy": [
                156,
                164,
                61,
                77
            ],
            "class": "Razer",
            "local_cuboid": null,
