{
    "camera_data": {
        "camera_look_at": {
            "at": [
                1.0,
                0.0,
                0.0
            ],
            "eye": [
                0.0,
                0.0,
                0.0
            ],
            "up": [
                0.0,
                0.0,
                1.0
            ]
        },
        "camera_view_matrix": [
            [
                0.0,
                0.0,
                -1.0,
                0.0
            ],
            [
                -1.0,
                0.0,
                0.0,
                0.0
            ],
            [
                0.0,
                1.0,
                0.0,
                0.0
            ],
            [
                0.0,
                0.0,
                0.0,
                1.0
            ]
        ],
        "height": 500,
        "intrinsics": {
            "cx": 250.0,
            "cy": 250.0,
            "fx": 603.5535278320312,
            "fy": 603.5535278320312
        },
        "location_world": [
            0.0,
            0.0,
            0.0
        ],
        "quaternion_world_xyzw": [
            0.5,
            -0.5,
            -0.5,
            0.5
        ],
        "width": 500
    },
    "objects": [
        {
            "bounding_box_minx_maxx_miny_maxy": [
                -1,
                -1,
                -1,
                -1
            ],
            "class": "Reebok",
            "local_cuboid": null,
            "local_to_world_matrix": [
                [
                    -0.7836241722106934,
                    -0.41298651695251465,
                    0.46408531069755554,
                    0.0
                ],
                [
                    0.42721492052078247,
                    -0.9005978107452393,
                    -0.08006884157657623,
                    0.0
                ],
                [
                    0.45102158188819885,
                    0.13552029430866241,
                    0.8821642398834229,
                    0.0
                ],
                [
                    1.1411585807800293,
                    -0.5355049967765808,
                    -0.3562304973602295,
                    1.0
                ]
            ],
            "location": [
                0.5355049967765808,
                -0.3562304973602295,
                -1.1411585807800293
            ],
            "location_world": [
                1.1411585807800293,
                -0.5355049967765808,
                -0.3562304973602295
            ],
            "name": "google_Reebok_SOMERSET_RUN_0",
            "projected_cuboid": [
                [
                    478.4139394760132,
                    369.95264887809753
                ],
                [
                    586.1222147941589,
                    369.24752593040466
                ],
                [
                    609.4938516616821,
                    427.950382232666
                ],
                [
                    499.1578459739685,
                    435.78675389289856
                ],
                [
                    437.28435039520264,
                    387.8261148929596
                ],
                [
                    541.6209697723389,
                    385.45024394989014
                ],
                [
                    561.4686012268066,
                    440.6723082065582
                ],
                [
                    454.47611808776855,
                    449.30797815322876
                ],
                [
                    522.8070020675659,
                    407.7526330947876
                ]
            ],
            "provenance": "visii",
            "quaternion_xyzw": [
                0.6971507668495178,
                0.48937875032424927,
                0.2324116826057434,
                -0.4695466160774231
            ],
            "quaternion_xyzw_world": [
                0.2422856241464615,
                0.014681444503366947,
                0.9442439079284668,
                -0.22245348989963531
            ],
            "segmentation_id": 1,
            "visibility": 0
        },
        {
            "bounding_box_minx_maxx_miny_maxy": [
                -1,
                -1,
                -1,
                -1
            ],
            "class": "Breyer",
            "local_cuboid": null,
            "local_to_world_matrix": [
                [
                    -0.27771878242492676,
                    0.24082404375076294,
                    -0.9299874305725098,
                    0.0
                ],
                [
                    0.4789687991142273,
                    0.8738744854927063,
                    0.08326078951358795,
                    0.0
                ],
                [
                    0.8327435255050659,
                    -0.42231178283691406,
                    -0.3580385446548462,
                    0.0
                ],
                [
                    0.11668851226568222,
                    0.4014471173286438,
                    -0.08257970958948135,
                    1.0
                ]
            ],
            "location": [
                -0.4014471173286438,
                -0.08257970958948135,
                -0.11668851226568222
            ],
            "location_world": [
                0.11668851226568222,
                0.4014471173286438,
                -0.08257970958948135
            ],
            "name": "google_Breyer_Horse_Of_The_Year_2015_1",
            "projected_cuboid": [
                [
                    -787.3493432998657,
                    995.7575798034668
                ],
                [
                    -795.0667142868042,
                    892.9042220115662
                ],
                [
                    -2501.8787384033203,
                    1377.234935760498
                ],
                [
                    -3123.751163482666,
                    1841.4266109466553
                ],
                [
                    -409.4350337982178,
                    325.7882595062256
                ],
                [
                    -451.13325119018555,
                    308.7305724620819
                ],
                [
                    -1228.9998531341553,
                    153.67916226387024
                ],
                [
                    -1304.9062490463257,
                    155.40635585784912
                ],
                [
                    -986.6173267364502,
                    615.8206462860107
                ]
            ],
            "provenance": "visii",
            "quaternion_xyzw": [
                -0.6141374111175537,
                0.7343072295188904,
                -0.2849648892879486,
                0.049227748066186905
            ],
            "quaternion_xyzw_world": [
                0.22718125581741333,
                0.792090892791748,
                -0.10701138526201248,
                0.556353747844696
            ],
            "segmentation_id": 2,
            "visibility": 0
        },
        {
            "bounding_box_minx_maxx_miny_maxy": [
                103,
                153,
                1,
                108
            ],
            "class": "Smith",
            "local_cuboid": null,
            "local_to_world_matrix": [
                [
                    -0.230452299118042,
                    0.11768057942390442,
                    -0.965941846370697,
                    0.0
                ],
                [
                    -0.4639941155910492,
                    -0.8858344554901123,
                    0.0027775317430496216,
                    0.0
                ],
                [
                    -0.8553372025489807,
                    0.44883131980895996,
                    0.2587451934814453,
                    0.0
                ],
                [
                    1.765682578086853,
                    0.24464517831802368,
                    0.5747702121734619,
                    1.0
                ]
            ],
            "location": [
                -0.24464517831802368,
                0.5747702121734619,
                -1.765682578086853
            ],
            "location_world": [
                1.765682578086853,
                0.24464517831802368,
                0.5747702121734619
            ],
            "name": "google_Smith_Hawken_Woven_BasketTray_Organizer_with_3_Compartments_95_x_9_x_13_2",
            "projected_cuboid": [
                [
                    54.99361455440521,
                    67.65571236610413
                ],
                [
                    134.6564143896103,
                    52.18052864074707
                ],
                [
                    194.29069757461548,
                    104.68508303165436
                ],
                [
                    120.89599668979645,
                    114.65300619602203
                ],
                [
                    80.5315375328064,
                    -51.477134227752686
                ],
                [
                    157.84233808517456,
                    -75.4764974117279
                ],
                [
                    211.5931510925293,
                    -8.686214685440063
                ],
                [
                    140.3583437204361,
                    8.08851420879364
                ],
                [
                    137.8805935382843,
                    27.248531579971313
                ]
            ],
            "provenance": "visii",
            "quaternion_xyzw": [
                -0.07778961211442947,
                0.25744956731796265,
                0.701826274394989,
                -0.6596276164054871
            ],
            "quaternion_xyzw_world": [
                -0.5908969640731812,
                0.14652027189731598,
                0.7705569267272949,
                0.18871892988681793
            ],
            "segmentation_id": 3,
            "visibility": 1
        },
        {
            "bounding_box_minx_maxx_miny_maxy": [
                499,
                499,
                181,
                192
            ],
            "class": "Paul",
            "local_cuboid": null,
            "local_to_world_matrix": [
                [
                    -0.5126302242279053,
                    -0.5780544877052307,
                    -0.6348726749420166,
                    0.0
                ],
                [
                    -0.13315172493457794,
                    0.7839957475662231,
                    -0.6063178777694702,
                    0.0
                ],
                [
                    0.8482222557067871,
                    -0.22628246247768402,
                    -0.47886884212493896,
                    0.0
                ],
                [
                    0.8620687127113342,
                    -0.4993820786476135,
                    0.1265670359134674,
                    1.0
                ]
            ],
            "location": [
                0.4993820786476135,
                0.1265670359134674,
                -0.8620687127113342
            ],
            "location_world": [
                0.8620687127113342,
                -0.4993820786476135,
                0.1265670359134674
            ],
            "name": "google_Paul_Frank_Dot_Lunch_Box_3",
            "projected_cuboid": [
                [
                    655.4363965988159,
                    271.6057002544403
                ],
                [
                    609.4540357589722,
                    312.06214427948
                ],
                [
                    659.0769290924072,
                    242.37555265426636
                ],
                [
                    715.461790561676,
                    193.2334005832672
                ],
                [
                    526.030421257019,
                    179.96451258659363
                ],
                [
                    483.9356243610382,
                    214.36145901679993
                ],
                [
                    499.5006322860718,
                    134.02687013149261
                ],
                [
                    550.2034425735474,
                    93.63357722759247
                ],
                [
                    580.5600881576538,
                    205.54393529891968
                ]
            ],
            "provenance": "visii",
            "quaternion_xyzw": [
                -0.8707172870635986,
                0.4073849320411682,
                -0.2121562957763672,
                -0.17572307586669922
            ],
            "quaternion_xyzw_world": [
                -0.2134495973587036,
                0.832990825176239,
                -0.2498828023672104,
                0.4451114237308502
            ],
            "segmentation_id": 4,
            "visibility": 1
        },
        {
            "bounding_box_minx_maxx_miny_maxy": [
                410,
                499,
                1,
                25
            ],
            "class": "Toys",
            "local_cuboid": null,
            "local_to_world_matrix": [
                [
                    0.4712761640548706,
                    -0.8771538734436035,
                    -0.09219434857368469,
                    0.0
                ],
                [
                    -0.7653028964996338,
                    -0.354728102684021,
                    -0.5371028184890747,
                    0.0
                ],
                [
                    0.43841788172721863,
                    0.3236803412437439,
                    -0.838463306427002,
                    0.0
                ],
                [
                    0.716875433921814,
                    -0.291450172662735,
                    0.426914781332016,
                    1.0
                ]
            ],
            "location": [
                0.291450172662735,
                0.426914781332016,
                -0.716875433921814
            ],
            "location_world": [
                0.716875433921814,
                -0.291450172662735,
                0.426914781332016
            ],
            "name": "google_Toys_R_Us_Treat_Dispenser_Smart_Puzzle_Foobler_4",
            "projected_cuboid": [
                [
                    443.7578320503235,
                    21.82835340499878
                ],
                [
                    516.9795751571655,
                    52.0460307598114
                ],
                [
                    586.0190391540527,
                    -78.96769046783447
                ],
                [
                    496.7197775840759,
                    -92.6889181137085
                ],
                [
                    359.7171902656555,
                    -9.473979473114014
                ],
                [
                    426.3191521167755,
                    18.589794635772705
                ],
                [
                    493.6443269252777,
                    -131.41697645187378
                ],
                [
                    410.25465726852417,
                    -138.1351351737976
                ],
                [
                    464.41391110420227,
                    -41.62469506263733
                ]
            ],
            "provenance": "visii",
            "quaternion_xyzw": [
                0.8444931507110596,
                0.0777193158864975,
                -0.23533540964126587,
                0.4747718572616577
            ],
            "quaternion_xyzw_world": [
                0.8161598443984985,
                -0.503105103969574,
                0.10605261474847794,
                -0.2636686861515045
            ],
            "segmentation_id": 5,
            "visibility": 1
        },
        {
            "bounding_box_minx_maxx_miny_maxy": [
                480,
                495,
                16,
                73
            ],
            "class": "Tag",
            "local_cuboid": null,
            "local_to_world_matrix": [
                [
                    -0.7496762275695801,
                    0.4129897654056549,
                    0.5171322226524353,
                    0.0
                ],
                [
                    0.5064365267753601,
                    -0.14502966403961182,
                    0.8499934673309326,
                    0.0
                ],
                [
                    0.4260379374027252,
                    0.8991141319274902,
                    -0.10042810440063477,
                    0.0
                ],
                [
                    1.7976019382476807,
                    -0.7181801199913025,
                    0.6719730496406555,
                    1.0
                ]
            ],
            "location": [
                0.7181801199913025,
                0.6719730496406555,
                -1.7976019382476807
            ],
            "location_world": [
                1.7976019382476807,
                -0.7181801199913025,
                0.6719730496406555
            ],
            "name": "google_Tag_Dishtowel_Basket_Weave_Red_18_x_26_5",
            "projected_cuboid": [
                [
                    476.7668843269348,
                    30.90345859527588
                ],
                [
                    473.2464551925659,
                    -20.924389362335205
                ],
                [
                    485.64571142196655,
                    -24.346858263015747
                ],
                [
                    490.07096886634827,
                    27.699396014213562
                ],
                [
                    484.2029809951782,
                    75.5961537361145
                ],
                [
                    480.4616868495941,
                    24.466365575790405
                ],
                [
                    492.09147691726685,
                    21.622657775878906
                ],
                [
                    496.6248869895935,
                    72.98749685287476
                ],
                [
                    484.91936922073364,
                    25.96612274646759
                ]
            ],
            "provenance": "visii",
            "quaternion_xyzw": [
                0.20190027356147766,
                0.8199117183685303,
                -0.18503956496715546,
                -0.5027340054512024
            ],
            "quaternion_xyzw_world": [
                0.3520587980747223,
                0.652892529964447,
                0.6697532534599304,
                -0.03488103672862053
            ],
            "segmentation_id": 6,
            "visibility": 1
        },
        {
            "bounding_box_minx_maxx_miny_maxy": [
                0,
                30,
                215,
                267
            ],
            "class": "FRACTION",
            "local_cuboid": null,
            "local_to_world_matrix": [
                [
                    -0.17900991439819336,
                    -0.8351977467536926,
                    -0.5199999809265137,
                    0.0
                ],
                [
                    -0.8974536061286926,
                    -0.07796061038970947,
                    0.43416479229927063,
                    0.0
                ],
                [
                    -0.40315303206443787,
                    0.5443957448005676,
                    -0.7355954647064209,
                    0.0
                ],
                [
                    1.1105564832687378,
                    0.488067626953125,
                    0.060035984963178635,
                    1.0
                ]
            ],
            "location": [
                -0.488067626953125,
                0.060035984963178635,
                -1.1105564832687378
            ],
            "location_world": [
                1.1105564832687378,
                0.488067626953125,
                0.060035984963178635
            ],
            "name": "google_FRACTION_FUN_n4h4qte23QR_6",
            "projected_cuboid": [
                [
                    18.285274505615234,
                    280.5056571960449
                ],
                [
                    -12.383073568344116,
                    235.77742278575897
                ],
                [
                    6.448209285736084,
                    216.77768230438232
                ],
                [
                    33.948034048080444,
                    263.5704278945923
                ],
                [
                    -49.62119460105896,
                    233.6341291666031
                ],
                [
                    -90.61020612716675,
                    182.50389397144318
                ],
                [
                    -71.01988792419434,
                    164.97944295406342
                ],
                [
                    -33.37416052818298,
                    217.8206443786621
                ],
                [
                    -23.92059564590454,
                    225.90763866901398
                ]
            ],
            "provenance": "visii",
            "quaternion_xyzw": [
                -0.49946969747543335,
                0.22125433385372162,
                0.18288686871528625,
                -0.8173915147781372
            ],
            "quaternion_xyzw_world": [
                -0.6392468810081482,
                0.6776143312454224,
                0.36103150248527527,
                0.04310968890786171
            ],
            "segmentation_id": 7,
            "visibility": 1
        },
        {
            "bounding_box_minx_maxx_miny_maxy": [
                224,
                317,
                317,
                424
            ],
            "class": "FAIRY",
            "local_cuboid": null,
            "local_to_world_matrix": [
                [
                    -0.5059891939163208,
                    0.7000789642333984,
                    0.5038495063781738,
                    0.0
                ],
                [
                    0.17013341188430786,
                    0.6536766290664673,
                    -0.7374019026756287,
                    0.0
                ],
                [
                    -0.8455941677093506,
                    -0.28739577531814575,
                    -0.4498600959777832,
                    0.0
                ],
                [
                    1.8880420923233032,
                    -0.06662006676197052,
                    -0.3472409248352051,
                    1.0
                ]
            ],
            "location": [
                0.06662006676197052,
                -0.3472409248352051,
                -1.8880420923233032
            ],
            "location_world": [
                1.8880420923233032,
                -0.06662006676197052,
                -0.3472409248352051
            ],
            "name": "google_FAIRY_TALE_BLOCKS_7",
            "projected_cuboid": [
                [
                    298.67735505104065,
                    357.38077759742737
                ],
                [
                    234.3214452266693,
                    425.56822299957275
                ],
                [
                    214.97629582881927,
                    374.85408782958984
                ],
                [
                    272.1124589443207,
                    312.53474950790405
                ],
                [
                    355.34703731536865,
                    392.9525911808014
                ],
                [
                    294.07939314842224,
                    455.45142889022827
                ],
                [
                    270.2489197254181,
                    405.10138869285583
                ],
                [
                    324.96345043182373,
                    347.5409746170044
                ],
                [
                    283.0401062965393,
                    383.62982869148254
                ]
            ],
            "provenance": "visii",
            "quaternion_xyzw": [
                -0.21893417835235596,
                0.17108690738677979,
                -0.9059628248214722,
                -0.319418728351593
            ],
            "quaternion_xyzw_world": [
                0.2693484425544739,
                0.8077013492584229,
                -0.31719571352005005,
                -0.4176802635192871
            ],
            "segmentation_id": 8,
            "visibility": 1
        },
        {
            "bounding_box_minx_maxx_miny_maxy": [
                229,
                278,
                323,
                406
            ],
            "class": "Great",
            "local_cuboid": null,
            "local_to_world_matrix": [
                [
                    -0.024255990982055664,
                    0.9995530247688293,
                    -0.017474085092544556,
                    0.0
                ],
                [
                    0.94913250207901,
                    0.028514444828033447,
                    0.3135831654071808,
                    0.0
                ],
                [
                    0.31394127011299133,
                    -0.008978962898254395,
                    -0.9493999481201172,
                    0.0
                ],
                [
                    1.3585388660430908,
                    -0.007476271130144596,
                    -0.22397392988204956,
                    1.0
                ]
            ],
            "location": [
                0.007476271130144596,
                -0.22397392988204956,
                -1.3585388660430908
            ],
            "location_world": [
                1.3585388660430908,
                -0.007476271130144596,
                -0.22397392988204956
            ],
            "name": "google_Great_Jones_Wingtip_kAqSg6EgG0I_8",
            "projected_cuboid": [
                [
                    229.33484613895416,
                    435.1496696472168
                ],
                [
                    229.82162237167358,
                    361.2420856952667
                ],
                [
                    228.9334386587143,
                    320.5817937850952
                ],
                [
                    228.21474075317383,
                    386.712908744812
                ],
                [
                    283.1766903400421,
                    433.80871415138245
                ],
                [
                    273.3328938484192,
                    360.2875769138336
                ],
                [
                    273.47666025161743,
                    319.677472114563
                ],
                [
                    283.6456596851349,
                    385.44028997421265
                ],
                [
                    253.5156011581421,
                    371.8944191932678
                ]
            ],
            "provenance": "visii",
            "quaternion_xyzw": [
                -0.014186739921569824,
                0.810413122177124,
                -0.5856680870056152,
                -0.0047127120196819305
            ],
            "quaternion_xyzw_world": [
                0.6885908842086792,
                0.7074903249740601,
                0.10763546079397202,
                0.1171094998717308
            ],
            "segmentation_id": 9,
            "visibility": 1
        },
        {
            "bounding_box_minx_maxx_miny_maxy": [
                260,
                319,
                485,
                500
            ],
            "class": "Ecoforms",
            "local_cuboid": null,
            "local_to_world_matrix": [
                [
                    -0.3549675941467285,
                    0.3683411777019501,
                    -0.859257161617279,
                    0.0
                ],
                [
                    -0.8010404109954834,
                    0.35404419898986816,
                    0.4826872646808624,
                    0.0
                ],
                [
                    0.4820086359977722,
                    0.8596380949020386,
                    0.16938191652297974,
                    0.0
                ],
                [
                    1.5965913534164429,
                    -0.17907389998435974,
                    -0.7366017699241638,
                    1.0
                ]
            ],
            "location": [
                0.17907389998435974,
                -0.7366017699241638,
                -1.5965913534164429
            ],
            "location_world": [
                1.5965913534164429,
                -0.17907389998435974,
                -0.7366017699241638
            ],
            "name": "google_Ecoforms_Plant_Container_Quadra_Sand_QP6_9",
            "projected_cuboid": [
                [
                    261.5283727645874,
                    543.197512626648
                ],
                [
                    236.73582077026367,
                    536.3503694534302
                ],
                [
                    294.82516646385193,
                    563.5849237442017
                ],
                [
                    315.44849276542664,
                    568.2406425476074
                ],
                [
                    284.76375341415405,
                    476.89664363861084
                ],
                [
                    263.15927505493164,
                    464.1581177711487
                ],
                [
                    320.10418176651,
                    486.4356517791748
                ],
                [
                    337.6549184322357,
                    497.7923631668091
                ],
                [
                    289.3318831920624,
                    516.2550806999207
                ]
            ],
            "provenance": "visii",
            "quaternion_xyzw": [
                -0.3971713185310364,
                0.7637141346931458,
                0.3176654875278473,
                -0.3975982666015625
            ],
            "quaternion_xyzw_world": [
                -0.174360454082489,
                0.6204091310501099,
                0.5409032702445984,
                0.5404763221740723
            ],
            "segmentation_id": 10,
            "visibility": 1
        },
        {
            "bounding_box_minx_maxx_miny_maxy": [
                -1,
                -1,
                -1,
                -1
            ],
            "class": "ReadytoUse",
            "local_cuboid": null,
            "local_to_world_matrix": [
                [
                    -0.28898727893829346,
                    0.9135066866874695,
                    0.28634220361709595,
                    0.0
                ],
                [
                    -0.533067524433136,
                    -0.4019935131072998,
                    0.7444730997085571,
                    0.0
                ],
                [
                    0.795188844203949,
                    0.06250348687171936,
                    0.6031318306922913,
                    0.0
                ],
                [
                    0.8093571662902832,
                    0.5962335467338562,
                    -0.2527734935283661,
                    1.0
                ]
            ],
            "location": [
                -0.5962335467338562,
                -0.2527734935283661,
                -0.8093571662902832
            ],
            "location_world": [
                0.8093571662902832,
                0.5962335467338562,
                -0.2527734935283661
            ],
            "name": "google_ReadytoUse_Rolled_Fondant_Pure_White_24_oz_box_10",
            "projected_cuboid": [
                [
                    -181.92529678344727,
                    347.68545627593994
                ],
                [
                    -181.25921487808228,
                    326.30813121795654
                ],
                [
                    -247.35942482948303,
                    418.28763484954834
                ],
                [
                    -245.9862232208252,
                    440.2344822883606
                ],
                [
                    -97.47260808944702,
                    365.7448887825012
                ],
                [
                    -94.49842572212219,
                    345.6592857837677
                ],
                [
                    -143.44680309295654,
                    436.85364723205566
                ],
                [
                    -145.3700065612793,
                    457.30316638946533
                ],
                [
                    -164.05951976776123,
                    389.08684253692627
                ]
            ],
            "provenance": "visii",
            "quaternion_xyzw": [
                0.18520872294902802,
                0.9291350841522217,
                0.30571427941322327,
                -0.09457471966743469
            ],
            "quaternion_xyzw_world": [
                0.35702747106552124,
                0.2663934528827667,
                0.7573164105415344,
                0.4775329828262329
            ],
            "segmentation_id": 11,
            "visibility": 0
        },
        {
            "bounding_box_minx_maxx_miny_maxy": [
                -1,
                -1,
                -1,
                -1
            ],
            "class": "Dog",
            "local_cuboid": null,
            "local_to_world_matrix": [
                [
                    -0.5162408351898193,
                    -0.5287225842475891,
                    0.67375648021698,
                    0.0
                ],
                [
                    -0.48737114667892456,
                    -0.46553027629852295,
                    -0.7387495040893555,
                    0.0
                ],
                [
                    0.7042475938796997,
                    -0.7097421884536743,
                    -0.01735842227935791,
                    0.0
                ],
                [
                    0.46769246459007263,
                    0.40831032395362854,
                    -0.04934883862733841,
                    1.0
                ]
            ],
            "location": [
                -0.40831032395362854,
                -0.04934883862733841,
                -0.46769246459007263
            ],
            "location_world": [
                0.46769246459007263,
                0.40831032395362854,
                -0.04934883862733841
            ],
            "name": "google_Dog_11",
            "projected_cuboid": [
                [
                    -2.1393895149230957,
                    152.8278887271881
                ],
                [
                    56.56088888645172,
                    300.80342292785645
                ],
                [
                    -255.12033700942993,
                    314.7709369659424
                ],
                [
                    -269.45799589157104,
                    118.01548302173615
                ],
                [
                    -63.72493505477905,
                    301.7210364341736
                ],
                [
                    -25.340348482131958,
                    442.9096579551697
                ],
                [
                    -283.2791209220886,
                    494.8805868625641
                ],
                [
                    -290.1415824890137,
                    310.76914072036743
                ],
                [
                    -128.12668085098267,
                    306.112140417099
                ]
            ],
            "provenance": "visii",
            "quaternion_xyzw": [
                0.8619338274002075,
                0.33044493198394775,
                0.3555908203125,
                0.1463945209980011
            ],
            "quaternion_xyzw_world": [
                0.4915912449359894,
                -0.5167371034622192,
                0.7007875442504883,
                -0.014751764014363289
            ],
            "segmentation_id": 12,
            "visibility": 0
        },
        {
            "bounding_box_minx_maxx_miny_maxy": [
                50,
                138,
                431,
                473
            ],
            "class": "Black",
            "local_cuboid": null,
            "local_to_world_matrix": [
                [
                    0.9353907704353333,
                    -0.3236694037914276,
                    -0.14241570234298706,
                    0.0
                ],
                [
                    0.141830712556839,
                    -0.025526046752929688,
                    0.9895617365837097,
                    0.0
                ],
                [
                    -0.32392618060112,
                    -0.9458258748054504,
                    0.022029459476470947,
                    0.0
                ],
                [
                    1.0941722393035889,
                    0.3438827097415924,
                    -0.3573497533798218,
                    1.0
                ]
            ],
            "location": [
                -0.3438827097415924,
                -0.3573497533798218,
                -1.0941722393035889
            ],
            "location_world": [
                1.0941722393035889,
                0.3438827097415924,
                -0.3573497533798218
            ],
            "name": "google_Black_Elderberry_Syrup_54_oz_Gaia_Herbs_12",
            "projected_cuboid": [
                [
                    138.20579648017883,
                    468.61928701400757
                ],
                [
                    139.91928100585938,
                    434.18362736701965
                ],
                [
                    70.89079916477203,
                    428.2034635543823
                ],
                [
                    68.7313973903656,
                    461.1447751522064
                ],
                [
                    121.34416401386261,
                    475.28356313705444
                ],
                [
                    123.2849657535553,
                    438.9972984790802
                ],
                [
                    51.5437126159668,
                    432.5077533721924
                ],
                [
                    49.12322759628296,
                    467.13870763778687
                ],
                [
                    94.83537077903748,
                    450.54715871810913
                ]
            ],
            "provenance": "visii",
            "quaternion_xyzw": [
                -0.05045164376497269,
                0.5792163610458374,
                -0.051708340644836426,
                0.8119663000106812
            ],
            "quaternion_xyzw_world": [
                0.6962196826934814,
                -0.06529501080513,
                -0.16745500266551971,
                0.6949629783630371
            ],
            "segmentation_id": 13,
            "visibility": 1
        },
        {
            "bounding_box_minx_maxx_miny_maxy": [
                -1,
                -1,
                -1,
                -1
            ],
            "class": "Razer",
