{
    "camera_data": {
        "camera_look_at": {
            "at": [
                1.0,
                0.0,
                0.0
            ],
            "eye": [
                0.0,
                0.0,
                0.0
            ],
            "up": [
                0.0,
                0.0,
                1.0
            ]
        },
        "camera_view_matrix": [
            [
                0.0,
                0.0,
                -1.0,
                0.0
            ],
            [
                -1.0,
                0.0,
                0.0,
                0.0
            ],
            [
                0.0,
                1.0,
                0.0,
                0.0
            ],
            [
                0.0,
                0.0,
                0.0,
                1.0
            ]
        ],
        "height": 500,
        "intrinsics": {
            "cx": 250.0,
            "cy": 250.0,
            "fx": 603.5535278320312,
            "fy": 603.5535278320312
        },
        "location_world": [
            0.0,
            0.0,
            0.0
        ],
        "quaternion_world_xyzw": [
            0.5,
            -0.5,
            -0.5,
            0.5
        ],
        "width": 500
    },
    "objects": [
        {
            "bounding_box_minx_maxx_miny_maxy": [
                -1,
                -1,
                -1,
                -1
            ],
            "class": "Reebok",
            "local_cuboid": null,
            "local_to_world_matrix": [
                [
                    0.9457743763923645,
                    0.247378408908844,
                    -0.21051067113876343,
                    0.0
                ],
                [
                    0.32312363386154175,
                    -0.650277853012085,
                    0.6875535249710083,
                    0.0
                ],
                [
                    0.03319547325372696,
                    -0.7182915210723877,
                    -0.6949499845504761,
                    0.0
                ],
                [
                    1.1458766460418701,
                    -0.562310516834259,
                    -0.4160704016685486,
                    1.0
                ]
            ],
            "location": [
                0.562310516834259,
                -0.4160704016685486,
                -1.1458766460418701
            ],
            "location_world": [
                1.1458766460418701,
                -0.562310516834259,
                -0.4160704016685486
            ],
            "name": "google_Reebok_SOMERSET_RUN_0",
            "projected_cuboid": [
                [
                    530.1527380943298,
                    568.1247711181641
                ],
                [
                    600.8250713348389,
                    446.94066047668457
                ],
                [
                    561.531662940979,
                    408.48350524902344
                ],
                [
                    487.3972535133362,
                    526.9161462783813
                ],
                [
                    574.7219324111938,
                    586.8252515792847
                ],
                [
                    648.3054161071777,
                    452.7837634086609
                ],
                [
                    605.4924726486206,
                    410.74472665786743
                ],
                [
                    527.7642607688904,
                    541.4770841598511
                ],
                [
                    567.5594210624695,
                    489.9844527244568
                ]
            ],
            "provenance": "visii",
            "quaternion_xyzw": [
                0.15673507750034332,
                0.7014498710632324,
                -0.3628461956977844,
                0.5930808186531067
            ],
            "quaternion_xyzw_world": [
                0.9070559740066528,
                0.15724003314971924,
                -0.04887107387185097,
                0.3874747157096863
            ],
            "segmentation_id": 1,
            "visibility": 0
        },
        {
            "bounding_box_minx_maxx_miny_maxy": [
                -1,
                -1,
                -1,
                -1
            ],
            "class": "Breyer",
            "local_cuboid": null,
            "local_to_world_matrix": [
                [
                    -0.5499353408813477,
                    0.2240801900625229,
                    -0.8045862913131714,
                    0.0
                ],
                [
                    -0.19841785728931427,
                    0.9007065296173096,
                    0.3864687979221344,
                    0.0
                ],
                [
                    0.8112961053848267,
                    0.3721771538257599,
                    -0.4508688449859619,
                    0.0
                ],
                [
                    0.2529938817024231,
                    0.40914836525917053,
                    -0.09290657937526703,
                    1.0
                ]
            ],
            "location": [
                -0.40914836525917053,
                -0.09290657937526703,
                -0.2529938817024231
            ],
            "location_world": [
                0.2529938817024231,
                0.40914836525917053,
                -0.09290657937526703
            ],
            "name": "google_Breyer_Horse_Of_The_Year_2015_1",
            "projected_cuboid": [
                [
                    -648.1039524078369,
                    753.9508938789368
                ],
                [
                    -784.2659950256348,
                    728.8129925727844
                ],
                [
                    -1302.6905059814453,
                    826.9651532173157
                ],
                [
                    -1048.1077432632446,
                    862.4678254127502
                ],
                [
                    -320.8727836608887,
                    357.2274148464203
                ],
                [
                    -408.4060788154602,
                    328.98056507110596
                ],
                [
                    -562.0157122612,
                    225.73494911193848
                ],
                [
                    -435.00739336013794,
                    268.63956451416016
                ],
                [
                    -605.65185546875,
                    493.4762120246887
                ]
            ],
            "provenance": "visii",
            "quaternion_xyzw": [
                -0.5478930473327637,
                0.778113842010498,
                -0.0811099037528038,
                -0.29626527428627014
            ],
            "quaternion_xyzw_world": [
                0.007532758638262749,
                0.8516910672187805,
                0.22268812358379364,
                0.474315881729126
            ],
            "segmentation_id": 2,
            "visibility": 0
        },
        {
            "bounding_box_minx_maxx_miny_maxy": [
                86,
                195,
                1,
                105
            ],
            "class": "Smith",
            "local_cuboid": null,
            "local_to_world_matrix": [
                [
                    -0.06204581260681152,
                    0.3548821210861206,
                    -0.9328498840332031,
                    0.0
                ],
                [
                    -0.5626944303512573,
                    -0.7843887805938721,
                    -0.2609773874282837,
                    0.0
                ],
                [
                    -0.8243331909179688,
                    0.5087169408798218,
                    0.24835824966430664,
                    0.0
                ],
                [
                    1.7921711206436157,
                    0.2710498571395874,
                    0.5930282473564148,
                    1.0
                ]
            ],
            "location": [
                -0.2710498571395874,
                0.5930282473564148,
                -1.7921711206436157
            ],
            "location_world": [
                1.7921711206436157,
                0.2710498571395874,
                0.5930282473564148
            ],
            "name": "google_Smith_Hawken_Woven_BasketTray_Organizer_with_3_Compartments_95_x_9_x_13_2",
            "projected_cuboid": [
                [
                    37.70683705806732,
                    55.703386664390564
                ],
                [
                    98.94372522830963,
                    64.03939425945282
                ],
                [
                    166.77704453468323,
                    111.69563233852386
                ],
                [
                    107.5560450553894,
                    100.63265264034271
                ],
                [
                    87.25130558013916,
                    -64.35820460319519
                ],
                [
                    152.33241021633148,
                    -67.660391330719
                ],
                [
                    212.46100962162018,
                    -3.776043653488159
                ],
                [
                    150.42009949684143,
                    -5.794495344161987
                ],
                [
                    127.65547633171082,
                    25.088414549827576
                ]
            ],
            "provenance": "visii",
            "quaternion_xyzw": [
                -0.14297032356262207,
                0.2596013844013214,
                0.7810558080673218,
                -0.5496529936790466
            ],
            "quaternion_xyzw_world": [
                -0.6070388555526733,
                0.08558444678783417,
                0.7236699461936951,
                0.3169872462749481
            ],
            "segmentation_id": 3,
            "visibility": 1
        },
        {
            "bounding_box_minx_maxx_miny_maxy": [
                -1,
                -1,
                -1,
                -1
            ],
            "class": "Paul",
            "local_cuboid": null,
            "local_to_world_matrix": [
                [
                    -0.3038618564605713,
                    -0.5602196455001831,
                    -0.7705985903739929,
                    0.0
                ],
                [
                    -0.0369965136051178,
                    0.8151721954345703,
                    -0.5780359506607056,
                    0.0
                ],
                [
                    0.9519975781440735,
                    -0.14713354408740997,
                    -0.26842594146728516,
                    0.0
                ],
                [
                    0.8525858521461487,
                    -0.5577689409255981,
                    0.14179594814777374,
                    1.0
                ]
            ],
            "location": [
                0.5577689409255981,
                0.14179594814777374,
                -0.8525858521461487
            ],
            "location_world": [
                0.8525858521461487,
                -0.5577689409255981,
                0.14179594814777374
            ],
            "name": "google_Paul_Frank_Dot_Lunch_Box_3",
            "projected_cuboid": [
                [
                    663.8867855072021,
                    244.84288692474365
                ],
                [
                    614.000678062439,
                    281.3332974910736
                ],
                [
                    687.7954602241516,
                    243.48603188991547
                ],
                [
                    750.8513927459717,
                    197.28314876556396
                ],
                [
                    554.3208122253418,
                    135.3609561920166
                ],
                [
                    507.63416290283203,
                    168.82970929145813
                ],
                [
                    548.4073758125305,
                    106.47459328174591
                ],
                [
                    606.4424514770508,
                    65.01829624176025
                ],
                [
                    610.4902029037476,
                    180.86260557174683
                ]
            ],
            "provenance": "visii",
            "quaternion_xyzw": [
                -0.8789557814598083,
                0.45103827118873596,
                -0.12827587127685547,
                -0.08687078207731247
            ],
            "quaternion_xyzw_world": [
                -0.193256214261055,
                0.7725703716278076,
                -0.2346612960100174,
                0.5574237108230591
            ],
            "segmentation_id": 4,
            "visibility": 0
        },
        {
            "bounding_box_minx_maxx_miny_maxy": [
                430,
                499,
                1,
                65
            ],
            "class": "Toys",
            "local_cuboid": null,
            "local_to_world_matrix": [
                [
                    -0.7065250873565674,
                    -0.7040421366691589,
                    0.07174137234687805,
                    0.0
                ],
                [
                    -0.5328344702720642,
                    0.5959338545799255,
                    0.600791335105896,
                    0.0
                ],
                [
                    -0.4657355844974518,
                    0.3862479031085968,
                    -0.7961801290512085,
                    0.0
                ],
                [
                    0.8053749203681946,
                    -0.3402920365333557,
                    0.3724786937236786,
                    1.0
                ]
            ],
            "location": [
                0.3402920365333557,
                0.3724786937236786,
                -0.8053749203681946
            ],
            "location_world": [
                0.8053749203681946,
                -0.3402920365333557,
                0.3724786937236786
            ],
            "name": "google_Toys_R_Us_Treat_Dispenser_Smart_Puzzle_Foobler_4",
            "projected_cuboid": [
                [
                    569.5379376411438,
                    74.32299852371216
                ],
                [
                    523.8649845123291,
                    -35.68163514137268
                ],
                [
                    546.6912388801575,
                    -110.81293225288391
                ],
                [
                    585.8771204948425,
                    -2.9566586017608643
                ],
                [
                    448.18300008773804,
                    105.54717481136322
                ],
                [
                    395.87676525115967,
                    15.05279541015625
                ],
                [
                    426.82474851608276,
                    -54.47828769683838
                ],
                [
                    472.16567397117615,
                    35.16623377799988
                ],
                [
                    493.60236525535583,
                    5.789697170257568
                ]
            ],
            "provenance": "visii",
            "quaternion_xyzw": [
                -0.399222731590271,
                0.32825812697410583,
                -0.2005629688501358,
                -0.8322513103485107
            ],
            "quaternion_xyzw_world": [
                -0.35132649540901184,
                0.8801475763320923,
                0.2803618609905243,
                -0.15266671776771545
            ],
            "segmentation_id": 5,
            "visibility": 1
        },
        {
            "bounding_box_minx_maxx_miny_maxy": [
                -1,
                -1,
                -1,
                -1
            ],
            "class": "Tag",
            "local_cuboid": null,
            "local_to_world_matrix": [
                [
                    -0.895659327507019,
                    0.1614307463169098,
                    0.4144088327884674,
                    0.0
                ],
                [
                    0.001192539930343628,
                    -0.9309231042861938,
                    0.365213543176651,
                    0.0
                ],
                [
                    0.444739431142807,
                    0.3276011049747467,
                    0.8335973024368286,
                    0.0
                ],
                [
                    1.7757911682128906,
                    -0.7128444910049438,
                    0.6700025200843811,
                    1.0
                ]
            ],
            "location": [
                0.7128444910049438,
                0.6700025200843811,
                -1.7757911682128906
            ],
            "location_world": [
                1.7757911682128906,
                -0.7128444910049438,
                0.6700025200843811
            ],
            "name": "google_Tag_Dishtowel_Basket_Weave_Red_18_x_26_5",
            "projected_cuboid": [
                [
                    453.82362604141235,
                    6.565496325492859
                ],
                [
                    530.1194190979004,
                    -23.339897394180298
                ],
                [
                    536.7285013198853,
                    -15.51586389541626
                ],
                [
                    459.7378373146057,
                    14.66362178325653
                ],
                [
                    446.05204463005066,
                    49.30613934993744
                ],
                [
                    516.1112546920776,
                    21.839365363121033
                ],
                [
                    522.0581889152527,
                    29.396459460258484
                ],
                [
                    451.4135718345642,
                    57.09423124790192
                ],
                [
                    489.2559051513672,
                    18.420904874801636
                ]
            ],
            "provenance": "visii",
            "quaternion_xyzw": [
                0.47908639907836914,
                0.7020298838615417,
                0.296427845954895,
                -0.4356154799461365
            ],
            "quaternion_xyzw_world": [
                0.2245364785194397,
                0.18106555938720703,
                0.9565798044204712,
                0.04187789931893349
            ],
            "segmentation_id": 6,
            "visibility": 0
        },
        {
            "bounding_box_minx_maxx_miny_maxy": [
                -1,
                -1,
                -1,
                -1
            ],
            "class": "FRACTION",
            "local_cuboid": null,
            "local_to_world_matrix": [
                [
                    0.7900890111923218,
                    0.4847927987575531,
                    0.37514710426330566,
                    0.0
                ],
                [
                    0.385460764169693,
                    -0.8687757253646851,
                    0.3108851909637451,
                    0.0
                ],
                [
                    0.47663336992263794,
                    -0.10102252662181854,
                    -0.8732788562774658,
                    0.0
                ],
                [
                    1.466916799545288,
                    0.4602964222431183,
                    0.05619297921657562,
                    1.0
                ]
            ],
            "location": [
                -0.4602964222431183,
                0.05619297921657562,
                -1.466916799545288
            ],
            "location_world": [
                1.466916799545288,
                0.4602964222431183,
                0.05619297921657562
            ],
            "name": "google_FRACTION_FUN_n4h4qte23QR_6",
            "projected_cuboid": [
                [
                    19.592449069023132,
                    241.49741232395172
                ],
                [
                    92.37772226333618,
                    219.61329877376556
                ],
                [
                    88.58795464038849,
                    204.53357696533203
                ],
                [
                    14.605432748794556,
                    225.98911821842194
                ],
                [
                    33.605948090553284,
                    269.34587955474854
                ],
                [
                    112.6130223274231,
                    243.98449063301086
                ],
                [
                    108.75198245048523,
                    227.804034948349
                ],
                [
                    28.32670509815216,
                    252.68763303756714
                ],
                [
                    62.86895275115967,
                    234.85088348388672
                ]
            ],
            "provenance": "visii",
            "quaternion_xyzw": [
                0.41260015964508057,
                0.7537094354629517,
                -0.4175148010253906,
                0.2955753803253174
            ],
            "quaternion_xyzw_world": [
                0.9396998882293701,
                0.23152433335781097,
                0.2266097068786621,
                0.10958490520715714
            ],
            "segmentation_id": 7,
            "visibility": 0
        },
        {
            "bounding_box_minx_maxx_miny_maxy": [
                244,
                335,
                334,
                422
            ],
            "class": "FAIRY",
            "local_cuboid": null,
            "local_to_world_matrix": [
                [
                    -0.18189465999603271,
                    0.414476603269577,
                    0.8916970491409302,
                    0.0
                ],
                [
                    -0.546235203742981,
                    0.711448073387146,
                    -0.4421185255050659,
                    0.0
                ],
                [
                    -0.8176440000534058,
                    -0.5674952268600464,
                    0.096993088722229,
                    0.0
                ],
                [
                    1.8790981769561768,
                    -0.0805128812789917,
                    -0.3529898226261139,
                    1.0
                ]
            ],
            "location": [
                0.0805128812789917,
                -0.3529898226261139,
                -1.8790981769561768
            ],
            "location_world": [
                1.8790981769561768,
                -0.0805128812789917,
                -0.3529898226261139
            ],
            "name": "google_FAIRY_TALE_BLOCKS_7",
            "projected_cuboid": [
                [
                    336.3201320171356,
                    305.87783455848694
                ],
                [
                    273.06610345840454,
                    355.08573055267334
                ],
                [
                    227.87493467330933,
                    351.66147351264954
                ],
                [
                    288.53869438171387,
                    307.36443400382996
                ],
                [
                    368.7363862991333,
                    378.8825571537018
                ],
                [
                    310.0628852844238,
                    433.1625699996948
                ],
                [
                    262.2951567173004,
                    422.03599214553833
                ],
                [
                    319.04977560043335,
                    373.5884428024292
                ],
                [
                    298.45157265663147,
                    365.3002381324768
                ]
            ],
            "provenance": "visii",
            "quaternion_xyzw": [
                0.22912773489952087,
                0.1966685950756073,
                0.817655086517334,
                0.49016547203063965
            ],
            "quaternion_xyzw_world": [
                0.04915338754653931,
                -0.6701398491859436,
                0.37664294242858887,
                0.63768070936203
            ],
            "segmentation_id": 8,
            "visibility": 1
        },
        {
            "bounding_box_minx_maxx_miny_maxy": [
                145,
                278,
                294,
                383
            ],
            "class": "Great",
            "local_cuboid": null,
            "local_to_world_matrix": [
                [
                    0.49783432483673096,
                    0.1944228857755661,
                    0.8451986312866211,
                    0.0
                ],
                [
                    -0.5029911994934082,
                    -0.7291779518127441,
                    0.46400362253189087,
                    0.0
                ],
                [
                    0.7065131664276123,
                    -0.6561244130134583,
                    -0.2652168273925781,
                    0.0
                ],
                [
                    1.074804425239563,
                    0.1078169047832489,
                    -0.15476688742637634,
                    1.0
                ]
            ],
            "location": [
                -0.1078169047832489,
                -0.15476688742637634,
                -1.074804425239563
            ],
            "location_world": [
                1.074804425239563,
                0.1078169047832489,
                -0.15476688742637634
            ],
            "name": "google_Great_Jones_Wingtip_kAqSg6EgG0I_8",
            "projected_cuboid": [
                [
                    174.48601126670837,
                    350.65728425979614
                ],
                [
                    288.09401392936707,
                    285.8397960662842
                ],
                [
                    247.09872901439667,
                    270.87289094924927
                ],
                [
                    131.20831549167633,
                    342.08983182907104
                ],
                [
                    181.8425953388214,
                    402.33534574508667
                ],
                [
                    302.5488257408142,
                    341.82754158973694
                ],
                [
                    260.4089081287384,
                    330.6496739387512
                ],
                [
                    136.96078956127167,
                    397.03577756881714
                ],
                [
                    211.80886030197144,
                    341.9664800167084
                ]
            ],
            "provenance": "visii",
            "quaternion_xyzw": [
                0.5118805170059204,
                0.7689180374145508,
                0.07730808854103088,
                0.3751891255378723
            ],
            "quaternion_xyzw_world": [
                0.7893397808074951,
                -0.0977298766374588,
                0.4914587438106537,
                0.354767382144928
            ],
            "segmentation_id": 9,
            "visibility": 1
        },
        {
            "bounding_box_minx_maxx_miny_maxy": [
                263,
                315,
                481,
                500
            ],
            "class": "Ecoforms",
            "local_cuboid": null,
            "local_to_world_matrix": [
                [
                    0.0025151968002319336,
                    -0.11987635493278503,
                    -0.9927856922149658,
                    0.0
                ],
                [
                    -0.7655386924743652,
                    0.6385165452957153,
                    -0.07903876900672913,
                    0.0
                ],
                [
                    0.6433849334716797,
                    0.7602146863937378,
                    -0.0901639461517334,
                    0.0
                ],
                [
                    1.6173499822616577,
                    -0.1798533946275711,
                    -0.7133407592773438,
                    1.0
                ]
            ],
            "location": [
                0.1798533946275711,
                -0.7133407592773438,
                -1.6173499822616577
            ],
            "location_world": [
                1.6173499822616577,
                -0.1798533946275711,
                -0.7133407592773438
            ],
            "name": "google_Ecoforms_Plant_Container_Quadra_Sand_QP6_9",
            "projected_cuboid": [
                [
                    291.557639837265,
                    523.6037969589233
                ],
                [
                    250.89535117149353,
                    553.1786680221558
                ],
                [
                    301.01311206817627,
                    568.5216784477234
                ],
                [
                    339.96808528900146,
                    535.7285737991333
                ],
                [
                    283.91003608703613,
                    460.2494239807129
                ],
                [
                    242.5624430179596,
                    484.2534363269806
                ],
                [
                    292.1106815338135,
                    494.7619140148163
                ],
                [
                    331.8435251712799,
                    468.3126211166382
                ],
                [
                    291.8131351470947,
                    510.2804899215698
                ]
            ],
            "provenance": "visii",
            "quaternion_xyzw": [
                -0.6786567568778992,
                0.6009305119514465,
                0.28097039461135864,
                -0.3152192234992981
            ],
            "quaternion_xyzw_world": [
                -0.3369579613208771,
                0.6569180488586426,
                0.25923168659210205,
                0.6226692199707031
            ],
            "segmentation_id": 10,
            "visibility": 1
        },
        {
            "bounding_box_minx_maxx_miny_maxy": [
                -1,
                -1,
                -1,
                -1
            ],
            "class": "ReadytoUse",
            "local_cuboid": null,
            "local_to_world_matrix": [
                [
                    -0.00829768180847168,
                    0.9599612951278687,
                    -0.2800098955631256,
                    0.0
                ],
                [
                    -0.5811697244644165,
                    0.22324138879776,
                    0.7825631499290466,
                    0.0
                ],
                [
                    0.8137401342391968,
                    0.16922664642333984,
                    0.5560480356216431,
                    0.0
                ],
                [
                    0.8115659356117249,
                    0.5252712368965149,
                    -0.30302196741104126,
                    1.0
                ]
            ],
            "location": [
                -0.5252712368965149,
                -0.30302196741104126,
                -0.8115659356117249
            ],
            "location_world": [
                0.8115659356117249,
                0.5252712368965149,
                -0.30302196741104126
            ],
            "name": "google_ReadytoUse_Rolled_Fondant_Pure_White_24_oz_box_10",
            "projected_cuboid": [
                [
                    -130.2889883518219,
                    403.89400720596313
                ],
                [
                    -148.99903535842896,
                    383.7572932243347
                ],
                [
                    -196.1049735546112,
                    477.8338670730591
                ],
                [
                    -172.6544201374054,
                    498.06493520736694
                ],
                [
                    -56.72839283943176,
                    382.39216804504395
                ],
                [
                    -73.17209243774414,
                    361.6206645965576
                ],
                [
                    -107.17424750328064,
                    451.770156621933
                ],
                [
                    -86.82477474212646,
                    472.8769361972809
                ],
                [
                    -119.813472032547,
                    425.59128999710083
                ]
            ],
            "provenance": "visii",
            "quaternion_xyzw": [
                -0.13343137502670288,
                0.9429031014442444,
                0.30152034759521484,
                -0.04706853628158569
            ],
            "quaternion_xyzw_world": [
                0.2304414063692093,
                0.41094130277633667,
                0.5790302753448486,
                0.6653931140899658
            ],
            "segmentation_id": 11,
            "visibility": 0
        },
        {
            "bounding_box_minx_maxx_miny_maxy": [
                -1,
                -1,
                -1,
                -1
            ],
            "class": "Dog",
            "local_cuboid": null,
            "local_to_world_matrix": [
                [
                    -0.5213882923126221,
                    -0.6631156206130981,
                    0.5370584726333618,
                    0.0
                ],
                [
                    0.44533050060272217,
                    -0.7483201026916504,
                    -0.4916274845600128,
                    0.0
                ],
                [
                    0.7278976440429688,
                    -0.017160266637802124,
                    0.6854710578918457,
                    0.0
                ],
                [
                    0.5275416374206543,
                    0.4563082456588745,
                    -0.08460570871829987,
                    1.0
                ]
            ],
            "location": [
                -0.4563082456588745,
                -0.08460570871829987,
                -0.5275416374206543
            ],
            "location_world": [
                0.5275416374206543,
                0.4563082456588745,
                -0.08460570871829987
            ],
            "name": "google_Dog_11",
            "projected_cuboid": [
                [
                    -219.96372938156128,
                    79.33977246284485
                ],
                [
                    -31.441032886505127,
                    185.65323948860168
                ],
                [
                    -115.93830585479736,
                    329.69558238983154
                ],
                [
                    -385.348916053772,
                    215.18665552139282
                ],
                [
                    -272.0945477485657,
                    218.11263263225555
                ],
                [
                    -107.46514797210693,
                    292.9307222366333
                ],
                [
                    -193.2450234889984,
                    434.00824069976807
                ],
                [
                    -414.6724343299866,
                    360.73410511016846
                ],
                [
                    -205.94868063926697,
                    265.3777301311493
                ]
            ],
            "provenance": "visii",
            "quaternion_xyzw": [
                0.8489170670509338,
                0.37853485345840454,
                0.15859867632389069,
                -0.3330129384994507
            ],
            "quaternion_xyzw_world": [
                0.3679201304912567,
                -0.14798398315906525,
                0.8595317602157593,
                -0.32239824533462524
            ],
            "segmentation_id": 12,
            "visibility": 0
        },
        {
            "bounding_box_minx_maxx_miny_maxy": [
                89,
                146,
                499,
                500
            ],
            "class": "Black",
            "local_cuboid": null,
            "local_to_world_matrix": [
                [
                    -0.8224307298660278,
                    0.5113863945007324,
                    -0.24918189644813538,
                    0.0
                ],
                [
                    0.07820887863636017,
                    -0.3322288990020752,
                    -0.939950704574585,
                    0.0
                ],
                [
                    -0.5634634494781494,
                    -0.7925325632095337,
                    0.2332403063774109,
                    0.0
                ],
                [
                    1.0486897230148315,
                    0.28785404562950134,
                    -0.47221291065216064,
                    1.0
                ]
            ],
            "location": [
                -0.28785404562950134,
                -0.47221291065216064,
                -1.0486897230148315
            ],
            "location_world": [
                1.0486897230148315,
                0.28785404562950134,
                -0.47221291065216064
            ],
            "name": "google_Black_Elderberry_Syrup_54_oz_Gaia_Herbs_12",
            "projected_cuboid": [
                [
                    123.50606918334961,
                    517.8753137588501
                ],
                [
                    136.65223121643066,
                    552.0110130310059
                ],
                [
                    78.12081277370453,
                    547.8591918945312
                ],
                [
                    65.76105952262878,
                    516.4333581924438
                ],
                [
                    147.36689627170563,
                    496.4416027069092
                ],
                [
                    159.77975726127625,
                    529.0614366531372
                ],
                [
                    102.04802453517914,
                    526.8374681472778
                ],
                [
                    90.33443033695221,
                    496.7009425163269
                ],
                [
                    112.06713318824768,
                    522.6529836654663
                ]
            ],
            "provenance": "visii",
            "quaternion_xyzw": [
                0.4650539755821228,
                0.04464370012283325,
                0.8681590557098389,
                -0.16742633283138275
            ],
            "quaternion_xyzw_world": [
                -0.262943834066391,
                -0.5605714917182922,
                0.7726415395736694,
                0.14016121625900269
            ],
            "segmentation_id": 13,
            "visibility": 1
        },
        {
            "bounding_box_minx_maxx_miny_maxy": [
                32,
                88,
                33,
                106
            ],
            "class": "Razer",
            "local_cuboid": null,
