{
    "camera_data": {
        "camera_look_at": {
            "at": [
                1.0,
                0.0,
                0.0
            ],
            "eye": [
                0.0,
                0.0,
                0.0
            ],
            "up": [
                0.0,
                0.0,
                1.0
            ]
        },
        "camera_view_matrix": [
            [
                0.0,
                0.0,
                -1.0,
                0.0
            ],
            [
                -1.0,
                0.0,
                0.0,
                0.0
            ],
            [
                0.0,
                1.0,
                0.0,
                0.0
            ],
            [
                0.0,
                0.0,
                0.0,
                1.0
            ]
        ],
        "height": 500,
        "intrinsics": {
            "cx": 250.0,
            "cy": 250.0,
            "fx": 603.5535278320312,
            "fy": 603.5535278320312
        },
        "location_world": [
            0.0,
            0.0,
            0.0
        ],
        "quaternion_world_xyzw": [
            0.5,
            -0.5,
            -0.5,
            0.5
        ],
        "width": 500
    },
    "objects": [
        {
            "bounding_box_minx_maxx_miny_maxy": [
                451,
                499,
                378,
                462
            ],
            "class": "Reebok",
            "local_cuboid": null,
            "local_to_world_matrix": [
                [
                    0.8758957386016846,
                    0.2535688579082489,
                    0.41049912571907043,
                    0.0
                ],
                [
                    0.4611984193325043,
                    -0.6899902820587158,
                    -0.5578615069389343,
                    0.0
                ],
                [
                    0.14178410172462463,
                    0.6779500842094421,
                    -0.7213051319122314,
                    0.0
                ],
                [
                    1.1353908777236938,
                    -0.5060051679611206,
                    -0.300300270318985,
                    1.0
                ]
            ],
            "location": [
                0.5060051679611206,
                -0.300300270318985,
                -1.1353908777236938
            ],
            "location_world": [
                1.1353908777236938,
                -0.5060051679611206,
                -0.300300270318985
            ],
            "name": "google_Reebok_SOMERSET_RUN_0",
            "projected_cuboid": [
                [
                    416.1180257797241,
                    398.6063301563263
                ],
                [
                    494.5046901702881,
                    460.4613780975342
                ],
                [
                    535.6539487838745,
                    422.86670207977295
                ],
                [
                    461.08314394950867,
                    355.55893182754517
                ],
                [
                    448.67634773254395,
                    439.8213028907776
                ],
                [
                    529.930591583252,
                    502.14827060699463
                ],
                [
                    575.1122236251831,
                    461.92634105682373
                ],
                [
                    498.53235483169556,
                    393.2616412639618
                ],
                [
                    496.2981641292572,
                    430.5383265018463
                ]
            ],
            "provenance": "visii",
            "quaternion_xyzw": [
                0.6012646555900574,
                0.4575727880001068,
                -0.6460739374160767,
                0.10814980417490005
            ],
            "quaternion_xyzw_world": [
                0.9065306186676025,
                0.19711613655090332,
                0.15230683982372284,
                -0.3408080041408539
            ],
            "segmentation_id": 1,
            "visibility": 1
        },
        {
            "bounding_box_minx_maxx_miny_maxy": [
                -1,
                -1,
                -1,
                -1
            ],
            "class": "Breyer",
            "local_cuboid": null,
            "local_to_world_matrix": [
                [
                    4.410743713378906e-06,
                    0.2277430295944214,
                    -0.9737213253974915,
                    0.0
                ],
                [
                    -0.5434123873710632,
                    0.8174063563346863,
                    0.19118016958236694,
                    0.0
                ],
                [
                    0.8394659161567688,
                    0.5291313529014587,
                    0.12376195192337036,
                    0.0
                ],
                [
                    0.11879944056272507,
                    0.406700074672699,
                    -0.08429629355669022,
                    1.0
                ]
            ],
            "location": [
                -0.406700074672699,
                -0.08429629355669022,
                -0.11879944056272507
            ],
            "location_world": [
                0.11879944056272507,
                0.406700074672699,
                -0.08429629355669022
            ],
            "name": "google_Breyer_Horse_Of_The_Year_2015_1",
            "projected_cuboid": [
                [
                    -903.215765953064,
                    677.1478652954102
                ],
                [
                    -1186.3082647323608,
                    706.6521048545837
                ],
                [
                    -2548.722743988037,
                    1410.691738128662
                ],
                [
                    -1661.737561225891,
                    1183.7514638900757
                ],
                [
                    -780.8340787887573,
                    153.88469398021698
                ],
                [
                    -1047.1186637878418,
                    111.5180104970932
                ],
                [
                    -2229.9468517303467,
                    47.64614999294281
                ],
                [
                    -1419.2384481430054,
                    146.88248932361603
                ],
                [
                    -1271.2490558624268,
                    502.52485275268555
                ]
            ],
            "provenance": "visii",
            "quaternion_xyzw": [
                -0.5959326028823853,
                0.751396894454956,
                0.22197802364826202,
                -0.17604774236679077
            ],
            "quaternion_xyzw_world": [
                -0.12128075212240219,
                0.6506996154785156,
                0.2767450213432312,
                0.6966298818588257
            ],
            "segmentation_id": 2,
            "visibility": 0
        },
        {
            "bounding_box_minx_maxx_miny_maxy": [
                -1,
                -1,
                -1,
                -1
            ],
            "class": "Smith",
            "local_cuboid": null,
            "local_to_world_matrix": [
                [
                    -0.31904447078704834,
                    0.023512065410614014,
                    -0.9474480152130127,
                    0.0
                ],
                [
                    -0.5118508338928223,
                    -0.8456323146820068,
                    0.15137571096420288,
                    0.0
                ],
                [
                    -0.7976335287094116,
                    0.5332476496696472,
                    0.28182899951934814,
                    0.0
                ],
                [
                    1.7417669296264648,
                    0.2355489283800125,
                    0.5522579550743103,
                    1.0
                ]
            ],
            "location": [
                -0.2355489283800125,
                0.5522579550743103,
                -1.7417669296264648
            ],
            "location_world": [
                1.7417669296264648,
                0.2355489283800125,
                0.5522579550743103
            ],
            "name": "google_Smith_Hawken_Woven_BasketTray_Organizer_with_3_Compartments_95_x_9_x_13_2",
            "projected_cuboid": [
                [
                    56.08980357646942,
                    78.23434472084045
                ],
                [
                    131.42526149749756,
                    45.38285732269287
                ],
                [
                    200.5297839641571,
                    100.69471597671509
                ],
                [
                    129.21544909477234,
                    125.36266446113586
                ],
                [
                    72.69859313964844,
                    -34.67246890068054
                ],
                [
                    143.77020299434662,
                    -74.82466101646423
                ],
                [
                    206.76371455192566,
                    -8.3274245262146
                ],
                [
                    139.40705358982086,
                    22.51751720905304
                ],
                [
                    135.97890734672546,
                    32.338276505470276
                ]
            ],
            "provenance": "visii",
            "quaternion_xyzw": [
                -0.08288338780403137,
                0.3071051239967346,
                0.6460978984832764,
                -0.6938114166259766
            ],
            "quaternion_xyzw_world": [
                -0.557843804359436,
                0.2188510298728943,
                0.7820655107498169,
                0.1711374819278717
            ],
            "segmentation_id": 3,
            "visibility": 0
        },
        {
            "bounding_box_minx_maxx_miny_maxy": [
                430,
                499,
                152,
                313
            ],
            "class": "Paul",
            "local_cuboid": null,
            "local_to_world_matrix": [
                [
                    -0.7700164318084717,
                    -0.5359511971473694,
                    -0.3461672365665436,
                    0.0
                ],
                [
                    -0.6202217936515808,
                    0.7560513019561768,
                    0.20907285809516907,
                    0.0
                ],
                [
                    0.1496674120426178,
                    0.37568989396095276,
                    -0.9145805835723877,
                    0.0
                ],
                [
                    0.8758933544158936,
                    -0.44606515765190125,
                    0.1173732727766037,
                    1.0
                ]
            ],
            "location": [
                0.44606515765190125,
                0.1173732727766037,
                -0.8758933544158936
            ],
            "location_world": [
                0.8758933544158936,
                -0.44606515765190125,
                0.1173732727766037
            ],
            "name": "google_Paul_Frank_Dot_Lunch_Box_3",
            "projected_cuboid": [
                [
                    587.1756076812744,
                    358.7973117828369
                ],
                [
                    552.7676939964294,
                    350.62551498413086
                ],
                [
                    638.0046010017395,
                    182.4040710926056
                ],
                [
                    666.8270230293274,
                    204.87084984779358
                ],
                [
                    440.2030110359192,
                    285.0203216075897
                ],
                [
                    402.87289023399353,
                    273.49454164505005
                ],
                [
                    464.2665982246399,
                    138.6011838912964
                ],
                [
                    498.81255626678467,
                    159.45950150489807
                ],
                [
                    522.2392082214355,
                    242.46129393577576
                ]
            ],
            "provenance": "visii",
            "quaternion_xyzw": [
                -0.6075659990310669,
                0.4535386562347412,
                -0.16225659847259521,
                -0.6315371990203857
            ],
            "quaternion_xyzw_world": [
                -0.3116539716720581,
                0.9274492263793945,
                0.15762661397457123,
                0.13365547358989716
            ],
            "segmentation_id": 4,
            "visibility": 1
        },
        {
            "bounding_box_minx_maxx_miny_maxy": [
                -1,
                -1,
                -1,
                -1
            ],
            "class": "Toys",
            "local_cuboid": null,
            "local_to_world_matrix": [
                [
                    -0.23108458518981934,
                    -0.8308011889457703,
                    -0.5063292384147644,
                    0.0
                ],
                [
                    -0.8863862156867981,
                    0.3943439722061157,
                    -0.24251262843608856,
                    0.0
                ],
                [
                    0.40114766359329224,
                    0.39276230335235596,
                    -0.8275375366210938,
                    0.0
                ],
                [
                    0.5434436798095703,
                    -0.2572246491909027,
                    0.4788166880607605,
                    1.0
                ]
            ],
            "location": [
                0.2572246491909027,
                0.4788166880607605,
                -0.5434436798095703
            ],
            "location_world": [
                0.5434436798095703,
                -0.2572246491909027,
                0.4788166880607605
            ],
            "name": "google_Toys_R_Us_Treat_Dispenser_Smart_Puzzle_Foobler_4",
            "projected_cuboid": [
                [
                    518.532395362854,
                    -55.189043283462524
                ],
                [
                    518.5371041297913,
                    -92.01037883758545
                ],
                [
                    634.2250108718872,
                    -305.6384325027466
                ],
                [
                    607.6400876045227,
                    -215.91758728027344
                ],
                [
                    392.3749327659607,
                    -107.81872272491455
                ],
                [
                    361.35050654411316,
                    -155.21088242530823
                ],
                [
                    449.02631640434265,
                    -361.23907566070557
                ],
                [
                    464.08480405807495,
                    -264.565110206604
                ],
                [
                    488.68855834007263,
                    -186.59788370132446
                ]
            ],
            "provenance": "visii",
            "quaternion_xyzw": [
                -0.7865210771560669,
                0.2862838804721832,
                0.051390141248703,
                -0.5447800159454346
            ],
            "quaternion_xyzw_world": [
                -0.5482036471366882,
                0.7830973863601685,
                0.047966476529836655,
                0.2897075414657593
            ],
            "segmentation_id": 5,
            "visibility": 0
        },
        {
            "bounding_box_minx_maxx_miny_maxy": [
                446,
                499,
                14,
                45
            ],
            "class": "Tag",
            "local_cuboid": null,
            "local_to_world_matrix": [
                [
                    -0.8302167654037476,
                    0.5477632284164429,
                    0.1034202054142952,
                    0.0
                ],
                [
                    0.548656702041626,
                    0.7701418995857239,
                    0.32535722851753235,
                    0.0
                ],
                [
                    0.09857048839330673,
                    0.3268592059612274,
                    -0.9399186372756958,
                    0.0
                ],
                [
                    1.8186780214309692,
                    -0.7236202955245972,
                    0.6733901500701904,
                    1.0
                ]
            ],
            "location": [
                0.7236202955245972,
                0.6733901500701904,
                -1.8186780214309692
            ],
            "location_world": [
                1.8186780214309692,
                -0.7236202955245972,
                0.6733901500701904
            ],
            "name": "google_Tag_Dishtowel_Basket_Weave_Red_18_x_26_5",
            "projected_cuboid": [
                [
                    520.1914310455322,
                    31.28771483898163
                ],
                [
                    441.5002465248108,
                    21.484777331352234
                ],
                [
                    445.6581473350525,
                    10.139107704162598
                ],
                [
                    524.8254537582397,
                    19.10075545310974
                ],
                [
                    530.0998091697693,
                    54.03400957584381
                ],
                [
                    456.4538300037384,
                    43.45415532588959
                ],
                [
                    460.33668518066406,
                    32.969340682029724
                ],
                [
                    534.3931913375854,
                    42.8348183631897
                ],
                [
                    488.07787895202637,
                    32.189980149269104
                ]
            ],
            "provenance": "visii",
            "quaternion_xyzw": [
                -0.23740792274475098,
                0.7020846009254456,
                -0.5300555229187012,
                -0.4120144248008728
            ],
            "quaternion_xyzw_world": [
                0.2913588881492615,
                0.9407812356948853,
                0.1733177751302719,
                -0.0012887472985312343
            ],
            "segmentation_id": 6,
            "visibility": 1
        },
        {
            "bounding_box_minx_maxx_miny_maxy": [
                -1,
                -1,
                -1,
                -1
            ],
            "class": "FRACTION",
            "local_cuboid": null,
            "local_to_world_matrix": [
                [
                    -0.45897412300109863,
                    0.12095233798027039,
                    -0.8801779747009277,
                    0.0
                ],
                [
                    0.8135193586349487,
                    -0.3409930467605591,
                    -0.4710731506347656,
                    0.0
                ],
                [
                    -0.3571120500564575,
                    -0.9322521686553955,
                    0.05810999870300293,
                    0.0
                ],
                [
                    0.7646723985671997,
                    0.5166370868682861,
                    0.06453651189804077,
                    1.0
                ]
            ],
            "location": [
                -0.5166370868682861,
                0.06453651189804077,
                -0.7646723985671997
            ],
            "location_world": [
                0.7646723985671997,
                0.5166370868682861,
                0.06453651189804077
            ],
            "name": "google_FRACTION_FUN_n4h4qte23QR_6",
            "projected_cuboid": [
                [
                    -245.35906314849854,
                    216.99444949626923
                ],
                [
                    -98.82372617721558,
                    291.89226031303406
                ],
                [
                    -122.75934219360352,
                    292.99110174179077
                ],
                [
                    -271.4437246322632,
                    220.1629877090454
                ],
                [
                    -171.49248719215393,
                    90.07441997528076
                ],
                [
                    -51.68059468269348,
                    180.56556582450867
                ],
                [
                    -74.26974177360535,
                    183.5382878780365
                ],
                [
                    -196.28271460533142,
                    95.61923146247864
                ],
                [
                    -145.6916332244873,
                    197.50471413135529
                ]
            ],
            "provenance": "visii",
            "quaternion_xyzw": [
                0.4982491135597229,
                -0.270539790391922,
                0.6980575919151306,
                -0.43734610080718994
            ],
            "quaternion_xyzw_world": [
                -0.45384716987609863,
                -0.5147501826286316,
                0.6815565228462219,
                -0.2540387213230133
            ],
            "segmentation_id": 7,
            "visibility": 0
        },
        {
            "bounding_box_minx_maxx_miny_maxy": [
                226,
                323,
                336,
                427
            ],
            "class": "FAIRY",
            "local_cuboid": null,
            "local_to_world_matrix": [
                [
                    -0.7220883369445801,
                    0.683578372001648,
                    0.10634386539459229,
                    0.0
                ],
                [
                    0.48625993728637695,
                    0.6108572483062744,
                    -0.624823808670044,
                    0.0
                ],
                [
                    -0.49207693338394165,
                    -0.39946722984313965,
                    -0.7734897136688232,
                    0.0
                ],
                [
                    1.8616012334823608,
                    -0.06620091944932938,
                    -0.33450841903686523,
                    1.0
                ]
            ],
            "location": [
                0.06620091944932938,
                -0.33450841903686523,
                -1.8616012334823608
            ],
            "location_world": [
                1.8616012334823608,
                -0.06620091944932938,
                -0.33450841903686523
            ],
            "name": "google_FAIRY_TALE_BLOCKS_7",
            "projected_cuboid": [
                [
                    307.09776282310486,
                    405.2963852882385
                ],
                [
                    246.23115360736847,
                    451.6008198261261
                ],
                [
                    217.16058254241943,
                    382.82084465026855
                ],
                [
                    271.91853523254395,
                    334.30182933807373
                ],
                [
                    358.87908935546875,
                    398.6096382141113
                ],
                [
                    300.223708152771,
                    441.0193860530853
                ],
                [
                    270.79176902770996,
                    378.9210915565491
                ],
                [
                    324.0217864513397,
                    334.7366452217102
                ],
                [
                    286.8466079235077,
                    390.5845284461975
                ]
            ],
            "provenance": "visii",
            "quaternion_xyzw": [
                -0.3351001739501953,
                0.3763899803161621,
                -0.8367316126823425,
                -0.21428650617599487
            ],
            "quaternion_xyzw_world": [
                0.3318674564361572,
                0.8812541365623474,
                -0.29057765007019043,
                -0.1697639673948288
            ],
            "segmentation_id": 8,
            "visibility": 1
        },
        {
            "bounding_box_minx_maxx_miny_maxy": [
                325,
                427,
                274,
                347
            ],
            "class": "Great",
            "local_cuboid": null,
            "local_to_world_matrix": [
                [
                    0.49238115549087524,
                    0.5229227542877197,
                    0.6957820057868958,
                    0.0
                ],
                [
                    -0.15771016478538513,
                    0.8397699594497681,
                    -0.5195323824882507,
                    0.0
                ],
                [
                    -0.8559721112251282,
                    0.1460760235786438,
                    0.4959571361541748,
                    0.0
                ],
                [
                    1.6275935173034668,
                    -0.34523364901542664,
                    -0.17349044978618622,
                    1.0
                ]
            ],
            "location": [
                0.34523364901542664,
                -0.17349044978618622,
                -1.6275935173034668
            ],
            "location_world": [
                1.6275935173034668,
                -0.34523364901542664,
                -0.17349044978618622
            ],
            "name": "google_Great_Jones_Wingtip_kAqSg6EgG0I_8",
            "projected_cuboid": [
                [
                    414.25931453704834,
                    248.98092448711395
                ],
                [
                    316.37364625930786,
                    312.7681314945221
                ],
                [
                    318.56071949005127,
                    329.9022912979126
                ],
                [
                    410.70839762687683,
                    269.31053400039673
                ],
                [
                    443.1345760822296,
                    279.52757477760315
                ],
                [
                    342.58320927619934,
                    346.69506549835205
                ],
                [
                    343.226820230484,
                    362.32849955558777
                ],
                [
                    437.7337694168091,
                    298.7121641635895
                ],
                [
                    378.8175582885742,
                    305.53582310676575
                ]
            ],
            "provenance": "visii",
            "quaternion_xyzw": [
                -0.18750831484794617,
                0.19197538495063782,
                0.8512383699417114,
                0.45097583532333374
            ],
            "quaternion_xyzw_world": [
                -0.19789773225784302,
                -0.461365282535553,
                0.20236478745937347,
                0.840848982334137
            ],
            "segmentation_id": 9,
            "visibility": 1
        },
        {
            "bounding_box_minx_maxx_miny_maxy": [
                241,
                293,
                470,
                500
            ],
            "class": "Ecoforms",
            "local_cuboid": null,
            "local_to_world_matrix": [
                [
                    -0.5265762805938721,
                    -0.047218114137649536,
                    -0.8488155007362366,
                    0.0
                ],
                [
                    -0.8108164072036743,
                    -0.2722160816192627,
                    0.5181458592414856,
                    0.0
                ],
                [
                    -0.2555270791053772,
                    0.9610769152641296,
                    0.10505729913711548,
                    0.0
                ],
                [
                    1.6255730390548706,
                    -0.16444842517375946,
                    -0.7106568813323975,
                    1.0
                ]
            ],
            "location": [
                0.16444842517375946,
                -0.7106568813323975,
                -1.6255730390548706
            ],
            "location_world": [
                1.6255730390548706,
                -0.16444842517375946,
                -0.7106568813323975
            ],
            "name": "google_Ecoforms_Plant_Container_Quadra_Sand_QP6_9",
            "projected_cuboid": [
                [
                    242.92099475860596,
                    558.5864782333374
                ],
                [
                    263.63518834114075,
                    550.418496131897
                ],
                [
                    328.4817636013031,
                    548.916220664978
                ],
                [
                    302.25813388824463,
                    557.0114850997925
                ],
                [
                    240.16311764717102,
                    483.4579825401306
                ],
                [
                    259.2692971229553,
                    468.37103366851807
                ],
                [
                    320.16757130622864,
                    469.17304396629333
                ],
                [
                    296.1747944355011,
                    483.81882905960083
                ],
                [
                    281.4135253429413,
                    514.0311121940613
                ]
            ],
            "provenance": "visii",
            "quaternion_xyzw": [
                -0.26150771975517273,
                0.551226019859314,
                0.4153802990913391,
                -0.674701988697052
            ],
            "quaternion_xyzw_world": [
                -0.40018197894096375,
                0.536027729511261,
                0.689900279045105,
                0.2767060399055481
            ],
            "segmentation_id": 10,
            "visibility": 1
        },
        {
            "bounding_box_minx_maxx_miny_maxy": [
                -1,
                -1,
                -1,
                -1
            ],
            "class": "ReadytoUse",
            "local_cuboid": null,
            "local_to_world_matrix": [
                [
                    -0.2772715091705322,
                    0.9024115800857544,
                    0.3298097252845764,
                    0.0
                ],
                [
                    -0.48780807852745056,
                    -0.4279557466506958,
                    0.7608534097671509,
                    0.0
                ],
                [
                    0.827746570110321,
                    0.05007895827293396,
                    0.5588630437850952,
                    0.0
                ],
                [
                    0.8189431428909302,
                    0.598235547542572,
                    -0.2204791158437729,
                    1.0
                ]
            ],
            "location": [
                -0.598235547542572,
                -0.2204791158437729,
                -0.8189431428909302
            ],
            "location_world": [
                0.8189431428909302,
                0.598235547542572,
                -0.2204791158437729
            ],
            "name": "google_ReadytoUse_Rolled_Fondant_Pure_White_24_oz_box_10",
            "projected_cuboid": [
                [
                    -175.1982569694519,
                    329.05784249305725
                ],
                [
                    -172.51014709472656,
                    306.83302879333496
                ],
                [
                    -240.70796370506287,
                    388.87107372283936
                ],
                [
                    -241.84975028038025,
                    412.4923348426819
                ],
                [
                    -93.557208776474,
                    350.88518261909485
                ],
                [
                    -88.93278241157532,
                    329.98141646385193
                ],
                [
                    -140.17614722251892,
                    412.5824570655823
                ],
                [
                    -144.11383867263794,
                    434.5936179161072
                ],
                [
                    -158.96612405776978,
                    367.7699863910675
                ]
            ],
            "provenance": "visii",
            "quaternion_xyzw": [
                0.20278184115886688,
                0.9342125058174133,
                0.28009459376335144,
                -0.08760058879852295
            ],
            "quaternion_xyzw_world": [
                0.3846495747566223,
                0.2694683372974396,
                0.7523447275161743,
                0.4619623124599457
            ],
            "segmentation_id": 11,
            "visibility": 0
        },
        {
            "bounding_box_minx_maxx_miny_maxy": [
                -1,
                -1,
                -1,
                -1
            ],
            "class": "Dog",
            "local_cuboid": null,
            "local_to_world_matrix": [
                [
                    -0.2624032497406006,
                    -0.9640990495681763,
                    -0.040713220834732056,
                    0.0
                ],
                [
                    0.5229227542877197,
                    -0.10661351680755615,
                    -0.8456863164901733,
                    0.0
                ],
                [
                    0.8109848499298096,
                    -0.2432006597518921,
                    0.5321250557899475,
                    0.0
                ],
                [
                    0.4482036828994751,
                    0.3523579239845276,
                    -0.07125329226255417,
                    1.0
                ]
            ],
            "location": [
                -0.3523579239845276,
                -0.07125329226255417,
                -0.4482036828994751
            ],
            "location_world": [
                0.4482036828994751,
                0.3523579239845276,
                -0.07125329226255417
            ],
            "name": "google_Dog_11",
            "projected_cuboid": [
                [
                    22.88392186164856,
                    126.86964869499207
                ],
                [
                    77.18069851398468,
                    297.31273651123047
                ],
                [
                    -45.481324195861816,
                    451.0090947151184
                ],
                [
                    -155.94395995140076,
                    246.44531309604645
                ],
                [
                    -182.04441666603088,
                    129.90546226501465
                ],
                [
                    -103.58095169067383,
                    284.85146164894104
                ],
                [
                    -267.5022482872009,
                    416.972815990448
                ],
                [
                    -412.6097559928894,
                    233.68136584758759
                ],
                [
                    -121.84393405914307,
                    271.4563012123108
                ]
            ],
            "provenance": "visii",
            "quaternion_xyzw": [
                -0.9514160752296448,
                -0.01731640100479126,
                -0.1328556090593338,
                0.2772309184074402
            ],
            "quaternion_xyzw_world": [
                -0.27932295203208923,
                0.39486220479011536,
                -0.6894094944000244,
                0.5392374992370605
            ],
            "segmentation_id": 12,
            "visibility": 0
        },
        {
            "bounding_box_minx_maxx_miny_maxy": [
                20,
                86,
                323,
                395
            ],
            "class": "Black",
            "local_cuboid": null,
            "local_to_world_matrix": [
                [
                    -0.48246490955352783,
                    -0.4812324643135071,
                    0.7318762540817261,
                    0.0
                ],
                [
                    0.07679541409015656,
                    -0.8555781841278076,
                    -0.5119457244873047,
                    0.0
                ],
                [
                    0.8725422620773315,
                    -0.19079110026359558,
                    0.44974297285079956,
                    0.0
                ],
                [
                    1.1421748399734497,
                    0.40410637855529785,
                    -0.24586884677410126,
                    1.0
                ]
            ],
            "location": [
                -0.40410637855529785,
                -0.24586884677410126,
                -1.1421748399734497
            ],
            "location_world": [
                1.1421748399734497,
                0.40410637855529785,
                -0.24586884677410126
            ],
            "name": "google_Black_Elderberry_Syrup_54_oz_Gaia_Herbs_12",
            "projected_cuboid": [
                [
                    63.089773058891296,
                    319.6567893028259
                ],
                [
                    88.03272247314453,
                    333.9267075061798
                ],
                [
                    55.11827766895294,
                    378.1598210334778
                ],
                [
                    27.238428592681885,
                    362.4638319015503
                ],
                [
                    54.15309965610504,
                    337.8681540489197
                ],
                [
                    78.59252393245697,
                    351.7675995826721
                ],
                [
                    45.42946815490723,
                    396.8982696533203
                ],
                [
                    18.177643418312073,
                    381.65101408958435
                ],
                [
                    54.60573732852936,
                    356.76372051239014
                ]
            ],
            "provenance": "visii",
            "quaternion_xyzw": [
                0.8464219570159912,
                0.4688720703125,
                0.1988535374403,
                -0.15551885962486267
            ],
            "quaternion_xyzw_world": [
                0.4804607927799225,
                -0.21044227480888367,
                0.8348332047462463,
                -0.16710759699344635
            ],
            "segmentation_id": 13,
            "visibility": 1
        },
        {
            "bounding_box_minx_maxx_miny_maxy": [
                -1,
                -1,
                -1,
                -1
            ],
