{
    "camera_data": {
        "camera_look_at": {
            "at": [
                1.0,
                0.0,
                0.0
            ],
            "eye": [
                0.0,
                0.0,
                0.0
            ],
            "up": [
                0.0,
                0.0,
                1.0
            ]
        },
        "camera_view_matrix": [
            [
                0.0,
                0.0,
                -1.0,
                0.0
            ],
            [
                -1.0,
                0.0,
                0.0,
                0.0
            ],
            [
                0.0,
                1.0,
                0.0,
                0.0
            ],
            [
                0.0,
                0.0,
                0.0,
                1.0
            ]
        ],
        "height": 500,
        "intrinsics": {
            "cx": 250.0,
            "cy": 250.0,
            "fx": 603.5535278320312,
            "fy": 603.5535278320312
        },
        "location_world": [
            0.0,
            0.0,
            0.0
        ],
        "quaternion_world_xyzw": [
            0.5,
            -0.5,
            -0.5,
            0.5
        ],
        "width": 500
    },
    "objects": [
        {
            "bounding_box_minx_maxx_miny_maxy": [
                -1,
                -1,
                -1,
                -1
            ],
            "class": "Reebok",
            "local_cuboid": null,
            "local_to_world_matrix": [
                [
                    0.8762348890304565,
                    0.4808812439441681,
                    -0.031075265258550644,
                    0.0
                ],
                [
                    0.4817860424518585,
                    -0.8755346536636353,
                    0.03634987398982048,
                    0.0
                ],
                [
                    -0.00972750037908554,
                    -0.04682265594601631,
                    -0.9988558292388916,
                    0.0
                ],
                [
                    1.297641634941101,
                    -0.5866103172302246,
                    -0.5976482629776001,
                    1.0
                ]
            ],
            "location": [
                0.5866103172302246,
                -0.5976482629776001,
                -1.297641634941101
            ],
            "location_world": [
                1.297641634941101,
                -0.5866103172302246,
                -0.5976482629776001
            ],
            "name": "google_Reebok_SOMERSET_RUN_0",
            "projected_cuboid": [
                [
                    456.673264503479,
                    590.9945964813232
                ],
                [
                    545.2797412872314,
                    552.5186061859131
                ],
                [
                    542.7300333976746,
                    502.9032230377197
                ],
                [
                    453.92027497291565,
                    535.8651280403137
                ],
                [
                    501.88714265823364,
                    617.857813835144
                ],
                [
                    592.3060178756714,
                    573.6191272735596
                ],
                [
                    589.5247459411621,
                    520.2646255493164
                ],
                [
                    498.8596439361572,
                    558.0731630325317
                ],
                [
                    524.2059230804443,
                    555.0402998924255
                ]
            ],
            "provenance": "visii",
            "quaternion_xyzw": [
                0.3438900113105774,
                0.6139021515846252,
                -0.6029632687568665,
                0.3758976459503174
            ],
            "quaternion_xyzw_world": [
                0.9683265686035156,
                0.24853889644145966,
                -0.010534350760281086,
                0.021473264321684837
            ],
            "segmentation_id": 1,
            "visibility": 0
        },
        {
            "bounding_box_minx_maxx_miny_maxy": [
                178,
                233,
                256,
                331
            ],
            "class": "Breyer",
            "local_cuboid": null,
            "local_to_world_matrix": [
                [
                    0.12726998329162598,
                    -0.1493191123008728,
                    -0.9805641770362854,
                    0.0
                ],
                [
                    -0.4298105835914612,
                    -0.8992646932601929,
                    0.08115269243717194,
                    0.0
                ],
                [
                    -0.8939045071601868,
                    0.41112858057022095,
                    -0.1786283254623413,
                    0.0
                ],
                [
                    1.5943188667297363,
                    0.07518654316663742,
                    -0.09940816462039948,
                    1.0
                ]
            ],
            "location": [
                -0.07518654316663742,
                -0.09940816462039948,
                -1.5943188667297363
            ],
            "location_world": [
                1.5943188667297363,
                0.07518654316663742,
                -0.09940816462039948
            ],
            "name": "google_Breyer_Horse_Of_The_Year_2015_1",
            "projected_cuboid": [
                [
                    192.61710345745087,
                    349.1572439670563
                ],
                [
                    213.12884986400604,
                    348.90538454055786
                ],
                [
                    240.14000594615936,
                    330.04987239837646
                ],
                [
                    220.9494709968567,
                    330.56923747062683
                ],
                [
                    177.1143674850464,
                    256.99183344841003
                ],
                [
                    197.77946174144745,
                    255.13410568237305
                ],
                [
                    226.6417145729065,
                    244.1302239894867
                ],
                [
                    207.3066085577011,
                    245.9995597600937
                ],
                [
                    210.0912630558014,
                    295.2180206775665
                ]
            ],
            "provenance": "visii",
            "quaternion_xyzw": [
                0.20872345566749573,
                -0.09737697243690491,
                -0.6448706388473511,
                0.7287620306015015
            ],
            "quaternion_xyzw_world": [
                0.7424895763397217,
                -0.19499589502811432,
                -0.6311430931091309,
                -0.11110454797744751
            ],
            "segmentation_id": 2,
            "visibility": 1
        },
        {
            "bounding_box_minx_maxx_miny_maxy": [
                43,
                159,
                1,
                68
            ],
            "class": "Smith",
            "local_cuboid": null,
            "local_to_world_matrix": [
                [
                    0.46431660652160645,
                    0.5879698395729065,
                    0.6623455286026001,
                    0.0
                ],
                [
                    -0.3272760510444641,
                    0.8088200092315674,
                    -0.4885699450969696,
                    0.0
                ],
                [
                    -0.822982668876648,
                    0.010081350803375244,
                    0.5679770112037659,
                    0.0
                ],
                [
                    1.8997020721435547,
                    0.4349338114261627,
                    0.6245142817497253,
                    1.0
                ]
            ],
            "location": [
                -0.4349338114261627,
                0.6245142817497253,
                -1.8997020721435547
            ],
            "location_world": [
                1.8997020721435547,
                0.4349338114261627,
                0.6245142817497253
            ],
            "name": "google_Smith_Hawken_Woven_BasketTray_Organizer_with_3_Compartments_95_x_9_x_13_2",
            "projected_cuboid": [
                [
                    103.58700156211853,
                    -71.17751240730286
                ],
                [
                    23.380950093269348,
                    -42.785972356796265
                ],
                [
                    50.03173649311066,
                    37.99642622470856
                ],
                [
                    120.37500739097595,
                    9.344488382339478
                ],
                [
                    166.78452491760254,
                    -15.96677303314209
                ],
                [
                    81.35797083377838,
                    18.481165170669556
                ],
                [
                    103.29835116863251,
                    99.2526262998581
                ],
                [
                    177.56570875644684,
                    65.24196267127991
                ],
                [
                    103.4439355134964,
                    13.309329748153687
                ]
            ],
            "provenance": "visii",
            "quaternion_xyzw": [
                -0.13929948210716248,
                0.2628769874572754,
                0.8513992428779602,
                0.43198466300964355
            ],
            "quaternion_xyzw_world": [
                -0.14791855216026306,
                -0.44060367345809937,
                0.2714960277080536,
                0.8427801728248596
            ],
            "segmentation_id": 3,
            "visibility": 1
        },
        {
            "bounding_box_minx_maxx_miny_maxy": [
                355,
                499,
                78,
                188
            ],
            "class": "Paul",
            "local_cuboid": null,
            "local_to_world_matrix": [
                [
                    -0.09209954738616943,
                    -0.6484333872795105,
                    0.755679726600647,
                    0.0
                ],
                [
                    0.9166699051856995,
                    0.2411767840385437,
                    0.31866931915283203,
                    0.0
                ],
                [
                    -0.38888823986053467,
                    0.7220581769943237,
                    0.5721870064735413,
                    0.0
                ],
                [
                    0.946980893611908,
                    -0.37549424171447754,
                    0.18438087403774261,
                    1.0
                ]
            ],
            "location": [
                0.37549424171447754,
                0.18438087403774261,
                -0.946980893611908
            ],
            "location_world": [
                0.946980893611908,
                -0.37549424171447754,
                0.18438087403774261
            ],
            "name": "google_Paul_Frank_Dot_Lunch_Box_3",
            "projected_cuboid": [
                [
                    482.8125834465027,
                    -53.483545780181885
                ],
                [
                    439.4803047180176,
                    -43.11928153038025
                ],
                [
                    524.8432159423828,
                    65.16216695308685
                ],
                [
                    573.297381401062,
                    67.9534524679184
                ],
                [
                    350.10117292404175,
                    102.12981700897217
                ],
                [
                    322.21055030822754,
                    95.45624256134033
                ],
                [
                    416.0119891166687,
                    188.73471021652222
                ],
                [
                    451.3375759124756,
                    204.89110052585602
                ],
                [
                    445.46008110046387,
                    81.95608854293823
                ]
            ],
            "provenance": "visii",
            "quaternion_xyzw": [
                -0.48499375581741333,
                -0.2652111053466797,
                0.32472509145736694,
                0.767461895942688
            ],
            "quaternion_xyzw_world": [
                -0.15373405814170837,
                -0.43620216846466064,
                -0.596470832824707,
                0.6559848189353943
            ],
            "segmentation_id": 4,
            "visibility": 1
        },
        {
            "bounding_box_minx_maxx_miny_maxy": [
                309,
                396,
                227,
                307
            ],
            "class": "Toys",
            "local_cuboid": null,
            "local_to_world_matrix": [
                [
                    -0.2975395917892456,
                    0.8485411405563354,
                    -0.4375479221343994,
                    0.0
                ],
                [
                    0.7454030513763428,
                    0.49283504486083984,
                    0.44887399673461914,
                    0.0
                ],
                [
                    0.5965269804000854,
                    -0.19259177148342133,
                    -0.7791430950164795,
                    0.0
                ],
                [
                    1.0349265336990356,
                    -0.1681308001279831,
                    0.025606563314795494,
                    1.0
                ]
            ],
            "location": [
                0.1681308001279831,
                0.025606563314795494,
                -1.0349265336990356
            ],
            "location_world": [
                1.0349265336990356,
                -0.1681308001279831,
                0.025606563314795494
            ],
            "name": "google_Toys_R_Us_Treat_Dispenser_Smart_Puzzle_Foobler_4",
            "projected_cuboid": [
                [
                    348.07056188583374,
                    343.6429798603058
                ],
                [
                    298.9406883716583,
                    298.46853017807007
                ],
                [
                    286.4481210708618,
                    235.12780666351318
                ],
                [
                    338.788241147995,
                    277.02200412750244
                ],
                [
                    416.49261116981506,
                    302.28233337402344
                ],
                [
                    362.7327084541321,
                    262.7628445625305
                ],
                [
                    355.99175095558167,
                    199.10596311092377
                ],
                [
                    413.8972759246826,
                    234.9424958229065
                ],
                [
                    352.1580100059509,
                    269.0601944923401
                ]
            ],
            "provenance": "visii",
            "quaternion_xyzw": [
                -0.2734556198120117,
                0.8505795001983643,
                -0.44809043407440186,
                -0.030845973640680313
            ],
            "quaternion_xyzw_world": [
                0.4971841871738434,
                0.8014857769012451,
                0.07993973046541214,
                0.32254937291145325
            ],
            "segmentation_id": 5,
            "visibility": 1
        },
        {
            "bounding_box_minx_maxx_miny_maxy": [
                -1,
                -1,
                -1,
                -1
            ],
            "class": "Tag",
            "local_cuboid": null,
            "local_to_world_matrix": [
                [
                    -0.03351294994354248,
                    0.24131938815116882,
                    -0.969866931438446,
                    0.0
                ],
                [
                    -0.993939995765686,
                    0.09360241889953613,
                    0.05763468146324158,
                    0.0
                ],
                [
                    0.10469025373458862,
                    0.9659210443496704,
                    0.23672014474868774,
                    0.0
                ],
                [
                    1.8731317520141602,
                    -0.5311171412467957,
                    0.565703272819519,
                    1.0
                ]
            ],
            "location": [
                0.5311171412467957,
                0.565703272819519,
                -1.8731317520141602
            ],
            "location_world": [
                1.8731317520141602,
                -0.5311171412467957,
                0.565703272819519
            ],
            "name": "google_Tag_Dishtowel_Basket_Weave_Red_18_x_26_5",
            "projected_cuboid": [
                [
                    397.9777991771698,
                    102.97289490699768
                ],
                [
                    409.9831283092499,
                    78.9957046508789
                ],
                [
                    421.8966066837311,
                    81.47822320461273
                ],
                [
                    408.48004817962646,
                    105.20994663238525
                ],
                [
                    409.9992513656616,
                    53.376421332359314
                ],
                [
                    423.5440790653229,
                    22.96498417854309
                ],
                [
                    435.44700741767883,
                    25.32324194908142
                ],
                [
                    420.4934239387512,
                    55.516213178634644
                ],
                [
                    415.5656695365906,
                    66.52447581291199
                ]
            ],
            "provenance": "visii",
            "quaternion_xyzw": [
                -0.4488140344619751,
                0.5923775434494019,
                0.5193732976913452,
                -0.42178934812545776
            ],
            "quaternion_xyzw_world": [
                -0.3987995982170105,
                0.47180378437042236,
                0.5423630475997925,
                0.5693877339363098
            ],
            "segmentation_id": 6,
            "visibility": 0
        },
        {
            "bounding_box_minx_maxx_miny_maxy": [
                158,
                219,
                1,
                73
            ],
            "class": "FRACTION",
            "local_cuboid": null,
            "local_to_world_matrix": [
                [
                    0.725907564163208,
                    0.236830934882164,
                    0.6457316875457764,
                    0.0
                ],
                [
                    0.345623254776001,
                    0.6860941648483276,
                    -0.640171468257904,
                    0.0
                ],
                [
                    -0.5946451425552368,
                    0.6878852248191833,
                    0.41618669033050537,
                    0.0
                ],
                [
                    1.4437576532363892,
                    0.14331896603107452,
                    0.5224900245666504,
                    1.0
                ]
            ],
            "location": [
                -0.14331896603107452,
                0.5224900245666504,
                -1.4437576532363892
            ],
            "location_world": [
                1.4437576532363892,
                0.14331896603107452,
                0.5224900245666504
            ],
            "name": "google_FRACTION_FUN_n4h4qte23QR_6",
            "projected_cuboid": [
                [
                    196.1294561624527,
                    -24.05446767807007
                ],
                [
                    146.721750497818,
                    36.05020046234131
                ],
                [
                    160.27283668518066,
                    46.809837222099304
                ],
                [
                    209.40886437892914,
                    -11.756539344787598
                ],
                [
                    209.89517867565155,
                    1.239866018295288
                ],
                [
                    155.30790388584137,
                    65.66372513771057
                ],
                [
                    169.92045938968658,
                    76.84609293937683
                ],
                [
                    224.16181862354279,
                    14.20968770980835
                ],
                [
                    183.18875133991241,
                    25.76535940170288
                ]
            ],
            "provenance": "visii",
            "quaternion_xyzw": [
                -0.4496375620365143,
                0.0224418006837368,
                0.7860738039016724,
                0.42356908321380615
            ],
            "quaternion_xyzw_world": [
                -0.3948502242565155,
                -0.3687817454338074,
                -0.03234551101922989,
                0.8408610820770264
            ],
            "segmentation_id": 7,
            "visibility": 1
        },
        {
            "bounding_box_minx_maxx_miny_maxy": [
                278,
                331,
                241,
                329
            ],
            "class": "FAIRY",
            "local_cuboid": null,
            "local_to_world_matrix": [
                [
                    -0.622169017791748,
                    0.20625144243240356,
                    0.7552257776260376,
                    0.0
                ],
                [
                    0.5686349868774414,
                    0.7821137309074402,
                    0.25485754013061523,
                    0.0
                ],
                [
                    -0.5381077527999878,
                    0.5880122780799866,
                    -0.603888750076294,
                    0.0
                ],
                [
                    1.7876605987548828,
                    -0.2797866761684418,
                    -0.07703956216573715,
                    1.0
                ]
            ],
            "location": [
                0.2797866761684418,
                -0.07703956216573715,
                -1.7876605987548828
            ],
            "location_world": [
                1.7876605987548828,
                -0.2797866761684418,
                -0.07703956216573715
            ],
            "name": "google_FAIRY_TALE_BLOCKS_7",
            "projected_cuboid": [
                [
                    340.2710556983948,
                    310.3509247303009
                ],
                [
                    256.98140263557434,
                    280.4110050201416
                ],
                [
                    300.85691809654236,
                    232.82398283481598
                ],
                [
                    382.07492232322693,
                    256.1782896518707
                ],
                [
                    350.41099786758423,
                    372.4300265312195
                ],
                [
                    273.3355462551117,
                    339.8839235305786
                ],
                [
                    312.7128481864929,
                    292.3966646194458
                ],
                [
                    387.93325424194336,
                    318.75795125961304
                ],
                [
                    324.7971534729004,
                    300.26963353157043
                ]
            ],
            "provenance": "visii",
            "quaternion_xyzw": [
                -0.013993501663208008,
                0.4803647994995117,
                -0.6102257370948792,
                -0.629824161529541
            ],
            "quaternion_xyzw_world": [
                0.22338642179965973,
                0.8672040700912476,
                0.2429848611354828,
                -0.3728457987308502
            ],
            "segmentation_id": 8,
            "visibility": 1
        },
        {
            "bounding_box_minx_maxx_miny_maxy": [
                421,
                499,
                415,
                482
            ],
            "class": "Great",
            "local_cuboid": null,
            "local_to_world_matrix": [
                [
                    0.4198921322822571,
                    0.4058554172515869,
                    0.8117709159851074,
                    0.0
                ],
                [
                    0.8591771125793457,
                    0.11042392253875732,
                    -0.49962112307548523,
                    0.0
                ],
                [
                    -0.2924128770828247,
                    0.907241940498352,
                    -0.3023355007171631,
                    0.0
                ],
                [
                    1.1982945203781128,
                    -0.4869254231452942,
                    -0.3893503248691559,
                    1.0
                ]
            ],
            "location": [
                0.4869254231452942,
                -0.3893503248691559,
                -1.1982945203781128
            ],
            "location_world": [
                1.1982945203781128,
                -0.4869254231452942,
                -0.3893503248691559
            ],
            "name": "google_Great_Jones_Wingtip_kAqSg6EgG0I_8",
            "projected_cuboid": [
                [
                    466.6374921798706,
                    422.10179567337036
                ],
                [
                    406.9942235946655,
                    458.36347341537476
                ],
                [
                    449.08425211906433,
                    437.94161081314087
                ],
                [
                    517.2785520553589,
                    397.7549076080322
                ],
                [
                    503.72421741485596,
                    484.17186737060547
                ],
                [
                    434.10342931747437,
                    508.71741771698
                ],
                [
                    477.00661420822144,
                    486.287385225296
                ],
                [
                    555.4528832435608,
                    456.7490816116333
                ],
                [
                    472.380667924881,
                    457.6524496078491
                ]
            ],
            "provenance": "visii",
            "quaternion_xyzw": [
                -0.4475916028022766,
                -0.3917337954044342,
                0.7412639856338501,
                0.3110210597515106
            ],
            "quaternion_xyzw_world": [
                -0.6347841620445251,
                -0.49821364879608154,
                -0.2045411914587021,
                0.5540714263916016
            ],
            "segmentation_id": 9,
            "visibility": 1
        },
        {
            "bounding_box_minx_maxx_miny_maxy": [
                385,
                443,
                285,
                358
            ],
            "class": "Ecoforms",
            "local_cuboid": null,
            "local_to_world_matrix": [
                [
                    0.25413089990615845,
                    -0.12991951406002045,
                    -0.9584041833877563,
                    0.0
                ],
                [
                    0.5765160322189331,
                    0.815992534160614,
                    0.04225483536720276,
                    0.0
                ],
                [
                    0.77656090259552,
                    -0.563273549079895,
                    0.28226959705352783,
                    0.0
                ],
                [
                    1.756858468055725,
                    -0.4354211688041687,
                    -0.2493685781955719,
                    1.0
                ]
            ],
            "location": [
                0.4354211688041687,
                -0.2493685781955719,
                -1.756858468055725
            ],
            "location_world": [
                1.756858468055725,
                -0.4354211688041687,
                -0.2493685781955719
            ],
            "name": "google_Ecoforms_Plant_Container_Quadra_Sand_QP6_9",
            "projected_cuboid": [
                [
                    451.5841603279114,
                    346.5114235877991
                ],
                [
                    392.7363455295563,
                    338.66679668426514
                ],
                [
                    371.70323729515076,
                    360.62684655189514
                ],
                [
                    433.67695808410645,
                    370.4606890678406
                ],
                [
                    448.7231373786926,
                    288.2142663002014
                ],
                [
                    388.55481147766113,
                    283.5029363632202
                ],
                [
                    366.64631962776184,
                    302.018404006958
                ],
                [
                    430.0764799118042,
                    308.30684304237366
                ],
                [
                    409.9266529083252,
                    324.68995451927185
                ]
            ],
            "provenance": "visii",
            "quaternion_xyzw": [
                -0.6826832294464111,
                0.6497876644134521,
                -0.11320865154266357,
                0.31448906660079956
            ],
            "quaternion_xyzw_world": [
                0.19740110635757446,
                0.565595269203186,
                -0.23029662668704987,
                0.766875684261322
            ],
            "segmentation_id": 10,
            "visibility": 1
        },
        {
            "bounding_box_minx_maxx_miny_maxy": [
                -1,
                -1,
                -1,
                -1
            ],
            "class": "ReadytoUse",
            "local_cuboid": null,
            "local_to_world_matrix": [
                [
                    0.40472859144210815,
                    -0.8646157383918762,
                    0.29771512746810913,
                    0.0
                ],
                [
                    0.8715248703956604,
                    0.26615577936172485,
                    -0.4118317663669586,
                    0.0
                ],
                [
                    0.27683764696121216,
                    0.4261462390422821,
                    0.8612550497055054,
                    0.0
                ],
                [
                    0.9807085394859314,
                    0.01951274462044239,
                    -0.6683705449104309,
                    1.0
                ]
            ],
            "location": [
                -0.01951274462044239,
                -0.6683705449104309,
                -0.9807085394859314
            ],
            "location_world": [
                0.9807085394859314,
                0.01951274462044239,
                -0.6683705449104309
            ],
            "name": "google_ReadytoUse_Rolled_Fondant_Pure_White_24_oz_box_10",
            "projected_cuboid": [
                [
                    231.0010939836502,
                    539.8783683776855
                ],
                [
                    224.40679371356964,
                    539.6919250488281
                ],
                [
                    265.49679040908813,
                    638.2637023925781
                ],
                [
                    274.1921544075012,
                    642.7484750747681
                ],
                [
                    165.33821821212769,
                    576.7080783843994
                ],
                [
                    161.17189824581146,
                    574.9729871749878
                ],
                [
                    201.31146907806396,
                    680.1968216896057
                ],
                [
                    207.52471685409546,
                    686.8388652801514
                ],
                [
                    216.54905378818512,
                    608.181357383728
                ]
            ],
            "provenance": "visii",
            "quaternion_xyzw": [
                -0.7989501357078552,
                -0.009875267744064331,
                0.25998955965042114,
                0.5422053337097168
            ],
            "quaternion_xyzw_world": [
                -0.26330482959747314,
                -0.006560011766850948,
                -0.545520544052124,
                0.7956348657608032
            ],
            "segmentation_id": 11,
            "visibility": 0
        },
        {
            "bounding_box_minx_maxx_miny_maxy": [
                -1,
                -1,
                -1,
                -1
            ],
            "class": "Dog",
            "local_cuboid": null,
            "local_to_world_matrix": [
                [
                    0.9133059978485107,
                    0.2127743363380432,
                    -0.3472740054130554,
                    0.0
                ],
                [
                    -0.3651007413864136,
                    0.8055956959724426,
                    -0.46660152077674866,
                    0.0
                ],
                [
                    0.18048161268234253,
                    0.5529399514198303,
                    0.8134394884109497,
                    0.0
                ],
                [
                    0.8982954621315002,
                    0.5593352317810059,
                    0.48266538977622986,
                    1.0
                ]
            ],
            "location": [
                -0.5593352317810059,
                0.48266538977622986,
                -0.8982954621315002
            ],
            "location_world": [
                0.8982954621315002,
                0.5593352317810059,
                0.48266538977622986
            ],
            "name": "google_Dog_11",
            "projected_cuboid": [
                [
                    -97.83074259757996,
                    -112.75255680084229
                ],
                [
                    -211.0387682914734,
                    -85.21226048469543
                ],
                [
                    -159.69613194465637,
                    3.007069230079651
                ],
                [
                    -45.928508043289185,
                    -31.248748302459717
                ],
                [
                    -148.6290693283081,
                    -257.9372525215149
                ],
                [
                    -296.2923049926758,
                    -235.45894026756287
                ],
                [
                    -234.67537760734558,
                    -129.76372241973877
                ],
                [
                    -85.65637469291687,
                    -161.88916563987732
                ],
                [
                    -154.48790788650513,
                    -119.79562044143677
                ]
            ],
            "provenance": "visii",
            "quaternion_xyzw": [
                -0.5988132357597351,
                0.48131445050239563,
                0.6121467351913452,
                0.18717804551124573
            ],
            "quaternion_xyzw_world": [
                -0.2712336778640747,
                0.1404014378786087,
                0.1537349671125412,
                0.9397261738777161
            ],
            "segmentation_id": 12,
            "visibility": 0
        },
        {
            "bounding_box_minx_maxx_miny_maxy": [
                -1,
                -1,
                -1,
                -1
            ],
            "class": "Black",
            "local_cuboid": null,
            "local_to_world_matrix": [
                [
                    0.11530935764312744,
                    -0.6994795203208923,
                    0.7052887082099915,
                    0.0
                ],
                [
                    -0.6537755131721497,
                    -0.5880005359649658,
                    -0.4762699007987976,
                    0.0
                ],
                [
                    0.7478510737419128,
                    -0.40618211030960083,
                    -0.5251046419143677,
                    0.0
                ],
                [
                    0.7126424312591553,
                    -0.5527403950691223,
                    -0.5500502586364746,
                    1.0
                ]
            ],
            "location": [
                0.5527403950691223,
                -0.5500502586364746,
                -0.7126424312591553
            ],
            "location_world": [
                0.7126424312591553,
                -0.5527403950691223,
                -0.5500502586364746
            ],
            "name": "google_Black_Elderberry_Syrup_54_oz_Gaia_Herbs_12",
            "projected_cuboid": [
                [
                    689.3896460533142,
                    673.4946370124817
                ],
                [
                    736.5161776542664,
                    714.909553527832
                ],
                [
                    761.2385153770447,
                    721.3155031204224
                ],
                [
                    705.8577537536621,
                    673.4516024589539
                ],
                [
                    664.0373468399048,
                    705.8762907981873
                ],
                [
                    710.326075553894,
                    749.1992712020874
                ],
                [
                    731.1657667160034,
                    761.0588073730469
                ],
                [
                    676.8786907196045,
                    710.6552720069885
                ],
                [
                    708.1841230392456,
                    712.8884792327881
                ]
            ],
            "provenance": "visii",
            "quaternion_xyzw": [
                0.8549269437789917,
                0.37818703055381775,
                0.08505776524543762,
                0.34473124146461487
            ],
            "quaternion_xyzw_world": [
                0.7463937401771545,
                -0.4532644748687744,
                0.4867202639579773,
                -0.02347547560930252
            ],
            "segmentation_id": 13,
            "visibility": 0
        },
        {
            "bounding_box_minx_maxx_miny_maxy": [
                286,
                320,
                27,
                83
            ],
            "class": "Razer",
            "local_cuboid": null,
