{
    "camera_data": {
        "camera_look_at": {
            "at": [
                1.0,
                0.0,
                0.0
            ],
            "eye": [
                0.0,
                0.0,
                0.0
            ],
            "up": [
                0.0,
                0.0,
                1.0
            ]
        },
        "camera_view_matrix": [
            [
                0.0,
                0.0,
                -1.0,
                0.0
            ],
            [
                -1.0,
                0.0,
                0.0,
                0.0
            ],
            [
                0.0,
                1.0,
                0.0,
                0.0
            ],
            [
                0.0,
                0.0,
                0.0,
                1.0
            ]
        ],
        "height": 500,
        "intrinsics": {
            "cx": 250.0,
            "cy": 250.0,
            "fx": 603.5535278320312,
            "fy": 603.5535278320312
        },
        "location_world": [
            0.0,
            0.0,
            0.0
        ],
        "quaternion_world_xyzw": [
            0.5,
            -0.5,
            -0.5,
            0.5
        ],
        "width": 500
    },
    "objects": [
        {
            "bounding_box_minx_maxx_miny_maxy": [
                340,
                442,
                1,
                87
            ],
            "class": "Reebok",
            "local_cuboid": null,
            "local_to_world_matrix": [
                [
                    0.5466903448104858,
                    0.8275132179260254,
                    -0.12787340581417084,
                    0.0
                ],
                [
                    -0.6146318912506104,
                    0.29287147521972656,
                    -0.7324302196502686,
                    0.0
                ],
                [
                    -0.5686451196670532,
                    0.4790076017379761,
                    0.6687259674072266,
                    0.0
                ],
                [
                    0.891865611076355,
                    -0.2275971621274948,
                    0.3223406970500946,
                    1.0
                ]
            ],
            "location": [
                0.2275971621274948,
                0.3223406970500946,
                -0.891865611076355
            ],
            "location_world": [
                0.891865611076355,
                -0.2275971621274948,
                0.3223406970500946
            ],
            "name": "google_Reebok_SOMERSET_RUN_0",
            "projected_cuboid": [
                [
                    357.22699761390686,
                    -68.70394945144653
                ],
                [
                    314.92024660110474,
                    25.243625044822693
                ],
                [
                    350.0748574733734,
                    99.32190179824829
                ],
                [
                    383.37987661361694,
                    -1.6583800315856934
                ],
                [
                    428.39616537094116,
                    -100.76582431793213
                ],
                [
                    400.5417227745056,
                    -6.776154041290283
                ],
                [
                    431.1790466308594,
                    75.97045600414276
                ],
                [
                    451.30541920661926,
                    -27.144700288772583
                ],
                [
                    390.42431116104126,
                    -3.759056329727173
                ]
            ],
            "provenance": "visii",
            "quaternion_xyzw": [
                -0.2899447977542877,
                0.36278021335601807,
                0.8843908309936523,
                0.046641722321510315
            ],
            "quaternion_xyzw_world": [
                -0.38245683908462524,
                -0.13915379345417023,
                0.4552922546863556,
                0.7918787598609924
            ],
            "segmentation_id": 1,
            "visibility": 1
        },
        {
            "bounding_box_minx_maxx_miny_maxy": [
                -1,
                -1,
                -1,
                -1
            ],
            "class": "Breyer",
            "local_cuboid": null,
            "local_to_world_matrix": [
                [
                    -0.3715524673461914,
                    -0.6101041436195374,
                    -0.6998016238212585,
                    0.0
                ],
                [
                    0.343899130821228,
                    -0.7905864715576172,
                    0.5066628456115723,
                    0.0
                ],
                [
                    -0.8623704314231873,
                    -0.05240941047668457,
                    0.5035580396652222,
                    0.0
                ],
                [
                    0.2233465313911438,
                    0.13264372944831848,
                    -0.26677027344703674,
                    1.0
                ]
            ],
            "location": [
                -0.13264372944831848,
                -0.26677027344703674,
                -0.2233465313911438
            ],
            "location_world": [
                0.2233465313911438,
                0.13264372944831848,
                -0.26677027344703674
            ],
            "name": "google_Breyer_Horse_Of_The_Year_2015_1",
            "projected_cuboid": [
                [
                    -820.3777074813843,
                    4521.109580993652
                ],
                [
                    -5.412578582763672,
                    2810.0903034210205
                ],
                [
                    145.12953162193298,
                    1290.6718254089355
                ],
                [
                    -26.91894769668579,
                    1513.1584405899048
                ],
                [
                    -766.262412071228,
                    831.5439224243164
                ],
                [
                    -438.97730112075806,
                    631.2933564186096
                ],
                [
                    -128.81505489349365,
                    617.5684928894043
                ],
                [
                    -264.6567225456238,
                    714.2230272293091
                ],
                [
                    -215.84731340408325,
                    1108.8240146636963
                ]
            ],
            "provenance": "visii",
            "quaternion_xyzw": [
                0.24549497663974762,
                0.09245064854621887,
                0.43174171447753906,
                -0.863008975982666
            ],
            "quaternion_xyzw_world": [
                -0.4784025251865387,
                0.13911142945289612,
                0.816348135471344,
                -0.29215577244758606
            ],
            "segmentation_id": 2,
            "visibility": 0
        },
        {
            "bounding_box_minx_maxx_miny_maxy": [
                181,
                356,
                2,
                126
            ],
            "class": "Smith",
            "local_cuboid": null,
            "local_to_world_matrix": [
                [
                    0.9508041143417358,
                    -0.3072529435157776,
                    -0.03958696871995926,
                    0.0
                ],
                [
                    -0.14693887531757355,
                    -0.559779167175293,
                    0.8155103325843811,
                    0.0
                ],
                [
                    -0.2727278470993042,
                    -0.7695737481117249,
                    -0.5773876905441284,
                    0.0
                ],
                [
                    1.388467788696289,
                    0.05624505504965782,
                    0.46854910254478455,
                    1.0
                ]
            ],
            "location": [
                -0.05624505504965782,
                0.46854910254478455,
                -1.388467788696289
            ],
            "location_world": [
                1.388467788696289,
                0.05624505504965782,
                0.46854910254478455
            ],
            "name": "google_Smith_Hawken_Woven_BasketTray_Organizer_with_3_Compartments_95_x_9_x_13_2",
            "projected_cuboid": [
                [
                    303.22614312171936,
                    170.02487182617188
                ],
                [
                    363.849401473999,
                    81.64350688457489
                ],
                [
                    277.4529755115509,
                    28.89004349708557
                ],
                [
                    221.71305119991302,
                    114.43327367305756
                ],
                [
                    261.3992989063263,
                    139.0249729156494
                ],
                [
                    339.09785747528076,
                    22.657066583633423
                ],
                [
                    229.48715090751648,
                    -41.587620973587036
                ],
                [
                    159.74962711334229,
                    69.846972823143
                ],
                [
                    270.549476146698,
                    76.25095546245575
                ]
            ],
            "provenance": "visii",
            "quaternion_xyzw": [
                0.2339952141046524,
                0.5557719469070435,
                -0.19362644851207733,
                0.7738686800003052
            ],
            "quaternion_xyzw_world": [
                0.8786311745643616,
                -0.12923279404640198,
                -0.0888640284538269,
                0.45100951194763184
            ],
            "segmentation_id": 3,
            "visibility": 1
        },
        {
            "bounding_box_minx_maxx_miny_maxy": [
                399,
                456,
                218,
                244
            ],
            "class": "Paul",
            "local_cuboid": null,
            "local_to_world_matrix": [
                [
                    -0.7824442386627197,
                    -0.6059820055961609,
                    0.14341117441654205,
                    0.0
                ],
                [
                    0.6121447682380676,
                    -0.7062176465988159,
                    0.355718195438385,
                    0.0
                ],
                [
                    -0.11427930742502213,
                    0.36611807346343994,
                    0.9235246777534485,
                    0.0
                ],
                [
                    0.9236357808113098,
                    -0.23641540110111237,
                    -0.044950757175683975,
                    1.0
                ]
            ],
            "location": [
                0.23641540110111237,
                -0.044950757175683975,
                -0.9236357808113098
            ],
            "location_world": [
                0.9236357808113098,
                -0.23641540110111237,
                -0.044950757175683975
            ],
            "name": "google_Paul_Frank_Dot_Lunch_Box_3",
            "projected_cuboid": [
                [
                    403.5215675830841,
                    115.86105823516846
                ],
                [
                    446.8958377838135,
                    98.55344891548157
                ],
                [
                    500.86820125579834,
                    254.83906269073486
                ],
                [
                    463.48464488983154,
                    284.67994928359985
                ],
                [
                    271.13547921180725,
                    168.04349422454834
                ],
                [
                    314.3218755722046,
                    150.8520245552063
                ],
                [
                    361.11152172088623,
                    275.4208743572235
                ],
                [
                    322.18998670578003,
                    300.4385232925415
                ],
                [
                    378.8365125656128,
                    208.73412489891052
                ]
            ],
            "provenance": "visii",
            "quaternion_xyzw": [
                0.5329129099845886,
                0.3985777497291565,
                0.1953068971633911,
                -0.7204129695892334
            ],
            "quaternion_xyzw_world": [
                0.00788536760956049,
                0.19538548588752747,
                0.9236052632331848,
                -0.3297206163406372
            ],
            "segmentation_id": 4,
            "visibility": 1
        },
        {
            "bounding_box_minx_maxx_miny_maxy": [
                -1,
                -1,
                -1,
                -1
            ],
            "class": "Toys",
            "local_cuboid": null,
            "local_to_world_matrix": [
                [
                    -0.18812072277069092,
                    0.6508751511573792,
                    0.7355080246925354,
                    0.0
                ],
                [
                    0.9772769808769226,
                    0.1985265016555786,
                    0.07427540421485901,
                    0.0
                ],
                [
                    -0.09767383337020874,
                    0.7327678203582764,
                    -0.6734323501586914,
                    0.0
                ],
                [
                    0.5652638673782349,
                    -0.3530038297176361,
                    0.430101603269577,
                    1.0
                ]
            ],
            "location": [
                0.3530038297176361,
                0.430101603269577,
                -0.5652638673782349
            ],
            "location_world": [
                0.5652638673782349,
                -0.3530038297176361,
                0.430101603269577
            ],
            "name": "google_Toys_R_Us_Treat_Dispenser_Smart_Puzzle_Foobler_4",
            "projected_cuboid": [
                [
                    519.352912902832,
                    -245.32771110534668
                ],
                [
                    422.85674810409546,
                    -134.67663526535034
                ],
                [
                    527.1465182304382,
                    -225.1141369342804
                ],
                [
                    653.5877585411072,
                    -360.8825206756592
                ],
                [
                    627.4746656417847,
                    -75.6089985370636
                ],
                [
                    509.95874404907227,
                    -9.87255573272705
                ],
                [
                    607.6213717460632,
                    -99.14731979370117
                ],
                [
                    750.7554888725281,
                    -189.53993916511536
                ],
                [
                    571.1820721626282,
                    -159.4940423965454
                ]
            ],
            "provenance": "visii",
            "quaternion_xyzw": [
                0.21046113967895508,
                0.6378629803657532,
                -0.6469686031341553,
                -0.3609272837638855
            ],
            "quaternion_xyzw_world": [
                0.567182719707489,
                0.7176488637924194,
                0.28114140033721924,
                -0.2902470529079437
            ],
            "segmentation_id": 5,
            "visibility": 0
        },
        {
            "bounding_box_minx_maxx_miny_maxy": [
                421,
                481,
                1,
                44
            ],
            "class": "Tag",
            "local_cuboid": null,
            "local_to_world_matrix": [
                [
                    -0.07621371746063232,
                    0.9529832601547241,
                    0.2932818531990051,
                    0.0
                ],
                [
                    -0.7271139621734619,
                    0.1481482982635498,
                    -0.6703411936759949,
                    0.0
                ],
                [
                    -0.6822732090950012,
                    -0.26433855295181274,
                    0.6816365718841553,
                    0.0
                ],
                [
                    1.337164044380188,
                    -0.4151020348072052,
                    0.5176641345024109,
                    1.0
                ]
            ],
            "location": [
                0.4151020348072052,
                0.5176641345024109,
                -1.337164044380188
            ],
            "location_world": [
                1.337164044380188,
                -0.4151020348072052,
                0.5176641345024109
            ],
            "name": "google_Tag_Dishtowel_Basket_Weave_Red_18_x_26_5",
            "projected_cuboid": [
                [
                    406.34995698928833,
                    -29.51502799987793
                ],
                [
                    410.9765291213989,
                    8.86969268321991
                ],
                [
                    403.44178676605225,
                    24.979054927825928
                ],
                [
                    399.7947871685028,
                    -14.689028263092041
                ],
                [
                    474.72232580184937,
                    -5.442291498184204
                ],
                [
                    488.67809772491455,
                    35.84040701389313
                ],
                [
                    479.75361347198486,
                    51.27406120300293
                ],
                [
                    467.08863973617554,
                    8.84808599948883
                ],
                [
                    441.2151277065277,
                    8.858010172843933
                ]
            ],
            "provenance": "visii",
            "quaternion_xyzw": [
                0.09365452826023102,
                0.38741737604141235,
                0.9090651869773865,
                0.1213967502117157
            ],
            "quaternion_xyzw_world": [
                -0.1532982438802719,
                -0.36834952235221863,
                0.6343701481819153,
                0.6621123552322388
            ],
            "segmentation_id": 6,
            "visibility": 1
        },
        {
            "bounding_box_minx_maxx_miny_maxy": [
                -1,
                -1,
                -1,
                -1
            ],
            "class": "FRACTION",
            "local_cuboid": null,
            "local_to_world_matrix": [
                [
                    -0.609371542930603,
                    -0.5298241972923279,
                    -0.5898751020431519,
                    0.0
                ],
                [
                    0.7702270150184631,
                    -0.2189791202545166,
                    -0.598997950553894,
                    0.0
                ],
                [
                    0.18819323182106018,
                    -0.819350004196167,
                    0.5415245294570923,
                    0.0
                ],
                [
                    0.6979623436927795,
                    -0.5577066540718079,
                    0.20898020267486572,
                    1.0
                ]
            ],
            "location": [
                0.5577066540718079,
                0.20898020267486572,
                -0.6979623436927795
            ],
            "location_world": [
                0.6979623436927795,
                -0.5577066540718079,
                0.20898020267486572
            ],
            "name": "google_FRACTION_FUN_n4h4qte23QR_6",
            "projected_cuboid": [
                [
                    894.3695425987244,
                    2.6882439851760864
                ],
                [
                    799.4610667228699,
                    146.5614140033722
                ],
                [
                    775.5907773971558,
                    165.32067954540253
                ],
                [
                    865.7851815223694,
                    24.15362000465393
                ],
                [
                    712.6381993293762,
                    -49.68464374542236
                ],
                [
                    661.7043018341064,
                    84.90394055843353
                ],
                [
                    639.5484209060669,
                    100.61703622341156
                ],
                [
                    686.3439679145813,
                    -32.232433557510376
                ],
                [
                    744.8023557662964,
                    60.167551040649414
                ]
            ],
            "provenance": "visii",
            "quaternion_xyzw": [
                0.7610872387886047,
                -0.12183094024658203,
                0.46930280327796936,
                -0.4308808147907257
            ],
            "quaternion_xyzw_world": [
                -0.130463644862175,
                -0.4606701135635376,
                0.7697199583053589,
                -0.42224812507629395
            ],
            "segmentation_id": 7,
            "visibility": 0
        },
        {
            "bounding_box_minx_maxx_miny_maxy": [
                -1,
                -1,
                -1,
                -1
            ],
            "class": "FAIRY",
            "local_cuboid": null,
            "local_to_world_matrix": [
                [
                    -0.27378392219543457,
                    -0.9538119435310364,
                    -0.12363328039646149,
                    0.0
                ],
                [
                    -0.8683300614356995,
                    0.3004035949707031,
                    -0.3946652412414551,
                    0.0
                ],
                [
                    0.41357630491256714,
                    -0.0006984919309616089,
                    -0.9104692935943604,
                    0.0
                ],
                [
                    1.8593484163284302,
                    -0.3007583022117615,
                    0.1492908000946045,
                    1.0
                ]
            ],
            "location": [
                0.3007583022117615,
                0.1492908000946045,
                -1.8593484163284302
            ],
            "location_world": [
                1.8593484163284302,
                -0.3007583022117615,
                0.1492908000946045
            ],
            "name": "google_FAIRY_TALE_BLOCKS_7",
            "projected_cuboid": [
                [
                    386.4545524120331,
                    255.02824783325195
                ],
                [
                    377.2169351577759,
                    290.69650173187256
                ],
                [
                    384.0256929397583,
                    221.20416164398193
                ],
                [
                    392.89504289627075,
                    192.0822560787201
                ],
                [
                    314.16240334510803,
                    246.06642127037048
                ],
                [
                    296.3639199733734,
                    279.3385982513428
                ],
                [
                    298.71708154678345,
                    211.90734207630157
                ],
                [
                    317.06371903419495,
                    184.8343312740326
                ],
                [
                    345.5168604850769,
                    234.908327460289
                ]
            ],
            "provenance": "visii",
            "quaternion_xyzw": [
                -0.830971360206604,
                0.1275726556777954,
                -0.08257877826690674,
                -0.5351566076278687
            ],
            "quaternion_xyzw_world": [
                -0.5779882669448853,
                0.7881397008895874,
                -0.12541042268276215,
                0.17040430009365082
            ],
            "segmentation_id": 8,
            "visibility": 0
        },
        {
            "bounding_box_minx_maxx_miny_maxy": [
                -1,
                -1,
                -1,
                -1
            ],
            "class": "Great",
            "local_cuboid": null,
            "local_to_world_matrix": [
                [
                    -0.025853991508483887,
                    0.4628797173500061,
                    0.8860440254211426,
                    0.0
                ],
                [
                    -0.8495432734489441,
                    -0.4773290157318115,
                    0.22457337379455566,
                    0.0
                ],
                [
                    0.5268850326538086,
                    -0.7469266057014465,
                    0.40557724237442017,
                    0.0
                ],
                [
                    0.9340577125549316,
                    -0.3263145685195923,
                    -0.5449051856994629,
                    1.0
                ]
            ],
            "location": [
                0.3263145685195923,
                -0.5449051856994629,
                -0.9340577125549316
            ],
            "location_world": [
                0.9340577125549316,
                -0.3263145685195923,
                -0.5449051856994629
            ],
            "name": "google_Great_Jones_Wingtip_kAqSg6EgG0I_8",
            "projected_cuboid": [
                [
                    416.8454706668854,
                    509.94187593460083
                ],
                [
                    572.7851390838623,
                    540.8840179443359
                ],
                [
                    532.877504825592,
                    597.4675416946411
                ],
                [
                    378.0956566333771,
                    550.7038831710815
                ],
                [
                    443.9711570739746,
                    562.0174407958984
                ],
                [
                    607.723593711853,
                    608.8529825210571
                ],
                [
                    570.5662965774536,
                    670.3063249588013
                ],
                [
                    406.84768557548523,
                    605.5915355682373
                ],
                [
                    480.8650612831116,
                    576.7284035682678
                ]
            ],
            "provenance": "visii",
            "quaternion_xyzw": [
                0.45810261368751526,
                0.744032621383667,
                0.4217289686203003,
                0.24228525161743164
            ],
            "quaternion_xyzw_world": [
                0.5113457441329956,
                -0.1890421360731125,
                0.6907894611358643,
                0.4749721586704254
            ],
            "segmentation_id": 9,
            "visibility": 0
        },
        {
            "bounding_box_minx_maxx_miny_maxy": [
                39,
                102,
                329,
                409
            ],
            "class": "Ecoforms",
            "local_cuboid": null,
            "local_to_world_matrix": [
                [
                    0.039781272411346436,
                    0.9129793047904968,
                    0.40606173872947693,
                    0.0
                ],
                [
                    -0.8897748589515686,
                    -0.15254628658294678,
                    0.4301512837409973,
                    0.0
                ],
                [
                    0.4546624720096588,
                    -0.3784155249595642,
                    0.8062776923179626,
                    0.0
                ],
                [
                    1.8186789751052856,
                    0.5701966881752014,
                    -0.44650155305862427,
                    1.0
                ]
            ],
            "location": [
                -0.5701966881752014,
                -0.44650155305862427,
                -1.8186789751052856
            ],
            "location_world": [
                1.8186789751052856,
                0.5701966881752014,
                -0.44650155305862427
            ],
            "name": "google_Ecoforms_Plant_Container_Quadra_Sand_QP6_9",
            "projected_cuboid": [
                [
                    65.08441269397736,
                    345.2114164829254
                ],
                [
                    57.491302490234375,
                    326.8841505050659
                ],
                [
                    26.855528354644775,
                    377.46405601501465
                ],
                [
                    37.4714732170105,
                    392.0407295227051
                ],
                [
                    117.45646595954895,
                    369.1847324371338
                ],
                [
                    114.73490297794342,
                    353.0251979827881
                ],
                [
                    86.50004863739014,
                    404.9840569496155
                ],
                [
                    91.84609353542328,
                    417.1677827835083
                ],
                [
                    75.06172358989716,
                    373.05885553359985
                ]
            ],
            "provenance": "visii",
            "quaternion_xyzw": [
                0.16698192059993744,
                0.836330235004425,
                0.506992518901825,
                0.1250094771385193
            ],
            "quaternion_xyzw_world": [
                0.310664564371109,
                0.018673185259103775,
                0.6926475763320923,
                0.6506751179695129
            ],
            "segmentation_id": 10,
            "visibility": 1
        },
        {
            "bounding_box_minx_maxx_miny_maxy": [
                0,
                10,
                30,
                74
            ],
            "class": "ReadytoUse",
            "local_cuboid": null,
            "local_to_world_matrix": [
                [
                    0.3352810740470886,
                    -0.9350845813751221,
                    0.11490628123283386,
                    0.0
                ],
                [
                    0.47605931758880615,
                    0.06290602684020996,
                    -0.8771604299545288,
                    0.0
                ],
                [
                    0.8129909038543701,
                    0.348797470331192,
                    0.46624690294265747,
                    0.0
                ],
                [
                    1.0353796482086182,
                    0.4769093990325928,
                    0.32590365409851074,
                    1.0
                ]
            ],
            "location": [
                -0.4769093990325928,
                0.32590365409851074,
                -1.0353796482086182
            ],
            "location_world": [
                1.0353796482086182,
                0.4769093990325928,
                0.32590365409851074
            ],
            "name": "google_ReadytoUse_Rolled_Fondant_Pure_White_24_oz_box_10",
            "projected_cuboid": [
                [
                    5.990996956825256,
                    28.704509139060974
                ],
                [
                    9.18009877204895,
                    54.5923113822937
                ],
                [
                    11.508151888847351,
                    73.95489513874054
                ],
                [
                    7.95234739780426,
                    45.100778341293335
                ],
                [
                    -62.96038627624512,
                    28.187617659568787
                ],
                [
                    -58.27382206916809,
                    54.99336123466492
                ],
                [
                    -64.86281752586365,
                    75.17899572849274
                ],
                [
                    -70.34352421760559,
                    45.18002271652222
                ],
                [
                    -26.95620059967041,
                    50.315290689468384
                ]
            ],
            "provenance": "visii",
            "quaternion_xyzw": [
                -0.9520026445388794,
                -0.013655498623847961,
                0.1796419769525528,
                0.24745367467403412
            ],
            "quaternion_xyzw_world": [
                -0.4489232003688812,
                0.25562572479248047,
                -0.5167348980903625,
                0.6827213764190674
            ],
            "segmentation_id": 11,
            "visibility": 1
        },
        {
            "bounding_box_minx_maxx_miny_maxy": [
                -1,
                -1,
                -1,
                -1
            ],
            "class": "Dog",
            "local_cuboid": null,
            "local_to_world_matrix": [
                [
                    -0.7081538438796997,
                    -0.3121793568134308,
                    -0.6332946419715881,
                    0.0
                ],
                [
                    -0.4320291578769684,
                    0.9010183811187744,
                    0.03894522786140442,
                    0.0
                ],
                [
                    0.5584521889686584,
                    0.30118098855018616,
                    -0.7729302644729614,
                    0.0
                ],
                [
                    0.26443272829055786,
                    0.24690939486026764,
                    -0.19465698301792145,
                    1.0
                ]
            ],
            "location": [
                -0.24690939486026764,
                -0.19465698301792145,
                -0.26443272829055786
            ],
            "location_world": [
                0.26443272829055786,
                0.24690939486026764,
                -0.19465698301792145
            ],
            "name": "google_Dog_11",
            "projected_cuboid": [
                [
                    -89.43265676498413,
                    1027.1795988082886
                ],
                [
                    -600.598156452179,
                    1258.3537101745605
                ],
                [
                    -1017.5378322601318,
                    1395.7213163375854
                ],
                [
                    -96.45968675613403,
                    997.8295564651489
                ],
                [
                    -65.13863801956177,
                    591.0918712615967
                ],
                [
                    -369.5942163467407,
                    646.548867225647
                ],
                [
                    -477.0926833152771,
                    486.1527383327484
                ],
                [
                    -62.1412992477417,
                    448.17596673965454
                ],
                [
                    -274.9133110046387,
                    768.318772315979
                ]
            ],
            "provenance": "visii",
            "quaternion_xyzw": [
                -0.6766990423202515,
                0.5668373107910156,
                -0.15035223960876465,
                -0.44516074657440186
            ],
            "quaternion_xyzw_world": [
                -0.20233511924743652,
                0.9195246696472168,
                0.09247338026762009,
                0.3240116536617279
            ],
            "segmentation_id": 12,
            "visibility": 0
        },
        {
            "bounding_box_minx_maxx_miny_maxy": [
                0,
                28,
                1,
                32
            ],
            "class": "Black",
            "local_cuboid": null,
            "local_to_world_matrix": [
                [
                    -0.9140267372131348,
                    -0.14193351566791534,
                    -0.3800134062767029,
                    0.0
                ],
                [
                    0.30113786458969116,
                    0.39025163650512695,
                    -0.8700688481330872,
                    0.0
                ],
                [
                    0.27179276943206787,
                    -0.909702479839325,
                    -0.31395888328552246,
                    0.0
                ],
                [
                    0.7938126921653748,
                    0.44570252299308777,
                    0.3736477196216583,
                    1.0
                ]
            ],
            "location": [
                -0.44570252299308777,
                0.3736477196216583,
                -0.7938126921653748
            ],
            "location_world": [
                0.7938126921653748,
                0.44570252299308777,
                0.3736477196216583
            ],
            "name": "google_Black_Elderberry_Syrup_54_oz_Gaia_Herbs_12",
            "projected_cuboid": [
                [
                    24.6182382106781,
                    -9.290605783462524
                ],
                [
                    12.478023767471313,
                    34.38633680343628
                ],
                [
                    -102.16942429542542,
                    -11.967569589614868
                ],
                [
                    -92.08664298057556,
                    -59.00144577026367
                ],
                [
                    32.702118158340454,
                    -8.777379989624023
                ],
                [
                    21.126359701156616,
                    32.26223587989807
                ],
                [
                    -85.88644862174988,
                    -11.272281408309937
                ],
                [
                    -76.0955810546875,
                    -55.262595415115356
                ],
                [
                    -31.67232871055603,
                    -10.300040245056152
                ]
            ],
            "provenance": "visii",
            "quaternion_xyzw": [
                -0.7556115388870239,
                0.2548482418060303,
                -0.6033951044082642,
                -0.004241943359375
            ],
            "quaternion_xyzw_world": [
                0.04919493570923805,
                0.8090484142303467,
                -0.5499582290649414,
                0.20141136646270752
            ],
            "segmentation_id": 13,
            "visibility": 1
        },
        {
            "bounding_box_minx_maxx_miny_maxy": [
                103,
                143,
                311,
                355
            ],
            "class": "Razer",
