{
    "camera_data": {
        "camera_look_at": {
            "at": [
                1.0,
                0.0,
                0.0
            ],
            "eye": [
                0.0,
                0.0,
                0.0
            ],
            "up": [
                0.0,
                0.0,
                1.0
            ]
        },
        "camera_view_matrix": [
            [
                0.0,
                0.0,
                -1.0,
                0.0
            ],
            [
                -1.0,
                0.0,
                0.0,
                0.0
            ],
            [
                0.0,
                1.0,
                0.0,
                0.0
            ],
            [
                0.0,
                0.0,
                0.0,
                1.0
            ]
        ],
        "height": 500,
        "intrinsics": {
            "cx": 250.0,
            "cy": 250.0,
            "fx": 603.5535278320312,
            "fy": 603.5535278320312
        },
        "location_world": [
            0.0,
            0.0,
            0.0
        ],
        "quaternion_world_xyzw": [
            0.5,
            -0.5,
            -0.5,
            0.5
        ],
        "width": 500
    },
    "objects": [
        {
            "bounding_box_minx_maxx_miny_maxy": [
                -1,
                -1,
                -1,
                -1
            ],
            "class": "Reebok",
            "local_cuboid": null,
            "local_to_world_matrix": [
                [
                    0.25584322214126587,
                    0.5335655212402344,
                    -0.8061342239379883,
                    0.0
                ],
                [
                    -0.9495488405227661,
                    0.29516488313674927,
                    -0.10599464178085327,
                    0.0
                ],
                [
                    0.1813875436782837,
                    0.7925817370414734,
                    0.5821622610092163,
                    0.0
                ],
                [
                    1.0841370820999146,
                    -0.3664093017578125,
                    -0.03715018555521965,
                    1.0
                ]
            ],
            "location": [
                0.3664093017578125,
                -0.03715018555521965,
                -1.0841370820999146
            ],
            "location_world": [
                1.0841370820999146,
                -0.3664093017578125,
                -0.03715018555521965
            ],
            "name": "google_Reebok_SOMERSET_RUN_0",
            "projected_cuboid": [
                [
                    387.8936767578125,
                    249.8062700033188
                ],
                [
                    373.8057315349579,
                    268.8412070274353
                ],
                [
                    434.3946576118469,
                    311.76257133483887
                ],
                [
                    435.1173937320709,
                    282.7659249305725
                ],
                [
                    420.687735080719,
                    205.146923661232
                ],
                [
                    415.74645042419434,
                    211.7213010787964
                ],
                [
                    479.1639745235443,
                    254.68185544013977
                ],
                [
                    469.6110486984253,
                    238.11589181423187
                ],
                [
                    426.6958236694336,
                    251.8790364265442
                ]
            ],
            "provenance": "visii",
            "quaternion_xyzw": [
                -0.43411311507225037,
                0.6342236399650574,
                0.6037741303443909,
                -0.21157298982143402
            ],
            "quaternion_xyzw_world": [
                -0.30761829018592834,
                0.33806782960891724,
                0.5077288150787354,
                0.7302689552307129
            ],
            "segmentation_id": 1,
            "visibility": 0
        },
        {
            "bounding_box_minx_maxx_miny_maxy": [
                -1,
                -1,
                -1,
                -1
            ],
            "class": "Breyer",
            "local_cuboid": null,
            "local_to_world_matrix": [
                [
                    -0.2467513084411621,
                    -0.14095623791217804,
                    -0.9587730169296265,
                    0.0
                ],
                [
                    0.3071005344390869,
                    -0.9497466087341309,
                    0.06059333682060242,
                    0.0
                ],
                [
                    -0.9191319942474365,
                    -0.2794881761074066,
                    0.27763843536376953,
                    0.0
                ],
                [
                    0.2841767370700836,
                    0.2945955693721771,
                    -0.12600897252559662,
                    1.0
                ]
            ],
            "location": [
                -0.2945955693721771,
                -0.12600897252559662,
                -0.2841767370700836
            ],
            "location_world": [
                0.2841767370700836,
                0.2945955693721771,
                -0.12600897252559662
            ],
            "name": "google_Breyer_Horse_Of_The_Year_2015_1",
            "projected_cuboid": [
                [
                    -1189.851999282837,
                    1356.2027215957642
                ],
                [
                    -722.3312854766846,
                    1182.949185371399
                ],
                [
                    -304.96346950531006,
                    785.7762575149536
                ],
                [
                    -477.6948094367981,
                    832.4885964393616
                ],
                [
                    -810.4468584060669,
                    160.42517125606537
                ],
                [
                    -526.0330438613892,
                    157.55759179592133
                ],
                [
                    -267.8647041320801,
                    277.2749066352844
                ],
                [
                    -406.18717670440674,
                    285.7654094696045
                ],
                [
                    -498.1580972671509,
                    546.7686653137207
                ]
            ],
            "provenance": "visii",
            "quaternion_xyzw": [
                0.20076799392700195,
                -0.011240124702453613,
                0.6552828550338745,
                -0.7281280755996704
            ],
            "quaternion_xyzw_world": [
                -0.5969415307044983,
                -0.06958148628473282,
                0.7864693999290466,
                -0.14242663979530334
            ],
            "segmentation_id": 2,
            "visibility": 0
        },
        {
            "bounding_box_minx_maxx_miny_maxy": [
                65,
                170,
                1,
                120
            ],
            "class": "Smith",
            "local_cuboid": null,
            "local_to_world_matrix": [
                [
                    -0.6580253839492798,
                    0.08498847484588623,
                    -0.7481842041015625,
                    0.0
                ],
                [
                    -0.7473065853118896,
                    -0.19561803340911865,
                    0.6350326538085938,
                    0.0
                ],
                [
                    -0.09238782525062561,
                    0.9769905805587769,
                    0.19223403930664062,
                    0.0
                ],
                [
                    1.599534273147583,
                    0.18731774389743805,
                    0.5034117102622986,
                    1.0
                ]
            ],
            "location": [
                -0.18731774389743805,
                0.5034117102622986,
                -1.599534273147583
            ],
            "location_world": [
                1.599534273147583,
                0.18731774389743805,
                0.5034117102622986
            ],
            "name": "google_Smith_Hawken_Woven_BasketTray_Organizer_with_3_Compartments_95_x_9_x_13_2",
            "projected_cuboid": [
                [
                    59.3370795249939,
                    119.05983090400696
                ],
                [
                    54.7194629907608,
                    28.073802590370178
                ],
                [
                    172.52783477306366,
                    54.54050004482269
                ],
                [
                    162.71477937698364,
                    140.86991548538208
                ],
                [
                    94.93446350097656,
                    45.46956717967987
                ],
                [
                    95.28620541095734,
                    -40.86381196975708
                ],
                [
                    195.25080919265747,
                    -17.212361097335815
                ],
                [
                    184.31301414966583,
                    65.43490290641785
                ],
                [
                    128.78677248954773,
                    49.42698776721954
                ]
            ],
            "provenance": "visii",
            "quaternion_xyzw": [
                -0.21655887365341187,
                0.6378936767578125,
                0.36821991205215454,
                -0.6407870054244995
            ],
            "quaternion_xyzw_world": [
                -0.2938360869884491,
                0.5635098218917847,
                0.7151708602905273,
                0.2909427285194397
            ],
            "segmentation_id": 3,
            "visibility": 1
        },
        {
            "bounding_box_minx_maxx_miny_maxy": [
                -1,
                -1,
                -1,
                -1
            ],
            "class": "Paul",
            "local_cuboid": null,
            "local_to_world_matrix": [
                [
                    -0.6780306100845337,
                    -0.31321680545806885,
                    0.6649590134620667,
                    0.0
                ],
                [
                    0.21699029207229614,
                    0.7790508270263672,
                    0.5882135033607483,
                    0.0
                ],
                [
                    -0.7022752165794373,
                    0.5431161522865295,
                    -0.46025538444519043,
                    0.0
                ],
                [
                    0.9209319353103638,
                    -0.19687792658805847,
                    0.06060945242643356,
                    1.0
                ]
            ],
            "location": [
                0.19687792658805847,
                0.06060945242643356,
                -0.9209319353103638
            ],
            "location_world": [
                0.9209319353103638,
                -0.19687792658805847,
                0.06060945242643356
            ],
            "name": "google_Paul_Frank_Dot_Lunch_Box_3",
            "projected_cuboid": [
                [
                    391.8299078941345,
                    240.8047467470169
                ],
                [
                    312.3311996459961,
                    184.78421866893768
                ],
                [
                    390.50406217575073,
                    120.93353271484375
                ],
                [
                    456.431120634079,
                    163.99221122264862
                ],
                [
                    301.8840253353119,
                    369.34077739715576
                ],
                [
                    241.3739413022995,
                    321.4670419692993
                ],
                [
                    317.19785928726196,
                    246.97841703891754
                ],
                [
                    369.60911750793457,
                    285.28982400894165
                ],
                [
                    346.3989198207855,
                    244.56283450126648
                ]
            ],
            "provenance": "visii",
            "quaternion_xyzw": [
                -0.07537952065467834,
                0.37839189171791077,
                -0.44744977355003357,
                -0.806800127029419
            ],
            "quaternion_xyzw_world": [
                -0.02816900424659252,
                0.8540106415748596,
                0.3311813771724701,
                -0.4002392292022705
            ],
            "segmentation_id": 4,
            "visibility": 0
        },
        {
            "bounding_box_minx_maxx_miny_maxy": [
                -1,
                -1,
                -1,
                -1
            ],
            "class": "Toys",
            "local_cuboid": null,
            "local_to_world_matrix": [
                [
                    -0.0868157148361206,
                    -0.4632609486579895,
                    0.8819594383239746,
                    0.0
                ],
                [
                    -0.4200335144996643,
                    0.8197866678237915,
                    0.38925790786743164,
                    0.0
                ],
                [
                    -0.9033465385437012,
                    -0.336658775806427,
                    -0.26575541496276855,
                    0.0
                ],
                [
                    0.267307847738266,
                    -0.23564928770065308,
                    0.4799586534500122,
                    1.0
                ]
            ],
            "location": [
                0.23564928770065308,
                0.4799586534500122,
                -0.267307847738266
            ],
            "location_world": [
                0.267307847738266,
                -0.23564928770065308,
                0.4799586534500122
            ],
            "name": "google_Toys_R_Us_Treat_Dispenser_Smart_Puzzle_Foobler_4",
            "projected_cuboid": [
                [
                    1760.3867053985596,
                    -1617.2184944152832
                ],
                [
                    2000.0014305114746,
                    -3366.3203716278076
                ],
                [
                    800.848126411438,
                    -1278.3503532409668
                ],
                [
                    939.2318725585938,
                    -817.6698684692383
                ],
                [
                    1381.5789222717285,
                    -976.7723083496094
                ],
                [
                    1352.497935295105,
                    -2096.518039703369
                ],
                [
                    591.2852883338928,
                    -852.7320623397827
                ],
                [
                    767.818033695221,
                    -502.05016136169434
                ],
                [
                    1046.8242168426514,
                    -1150.6133079528809
                ]
            ],
            "provenance": "visii",
            "quaternion_xyzw": [
                0.20655298233032227,
                0.07525032758712769,
                0.5125495195388794,
                0.8300399780273438
            ],
            "quaternion_xyzw_world": [
                0.29964691400527954,
                -0.7369460463523865,
                -0.017843609675765038,
                0.6056433916091919
            ],
            "segmentation_id": 5,
            "visibility": 0
        },
        {
            "bounding_box_minx_maxx_miny_maxy": [
                -1,
                -1,
                -1,
                -1
            ],
            "class": "Tag",
            "local_cuboid": null,
            "local_to_world_matrix": [
                [
                    -0.7329013347625732,
                    -0.6725044250488281,
                    0.10292395949363708,
                    0.0
                ],
                [
                    -0.09474337100982666,
                    0.2506992816925049,
                    0.9634175896644592,
                    0.0
                ],
                [
                    -0.6737055778503418,
                    0.6963387131690979,
                    -0.24745309352874756,
                    0.0
                ],
                [
                    1.7424205541610718,
                    -0.616676390171051,
                    0.6076071858406067,
                    1.0
                ]
            ],
            "location": [
                0.616676390171051,
                0.6076071858406067,
                -1.7424205541610718
            ],
            "location_world": [
                1.7424205541610718,
                -0.616676390171051,
                0.6076071858406067
            ],
            "name": "google_Tag_Dishtowel_Basket_Weave_Red_18_x_26_5",
            "projected_cuboid": [
                [
                    495.6914186477661,
                    70.70575654506683
                ],
                [
                    477.5620102882385,
                    -14.0361487865448
                ],
                [
                    483.13695192337036,
                    -13.440340757369995
                ],
                [
                    500.94181299209595,
                    70.11714577674866
                ],
                [
                    439.95577096939087,
                    89.11359310150146
                ],
                [
                    422.4110245704651,
                    10.58243215084076
                ],
                [
                    428.3195436000824,
                    10.814502835273743
                ],
                [
                    445.5655813217163,
                    88.32746744155884
                ],
                [
                    460.7757031917572,
                    39.66696560382843
                ]
            ],
            "provenance": "visii",
            "quaternion_xyzw": [
                -0.09404939413070679,
                0.3928127884864807,
                -0.09718990325927734,
                -0.9096190929412842
            ],
            "quaternion_xyzw_world": [
                -0.25683289766311646,
                0.7468355894088745,
                0.5555962920188904,
                -0.259973406791687
            ],
            "segmentation_id": 6,
            "visibility": 0
        },
        {
            "bounding_box_minx_maxx_miny_maxy": [
                -1,
                -1,
                -1,
                -1
            ],
            "class": "FRACTION",
            "local_cuboid": null,
            "local_to_world_matrix": [
                [
                    0.747170090675354,
                    0.20576398074626923,
                    0.6319794654846191,
                    0.0
                ],
                [
                    -0.1110057383775711,
                    0.9761480093002319,
                    -0.18658192455768585,
                    0.0
                ],
                [
                    -0.6552972793579102,
                    0.06925509870052338,
                    0.752189576625824,
                    0.0
                ],
                [
                    0.5441782474517822,
                    -0.1504998356103897,
                    0.13493011891841888,
                    1.0
                ]
            ],
            "location": [
                0.1504998356103897,
                0.13493011891841888,
                -0.5441782474517822
            ],
            "location_world": [
                0.5441782474517822,
                -0.1504998356103897,
                0.13493011891841888
            ],
            "name": "google_FRACTION_FUN_n4h4qte23QR_6",
            "projected_cuboid": [
                [
                    476.2988090515137,
                    4.228651523590088
                ],
                [
                    289.2666161060333,
                    32.52372145652771
                ],
                [
                    290.44100642204285,
                    76.12136006355286
                ],
                [
                    468.77872943878174,
                    47.65938222408295
                ],
                [
                    587.8655314445496,
                    79.47570085525513
                ],
                [
                    350.4618704319,
                    119.79219317436218
                ],
                [
                    348.21420907974243,
                    170.2299267053604
                ],
                [
                    571.7894434928894,
                    130.11343777179718
                ],
                [
                    419.702410697937,
                    77.57914066314697
                ]
            ],
            "provenance": "visii",
            "quaternion_xyzw": [
                -0.2852720618247986,
                0.30161434412002563,
                0.7154794335365295,
                0.561905562877655
            ],
            "quaternion_xyzw_world": [
                -0.06861581653356552,
                -0.3452492952346802,
                0.0849580466747284,
                0.9321357011795044
            ],
            "segmentation_id": 7,
            "visibility": 0
        },
        {
            "bounding_box_minx_maxx_miny_maxy": [
                -1,
                -1,
                -1,
                -1
            ],
            "class": "FAIRY",
            "local_cuboid": null,
            "local_to_world_matrix": [
                [
                    -0.21389365196228027,
                    -0.897644579410553,
                    -0.3853365182876587,
                    0.0
                ],
                [
                    -0.9416771531105042,
                    0.29437899589538574,
                    -0.1630503535270691,
                    0.0
                ],
                [
                    0.25979626178741455,
                    0.32798710465431213,
                    -0.908257246017456,
                    0.0
                ],
                [
                    1.6919026374816895,
                    -0.10362809151411057,
                    -0.2447744607925415,
                    1.0
                ]
            ],
            "location": [
                0.10362809151411057,
                -0.2447744607925415,
                -1.6919026374816895
            ],
            "location_world": [
                1.6919026374816895,
                -0.10362809151411057,
                -0.2447744607925415
            ],
            "name": "google_FAIRY_TALE_BLOCKS_7",
            "projected_cuboid": [
                [
                    309.2062175273895,
                    404.7408998012543
                ],
                [
                    288.990318775177,
                    445.2199637889862
                ],
                [
                    319.12726163864136,
                    373.1731176376343
                ],
                [
                    335.7958197593689,
                    341.4286971092224
                ],
                [
                    236.96552217006683,
                    370.12559175491333
                ],
                [
                    206.48027956485748,
                    404.0745198726654
                ],
                [
                    232.61389136314392,
                    332.9264223575592
                ],
                [
                    260.518878698349,
                    307.54467844963074
                ],
                [
                    273.74279499053955,
                    371.4897632598877
                ]
            ],
            "provenance": "visii",
            "quaternion_xyzw": [
                -0.7616579532623291,
                0.22310398519039154,
                0.03744909167289734,
                -0.6072063446044922
            ],
            "quaternion_xyzw_world": [
                -0.5916047096252441,
                0.7772595882415771,
                0.053050726652145386,
                0.2075023502111435
            ],
            "segmentation_id": 8,
            "visibility": 0
        },
        {
            "bounding_box_minx_maxx_miny_maxy": [
                437,
                484,
                451,
                474
            ],
            "class": "Great",
            "local_cuboid": null,
            "local_to_world_matrix": [
                [
                    -0.8255867958068848,
                    -0.5641221404075623,
                    0.013174355030059814,
                    0.0
                ],
                [
                    0.45273953676223755,
                    -0.6482830047607422,
                    0.612173855304718,
                    0.0
                ],
                [
                    -0.33680006861686707,
                    0.5113669037818909,
                    0.7906134724617004,
                    0.0
                ],
                [
                    1.739580750465393,
                    -0.5807827711105347,
                    -0.7248030304908752,
                    1.0
                ]
            ],
            "location": [
                0.5807827711105347,
                -0.7248030304908752,
                -1.739580750465393
            ],
            "location_world": [
                1.739580750465393,
                -0.5807827711105347,
                -0.7248030304908752
            ],
            "name": "google_Great_Jones_Wingtip_kAqSg6EgG0I_8",
            "projected_cuboid": [
                [
                    422.4577248096466,
                    527.9120206832886
                ],
                [
                    479.0757894515991,
                    438.3734464645386
                ],
                [
                    493.9989447593689,
                    465.0455713272095
                ],
                [
                    440.015971660614,
                    554.7922849655151
                ],
                [
                    390.41993021965027,
                    513.2160186767578
                ],
                [
                    446.66722416877747,
                    429.34316396713257
                ],
                [
                    461.52085065841675,
                    454.88202571868896
                ],
                [
                    407.75352716445923,
                    538.9851331710815
                ],
                [
                    443.5299336910248,
                    488.51677775382996
                ]
            ],
            "provenance": "visii",
            "quaternion_xyzw": [
                0.3921569585800171,
                0.421678751707077,
                0.20031492412090302,
                -0.7926374673843384
            ],
            "quaternion_xyzw_world": [
                -0.08955829590559006,
                0.31092211604118347,
                0.9033940434455872,
                -0.2814003825187683
            ],
            "segmentation_id": 9,
            "visibility": 1
        },
        {
            "bounding_box_minx_maxx_miny_maxy": [
                172,
                235,
                389,
                470
            ],
            "class": "Ecoforms",
            "local_cuboid": null,
            "local_to_world_matrix": [
                [
                    -0.49268507957458496,
                    0.45716771483421326,
                    -0.7404456734657288,
                    0.0
                ],
                [
                    -0.3990190327167511,
                    -0.8748452663421631,
                    -0.2746458351612091,
                    0.0
                ],
                [
                    -0.7733343243598938,
                    0.1601380556821823,
                    0.6134411692619324,
                    0.0
                ],
                [
                    1.7785452604293823,
                    0.07576372474431992,
                    -0.5643373727798462,
                    1.0
                ]
            ],
            "location": [
                -0.07576372474431992,
                -0.5643373727798462,
                -1.7785452604293823
            ],
            "location_world": [
                1.7785452604293823,
                0.07576372474431992,
                -0.5643373727798462
            ],
            "name": "google_Ecoforms_Plant_Container_Quadra_Sand_QP6_9",
            "projected_cuboid": [
                [
                    165.54880142211914,
                    436.0276460647583
                ],
                [
                    225.66254436969757,
                    465.2129113674164
                ],
                [
                    237.15168237686157,
                    485.4915142059326
                ],
                [
                    180.97250163555145,
                    457.58622884750366
                ],
                [
                    200.4249095916748,
                    376.8760859966278
                ],
                [
                    258.733332157135,
                    401.7018973827362
                ],
                [
                    267.2085762023926,
                    425.5470037460327
                ],
                [
                    212.6331329345703,
                    401.48666501045227
                ],
                [
                    218.5775637626648,
                    430.5605888366699
                ]
            ],
            "provenance": "visii",
            "quaternion_xyzw": [
                0.1050524190068245,
                0.3198389708995819,
                0.7913829684257507,
                -0.5102746486663818
            ],
            "quaternion_xyzw_world": [
                -0.4383831322193146,
                -0.03316088020801544,
                0.8632745146751404,
                0.24794742465019226
            ],
            "segmentation_id": 10,
            "visibility": 1
        },
        {
            "bounding_box_minx_maxx_miny_maxy": [
                -1,
                -1,
                -1,
                -1
            ],
            "class": "ReadytoUse",
            "local_cuboid": null,
            "local_to_world_matrix": [
                [
                    0.37175679206848145,
                    0.9091899991035461,
                    -0.1875377893447876,
                    0.0
                ],
                [
                    -0.20329898595809937,
                    0.27684658765792847,
                    0.9391621351242065,
                    0.0
                ],
                [
                    0.9057960510253906,
                    -0.31101369857788086,
                    0.2877570390701294,
                    0.0
                ],
                [
                    0.9071488380432129,
                    0.5767057538032532,
                    -0.00823186058551073,
                    1.0
                ]
            ],
            "location": [
                -0.5767057538032532,
                -0.00823186058551073,
                -0.9071488380432129
            ],
            "location_world": [
                0.9071488380432129,
                0.5767057538032532,
                -0.00823186058551073
            ],
            "name": "google_ReadytoUse_Rolled_Fondant_Pure_White_24_oz_box_10",
            "projected_cuboid": [
                [
                    -67.77703762054443,
                    246.75102531909943
                ],
                [
                    -78.3405601978302,
                    220.87770700454712
                ],
                [
                    -166.824072599411,
                    247.74396419525146
                ],
                [
                    -153.58862280845642,
                    277.5591015815735
                ],
                [
                    -17.503440380096436,
                    233.39517414569855
                ],
                [
                    -28.04344892501831,
                    206.25877380371094
                ],
                [
                    -112.34107613563538,
                    231.9674789905548
                ],
                [
                    -99.04423356056213,
                    263.47610354423523
                ],
                [
                    -87.70287036895752,
                    240.1408851146698
                ]
            ],
            "provenance": "visii",
            "quaternion_xyzw": [
                -0.11983726918697357,
                0.9687812328338623,
                0.12672005593776703,
                0.17619313299655914
            ],
            "quaternion_xyzw_world": [
                0.449208527803421,
                0.39285263419151306,
                0.3997354209423065,
                0.6957658529281616
            ],
            "segmentation_id": 11,
            "visibility": 0
        },
        {
            "bounding_box_minx_maxx_miny_maxy": [
                -1,
                -1,
                -1,
                -1
            ],
            "class": "Dog",
            "local_cuboid": null,
            "local_to_world_matrix": [
                [
                    -0.97894287109375,
                    0.050773829221725464,
                    0.19772107899188995,
                    0.0
                ],
                [
                    0.1297789067029953,
                    0.9024367332458496,
                    0.4108106791973114,
                    0.0
                ],
                [
                    -0.15757234394550323,
                    0.4278200566768646,
                    -0.8900234699249268,
                    0.0
                ],
                [
                    0.43489131331443787,
                    0.07134123891592026,
                    -0.2690106928348541,
                    1.0
                ]
            ],
            "location": [
                -0.07134123891592026,
                -0.2690106928348541,
                -0.43489131331443787
            ],
            "location_world": [
                0.43489131331443787,
                0.07134123891592026,
                -0.2690106928348541
            ],
            "name": "google_Dog_11",
            "projected_cuboid": [
                [
                    76.65762305259705,
                    1259.6755027770996
                ],
                [
                    -247.63113260269165,
                    1024.3141651153564
                ],
                [
                    -45.052677392959595,
                    627.6202201843262
                ],
                [
                    262.00729608535767,
                    807.6886534690857
                ],
                [
                    169.11768913269043,
                    858.575701713562
                ],
                [
                    -19.613713026046753,
                    743.0673241615295
                ],
                [
                    87.72236108779907,
                    523.5837697982788
                ],
                [
                    270.2130079269409,
                    622.3737597465515
                ],
                [
                    84.06555652618408,
                    766.8577432632446
                ]
            ],
            "provenance": "visii",
            "quaternion_xyzw": [
                -0.3085625171661377,
                0.5709667801856995,
                -0.4465242624282837,
                -0.6159564256668091
            ],
            "quaternion_xyzw_world": [
                0.04648604616522789,
                0.9710050225257874,
                0.21591822803020477,
                -0.09147568792104721
            ],
            "segmentation_id": 12,
            "visibility": 0
        },
        {
            "bounding_box_minx_maxx_miny_maxy": [
                -1,
                -1,
                -1,
                -1
            ],
            "class": "Black",
            "local_cuboid": null,
            "local_to_world_matrix": [
                [
                    -0.1713162660598755,
                    -0.7685949802398682,
                    -0.6163704991340637,
                    0.0
                ],
                [
                    -0.8280318975448608,
                    -0.2266836166381836,
                    0.5128135681152344,
                    0.0
                ],
                [
                    -0.5338669419288635,
                    0.5982277393341064,
                    -0.5975866317749023,
                    0.0
                ],
                [
                    1.2946635484695435,
                    0.6188201904296875,
                    0.3439956307411194,
                    1.0
                ]
            ],
            "location": [
                -0.6188201904296875,
                0.3439956307411194,
                -1.2946635484695435
            ],
            "location_world": [
                1.2946635484695435,
                0.6188201904296875,
                0.3439956307411194
            ],
            "name": "google_Black_Elderberry_Syrup_54_oz_Gaia_Herbs_12",
            "projected_cuboid": [
                [
                    -86.92541718482971,
                    140.42925834655762
                ],
                [
                    -93.99771690368652,
                    120.51926553249359
                ],
                [
                    -31.529545783996582,
                    87.08395063877106
                ],
                [
                    -27.199774980545044,
                    107.0651113986969
                ],
                [
                    -105.54099082946777,
                    124.23940002918243
                ],
                [
                    -113.31596970558167,
                    103.83071005344391
                ],
                [
                    -50.153642892837524,
                    71.6659426689148
                ],
                [
                    -45.16768455505371,
                    92.06916391849518
                ],
                [
                    -68.25900077819824,
                    105.52296042442322
                ]
            ],
            "provenance": "visii",
            "quaternion_xyzw": [
                0.4248277544975281,
                -0.22932058572769165,
                -0.2512262463569641,
                0.8389390707015991
            ],
            "quaternion_xyzw_world": [
                0.6428362727165222,
                -0.6209306120872498,
                -0.4473291039466858,
                -0.03321769833564758
            ],
            "segmentation_id": 13,
            "visibility": 0
        },
        {
            "bounding_box_minx_maxx_miny_maxy": [
                -1,
                -1,
                -1,
                -1
            ],
            "class": "Razer",
