{
    "camera_data": {
        "camera_look_at": {
            "at": [
                1.0,
                0.0,
                0.0
            ],
            "eye": [
                0.0,
                0.0,
                0.0
            ],
            "up": [
                0.0,
                0.0,
                1.0
            ]
        },
        "camera_view_matrix": [
            [
                0.0,
                0.0,
                -1.0,
                0.0
            ],
            [
                -1.0,
                0.0,
                0.0,
                0.0
            ],
            [
                0.0,
                1.0,
                0.0,
                0.0
            ],
            [
                0.0,
                0.0,
                0.0,
                1.0
            ]
        ],
        "height": 500,
        "intrinsics": {
            "cx": 250.0,
            "cy": 250.0,
            "fx": 603.5535278320312,
            "fy": 603.5535278320312
        },
        "location_world": [
            0.0,
            0.0,
            0.0
        ],
        "quaternion_world_xyzw": [
            0.5,
            -0.5,
            -0.5,
            0.5
        ],
        "width": 500
    },
    "objects": [
        {
            "bounding_box_minx_maxx_miny_maxy": [
                -1,
                -1,
                -1,
                -1
            ],
            "class": "Reebok",
            "local_cuboid": null,
            "local_to_world_matrix": [
                [
                    0.6903178095817566,
                    -0.22782304883003235,
                    -0.6867008209228516,
                    0.0
                ],
                [
                    -0.5828248262405396,
                    0.3872718811035156,
                    -0.7143778204917908,
                    0.0
                ],
                [
                    0.4286916255950928,
                    0.8933740258216858,
                    0.1345597505569458,
                    0.0
                ],
                [
                    1.0934962034225464,
                    -0.39394673705101013,
                    -0.09021815657615662,
                    1.0
                ]
            ],
            "location": [
                0.39394673705101013,
                -0.09021815657615662,
                -1.0934962034225464
            ],
            "location_world": [
                1.0934962034225464,
                -0.39394673705101013,
                -0.09021815657615662
            ],
            "name": "google_Reebok_SOMERSET_RUN_0",
            "projected_cuboid": [
                [
                    421.35295271873474,
                    254.18958067893982
                ],
                [
                    385.6377601623535,
                    369.8711395263672
                ],
                [
                    451.86543464660645,
                    384.57274436950684
                ],
                [
                    479.76404428482056,
                    262.1038556098938
                ],
                [
                    419.52985525131226,
                    215.14134109020233
                ],
                [
                    380.77881932258606,
                    333.13173055648804
                ],
                [
                    452.0806074142456,
                    347.1285104751587
                ],
                [
                    481.85408115386963,
                    221.89147770404816
                ],
                [
                    434.6681833267212,
                    294.4628596305847
                ]
            ],
            "provenance": "visii",
            "quaternion_xyzw": [
                -0.7698851823806763,
                0.3487444519996643,
                0.5142623782157898,
                -0.1455623358488083
            ],
            "quaternion_xyzw_world": [
                -0.5404826998710632,
                0.37496477365493774,
                0.11934200674295425,
                0.7436648011207581
            ],
            "segmentation_id": 1,
            "visibility": 0
        },
        {
            "bounding_box_minx_maxx_miny_maxy": [
                -1,
                -1,
                -1,
                -1
            ],
            "class": "Breyer",
            "local_cuboid": null,
            "local_to_world_matrix": [
                [
                    0.05756467580795288,
                    0.09189210832118988,
                    -0.994103729724884,
                    0.0
                ],
                [
                    -0.47032779455184937,
                    -0.8758343458175659,
                    -0.10819447040557861,
                    0.0
                ],
                [
                    -0.880612313747406,
                    0.4737827777862549,
                    -0.007197737693786621,
                    0.0
                ],
                [
                    0.2391560822725296,
                    0.3250517249107361,
                    -0.12109751999378204,
                    1.0
                ]
            ],
            "location": [
                -0.3250517249107361,
                -0.12109751999378204,
                -0.2391560822725296
            ],
            "location_world": [
                0.2391560822725296,
                0.3250517249107361,
                -0.12109751999378204
            ],
            "name": "google_Breyer_Horse_Of_The_Year_2015_1",
            "projected_cuboid": [
                [
                    -1874.5594024658203,
                    1422.3859310150146
                ],
                [
                    -2161.933422088623,
                    1798.9598512649536
                ],
                [
                    -552.5190830230713,
                    885.1222395896912
                ],
                [
                    -586.5180492401123,
                    803.2506704330444
                ],
                [
                    -2017.1964168548584,
                    285.9738767147064
                ],
                [
                    -2399.353504180908,
                    344.4088399410248
                ],
                [
                    -542.6079034805298,
                    282.3885977268219
                ],
                [
                    -579.5725584030151,
                    263.2845342159271
                ],
                [
                    -1022.3010778427124,
                    692.9508447647095
                ]
            ],
            "provenance": "visii",
            "quaternion_xyzw": [
                0.18418067693710327,
                -0.16053448617458344,
                -0.7212314009666443,
                0.6481754779815674
            ],
            "quaternion_xyzw_world": [
                0.6965265274047852,
                -0.1358296126127243,
                -0.6728803515434265,
                -0.2088855355978012
            ],
            "segmentation_id": 2,
            "visibility": 0
        },
        {
            "bounding_box_minx_maxx_miny_maxy": [
                56,
                187,
                14,
                127
            ],
            "class": "Smith",
            "local_cuboid": null,
            "local_to_world_matrix": [
                [
                    -0.5013778209686279,
                    0.14665645360946655,
                    -0.8527086973190308,
                    0.0
                ],
                [
                    -0.8621646761894226,
                    -0.16754543781280518,
                    0.47812193632125854,
                    0.0
                ],
                [
                    -0.07274773716926575,
                    0.9748950600624084,
                    0.21044564247131348,
                    0.0
                ],
                [
                    1.6445857286453247,
                    0.2033538520336151,
                    0.5063148140907288,
                    1.0
                ]
            ],
            "location": [
                -0.2033538520336151,
                0.5063148140907288,
                -1.6445857286453247
            ],
            "location_world": [
                1.6445857286453247,
                0.2033538520336151,
                0.5063148140907288
            ],
            "name": "google_Smith_Hawken_Woven_BasketTray_Organizer_with_3_Compartments_95_x_9_x_13_2",
            "projected_cuboid": [
                [
                    61.772704124450684,
                    123.02859127521515
                ],
                [
                    50.7262647151947,
                    51.13635957241058
                ],
                [
                    162.84991800785065,
                    77.44842767715454
                ],
                [
                    158.83664786815643,
                    144.9938416481018
                ],
                [
                    97.85763919353485,
                    34.04459357261658
                ],
                [
                    93.04139018058777,
                    -42.04931855201721
                ],
                [
                    192.1834945678711,
                    -17.5437331199646
                ],
                [
                    185.03934144973755,
                    54.80135977268219
                ],
                [
                    126.54867768287659,
                    53.205326199531555
                ]
            ],
            "provenance": "visii",
            "quaternion_xyzw": [
                -0.2749881148338318,
                0.6229026317596436,
                0.4304887652397156,
                -0.5924974679946899
            ],
            "quaternion_xyzw_world": [
                -0.33753588795661926,
                0.5299497246742249,
                0.6854503750801086,
                0.3679409921169281
            ],
            "segmentation_id": 3,
            "visibility": 1
        },
        {
            "bounding_box_minx_maxx_miny_maxy": [
                306,
                332,
                193,
                273
            ],
            "class": "Paul",
            "local_cuboid": null,
            "local_to_world_matrix": [
                [
                    -0.5861858129501343,
                    -0.8067706823348999,
                    0.07421151548624039,
                    0.0
                ],
                [
                    -0.761447548866272,
                    0.5799008011817932,
                    0.2896769046783447,
                    0.0
                ],
                [
                    -0.27673816680908203,
                    0.113296277821064,
                    -0.9542431831359863,
                    0.0
                ],
                [
                    0.9119598865509033,
                    -0.22338463366031647,
                    0.09064579010009766,
                    1.0
                ]
            ],
            "location": [
                0.22338463366031647,
                0.09064579010009766,
                -0.9119598865509033
            ],
            "location_world": [
                0.9119598865509033,
                -0.22338463366031647,
                0.09064579010009766
            ],
            "name": "google_Paul_Frank_Dot_Lunch_Box_3",
            "projected_cuboid": [
                [
                    499.2241561412811,
                    351.5699505805969
                ],
                [
                    475.5086898803711,
                    337.1398150920868
                ],
                [
                    477.2557318210602,
                    161.64803504943848
                ],
                [
                    499.06793236732483,
                    191.49108231067657
                ],
                [
                    326.5596032142639,
                    347.54717350006104
                ],
                [
                    290.92997312545776,
                    335.26474237442017
                ],
                [
                    304.8974573612213,
                    188.49116563796997
                ],
                [
                    337.1913433074951,
                    211.7183804512024
                ],
                [
                    394.5242166519165,
                    263.705849647522
                ]
            ],
            "provenance": "visii",
            "quaternion_xyzw": [
                -0.5568562746047974,
                0.22702865302562714,
                -0.21230316162109375,
                -0.7702573537826538
            ],
            "quaternion_xyzw_world": [
                -0.44389092922210693,
                0.883222758769989,
                0.11406329274177551,
                -0.09933781623840332
            ],
            "segmentation_id": 4,
            "visibility": 1
        },
        {
            "bounding_box_minx_maxx_miny_maxy": [
                -1,
                -1,
                -1,
                -1
            ],
            "class": "Toys",
            "local_cuboid": null,
            "local_to_world_matrix": [
                [
                    -0.8650070428848267,
                    0.4904363453388214,
                    -0.10599511861801147,
                    0.0
                ],
                [
                    0.3497127592563629,
                    0.4377961754798889,
                    -0.8282725811004639,
                    0.0
                ],
                [
                    -0.3598107397556305,
                    -0.75352942943573,
                    -0.550208568572998,
                    0.0
                ],
                [
                    0.2063419222831726,
                    -0.21124328672885895,
                    0.4700410068035126,
                    1.0
                ]
            ],
            "location": [
                0.21124328672885895,
                0.4700410068035126,
                -0.2063419222831726
            ],
            "location_world": [
                0.2063419222831726,
                -0.21124328672885895,
                0.4700410068035126
            ],
            "name": "google_Toys_R_Us_Treat_Dispenser_Smart_Puzzle_Foobler_4",
            "projected_cuboid": [
                [
                    3645.8513736724854,
                    -4393.887042999268
                ],
                [
                    1635.77401638031,
                    -1453.2253742218018
                ],
                [
                    756.3837766647339,
                    -1194.2646503448486
                ],
                [
                    1359.844446182251,
                    -2568.4728622436523
                ],
                [
                    1508.0596208572388,
                    -1194.5844888687134
                ],
                [
                    1065.6907558441162,
                    -563.1901621818542
                ],
                [
                    683.1892728805542,
                    -583.3739638328552
                ],
                [
                    942.8676962852478,
                    -1077.681541442871
                ],
                [
                    1158.287525177002,
                    -1194.4352388381958
                ]
            ],
            "provenance": "visii",
            "quaternion_xyzw": [
                -0.4944758415222168,
                0.27493318915367126,
                -0.8183091282844543,
                -0.10136786103248596
            ],
            "quaternion_xyzw_world": [
                0.24869932234287262,
                0.8445430397987366,
                -0.46824198961257935,
                -0.07513400912284851
            ],
            "segmentation_id": 5,
            "visibility": 0
        },
        {
            "bounding_box_minx_maxx_miny_maxy": [
                -1,
                -1,
                -1,
                -1
            ],
            "class": "Tag",
            "local_cuboid": null,
            "local_to_world_matrix": [
                [
                    0.7441496253013611,
                    0.6618856191635132,
                    0.09027054905891418,
                    0.0
                ],
                [
                    -0.15023434162139893,
                    0.03415107727050781,
                    0.9880604147911072,
                    0.0
                ],
                [
                    0.65090012550354,
                    -0.7488265633583069,
                    0.12485146522521973,
                    0.0
                ],
                [
                    1.7995145320892334,
                    -0.6527465581893921,
                    0.6292416453361511,
                    1.0
                ]
            ],
            "location": [
                0.6527465581893921,
                0.6292416453361511,
                -1.7995145320892334
            ],
            "location_world": [
                1.7995145320892334,
                -0.6527465581893921,
                0.6292416453361511
            ],
            "name": "google_Tag_Dishtowel_Basket_Weave_Red_18_x_26_5",
            "projected_cuboid": [
                [
                    448.7021565437317,
                    83.15755426883698
                ],
                [
                    449.8547613620758,
                    5.642503499984741
                ],
                [
                    443.7752962112427,
                    4.061654210090637
                ],
                [
                    442.721962928772,
                    82.5413316488266
                ],
                [
                    501.24895572662354,
                    76.46878063678741
                ],
                [
                    503.54206562042236,
                    -6.829768419265747
                ],
                [
                    497.7223873138428,
                    -8.692026138305664
                ],
                [
                    495.5158829689026,
                    75.72142779827118
                ],
                [
                    471.9630777835846,
                    39.57347571849823
                ]
            ],
            "provenance": "visii",
            "quaternion_xyzw": [
                0.015444397926330566,
                0.9084115028381348,
                0.07570517063140869,
                0.410875529050827
            ],
            "quaternion_xyzw_world": [
                0.629513144493103,
                0.20319324731826782,
                0.2943428158760071,
                0.6897739171981812
            ],
            "segmentation_id": 6,
            "visibility": 0
        },
        {
            "bounding_box_minx_maxx_miny_maxy": [
                292,
                424,
                1,
                118
            ],
            "class": "FRACTION",
            "local_cuboid": null,
            "local_to_world_matrix": [
                [
                    -0.22457945346832275,
                    0.7311711311340332,
                    0.6441684365272522,
                    0.0
                ],
                [
                    -0.21659433841705322,
                    -0.6819733381271362,
                    0.698569655418396,
                    0.0
                ],
                [
                    0.9500795006752014,
                    0.017361074686050415,
                    0.31152456998825073,
                    0.0
                ],
                [
                    0.4807887077331543,
                    -0.15657494962215424,
                    0.16337041556835175,
                    1.0
                ]
            ],
            "location": [
                0.15657494962215424,
                0.16337041556835175,
                -0.4807887077331543
            ],
            "location_world": [
                0.4807887077331543,
                -0.15657494962215424,
                0.16337041556835175
            ],
            "name": "google_FRACTION_FUN_n4h4qte23QR_6",
            "projected_cuboid": [
                [
                    281.52087330818176,
                    56.9368451833725
                ],
                [
                    445.6457793712616,
                    -124.84094500541687
                ],
                [
                    465.1593565940857,
                    -141.54711365699768
                ],
                [
                    285.19654273986816,
                    57.35480785369873
                ],
                [
                    416.7482852935791,
                    191.51847064495087
                ],
                [
                    579.114556312561,
                    34.0237021446228
                ],
                [
                    608.5972785949707,
                    32.45699405670166
                ],
                [
                    430.9457540512085,
                    202.65266299247742
                ],
                [
                    438.0122125148773,
                    45.22436857223511
                ]
            ],
            "provenance": "visii",
            "quaternion_xyzw": [
                0.36067256331443787,
                0.9192143678665161,
                0.14363324642181396,
                -0.06580090522766113
            ],
            "quaternion_xyzw_world": [
                0.5352264046669006,
                0.2403547167778015,
                0.7446605563163757,
                0.31818708777427673
            ],
            "segmentation_id": 7,
            "visibility": 1
        },
        {
            "bounding_box_minx_maxx_miny_maxy": [
                215,
                261,
                339,
                405
            ],
            "class": "FAIRY",
            "local_cuboid": null,
            "local_to_world_matrix": [
                [
                    -0.6927210092544556,
                    -0.6653022170066833,
                    -0.27840709686279297,
                    0.0
                ],
                [
                    -0.6822649836540222,
                    0.7296533584594727,
                    -0.04605016112327576,
                    0.0
                ],
                [
                    0.2337779402732849,
                    0.15804749727249146,
                    -0.9593585729598999,
                    0.0
                ],
                [
                    1.6921764612197876,
                    -0.08426737785339355,
                    -0.2849966287612915,
                    1.0
                ]
            ],
            "location": [
                0.08426737785339355,
                -0.2849966287612915,
                -1.6921764612197876
            ],
            "location_world": [
                1.6921764612197876,
                -0.08426737785339355,
                -0.2849966287612915
            ],
            "name": "google_FAIRY_TALE_BLOCKS_7",
            "projected_cuboid": [
                [
                    328.9024829864502,
                    432.12568759918213
                ],
                [
                    263.5481059551239,
                    457.83308148384094
                ],
                [
                    278.05742621421814,
                    379.743754863739
                ],
                [
                    343.87457370758057,
                    361.5703582763672
                ],
                [
                    270.0512707233429,
                    394.1737413406372
                ],
                [
                    205.02549409866333,
                    413.3991301059723
                ],
                [
                    216.24988317489624,
                    341.8780565261841
                ],
                [
                    282.004714012146,
                    329.03969287872314
                ],
                [
                    273.58290553092957,
                    387.8083825111389
                ]
            ],
            "provenance": "visii",
            "quaternion_xyzw": [
                -0.697339653968811,
                0.3613950312137604,
                -0.1916833072900772,
                -0.5885307788848877
            ],
            "quaternion_xyzw_world": [
                -0.36639603972435,
                0.9194744229316711,
                0.0304514542222023,
                0.13926027715206146
            ],
            "segmentation_id": 8,
            "visibility": 1
        },
        {
            "bounding_box_minx_maxx_miny_maxy": [
                493,
                499,
                406,
                431
            ],
            "class": "Great",
            "local_cuboid": null,
            "local_to_world_matrix": [
                [
                    -0.7797616720199585,
                    0.2761380672454834,
                    0.5618900656700134,
                    0.0
                ],
                [
                    -0.17583149671554565,
                    0.7647669315338135,
                    -0.6198506951332092,
                    0.0
                ],
                [
                    -0.6008793711662292,
                    -0.5821334719657898,
                    -0.547782301902771,
                    0.0
                ],
                [
                    1.8526217937469482,
                    -0.643429160118103,
                    -0.5653916001319885,
                    1.0
                ]
            ],
            "location": [
                0.643429160118103,
                -0.5653916001319885,
                -1.8526217937469482
            ],
            "location_world": [
                1.8526217937469482,
                -0.643429160118103,
                -0.5653916001319885
            ],
            "name": "google_Great_Jones_Wingtip_kAqSg6EgG0I_8",
            "projected_cuboid": [
                [
                    527.6949405670166,
                    420.55243253707886
                ],
                [
                    452.53682136535645,
                    494.1357970237732
                ],
                [
                    422.34140634536743,
                    463.66822719573975
                ],
                [
                    495.604932308197,
                    393.7329649925232
                ],
                [
                    524.7044563293457,
                    432.91348218917847
                ],
                [
                    453.07648181915283,
                    503.3280849456787
                ],
                [
                    424.26300048828125,
                    473.9387035369873
                ],
                [
                    494.1678047180176,
                    406.8642854690552
                ],
                [
                    474.5539426803589,
                    447.9811191558838
                ]
            ],
            "provenance": "visii",
            "quaternion_xyzw": [
                -0.4309389591217041,
                0.11769482493400574,
                -0.7900741100311279,
                -0.41978883743286133
            ],
            "quaternion_xyzw_world": [
                0.02852053940296173,
                0.8792483806610107,
                -0.3417646884918213,
                -0.3306145966053009
            ],
            "segmentation_id": 9,
            "visibility": 1
        },
        {
            "bounding_box_minx_maxx_miny_maxy": [
                192,
                233,
                415,
                490
            ],
            "class": "Ecoforms",
            "local_cuboid": null,
            "local_to_world_matrix": [
                [
                    0.20296651124954224,
                    0.4048008322715759,
                    -0.891594648361206,
                    0.0
                ],
                [
                    -0.1496187448501587,
                    -0.8870337009429932,
                    -0.43678995966911316,
                    0.0
                ],
                [
                    -0.9676873683929443,
                    0.22205296158790588,
                    -0.11947226524353027,
                    0.0
                ],
                [
                    1.760852336883545,
                    0.0011875947238877416,
                    -0.5549519062042236,
                    1.0
                ]
            ],
            "location": [
                -0.0011875947238877416,
                -0.5549519062042236,
                -1.760852336883545
            ],
            "location_world": [
                1.760852336883545,
                0.0011875947238877416,
                -0.5549519062042236
            ],
            "name": "google_Ecoforms_Plant_Container_Quadra_Sand_QP6_9",
            "projected_cuboid": [
                [
                    190.27996063232422,
                    478.7728190422058
                ],
                [
                    252.72533297538757,
                    514.1040086746216
                ],
                [
                    265.26325941085815,
                    482.83371329307556
                ],
                [
                    208.2943171262741,
                    451.20924711227417
                ],
                [
                    218.0318534374237,
                    420.0066924095154
                ],
                [
                    282.5242578983307,
                    455.1417827606201
                ],
                [
                    292.52925515174866,
                    428.7387728691101
                ],
                [
                    233.86496305465698,
                    397.29487895965576
                ],
                [
                    242.86584556102753,
                    453.0407786369324
                ]
            ],
            "provenance": "visii",
            "quaternion_xyzw": [
                0.12678895890712738,
                -0.008993059396743774,
                -0.838045060634613,
                0.5305885076522827
            ],
            "quaternion_xyzw_world": [
                0.7432147264480591,
                0.08583726733922958,
                -0.6254188418388367,
                -0.22161930799484253
            ],
            "segmentation_id": 10,
            "visibility": 1
        },
        {
            "bounding_box_minx_maxx_miny_maxy": [
                -1,
                -1,
                -1,
                -1
            ],
            "class": "ReadytoUse",
            "local_cuboid": null,
            "local_to_world_matrix": [
                [
                    0.0343015193939209,
                    0.9955401420593262,
                    -0.08788114786148071,
                    0.0
                ],
                [
                    0.20984897017478943,
                    0.07879817485809326,
                    0.9745533466339111,
                    0.0
                ],
                [
                    0.9771319031715393,
                    -0.05187046527862549,
                    -0.20621013641357422,
                    0.0
                ],
                [
                    0.8828440308570862,
                    0.577426552772522,
                    -0.06767340004444122,
                    1.0
                ]
            ],
            "location": [
                -0.577426552772522,
                -0.06767340004444122,
                -0.8828440308570862
            ],
            "location_world": [
                0.8828440308570862,
                0.577426552772522,
                -0.06767340004444122
            ],
            "name": "google_ReadytoUse_Rolled_Fondant_Pure_White_24_oz_box_10",
            "projected_cuboid": [
                [
                    -112.32969164848328,
                    326.11405849456787
                ],
                [
                    -111.00366711616516,
                    297.9790270328522
                ],
                [
                    -183.77730250358582,
                    283.2791209220886
                ],
                [
                    -186.20452284812927,
                    316.5123164653778
                ],
                [
                    -43.50993037223816,
                    320.2160596847534
                ],
                [
                    -42.85380244255066,
                    292.0271158218384
                ],
                [
                    -103.29261422157288,
                    276.15073323249817
                ],
                [
                    -104.78374361991882,
                    309.4584047794342
                ],
                [
                    -108.18248987197876,
                    303.18567156791687
                ]
            ],
            "provenance": "visii",
            "quaternion_xyzw": [
                -0.04194746911525726,
                0.9933812618255615,
                -0.10470783710479736,
                0.02168653905391693
            ],
            "quaternion_xyzw_world": [
                0.5389140844345093,
                0.5591750144958496,
                0.4125197231769562,
                0.47615373134613037
            ],
            "segmentation_id": 11,
            "visibility": 0
        },
        {
            "bounding_box_minx_maxx_miny_maxy": [
                81,
                121,
                490,
                500
            ],
            "class": "Dog",
            "local_cuboid": null,
            "local_to_world_matrix": [
                [
                    0.9617058038711548,
                    0.2702905237674713,
                    -0.045441970229148865,
                    0.0
                ],
                [
                    0.07945796847343445,
                    -0.11626780033111572,
                    0.9900344610214233,
                    0.0
                ],
                [
                    0.26231348514556885,
                    -0.9557325839996338,
                    -0.13329219818115234,
                    0.0
                ],
                [
                    0.3510659337043762,
                    0.11152500659227371,
                    -0.23357221484184265,
                    1.0
                ]
            ],
            "location": [
                -0.11152500659227371,
                -0.23357221484184265,
                -0.3510659337043762
            ],
            "location_world": [
                0.3510659337043762,
                0.11152500659227371,
                -0.23357221484184265
            ],
            "name": "google_Dog_11",
            "projected_cuboid": [
                [
                    292.8370237350464,
                    672.7039217948914
                ],
                [
                    316.5247440338135,
                    448.80226254463196
                ],
                [
                    80.5722177028656,
                    436.864972114563
                ],
                [
                    46.55289649963379,
                    685.955286026001
                ],
                [
                    458.13649892807007,
                    979.379415512085
                ],
                [
                    491.2424087524414,
                    574.7851133346558
                ],
                [
                    80.75383305549622,
                    578.5790681838989
                ],
                [
                    14.379620552062988,
                    1073.594093322754
                ],
                [
                    223.19437563419342,
                    641.7958736419678
                ]
            ],
            "provenance": "visii",
            "quaternion_xyzw": [
                0.022296372801065445,
                0.7941408157348633,
                -0.066974937915802,
                0.6036204099655151
            ],
            "quaternion_xyzw_world": [
                0.7435162663459778,
                0.1175994798541069,
                0.07292091101408005,
                0.6542449593544006
            ],
            "segmentation_id": 12,
            "visibility": 1
        },
        {
            "bounding_box_minx_maxx_miny_maxy": [
                -1,
                -1,
                -1,
                -1
            ],
            "class": "Black",
            "local_cuboid": null,
            "local_to_world_matrix": [
                [
                    -0.06316876411437988,
                    -0.4808034598827362,
                    0.8745500445365906,
                    0.0
                ],
                [
                    0.6542507410049438,
                    -0.6816823482513428,
                    -0.32751351594924927,
                    0.0
                ],
                [
                    0.7536349892616272,
                    0.5514863729476929,
                    0.3576270341873169,
                    0.0
                ],
                [
                    1.2810684442520142,
                    0.5886940360069275,
                    0.23678196966648102,
                    1.0
                ]
            ],
            "location": [
                -0.5886940360069275,
                0.23678196966648102,
                -1.2810684442520142
            ],
            "location_world": [
                1.2810684442520142,
                0.5886940360069275,
                0.23678196966648102
            ],
            "name": "google_Black_Elderberry_Syrup_54_oz_Gaia_Herbs_12",
            "projected_cuboid": [
                [
                    -47.58727550506592,
                    107.48922824859619
                ],
                [
                    -22.149592638015747,
                    119.69795823097229
                ],
                [
                    -7.874876260757446,
                    132.8437328338623
                ],
                [
                    -35.082459449768066,
                    119.97871100902557
                ],
                [
                    -58.88086557388306,
                    129.82898950576782
                ],
                [
                    -33.19889307022095,
                    141.3947343826294
                ],
                [
                    -19.8916494846344,
                    156.32610023021698
                ],
                [
                    -47.38917946815491,
                    144.21622455120087
                ],
                [
                    -34.08727049827576,
                    131.29442930221558
                ]
            ],
            "provenance": "visii",
            "quaternion_xyzw": [
                0.8003050088882446,
                0.486137330532074,
                -0.15254107117652893,
                -0.3160913288593292
            ],
            "quaternion_xyzw_world": [
                0.5614460110664368,
                0.07723240554332733,
                0.7249962687492371,
                -0.391400009393692
            ],
            "segmentation_id": 13,
            "visibility": 0
        },
        {
            "bounding_box_minx_maxx_miny_maxy": [
                -1,
                -1,
                -1,
                -1
            ],
            "class": "Razer",
