{
    "camera_data": {
        "camera_look_at": {
            "at": [
                1.0,
                0.0,
                0.0
            ],
            "eye": [
                0.0,
                0.0,
                0.0
            ],
            "up": [
                0.0,
                0.0,
                1.0
            ]
        },
        "camera_view_matrix": [
            [
                0.0,
                0.0,
                -1.0,
                0.0
            ],
            [
                -1.0,
                0.0,
                0.0,
                0.0
            ],
            [
                0.0,
                1.0,
                0.0,
                0.0
            ],
            [
                0.0,
                0.0,
                0.0,
                1.0
            ]
        ],
        "height": 500,
        "intrinsics": {
            "cx": 250.0,
            "cy": 250.0,
            "fx": 603.5535278320312,
            "fy": 603.5535278320312
        },
        "location_world": [
            0.0,
            0.0,
            0.0
        ],
        "quaternion_world_xyzw": [
            0.5,
            -0.5,
            -0.5,
            0.5
        ],
        "width": 500
    },
    "objects": [
        {
            "bounding_box_minx_maxx_miny_maxy": [
                444,
                481,
                160,
                253
            ],
            "class": "Reebok",
            "local_cuboid": null,
            "local_to_world_matrix": [
                [
                    -0.4199197292327881,
                    0.8498607873916626,
                    -0.318440705537796,
                    0.0
                ],
                [
                    -0.731776237487793,
                    -0.1095191240310669,
                    0.6726882457733154,
                    0.0
                ],
                [
                    0.5368160009384155,
                    0.5155022144317627,
                    0.6678968071937561,
                    0.0
                ],
                [
                    1.0679571628570557,
                    -0.35052990913391113,
                    0.023479178547859192,
                    1.0
                ]
            ],
            "location": [
                0.35052990913391113,
                0.023479178547859192,
                -1.0679571628570557
            ],
            "location_world": [
                1.0679571628570557,
                -0.35052990913391113,
                0.023479178547859192
            ],
            "name": "google_Reebok_SOMERSET_RUN_0",
            "projected_cuboid": [
                [
                    362.7552092075348,
                    257.6954662799835
                ],
                [
                    406.2687158584595,
                    140.46698808670044
                ],
                [
                    455.2050232887268,
                    183.12141299247742
                ],
                [
                    400.23353695869446,
                    298.7616956233978
                ],
                [
                    404.4257402420044,
                    240.2045726776123
                ],
                [
                    454.49358224868774,
                    124.70513582229614
                ],
                [
                    504.1269063949585,
                    164.30853307247162
                ],
                [
                    442.58880615234375,
                    278.73772382736206
                ],
                [
                    426.0745644569397,
                    215.86817502975464
                ]
            ],
            "provenance": "visii",
            "quaternion_xyzw": [
                -0.059722498059272766,
                0.8745520710945129,
                0.40011143684387207,
                -0.2674002945423126
            ],
            "quaternion_xyzw_world": [
                0.07365890592336655,
                0.40078169107437134,
                0.7411706447601318,
                0.5334928631782532
            ],
            "segmentation_id": 1,
            "visibility": 1
        },
        {
            "bounding_box_minx_maxx_miny_maxy": [
                -1,
                -1,
                -1,
                -1
            ],
            "class": "Breyer",
            "local_cuboid": null,
            "local_to_world_matrix": [
                [
                    -0.6614315509796143,
                    -0.6741621494293213,
                    -0.3286542594432831,
                    0.0
                ],
                [
                    -0.5422422885894775,
                    0.12710845470428467,
                    0.8305519819259644,
                    0.0
                ],
                [
                    -0.5181519985198975,
                    0.7275635004043579,
                    -0.44963276386260986,
                    0.0
                ],
                [
                    0.28953495621681213,
                    0.2698182463645935,
                    -0.1218361184000969,
                    1.0
                ]
            ],
            "location": [
                -0.2698182463645935,
                -0.1218361184000969,
                -0.28953495621681213
            ],
            "location_world": [
                0.28953495621681213,
                0.2698182463645935,
                -0.1218361184000969
            ],
            "name": "google_Breyer_Horse_Of_The_Year_2015_1",
            "projected_cuboid": [
                [
                    -997.2103834152222,
                    1282.6660871505737
                ],
                [
                    -1379.6087503433228,
                    1312.4617338180542
                ],
                [
                    -360.7756495475769,
                    660.0524187088013
                ],
                [
                    -255.84018230438232,
                    731.8097352981567
                ],
                [
                    -672.7046370506287,
                    598.4945297241211
                ],
                [
                    -797.6289987564087,
                    530.8820009231567
                ],
                [
                    -362.7181649208069,
                    346.228152513504
                ],
                [
                    -300.1595735549927,
                    414.92778062820435
                ],
                [
                    -550.0448942184448,
                    622.7009892463684
                ]
            ],
            "provenance": "visii",
            "quaternion_xyzw": [
                -0.2852447032928467,
                0.3994489014148712,
                0.05796079337596893,
                -0.8693195581436157
            ],
            "quaternion_xyzw_world": [
                -0.40653806924819946,
                0.7480261921882629,
                0.5207422971725464,
                -0.06333259493112564
            ],
            "segmentation_id": 2,
            "visibility": 0
        },
        {
            "bounding_box_minx_maxx_miny_maxy": [
                180,
                189,
                59,
                82
            ],
            "class": "Smith",
            "local_cuboid": null,
            "local_to_world_matrix": [
                [
                    -0.7401503324508667,
                    -0.1286744922399521,
                    -0.6600154638290405,
                    0.0
                ],
                [
                    -0.5985583066940308,
                    -0.32122182846069336,
                    0.7338559031486511,
                    0.0
                ],
                [
                    -0.30643990635871887,
                    0.9382213950157166,
                    0.16073328256607056,
                    0.0
                ],
                [
                    1.553892970085144,
                    0.16925263404846191,
                    0.49938806891441345,
                    1.0
                ]
            ],
            "location": [
                -0.16925263404846191,
                0.49938806891441345,
                -1.553892970085144
            ],
            "location_world": [
                1.553892970085144,
                0.16925263404846191,
                0.49938806891441345
            ],
            "name": "google_Smith_Hawken_Woven_BasketTray_Organizer_with_3_Compartments_95_x_9_x_13_2",
            "projected_cuboid": [
                [
                    62.39134073257446,
                    110.40905117988586
                ],
                [
                    79.03070747852325,
                    3.0270665884017944
                ],
                [
                    202.6750147342682,
                    37.54137456417084
                ],
                [
                    174.2364466190338,
                    135.47413051128387
                ],
                [
                    75.5053162574768,
                    47.18512296676636
                ],
                [
                    90.56107699871063,
                    -47.82000184059143
                ],
                [
                    193.13204288482666,
                    -16.425490379333496
                ],
                [
                    169.82656717300415,
                    71.40874862670898
                ],
                [
                    131.97676837444305,
                    42.9026335477829
                ]
            ],
            "provenance": "visii",
            "quaternion_xyzw": [
                -0.14864277839660645,
                0.5698117017745972,
                0.33313268423080444,
                -0.7363712191581726
            ],
            "quaternion_xyzw_world": [
                -0.32416749000549316,
                0.5608465075492859,
                0.7453364133834839,
                0.15760797262191772
            ],
            "segmentation_id": 3,
            "visibility": 1
        },
        {
            "bounding_box_minx_maxx_miny_maxy": [
                -1,
                -1,
                -1,
                -1
            ],
            "class": "Paul",
            "local_cuboid": null,
            "local_to_world_matrix": [
                [
                    0.09856414794921875,
                    0.3159743547439575,
                    0.9436341524124146,
                    0.0
                ],
                [
                    0.8457579612731934,
                    0.4730825424194336,
                    -0.24675175547599792,
                    0.0
                ],
                [
                    -0.5243840217590332,
                    0.8224068880081177,
                    -0.22060883045196533,
                    0.0
                ],
                [
                    0.9361245632171631,
                    -0.18863728642463684,
                    0.03051154688000679,
                    1.0
                ]
            ],
            "location": [
                0.18863728642463684,
                0.03051154688000679,
                -0.9361245632171631
            ],
            "location_world": [
                0.9361245632171631,
                -0.18863728642463684,
                0.03051154688000679
            ],
            "name": "google_Paul_Frank_Dot_Lunch_Box_3",
            "projected_cuboid": [
                [
                    235.80153286457062,
                    159.3899130821228
                ],
                [
                    201.99362933635712,
                    187.26983666419983
                ],
                [
                    323.63787293434143,
                    163.8864427804947
                ],
                [
                    365.18168449401855,
                    137.39868998527527
                ],
                [
                    301.7727732658386,
                    354.7523319721222
                ],
                [
                    259.8208785057068,
                    362.4381422996521
                ],
                [
                    377.46280431747437,
                    316.4295554161072
                ],
                [
                    425.8340895175934,
                    305.02402782440186
                ],
                [
                    314.197301864624,
                    246.29604816436768
                ]
            ],
            "provenance": "visii",
            "quaternion_xyzw": [
                -0.3187449872493744,
                -0.36906588077545166,
                0.7223417162895203,
                0.4903208017349243
            ],
            "quaternion_xyzw_world": [
                -0.4599158763885498,
                -0.6314917206764221,
                -0.22789497673511505,
                0.5811707973480225
            ],
            "segmentation_id": 4,
            "visibility": 0
        },
        {
            "bounding_box_minx_maxx_miny_maxy": [
                -1,
                -1,
                -1,
                -1
            ],
            "class": "Toys",
            "local_cuboid": null,
            "local_to_world_matrix": [
                [
                    0.2999047636985779,
                    -0.8913976550102234,
                    -0.3398049473762512,
                    0.0
                ],
                [
                    0.16899675130844116,
                    -0.30092358589172363,
                    0.9385547637939453,
                    0.0
                ],
                [
                    -0.9388808608055115,
                    -0.33890295028686523,
                    0.060394883155822754,
                    0.0
                ],
                [
                    0.3270494341850281,
                    -0.2559701204299927,
                    0.4622848927974701,
                    1.0
                ]
            ],
            "location": [
                0.2559701204299927,
                0.4622848927974701,
                -0.3270494341850281
            ],
            "location_world": [
                0.3270494341850281,
                -0.2559701204299927,
                0.4622848927974701
            ],
            "name": "google_Toys_R_Us_Treat_Dispenser_Smart_Puzzle_Foobler_4",
            "projected_cuboid": [
                [
                    1355.082631111145,
                    -915.402889251709
                ],
                [
                    1351.4796495437622,
                    -1174.834966659546
                ],
                [
                    828.2363414764404,
                    -594.3558216094971
                ],
                [
                    789.9505496025085,
                    -400.98392963409424
                ],
                [
                    1137.3478174209595,
                    -1499.9316930770874
                ],
                [
                    1165.548324584961,
                    -1741.0486936569214
                ],
                [
                    650.2234935760498,
                    -818.1310892105103
                ],
                [
                    589.913010597229,
                    -613.9208674430847
                ],
                [
                    917.1963334083557,
                    -854.9737930297852
                ]
            ],
            "provenance": "visii",
            "quaternion_xyzw": [
                -0.05908048152923584,
                0.1645268201828003,
                -0.16502153873443604,
                0.9706741571426392
            ],
            "quaternion_xyzw_world": [
                0.6205710172653198,
                -0.2910226583480835,
                -0.5151246786117554,
                0.5146299600601196
            ],
            "segmentation_id": 5,
            "visibility": 0
        },
        {
            "bounding_box_minx_maxx_miny_maxy": [
                482,
                499,
                45,
                68
            ],
            "class": "Tag",
            "local_cuboid": null,
            "local_to_world_matrix": [
                [
                    0.1848347783088684,
                    0.9516332149505615,
                    -0.24541881680488586,
                    0.0
                ],
                [
                    0.43229448795318604,
                    0.14553683996200562,
                    0.8899104595184326,
                    0.0
                ],
                [
                    0.8825857639312744,
                    -0.27057960629463196,
                    -0.38448548316955566,
                    0.0
                ],
                [
                    1.6762633323669434,
                    -0.5835080742835999,
                    0.5885264277458191,
                    1.0
                ]
            ],
            "location": [
                0.5835080742835999,
                0.5885264277458191,
                -1.6762633323669434
            ],
            "location_world": [
                1.6762633323669434,
                -0.5835080742835999,
                0.5885264277458191
            ],
            "name": "google_Tag_Dishtowel_Basket_Weave_Red_18_x_26_5",
            "projected_cuboid": [
                [
                    440.9036636352539,
                    87.41484582424164
                ],
                [
                    418.5141623020172,
                    26.064902544021606
                ],
                [
                    418.22248697280884,
                    17.468824982643127
                ],
                [
                    441.0136342048645,
                    79.44101095199585
                ],
                [
                    504.2581558227539,
                    68.89893114566803
                ],
                [
                    477.79905796051025,
                    7.509633898735046
                ],
                [
                    478.56801748275757,
                    -1.5783607959747314
                ],
                [
                    505.5807828903198,
                    60.415223240852356
                ],
                [
                    459.94991064071655,
                    42.41248965263367
                ]
            ],
            "provenance": "visii",
            "quaternion_xyzw": [
                -0.10129433870315552,
                0.9649001955986023,
                -0.2116229236125946,
                0.11799521744251251
            ],
            "quaternion_xyzw_world": [
                0.5966119766235352,
                0.5799111127853394,
                0.26699385046958923,
                0.48628339171409607
            ],
            "segmentation_id": 6,
            "visibility": 1
        },
        {
            "bounding_box_minx_maxx_miny_maxy": [
                470,
                496,
                53,
                101
            ],
            "class": "FRACTION",
            "local_cuboid": null,
            "local_to_world_matrix": [
                [
                    -0.38236093521118164,
                    -0.7861558794975281,
                    -0.4855502247810364,
                    0.0
                ],
                [
                    0.2960352301597595,
                    -0.6020058393478394,
                    0.7415876388549805,
                    0.0
                ],
                [
                    -0.8753075003623962,
                    0.13981416821479797,
                    0.4629133343696594,
                    0.0
                ],
                [
                    0.5350466370582581,
                    -0.09352996945381165,
                    0.13280825316905975,
                    1.0
                ]
            ],
            "location": [
                0.09352996945381165,
                0.13280825316905975,
                -0.5350466370582581
            ],
            "location_world": [
                0.5350466370582581,
                -0.09352996945381165,
                0.13280825316905975
            ],
            "name": "google_FRACTION_FUN_n4h4qte23QR_6",
            "projected_cuboid": [
                [
                    387.7212107181549,
                    193.91518831253052
                ],
                [
                    511.9173526763916,
                    27.97822654247284
                ],
                [
                    499.9389052391052,
                    67.14755296707153
                ],
                [
                    384.3776285648346,
                    224.2863029241562
                ],
                [
                    203.85167002677917,
                    99.17683899402618
                ],
                [
                    331.5879702568054,
                    -37.34669089317322
                ],
                [
                    332.54003524780273,
                    1.621529459953308
                ],
                [
                    213.9589935541153,
                    132.50166177749634
                ],
                [
                    355.81743717193604,
                    82.73792266845703
                ]
            ],
            "provenance": "visii",
            "quaternion_xyzw": [
                0.20570655167102814,
                0.14153112471103668,
                0.29477280378341675,
                -0.9223679900169373
            ],
            "quaternion_xyzw_world": [
                -0.4349515736103058,
                0.2817098796367645,
                0.7821892499923706,
                -0.345885306596756
            ],
            "segmentation_id": 7,
            "visibility": 1
        },
        {
            "bounding_box_minx_maxx_miny_maxy": [
                -1,
                -1,
                -1,
                -1
            ],
            "class": "FAIRY",
            "local_cuboid": null,
            "local_to_world_matrix": [
                [
                    0.11835551261901855,
                    -0.8824059367179871,
                    -0.45535895228385925,
                    0.0
                ],
                [
                    -0.2301521897315979,
                    0.42171603441238403,
                    -0.8770322203636169,
                    0.0
                ],
                [
                    0.9659305810928345,
                    0.20860344171524048,
                    -0.1531752347946167,
                    0.0
                ],
                [
                    1.7320995330810547,
                    -0.13852693140506744,
                    -0.1718176156282425,
                    1.0
                ]
            ],
            "location": [
                0.13852693140506744,
                -0.1718176156282425,
                -1.7320995330810547
            ],
            "location_world": [
                1.7320995330810547,
                -0.13852693140506744,
                -0.1718176156282425
            ],
            "name": "google_FAIRY_TALE_BLOCKS_7",
            "projected_cuboid": [
                [
                    328.07520031929016,
                    294.36588287353516
                ],
                [
                    295.6204414367676,
                    368.3890104293823
                ],
                [
                    317.7143931388855,
                    371.23656272888184
                ],
                [
                    353.34599018096924,
                    288.1403863430023
                ],
                [
                    262.0586156845093,
                    260.35937666893005
                ],
                [
                    226.98715329170227,
                    334.43278074264526
                ],
                [
                    240.6977415084839,
                    332.99219608306885
                ],
                [
                    279.61447834968567,
                    249.83704090118408
                ],
                [
                    288.017213344574,
                    312.0740056037903
                ]
            ],
            "provenance": "visii",
            "quaternion_xyzw": [
                -0.9650607109069824,
                0.22720716893672943,
                0.08469906449317932,
                -0.09930136799812317
            ],
            "quaternion_xyzw_world": [
                -0.46092697978019714,
                0.6034350991249084,
                -0.27692654728889465,
                0.5888327956199646
            ],
            "segmentation_id": 8,
            "visibility": 0
        },
        {
            "bounding_box_minx_maxx_miny_maxy": [
                -1,
                -1,
                -1,
                -1
            ],
            "class": "Great",
            "local_cuboid": null,
            "local_to_world_matrix": [
                [
                    0.039370059967041016,
                    0.6982896327972412,
                    0.7147319316864014,
                    0.0
                ],
                [
                    -0.874403715133667,
                    -0.3221043348312378,
                    0.36285972595214844,
                    0.0
                ],
                [
                    0.48359930515289307,
                    -0.6392500400543213,
                    0.5979056358337402,
                    0.0
                ],
                [
                    1.6013511419296265,
                    -0.5389503836631775,
                    -0.7615910172462463,
                    1.0
                ]
            ],
            "location": [
                0.5389503836631775,
                -0.7615910172462463,
                -1.6013511419296265
            ],
            "location_world": [
                1.6013511419296265,
                -0.5389503836631775,
                -0.7615910172462463
            ],
            "name": "google_Great_Jones_Wingtip_kAqSg6EgG0I_8",
            "projected_cuboid": [
                [
                    425.7051944732666,
                    488.8976216316223
                ],
                [
                    497.0478415489197,
                    486.82481050491333
                ],
                [
                    476.3997793197632,
                    523.6788988113403
                ],
                [
                    406.03941679000854,
                    520.0386047363281
                ],
                [
                    452.31756567955017,
                    516.281008720398
                ],
                [
                    528.6496877670288,
                    519.1245079040527
                ],
                [
                    509.1280937194824,
                    557.3034286499023
                ],
                [
                    433.4455132484436,
                    548.3683943748474
                ],
                [
                    463.1631374359131,
                    519.6126699447632
                ]
            ],
            "provenance": "visii",
            "quaternion_xyzw": [
                0.32498079538345337,
                0.7976133823394775,
                0.46147340536117554,
                0.21270331740379333
            ],
            "quaternion_xyzw_world": [
                0.43691208958625793,
                -0.10077202320098877,
                0.6856821179389954,
                0.5734046697616577
            ],
            "segmentation_id": 9,
            "visibility": 0
        },
        {
            "bounding_box_minx_maxx_miny_maxy": [
                144,
                189,
                397,
                459
            ],
            "class": "Ecoforms",
            "local_cuboid": null,
            "local_to_world_matrix": [
                [
                    -0.8290265798568726,
                    0.4793538451194763,
                    0.2879839241504669,
                    0.0
                ],
                [
                    -0.39650678634643555,
                    -0.8670254945755005,
                    0.30174362659454346,
                    0.0
                ],
                [
                    0.3943313658237457,
                    0.13596594333648682,
                    0.9088542461395264,
                    0.0
                ],
                [
                    1.765159010887146,
                    0.16805344820022583,
                    -0.6020534038543701,
                    1.0
                ]
            ],
            "location": [
                -0.16805344820022583,
                -0.6020534038543701,
                -1.765159010887146
            ],
            "location_world": [
                1.765159010887146,
                0.16805344820022583,
                -0.6020534038543701
            ],
            "name": "google_Ecoforms_Plant_Container_Quadra_Sand_QP6_9",
            "projected_cuboid": [
                [
                    142.47997105121613,
                    401.76379680633545
                ],
                [
                    195.7656741142273,
                    388.2454037666321
                ],
                [
                    201.96814835071564,
                    449.8908519744873
                ],
                [
                    146.3572382926941,
                    461.2347483634949
                ],
                [
                    179.4564723968506,
                    406.453400850296
                ],
                [
                    229.740709066391,
                    394.26279067993164
                ],
                [
                    236.65118217468262,
                    450.74427127838135
                ],
                [
                    184.31434035301208,
                    461.1027240753174
                ],
                [
                    189.77460265159607,
                    426.3627529144287
                ]
            ],
            "provenance": "visii",
            "quaternion_xyzw": [
                0.3915462791919708,
                0.7374667525291443,
                0.44251519441604614,
                -0.32713085412979126
            ],
            "quaternion_xyzw_world": [
                0.17968346178531647,
                0.11526807397603989,
                0.9493295550346375,
                0.23065242171287537
            ],
            "segmentation_id": 10,
            "visibility": 1
        },
        {
            "bounding_box_minx_maxx_miny_maxy": [
                -1,
                -1,
                -1,
                -1
            ],
            "class": "ReadytoUse",
            "local_cuboid": null,
            "local_to_world_matrix": [
                [
                    0.02544301748275757,
                    0.3013211786746979,
                    0.9531831741333008,
                    0.0
                ],
                [
                    -0.5708009004592896,
                    0.7871575355529785,
                    -0.23360078036785126,
                    0.0
                ],
                [
                    -0.8206942081451416,
                    -0.5381343364715576,
                    0.19202208518981934,
                    0.0
                ],
                [
                    0.9277502298355103,
                    0.5776249766349792,
                    0.04555879533290863,
                    1.0
                ]
            ],
            "location": [
                -0.5776249766349792,
                0.04555879533290863,
                -0.9277502298355103
            ],
            "location_world": [
                0.9277502298355103,
                0.5776249766349792,
                0.04555879533290863
            ],
            "name": "google_ReadytoUse_Rolled_Fondant_Pure_White_24_oz_box_10",
            "projected_cuboid": [
                [
                    -114.26237225532532,
                    143.92408728599548
                ],
                [
                    -157.4520468711853,
                    149.0107774734497
                ],
                [
                    -155.68295121192932,
                    185.63959002494812
                ],
                [
                    -118.88325214385986,
                    180.21050095558167
                ],
                [
                    -88.06988596916199,
                    230.81959784030914
                ],
                [
                    -130.48315048217773,
                    239.07560110092163
                ],
                [
                    -132.80043005943298,
                    262.1619999408722
                ],
                [
                    -96.56199812889099,
                    254.43291664123535
                ],
                [
                    -124.11046028137207,
                    206.7367434501648
                ]
            ],
            "provenance": "visii",
            "quaternion_xyzw": [
                0.16702201962471008,
                0.24850866198539734,
                0.7674008011817932,
                0.5669595003128052
            ],
            "quaternion_xyzw_world": [
                0.1075446680188179,
                -0.6264368295669556,
                0.3079860210418701,
                0.7079234719276428
            ],
            "segmentation_id": 11,
            "visibility": 0
        },
        {
            "bounding_box_minx_maxx_miny_maxy": [
                -1,
                -1,
                -1,
                -1
            ],
            "class": "Dog",
            "local_cuboid": null,
            "local_to_world_matrix": [
                [
                    0.7521160840988159,
                    -0.5809668302536011,
                    -0.3111252784729004,
                    0.0
                ],
                [
                    -0.10693386197090149,
                    -0.5734213590621948,
                    0.8122518658638,
                    0.0
                ],
                [
                    -0.650297224521637,
                    -0.5776378512382507,
                    -0.4934043884277344,
                    0.0
                ],
                [
                    0.48340266942977905,
                    0.03008713200688362,
                    -0.2936025559902191,
                    1.0
                ]
            ],
            "location": [
                -0.03008713200688362,
                -0.2936025559902191,
                -0.48340266942977905
            ],
            "location_world": [
                0.48340266942977905,
                0.03008713200688362,
                -0.2936025559902191
            ],
            "name": "google_Dog_11",
            "projected_cuboid": [
                [
                    384.3597173690796,
                    921.7516183853149
                ],
                [
                    539.3632650375366,
                    741.8299913406372
                ],
                [
                    349.1799831390381,
                    523.0118036270142
                ],
                [
                    235.1677119731903,
                    670.3771352767944
                ],
                [
                    176.27941071987152,
                    1186.4092350006104
                ],
                [
                    419.93215680122375,
                    905.368983745575
                ],
                [
                    184.1028332710266,
                    533.5102081298828
                ],
                [
                    29.3705016374588,
                    743.4080839157104
                ],
                [
                    291.95013642311096,
                    742.5955533981323
                ]
            ],
            "provenance": "visii",
            "quaternion_xyzw": [
                0.1720593422651291,
                0.3811127841472626,
                -0.2535145878791809,
                0.8722836971282959
            ],
            "quaternion_xyzw_world": [
                0.839485228061676,
                -0.20485788583755493,
                -0.28631311655044556,
                0.4139113128185272
            ],
            "segmentation_id": 12,
            "visibility": 0
        },
        {
            "bounding_box_minx_maxx_miny_maxy": [
                -1,
                -1,
                -1,
                -1
            ],
            "class": "Black",
            "local_cuboid": null,
            "local_to_world_matrix": [
                [
                    -0.8365796804428101,
                    -0.5147877335548401,
                    0.18742495775222778,
                    0.0
                ],
                [
                    0.5475941300392151,
                    -0.7960977554321289,
                    0.25762179493904114,
                    0.0
                ],
                [
                    0.01658806949853897,
                    0.3181539475917816,
                    0.9478939175605774,
                    0.0
                ],
                [
                    1.2478045225143433,
                    0.6058195233345032,
                    0.34137967228889465,
                    1.0
                ]
            ],
            "location": [
                -0.6058195233345032,
                0.34137967228889465,
                -1.2478045225143433
            ],
            "location_world": [
                1.2478045225143433,
                0.6058195233345032,
                0.34137967228889465
            ],
            "name": "google_Black_Elderberry_Syrup_54_oz_Gaia_Herbs_12",
            "projected_cuboid": [
                [
                    -79.57881689071655,
                    12.257635593414307
                ],
                [
                    -48.14603924751282,
                    11.054396629333496
                ],
                [
                    -26.255935430526733,
                    77.53314077854156
                ],
                [
                    -57.164937257766724,
                    80.51981031894684
                ],
                [
                    -81.16763830184937,
                    26.42817795276642
                ],
                [
                    -50.85936188697815,
                    24.91411566734314
                ],
                [
                    -29.78670597076416,
                    88.95166218280792
                ],
                [
                    -59.61000919342041,
                    92.11893379688263
                ],
                [
                    -53.907960653305054,
                    51.79812014102936
                ]
            ],
            "provenance": "visii",
            "quaternion_xyzw": [
                0.5643035173416138,
                0.4357241690158844,
                0.2296750247478485,
                -0.6625370979309082
            ],
            "quaternion_xyzw_world": [
                0.053907811641693115,
                0.15214131772518158,
                0.9461199045181274,
                -0.28072071075439453
            ],
            "segmentation_id": 13,
            "visibility": 0
        },
        {
            "bounding_box_minx_maxx_miny_maxy": [
                -1,
                -1,
                -1,
                -1
            ],
            "class": "Razer",
