{
    "camera_data": {
        "camera_look_at": {
            "at": [
                1.0,
                0.0,
                0.0
            ],
            "eye": [
                0.0,
                0.0,
                0.0
            ],
            "up": [
                0.0,
                0.0,
                1.0
            ]
        },
        "camera_view_matrix": [
            [
                0.0,
                0.0,
                -1.0,
                0.0
            ],
            [
                -1.0,
                0.0,
                0.0,
                0.0
            ],
            [
                0.0,
                1.0,
                0.0,
                0.0
            ],
            [
                0.0,
                0.0,
                0.0,
                1.0
            ]
        ],
        "height": 500,
        "intrinsics": {
            "cx": 250.0,
            "cy": 250.0,
            "fx": 603.5535278320312,
            "fy": 603.5535278320312
        },
        "location_world": [
            0.0,
            0.0,
            0.0
        ],
        "quaternion_world_xyzw": [
            0.5,
            -0.5,
            -0.5,
            0.5
        ],
        "width": 500
    },
    "objects": [
        {
            "bounding_box_minx_maxx_miny_maxy": [
                465,
                479,
                120,
                140
            ],
            "class": "Reebok",
            "local_cuboid": null,
            "local_to_world_matrix": [
                [
                    -0.7703714370727539,
                    0.29916611313819885,
                    0.5630521178245544,
                    0.0
                ],
                [
                    0.31460967659950256,
                    -0.5897367000579834,
                    0.7437952756881714,
                    0.0
                ],
                [
                    0.5545708537101746,
                    0.7501401901245117,
                    0.3601956367492676,
                    0.0
                ],
                [
                    1.0226085186004639,
                    -0.33213067054748535,
                    0.09670010954141617,
                    1.0
                ]
            ],
            "location": [
                0.33213067054748535,
                0.09670010954141617,
                -1.0226085186004639
            ],
            "location_world": [
                1.0226085186004639,
                -0.33213067054748535,
                0.09670010954141617
            ],
            "name": "google_Reebok_SOMERSET_RUN_0",
            "projected_cuboid": [
                [
                    335.8672261238098,
                    212.8506600856781
                ],
                [
                    424.22032356262207,
                    95.40426731109619
                ],
                [
                    486.4395558834076,
                    110.31588912010193
                ],
                [
                    398.12928438186646,
                    237.3383194208145
                ],
                [
                    347.77575731277466,
                    251.20025873184204
                ],
                [
                    428.666889667511,
                    139.43269848823547
                ],
                [
                    486.2788915634155,
                    155.7275950908661
                ],
                [
                    405.48205375671387,
                    276.02124214172363
                ],
                [
                    415.1598811149597,
                    182.73700773715973
                ]
            ],
            "provenance": "visii",
            "quaternion_xyzw": [
                0.35763442516326904,
                0.8058431148529053,
                0.014142319560050964,
                -0.47171449661254883
            ],
            "quaternion_xyzw_world": [
                0.3388103246688843,
                0.45289042592048645,
                0.8246671557426453,
                -0.00468176044523716
            ],
            "segmentation_id": 1,
            "visibility": 1
        },
        {
            "bounding_box_minx_maxx_miny_maxy": [
                -1,
                -1,
                -1,
                -1
            ],
            "class": "Breyer",
            "local_cuboid": null,
            "local_to_world_matrix": [
                [
                    -0.7406172752380371,
                    -0.5967758297920227,
                    0.3087805509567261,
                    0.0
                ],
                [
                    -0.6715057492256165,
                    0.6736522316932678,
                    -0.3086630403995514,
                    0.0
                ],
                [
                    -0.023808136582374573,
                    -0.4359489381313324,
                    -0.8996568918228149,
                    0.0
                ],
                [
                    0.26970118284225464,
                    0.23696795105934143,
                    -0.11587770283222198,
                    1.0
                ]
            ],
            "location": [
                -0.23696795105934143,
                -0.11587770283222198,
                -0.26970118284225464
            ],
            "location_world": [
                0.26970118284225464,
                0.23696795105934143,
                -0.11587770283222198
            ],
            "name": "google_Breyer_Horse_Of_The_Year_2015_1",
            "projected_cuboid": [
                [
                    -14.266639947891235,
                    903.6732316017151
                ],
                [
                    -230.7313084602356,
                    1135.4072093963623
                ],
                [
                    -472.7321267127991,
                    593.0145978927612
                ],
                [
                    -212.91503310203552,
                    471.6474413871765
                ],
                [
                    -118.24974417686462,
                    715.4175043106079
                ],
                [
                    -233.66481065750122,
                    803.4660816192627
                ],
                [
                    -350.2827286720276,
                    545.682430267334
                ],
                [
                    -223.77189993858337,
                    485.55076122283936
                ],
                [
                    -225.8356809616089,
                    678.2679557800293
                ]
            ],
            "provenance": "visii",
            "quaternion_xyzw": [
                -0.6858627796173096,
                0.13299742341041565,
                -0.4288634657859802,
                -0.5726956129074097
            ],
            "quaternion_xyzw_world": [
                -0.3483487367630005,
                0.9102096557617188,
                -0.20451660454273224,
                -0.09134946763515472
            ],
            "segmentation_id": 2,
            "visibility": 0
        },
        {
            "bounding_box_minx_maxx_miny_maxy": [
                95,
                251,
                1,
                51
            ],
            "class": "Smith",
            "local_cuboid": null,
            "local_to_world_matrix": [
                [
                    -0.5673530101776123,
                    -0.6179687976837158,
                    -0.5442657470703125,
                    0.0
                ],
                [
                    -0.27742910385131836,
                    -0.47885942459106445,
                    0.8329026699066162,
                    0.0
                ],
                [
                    -0.7753345966339111,
                    0.6235449314117432,
                    0.10023975372314453,
                    0.0
                ],
                [
                    1.5078192949295044,
                    0.14726437628269196,
                    0.4942779242992401,
                    1.0
                ]
            ],
            "location": [
                -0.14726437628269196,
                0.4942779242992401,
                -1.5078192949295044
            ],
            "location_world": [
                1.5078192949295044,
                0.14726437628269196,
                0.4942779242992401
            ],
            "name": "google_Smith_Hawken_Woven_BasketTray_Organizer_with_3_Compartments_95_x_9_x_13_2",
            "projected_cuboid": [
                [
                    119.80010569095612,
                    96.28605842590332
                ],
                [
                    175.83349347114563,
                    -24.544507265090942
                ],
                [
                    260.9137296676636,
                    29.063940048217773
                ],
                [
                    208.76312255859375,
                    129.77685034275055
                ],
                [
                    44.7707325220108,
                    35.76157987117767
                ],
                [
                    88.49148452281952,
                    -70.13729214668274
                ],
                [
                    174.0705817937851,
                    -17.46341586112976
                ],
                [
                    132.17014074325562,
                    72.74869084358215
                ],
                [
                    150.2358913421631,
                    32.49351680278778
                ]
            ],
            "provenance": "visii",
            "quaternion_xyzw": [
                -0.04932437837123871,
                0.33151140809059143,
                0.28480833768844604,
                -0.8980821371078491
            ],
            "quaternion_xyzw_world": [
                -0.4503517150878906,
                0.497054785490036,
                0.7325387597084045,
                -0.11621899902820587
            ],
            "segmentation_id": 3,
            "visibility": 1
        },
        {
            "bounding_box_minx_maxx_miny_maxy": [
                -1,
                -1,
                -1,
                -1
            ],
            "class": "Paul",
            "local_cuboid": null,
            "local_to_world_matrix": [
                [
                    0.9195311665534973,
                    0.24803650379180908,
                    0.3048611879348755,
                    0.0
                ],
                [
                    0.3485887050628662,
                    -0.1564633846282959,
                    -0.924124002456665,
                    0.0
                ],
                [
                    -0.1815168559551239,
                    0.9560319185256958,
                    -0.23033571243286133,
                    0.0
                ],
                [
                    0.9478659629821777,
                    -0.19177022576332092,
                    0.007420454174280167,
                    1.0
                ]
            ],
            "location": [
                0.19177022576332092,
                0.007420454174280167,
                -0.9478659629821777
            ],
            "location_world": [
                0.9478659629821777,
                -0.19177022576332092,
                0.007420454174280167
            ],
            "name": "google_Paul_Frank_Dot_Lunch_Box_3",
            "projected_cuboid": [
                [
                    207.3647975921631,
                    223.58438372612
                ],
                [
                    218.64040195941925,
                    282.0758521556854
                ],
                [
                    342.88567304611206,
                    251.19256973266602
                ],
                [
                    336.511105298996,
                    193.94007325172424
                ],
                [
                    245.35158276557922,
                    278.48878502845764
                ],
                [
                    258.2470178604126,
                    352.03537344932556
                ],
                [
                    416.0941243171692,
                    308.8267743587494
                ],
                [
                    411.2164378166199,
                    237.10118234157562
                ],
                [
                    302.5851845741272,
                    262.47116923332214
                ]
            ],
            "provenance": "visii",
            "quaternion_xyzw": [
                -0.6112631559371948,
                -0.18867674469947815,
                0.7670849561691284,
                0.04836419224739075
            ],
            "quaternion_xyzw_world": [
                -0.7593303322792053,
                -0.19643136858940125,
                -0.04060957208275795,
                0.6190177798271179
            ],
            "segmentation_id": 4,
            "visibility": 0
        },
        {
            "bounding_box_minx_maxx_miny_maxy": [
                -1,
                -1,
                -1,
                -1
            ],
            "class": "Toys",
            "local_cuboid": null,
            "local_to_world_matrix": [
                [
                    0.37592822313308716,
                    -0.4840168058872223,
                    -0.7901934385299683,
                    0.0
                ],
                [
                    0.0551513135433197,
                    -0.8395448923110962,
                    0.540483832359314,
                    0.0
                ],
                [
                    -0.9250061511993408,
                    -0.24676331877708435,
                    -0.28891444206237793,
                    0.0
                ],
                [
                    0.3910110592842102,
                    -0.26324665546417236,
                    0.4447437524795532,
                    1.0
                ]
            ],
            "location": [
                0.26324665546417236,
                0.4447437524795532,
                -0.3910110592842102
            ],
            "location_world": [
                0.3910110592842102,
                -0.26324665546417236,
                0.4447437524795532
            ],
            "name": "google_Toys_R_Us_Treat_Dispenser_Smart_Puzzle_Foobler_4",
            "projected_cuboid": [
                [
                    853.5653948783875,
                    -405.9722423553467
                ],
                [
                    1111.5564107894897,
                    -564.0254020690918
                ],
                [
                    769.5125341415405,
                    -354.7940254211426
                ],
                [
                    592.5986766815186,
                    -246.41767144203186
                ],
                [
                    806.7883253097534,
                    -924.7951507568359
                ],
                [
                    1133.4643363952637,
                    -1104.2046546936035
                ],
                [
                    728.6013960838318,
                    -652.3548364639282
                ],
                [
                    521.9507813453674,
                    -533.4171056747437
                ],
                [
                    782.0769548416138,
                    -546.9211339950562
                ]
            ],
            "provenance": "visii",
            "quaternion_xyzw": [
                0.06805676966905594,
                0.18128767609596252,
                -0.47447484731674194,
                0.8587064146995544
            ],
            "quaternion_xyzw_world": [
                0.7912628650665283,
                -0.13550032675266266,
                -0.5419183969497681,
                0.24873122572898865
            ],
            "segmentation_id": 5,
            "visibility": 0
        },
        {
            "bounding_box_minx_maxx_miny_maxy": [
                429,
                495,
                1,
                72
            ],
            "class": "Tag",
            "local_cuboid": null,
            "local_to_world_matrix": [
                [
                    0.297171413898468,
                    -0.1905217468738556,
                    -0.9356231689453125,
                    0.0
                ],
                [
                    0.4480217397212982,
                    -0.8375004529953003,
                    0.3128409683704376,
                    0.0
                ],
                [
                    -0.8431878089904785,
                    -0.5121468305587769,
                    -0.16352331638336182,
                    0.0
                ],
                [
                    1.594339370727539,
                    -0.5549873113632202,
                    0.5731697082519531,
                    1.0
                ]
            ],
            "location": [
                0.5549873113632202,
                0.5731697082519531,
                -1.594339370727539
            ],
            "location_world": [
                1.594339370727539,
                -0.5549873113632202,
                0.5731697082519531
            ],
            "name": "google_Tag_Dishtowel_Basket_Weave_Red_18_x_26_5",
            "projected_cuboid": [
                [
                    442.8275227546692,
                    72.8563666343689
                ],
                [
                    502.28482484817505,
                    57.32797086238861
                ],
                [
                    491.4054870605469,
                    58.65733325481415
                ],
                [
                    432.3384165763855,
                    73.9831030368805
                ],
                [
                    436.2141489982605,
                    2.082839608192444
                ],
                [
                    497.9979693889618,
                    -9.298145771026611
                ],
                [
                    486.8563115596771,
                    -6.719350814819336
                ],
                [
                    425.5027770996094,
                    4.6185702085494995
                ],
                [
                    465.4211103916168,
                    32.02170133590698
                ]
            ],
            "provenance": "visii",
            "quaternion_xyzw": [
                -0.0928613543510437,
                0.26416444778442383,
                -0.5787540674209595,
                0.7659227848052979
            ],
            "quaternion_xyzw_world": [
                0.7579899430274963,
                0.08492856472730637,
                -0.5866868495941162,
                0.27209722995758057
            ],
            "segmentation_id": 6,
            "visibility": 1
        },
        {
            "bounding_box_minx_maxx_miny_maxy": [
                301,
                471,
                43,
                127
            ],
            "class": "FRACTION",
            "local_cuboid": null,
            "local_to_world_matrix": [
                [
                    0.3221428394317627,
                    0.7450729012489319,
                    -0.5840293765068054,
                    0.0
                ],
                [
                    -0.760945737361908,
                    -0.1632167100906372,
                    -0.6279506087303162,
                    0.0
                ],
                [
                    -0.5631923079490662,
                    0.6467044949531555,
                    0.514380931854248,
                    0.0
                ],
                [
                    0.6976180076599121,
                    -0.1485150307416916,
                    0.13823483884334564,
                    1.0
                ]
            ],
            "location": [
                0.1485150307416916,
                0.13823483884334564,
                -0.6976180076599121
            ],
            "location_world": [
                0.6976180076599121,
                -0.1485150307416916,
                0.13823483884334564
            ],
            "name": "google_FRACTION_FUN_n4h4qte23QR_6",
            "projected_cuboid": [
                [
                    280.8724641799927,
                    118.07498335838318
                ],
                [
                    317.5487220287323,
                    201.83169841766357
                ],
                [
                    341.1407470703125,
                    224.43968057632446
                ],
                [
                    301.3419508934021,
                    139.19328153133392
                ],
                [
                    393.2274580001831,
                    21.522045135498047
                ],
                [
                    461.7517590522766,
                    89.26837146282196
                ],
                [
                    481.6197454929352,
                    118.65869164466858
                ],
                [
                    411.51756048202515,
                    47.4599152803421
                ],
                [
                    368.37807297706604,
                    118.32940578460693
                ]
            ],
            "provenance": "visii",
            "quaternion_xyzw": [
                -0.28270360827445984,
                0.3721323609352112,
                0.8567695021629333,
                -0.2180417776107788
            ],
            "quaternion_xyzw_world": [
                -0.4926912486553192,
                0.008054153993725777,
                0.5821200013160706,
                0.646781861782074
            ],
            "segmentation_id": 7,
            "visibility": 1
        },
        {
            "bounding_box_minx_maxx_miny_maxy": [
                -1,
                -1,
                -1,
                -1
            ],
            "class": "FAIRY",
            "local_cuboid": null,
            "local_to_world_matrix": [
                [
                    0.2940561771392822,
                    -0.9330634474754333,
                    -0.20718085765838623,
                    0.0
                ],
                [
                    0.7620310187339783,
                    0.3597119450569153,
                    -0.5384387969970703,
                    0.0
                ],
                [
                    0.5769229531288147,
                    0.0004531443119049072,
                    0.8167985081672668,
                    0.0
                ],
                [
                    1.7711780071258545,
                    -0.1721649169921875,
                    -0.10080962628126144,
                    1.0
                ]
            ],
            "location": [
                0.1721649169921875,
                -0.10080962628126144,
                -1.7711780071258545
            ],
            "location_world": [
                1.7711780071258545,
                -0.1721649169921875,
                -0.10080962628126144
            ],
            "name": "google_FAIRY_TALE_BLOCKS_7",
            "projected_cuboid": [
                [
                    360.46963930130005,
                    208.252415060997
                ],
                [
                    321.2781548500061,
                    254.66370582580566
                ],
                [
                    326.11656188964844,
                    312.5988245010376
                ],
                [
                    368.83604526519775,
                    269.5430815219879
                ],
                [
                    285.9016954898834,
                    188.95649909973145
                ],
                [
                    252.92286276817322,
                    239.07198011875153
                ],
                [
                    253.1610131263733,
                    298.2123792171478
                ],
                [
                    288.76709938049316,
                    251.45918130874634
                ],
                [
                    306.8091869354248,
                    253.23757529258728
                ]
            ],
            "provenance": "visii",
            "quaternion_xyzw": [
                -0.8729870319366455,
                0.16234290599822998,
                0.08433961123228073,
                0.452134370803833
            ],
            "quaternion_xyzw_world": [
                -0.17142468690872192,
                0.24942798912525177,
                -0.5392194390296936,
                0.7859019637107849
            ],
            "segmentation_id": 8,
            "visibility": 0
        },
        {
            "bounding_box_minx_maxx_miny_maxy": [
                -1,
                -1,
                -1,
                -1
            ],
            "class": "Great",
            "local_cuboid": null,
            "local_to_world_matrix": [
                [
                    -0.2748302221298218,
                    -0.05899009108543396,
                    0.959681510925293,
                    0.0
                ],
                [
                    -0.674950122833252,
                    0.7226899862289429,
                    -0.14886727929115295,
                    0.0
                ],
                [
                    -0.6847704648971558,
                    -0.688650369644165,
                    -0.2384324073791504,
                    0.0
                ],
                [
                    1.4956084489822388,
                    -0.5086463093757629,
                    -0.7183858752250671,
                    1.0
                ]
            ],
            "location": [
                0.5086463093757629,
                -0.7183858752250671,
                -1.4956084489822388
            ],
            "location_world": [
                1.4956084489822388,
                -0.5086463093757629,
                -0.7183858752250671
            ],
            "name": "google_Great_Jones_Wingtip_kAqSg6EgG0I_8",
            "projected_cuboid": [
                [
                    531.4137935638428,
                    517.7597403526306
                ],
                [
                    472.18501567840576,
                    582.8412771224976
                ],
                [
                    425.2212643623352,
                    552.0858764648438
                ],
                [
                    487.7782464027405,
                    494.2857027053833
                ],
                [
                    523.2466459274292,
                    554.3224811553955
                ],
                [
                    464.08623456954956,
                    623.7045526504517
                ],
                [
                    418.5926914215088,
                    591.3538932800293
                ],
                [
                    480.83001375198364,
                    529.5305252075195
                ],
                [
                    476.98089480400085,
                    553.2667636871338
                ]
            ],
            "provenance": "visii",
            "quaternion_xyzw": [
                0.36162370443344116,
                0.1638384610414505,
                0.6660795211791992,
                0.6314454078674316
            ],
            "quaternion_xyzw_world": [
                0.24541404843330383,
                -0.7476550936698914,
                0.280048131942749,
                0.5498698353767395
            ],
            "segmentation_id": 9,
            "visibility": 0
        },
        {
            "bounding_box_minx_maxx_miny_maxy": [
                122,
                202,
                458,
                500
            ],
            "class": "Ecoforms",
            "local_cuboid": null,
            "local_to_world_matrix": [
                [
                    0.5257523655891418,
                    0.8495712280273438,
                    0.04258228465914726,
                    0.0
                ],
                [
                    0.8430333137512207,
                    -0.5270776748657227,
                    0.10716332495212555,
                    0.0
                ],
                [
                    0.11348704993724823,
                    -0.02044309303164482,
                    -0.9933291673660278,
                    0.0
                ],
                [
                    1.7509955167770386,
                    0.2595002353191376,
                    -0.6338860392570496,
                    1.0
                ]
            ],
            "location": [
                -0.2595002353191376,
                -0.6338860392570496,
                -1.7509955167770386
            ],
            "location_world": [
                1.7509955167770386,
                0.2595002353191376,
                -0.6338860392570496
            ],
            "name": "google_Ecoforms_Plant_Container_Quadra_Sand_QP6_9",
            "projected_cuboid": [
                [
                    115.77925086021423,
                    530.0664901733398
                ],
                [
                    158.93027186393738,
                    499.9714195728302
                ],
                [
                    156.89900517463684,
                    448.8030672073364
                ],
                [
                    113.07917535305023,
                    474.46656227111816
                ],
                [
                    167.1082079410553,
                    550.1416921615601
                ],
                [
                    208.08787643909454,
                    516.5860652923584
                ],
                [
                    206.4703404903412,
                    462.7208709716797
                ],
                [
                    164.84709084033966,
                    491.34543538093567
                ],
                [
                    161.65384650230408,
                    496.00082635879517
                ]
            ],
            "provenance": "visii",
            "quaternion_xyzw": [
                0.19795992970466614,
                0.7194132208824158,
                -0.638145923614502,
                0.18980589509010315
            ],
            "quaternion_xyzw_world": [
                0.8726624846458435,
                0.4848966598510742,
                0.0447106808423996,
                0.03655663877725601
            ],
            "segmentation_id": 10,
            "visibility": 1
        },
        {
            "bounding_box_minx_maxx_miny_maxy": [
                -1,
                -1,
                -1,
                -1
            ],
            "class": "ReadytoUse",
            "local_cuboid": null,
            "local_to_world_matrix": [
                [
                    -0.9634238481521606,
                    -0.16818951070308685,
                    0.20863297581672668,
                    0.0
                ],
                [
                    -0.020177990198135376,
                    0.8218454122543335,
                    0.5693532228469849,
                    0.0
                ],
                [
                    -0.2672232687473297,
                    0.544318437576294,
                    -0.7951792478561401,
                    0.0
                ],
                [
                    0.9483575820922852,
                    0.5693455338478088,
                    0.09903674572706223,
                    1.0
                ]
            ],
            "location": [
                -0.5693455338478088,
                0.09903674572706223,
                -0.9483575820922852
            ],
            "location_world": [
                0.9483575820922852,
                0.5693455338478088,
                0.09903674572706223
            ],
            "name": "google_ReadytoUse_Rolled_Fondant_Pure_White_24_oz_box_10",
            "projected_cuboid": [
                [
                    -200.3236711025238,
                    276.0066092014313
                ],
                [
                    -229.7094762325287,
                    256.0455799102783
                ],
                [
                    -143.1078314781189,
                    164.73497450351715
                ],
                [
                    -115.30572175979614,
                    183.78731608390808
                ],
                [
                    -158.31410884857178,
                    288.75651955604553
                ],
                [
                    -184.07434225082397,
                    271.24205231666565
                ],
                [
                    -109.60045456886292,
                    189.88412618637085
                ],
                [
                    -85.06563305854797,
                    206.69527351856232
                ],
                [
                    -151.01122856140137,
                    229.19490933418274
                ]
            ],
            "provenance": "visii",
            "quaternion_xyzw": [
                -0.28792935609817505,
                0.532433271408081,
                -0.36389586329460144,
                -0.7079488039016724
            ],
            "quaternion_xyzw_world": [
                -0.049774542450904846,
                0.9461036324501038,
                0.29427844285964966,
                -0.12574104964733124
            ],
            "segmentation_id": 11,
            "visibility": 0
        },
        {
            "bounding_box_minx_maxx_miny_maxy": [
                -1,
                -1,
                -1,
                -1
            ],
            "class": "Dog",
            "local_cuboid": null,
            "local_to_world_matrix": [
                [
                    -0.6412403583526611,
                    -0.02010957896709442,
                    0.7670765519142151,
                    0.0
                ],
                [
                    0.16920527815818787,
                    0.9713443517684937,
                    0.16691240668296814,
                    0.0
                ],
                [
                    -0.7484520077705383,
                    0.23682436347007751,
                    -0.6194626092910767,
                    0.0
                ],
                [
                    0.5181273818016052,
                    0.03833804279565811,
                    -0.30306893587112427,
                    1.0
                ]
            ],
            "location": [
                -0.03833804279565811,
                -0.30306893587112427,
                -0.5181273818016052
            ],
            "location_world": [
                0.5181273818016052,
                0.03833804279565811,
                -0.30306893587112427
            ],
            "name": "google_Dog_11",
            "projected_cuboid": [
                [
                    264.56791162490845,
                    1014.0378475189209
                ],
                [
                    -90.2123749256134,
                    875.4218220710754
                ],
                [
                    82.7537328004837,
                    509.1116428375244
                ],
                [
                    326.25171542167664,
                    572.2091197967529
                ],
                [
                    252.87482142448425,
                    999.3606805801392
                ],
                [
                    14.227032661437988,
                    906.8143367767334
                ],
                [
                    119.11702156066895,
                    622.5966215133667
                ],
                [
                    301.63902044296265,
                    675.5905151367188
                ],
                [
                    164.7481620311737,
                    745.4003691673279
                ]
            ],
            "provenance": "visii",
            "quaternion_xyzw": [
                -0.16182181239128113,
                0.3155752122402191,
                -0.6247859597206116,
                -0.6956065893173218
            ],
            "quaternion_xyzw_world": [
                0.04146639257669449,
                0.8988947868347168,
                0.1122869923710823,
                -0.42149776220321655
            ],
            "segmentation_id": 12,
            "visibility": 0
        },
        {
            "bounding_box_minx_maxx_miny_maxy": [
                0,
                7,
                73,
                106
            ],
            "class": "Black",
            "local_cuboid": null,
            "local_to_world_matrix": [
                [
                    -0.21060538291931152,
                    0.16812801361083984,
                    -0.9630048871040344,
                    0.0
                ],
                [
                    0.967164158821106,
                    -0.10752367973327637,
                    -0.23028725385665894,
                    0.0
                ],
                [
                    -0.14226359128952026,
                    -0.9798834919929504,
                    -0.1399623155593872,
                    0.0
                ],
                [
                    1.1997398138046265,
                    0.6324835419654846,
                    0.3397238254547119,
                    1.0
                ]
            ],
            "location": [
                -0.6324835419654846,
                0.3397238254547119,
                -1.1997398138046265
            ],
            "location_world": [
                1.1997398138046265,
                0.6324835419654846,
                0.3397238254547119
            ],
            "name": "google_Black_Elderberry_Syrup_54_oz_Gaia_Herbs_12",
            "projected_cuboid": [
                [
                    -12.74988055229187,
                    92.46475994586945
                ],
                [
                    2.9372423887252808,
                    106.79146647453308
                ],
                [
                    -63.10001015663147,
                    99.18168187141418
                ],
                [
                    -81.74824714660645,
                    84.73555743694305
                ],
                [
                    -5.003601312637329,
                    65.39173424243927
                ],
                [
                    10.163217782974243,
                    80.85116744041443
                ],
                [
                    -55.3511381149292,
                    73.7493485212326
                ],
                [
                    -73.43253493309021,
                    58.21622908115387
                ],
                [
                    -34.85482931137085,
                    82.75370299816132
                ]
            ],
            "provenance": "visii",
            "quaternion_xyzw": [
                -0.47955596446990967,
                0.445975661277771,
                -0.6206204295158386,
                0.4312332272529602
            ],
            "quaternion_xyzw_world": [
                0.5091366767883301,
                0.5574594140052795,
                -0.5427169799804688,
                0.3680722117424011
            ],
            "segmentation_id": 13,
            "visibility": 1
        },
        {
            "bounding_box_minx_maxx_miny_maxy": [
                -1,
                -1,
                -1,
                -1
            ],
            "class": "Razer",
