{
    "camera_data": {
        "camera_look_at": {
            "at": [
                1.0,
                0.0,
                0.0
            ],
            "eye": [
                0.0,
                0.0,
                0.0
            ],
            "up": [
                0.0,
                0.0,
                1.0
            ]
        },
        "camera_view_matrix": [
            [
                0.0,
                0.0,
                -1.0,
                0.0
            ],
            [
                -1.0,
                0.0,
                0.0,
                0.0
            ],
            [
                0.0,
                1.0,
                0.0,
                0.0
            ],
            [
                0.0,
                0.0,
                0.0,
                1.0
            ]
        ],
        "height": 500,
        "intrinsics": {
            "cx": 250.0,
            "cy": 250.0,
            "fx": 603.5535278320312,
            "fy": 603.5535278320312
        },
        "location_world": [
            0.0,
            0.0,
            0.0
        ],
        "quaternion_world_xyzw": [
            0.5,
            -0.5,
            -0.5,
            0.5
        ],
        "width": 500
    },
    "objects": [
        {
            "bounding_box_minx_maxx_miny_maxy": [
                358,
                480,
                1,
                175
            ],
            "class": "Reebok",
            "local_cuboid": null,
            "local_to_world_matrix": [
                [
                    0.7753678560256958,
                    0.07296615839004517,
                    0.6272802948951721,
                    0.0
                ],
                [
                    0.5630726218223572,
                    0.3698546290397644,
                    -0.7390242218971252,
                    0.0
                ],
                [
                    -0.28592628240585327,
                    0.9262199997901917,
                    0.24568814039230347,
                    0.0
                ],
                [
                    0.9532006978988647,
                    -0.3031848073005676,
                    0.23405657708644867,
                    1.0
                ]
            ],
            "location": [
                0.3031848073005676,
                0.23405657708644867,
                -0.9532006978988647
            ],
            "location_world": [
                0.9532006978988647,
                -0.3031848073005676,
                0.23405657708644867
            ],
            "name": "google_Reebok_SOMERSET_RUN_0",
            "projected_cuboid": [
                [
                    418.2892143726349,
                    -28.116047382354736
                ],
                [
                    329.3362259864807,
                    140.465646982193
                ],
                [
                    387.0268762111664,
                    159.78458523750305
                ],
                [
                    483.1455945968628,
                    0.802651047706604
                ],
                [
                    443.10155510902405,
                    -4.948616027832031
                ],
                [
                    341.76337718963623,
                    175.03997683525085
                ],
                [
                    404.12819385528564,
                    194.9063092470169
                ],
                [
                    513.8245224952698,
                    26.100143790245056
                ],
                [
                    410.7910990715027,
                    89.97119963169098
                ]
            ],
            "provenance": "visii",
            "quaternion_xyzw": [
                -0.5873950719833374,
                -0.10956239700317383,
                0.7242093086242676,
                0.3442150354385376
            ],
            "quaternion_xyzw_world": [
                -0.5384758710861206,
                -0.2952958643436432,
                -0.15848156809806824,
                0.7731285095214844
            ],
            "segmentation_id": 1,
            "visibility": 1
        },
        {
            "bounding_box_minx_maxx_miny_maxy": [
                0,
                34,
                376,
                500
            ],
            "class": "Breyer",
            "local_cuboid": null,
            "local_to_world_matrix": [
                [
                    -0.2724313735961914,
                    -0.7828352451324463,
                    0.559419572353363,
                    0.0
                ],
                [
                    0.44920971989631653,
                    -0.6176402568817139,
                    -0.6455471515655518,
                    0.0
                ],
                [
                    0.8508771061897278,
                    0.07542935013771057,
                    0.5199217200279236,
                    0.0
                ],
                [
                    0.23181560635566711,
                    0.17484331130981445,
                    -0.16159726679325104,
                    1.0
                ]
            ],
            "location": [
                -0.17484331130981445,
                -0.16159726679325104,
                -0.23181560635566711
            ],
            "location_world": [
                0.23181560635566711,
                0.17484331130981445,
                -0.16159726679325104
            ],
            "name": "google_Breyer_Horse_Of_The_Year_2015_1",
            "projected_cuboid": [
                [
                    45.27081549167633,
                    253.57374548912048
                ],
                [
                    122.75789678096771,
                    318.26794147491455
                ],
                [
                    78.1967043876648,
                    582.3951363563538
                ],
                [
                    -58.59827995300293,
                    509.33706760406494
                ],
                [
                    -206.16456866264343,
                    456.7127823829651
                ],
                [
                    -124.67539310455322,
                    498.5743761062622
                ],
                [
                    -274.90466833114624,
                    787.3526811599731
                ],
                [
                    -413.82402181625366,
                    753.5140514373779
                ],
                [
                    -103.73345017433167,
                    501.9853711128235
                ]
            ],
            "provenance": "visii",
            "quaternion_xyzw": [
                0.9054362773895264,
                0.3249979615211487,
                0.054394230246543884,
                -0.267586886882782
            ],
            "quaternion_xyzw_world": [
                0.4542265832424164,
                -0.1836228370666504,
                0.776207685470581,
                -0.3968154788017273
            ],
            "segmentation_id": 2,
            "visibility": 1
        },
        {
            "bounding_box_minx_maxx_miny_maxy": [
                120,
                259,
                1,
                121
            ],
            "class": "Smith",
            "local_cuboid": null,
            "local_to_world_matrix": [
                [
                    0.2852444052696228,
                    -0.8794645667076111,
                    -0.38102197647094727,
                    0.0
                ],
                [
                    -0.3113132119178772,
                    -0.46099722385406494,
                    0.8310028314590454,
                    0.0
                ],
                [
                    -0.9064875841140747,
                    -0.11842170357704163,
                    -0.4052858352661133,
                    0.0
                ],
                [
                    1.4263520240783691,
                    0.1048358753323555,
                    0.4805968105792999,
                    1.0
                ]
            ],
            "location": [
                -0.1048358753323555,
                0.4805968105792999,
                -1.4263520240783691
            ],
            "location_world": [
                1.4263520240783691,
                0.1048358753323555,
                0.4805968105792999
            ],
            "name": "google_Smith_Hawken_Woven_BasketTray_Organizer_with_3_Compartments_95_x_9_x_13_2",
            "projected_cuboid": [
                [
                    261.97269558906555,
                    158.03904831409454
                ],
                [
                    322.7345049381256,
                    43.78712177276611
                ],
                [
                    297.0617711544037,
                    33.009931445121765
                ],
                [
                    247.4028319120407,
                    129.50170040130615
                ],
                [
                    99.64367747306824,
                    79.1817307472229
                ],
                [
                    154.21544015407562,
                    -51.626384258270264
                ],
                [
                    157.30510652065277,
                    -45.82908749580383
                ],
                [
                    111.94950342178345,
                    62.14037537574768
                ],
                [
                    208.42480659484863,
                    53.74017357826233
                ]
            ],
            "provenance": "visii",
            "quaternion_xyzw": [
                0.18839728832244873,
                0.10612572729587555,
                -0.2213708460330963,
                0.9509146809577942
            ],
            "quaternion_xyzw_world": [
                0.733404278755188,
                -0.40590769052505493,
                -0.4388812482357025,
                0.32363614439964294
            ],
            "segmentation_id": 3,
            "visibility": 1
        },
        {
            "bounding_box_minx_maxx_miny_maxy": [
                269,
                401,
                180,
                235
            ],
            "class": "Paul",
            "local_cuboid": null,
            "local_to_world_matrix": [
                [
                    -0.06603837013244629,
                    -0.14020729064941406,
                    -0.987917423248291,
                    0.0
                ],
                [
                    -0.8116174936294556,
                    -0.5683953762054443,
                    0.13492128252983093,
                    0.0
                ],
                [
                    -0.5804446935653687,
                    0.8107210397720337,
                    -0.07625877857208252,
                    0.0
                ],
                [
                    0.9344534873962402,
                    -0.22043350338935852,
                    -0.022311029955744743,
                    1.0
                ]
            ],
            "location": [
                0.22043350338935852,
                -0.022311029955744743,
                -0.9344534873962402
            ],
            "location_world": [
                0.9344534873962402,
                -0.22043350338935852,
                -0.022311029955744743
            ],
            "name": "google_Paul_Frank_Dot_Lunch_Box_3",
            "projected_cuboid": [
                [
                    264.6254003047943,
                    378.5902261734009
                ],
                [
                    315.88608026504517,
                    381.90245628356934
                ],
                [
                    434.56023931503296,
                    349.65014457702637
                ],
                [
                    379.698783159256,
                    349.7118353843689
                ],
                [
                    238.17048966884613,
                    191.66454672813416
                ],
                [
                    285.2345108985901,
                    173.48875105381012
                ],
                [
                    406.20338916778564,
                    173.07189106941223
                ],
                [
                    354.8257350921631,
                    188.8042837381363
                ],
                [
                    338.04672956466675,
                    272.0099091529846
                ]
            ],
            "provenance": "visii",
            "quaternion_xyzw": [
                0.32589930295944214,
                -0.3218187987804413,
                -0.5712521076202393,
                0.681097149848938
            ],
            "quaternion_xyzw_world": [
                0.6282148957252502,
                -0.3787815272808075,
                -0.6241344213485718,
                -0.26893654465675354
            ],
            "segmentation_id": 4,
            "visibility": 1
        },
        {
            "bounding_box_minx_maxx_miny_maxy": [
                -1,
                -1,
                -1,
                -1
            ],
            "class": "Toys",
            "local_cuboid": null,
            "local_to_world_matrix": [
                [
                    0.3293348550796509,
                    0.739754319190979,
                    -0.586772620677948,
                    0.0
                ],
                [
                    -0.3662557303905487,
                    -0.47269904613494873,
                    -0.8015062808990479,
                    0.0
                ],
                [
                    -0.8702846169471741,
                    0.47887277603149414,
                    0.11526298522949219,
                    0.0
                ],
                [
                    0.5634295344352722,
                    -0.23424318432807922,
                    0.4509825110435486,
                    1.0
                ]
            ],
            "location": [
                0.23424318432807922,
                0.4509825110435486,
                -0.5634295344352722
            ],
            "location_world": [
                0.5634295344352722,
                -0.23424318432807922,
                0.4509825110435486
            ],
            "name": "google_Toys_R_Us_Treat_Dispenser_Smart_Puzzle_Foobler_4",
            "projected_cuboid": [
                [
                    333.86915922164917,
                    -355.290949344635
                ],
                [
                    447.7185010910034,
                    -260.8800530433655
                ],
                [
                    479.7247350215912,
                    -120.16728520393372
                ],
                [
                    387.59034872055054,
                    -206.99933171272278
                ],
                [
                    503.4303069114685,
                    -553.2455444335938
                ],
                [
                    658.1019163131714,
                    -475.70568323135376
                ],
                [
                    638.1926536560059,
                    -264.64998722076416
                ],
                [
                    521.9887495040894,
                    -344.9121117591858
                ],
                [
                    490.0485873222351,
                    -308.77387523651123
                ]
            ],
            "provenance": "visii",
            "quaternion_xyzw": [
                0.21878491342067719,
                -0.13034896552562714,
                -0.9235184192657471,
                0.28680306673049927
            ],
            "quaternion_xyzw_world": [
                0.6493787169456482,
                0.14379075169563293,
                -0.5609427690505981,
                -0.49292463064193726
            ],
            "segmentation_id": 5,
            "visibility": 0
        },
        {
            "bounding_box_minx_maxx_miny_maxy": [
                398,
                486,
                1,
                60
            ],
            "class": "Tag",
            "local_cuboid": null,
            "local_to_world_matrix": [
                [
                    -0.41482293605804443,
                    0.768211841583252,
                    -0.48761922121047974,
                    0.0
                ],
                [
                    -0.9083555936813354,
                    -0.3183990716934204,
                    0.27113115787506104,
                    0.0
                ],
                [
                    0.05302862823009491,
                    0.5554031133651733,
                    0.8298887610435486,
                    0.0
                ],
                [
                    1.4585086107254028,
                    -0.48664820194244385,
                    0.5419512391090393,
                    1.0
                ]
            ],
            "location": [
                0.48664820194244385,
                0.5419512391090393,
                -1.4585086107254028
            ],
            "location_world": [
                1.4585086107254028,
                -0.48664820194244385,
                0.5419512391090393
            ],
            "name": "google_Tag_Dishtowel_Basket_Weave_Red_18_x_26_5",
            "projected_cuboid": [
                [
                    393.82439851760864,
                    53.770244121551514
                ],
                [
                    450.83844661712646,
                    -6.612539291381836
                ],
                [
                    459.9882960319519,
                    6.278321146965027
                ],
                [
                    401.63883566856384,
                    64.94975090026855
                ],
                [
                    436.83186173439026,
                    31.105488538742065
                ],
                [
                    497.4933862686157,
                    -29.65584397315979
                ],
                [
                    506.239116191864,
                    -17.452508211135864
                ],
                [
                    444.3504810333252,
                    41.76455736160278
                ],
                [
                    447.28273153305054,
                    19.900605082511902
                ]
            ],
            "provenance": "visii",
            "quaternion_xyzw": [
                -0.05849282443523407,
                0.7232516407966614,
                0.600843608379364,
                -0.3353694677352905
            ],
            "quaternion_xyzw_world": [
                -0.13572712242603302,
                0.2581351697444916,
                0.8004859089851379,
                0.5236092805862427
            ],
            "segmentation_id": 6,
            "visibility": 1
        },
        {
            "bounding_box_minx_maxx_miny_maxy": [
                408,
                499,
                31,
                144
            ],
            "class": "FRACTION",
            "local_cuboid": null,
            "local_to_world_matrix": [
                [
                    -0.978746771812439,
                    0.05128408968448639,
                    0.1985563188791275,
                    0.0
                ],
                [
                    -0.09837016463279724,
                    0.7321513891220093,
                    -0.6740012168884277,
                    0.0
                ],
                [
                    -0.17993883788585663,
                    -0.679208517074585,
                    -0.7115459442138672,
                    0.0
                ],
                [
                    0.7667432427406311,
                    -0.28031250834465027,
                    0.2335732877254486,
                    1.0
                ]
            ],
            "location": [
                0.28031250834465027,
                0.2335732877254486,
                -0.7667432427406311
            ],
            "location_world": [
                0.7667432427406311,
                -0.28031250834465027,
                0.2335732877254486
            ],
            "name": "google_FRACTION_FUN_n4h4qte23QR_6",
            "projected_cuboid": [
                [
                    581.433117389679,
                    -0.7460415363311768
                ],
                [
                    464.8216962814331,
                    108.12728106975555
                ],
                [
                    435.58019399642944,
                    81.79731667041779
                ],
                [
                    551.6488552093506,
                    -25.123804807662964
                ],
                [
                    521.2343335151672,
                    74.18660819530487
                ],
                [
                    427.21807956695557,
                    162.38130629062653
                ],
                [
                    404.2741060256958,
                    140.8984661102295
                ],
                [
                    497.92617559432983,
                    53.97389829158783
                ],
                [
                    483.5214614868164,
                    77.53756642341614
                ]
            ],
            "provenance": "visii",
            "quaternion_xyzw": [
                -0.6005785465240479,
                0.2221170961856842,
                -0.6901493072509766,
                -0.3371399939060211
            ],
            "quaternion_xyzw_world": [
                -0.012726069428026676,
                0.9249924421310425,
                -0.36573535203933716,
                -0.10229682177305222
            ],
            "segmentation_id": 7,
            "visibility": 1
        },
        {
            "bounding_box_minx_maxx_miny_maxy": [
                -1,
                -1,
                -1,
                -1
            ],
            "class": "FAIRY",
            "local_cuboid": null,
            "local_to_world_matrix": [
                [
                    -0.0359804630279541,
                    -0.994737982749939,
                    0.09592583775520325,
                    0.0
                ],
                [
                    0.019250988960266113,
                    0.09528028964996338,
                    0.9952642917633057,
                    0.0
                ],
                [
                    -0.9991670846939087,
                    0.0376567542552948,
                    0.015721440315246582,
                    0.0
                ],
                [
                    1.8477551937103271,
                    -0.23847177624702454,
                    0.03622854873538017,
                    1.0
                ]
            ],
            "location": [
                0.23847177624702454,
                0.03622854873538017,
                -1.8477551937103271
            ],
            "location_world": [
                1.8477551937103271,
                -0.23847177624702454,
                0.03622854873538017
            ],
            "name": "google_FAIRY_TALE_BLOCKS_7",
            "projected_cuboid": [
                [
                    386.7701292037964,
                    279.9227833747864
                ],
                [
                    376.94865465164185,
                    181.72866106033325
                ],
                [
                    364.3643856048584,
                    191.12056493759155
                ],
                [
                    372.9615807533264,
                    277.4491310119629
                ],
                [
                    294.60570216178894,
                    288.57433795928955
                ],
                [
                    285.1260304450989,
                    190.8894181251526
                ],
                [
                    283.63820910453796,
                    199.1351693868637
                ],
                [
                    291.97126626968384,
                    285.06991267204285
                ],
                [
                    331.6858410835266,
                    236.77292466163635
                ]
            ],
            "provenance": "visii",
            "quaternion_xyzw": [
                -0.008754968643188477,
                -0.018434301018714905,
                0.047866374254226685,
                0.9986453056335449
            ],
            "quaternion_xyzw_world": [
                0.46179479360580444,
                -0.5280954837799072,
                -0.488984078168869,
                0.518416166305542
            ],
            "segmentation_id": 8,
            "visibility": 0
        },
        {
            "bounding_box_minx_maxx_miny_maxy": [
                436,
                489,
                464,
                500
            ],
            "class": "Great",
            "local_cuboid": null,
            "local_to_world_matrix": [
                [
                    -0.6726340055465698,
                    0.025336146354675293,
                    -0.7395416498184204,
                    0.0
                ],
                [
                    0.7240899205207825,
                    -0.18343710899353027,
                    -0.6648645401000977,
                    0.0
                ],
                [
                    -0.15250438451766968,
                    -0.9827049970626831,
                    0.10504019260406494,
                    0.0
                ],
                [
                    1.305392861366272,
                    -0.4104253053665161,
                    -0.5430574417114258,
                    1.0
                ]
            ],
            "location": [
                0.4104253053665161,
                -0.5430574417114258,
                -1.305392861366272
            ],
            "location_world": [
                1.305392861366272,
                -0.4104253053665161,
                -0.5430574417114258
            ],
            "name": "google_Great_Jones_Wingtip_kAqSg6EgG0I_8",
            "projected_cuboid": [
                [
                    511.0940933227539,
                    498.53119254112244
                ],
                [
                    493.16781759262085,
                    549.1746664047241
                ],
                [
                    441.26182794570923,
                    550.6384372711182
                ],
                [
                    448.7655758857727,
                    501.0418891906738
                ],
                [
                    496.38432264328003,
                    442.24220514297485
                ],
                [
                    481.7010760307312,
                    499.0924894809723
                ],
                [
                    432.59960412979126,
                    501.0778307914734
                ],
                [
                    438.05551528930664,
                    445.39403915405273
                ],
                [
                    467.03290939331055,
                    499.96063113212585
                ]
            ],
            "provenance": "visii",
            "quaternion_xyzw": [
                0.6097179651260376,
                -0.2280171513557434,
                0.6787314414978027,
                -0.3399646282196045
            ],
            "quaternion_xyzw_world": [
                -0.31849759817123413,
                -0.5882509350776672,
                0.7001984119415283,
                -0.24948419630527496
            ],
            "segmentation_id": 9,
            "visibility": 1
        },
        {
            "bounding_box_minx_maxx_miny_maxy": [
                74,
                150,
                401,
                452
            ],
            "class": "Ecoforms",
            "local_cuboid": null,
            "local_to_world_matrix": [
                [
                    -0.5733952522277832,
                    0.8061076998710632,
                    -0.14631617069244385,
                    0.0
                ],
                [
                    -0.603599488735199,
                    -0.5364127159118652,
                    -0.5898551940917969,
                    0.0
                ],
                [
                    -0.5539726614952087,
                    -0.24990376830101013,
                    0.7941425442695618,
                    0.0
                ],
                [
                    1.7960691452026367,
                    0.42279598116874695,
                    -0.5327569246292114,
                    1.0
                ]
            ],
            "location": [
                -0.42279598116874695,
                -0.5327569246292114,
                -1.7960691452026367
            ],
            "location_world": [
                1.7960691452026367,
                0.42279598116874695,
                -0.5327569246292114
            ],
            "name": "google_Ecoforms_Plant_Container_Quadra_Sand_QP6_9",
            "projected_cuboid": [
                [
                    70.11769711971283,
                    376.25616788864136
                ],
                [
                    95.83520889282227,
                    427.9138147830963
                ],
                [
                    89.28830921649933,
                    466.0128951072693
                ],
                [
                    65.3231292963028,
                    414.6055579185486
                ],
                [
                    131.9710612297058,
                    359.3992292881012
                ],
                [
                    160.21302342414856,
                    406.60208463668823
                ],
                [
                    150.71314573287964,
                    443.4918165206909
                ],
                [
                    124.42441284656525,
                    396.37964963912964
                ],
                [
                    111.42604053020477,
                    410.7170104980469
                ]
            ],
            "provenance": "visii",
            "quaternion_xyzw": [
                0.23967421054840088,
                0.40690287947654724,
                0.8587688207626343,
                -0.19875220954418182
            ],
            "quaternion_xyzw_world": [
                -0.2054719775915146,
                -0.24639396369457245,
                0.8520490527153015,
                0.41362264752388
            ],
            "segmentation_id": 10,
            "visibility": 1
        },
        {
            "bounding_box_minx_maxx_miny_maxy": [
                -1,
                -1,
                -1,
                -1
            ],
            "class": "ReadytoUse",
            "local_cuboid": null,
            "local_to_world_matrix": [
                [
                    -0.18939661979675293,
                    -0.3960490822792053,
                    -0.8984842896461487,
                    0.0
                ],
                [
                    -0.14810383319854736,
                    0.9160997867584229,
                    -0.37259426712989807,
                    0.0
                ],
                [
                    0.9706668257713318,
                    0.06250086426734924,
                    -0.23216259479522705,
                    0.0
                ],
                [
                    0.9835253953933716,
                    0.5131275057792664,
                    0.20981036126613617,
                    1.0
                ]
            ],
            "location": [
                -0.5131275057792664,
                0.20981036126613617,
                -0.9835253953933716
            ],
            "location_world": [
                0.9835253953933716,
                0.5131275057792664,
                0.20981036126613617
            ],
            "name": "google_ReadytoUse_Rolled_Fondant_Pure_White_24_oz_box_10",
            "projected_cuboid": [
                [
                    -2.751260995864868,
                    183.60105156898499
                ],
                [
                    -28.36701273918152,
                    192.9321587085724
                ],
                [
                    -68.85558366775513,
                    158.88097882270813
                ],
                [
                    -38.63981366157532,
                    148.23812246322632
                ],
                [
                    -22.76158332824707,
                    128.1539350748062
                ],
                [
                    -47.99240827560425,
                    136.94962859153748
                ],
                [
                    -90.78037738800049,
                    94.44598853588104
                ],
                [
                    -61.102092266082764,
                    84.51814949512482
                ],
                [
                    -43.709903955459595,
                    142.11848378181458
                ]
            ],
            "provenance": "visii",
            "quaternion_xyzw": [
                -0.8275430798530579,
                0.5481841564178467,
                -0.03833508491516113,
                -0.11487811803817749
            ],
            "quaternion_xyzw_world": [
                -0.17795097827911377,
                0.7644702196121216,
                -0.10140793770551682,
                0.611257016658783
            ],
            "segmentation_id": 11,
            "visibility": 0
        },
        {
            "bounding_box_minx_maxx_miny_maxy": [
                -1,
                -1,
                -1,
                -1
            ],
            "class": "Dog",
            "local_cuboid": null,
            "local_to_world_matrix": [
                [
                    -0.2471635341644287,
                    0.47307321429252625,
                    -0.8456428647041321,
                    0.0
                ],
                [
                    0.5342869162559509,
                    0.7945990562438965,
                    0.2883572280406952,
                    0.0
                ],
                [
                    0.8083611130714417,
                    -0.380544513463974,
                    -0.44915270805358887,
                    0.0
                ],
                [
                    0.6541451811790466,
                    0.11219264566898346,
                    -0.3760489523410797,
                    1.0
                ]
            ],
            "location": [
                -0.11219264566898346,
                -0.3760489523410797,
                -0.6541451811790466
            ],
            "location_world": [
                0.6541451811790466,
                0.11219264566898346,
                -0.3760489523410797
            ],
            "name": "google_Dog_11",
            "projected_cuboid": [
                [
                    234.53745245933533,
                    735.4071736335754
                ],
                [
                    129.59951162338257,
                    638.9155387878418
                ],
                [
                    33.05724263191223,
                    651.6979932785034
                ],
                [
                    150.68337321281433,
                    777.4060368537903
                ],
                [
                    319.0895617008209,
                    551.2033700942993
                ],
                [
                    211.47459745407104,
                    481.410950422287
                ],
                [
                    140.5017077922821,
                    458.54687690734863
                ],
                [
                    264.3548250198364,
                    542.5107479095459
                ],
                [
                    187.65676021575928,
                    597.3809957504272
                ]
            ],
            "provenance": "visii",
            "quaternion_xyzw": [
                -0.5115981698036194,
                0.8015284538269043,
                -0.30673885345458984,
                0.041602060198783875
            ],
            "quaternion_xyzw_world": [
                0.3191356062889099,
                0.7891317009925842,
                -0.029205288738012314,
                0.5239949226379395
            ],
            "segmentation_id": 12,
            "visibility": 0
        },
        {
            "bounding_box_minx_maxx_miny_maxy": [
                -1,
                -1,
                -1,
                -1
            ],
            "class": "Black",
            "local_cuboid": null,
            "local_to_world_matrix": [
                [
                    0.6690853238105774,
                    -0.6432633399963379,
                    -0.3722057342529297,
                    0.0
                ],
                [
                    -0.08733373880386353,
                    -0.5654093027114868,
                    0.8201738595962524,
                    0.0
                ],
                [
                    -0.7380363941192627,
                    -0.5162601470947266,
                    -0.43448567390441895,
                    0.0
                ],
                [
                    0.9830847382545471,
                    0.6584200859069824,
                    0.3365950882434845,
                    1.0
                ]
            ],
            "location": [
                -0.6584200859069824,
                0.3365950882434845,
                -0.9830847382545471
            ],
            "location_world": [
                0.9830847382545471,
                0.6584200859069824,
                0.3365950882434845
            ],
            "name": "google_Black_Elderberry_Syrup_54_oz_Gaia_Herbs_12",
            "projected_cuboid": [
                [
                    -141.21368527412415,
                    89.51693773269653
                ],
                [
                    -120.8823025226593,
                    55.81524968147278
                ],
                [
                    -126.37919187545776,
                    38.552090525627136
                ],
                [
                    -144.51530575752258,
                    68.75021755695343
                ],
                [
                    -184.4238042831421,
                    67.44495034217834
                ],
                [
                    -163.4436547756195,
                    32.10189938545227
                ],
                [
                    -164.41792249679565,
                    16.793906688690186
                ],
                [
                    -183.0681562423706,
                    48.30257594585419
                ],
                [
                    -153.2132923603058,
                    51.90935730934143
                ]
            ],
            "provenance": "visii",
            "quaternion_xyzw": [
                0.14581939578056335,
                0.33123791217803955,
                -0.2620110511779785,
                0.8946331143379211
            ],
            "quaternion_xyzw_world": [
                0.8168507218360901,
                -0.22360177338123322,
                -0.33979344367980957,
                0.4090202748775482
            ],
            "segmentation_id": 13,
            "visibility": 0
        },
        {
            "bounding_box_minx_maxx_miny_maxy": [
                0,
                98,
                230,
                314
