{
    "camera_data": {
        "camera_look_at": {
            "at": [
                1.0,
                0.0,
                0.0
            ],
            "eye": [
                0.0,
                0.0,
                0.0
            ],
            "up": [
                0.0,
                0.0,
                1.0
            ]
        },
        "camera_view_matrix": [
            [
                0.0,
                0.0,
                -1.0,
                0.0
            ],
            [
                -1.0,
                0.0,
                0.0,
                0.0
            ],
            [
                0.0,
                1.0,
                0.0,
                0.0
            ],
            [
                0.0,
                0.0,
                0.0,
                1.0
            ]
        ],
        "height": 500,
        "intrinsics": {
            "cx": 250.0,
            "cy": 250.0,
            "fx": 603.5535278320312,
            "fy": 603.5535278320312
        },
        "location_world": [
            0.0,
            0.0,
            0.0
        ],
        "quaternion_world_xyzw": [
            0.5,
            -0.5,
            -0.5,
            0.5
        ],
        "width": 500
    },
    "objects": [
        {
            "bounding_box_minx_maxx_miny_maxy": [
                434,
                443,
                159,
                176
            ],
            "class": "Reebok",
            "local_cuboid": null,
            "local_to_world_matrix": [
                [
                    -0.02089524269104004,
                    -0.3462267816066742,
                    0.9379180669784546,
                    0.0
                ],
                [
                    0.9522193670272827,
                    -0.29279959201812744,
                    -0.08687135577201843,
                    0.0
                ],
                [
                    0.30469927191734314,
                    0.8912886381149292,
                    0.33580195903778076,
                    0.0
                ],
                [
                    0.9780806303024292,
                    -0.3151018023490906,
                    0.167990580201149,
                    1.0
                ]
            ],
            "location": [
                0.3151018023490906,
                0.167990580201149,
                -0.9780806303024292
            ],
            "location_world": [
                0.9780806303024292,
                -0.3151018023490906,
                0.167990580201149
            ],
            "name": "google_Reebok_SOMERSET_RUN_0",
            "projected_cuboid": [
                [
                    380.2616000175476,
                    61.51080131530762
                ],
                [
                    393.6502933502197,
                    120.4492449760437
                ],
                [
                    454.15765047073364,
                    137.4247521162033
                ],
                [
                    460.3366255760193,
                    81.64520561695099
                ],
                [
                    352.9636263847351,
                    135.01733541488647
                ],
                [
                    372.9174733161926,
                    176.08340084552765
                ],
                [
                    432.64153599739075,
                    194.78265941143036
                ],
                [
                    431.6639304161072,
                    158.19133818149567
                ],
                [
                    409.6822440624237,
                    136.36666536331177
                ]
            ],
            "provenance": "visii",
            "quaternion_xyzw": [
                -0.6591277718544006,
                -0.4667978882789612,
                0.33013075590133667,
                0.48853254318237305
            ],
            "quaternion_xyzw_world": [
                -0.4837619364261627,
                -0.3131667375564575,
                -0.6421636939048767,
                0.5054965615272522
            ],
            "segmentation_id": 1,
            "visibility": 1
        },
        {
            "bounding_box_minx_maxx_miny_maxy": [
                0,
                95,
                399,
                500
            ],
            "class": "Breyer",
            "local_cuboid": null,
            "local_to_world_matrix": [
                [
                    -0.44784295558929443,
                    -0.5883050560951233,
                    0.6733007431030273,
                    0.0
                ],
                [
                    -0.591806948184967,
                    -0.36943578720092773,
                    -0.7164369225502014,
                    0.0
                ],
                [
                    0.6702247858047485,
                    -0.719315230846405,
                    -0.18271374702453613,
                    0.0
                ],
                [
                    0.2507990598678589,
                    0.20092171430587769,
                    -0.12384180724620819,
                    1.0
                ]
            ],
            "location": [
                -0.20092171430587769,
                -0.12384180724620819,
                -0.2507990598678589
            ],
            "location_world": [
                0.2507990598678589,
                0.20092171430587769,
                -0.12384180724620819
            ],
            "name": "google_Breyer_Horse_Of_The_Year_2015_1",
            "projected_cuboid": [
                [
                    192.1154111623764,
                    359.10332202911377
                ],
                [
                    230.97749054431915,
                    461.44402027130127
                ],
                [
                    -154.71377968788147,
                    488.5760247707367
                ],
                [
                    -150.20543336868286,
                    332.2109282016754
                ],
                [
                    10.025054216384888,
                    556.883692741394
                ],
                [
                    22.198155522346497,
                    649.2130160331726
                ],
                [
                    -297.6936101913452,
                    734.9528074264526
                ],
                [
                    -279.17593717575073,
                    603.256106376648
                ],
                [
                    -39.091914892196655,
                    536.5177392959595
                ]
            ],
            "provenance": "visii",
            "quaternion_xyzw": [
                0.8624045848846436,
                0.3022758960723877,
                0.33834415674209595,
                0.2245236039161682
            ],
            "quaternion_xyzw_world": [
                0.5254299640655518,
                -0.56149822473526,
                0.6392505168914795,
                0.0013695168308913708
            ],
            "segmentation_id": 2,
            "visibility": 1
        },
        {
            "bounding_box_minx_maxx_miny_maxy": [
                108,
                114,
                1,
                8
            ],
            "class": "Smith",
            "local_cuboid": null,
            "local_to_world_matrix": [
                [
                    -0.036482810974121094,
                    -0.8971427083015442,
                    -0.4402316212654114,
                    0.0
                ],
                [
                    -0.03475278615951538,
                    -0.4391193389892578,
                    0.8977562189102173,
                    0.0
                ],
                [
                    -0.9987297654151917,
                    0.04805198311805725,
                    -0.015157818794250488,
                    0.0
                ],
                [
                    1.4628616571426392,
                    0.1243225708603859,
                    0.4887422025203705,
                    1.0
                ]
            ],
            "location": [
                -0.1243225708603859,
                0.4887422025203705,
                -1.4628616571426392
            ],
            "location_world": [
                1.4628616571426392,
                0.1243225708603859,
                0.4887422025203705
            ],
            "name": "google_Smith_Hawken_Woven_BasketTray_Organizer_with_3_Compartments_95_x_9_x_13_2",
            "projected_cuboid": [
                [
                    233.34923386573792,
                    104.29921746253967
                ],
                [
                    290.8807694911957,
                    -14.679819345474243
                ],
                [
                    288.69161009788513,
                    32.5564444065094
                ],
                [
                    241.74383282661438,
                    129.38599288463593
                ],
                [
                    71.50854170322418,
                    26.38469636440277
                ],
                [
                    127.19719111919403,
                    -91.86837077140808
                ],
                [
                    155.0150215625763,
                    -30.915260314941406
                ],
                [
                    109.29788649082184,
                    65.43499231338501
                ],
                [
                    190.1642233133316,
                    29.756605625152588
                ]
            ],
            "provenance": "visii",
            "quaternion_xyzw": [
                -0.012812554836273193,
                0.021700918674468994,
                0.22573810815811157,
                -0.9738619923591614
            ],
            "quaternion_xyzw_world": [
                -0.5953558683395386,
                0.391318678855896,
                0.6042442321777344,
                -0.3568052053451538
            ],
            "segmentation_id": 3,
            "visibility": 1
        },
        {
            "bounding_box_minx_maxx_miny_maxy": [
                358,
                365,
                203,
                205
            ],
            "class": "Paul",
            "local_cuboid": null,
            "local_to_world_matrix": [
                [
                    0.8889541625976562,
                    -0.07208999991416931,
                    -0.452286958694458,
                    0.0
                ],
                [
                    -0.44492825865745544,
                    -0.3701488971710205,
                    -0.8154928088188171,
                    0.0
                ],
                [
                    -0.10862468183040619,
                    0.9261710047721863,
                    -0.36112022399902344,
                    0.0
                ],
                [
                    0.9478776454925537,
                    -0.21218837797641754,
                    -0.009716140106320381,
                    1.0
                ]
            ],
            "location": [
                0.21218837797641754,
                -0.009716140106320381,
                -0.9478776454925537
            ],
            "location_world": [
                0.9478776454925537,
                -0.21218837797641754,
                -0.009716140106320381
            ],
            "name": "google_Paul_Frank_Dot_Lunch_Box_3",
            "projected_cuboid": [
                [
                    242.56658554077148,
                    311.9796812534332
                ],
                [
                    265.94236493110657,
                    367.1827018260956
                ],
                [
                    390.10924100875854,
                    315.7825469970703
                ],
                [
                    361.80123686790466,
                    264.1223669052124
                ],
                [
                    226.6603708267212,
                    242.8293526172638
                ],
                [
                    256.0594379901886,
                    310.3170394897461
                ],
                [
                    416.55635833740234,
                    245.7810640335083
                ],
                [
                    379.01222705841064,
                    183.90586972236633
                ],
                [
                    317.61497259140015,
                    283.4257483482361
                ]
            ],
            "provenance": "visii",
            "quaternion_xyzw": [
                -0.6668879389762878,
                0.03079155832529068,
                0.6804460287094116,
                -0.3021679222583771
            ],
            "quaternion_xyzw_world": [
                -0.8093551993370056,
                0.1597006618976593,
                0.17325879633426666,
                0.5379788279533386
            ],
            "segmentation_id": 4,
            "visibility": 1
        },
        {
            "bounding_box_minx_maxx_miny_maxy": [
                -1,
                -1,
                -1,
                -1
            ],
            "class": "Toys",
            "local_cuboid": null,
            "local_to_world_matrix": [
                [
                    -0.6258347034454346,
                    0.7787736058235168,
                    -0.0429241806268692,
                    0.0
                ],
                [
                    -0.6519004702568054,
                    -0.5525048971176147,
                    -0.5193880200386047,
                    0.0
                ],
                [
                    -0.4282015562057495,
                    -0.2970687747001648,
                    0.8534597754478455,
                    0.0
                ],
                [
                    0.46980541944503784,
                    -0.22543266415596008,
                    0.44090545177459717,
                    1.0
                ]
            ],
            "location": [
                0.22543266415596008,
                0.44090545177459717,
                -0.46980541944503784
            ],
            "location_world": [
                0.46980541944503784,
                -0.22543266415596008,
                0.44090545177459717
            ],
            "name": "google_Toys_R_Us_Treat_Dispenser_Smart_Puzzle_Foobler_4",
            "projected_cuboid": [
                [
                    500.2213716506958,
                    -654.8417210578918
                ],
                [
                    750.353991985321,
                    -794.0597534179688
                ],
                [
                    587.6806378364563,
                    -396.3448405265808
                ],
                [
                    407.010555267334,
                    -361.1396551132202
                ],
                [
                    596.6899394989014,
                    -488.5258078575134
                ],
                [
                    810.6827139854431,
                    -552.7713298797607
                ],
                [
                    673.1916666030884,
                    -271.2022662162781
                ],
                [
                    508.2056522369385,
                    -264.08296823501587
                ],
                [
                    592.8629040718079,
                    -449.3677616119385
                ]
            ],
            "provenance": "visii",
            "quaternion_xyzw": [
                0.27946949005126953,
                0.4558464586734772,
                0.825585126876831,
                -0.18030518293380737
            ],
            "quaternion_xyzw_world": [
                -0.13528716564178467,
                -0.23445148766040802,
                0.8706031441688538,
                0.41082844138145447
            ],
            "segmentation_id": 5,
            "visibility": 0
        },
        {
            "bounding_box_minx_maxx_miny_maxy": [
                406,
                499,
                1,
                73
            ],
            "class": "Tag",
            "local_cuboid": null,
            "local_to_world_matrix": [
                [
                    0.3625524640083313,
                    -0.24268993735313416,
                    -0.8998095989227295,
                    0.0
                ],
                [
                    0.15154510736465454,
                    0.9680008292198181,
                    -0.20002123713493347,
                    0.0
                ],
                [
                    0.9195595979690552,
                    -0.06384355574846268,
                    0.3877295255661011,
                    0.0
                ],
                [
                    1.5230979919433594,
                    -0.5222067832946777,
                    0.555892825126648,
                    1.0
                ]
            ],
            "location": [
                0.5222067832946777,
                0.555892825126648,
                -1.5230979919433594
            ],
            "location_world": [
                1.5230979919433594,
                -0.5222067832946777,
                0.555892825126648
            ],
            "name": "google_Tag_Dishtowel_Basket_Weave_Red_18_x_26_5",
            "projected_cuboid": [
                [
                    503.2101273536682,
                    51.34980380535126
                ],
                [
                    412.74064779281616,
                    73.26604425907135
                ],
                [
                    415.2050018310547,
                    74.85170662403107
                ],
                [
                    507.61860609054565,
                    52.5147020816803
                ],
                [
                    497.02173471450806,
                    -18.271416425704956
                ],
                [
                    403.0665159225464,
                    6.118103861808777
                ],
                [
                    405.42641282081604,
                    6.343215703964233
                ],
                [
                    501.4805197715759,
                    -18.571048974990845
                ],
                [
                    455.2484154701233,
                    29.27456796169281
                ]
            ],
            "provenance": "visii",
            "quaternion_xyzw": [
                -0.7684839963912964,
                0.6076282262802124,
                0.09717472642660141,
                0.17543455958366394
            ],
            "quaternion_xyzw_world": [
                -0.04129796102643013,
                0.5517514944076538,
                -0.11955779790878296,
                0.8243607878684998
            ],
            "segmentation_id": 6,
            "visibility": 1
        },
        {
            "bounding_box_minx_maxx_miny_maxy": [
                315,
                475,
                74,
                204
            ],
            "class": "FRACTION",
            "local_cuboid": null,
            "local_to_world_matrix": [
                [
                    0.026707887649536133,
                    -0.47005215287208557,
                    0.8822344541549683,
                    0.0
                ],
                [
                    0.7015265226364136,
                    0.6375386714935303,
                    0.3184415400028229,
                    0.0
                ],
                [
                    -0.7121427059173584,
                    0.6104059219360352,
                    0.3467813730239868,
                    0.0
                ],
                [
                    0.8484217524528503,
                    -0.2016931027173996,
                    0.15328462421894073,
                    1.0
                ]
            ],
            "location": [
                0.2016931027173996,
                0.15328462421894073,
                -0.8484217524528503
            ],
            "location_world": [
                0.8484217524528503,
                -0.2016931027173996,
                0.15328462421894073
            ],
            "name": "google_FRACTION_FUN_n4h4qte23QR_6",
            "projected_cuboid": [
                [
                    471.4694917201996,
                    77.25314795970917
                ],
                [
                    356.14997148513794,
                    62.092989683151245
                ],
                [
                    370.13036012649536,
                    78.47490906715393
                ],
                [
                    483.23050141334534,
                    95.80342471599579
                ],
                [
                    406.46058320999146,
                    200.7857859134674
                ],
                [
                    300.3169596195221,
                    166.94527864456177
                ],
                [
                    316.2771463394165,
                    179.82786893844604
                ],
                [
                    420.8919405937195,
                    214.50722217559814
                ],
                [
                    386.45732402801514,
                    133.44208896160126
                ]
            ],
            "provenance": "visii",
            "quaternion_xyzw": [
                -0.3314618468284607,
                -0.18455803394317627,
                0.48053330183029175,
                0.7906700372695923
            ],
            "quaternion_xyzw_world": [
                -0.1029415875673294,
                -0.5621497631072998,
                -0.41307830810546875,
                0.7090535759925842
            ],
            "segmentation_id": 7,
            "visibility": 1
        },
        {
            "bounding_box_minx_maxx_miny_maxy": [
                311,
                345,
                191,
                202
            ],
            "class": "FAIRY",
            "local_cuboid": null,
            "local_to_world_matrix": [
                [
                    0.1388000249862671,
                    -0.9882539510726929,
                    0.06394359469413757,
                    0.0
                ],
                [
                    0.8944171667098999,
                    0.15281659364700317,
                    0.4203154444694519,
                    0.0
                ],
                [
                    -0.4251500070095062,
                    -0.001147538423538208,
                    0.9051221609115601,
                    0.0
                ],
                [
                    1.8094770908355713,
                    -0.20513208210468292,
                    -0.031217727810144424,
                    1.0
                ]
            ],
            "location": [
                0.20513208210468292,
                -0.031217727810144424,
                -1.8094770908355713
            ],
            "location_world": [
                1.8094770908355713,
                -0.20513208210468292,
                -0.031217727810144424
            ],
            "name": "google_FAIRY_TALE_BLOCKS_7",
            "projected_cuboid": [
                [
                    380.46157360076904,
                    203.99463176727295
                ],
                [
                    350.5379557609558,
                    173.55328798294067
                ],
                [
                    345.5563187599182,
                    239.93392288684845
                ],
                [
                    373.1270730495453,
                    277.8967618942261
                ],
                [
                    289.73856568336487,
                    209.0468853712082
                ],
                [
                    271.0907757282257,
                    177.36977338790894
                ],
                [
                    269.96302604675293,
                    244.75522339344025
                ],
                [
                    287.3944044113159,
                    284.18058156967163
                ],
                [
                    320.54805755615234,
                    226.09545290470123
                ]
            ],
            "provenance": "visii",
            "quaternion_xyzw": [
                -0.5345063805580139,
                0.04156780242919922,
                0.06438298523426056,
                0.8416827321052551
            ],
            "quaternion_xyzw_world": [
                0.14218056201934814,
                -0.16499575972557068,
                -0.6351191997528076,
                0.7410699725151062
            ],
            "segmentation_id": 8,
            "visibility": 1
        },
        {
            "bounding_box_minx_maxx_miny_maxy": [
                425,
                483,
                480,
                500
            ],
            "class": "Great",
            "local_cuboid": null,
            "local_to_world_matrix": [
                [
                    0.15534508228302002,
                    -0.9878568053245544,
                    0.002616286277770996,
                    0.0
                ],
                [
                    0.7551810145378113,
                    0.11704754829406738,
                    -0.6449817419052124,
                    0.0
                ],
                [
                    0.6368433833122253,
                    0.10217049717903137,
                    0.7641934752464294,
                    0.0
                ],
                [
                    1.4019320011138916,
                    -0.47613194584846497,
                    -0.6396564245223999,
                    1.0
                ]
            ],
            "location": [
                0.47613194584846497,
                -0.6396564245223999,
                -1.4019320011138916
            ],
            "location_world": [
                1.4019320011138916,
                -0.47613194584846497,
                -0.6396564245223999
            ],
            "name": "google_Great_Jones_Wingtip_kAqSg6EgG0I_8",
            "projected_cuboid": [
                [
                    487.72746324539185,
                    449.81515407562256
                ],
                [
                    438.9645457267761,
                    496.28058075904846
                ],
                [
                    452.5095224380493,
                    542.2780513763428
                ],
                [
                    506.4737796783447,
                    501.59335136413574
                ],
                [
                    441.56765937805176,
                    452.5073170661926
                ],
                [
                    399.1413712501526,
                    499.079167842865
                ],
                [
                    410.9323024749756,
                    545.7368493080139
                ],
                [
                    457.9464793205261,
                    505.13994693756104
                ],
                [
                    447.3818838596344,
                    500.2092123031616
                ]
            ],
            "provenance": "visii",
            "quaternion_xyzw": [
                -0.9041130542755127,
                0.031641870737075806,
                0.07120668143033981,
                0.4201284348964691
            ],
            "quaternion_xyzw_world": [
                -0.2617747485637665,
                0.22220991551876068,
                -0.6106964945793152,
                0.713545024394989
            ],
            "segmentation_id": 9,
            "visibility": 1
        },
        {
            "bounding_box_minx_maxx_miny_maxy": [
                92,
                158,
                426,
                500
            ],
            "class": "Ecoforms",
            "local_cuboid": null,
            "local_to_world_matrix": [
                [
                    -0.06338298320770264,
                    0.8650995492935181,
                    -0.4975793957710266,
                    0.0
                ],
                [
                    0.1375276744365692,
                    -0.4862537384033203,
                    -0.8629271984100342,
                    0.0
                ],
                [
                    -0.9884678721427917,
                    -0.12312588095664978,
                    -0.08815491199493408,
                    0.0
                ],
                [
                    1.7699254751205444,
                    0.3428579568862915,
                    -0.5924683809280396,
                    1.0
                ]
            ],
            "location": [
                -0.3428579568862915,
                -0.5924683809280396,
                -1.7699254751205444
            ],
            "location_world": [
                1.7699254751205444,
                0.3428579568862915,
                -0.5924683809280396
            ],
            "name": "google_Ecoforms_Plant_Container_Quadra_Sand_QP6_9",
            "projected_cuboid": [
                [
                    78.33889126777649,
                    468.1437909603119
                ],
                [
                    115.77533185482025,
                    526.0917544364929
                ],
                [
                    121.31033837795258,
                    495.1641857624054
                ],
                [
                    87.51840889453888,
                    442.26765632629395
                ],
                [
                    141.89815521240234,
                    430.6839108467102
                ],
                [
                    178.03187668323517,
                    488.8046383857727
                ],
                [
                    177.73282527923584,
                    461.5575075149536
                ],
                [
                    145.00901103019714,
                    408.5244834423065
                ],
                [
                    131.05297088623047,
                    464.6507203578949
                ]
            ],
            "provenance": "visii",
            "quaternion_xyzw": [
                -0.04837299883365631,
                0.05853307247161865,
                -0.9639105796813965,
                0.2551670968532562
            ],
            "quaternion_xyzw_world": [
                0.6146188974380493,
                0.4078247845172882,
                -0.6044588088989258,
                -0.30091872811317444
            ],
            "segmentation_id": 10,
            "visibility": 1
        },
        {
            "bounding_box_minx_maxx_miny_maxy": [
                -1,
                -1,
                -1,
                -1
            ],
            "class": "ReadytoUse",
            "local_cuboid": null,
            "local_to_world_matrix": [
                [
                    -0.6252104043960571,
                    0.22814534604549408,
                    -0.7463656663894653,
                    0.0
                ],
                [
                    -0.1969415694475174,
                    0.8792526125907898,
                    0.43373820185661316,
                    0.0
                ],
                [
                    0.7551993131637573,
                    0.4181680381298065,
                    -0.5047866106033325,
                    0.0
                ],
                [
                    0.9675668478012085,
                    0.5426073670387268,
                    0.1541048139333725,
                    1.0
                ]
            ],
            "location": [
                -0.5426073670387268,
                0.1541048139333725,
                -0.9675668478012085
            ],
            "location_world": [
                0.9675668478012085,
                0.5426073670387268,
                0.1541048139333725
            ],
            "name": "google_ReadytoUse_Rolled_Fondant_Pure_White_24_oz_box_10",
            "projected_cuboid": [
                [
                    -94.07272934913635,
                    242.57345497608185
                ],
                [
                    -122.01175093650818,
                    230.28336465358734
                ],
                [
                    -127.21934914588928,
                    172.00735211372375
                ],
                [
                    -95.41845321655273,
                    186.57582998275757
                ],
                [
                    -56.34704232215881,
                    194.90215182304382
                ],
                [
                    -82.07875490188599,
                    183.03199112415314
                ],
                [
                    -81.80895447731018,
                    123.17229807376862
                ],
                [
                    -52.83668637275696,
                    137.1115893125534
                ],
                [
                    -88.12209963798523,
                    184.63748693466187
                ]
            ],
            "provenance": "visii",
            "quaternion_xyzw": [
                -0.5228087306022644,
                0.777348518371582,
                -0.099004827439785,
                -0.33555683493614197
            ],
            "quaternion_xyzw_world": [
                0.008993903174996376,
                0.867359459400177,
                0.2455459088087082,
                0.43279778957366943
            ],
            "segmentation_id": 11,
            "visibility": 0
        },
        {
            "bounding_box_minx_maxx_miny_maxy": [
                124,
                240,
                476,
                500
            ],
            "class": "Dog",
            "local_cuboid": null,
            "local_to_world_matrix": [
                [
                    0.41375625133514404,
                    -0.8764417171478271,
                    0.24628396332263947,
                    0.0
                ],
                [
                    0.5302778482437134,
                    0.4519132971763611,
                    0.7173421382904053,
                    0.0
                ],
                [
                    -0.7400075793266296,
                    -0.16620585322380066,
                    0.6517395377159119,
                    0.0
                ],
                [
                    0.6081681251525879,
                    0.08051996678113937,
                    -0.33220556378364563,
                    1.0
                ]
            ],
            "location": [
                -0.08051996678113937,
                -0.33220556378364563,
                -0.6081681251525879
            ],
            "location_world": [
                0.6081681251525879,
                0.08051996678113937,
                -0.33220556378364563
            ],
            "name": "google_Dog_11",
            "projected_cuboid": [
                [
                    378.6604404449463,
                    563.8182163238525
                ],
                [
                    265.18991589546204,
                    364.3626272678375
                ],
                [
                    233.73986780643463,
                    451.40132308006287
                ],
                [
                    314.5900368690491,
                    616.6188716888428
                ],
                [
                    75.98480582237244,
                    740.9972548484802
                ],
                [
                    3.4839361906051636,
                    462.47899532318115
                ],
                [
                    30.270472168922424,
                    539.5094752311707
                ],
                [
                    87.0581567287445,
                    752.6775002479553
                ],
                [
                    180.05067110061646,
                    549.9602556228638
                ]
            ],
            "provenance": "visii",
            "quaternion_xyzw": [
                -0.32368654012680054,
                0.15881825983524323,
                0.19119605422019958,
                0.9129336476325989
            ],
            "quaternion_xyzw_world": [
                0.2784346342086792,
                -0.31081244349479675,
                -0.4433029592037201,
                0.7933172583580017
            ],
            "segmentation_id": 12,
            "visibility": 1
        },
        {
            "bounding_box_minx_maxx_miny_maxy": [
                -1,
                -1,
                -1,
                -1
            ],
            "class": "Black",
            "local_cuboid": null,
            "local_to_world_matrix": [
                [
                    0.416675865650177,
                    -0.0958145260810852,
                    -0.9039915800094604,
                    0.0
                ],
                [
                    0.14683158695697784,
                    0.9884659051895142,
                    -0.03708907589316368,
                    0.0
                ],
                [
                    0.8971185684204102,
                    -0.11728039383888245,
                    0.4259384870529175,
                    0.0
                ],
                [
                    1.0928056240081787,
                    0.6482696533203125,
                    0.3405691981315613,
                    1.0
                ]
            ],
            "location": [
                -0.6482696533203125,
                0.3405691981315613,
                -1.0928056240081787
            ],
            "location_world": [
                1.0928056240081787,
                0.6482696533203125,
                0.3405691981315613
            ],
            "name": "google_Black_Elderberry_Syrup_54_oz_Gaia_Herbs_12",
            "projected_cuboid": [
                [
                    -43.9436137676239,
                    64.75792825222015
                ],
                [
                    -70.33216953277588,
                    67.12223589420319
                ],
                [
                    -117.19301342964172,
                    79.29182052612305
                ],
                [
                    -88.05203437805176,
                    76.74378156661987
                ],
                [
                    -52.47998237609863,
                    35.272687673568726
                ],
                [
                    -79.32451367378235,
                    37.89375722408295
                ],
                [
                    -128.29190492630005,
                    46.82430624961853
                ],
                [
                    -98.59597682952881,
                    43.958306312561035
                ],
                [
                    -83.47150683403015,
                    56.35377764701843
                ]
            ],
            "provenance": "visii",
            "quaternion_xyzw": [
                -0.7123942375183105,
                0.664118766784668,
                0.10506664216518402,
                0.20100180804729462
            ],
            "quaternion_xyzw_world": [
                0.023829849436879158,
                0.5352222919464111,
                -0.07210531085729599,
                0.8412907123565674
            ],
            "segmentation_id": 13,
            "visibility": 0
        },
        {
            "bounding_box_minx_maxx_miny_maxy": [
                0,
                0,
                272,
                275
            ],
