{
    "camera_data": {
        "camera_look_at": {
            "at": [
                1.0,
                0.0,
                0.0
            ],
            "eye": [
                0.0,
                0.0,
                0.0
            ],
            "up": [
                0.0,
                0.0,
                1.0
            ]
        },
        "camera_view_matrix": [
            [
                0.0,
                0.0,
                -1.0,
                0.0
            ],
            [
                -1.0,
                0.0,
                0.0,
                0.0
            ],
            [
                0.0,
                1.0,
                0.0,
                0.0
            ],
            [
                0.0,
                0.0,
                0.0,
                1.0
            ]
        ],
        "height": 500,
        "intrinsics": {
            "cx": 250.0,
            "cy": 250.0,
            "fx": 603.5535278320312,
            "fy": 603.5535278320312
        },
        "location_world": [
            0.0,
            0.0,
            0.0
        ],
        "quaternion_world_xyzw": [
            0.5,
            -0.5,
            -0.5,
            0.5
        ],
        "width": 500
    },
    "objects": [
        {
            "bounding_box_minx_maxx_miny_maxy": [
                -1,
                -1,
                -1,
                -1
            ],
            "class": "Reebok",
            "local_cuboid": null,
            "local_to_world_matrix": [
                [
                    -0.8926382064819336,
                    0.38681089878082275,
                    -0.23146119713783264,
                    0.0
                ],
                [
                    0.28534311056137085,
                    0.08736413717269897,
                    -0.9544353485107422,
                    0.0
                ],
                [
                    -0.3489646017551422,
                    -0.9180113077163696,
                    -0.18835830688476562,
                    0.0
                ],
                [
                    1.1168560981750488,
                    -0.4489395022392273,
                    -0.19423288106918335,
                    1.0
                ]
            ],
            "location": [
                0.4489395022392273,
                -0.19423288106918335,
                -1.1168560981750488
            ],
            "location_world": [
                1.1168560981750488,
                -0.4489395022392273,
                -0.19423288106918335
            ],
            "name": "google_Reebok_SOMERSET_RUN_0",
            "projected_cuboid": [
                [
                    585.0626230239868,
                    304.84917759895325
                ],
                [
                    544.4058179855347,
                    458.44709873199463
                ],
                [
                    475.59940814971924,
                    438.9173984527588
                ],
                [
                    509.0419054031372,
                    289.8006737232208
                ],
                [
                    578.2356858253479,
                    285.22393107414246
                ],
                [
                    541.5721535682678,
                    426.9810914993286
                ],
                [
                    478.5943627357483,
                    410.1332724094391
                ],
                [
                    509.2655420303345,
                    272.2289264202118
                ],
                [
                    526.373028755188,
                    362.88613080978394
                ]
            ],
            "provenance": "visii",
            "quaternion_xyzw": [
                -0.5519646406173706,
                0.144404798746109,
                -0.8200930953025818,
                0.04392704367637634
            ],
            "quaternion_xyzw_world": [
                0.22823016345500946,
                0.7362677454948425,
                -0.6357899904251099,
                -0.03989832103252411
            ],
            "segmentation_id": 1,
            "visibility": 0
        },
        {
            "bounding_box_minx_maxx_miny_maxy": [
                -1,
                -1,
                -1,
                -1
            ],
            "class": "Breyer",
            "local_cuboid": null,
            "local_to_world_matrix": [
                [
                    -0.07558906078338623,
                    0.035449057817459106,
                    -0.9965089559555054,
                    0.0
                ],
                [
                    -0.9966866970062256,
                    0.027420401573181152,
                    0.0765778124332428,
                    0.0
                ],
                [
                    0.030039459466934204,
                    0.9989954233169556,
                    0.033258676528930664,
                    0.0
                ],
                [
                    0.18872418999671936,
                    0.3824774920940399,
                    -0.10411641001701355,
                    1.0
                ]
            ],
            "location": [
                -0.3824774920940399,
                -0.10411641001701355,
                -0.18872418999671936
            ],
            "location_world": [
                0.18872418999671936,
                0.3824774920940399,
                -0.10411641001701355
            ],
            "name": "google_Breyer_Horse_Of_The_Year_2015_1",
            "projected_cuboid": [
                [
                    -1322.3538398742676,
                    884.4565749168396
                ],
                [
                    -1933.8994026184082,
                    1110.7935905456543
                ],
                [
                    -1365.4513359069824,
                    1159.3842506408691
                ],
                [
                    -901.5669822692871,
                    914.08771276474
                ],
                [
                    -1177.8769493103027,
                    215.46980738639832
                ],
                [
                    -1675.6105422973633,
                    187.5927746295929
                ],
                [
                    -1161.0418558120728,
                    204.7721892595291
                ],
                [
                    -787.5169515609741,
                    228.73815894126892
                ],
                [
                    -1251.448631286621,
                    585.6988430023193
                ]
            ],
            "provenance": "visii",
            "quaternion_xyzw": [
                -0.4790649116039276,
                0.5343375205993652,
                0.48187965154647827,
                -0.5027647018432617
            ],
            "quaternion_xyzw_world": [
                -0.46468585729599,
                0.5171437859535217,
                0.51995849609375,
                0.4962587058544159
            ],
            "segmentation_id": 2,
            "visibility": 0
        },
        {
            "bounding_box_minx_maxx_miny_maxy": [
                93,
                173,
                13,
                131
            ],
            "class": "Smith",
            "local_cuboid": null,
            "local_to_world_matrix": [
                [
                    -0.2571887969970703,
                    0.08976036310195923,
                    -0.9621834754943848,
                    0.0
                ],
                [
                    -0.9185915589332581,
                    -0.33188366889953613,
                    0.21457597613334656,
                    0.0
                ],
                [
                    -0.300072580575943,
                    0.9390400648117065,
                    0.1678098440170288,
                    0.0
                ],
                [
                    1.7094392776489258,
                    0.24077674746513367,
                    0.5184926986694336,
                    1.0
                ]
            ],
            "location": [
                -0.24077674746513367,
                0.5184926986694336,
                -1.7094392776489258
            ],
            "location_world": [
                1.7094392776489258,
                0.24077674746513367,
                0.5184926986694336
            ],
            "name": "google_Smith_Hawken_Woven_BasketTray_Organizer_with_3_Compartments_95_x_9_x_13_2",
            "projected_cuboid": [
                [
                    54.03842031955719,
                    121.66579067707062
                ],
                [
                    57.60343372821808,
                    78.22130620479584
                ],
                [
                    166.10479354858398,
                    104.77414727210999
                ],
                [
                    148.31116795539856,
                    142.73247122764587
                ],
                [
                    75.04989206790924,
                    11.615052819252014
                ],
                [
                    81.5904289484024,
                    -45.939743518829346
                ],
                [
                    182.77209997177124,
                    -14.782577753067017
                ],
                [
                    163.75727951526642,
                    36.370426416397095
                ],
                [
                    117.19033122062683,
                    54.729342460632324
                ]
            ],
            "provenance": "visii",
            "quaternion_xyzw": [
                -0.31448015570640564,
                0.5010647773742676,
                0.542046308517456,
                -0.5968433618545532
            ],
            "quaternion_xyzw_world": [
                -0.47615256905555725,
                0.4351710081100464,
                0.6627371907234192,
                0.3803739547729492
            ],
            "segmentation_id": 3,
            "visibility": 1
        },
        {
            "bounding_box_minx_maxx_miny_maxy": [
                337,
                499,
                70,
                233
            ],
            "class": "Paul",
            "local_cuboid": null,
            "local_to_world_matrix": [
                [
                    0.02825111150741577,
                    -0.7803738713264465,
                    0.6246747970581055,
                    0.0
                ],
                [
                    0.7010300755500793,
                    -0.4300137758255005,
                    -0.5688982009887695,
                    0.0
                ],
                [
                    0.7125719785690308,
                    0.45398783683776855,
                    0.5349170565605164,
                    0.0
                ],
                [
                    0.8956610560417175,
                    -0.3342507481575012,
                    0.10905943810939789,
                    1.0
                ]
            ],
            "location": [
                0.3342507481575012,
                0.10905943810939789,
                -0.8956610560417175
            ],
            "location_world": [
                0.8956610560417175,
                -0.3342507481575012,
                0.10905943810939789
            ],
            "name": "google_Paul_Frank_Dot_Lunch_Box_3",
            "projected_cuboid": [
                [
                    431.55163526535034,
                    46.39308154582977
                ],
                [
                    444.4984793663025,
                    93.97532045841217
                ],
                [
                    546.6515421867371,
                    146.3819146156311
                ],
                [
                    540.1908159255981,
                    94.27015483379364
                ],
                [
                    311.16998195648193,
                    142.33094453811646
                ],
                [
                    332.5217068195343,
                    183.60838294029236
                ],
                [
                    415.57925939559937,
                    252.37423181533813
                ],
                [
                    397.4515199661255,
                    209.19743180274963
                ],
                [
                    423.9618480205536,
                    144.27128434181213
                ]
            ],
            "provenance": "visii",
            "quaternion_xyzw": [
                -0.8749063014984131,
                -0.30137187242507935,
                0.13779734075069427,
                0.35316556692123413
            ],
            "quaternion_xyzw_world": [
                -0.4804549515247345,
                0.04128575325012207,
                -0.6958231925964355,
                0.5322486758232117
            ],
            "segmentation_id": 4,
            "visibility": 1
        },
        {
            "bounding_box_minx_maxx_miny_maxy": [
                -1,
                -1,
                -1,
                -1
            ],
            "class": "Toys",
            "local_cuboid": null,
            "local_to_world_matrix": [
                [
                    0.8334673643112183,
                    -0.42436349391937256,
                    0.353903591632843,
                    0.0
                ],
                [
                    -0.27989107370376587,
                    -0.8764510154724121,
                    -0.3917838931083679,
                    0.0
                ],
                [
                    0.47643792629241943,
                    0.22748464345932007,
                    -0.8492687940597534,
                    0.0
                ],
                [
                    0.24882568418979645,
                    -0.18488721549510956,
                    0.5072352290153503,
                    1.0
                ]
            ],
            "location": [
                0.18488721549510956,
                0.5072352290153503,
                -0.24882568418979645
            ],
            "location_world": [
                0.24882568418979645,
                -0.18488721549510956,
                0.5072352290153503
            ],
            "name": "google_Toys_R_Us_Treat_Dispenser_Smart_Puzzle_Foobler_4",
            "projected_cuboid": [
                [
                    420.70066928863525,
                    -392.8367495536804
                ],
                [
                    664.00545835495,
                    -368.98624897003174
                ],
                [
                    839.9915099143982,
                    -793.7592267990112
                ],
                [
                    520.9107398986816,
                    -768.1652307510376
                ],
                [
                    357.5526177883148,
                    -571.5351104736328
                ],
                [
                    722.3407030105591,
                    -567.279577255249
                ],
                [
                    1063.960075378418,
                    -1417.6620244979858
                ],
                [
                    498.1125295162201,
                    -1245.4707622528076
                ],
                [
                    604.168176651001,
                    -685.1328015327454
                ]
            ],
            "provenance": "visii",
            "quaternion_xyzw": [
                0.7570642828941345,
                0.40629130601882935,
                -0.3503507077693939,
                0.37287452816963196
            ],
            "quaternion_xyzw_world": [
                0.9432904124259949,
                -0.1866483986377716,
                0.2200651913881302,
                -0.16412457823753357
            ],
            "segmentation_id": 5,
            "visibility": 0
        },
        {
            "bounding_box_minx_maxx_miny_maxy": [
                442,
                499,
                1,
                75
            ],
            "class": "Tag",
            "local_cuboid": null,
            "local_to_world_matrix": [
                [
                    0.7923952341079712,
                    0.3988490402698517,
                    0.46155089139938354,
                    0.0
                ],
                [
                    0.33469846844673157,
                    0.34829723834991455,
                    -0.8755946159362793,
                    0.0
                ],
                [
                    -0.5099869966506958,
                    0.8482973575592041,
                    0.14249491691589355,
                    0.0
                ],
                [
                    1.8596875667572021,
                    -0.7073776721954346,
                    0.6656643748283386,
                    1.0
                ]
            ],
            "location": [
                0.7073776721954346,
                0.6656643748283386,
                -1.8596875667572021
            ],
            "location_world": [
                1.8596875667572021,
                -0.7073776721954346,
                0.6656643748283386
            ],
            "name": "google_Tag_Dishtowel_Basket_Weave_Red_18_x_26_5",
            "projected_cuboid": [
                [
                    470.8966612815857,
                    -12.032181024551392
                ],
                [
                    436.91253662109375,
                    61.661288142204285
                ],
                [
                    444.2991614341736,
                    64.88870084285736
                ],
                [
                    478.26844453811646,
                    -7.97763466835022
                ],
                [
                    511.7526054382324,
                    -5.061298608779907
                ],
                [
                    473.4787940979004,
                    73.82373511791229
                ],
                [
                    481.05552792549133,
                    77.1712064743042
                ],
                [
                    519.2782878875732,
                    -0.764995813369751
                ],
                [
                    475.9220480918884,
                    32.095327973365784
                ]
            ],
            "provenance": "visii",
            "quaternion_xyzw": [
                -0.49161940813064575,
                -0.057592134922742844,
                0.834330677986145,
                0.24266400933265686
            ],
            "quaternion_xyzw_world": [
                -0.5704391002655029,
                -0.32148370146751404,
                0.02122754417359829,
                0.7555109858512878
            ],
            "segmentation_id": 6,
            "visibility": 1
        },
        {
            "bounding_box_minx_maxx_miny_maxy": [
                0,
                167,
                1,
                142
            ],
            "class": "FRACTION",
            "local_cuboid": null,
            "local_to_world_matrix": [
                [
                    -0.9169247150421143,
                    0.3832699656486511,
                    0.11114605516195297,
                    0.0
                ],
                [
                    -0.17715054750442505,
                    -0.6405059099197388,
                    0.7472415566444397,
                    0.0
                ],
                [
                    0.3575849235057831,
                    0.6654745936393738,
                    0.6551920175552368,
                    0.0
                ],
                [
                    0.4619898498058319,
                    0.14038418233394623,
                    0.17047899961471558,
                    1.0
                ]
            ],
            "location": [
                -0.14038418233394623,
                0.17047899961471558,
                -0.4619898498058319
            ],
            "location_world": [
                0.4619898498058319,
                0.14038418233394623,
                0.17047899961471558
            ],
            "name": "google_FRACTION_FUN_n4h4qte23QR_6",
            "projected_cuboid": [
                [
                    -134.22203063964844,
                    48.52050542831421
                ],
                [
                    24.0660160779953,
                    -193.34471225738525
                ],
                [
                    62.564000487327576,
                    -164.91934657096863
                ],
                [
                    -105.18163442611694,
                    84.06001329421997
                ],
                [
                    43.6716228723526,
                    125.27832388877869
                ],
                [
                    165.994793176651,
                    -40.05235433578491
                ],
                [
                    196.95492088794708,
                    -15.747755765914917
                ],
                [
                    69.35045123100281,
                    152.75657176971436
                ],
                [
                    51.00880563259125,
                    12.57459819316864
                ]
            ],
            "provenance": "visii",
            "quaternion_xyzw": [
                0.2382611185312271,
                0.7886850833892822,
                0.26383867859840393,
                -0.5015941262245178
            ],
            "quaternion_xyzw_world": [
                0.1307566612958908,
                0.3940896689891815,
                0.8961895108222961,
                0.1563342660665512
            ],
            "segmentation_id": 7,
            "visibility": 1
        },
        {
            "bounding_box_minx_maxx_miny_maxy": [
                232,
                319,
                330,
                426
            ],
            "class": "FAIRY",
            "local_cuboid": null,
            "local_to_world_matrix": [
                [
                    -0.6774317026138306,
                    0.44244757294654846,
                    -0.5876449942588806,
                    0.0
                ],
                [
                    0.6920223236083984,
                    0.6541779041290283,
                    -0.3052154779434204,
                    0.0
                ],
                [
                    0.24938251078128815,
                    -0.6134260296821594,
                    -0.7493444681167603,
                    0.0
                ],
                [
                    1.771811604499817,
                    -0.06716877222061157,
                    -0.3203299343585968,
                    1.0
                ]
            ],
            "location": [
                0.06716877222061157,
                -0.3203299343585968,
                -1.771811604499817
            ],
            "location_world": [
                1.771811604499817,
                -0.06716877222061157,
                -0.3203299343585968
            ],
            "name": "google_FAIRY_TALE_BLOCKS_7",
            "projected_cuboid": [
                [
                    336.1096680164337,
                    440.15026092529297
                ],
                [
                    270.4668641090393,
                    447.7522373199463
                ],
                [
                    224.6793806552887,
                    397.2218632698059
                ],
                [
                    287.34809160232544,
                    383.5468888282776
                ],
                [
                    364.52651023864746,
                    374.3200898170471
                ],
                [
                    301.78117752075195,
                    387.31443881988525
                ],
                [
                    260.8347237110138,
                    339.41179513931274
                ],
                [
                    321.30101323127747,
                    321.02543115615845
                ],
                [
                    295.380562543869,
                    385.6436610221863
                ]
            ],
            "provenance": "visii",
            "quaternion_xyzw": [
                -0.5272927284240723,
                0.5887730121612549,
                -0.6120213866233826,
                -0.027177557349205017
            ],
            "quaternion_xyzw_world": [
                0.3231620490550995,
                0.8776323199272156,
                -0.26168176531791687,
                0.23843342065811157
            ],
            "segmentation_id": 8,
            "visibility": 1
        },
        {
            "bounding_box_minx_maxx_miny_maxy": [
                -1,
                -1,
                -1,
                -1
            ],
            "class": "Great",
            "local_cuboid": null,
            "local_to_world_matrix": [
                [
                    0.20002204179763794,
                    0.5193971395492554,
                    -0.8307933807373047,
                    0.0
                ],
                [
                    0.2276284396648407,
                    0.8000943064689636,
                    0.5550084710121155,
                    0.0
                ],
                [
                    0.9529829025268555,
                    -0.3001261353492737,
                    0.041806936264038086,
                    0.0
                ],
                [
                    1.846971035003662,
                    -0.7253591418266296,
                    -0.3104545474052429,
                    1.0
                ]
            ],
            "location": [
                0.7253591418266296,
                -0.3104545474052429,
                -1.846971035003662
            ],
            "location_world": [
                1.846971035003662,
                -0.7253591418266296,
                -0.3104545474052429
            ],
            "name": "google_Great_Jones_Wingtip_kAqSg6EgG0I_8",
            "projected_cuboid": [
                [
                    517.398476600647,
                    387.06326484680176
                ],
                [
                    432.6493442058563,
                    329.9925923347473
                ],
                [
                    432.2240352630615,
                    336.08710765838623
                ],
                [
                    521.9968557357788,
                    396.78943157196045
                ],
                [
                    538.785994052887,
                    359.43713784217834
                ],
                [
                    452.3170590400696,
                    302.71613597869873
                ],
                [
                    453.0258774757385,
                    307.30322003364563
                ],
                [
                    544.7288155555725,
                    367.62019991874695
                ],
                [
                    485.71687936782837,
                    347.8085398674011
                ]
            ],
            "provenance": "visii",
            "quaternion_xyzw": [
                -0.4686622619628906,
                0.8699696063995361,
                -0.053398847579956055,
                0.14372575283050537
            ],
            "quaternion_xyzw_world": [
                0.29921597242355347,
                0.6241524815559387,
                0.10209135711193085,
                0.714479386806488
            ],
            "segmentation_id": 9,
            "visibility": 0
        },
        {
            "bounding_box_minx_maxx_miny_maxy": [
                253,
                312,
                459,
                500
            ],
            "class": "Ecoforms",
            "local_cuboid": null,
            "local_to_world_matrix": [
                [
                    0.40390634536743164,
                    0.019621826708316803,
                    -0.9145901203155518,
                    0.0
                ],
                [
                    -0.22961774468421936,
                    -0.9655895233154297,
                    -0.12212110310792923,
                    0.0
                ],
                [
                    -0.8855143785476685,
                    0.2593315541744232,
                    -0.38550257682800293,
                    0.0
                ],
                [
                    1.6944936513900757,
                    -0.1026335284113884,
                    -0.6414310336112976,
                    1.0
                ]
            ],
            "location": [
                0.1026335284113884,
                -0.6414310336112976,
                -1.6944936513900757
            ],
            "location_world": [
                1.6944936513900757,
                -0.1026335284113884,
                -0.6414310336112976
            ],
            "name": "google_Ecoforms_Plant_Container_Quadra_Sand_QP6_9",
            "projected_cuboid": [
                [
                    236.94902658462524,
                    543.8764691352844
                ],
                [
                    307.52864480018616,
                    561.0635280609131
                ],
                [
                    317.9270029067993,
                    511.0187530517578
                ],
                [
                    253.09103727340698,
                    496.5384304523468
                ],
                [
                    237.76733875274658,
                    489.91864919662476
                ],
                [
                    312.0253384113312,
                    506.40928745269775
                ],
                [
                    322.5022852420807,
                    459.000825881958
                ],
                [
                    254.57626581192017,
                    445.21045684814453
                ],
                [
                    280.1044285297394,
                    501.06287002563477
                ]
            ],
            "provenance": "visii",
            "quaternion_xyzw": [
                0.23290832340717316,
                0.054741740226745605,
                -0.7119089365005493,
                0.6602597236633301
            ],
            "quaternion_xyzw_world": [
                0.8299093842506409,
                -0.06325868517160416,
                -0.5422593355178833,
                -0.11490792036056519
            ],
            "segmentation_id": 10,
            "visibility": 1
        },
        {
            "bounding_box_minx_maxx_miny_maxy": [
                -1,
                -1,
                -1,
                -1
            ],
            "class": "ReadytoUse",
            "local_cuboid": null,
            "local_to_world_matrix": [
                [
                    -0.23136508464813232,
                    0.964228630065918,
                    0.12935921549797058,
                    0.0
                ],
                [
                    0.09037312865257263,
                    -0.1110907793045044,
                    0.9896929264068604,
                    0.0
                ],
                [
                    0.9686605930328369,
                    0.24067071080207825,
                    -0.06143808364868164,
                    0.0
                ],
                [
                    0.8411175608634949,
                    0.5945688486099243,
                    -0.15771019458770752,
                    1.0
                ]
            ],
            "location": [
                -0.5945688486099243,
                -0.15771019458770752,
                -0.8411175608634949
            ],
            "location_world": [
                0.8411175608634949,
                0.5945688486099243,
                -0.15771019458770752
            ],
            "name": "google_ReadytoUse_Rolled_Fondant_Pure_White_24_oz_box_10",
            "projected_cuboid": [
                [
                    -175.27368664741516,
                    362.7127408981323
                ],
                [
                    -170.05380988121033,
                    332.64920115470886
                ],
                [
                    -223.2622504234314,
                    341.3896858692169
                ],
                [
                    -229.80234026908875,
                    377.45457887649536
                ],
                [
                    -93.82447600364685,
                    368.937611579895
                ],
                [
                    -89.10271525382996,
                    339.6760821342468
                ],
                [
                    -125.14066696166992,
                    349.4684398174286
                ],
                [
                    -130.95426559448242,
                    384.3851387500763
                ],
                [
                    -151.9833505153656,
                    356.5598130226135
                ]
            ],
            "provenance": "visii",
            "quaternion_xyzw": [
                0.060702741146087646,
                0.990275502204895,
                -0.03832544386386871,
                -0.11916771531105042
            ],
            "quaternion_xyzw_world": [
                0.4850679934024811,
                0.5435329675674438,
                0.565910279750824,
                0.3860397934913635
            ],
            "segmentation_id": 11,
            "visibility": 0
        },
        {
            "bounding_box_minx_maxx_miny_maxy": [
                0,
                259,
                416,
                500
            ],
            "class": "Dog",
            "local_cuboid": null,
            "local_to_world_matrix": [
                [
                    0.0992286205291748,
                    -0.9600757956504822,
                    -0.2615501880645752,
                    0.0
                ],
                [
                    -0.5650344491004944,
                    0.1619957685470581,
                    -0.8090078830718994,
                    0.0
                ],
                [
                    0.819078803062439,
                    0.228061705827713,
                    -0.5264014005661011,
                    0.0
                ],
                [
                    0.2568341791629791,
                    0.10839172452688217,
                    -0.13086441159248352,
                    1.0
                ]
            ],
            "location": [
                -0.10839172452688217,
                -0.13086441159248352,
                -0.2568341791629791
            ],
            "location_world": [
                0.2568341791629791,
                0.10839172452688217,
                -0.13086441159248352
            ],
            "name": "google_Dog_11",
            "projected_cuboid": [
                [
                    218.6199426651001,
                    489.2727732658386
                ],
                [
                    161.88174486160278,
                    795.5390214920044
                ],
                [
                    222.3612368106842,
                    914.8209691047668
                ],
                [
                    288.1355285644531,
                    413.68210315704346
                ],
                [
                    -74.5043158531189,
                    421.7909872531891
                ],
                [
                    -221.53374552726746,
                    727.9255390167236
                ],
                [
                    -478.5877466201782,
                    804.1882514953613
                ],
                [
                    -160.23123264312744,
                    303.38218808174133
                ],
                [
                    20.115122199058533,
                    578.933596611023
                ]
            ],
            "provenance": "visii",
            "quaternion_xyzw": [
                -0.9471222758293152,
                0.11179818212985992,
                0.08639079332351685,
                -0.28809261322021484
            ],
            "quaternion_xyzw_world": [
                -0.6049037575721741,
                0.630311131477356,
                -0.23042038083076477,
                0.42860934138298035
            ],
            "segmentation_id": 12,
            "visibility": 1
        },
        {
            "bounding_box_minx_maxx_miny_maxy": [
                0,
                20,
                182,
                256
            ],
            "class": "Black",
            "local_cuboid": null,
            "local_to_world_matrix": [
                [
                    0.8131629228591919,
                    -0.4878877103328705,
                    -0.31738245487213135,
                    0.0
                ],
                [
                    0.3661085069179535,
                    0.8526639938354492,
                    -0.37273141741752625,
                    0.0
                ],
                [
                    0.45247167348861694,
                    0.1868949830532074,
                    0.8719745874404907,
                    0.0
                ],
                [
                    1.2278414964675903,
                    0.5090578198432922,
                    0.003580261254683137,
                    1.0
                ]
            ],
            "location": [
                -0.5090578198432922,
                0.003580261254683137,
                -1.2278414964675903
            ],
            "location_world": [
                1.2278414964675903,
                0.5090578198432922,
                0.003580261254683137
            ],
            "name": "google_Black_Elderberry_Syrup_54_oz_Gaia_Herbs_12",
            "projected_cuboid": [
                [
                    20.269259810447693,
                    188.9534890651703
                ],
                [
                    1.1066198348999023,
                    199.96149837970734
                ],
                [
                    1.1277645826339722,
                    257.876455783844
                ],
                [
                    21.305248141288757,
                    247.29588627815247
                ],
                [
                    -1.5627741813659668,
                    178.01207304000854
                ],
                [
                    -21.051734685897827,
                    189.6040290594101
                ],
                [
                    -22.22675085067749,
                    249.17319416999817
                ],
                [
                    -1.6871988773345947,
                    238.02316188812256
                ],
                [
                    -0.2162456512451172,
                    217.98282861709595
                ]
            ],
            "provenance": "visii",
            "quaternion_xyzw": [
                -0.7604423761367798,
                0.3846598267555237,
                0.3287750482559204,
                0.4070272445678711
            ],
            "quaternion_xyzw_world": [
                -0.14876523613929749,
                0.20464998483657837,
                -0.22701743245124817,
                0.9404522180557251
            ],
            "segmentation_id": 13,
            "visibility": 1
        },
        {
            "bounding_box_minx_maxx_miny_maxy": [
                -1,
                -1,
                -1,
                -1
            ],
