{
    "camera_data": {
        "camera_look_at": {
            "at": [
                1.0,
                0.0,
                0.0
            ],
            "eye": [
                0.0,
                0.0,
                0.0
            ],
            "up": [
                0.0,
                0.0,
                1.0
            ]
        },
        "camera_view_matrix": [
            [
                0.0,
                0.0,
                -1.0,
                0.0
            ],
            [
                -1.0,
                0.0,
                0.0,
                0.0
            ],
            [
                0.0,
                1.0,
                0.0,
                0.0
            ],
            [
                0.0,
                0.0,
                0.0,
                1.0
            ]
        ],
        "height": 500,
        "intrinsics": {
            "cx": 250.0,
            "cy": 250.0,
            "fx": 603.5535278320312,
            "fy": 603.5535278320312
        },
        "location_world": [
            0.0,
            0.0,
            0.0
        ],
        "quaternion_world_xyzw": [
            0.5,
            -0.5,
            -0.5,
            0.5
        ],
        "width": 500
    },
    "objects": [
        {
            "bounding_box_minx_maxx_miny_maxy": [
                -1,
                -1,
                -1,
                -1
            ],
            "class": "Reebok",
            "local_cuboid": null,
            "local_to_world_matrix": [
                [
                    -0.14911282062530518,
                    -0.9315762519836426,
                    -0.33155855536460876,
                    0.0
                ],
                [
                    -0.13885584473609924,
                    0.35171186923980713,
                    -0.925752580165863,
                    0.0
                ],
                [
                    0.9790221452713013,
                    -0.09200280904769897,
                    -0.18179941177368164,
                    0.0
                ],
                [
                    1.1048368215560913,
                    -0.4215344786643982,
                    -0.14195582270622253,
                    1.0
                ]
            ],
            "location": [
                0.4215344786643982,
                -0.14195582270622253,
                -1.1048368215560913
            ],
            "location_world": [
                1.1048368215560913,
                -0.4215344786643982,
                -0.14195582270622253
            ],
            "name": "google_Reebok_SOMERSET_RUN_0",
            "projected_cuboid": [
                [
                    513.0733251571655,
                    272.69038558006287
                ],
                [
                    469.8411822319031,
                    410.90986132621765
                ],
                [
                    487.0723485946655,
                    416.06825590133667
                ],
                [
                    534.0778827667236,
                    263.59182596206665
                ],
                [
                    458.64051580429077,
                    254.27445769309998
                ],
                [
                    414.17813301086426,
                    389.9456560611725
                ],
                [
                    425.35465955734253,
                    392.84420013427734
                ],
                [
                    473.87492656707764,
                    243.46426129341125
                ],
                [
                    471.8092978000641,
                    329.21233773231506
                ]
            ],
            "provenance": "visii",
            "quaternion_xyzw": [
                -0.97933030128479,
                0.17442283034324646,
                -0.06155115365982056,
                -0.08185577392578125
            ],
            "quaternion_xyzw_world": [
                -0.41260600090026855,
                0.648580014705658,
                -0.39230138063430786,
                0.5051730871200562
            ],
            "segmentation_id": 1,
            "visibility": 0
        },
        {
            "bounding_box_minx_maxx_miny_maxy": [
                -1,
                -1,
                -1,
                -1
            ],
            "class": "Breyer",
            "local_cuboid": null,
            "local_to_world_matrix": [
                [
                    0.18314886093139648,
                    0.015217632055282593,
                    -0.9829674363136292,
                    0.0
                ],
                [
                    -0.9508545398712158,
                    0.2566714286804199,
                    -0.17319193482398987,
                    0.0
                ],
                [
                    0.24966412782669067,
                    0.966378927230835,
                    0.06147885322570801,
                    0.0
                ],
                [
                    0.20937828719615936,
                    0.35945528745651245,
                    -0.11443428695201874,
                    1.0
                ]
            ],
            "location": [
                -0.35945528745651245,
                -0.11443428695201874,
                -0.20937828719615936
            ],
            "location_world": [
                0.20937828719615936,
                0.35945528745651245,
                -0.11443428695201874
            ],
            "name": "google_Breyer_Horse_Of_The_Year_2015_1",
            "projected_cuboid": [
                [
                    -796.1089611053467,
                    699.3967294692993
                ],
                [
                    -1077.5940418243408,
                    829.619288444519
                ],
                [
                    -882.1653127670288,
                    970.7263112068176
                ],
                [
                    -600.5033254623413,
                    790.0704145431519
                ],
                [
                    -966.0197496414185,
                    223.44046831130981
                ],
                [
                    -1357.3774099349976,
                    247.1027821302414
                ],
                [
                    -1177.6021718978882,
                    283.0488681793213
                ],
                [
                    -761.9220018386841,
                    245.6807941198349
                ],
                [
                    -928.8702011108398,
                    554.5060038566589
                ]
            ],
            "provenance": "visii",
            "quaternion_xyzw": [
                -0.5932197570800781,
                0.522419810295105,
                0.48444437980651855,
                -0.37480872869491577
            ],
            "quaternion_xyzw_world": [
                -0.46502649784088135,
                0.5030019283294678,
                0.394226610660553,
                0.6126375794410706
            ],
            "segmentation_id": 2,
            "visibility": 0
        },
        {
            "bounding_box_minx_maxx_miny_maxy": [
                53,
                176,
                1,
                134
            ],
            "class": "Smith",
            "local_cuboid": null,
            "local_to_world_matrix": [
                [
                    -0.29900848865509033,
                    0.11313009262084961,
                    -0.9475207328796387,
                    0.0
                ],
                [
                    -0.9456065893173218,
                    -0.16847312450408936,
                    0.27828946709632874,
                    0.0
                ],
                [
                    -0.12814894318580627,
                    0.9791927337646484,
                    0.15735149383544922,
                    0.0
                ],
                [
                    1.6837044954299927,
                    0.23024773597717285,
                    0.5070080757141113,
                    1.0
                ]
            ],
            "location": [
                -0.23024773597717285,
                0.5070080757141113,
                -1.6837044954299927
            ],
            "location_world": [
                1.6837044954299927,
                0.23024773597717285,
                0.5070080757141113
            ],
            "name": "google_Smith_Hawken_Woven_BasketTray_Organizer_with_3_Compartments_95_x_9_x_13_2",
            "projected_cuboid": [
                [
                    61.848610639572144,
                    129.91240620613098
                ],
                [
                    48.547521233558655,
                    80.79434931278229
                ],
                [
                    158.3176851272583,
                    101.55446827411652
                ],
                [
                    156.11718595027924,
                    146.82556688785553
                ],
                [
                    86.43926680088043,
                    24.082839488983154
                ],
                [
                    77.82496511936188,
                    -37.96035051345825
                ],
                [
                    179.65379357337952,
                    -16.05650782585144
                ],
                [
                    174.79020357131958,
                    41.97393357753754
                ],
                [
                    118.96568536758423,
                    59.140339493751526
                ]
            ],
            "provenance": "visii",
            "quaternion_xyzw": [
                -0.346565842628479,
                0.5619765520095825,
                0.4906601905822754,
                -0.5686185359954834
            ],
            "quaternion_xyzw_world": [
                -0.42193400859832764,
                0.49325039982795715,
                0.6373447179794312,
                0.41529199481010437
            ],
            "segmentation_id": 3,
            "visibility": 1
        },
        {
            "bounding_box_minx_maxx_miny_maxy": [
                346,
                499,
                157,
                280
            ],
            "class": "Paul",
            "local_cuboid": null,
            "local_to_world_matrix": [
                [
                    -0.0811842679977417,
                    -0.9866123199462891,
                    0.14143991470336914,
                    0.0
                ],
                [
                    -0.6056325435638428,
                    -0.06387412548065186,
                    -0.7931766510009766,
                    0.0
                ],
                [
                    0.7915922403335571,
                    -0.15005406737327576,
                    -0.592339038848877,
                    0.0
                ],
                [
                    0.9043474793434143,
                    -0.27508366107940674,
                    0.10288562625646591,
                    1.0
                ]
            ],
            "location": [
                0.27508366107940674,
                0.10288562625646591,
                -0.9043474793434143
            ],
            "location_world": [
                0.9043474793434143,
                -0.27508366107940674,
                0.10288562625646591
            ],
            "name": "google_Paul_Frank_Dot_Lunch_Box_3",
            "projected_cuboid": [
                [
                    487.55818605422974,
                    235.34022271633148
                ],
                [
                    506.40618801116943,
                    283.8847041130066
                ],
                [
                    536.7024540901184,
                    194.7547197341919
                ],
                [
                    511.9788646697998,
                    142.87340641021729
                ],
                [
                    344.4111943244934,
                    255.49498200416565
                ],
                [
                    354.10356521606445,
                    304.301381111145
                ],
                [
                    351.9580364227295,
                    221.58238291740417
                ],
                [
                    340.5349850654602,
                    169.02148723602295
                ],
                [
                    427.5057911872864,
                    229.24739122390747
                ]
            ],
            "provenance": "visii",
            "quaternion_xyzw": [
                -0.9449048638343811,
                -0.05432137846946716,
                -0.061180293560028076,
                -0.3169555962085724
            ],
            "quaternion_xyzw_world": [
                -0.6275007724761963,
                0.6343597173690796,
                -0.37172549962997437,
                0.2562238276004791
            ],
            "segmentation_id": 4,
            "visibility": 1
        },
        {
            "bounding_box_minx_maxx_miny_maxy": [
                -1,
                -1,
                -1,
                -1
            ],
            "class": "Toys",
            "local_cuboid": null,
            "local_to_world_matrix": [
                [
                    -0.8433458805084229,
                    0.3260478973388672,
                    -0.4271538257598877,
                    0.0
                ],
                [
                    0.5244949460029602,
                    0.6724030375480652,
                    -0.5222827196121216,
                    0.0
                ],
                [
                    0.11693035066127777,
                    -0.6645050048828125,
                    -0.7380788326263428,
                    0.0
                ],
                [
                    0.1693287044763565,
                    -0.18437160551548004,
                    0.46541959047317505,
                    1.0
                ]
            ],
            "location": [
                0.18437160551548004,
                0.46541959047317505,
                -0.1693287044763565
            ],
            "location_world": [
                0.1693287044763565,
                -0.18437160551548004,
                0.46541959047317505
            ],
            "name": "google_Toys_R_Us_Treat_Dispenser_Smart_Puzzle_Foobler_4",
            "projected_cuboid": [
                [
                    2561.3813400268555,
                    -2404.956102371216
                ],
                [
                    1028.0005931854248,
                    -786.6709232330322
                ],
                [
                    698.6097097396851,
                    -1388.6265754699707
                ],
                [
                    2246.513843536377,
                    -4224.715709686279
                ],
                [
                    1283.4107875823975,
                    -960.1905345916748
                ],
                [
                    785.3559851646423,
                    -461.0246419906616
                ],
                [
                    596.4493751525879,
                    -756.0567855834961
                ],
                [
                    1062.007188796997,
                    -1423.953652381897
                ],
                [
                    1046.520709991455,
                    -1133.7404251098633
                ]
            ],
            "provenance": "visii",
            "quaternion_xyzw": [
                -0.5729670524597168,
                0.4797644317150116,
                -0.6579134464263916,
                -0.09319204092025757
            ],
            "quaternion_xyzw_world": [
                0.23575934767723083,
                0.9019184708595276,
                -0.3289620280265808,
                0.1508130133152008
            ],
            "segmentation_id": 5,
            "visibility": 0
        },
        {
            "bounding_box_minx_maxx_miny_maxy": [
                440,
                487,
                29,
                51
            ],
            "class": "Tag",
            "local_cuboid": null,
            "local_to_world_matrix": [
                [
                    0.37799495458602905,
                    0.9024322032928467,
                    0.20672693848609924,
                    0.0
                ],
                [
                    0.9124730825424194,
                    -0.400905966758728,
                    0.08165425062179565,
                    0.0
                ],
                [
                    0.15656545758247375,
                    0.1577678620815277,
                    -0.9749855995178223,
                    0.0
                ],
                [
                    1.856648564338684,
                    -0.6852393746376038,
                    0.6538141965866089,
                    1.0
                ]
            ],
            "location": [
                0.6852393746376038,
                0.6538141965866089,
                -1.856648564338684
            ],
            "location_world": [
                1.856648564338684,
                -0.6852393746376038,
                0.6538141965866089
            ],
            "name": "google_Tag_Dishtowel_Basket_Weave_Red_18_x_26_5",
            "projected_cuboid": [
                [
                    437.7756118774414,
                    38.02374005317688
                ],
                [
                    446.0023045539856,
                    54.81308698654175
                ],
                [
                    448.2019543647766,
                    43.99855434894562
                ],
                [
                    440.2124881744385,
                    25.867775082588196
                ],
                [
                    498.68693947792053,
                    42.44086146354675
                ],
                [
                    500.49805641174316,
                    59.304073452949524
                ],
                [
                    502.92521715164185,
                    48.14116656780243
                ],
                [
                    501.40875577926636,
                    29.842868447303772
                ],
                [
                    471.60059213638306,
                    43.27656328678131
                ]
            ],
            "provenance": "visii",
            "quaternion_xyzw": [
                0.2076529860496521,
                0.7315483093261719,
                -0.6450217962265015,
                0.07526063919067383
            ],
            "quaternion_xyzw_world": [
                0.829741895198822,
                0.5468282699584961,
                0.10945945978164673,
                -0.02293291501700878
            ],
            "segmentation_id": 6,
            "visibility": 1
        },
        {
            "bounding_box_minx_maxx_miny_maxy": [
                304,
                455,
                1,
                85
            ],
            "class": "FRACTION",
            "local_cuboid": null,
            "local_to_world_matrix": [
                [
                    -0.9324401617050171,
                    -0.18584826588630676,
                    0.3098641633987427,
                    0.0
                ],
                [
                    0.11577039957046509,
                    0.6586999297142029,
                    0.7434457540512085,
                    0.0
                ],
                [
                    -0.34227561950683594,
                    0.7290917634963989,
                    -0.5926826000213623,
                    0.0
                ],
                [
                    0.4263376295566559,
                    -0.07933524250984192,
                    0.2359929084777832,
                    1.0
                ]
            ],
            "location": [
                0.07933524250984192,
                0.2359929084777832,
                -0.4263376295566559
            ],
            "location_world": [
                0.4263376295566559,
                -0.07933524250984192,
                0.2359929084777832
            ],
            "name": "google_FRACTION_FUN_n4h4qte23QR_6",
            "projected_cuboid": [
                [
                    488.50536346435547,
                    -65.98156690597534
                ],
                [
                    252.44510173797607,
                    -294.7993278503418
                ],
                [
                    306.51941895484924,
                    -315.88244438171387
                ],
                [
                    535.5271100997925,
                    -98.722904920578
                ],
                [
                    366.93814396858215,
                    109.0335100889206
                ],
                [
                    212.66521513462067,
                    -53.229182958602905
                ],
                [
                    250.86915493011475,
                    -74.65261220932007
                ],
                [
                    402.1737277507782,
                    81.77438378334045
                ],
                [
                    341.2890434265137,
                    -71.35334610939026
                ]
            ],
            "provenance": "visii",
            "quaternion_xyzw": [
                -0.15821415185928345,
                0.5512081980705261,
                -0.32131820917129517,
                -0.7535864114761353
            ],
            "quaternion_xyzw_world": [
                -0.019637061282992363,
                0.8921634554862976,
                0.412631094455719,
                -0.18274112045764923
            ],
            "segmentation_id": 7,
            "visibility": 1
        },
        {
            "bounding_box_minx_maxx_miny_maxy": [
                242,
                319,
                327,
                425
            ],
            "class": "FAIRY",
            "local_cuboid": null,
            "local_to_world_matrix": [
                [
                    -0.7476167678833008,
                    0.1366141438484192,
                    -0.6499274969100952,
                    0.0
                ],
                [
                    0.3815445303916931,
                    0.8893499374389648,
                    -0.2519531846046448,
                    0.0
                ],
                [
                    0.5435926914215088,
                    -0.43634068965911865,
                    -0.717017412185669,
                    0.0
                ],
                [
                    1.7274494171142578,
                    -0.06967698037624359,
                    -0.31156885623931885,
                    1.0
                ]
            ],
            "location": [
                0.06967698037624359,
                -0.31156885623931885,
                -1.7274494171142578
            ],
            "location_world": [
                1.7274494171142578,
                -0.06967698037624359,
                -0.31156885623931885
            ],
            "name": "google_FAIRY_TALE_BLOCKS_7",
            "projected_cuboid": [
                [
                    344.8190987110138,
                    433.754563331604
                ],
                [
                    260.7436180114746,
                    445.7811117172241
                ],
                [
                    226.64488852024078,
                    402.56980061531067
                ],
                [
                    314.98128175735474,
                    386.8632912635803
                ],
                [
                    346.33463621139526,
                    364.35118317604065
                ],
                [
                    270.0004577636719,
                    378.7837624549866
                ],
                [
                    239.8785650730133,
                    335.506409406662
                ],
                [
                    319.7242021560669,
                    317.61032342910767
                ],
                [
                    289.92682695388794,
                    382.3630213737488
                ]
            ],
            "provenance": "visii",
            "quaternion_xyzw": [
                -0.6439976096153259,
                0.5975478291511536,
                -0.45961254835128784,
                -0.1302306056022644
            ],
            "quaternion_xyzw_world": [
                0.14146606624126434,
                0.9156942963600159,
                -0.1879158467054367,
                0.3258511424064636
            ],
            "segmentation_id": 8,
            "visibility": 1
        },
        {
            "bounding_box_minx_maxx_miny_maxy": [
                -1,
                -1,
                -1,
                -1
            ],
            "class": "Great",
            "local_cuboid": null,
            "local_to_world_matrix": [
                [
                    0.2751880884170532,
                    -0.8895726203918457,
                    -0.3645983636379242,
                    0.0
                ],
                [
                    0.8798142671585083,
                    0.08014607429504395,
                    0.4685118496417999,
                    0.0
                ],
                [
                    -0.38755419850349426,
                    -0.4497077763080597,
                    0.804714024066925,
                    0.0
                ],
                [
                    1.8541617393493652,
                    -0.6855288743972778,
                    -0.42511695623397827,
                    1.0
                ]
            ],
            "location": [
                0.6855288743972778,
                -0.42511695623397827,
                -1.8541617393493652
            ],
            "location_world": [
                1.8541617393493652,
                -0.6855288743972778,
                -0.42511695623397827
            ],
            "name": "google_Great_Jones_Wingtip_kAqSg6EgG0I_8",
            "projected_cuboid": [
                [
                    535.5417728424072,
                    402.6666283607483
                ],
                [
                    487.9114031791687,
                    336.3568186759949
                ],
                [
                    467.3009514808655,
                    361.9888424873352
                ],
                [
                    510.4528069496155,
                    430.67339062690735
                ],
                [
                    504.7810673713684,
                    390.7172679901123
                ],
                [
                    460.76685190200806,
                    325.05470514297485
                ],
                [
                    440.4425919055939,
                    351.33588314056396
                ],
                [
                    480.0376296043396,
                    419.53742504119873
                ],
                [
                    484.25501585006714,
                    374.98411536216736
                ]
            ],
            "provenance": "visii",
            "quaternion_xyzw": [
                -0.5083076357841492,
                0.2187378704547882,
                -0.08583368360996246,
                0.8284984827041626
            ],
            "quaternion_xyzw_world": [
                0.31238117814064026,
                -0.007809645030647516,
                -0.6019509434700012,
                0.7348551154136658
            ],
            "segmentation_id": 9,
            "visibility": 0
        },
        {
            "bounding_box_minx_maxx_miny_maxy": [
                221,
                299,
                441,
                500
            ],
            "class": "Ecoforms",
            "local_cuboid": null,
            "local_to_world_matrix": [
                [
                    0.6606686115264893,
                    0.23899415135383606,
                    -0.7116171717643738,
                    0.0
                ],
                [
                    -0.014594078063964844,
                    -0.9436981678009033,
                    -0.3304869532585144,
                    0.0
                ],
                [
                    -0.7505359053611755,
                    0.2287277728319168,
                    -0.6199839115142822,
                    0.0
                ],
                [
                    1.7284489870071411,
                    -0.0537102073431015,
                    -0.5915371775627136,
                    1.0
                ]
            ],
            "location": [
                0.0537102073431015,
                -0.5915371775627136,
                -1.7284489870071411
            ],
            "location_world": [
                1.7284489870071411,
                -0.0537102073431015,
                -0.5915371775627136
            ],
            "name": "google_Ecoforms_Plant_Container_Quadra_Sand_QP6_9",
            "projected_cuboid": [
                [
                    214.7682160139084,
                    515.2477025985718
                ],
                [
                    279.8123359680176,
                    538.4894609451294
                ],
                [
                    290.7034158706665,
                    482.87174105644226
                ],
                [
                    230.23170232772827,
                    461.35589480400085
                ],
                [
                    229.7166883945465,
                    483.8283658027649
                ],
                [
                    300.10759830474854,
                    508.9142322540283
                ],
                [
                    310.2792203426361,
                    451.3413608074188
                ],
                [
                    245.21256983280182,
                    428.25475335121155
                ],
                [
                    262.494295835495,
                    483.3141565322876
                ]
            ],
            "provenance": "visii",
            "quaternion_xyzw": [
                0.29195767641067505,
                0.19872817397117615,
                -0.7615801095962524,
                0.5433818101882935
            ],
            "quaternion_xyzw_world": [
                0.8978238701820374,
                0.062484435737133026,
                -0.40713804960250854,
                -0.15571391582489014
            ],
            "segmentation_id": 10,
            "visibility": 1
        },
        {
            "bounding_box_minx_maxx_miny_maxy": [
                -1,
                -1,
                -1,
                -1
            ],
            "class": "ReadytoUse",
            "local_cuboid": null,
            "local_to_world_matrix": [
                [
                    0.13938021659851074,
                    0.9507232308387756,
                    0.276945024728775,
                    0.0
                ],
                [
                    0.5178353190422058,
                    -0.3083653450012207,
                    0.7979708909988403,
                    0.0
                ],
                [
                    0.8440496921539307,
                    0.032190531492233276,
                    -0.5352981090545654,
                    0.0
                ],
                [
                    0.855728805065155,
                    0.5778689980506897,
                    -0.12885864078998566,
                    1.0
                ]
            ],
            "location": [
                -0.5778689980506897,
                -0.12885864078998566,
                -0.855728805065155
            ],
            "location_world": [
                0.855728805065155,
                0.5778689980506897,
                -0.12885864078998566
            ],
            "name": "google_ReadytoUse_Rolled_Fondant_Pure_White_24_oz_box_10",
            "projected_cuboid": [
                [
                    -143.84442567825317,
                    384.80377197265625
                ],
                [
                    -125.04491209983826,
                    358.2271635532379
                ],
                [
                    -182.1936070919037,
                    313.6565089225769
                ],
                [
                    -205.84368705749512,
                    343.34492683410645
                ],
                [
                    -79.2066752910614,
                    407.96494483947754
                ],
                [
                    -61.7295503616333,
                    380.35082817077637
                ],
                [
                    -109.52392220497131,
                    338.56356143951416
                ],
                [
                    -131.43938779830933,
                    369.6146011352539
                ],
                [
                    -127.92351841926575,
                    363.353431224823
                ]
            ],
            "provenance": "visii",
            "quaternion_xyzw": [
                0.15439850091934204,
                0.9477267265319824,
                -0.2778051495552063,
                0.028275489807128906
            ],
            "quaternion_xyzw_world": [
                0.7041029334068298,
                0.5214289426803589,
                0.39802229404449463,
                0.2718992829322815
            ],
            "segmentation_id": 11,
            "visibility": 0
        },
        {
            "bounding_box_minx_maxx_miny_maxy": [
                -1,
                -1,
                -1,
                -1
            ],
            "class": "Dog",
            "local_cuboid": null,
            "local_to_world_matrix": [
                [
                    -0.18509221076965332,
                    -0.627067506313324,
                    0.7566553354263306,
                    0.0
                ],
                [
                    -0.7133812308311462,
                    0.6152944564819336,
                    0.33541011810302734,
                    0.0
                ],
                [
                    -0.6758905649185181,
                    -0.47770190238952637,
                    -0.5612244606018066,
                    0.0
                ],
                [
                    0.24940091371536255,
                    0.11964350938796997,
                    -0.17767548561096191,
                    1.0
                ]
            ],
            "location": [
                -0.11964350938796997,
                -0.17767548561096191,
                -0.24940091371536255
            ],
            "location_world": [
                0.24940091371536255,
                0.11964350938796997,
                -0.17767548561096191
            ],
            "name": "google_Dog_11",
            "projected_cuboid": [
                [
                    655.7444334030151,
                    1127.9568672180176
                ],
                [
                    68.94806027412415,
                    4164.5002365112305
                ],
                [
                    -136.86856627464294,
                    462.96292543411255
                ],
                [
                    273.74669909477234,
                    495.00423669815063
                ],
                [
                    134.07796621322632,
                    1466.302990913391
                ],
                [
                    -1092.164397239685,
                    3262.8891468048096
                ],
                [
                    -486.5191578865051,
                    938.4093284606934
                ],
                [
                    9.701624512672424,
                    778.6835432052612
                ],
                [
                    13.949781656265259,
                    1021.4571952819824
                ]
            ],
            "provenance": "visii",
            "quaternion_xyzw": [
                -0.3923540413379669,
                -0.09007225930690765,
                -0.4223189353942871,
                -0.8121527433395386
            ],
            "quaternion_xyzw_world": [
                -0.4361300766468048,
                0.7683767080307007,
                -0.04629623144865036,
                -0.4660949110984802
            ],
            "segmentation_id": 12,
            "visibility": 0
        },
        {
            "bounding_box_minx_maxx_miny_maxy": [
                0,
                3,
                187,
                195
            ],
            "class": "Black",
            "local_cuboid": null,
            "local_to_world_matrix": [
                [
                    -0.08595943450927734,
                    0.6845656633377075,
                    0.7238652110099792,
                    0.0
                ],
                [
                    -0.22340133786201477,
                    0.6948095560073853,
                    -0.6836165189743042,
                    0.0
                ],
                [
                    -0.9709288477897644,
                    -0.2204757034778595,
                    0.0932074785232544,
                    0.0
                ],
                [
                    1.2602028846740723,
                    0.5530889630317688,
                    0.12400318682193756,
                    1.0
                ]
            ],
            "location": [
                -0.5530889630317688,
                0.12400318682193756,
                -1.2602028846740723
            ],
            "location_world": [
                1.2602028846740723,
                0.5530889630317688,
                0.12400318682193756
            ],
            "name": "google_Black_Elderberry_Syrup_54_oz_Gaia_Herbs_12",
            "projected_cuboid": [
                [
                    -29.4172465801239,
                    154.1633903980255
                ],
                [
                    -55.058300495147705,
                    174.98323321342468
                ],
                [
                    -36.139458417892456,
                    189.95532393455505
                ],
                [
                    -13.553202152252197,
                    171.29918932914734
                ],
                [
                    -7.280886173248291,
                    176.70170962810516
                ],
                [
                    -32.54702687263489,
                    197.69667088985443
                ],
                [
                    -16.22721552848816,
                    210.06250381469727
                ],
                [
                    6.06459379196167,
                    191.2694126367569
                ],
                [
                    -22.45473861694336,
                    183.67043137550354
                ]
            ],
            "provenance": "visii",
            "quaternion_xyzw": [
                0.08384807407855988,
                0.08663184195756912,
                0.913661777973175,
                0.3881837725639343
            ],
            "quaternion_xyzw_world": [
                -0.17749901115894318,
                -0.6495308876037598,
                0.3479789197444916,
                0.6523146629333496
            ],
            "segmentation_id": 13,
            "visibility": 1
        },
        {
            "bounding_box_minx_maxx_miny_maxy": [
                -1,
                -1,
                -1,
                -1
