{
    "camera_data": {
        "camera_look_at": {
            "at": [
                1.0,
                0.0,
                0.0
            ],
            "eye": [
                0.0,
                0.0,
                0.0
            ],
            "up": [
                0.0,
                0.0,
                1.0
            ]
        },
        "camera_view_matrix": [
            [
                0.0,
                0.0,
                -1.0,
                0.0
            ],
            [
                -1.0,
                0.0,
                0.0,
                0.0
            ],
            [
                0.0,
                1.0,
                0.0,
                0.0
            ],
            [
                0.0,
                0.0,
                0.0,
                1.0
            ]
        ],
        "height": 500,
        "intrinsics": {
            "cx": 250.0,
            "cy": 250.0,
            "fx": 603.5535278320312,
            "fy": 603.5535278320312
        },
        "location_world": [
            0.0,
            0.0,
            0.0
        ],
        "quaternion_world_xyzw": [
            0.5,
            -0.5,
            -0.5,
            0.5
        ],
        "width": 500
    },
    "objects": [
        {
            "bounding_box_minx_maxx_miny_maxy": [
                346,
                474,
                1,
                147
            ],
            "class": "Reebok",
            "local_cuboid": null,
            "local_to_world_matrix": [
                [
                    0.6197508573532104,
                    0.7253183126449585,
                    0.29970356822013855,
                    0.0
                ],
                [
                    -0.046188950538635254,
                    0.4149346351623535,
                    -0.9086780548095703,
                    0.0
                ],
                [
                    -0.7834382057189941,
                    0.5493110418319702,
                    0.29065781831741333,
                    0.0
                ],
                [
                    0.9288290739059448,
                    -0.2654110789299011,
                    0.2841373383998871,
                    1.0
                ]
            ],
            "location": [
                0.2654110789299011,
                0.2841373383998871,
                -0.9288290739059448
            ],
            "location_world": [
                0.9288290739059448,
                -0.2654110789299011,
                0.2841373383998871
            ],
            "name": "google_Reebok_SOMERSET_RUN_0",
            "projected_cuboid": [
                [
                    401.9624590873718,
                    -70.94386219978333
                ],
                [
                    319.7195529937744,
                    109.34695601463318
                ],
                [
                    353.3097505569458,
                    143.99278163909912
                ],
                [
                    427.3780286312103,
                    -19.885867834091187
                ],
                [
                    476.1073887348175,
                    -73.45530390739441
                ],
                [
                    387.8982663154602,
                    122.63140082359314
                ],
                [
                    417.14686155319214,
                    158.6468517780304
                ],
                [
                    496.0092008113861,
                    -18.178552389144897
                ],
                [
                    409.5868468284607,
                    44.33819651603699
                ]
            ],
            "provenance": "visii",
            "quaternion_xyzw": [
                -0.3161967396736145,
                0.09110713005065918,
                0.9243152141571045,
                0.19328857958316803
            ],
            "quaternion_xyzw_world": [
                -0.4780581593513489,
                -0.3551499545574188,
                0.25296851992607117,
                0.7624538540840149
            ],
            "segmentation_id": 1,
            "visibility": 1
        },
        {
            "bounding_box_minx_maxx_miny_maxy": [
                -1,
                -1,
                -1,
                -1
            ],
            "class": "Breyer",
            "local_cuboid": null,
            "local_to_world_matrix": [
                [
                    -0.14812898635864258,
                    -0.9851537942886353,
                    -0.08677452802658081,
                    0.0
                ],
                [
                    0.7062778472900391,
                    -0.16679775714874268,
                    0.6880043745040894,
                    0.0
                ],
                [
                    -0.6922639608383179,
                    0.04062643647193909,
                    0.7204998731613159,
                    0.0
                ],
                [
                    0.20898006856441498,
                    0.15151125192642212,
                    -0.2180950790643692,
                    1.0
                ]
            ],
            "location": [
                -0.15151125192642212,
                -0.2180950790643692,
                -0.20898006856441498
            ],
            "location_world": [
                0.20898006856441498,
                0.15151125192642212,
                -0.2180950790643692
            ],
            "name": "google_Breyer_Horse_Of_The_Year_2015_1",
            "projected_cuboid": [
                [
                    -148.89582991600037,
                    1405.0930738449097
                ],
                [
                    50.84827542304993,
                    762.0594501495361
                ],
                [
                    165.7472848892212,
                    818.9336657524109
                ],
                [
                    113.16592991352081,
                    1087.1539115905762
                ],
                [
                    -1339.7332429885864,
                    908.1354141235352
                ],
                [
                    -851.895809173584,
                    557.2197437286377
                ],
                [
                    -370.8842396736145,
                    692.961573600769
                ],
                [
                    -519.0231800079346,
                    893.0034637451172
                ],
                [
                    -322.5959539413452,
                    847.8686809539795
                ]
            ],
            "provenance": "visii",
            "quaternion_xyzw": [
                -0.3888719081878662,
                -0.05144575238227844,
                -0.06911177933216095,
                0.9172543287277222
            ],
            "quaternion_xyzw_world": [
                0.27302423119544983,
                -0.2553582191467285,
                -0.7133418917655945,
                0.5927843451499939
            ],
            "segmentation_id": 2,
            "visibility": 0
        },
        {
            "bounding_box_minx_maxx_miny_maxy": [
                139,
                323,
                1,
                127
            ],
            "class": "Smith",
            "local_cuboid": null,
            "local_to_world_matrix": [
                [
                    0.5817870497703552,
                    -0.7686309218406677,
                    -0.2659517526626587,
                    0.0
                ],
                [
                    -0.38557296991348267,
                    -0.5485503673553467,
                    0.7419069409370422,
                    0.0
                ],
                [
                    -0.7161405682563782,
                    -0.329088032245636,
                    -0.6155028343200684,
                    0.0
                ],
                [
                    1.4070619344711304,
                    0.08333275467157364,
                    0.4728727638721466,
                    1.0
                ]
            ],
            "location": [
                -0.08333275467157364,
                0.4728727638721466,
                -1.4070619344711304
            ],
            "location_world": [
                1.4070619344711304,
                0.08333275467157364,
                0.4728727638721466
            ],
            "name": "google_Smith_Hawken_Woven_BasketTray_Organizer_with_3_Compartments_95_x_9_x_13_2",
            "projected_cuboid": [
                [
                    281.71226382255554,
                    178.44155430793762
                ],
                [
                    351.271390914917,
                    82.12414383888245
                ],
                [
                    301.4695346355438,
                    35.97383201122284
                ],
                [
                    243.64271759986877,
                    123.35933744907379
                ],
                [
                    143.19342374801636,
                    115.58231711387634
                ],
                [
                    213.55175971984863,
                    -5.67278265953064
                ],
                [
                    176.5584945678711,
                    -46.06923460960388
                ],
                [
                    118.92661452293396,
                    60.897305607795715
                ],
                [
                    231.4741462469101,
                    71.17962837219238
                ]
            ],
            "provenance": "visii",
            "quaternion_xyzw": [
                0.27865010499954224,
                0.25354263186454773,
                -0.22671717405319214,
                0.8981478810310364
            ],
            "quaternion_xyzw_world": [
                0.828528881072998,
                -0.3482690751552582,
                -0.29633617401123047,
                0.32316163182258606
            ],
            "segmentation_id": 3,
            "visibility": 1
        },
        {
            "bounding_box_minx_maxx_miny_maxy": [
                280,
                419,
                155,
                244
            ],
            "class": "Paul",
            "local_cuboid": null,
            "local_to_world_matrix": [
                [
                    -0.8171979188919067,
                    -0.3011566996574402,
                    -0.49141842126846313,
                    0.0
                ],
                [
                    -0.149980366230011,
                    -0.7121399641036987,
                    0.6858296990394592,
                    0.0
                ],
                [
                    -0.5565009713172913,
                    0.6341617703437805,
                    0.5367918014526367,
                    0.0
                ],
                [
                    0.9268643856048584,
                    -0.22732509672641754,
                    -0.03292020782828331,
                    1.0
                ]
            ],
            "location": [
                0.22732509672641754,
                -0.03292020782828331,
                -0.9268643856048584
            ],
            "location_world": [
                0.9268643856048584,
                -0.22732509672641754,
                -0.03292020782828331
            ],
            "name": "google_Paul_Frank_Dot_Lunch_Box_3",
            "projected_cuboid": [
                [
                    320.5767869949341,
                    258.95270705223083
                ],
                [
                    390.3045058250427,
                    193.62770020961761
                ],
                [
                    477.49802470207214,
                    295.3261435031891
                ],
                [
                    416.951447725296,
                    348.46022725105286
                ],
                [
                    251.49977207183838,
                    171.27524316310883
                ],
                [
                    303.2453656196594,
                    120.0467199087143
                ],
                [
                    383.10152292251587,
                    209.6683233976364
                ],
                [
                    336.5267515182495,
                    253.15797328948975
                ],
                [
                    357.7912747859955,
                    229.6188324689865
                ]
            ],
            "provenance": "visii",
            "quaternion_xyzw": [
                0.12127029895782471,
                0.4550197720527649,
                0.3773309588432312,
                -0.7974157333374023
            ],
            "quaternion_xyzw_world": [
                -0.2992282807826996,
                0.37691712379455566,
                0.8755183815956116,
                -0.043167658150196075
            ],
            "segmentation_id": 4,
            "visibility": 1
        },
        {
            "bounding_box_minx_maxx_miny_maxy": [
                -1,
                -1,
                -1,
                -1
            ],
            "class": "Toys",
            "local_cuboid": null,
            "local_to_world_matrix": [
                [
                    0.06560152769088745,
                    0.9868143200874329,
                    0.1479664444923401,
                    0.0
                ],
                [
                    0.9518914818763733,
                    -0.017406225204467773,
                    -0.30594080686569214,
                    0.0
                ],
                [
                    -0.2993312478065491,
                    0.160918191075325,
                    -0.9404820203781128,
                    0.0
                ],
                [
                    0.5996769666671753,
                    -0.29101526737213135,
                    0.4558769166469574,
                    1.0
                ]
            ],
            "location": [
                0.29101526737213135,
                0.4558769166469574,
                -0.5996769666671753
            ],
            "location_world": [
                0.5996769666671753,
                -0.29101526737213135,
                0.4558769166469574
            ],
            "name": "google_Toys_R_Us_Treat_Dispenser_Smart_Puzzle_Foobler_4",
            "projected_cuboid": [
                [
                    484.5086634159088,
                    -180.77513575553894
                ],
                [
                    432.7140152454376,
                    -35.97322106361389
                ],
                [
                    442.3174858093262,
                    -145.07248997688293
                ],
                [
                    492.2829270362854,
                    -307.4307441711426
                ],
                [
                    683.3410263061523,
                    -160.90869903564453
                ],
                [
                    583.8651657104492,
                    -18.423259258270264
                ],
                [
                    583.2186937332153,
                    -130.38763403892517
                ],
                [
                    673.7487316131592,
                    -291.78041219711304
                ],
                [
                    541.663408279419,
                    -151.59988403320312
                ]
            ],
            "provenance": "visii",
            "quaternion_xyzw": [
                0.07034793496131897,
                0.5876951217651367,
                -0.8049979209899902,
                -0.04054679721593857
            ],
            "quaternion_xyzw_world": [
                0.7112470865249634,
                0.6814459562301636,
                -0.0532040111720562,
                -0.16409873962402344
            ],
            "segmentation_id": 5,
            "visibility": 0
        },
        {
            "bounding_box_minx_maxx_miny_maxy": [
                456,
                484,
                1,
                56
            ],
            "class": "Tag",
            "local_cuboid": null,
            "local_to_world_matrix": [
                [
                    -0.1576930284500122,
                    -0.40498530864715576,
                    0.9006220698356628,
                    0.0
                ],
                [
                    0.8817445039749146,
                    0.35287076234817505,
                    0.31306397914886475,
                    0.0
                ],
                [
                    -0.4445895552635193,
                    0.8434864282608032,
                    0.30144816637039185,
                    0.0
                ],
                [
                    1.396422266960144,
                    -0.4516802132129669,
                    0.5295910835266113,
                    1.0
                ]
            ],
            "location": [
                0.4516802132129669,
                0.5295910835266113,
                -1.396422266960144
            ],
            "location_world": [
                1.396422266960144,
                -0.4516802132129669,
                0.5295910835266113
            ],
            "name": "google_Tag_Dishtowel_Basket_Weave_Red_18_x_26_5",
            "projected_cuboid": [
                [
                    487.611323595047,
                    -26.88586711883545
                ],
                [
                    420.64887285232544,
                    -18.138229846954346
                ],
                [
                    430.8123588562012,
                    -11.073082685470581
                ],
                [
                    498.5954165458679,
                    -18.581002950668335
                ],
                [
                    450.3958225250244,
                    50.639182329177856
                ],
                [
                    389.7436261177063,
                    48.58998954296112
                ],
                [
                    400.0430405139923,
                    54.8458993434906
                ],
                [
                    461.59517765045166,
                    57.85411596298218
                ],
                [
                    439.9198889732361,
                    17.626911401748657
                ]
            ],
            "provenance": "visii",
            "quaternion_xyzw": [
                -0.40228474140167236,
                -0.34040021896362305,
                0.4261866807937622,
                0.7352956533432007
            ],
            "quaternion_xyzw_world": [
                -0.21678796410560608,
                -0.5497989654541016,
                -0.5258969664573669,
                0.6116834282875061
            ],
            "segmentation_id": 6,
            "visibility": 1
        },
        {
            "bounding_box_minx_maxx_miny_maxy": [
                -1,
                -1,
                -1,
                -1
            ],
            "class": "FRACTION",
            "local_cuboid": null,
            "local_to_world_matrix": [
                [
                    0.6425901651382446,
                    -0.619706928730011,
                    0.4506010115146637,
                    0.0
                ],
                [
                    -0.7660836577415466,
                    -0.5089540481567383,
                    0.3925324082374573,
                    0.0
                ],
                [
                    -0.0139198899269104,
                    -0.5974355340003967,
                    -0.8017961978912354,
                    0.0
                ],
                [
                    0.6554811596870422,
                    -0.3957224488258362,
                    0.267426997423172,
                    1.0
                ]
            ],
            "location": [
                0.3957224488258362,
                0.267426997423172,
                -0.6554811596870422
            ],
            "location_world": [
                0.6554811596870422,
                -0.3957224488258362,
                0.267426997423172
            ],
            "name": "google_FRACTION_FUN_n4h4qte23QR_6",
            "projected_cuboid": [
                [
                    579.6830058097839,
                    69.24070417881012
                ],
                [
                    745.4570531845093,
                    -41.93493723869324
                ],
                [
                    720.2856540679932,
                    -74.80409741401672
                ],
                [
                    559.2917203903198,
                    42.358800768852234
                ],
                [
                    537.3408794403076,
                    109.92032289505005
                ],
                [
                    726.9253134727478,
                    -13.840556144714355
                ],
                [
                    696.3953971862793,
                    -53.76753211021423
                ],
                [
                    513.5700702667236,
                    78.49548757076263
                ],
                [
                    626.5989542007446,
                    19.79389786720276
                ]
            ],
            "provenance": "visii",
            "quaternion_xyzw": [
                0.5507391691207886,
                0.4355759620666504,
                -0.020497262477874756,
                0.7117160558700562
            ],
            "quaternion_xyzw_world": [
                0.8592642545700073,
                -0.4031910300254822,
                0.12705087661743164,
                0.2880277931690216
            ],
            "segmentation_id": 7,
            "visibility": 0
        },
        {
            "bounding_box_minx_maxx_miny_maxy": [
                303,
                376,
                199,
                239
            ],
            "class": "FAIRY",
            "local_cuboid": null,
            "local_to_world_matrix": [
                [
                    -0.0231553316116333,
                    -0.991796612739563,
                    0.12571120262145996,
                    0.0
                ],
                [
                    -0.9343811273574829,
                    0.06618696451187134,
                    0.35007309913635254,
                    0.0
                ],
                [
                    -0.3555217683315277,
                    -0.1093561053276062,
                    -0.9282486438751221,
                    0.0
                ],
                [
                    1.8782044649124146,
                    -0.2722448408603668,
                    0.09898906201124191,
                    1.0
                ]
            ],
            "location": [
                0.2722448408603668,
                0.09898906201124191,
                -1.8782044649124146
            ],
            "location_world": [
                1.8782044649124146,
                -0.2722448408603668,
                0.09898906201124191
            ],
            "name": "google_FAIRY_TALE_BLOCKS_7",
            "projected_cuboid": [
                [
                    384.8555088043213,
                    293.6466634273529
                ],
                [
                    398.49579334259033,
                    266.6217088699341
                ],
                [
                    383.3637833595276,
                    194.505512714386
                ],
                [
                    372.13918566703796,
                    229.39172387123108
                ],
                [
                    307.4544072151184,
                    303.2764196395874
                ],
                [
                    309.62425470352173,
                    277.7651250362396
                ],
                [
                    298.55313897132874,
                    205.38130402565002
                ],
                [
                    297.83666133880615,
                    238.82432281970978
                ],
                [
                    343.6123728752136,
                    251.46543979644775
                ]
            ],
            "provenance": "visii",
            "quaternion_xyzw": [
                -0.5670541524887085,
                -0.026242710649967194,
                -0.05842098593711853,
                -0.8211868405342102
            ],
            "quaternion_xyzw_world": [
                -0.6780313849449158,
                0.7102096676826477,
                0.0847344845533371,
                -0.1693982034921646
            ],
            "segmentation_id": 8,
            "visibility": 1
        },
        {
            "bounding_box_minx_maxx_miny_maxy": [
                -1,
                -1,
                -1,
                -1
            ],
            "class": "Great",
            "local_cuboid": null,
            "local_to_world_matrix": [
                [
                    -0.3336348533630371,
                    0.3071773052215576,
                    0.8912521600723267,
                    0.0
                ],
                [
                    0.866858720779419,
                    -0.27156639099121094,
                    0.4181005358695984,
                    0.0
                ],
                [
                    0.37046492099761963,
                    0.9120823740959167,
                    -0.175675630569458,
                    0.0
                ],
                [
                    1.1844079494476318,
                    -0.3482671082019806,
                    -0.49435707926750183,
                    1.0
                ]
            ],
            "location": [
                0.3482671082019806,
                -0.49435707926750183,
                -1.1844079494476318
            ],
            "location_world": [
                1.1844079494476318,
                -0.3482671082019806,
                -0.49435707926750183
            ],
            "name": "google_Great_Jones_Wingtip_kAqSg6EgG0I_8",
            "projected_cuboid": [
                [
                    354.13819551467896,
                    548.2260584831238
                ],
                [
                    371.2427020072937,
                    429.5530319213867
                ],
                [
                    423.2940971851349,
                    426.09888315200806
                ],
                [
                    419.15130615234375,
                    548.7174987792969
                ],
                [
                    369.23879384994507,
                    592.1705961227417
                ],
                [
                    382.924348115921,
                    468.07733178138733
                ],
                [
                    433.8999390602112,
                    465.9319519996643
                ],
                [
                    432.5879216194153,
                    594.379186630249
                ],
                [
                    398.41026067733765,
                    502.5484561920166
                ]
            ],
            "provenance": "visii",
            "quaternion_xyzw": [
                0.40161773562431335,
                0.7238340377807617,
                -0.36007359623908997,
                -0.43024948239326477
            ],
            "quaternion_xyzw_world": [
                0.5276379585266113,
                0.5562697052955627,
                0.5978138446807861,
                -0.23405338823795319
            ],
            "segmentation_id": 9,
            "visibility": 0
        },
        {
            "bounding_box_minx_maxx_miny_maxy": [
                -1,
                -1,
                -1,
                -1
            ],
            "class": "Ecoforms",
            "local_cuboid": null,
            "local_to_world_matrix": [
                [
                    -0.49525952339172363,
                    0.7367724776268005,
                    0.46030884981155396,
                    0.0
                ],
                [
                    -0.7921965718269348,
                    -0.6004892587661743,
                    0.10879882425069809,
                    0.0
                ],
                [
                    0.3565704822540283,
                    -0.3107714354991913,
                    0.8810667395591736,
                    0.0
                ],
                [
                    1.821951985359192,
                    0.49943140149116516,
                    -0.4827280640602112,
                    1.0
                ]
            ],
            "location": [
                -0.49943140149116516,
                -0.4827280640602112,
                -1.821951985359192
            ],
            "location_world": [
                1.821951985359192,
                0.49943140149116516,
                -0.4827280640602112
            ],
            "name": "google_Ecoforms_Plant_Container_Quadra_Sand_QP6_9",
            "projected_cuboid": [
                [
                    68.57608258724213,
                    345.05313634872437
                ],
                [
                    92.20747649669647,
                    346.09419107437134
                ],
                [
                    68.02929937839508,
                    402.2219777107239
                ],
                [
                    45.59871554374695,
                    396.57777547836304
                ],
                [
                    119.33688819408417,
                    366.9653534889221
                ],
                [
                    145.89068293571472,
                    369.7337508201599
                ],
                [
                    124.78150427341461,
                    423.7036108970642
                ],
                [
                    99.04226660728455,
                    416.66895151138306
                ],
                [
                    95.7954078912735,
                    383.1421434879303
                ]
            ],
            "provenance": "visii",
            "quaternion_xyzw": [
                0.35742101073265076,
                0.741980791091919,
                0.5637825727462769,
                -0.0621606707572937
            ],
            "quaternion_xyzw_world": [
                0.23672926425933838,
                -0.058531083166599274,
                0.8626725077629089,
                0.4430908262729645
            ],
            "segmentation_id": 10,
            "visibility": 0
        },
        {
            "bounding_box_minx_maxx_miny_maxy": [
                0,
                25,
                89,
                116
            ],
            "class": "ReadytoUse",
            "local_cuboid": null,
            "local_to_world_matrix": [
                [
                    0.20414865016937256,
                    -0.8050454258918762,
                    -0.5569786429405212,
                    0.0
                ],
                [
                    0.22180145978927612,
                    0.59220290184021,
                    -0.774661123752594,
                    0.0
                ],
                [
                    0.9534817337989807,
                    0.03460735082626343,
                    0.2994576692581177,
                    0.0
                ],
                [
                    1.0113072395324707,
                    0.49303632974624634,
                    0.2689758241176605,
                    1.0
                ]
            ],
            "location": [
                -0.49303632974624634,
                0.2689758241176605,
                -1.0113072395324707
            ],
            "location_world": [
                1.0113072395324707,
                0.49303632974624634,
                0.2689758241176605
            ],
            "name": "google_ReadytoUse_Rolled_Fondant_Pure_White_24_oz_box_10",
            "projected_cuboid": [
                [
                    27.056455612182617,
                    93.99327635765076
                ],
                [
                    14.34236764907837,
                    114.72345888614655
                ],
                [
                    -19.058674573898315,
                    123.20533394813538
                ],
                [
                    -4.694074392318726,
                    99.29190576076508
                ],
                [
                    -28.965026140213013,
                    55.19634485244751
                ],
                [
                    -41.42633080482483,
                    76.73132419586182
                ],
                [
                    -84.583580493927,
                    79.33944463729858
                ],
                [
                    -70.57839632034302,
                    54.346948862075806
                ],
                [
                    -24.2956280708313,
                    87.25284039974213
                ]
            ],
            "provenance": "visii",
            "quaternion_xyzw": [
                -0.9398388862609863,
                0.30568575859069824,
                0.06350982189178467,
                0.13865649700164795
            ],
            "quaternion_xyzw_world": [
                -0.27950319647789,
                0.521679162979126,
                -0.3546498715877533,
                0.7238454818725586
            ],
            "segmentation_id": 11,
            "visibility": 1
        },
        {
            "bounding_box_minx_maxx_miny_maxy": [
                -1,
                -1,
                -1,
                -1
            ],
            "class": "Dog",
            "local_cuboid": null,
            "local_to_world_matrix": [
                [
                    0.5682557821273804,
                    -0.47948965430259705,
                    -0.6687114834785461,
                    0.0
                ],
                [
                    0.6997371912002563,
                    0.7091923952102661,
                    0.08610488474369049,
                    0.0
                ],
                [
                    0.4329586625099182,
                    -0.5168519020080566,
                    0.7385194301605225,
                    0.0
                ],
                [
                    0.5246161818504333,
                    0.1357145458459854,
                    -0.31976452469825745,
                    1.0
                ]
            ],
            "location": [
                -0.1357145458459854,
                -0.31976452469825745,
                -0.5246161818504333
            ],
            "location_world": [
                0.5246161818504333,
                0.1357145458459854,
                -0.31976452469825745
            ],
            "name": "google_Dog_11",
            "projected_cuboid": [
                [
                    338.22476863861084,
                    505.53321838378906
                ],
                [
                    215.64699709415436,
                    447.775661945343
                ],
                [
                    116.59236252307892,
                    608.8244318962097
                ],
                [
                    234.7574234008789,
                    715.820848941803
                ],
                [
                    222.97880053520203,
                    381.07216358184814
                ],
                [
                    98.5228568315506,
                    337.36345171928406
                ],
                [
                    -44.60024833679199,
                    520.682692527771
                ],
                [
                    59.86414849758148,
                    634.3193054199219
                ],
                [
                    161.57586872577667,
                    512.5236511230469
                ]
            ],
            "provenance": "visii",
            "quaternion_xyzw": [
                -0.6757113933563232,
                0.5097974538803101,
                0.019018471240997314,
                0.5321268439292908
            ],
            "quaternion_xyzw_world": [
                0.17359724640846252,
                0.317181795835495,
                -0.33951112627983093,
                0.8683270812034607
            ],
            "segmentation_id": 12,
            "visibility": 0
        },
        {
            "bounding_box_minx_maxx_miny_maxy": [
                -1,
                -1,
                -1,
                -1
            ],
            "class": "Black",
            "local_cuboid": null,
            "local_to_world_matrix": [
                [
                    0.5161523818969727,
                    0.5480630397796631,
                    -0.6581896543502808,
                    0.0
                ],
                [
                    -0.22395579516887665,
                    0.8280929327011108,
                    0.5139123797416687,
                    0.0
                ],
                [
                    0.8266985416412354,
                    -0.11785171926021576,
                    0.550163984298706,
                    0.0
                ],
                [
                    0.8826887011528015,
                    0.5510520935058594,
                    0.35404133796691895,
                    1.0
                ]
            ],
            "location": [
                -0.5510520935058594,
                0.35404133796691895,
                -0.8826887011528015
            ],
            "location_world": [
                0.8826887011528015,
                0.5510520935058594,
                0.35404133796691895
            ],
            "name": "google_Black_Elderberry_Syrup_54_oz_Gaia_Herbs_12",
            "projected_cuboid": [
                [
                    -59.50665473937988,
                    14.288753271102905
                ],
                [
                    -92.77629852294922,
                    -6.929546594619751
                ],
                [
                    -150.52106976509094,
                    12.560233473777771
                ],
                [
                    -111.99164390563965,
                    36.30867600440979
                ],
                [
                    -49.68148469924927,
                    -15.521079301834106
                ],
                [
                    -83.81837606430054,
                    -37.779003381729126
                ],
                [
                    -142.29252934455872,
                    -21.918416023254395
                ],
                [
                    -102.5884747505188,
                    3.1525343656539917
                ],
                [
                    -97.32803702354431,
                    -2.2527575492858887
                ]
            ],
            "provenance": "visii",
            "quaternion_xyzw": [
                -0.4372422397136688,
                0.8498049378395081,
                0.22773456573486328,
                0.18651455640792847
            ],
            "quaternion_xyzw_world": [
                0.1856713891029358,
                0.43639904260635376,
                0.22689135372638702,
                0.8506481647491455
            ],
            "segmentation_id": 13,
            "visibility": 0
        },
        {
            "bounding_box_minx_maxx_miny_maxy": [
                -1,
                -1,
                -1,
                -1
            ],
            "class": "Razer",
