{
    "camera_data": {
        "camera_look_at": {
            "at": [
                1.0,
                0.0,
                0.0
            ],
            "eye": [
                0.0,
                0.0,
                0.0
            ],
            "up": [
                0.0,
                0.0,
                1.0
            ]
        },
        "camera_view_matrix": [
            [
                0.0,
                0.0,
                -1.0,
                0.0
            ],
            [
                -1.0,
                0.0,
                0.0,
                0.0
            ],
            [
                0.0,
                1.0,
                0.0,
                0.0
            ],
            [
                0.0,
                0.0,
                0.0,
                1.0
            ]
        ],
        "height": 500,
        "intrinsics": {
            "cx": 250.0,
            "cy": 250.0,
            "fx": 603.5535278320312,
            "fy": 603.5535278320312
        },
        "location_world": [
            0.0,
            0.0,
            0.0
        ],
        "quaternion_world_xyzw": [
            0.5,
            -0.5,
            -0.5,
            0.5
        ],
        "width": 500
    },
    "objects": [
        {
            "bounding_box_minx_maxx_miny_maxy": [
                243,
                311,
                1,
                51
            ],
            "class": "Reebok",
            "local_cuboid": null,
            "local_to_world_matrix": [
                [
                    -0.3158456087112427,
                    0.01767626404762268,
                    -0.9486459493637085,
                    0.0
                ],
                [
                    -0.9081650972366333,
                    -0.2951359748840332,
                    0.2968684732913971,
                    0.0
                ],
                [
                    -0.27473199367523193,
                    0.955291748046875,
                    0.10927033424377441,
                    0.0
                ],
                [
                    0.7789101600646973,
                    -0.09217569977045059,
                    0.35654330253601074,
                    1.0
                ]
            ],
            "location": [
                0.09217569977045059,
                0.35654330253601074,
                -0.7789101600646973
            ],
            "location_world": [
                0.7789101600646973,
                -0.09217569977045059,
                0.35654330253601074
            ],
            "name": "google_Reebok_SOMERSET_RUN_0",
            "projected_cuboid": [
                [
                    206.00515604019165,
                    59.42486226558685
                ],
                [
                    273.81065487861633,
                    -113.43085765838623
                ],
                [
                    379.14779782295227,
                    -82.79278874397278
                ],
                [
                    282.4473977088928,
                    74.7881829738617
                ],
                [
                    209.09318327903748,
                    -4.986226558685303
                ],
                [
                    274.3728458881378,
                    -195.17841935157776
                ],
                [
                    374.0270733833313,
                    -162.2580587863922
                ],
                [
                    282.49838948249817,
                    11.997818946838379
                ],
                [
                    279.1033089160919,
                    -37.01859712600708
                ]
            ],
            "provenance": "visii",
            "quaternion_xyzw": [
                -0.3204384744167328,
                0.5098560452461243,
                0.4988836646080017,
                -0.6232824921607971
            ],
            "quaternion_xyzw_world": [
                -0.46637430787086487,
                0.47734665870666504,
                0.6557918787002563,
                0.352947860956192
            ],
            "segmentation_id": 1,
            "visibility": 1
        },
        {
            "bounding_box_minx_maxx_miny_maxy": [
                -1,
                -1,
                -1,
                -1
            ],
            "class": "Breyer",
            "local_cuboid": null,
            "local_to_world_matrix": [
                [
                    -0.42872345447540283,
                    0.7474806904792786,
                    0.5074143409729004,
                    0.0
                ],
                [
                    0.436351478099823,
                    -0.3204704523086548,
                    0.8407713770866394,
                    0.0
                ],
                [
                    0.7910714149475098,
                    0.5818691849708557,
                    -0.18877136707305908,
                    0.0
                ],
                [
                    0.22770966589450836,
                    0.04845815524458885,
                    -0.3351490795612335,
                    1.0
                ]
            ],
            "location": [
                -0.04845815524458885,
                -0.3351490795612335,
                -0.22770966589450836
            ],
            "location_world": [
                0.22770966589450836,
                0.04845815524458885,
                -0.3351490795612335
            ],
            "name": "google_Breyer_Horse_Of_The_Year_2015_1",
            "projected_cuboid": [
                [
                    -235.58121919631958,
                    926.110029220581
                ],
                [
                    -161.11132502555847,
                    778.6654829978943
                ],
                [
                    -140.47843217849731,
                    1020.4050540924072
                ],
                [
                    -265.6811475753784,
                    1310.7330799102783
                ],
                [
                    157.283216714859,
                    935.8746409416199
                ],
                [
                    189.94683027267456,
                    823.2056498527527
                ],
                [
                    349.3090867996216,
                    1001.3704299926758
                ],
                [
                    316.8465793132782,
                    1182.0406913757324
                ],
                [
                    58.420464396476746,
                    963.9403820037842
                ]
            ],
            "provenance": "visii",
            "quaternion_xyzw": [
                0.22517746686935425,
                0.9191468954086304,
                -0.1700279712677002,
                -0.27487242221832275
            ],
            "quaternion_xyzw_world": [
                0.5197399258613586,
                0.5694348812103271,
                0.6245843768119812,
                0.1245344951748848
            ],
            "segmentation_id": 2,
            "visibility": 0
        },
        {
            "bounding_box_minx_maxx_miny_maxy": [
                200,
                322,
                1,
                80
            ],
            "class": "Smith",
            "local_cuboid": null,
            "local_to_world_matrix": [
                [
                    0.17210638523101807,
                    0.9627769589424133,
                    0.2084226906299591,
                    0.0
                ],
                [
                    -0.6815765500068665,
                    -0.036374449729919434,
                    0.7308422923088074,
                    0.0
                ],
                [
                    0.711219310760498,
                    -0.26783865690231323,
                    0.6499457955360413,
                    0.0
                ],
                [
                    1.3902817964553833,
                    -0.01680559664964676,
                    0.5017841458320618,
                    1.0
                ]
            ],
            "location": [
                0.01680559664964676,
                0.5017841458320618,
                -1.3902817964553833
            ],
            "location_world": [
                1.3902817964553833,
                -0.01680559664964676,
                0.5017841458320618
            ],
            "name": "google_Smith_Hawken_Woven_BasketTray_Organizer_with_3_Compartments_95_x_9_x_13_2",
            "projected_cuboid": [
                [
                    218.22740137577057,
                    30.635640025138855
                ],
                [
                    218.27776730060577,
                    -68.9963698387146
                ],
                [
                    181.19722604751587,
                    -35.703301429748535
                ],
                [
                    185.4480504989624,
                    72.66753911972046
                ],
                [
                    344.87128257751465,
                    50.00568926334381
                ],
                [
                    360.10226607322693,
                    -51.52961611747742
                ],
                [
                    342.50712394714355,
                    -13.9903724193573
                ],
                [
                    327.3979425430298,
                    96.39512002468109
                ],
                [
                    271.41204476356506,
                    11.538296937942505
                ]
            ],
            "provenance": "visii",
            "quaternion_xyzw": [
                0.06633274257183075,
                0.9226102828979492,
                0.3608030378818512,
                0.1192120611667633
            ],
            "quaternion_xyzw_world": [
                0.37367600202560425,
                0.188131183385849,
                0.6152669787406921,
                0.6681463122367859
            ],
            "segmentation_id": 3,
            "visibility": 1
        },
        {
            "bounding_box_minx_maxx_miny_maxy": [
                343,
                422,
                366,
                384
            ],
            "class": "Paul",
            "local_cuboid": null,
            "local_to_world_matrix": [
                [
                    0.3343895673751831,
                    -0.2385476529598236,
                    -0.9117448329925537,
                    0.0
                ],
                [
                    -0.9406555891036987,
                    -0.14390063285827637,
                    -0.30734285712242126,
                    0.0
                ],
                [
                    -0.05788469314575195,
                    0.9604101181030273,
                    -0.2725100517272949,
                    0.0
                ],
                [
                    0.9541051387786865,
                    -0.2974311113357544,
                    -0.04538153484463692,
                    1.0
                ]
            ],
            "location": [
                0.2974311113357544,
                -0.04538153484463692,
                -0.9541051387786865
            ],
            "location_world": [
                0.9541051387786865,
                -0.2974311113357544,
                -0.04538153484463692
            ],
            "name": "google_Paul_Frank_Dot_Lunch_Box_3",
            "projected_cuboid": [
                [
                    307.34798312187195,
                    373.8665282726288
                ],
                [
                    323.61525297164917,
                    408.7603688240051
                ],
                [
                    464.52009677886963,
                    366.2330210208893
                ],
                [
                    434.8254203796387,
                    335.9013795852661
                ],
                [
                    272.652268409729,
                    232.39576816558838
                ],
                [
                    286.4498794078827,
                    253.9467215538025
                ],
                [
                    442.37715005874634,
                    209.48007702827454
                ],
                [
                    412.2998118400574,
                    192.92791187763214
                ],
                [
                    368.58615279197693,
                    299.31434988975525
                ]
            ],
            "provenance": "visii",
            "quaternion_xyzw": [
                0.6099191904067993,
                -0.3147319555282593,
                -0.53072589635849,
                0.49726492166519165
            ],
            "quaternion_xyzw_world": [
                0.6615890264511108,
                -0.4455950856208801,
                -0.3664017617702484,
                -0.47905609011650085
            ],
            "segmentation_id": 4,
            "visibility": 1
        },
        {
            "bounding_box_minx_maxx_miny_maxy": [
                -1,
                -1,
                -1,
                -1
            ],
            "class": "Toys",
            "local_cuboid": null,
            "local_to_world_matrix": [
                [
                    -0.3983367681503296,
                    -0.6221342086791992,
                    -0.6740006804466248,
                    0.0
                ],
                [
                    -0.7584863901138306,
                    0.6366144418716431,
                    -0.1393568515777588,
                    0.0
                ],
                [
                    0.5157772898674011,
                    0.45570939779281616,
                    -0.725467324256897,
                    0.0
                ],
                [
                    0.4324089586734772,
                    -0.5487828254699707,
                    0.3151836693286896,
                    1.0
                ]
            ],
            "location": [
                0.5487828254699707,
                0.3151836693286896,
                -0.4324089586734772
            ],
            "location_world": [
                0.4324089586734772,
                -0.5487828254699707,
                0.3151836693286896
            ],
            "name": "google_Toys_R_Us_Treat_Dispenser_Smart_Puzzle_Foobler_4",
            "projected_cuboid": [
                [
                    894.8389291763306,
                    68.08595359325409
                ],
                [
                    933.0529570579529,
                    48.45614731311798
                ],
                [
                    1213.5577201843262,
                    -193.8023567199707
                ],
                [
                    1097.575068473816,
                    -109.30892825126648
                ],
                [
                    731.9701313972473,
                    -18.024474382400513
                ],
                [
                    726.035475730896,
                    -55.92373013496399
                ],
                [
                    923.3633875846863,
                    -281.70889616012573
                ],
                [
                    886.0344290733337,
                    -187.52503395080566
                ],
                [
                    907.0725440979004,
                    -81.93626999855042
                ]
            ],
            "provenance": "visii",
            "quaternion_xyzw": [
                -0.7545310258865356,
                0.43424829840660095,
                0.019009366631507874,
                -0.4916808307170868
            ],
            "quaternion_xyzw_world": [
                -0.41548648476600647,
                0.830725371837616,
                0.0952037051320076,
                0.35805392265319824
            ],
            "segmentation_id": 5,
            "visibility": 0
        },
        {
            "bounding_box_minx_maxx_miny_maxy": [
                439,
                468,
                1,
                19
            ],
            "class": "Tag",
            "local_cuboid": null,
            "local_to_world_matrix": [
                [
                    -0.5143767595291138,
                    -0.7536977529525757,
                    0.4090920090675354,
                    0.0
                ],
                [
                    0.5475188493728638,
                    -0.6557884216308594,
                    -0.5197737216949463,
                    0.0
                ],
                [
                    0.6600300669670105,
                    -0.04337391257286072,
                    0.7499860525131226,
                    0.0
                ],
                [
                    1.1804660558700562,
                    -0.30426445603370667,
                    0.4998859763145447,
                    1.0
                ]
            ],
            "location": [
                0.30426445603370667,
                0.4998859763145447,
                -1.1804660558700562
            ],
            "location_world": [
                1.1804660558700562,
                -0.30426445603370667,
                0.4998859763145447
            ],
            "name": "google_Tag_Dishtowel_Basket_Weave_Red_18_x_26_5",
            "projected_cuboid": [
                [
                    411.6031229496002,
                    -92.2512412071228
                ],
                [
                    470.1353907585144,
                    3.1877458095550537
                ],
                [
                    473.59395027160645,
                    11.600539088249207
                ],
                [
                    414.2177999019623,
                    -84.88443493843079
                ],
                [
                    334.09208059310913,
                    -31.317532062530518
                ],
                [
                    396.2510824203491,
                    51.80804431438446
                ],
                [
                    398.154616355896,
                    60.516372323036194
                ],
                [
                    334.9727392196655,
                    -23.29966425895691
                ],
                [
                    404.33651208877563,
                    -9.706705808639526
                ]
            ],
            "provenance": "visii",
            "quaternion_xyzw": [
                0.8563733696937561,
                0.3108691871166229,
                0.16282343864440918,
                -0.37877899408340454
            ],
            "quaternion_xyzw_world": [
                0.31282007694244385,
                -0.1647743284702301,
                0.8544225096702576,
                -0.3807298541069031
            ],
            "segmentation_id": 6,
            "visibility": 1
        },
        {
            "bounding_box_minx_maxx_miny_maxy": [
                -1,
                -1,
                -1,
                -1
            ],
            "class": "FRACTION",
            "local_cuboid": null,
            "local_to_world_matrix": [
                [
                    0.260259747505188,
                    -0.17865848541259766,
                    0.9488656520843506,
                    0.0
                ],
                [
                    -0.9648957252502441,
                    -0.08398306369781494,
                    0.2488437294960022,
                    0.0
                ],
                [
                    0.0352306067943573,
                    -0.980320394039154,
                    -0.19424426555633545,
                    0.0
                ],
                [
                    1.12349271774292,
                    -0.6049814820289612,
                    0.12170153111219406,
                    1.0
                ]
            ],
            "location": [
                0.6049814820289612,
                0.12170153111219406,
                -1.12349271774292
            ],
            "location_world": [
                1.12349271774292,
                -0.6049814820289612,
                0.12170153111219406
            ],
            "name": "google_FRACTION_FUN_n4h4qte23QR_6",
            "projected_cuboid": [
                [
                    569.3464875221252,
                    165.85369408130646
                ],
                [
                    633.5842609405518,
                    124.43086504936218
                ],
                [
                    609.5874309539795,
                    119.38133835792542
                ],
                [
                    548.8085746765137,
                    161.6005003452301
                ],
                [
                    565.7182931900024,
                    246.70439958572388
                ],
                [
                    632.1981549263,
                    218.00929307937622
                ],
                [
                    607.1153283119202,
                    212.87468075752258
                ],
                [
                    544.390082359314,
                    242.3931360244751
                ],
                [
                    586.3021612167358,
                    186.9630068540573
                ]
            ],
            "provenance": "visii",
            "quaternion_xyzw": [
                0.4911836087703705,
                0.5256937742233276,
                0.3664925694465637,
                0.5899727940559387
            ],
            "quaternion_xyzw_world": [
                0.6201788187026978,
                -0.46097761392593384,
                0.39669859409332275,
                0.495487779378891
            ],
            "segmentation_id": 7,
            "visibility": 0
        },
        {
            "bounding_box_minx_maxx_miny_maxy": [
                -1,
                -1,
                -1,
                -1
            ],
            "class": "FAIRY",
            "local_cuboid": null,
            "local_to_world_matrix": [
                [
                    -0.31749558448791504,
                    -0.38667264580726624,
                    -0.8658412098884583,
                    0.0
                ],
                [
                    -0.24465212225914001,
                    -0.8487694263458252,
                    0.4687601327896118,
                    0.0
                ],
                [
                    -0.9161561131477356,
                    0.36065906286239624,
                    0.17488014698028564,
                    0.0
                ],
                [
                    1.7788491249084473,
                    -0.37580305337905884,
                    0.2996067404747009,
                    1.0
                ]
            ],
            "location": [
                0.37580305337905884,
                0.2996067404747009,
                -1.7788491249084473
            ],
            "location_world": [
                1.7788491249084473,
                -0.37580305337905884,
                0.2996067404747009
            ],
            "name": "google_FAIRY_TALE_BLOCKS_7",
            "projected_cuboid": [
                [
                    338.96538615226746,
                    185.056671500206
                ],
                [
                    433.1707954406738,
                    132.34639167785645
                ],
                [
                    439.68847393989563,
                    160.23145616054535
                ],
                [
                    356.1125695705414,
                    205.84020018577576
                ],
                [
                    299.5956540107727,
                    109.52021181583405
                ],
                [
                    387.5010311603546,
                    56.333839893341064
                ],
                [
                    398.9596366882324,
                    91.69228374958038
                ],
                [
                    320.36301493644714,
                    137.76445388793945
                ],
                [
                    370.91463804244995,
                    135.3364884853363
                ]
            ],
            "provenance": "visii",
            "quaternion_xyzw": [
                -0.020954951643943787,
                0.20367339253425598,
                0.5149571299552917,
                -0.8324044942855835
            ],
            "quaternion_xyzw_world": [
                -0.5823215842247009,
                0.27103784680366516,
                0.7650400400161743,
                -0.04640951007604599
            ],
            "segmentation_id": 8,
            "visibility": 0
        },
        {
            "bounding_box_minx_maxx_miny_maxy": [
                278,
                318,
                495,
                500
            ],
            "class": "Great",
            "local_cuboid": null,
            "local_to_world_matrix": [
                [
                    -0.4701695442199707,
                    0.1651516854763031,
                    -0.8669865131378174,
                    0.0
                ],
                [
                    -0.8161877393722534,
                    -0.45514631271362305,
                    0.35592058300971985,
                    0.0
                ],
                [
                    -0.3358248472213745,
                    0.8749667406082153,
                    0.34879064559936523,
                    0.0
                ],
                [
                    0.8765047192573547,
                    -0.10026169568300247,
                    -0.415160596370697,
                    1.0
                ]
            ],
            "location": [
                0.10026169568300247,
                -0.415160596370697,
                -0.8765047192573547
            ],
            "location_world": [
                0.8765047192573547,
                -0.10026169568300247,
                -0.415160596370697
            ],
            "name": "google_Great_Jones_Wingtip_kAqSg6EgG0I_8",
            "projected_cuboid": [
                [
                    198.96027445793152,
                    557.8553676605225
                ],
                [
                    305.129736661911,
                    574.4611620903015
                ],
                [
                    385.283887386322,
                    590.4347896575928
                ],
                [
                    262.38512992858887,
                    570.317268371582
                ],
                [
                    212.83096075057983,
                    482.9345941543579
                ],
                [
                    316.25959277153015,
                    472.48080372810364
                ],
                [
                    390.458881855011,
                    492.4006462097168
                ],
                [
                    272.5210189819336,
                    497.5419044494629
                ],
                [
                    285.543829202652,
                    528.2608866691589
                ]
            ],
            "provenance": "visii",
            "quaternion_xyzw": [
                -0.18914473056793213,
                0.5443453788757324,
                0.5350364446640015,
                -0.6177769899368286
            ],
            "quaternion_xyzw_world": [
                -0.3988063931465149,
                0.40811532735824585,
                0.7540070414543152,
                0.3253747522830963
            ],
            "segmentation_id": 9,
            "visibility": 1
        },
        {
            "bounding_box_minx_maxx_miny_maxy": [
                0,
                51,
                326,
                407
            ],
            "class": "Ecoforms",
            "local_cuboid": null,
            "local_to_world_matrix": [
                [
                    -0.7231755256652832,
                    0.3116148114204407,
                    0.616371750831604,
                    0.0
                ],
                [
                    0.6143806576728821,
                    -0.11745297908782959,
                    0.7802189588546753,
                    0.0
                ],
                [
                    0.3155222535133362,
                    0.9429217576980591,
                    -0.10651135444641113,
                    0.0
                ],
                [
                    1.7432279586791992,
                    0.6221365928649902,
                    -0.3257905840873718,
                    1.0
                ]
            ],
            "location": [
                -0.6221365928649902,
                -0.3257905840873718,
                -1.7432279586791992
            ],
            "location_world": [
                1.7432279586791992,
                0.6221365928649902,
                -0.3257905840873718
            ],
            "name": "google_Ecoforms_Plant_Container_Quadra_Sand_QP6_9",
            "projected_cuboid": [
                [
                    -47.14840650558472,
                    379.91297245025635
                ],
                [
                    -20.16746997833252,
                    321.2866187095642
                ],
                [
                    26.888906955718994,
                    317.22214818000793
                ],
                [
                    2.421632409095764,
                    377.4837255477905
                ],
                [
                    -4.695892333984375,
                    409.20692682266235
                ],
                [
                    17.776399850845337,
                    352.9970347881317
                ],
                [
                    62.448352575302124,
                    350.13312101364136
                ],
                [
                    42.27025806903839,
                    407.8565835952759
                ],
                [
                    10.766267776489258,
                    364.17627334594727
                ]
            ],
            "provenance": "visii",
            "quaternion_xyzw": [
                0.23647871613502502,
                0.7757828235626221,
                -0.23231109976768494,
                -0.5369082689285278
            ],
            "quaternion_xyzw_world": [
                0.3538321852684021,
                0.6542617678642273,
                0.6584293842315674,
                -0.11495761573314667
            ],
            "segmentation_id": 10,
            "visibility": 1
        },
        {
            "bounding_box_minx_maxx_miny_maxy": [
                0,
                0,
                7,
                8
            ],
            "class": "ReadytoUse",
            "local_cuboid": null,
            "local_to_world_matrix": [
                [
                    0.3043079972267151,
                    0.7401250004768372,
                    0.5996763706207275,
                    0.0
                ],
                [
                    0.9501126408576965,
                    -0.19060468673706055,
                    -0.24689249694347382,
                    0.0
                ],
                [
                    -0.06843015551567078,
                    0.6448914408683777,
                    -0.7612046003341675,
                    0.0
                ],
                [
                    1.0361335277557373,
                    0.4750591814517975,
                    0.46320515871047974,
                    1.0
                ]
            ],
            "location": [
                -0.4750591814517975,
                0.46320515871047974,
                -1.0361335277557373
            ],
            "location_world": [
                1.0361335277557373,
                0.4750591814517975,
                0.46320515871047974
            ],
            "name": "google_ReadytoUse_Rolled_Fondant_Pure_White_24_oz_box_10",
            "projected_cuboid": [
                [
                    -124.89485740661621,
                    26.714622974395752
                ],
                [
                    -103.18660736083984,
                    43.352097272872925
                ],
                [
                    -38.50284218788147,
                    -26.32179856300354
                ],
                [
                    -57.040512561798096,
                    -45.92651128768921
                ],
                [
                    -83.70763063430786,
                    63.11820447444916
                ],
                [
                    -63.08606266975403,
                    78.70352268218994
                ],
                [
                    3.4541338682174683,
                    6.159037351608276
                ],
                [
                    -13.80428671836853,
                    -12.65096664428711
                ],
                [
                    -60.060590505599976,
                    16.331136226654053
                ]
            ],
            "provenance": "visii",
            "quaternion_xyzw": [
                0.331035315990448,
                0.5968254208564758,
                -0.7168416380882263,
                -0.1426645815372467
            ],
            "quaternion_xyzw_world": [
                0.7510188817977905,
                0.5626481771469116,
                0.1768418401479721,
                -0.2968580424785614
            ],
            "segmentation_id": 11,
            "visibility": 1
        },
        {
            "bounding_box_minx_maxx_miny_maxy": [
                -1,
                -1,
                -1,
                -1
            ],
            "class": "Dog",
            "local_cuboid": null,
            "local_to_world_matrix": [
                [
                    0.3268391489982605,
                    -0.35791078209877014,
                    -0.8746862411499023,
                    0.0
                ],
                [
                    -0.020564645528793335,
                    -0.9279899597167969,
                    0.3720376491546631,
                    0.0
                ],
                [
                    -0.9448561668395996,
                    -0.10360889136791229,
                    -0.3106638193130493,
                    0.0
                ],
                [
                    0.32671329379081726,
                    0.4150453805923462,
                    -0.17587508261203766,
                    1.0
                ]
            ],
            "location": [
                -0.4150453805923462,
                -0.17587508261203766,
                -0.32671329379081726
            ],
            "location_world": [
                0.32671329379081726,
                0.4150453805923462,
                -0.17587508261203766
            ],
            "name": "google_Dog_11",
            "projected_cuboid": [
                [
                    -1226.2635231018066,
                    1516.9849395751953
                ],
                [
                    -663.4182929992676,
                    1306.0885667800903
                ],
                [
                    -224.54458475112915,
                    656.2312841415405
                ],
                [
                    -503.4446716308594,
                    765.7933235168457
                ],
                [
                    -2796.7073917388916,
                    1261.0911130905151
                ],
                [
                    -1864.842176437378,
                    879.3959021568298
                ],
                [
                    -523.8708853721619,
                    337.523877620697
                ],
                [
                    -871.3961839675903,
                    479.77423667907715
                ],
                [
                    -793.3188676834106,
                    789.9820804595947
                ]
            ],
            "provenance": "visii",
            "quaternion_xyzw": [
                0.10126316547393799,
                0.1315966248512268,
                -0.5511142611503601,
                0.8177415132522583
            ],
            "quaternion_xyzw_world": [
                0.8008577823638916,
                -0.11814688891172409,
                -0.5679979920387268,
                0.1484803408384323
            ],
            "segmentation_id": 12,
            "visibility": 0
        },
        {
            "bounding_box_minx_maxx_miny_maxy": [
                -1,
                -1,
                -1,
                -1
            ],
            "class": "Black",
            "local_cuboid": null,
            "local_to_world_matrix": [
                [
                    0.8176380395889282,
                    -0.3846331238746643,
                    -0.42839881777763367,
                    0.0
                ],
                [
                    -0.5638920664787292,
                    -0.6851431131362915,
                    -0.461091548204422,
                    0.0
                ],
                [
                    -0.11616328358650208,
                    0.6185766458511353,
                    -0.7770905494689941,
                    0.0
                ],
                [
                    0.5422731041908264,
                    0.04431604966521263,
                    0.3447973430156708,
                    1.0
                ]
            ],
            "location": [
                -0.04431604966521263,
                0.3447973430156708,
                -0.5422731041908264
            ],
            "location_world": [
                0.5422731041908264,
                0.04431604966521263,
                0.3447973430156708
            ],
            "name": "google_Black_Elderberry_Syrup_54_oz_Gaia_Herbs_12",
            "projected_cuboid": [
                [
                    96.9724953174591,
                    0.8392930030822754
                ],
                [
                    133.31153988838196,
                    16.14139974117279
                ],
                [
                    235.58272421360016,
                    -100.655198097229
                ],
                [
                    194.44327056407928,
                    -108.83074998855591
                ],
                [
                    57.62116611003876,
                    -50.07919669151306
                ],
                [
                    94.75617110729218,
                    -36.79981827735901
                ],
                [
                    207.8336775302887,
                    -162.6829206943512
                ],
                [
                    164.83229398727417,
                    -167.7125096321106
                ],
                [
                    149.12302792072296,
                    -76.08374953269958
                ]
            ],
            "provenance": "visii",
            "quaternion_xyzw": [
                0.6575640439987183,
                0.09761182963848114,
                -0.5460361242294312,
                0.5098296403884888
            ],
            "quaternion_xyzw_world": [
                0.9055207967758179,
                -0.2618728280067444,
                -0.15034499764442444,
                -0.29807934165000916
            ],
            "segmentation_id": 13,
            "visibility": 0
        },
        {
            "bounding_box_minx_maxx_miny_maxy": [
                430,
                499,
                475,
                500
            ],
            "class": "Razer",
