{
    "camera_data": {
        "camera_look_at": {
            "at": [
                1.0,
                0.0,
                0.0
            ],
            "eye": [
                0.0,
                0.0,
                0.0
            ],
            "up": [
                0.0,
                0.0,
                1.0
            ]
        },
        "camera_view_matrix": [
            [
                0.0,
                0.0,
                -1.0,
                0.0
            ],
            [
                -1.0,
                0.0,
                0.0,
                0.0
            ],
            [
                0.0,
                1.0,
                0.0,
                0.0
            ],
            [
                0.0,
                0.0,
                0.0,
                1.0
            ]
        ],
        "height": 500,
        "intrinsics": {
            "cx": 250.0,
            "cy": 250.0,
            "fx": 603.5535278320312,
            "fy": 603.5535278320312
        },
        "location_world": [
            0.0,
            0.0,
            0.0
        ],
        "quaternion_world_xyzw": [
            0.5,
            -0.5,
            -0.5,
            0.5
        ],
        "width": 500
    },
    "objects": [
        {
            "bounding_box_minx_maxx_miny_maxy": [
                -1,
                -1,
                -1,
                -1
            ],
            "class": "Reebok",
            "local_cuboid": null,
            "local_to_world_matrix": [
                [
                    0.02324199676513672,
                    0.9460347294807434,
                    -0.32323071360588074,
                    0.0
                ],
                [
                    -0.9618008732795715,
                    -0.06705319881439209,
                    -0.2654106914997101,
                    0.0
                ],
                [
                    -0.27276137471199036,
                    0.31705227494239807,
                    0.9083386659622192,
                    0.0
                ],
                [
                    0.8579209446907043,
                    -0.1916096806526184,
                    0.3512383699417114,
                    1.0
                ]
            ],
            "location": [
                0.1916096806526184,
                0.3512383699417114,
                -0.8579209446907043
            ],
            "location_world": [
                0.8579209446907043,
                -0.1916096806526184,
                0.3512383699417114
            ],
            "name": "google_Reebok_SOMERSET_RUN_0",
            "projected_cuboid": [
                [
                    307.1047067642212,
                    -47.435373067855835
                ],
                [
                    347.7466106414795,
                    -101.06760263442993
                ],
                [
                    374.35659766197205,
                    2.9816478490829468
                ],
                [
                    327.5120258331299,
                    25.62984824180603
                ],
                [
                    373.9887475967407,
                    -71.04244828224182
                ],
                [
                    442.29862093925476,
                    -134.59083437919617
                ],
                [
                    464.82396125793457,
                    -28.67758274078369
                ],
                [
                    392.3262357711792,
                    2.9643625020980835
                ],
                [
                    374.1456866264343,
                    -39.46208953857422
                ]
            ],
            "provenance": "visii",
            "quaternion_xyzw": [
                -0.10795202851295471,
                0.5932669639587402,
                0.7880683541297913,
                -0.12381032109260559
            ],
            "quaternion_xyzw_world": [
                -0.21328186988830566,
                0.01848047412931919,
                0.6985967755317688,
                0.6827384829521179
            ],
            "segmentation_id": 1,
            "visibility": 0
        },
        {
            "bounding_box_minx_maxx_miny_maxy": [
                -1,
                -1,
                -1,
                -1
            ],
            "class": "Breyer",
            "local_cuboid": null,
            "local_to_world_matrix": [
                [
                    -0.3004082441329956,
                    0.1703750342130661,
                    -0.9384706020355225,
                    0.0
                ],
                [
                    0.2851250469684601,
                    -0.9228857755661011,
                    -0.2588154077529907,
                    0.0
                ],
                [
                    -0.9101969003677368,
                    -0.3453317880630493,
                    0.22866439819335938,
                    0.0
                ],
                [
                    0.23211516439914703,
                    0.11199021339416504,
                    -0.2948639392852783,
                    1.0
                ]
            ],
            "location": [
                -0.11199021339416504,
                -0.2948639392852783,
                -0.23211516439914703
            ],
            "location_world": [
                0.23211516439914703,
                0.11199021339416504,
                -0.2948639392852783
            ],
            "name": "google_Breyer_Horse_Of_The_Year_2015_1",
            "projected_cuboid": [
                [
                    -929.2062520980835,
                    4549.04317855835
                ],
                [
                    -166.30437970161438,
                    3635.5443000793457
                ],
                [
                    -40.12173414230347,
                    1457.0428133010864
                ],
                [
                    -233.83590579032898,
                    1513.954758644104
                ],
                [
                    -52.71017551422119,
                    986.3157272338867
                ],
                [
                    218.22915971279144,
                    963.6856317520142
                ],
                [
                    118.74818801879883,
                    680.1736354827881
                ],
                [
                    -13.171553611755371,
                    672.7268695831299
                ],
                [
                    -44.75471377372742,
                    1283.7986946105957
                ]
            ],
            "provenance": "visii",
            "quaternion_xyzw": [
                0.21109437942504883,
                -0.01845717430114746,
                0.7647528052330017,
                -0.6084830164909363
            ],
            "quaternion_xyzw_world": [
                -0.5902993083000183,
                -0.19291065633296967,
                0.7829365134239197,
                -0.03664090856909752
            ],
            "segmentation_id": 2,
            "visibility": 0
        },
        {
            "bounding_box_minx_maxx_miny_maxy": [
                222,
                370,
                3,
                113
            ],
            "class": "Smith",
            "local_cuboid": null,
            "local_to_world_matrix": [
                [
                    0.9111994504928589,
                    0.3923243284225464,
                    0.12568676471710205,
                    0.0
                ],
                [
                    -0.0255795419216156,
                    -0.2506215572357178,
                    0.967747151851654,
                    0.0
                ],
                [
                    0.4111705422401428,
                    -0.885025680065155,
                    -0.2183307409286499,
                    0.0
                ],
                [
                    1.375100016593933,
                    0.026043415069580078,
                    0.4737962484359741,
                    1.0
                ]
            ],
            "location": [
                -0.026043415069580078,
                0.4737962484359741,
                -1.375100016593933
            ],
            "location_world": [
                1.375100016593933,
                0.026043415069580078,
                0.4737962484359741
            ],
            "name": "google_Smith_Hawken_Woven_BasketTray_Organizer_with_3_Compartments_95_x_9_x_13_2",
            "projected_cuboid": [
                [
                    289.54195976257324,
                    136.3978087902069
                ],
                [
                    313.3493661880493,
                    44.62455213069916
                ],
                [
                    224.46505725383759,
                    6.801381707191467
                ],
                [
                    199.33201372623444,
                    105.30880093574524
                ],
                [
                    363.83873224258423,
                    128.86635959148407
                ],
                [
                    393.95463466644287,
                    14.16844129562378
                ],
                [
                    288.25119137763977,
                    -36.73732280731201
                ],
                [
                    255.967915058136,
                    88.67523074150085
                ],
                [
                    288.9971435070038,
                    63.31928074359894
                ]
            ],
            "provenance": "visii",
            "quaternion_xyzw": [
                0.11302554607391357,
                0.8323523998260498,
                -0.05789351463317871,
                0.5395026206970215
            ],
            "quaternion_xyzw_world": [
                0.7713870406150818,
                0.11885887384414673,
                0.1739909052848816,
                0.6004679799079895
            ],
            "segmentation_id": 3,
            "visibility": 1
        },
        {
            "bounding_box_minx_maxx_miny_maxy": [
                299,
                475,
                193,
                319
            ],
            "class": "Paul",
            "local_cuboid": null,
            "local_to_world_matrix": [
                [
                    0.1362590193748474,
                    -0.9581702947616577,
                    0.2516814172267914,
                    0.0
                ],
                [
                    0.5471915006637573,
                    -0.13898873329162598,
                    -0.825387179851532,
                    0.0
                ],
                [
                    0.8258421421051025,
                    0.25018447637557983,
                    0.5053638219833374,
                    0.0
                ],
                [
                    0.9250261187553406,
                    -0.25059589743614197,
                    -0.05389737710356712,
                    1.0
                ]
            ],
            "location": [
                0.25059589743614197,
                -0.05389737710356712,
                -0.9250261187553406
            ],
            "location_world": [
                0.9250261187553406,
                -0.25059589743614197,
                -0.05389737710356712
            ],
            "name": "google_Paul_Frank_Dot_Lunch_Box_3",
            "projected_cuboid": [
                [
                    420.24511098861694,
                    172.91894555091858
                ],
                [
                    419.38579082489014,
                    223.01194071769714
                ],
                [
                    488.78785967826843,
                    290.4672920703888
                ],
                [
                    494.3142533302307,
                    234.22691226005554
                ],
                [
                    283.479779958725,
                    207.7564299106598
                ],
                [
                    289.7516191005707,
                    257.61958956718445
                ],
                [
                    335.29186248779297,
                    334.7403407096863
                ],
                [
                    330.7150602340698,
                    279.1789472103119
                ],
                [
                    381.27321004867554,
                    247.15366959571838
                ]
            ],
            "provenance": "visii",
            "quaternion_xyzw": [
                -0.9499210119247437,
                -0.10281646251678467,
                0.10170416533946991,
                0.27701133489608765
            ],
            "quaternion_xyzw_world": [
                -0.4387151598930359,
                0.2341945469379425,
                -0.6140223145484924,
                0.6129100322723389
            ],
            "segmentation_id": 4,
            "visibility": 1
        },
        {
            "bounding_box_minx_maxx_miny_maxy": [
                -1,
                -1,
                -1,
                -1
            ],
            "class": "Toys",
            "local_cuboid": null,
            "local_to_world_matrix": [
                [
                    -0.02365279197692871,
                    -0.30441150069236755,
                    0.952246904373169,
                    0.0
                ],
                [
                    0.9997183084487915,
                    -0.00904226303100586,
                    0.021941393613815308,
                    0.0
                ],
                [
                    0.0019311904907226562,
                    0.9524977207183838,
                    0.30453968048095703,
                    0.0
                ],
                [
                    0.5222607851028442,
                    -0.41035187244415283,
                    0.40020740032196045,
                    1.0
                ]
            ],
            "location": [
                0.41035187244415283,
                0.40020740032196045,
                -0.5222607851028442
            ],
            "location_world": [
                0.5222607851028442,
                -0.41035187244415283,
                0.40020740032196045
            ],
            "name": "google_Toys_R_Us_Treat_Dispenser_Smart_Puzzle_Foobler_4",
            "projected_cuboid": [
                [
                    640.4040455818176,
                    -455.6565284729004
                ],
                [
                    541.3051843643188,
                    -277.4050831794739
                ],
                [
                    689.1314387321472,
                    -230.4488718509674
                ],
                [
                    839.5798802375793,
                    -392.5294280052185
                ],
                [
                    573.6822485923767,
                    -251.15710496902466
                ],
                [
                    492.25860834121704,
                    -126.31568312644958
                ],
                [
                    639.1605138778687,
                    -79.57085967063904
                ],
                [
                    771.1838483810425,
                    -188.41120600700378
                ],
                [
                    639.6887302398682,
                    -239.31735754013062
                ]
            ],
            "provenance": "visii",
            "quaternion_xyzw": [
                -0.5666571855545044,
                -0.4241052567958832,
                0.40979138016700745,
                0.5754176378250122
            ],
            "quaternion_xyzw_world": [
                -0.4125680923461914,
                -0.4213285446166992,
                -0.5781943202018738,
                0.563880443572998
            ],
            "segmentation_id": 5,
            "visibility": 0
        },
        {
            "bounding_box_minx_maxx_miny_maxy": [
                413,
                427,
                50,
                72
            ],
            "class": "Tag",
            "local_cuboid": null,
            "local_to_world_matrix": [
                [
                    -0.14866995811462402,
                    0.3924293518066406,
                    -0.9076874256134033,
                    0.0
                ],
                [
                    0.9598357677459717,
                    -0.16358613967895508,
                    -0.22793614864349365,
                    0.0
                ],
                [
                    -0.23793387413024902,
                    -0.9051181077957153,
                    -0.35234737396240234,
                    0.0
                ],
                [
                    1.2814346551895142,
                    -0.37837082147598267,
                    0.5087738633155823,
                    1.0
                ]
            ],
            "location": [
                0.37837082147598267,
                0.5087738633155823,
                -1.2814346551895142
            ],
            "location_world": [
                1.2814346551895142,
                -0.37837082147598267,
                0.5087738633155823
            ],
            "name": "google_Tag_Dishtowel_Basket_Weave_Red_18_x_26_5",
            "projected_cuboid": [
                [
                    437.82681226730347,
                    15.705093741416931
                ],
                [
                    423.97916316986084,
                    77.25249230861664
                ],
                [
                    409.1419577598572,
                    72.92120158672333
                ],
                [
                    420.02201080322266,
                    10.9776109457016
                ],
                [
                    468.17344427108765,
                    -58.80850553512573
                ],
                [
                    449.720561504364,
                    13.546943664550781
                ],
                [
                    434.9990785121918,
                    9.66954231262207
                ],
                [
                    450.5375027656555,
                    -62.91189789772034
                ],
                [
                    436.270534992218,
                    12.383341789245605
                ]
            ],
            "provenance": "visii",
            "quaternion_xyzw": [
                -0.38651418685913086,
                0.48128971457481384,
                -0.6815972328186035,
                0.3929276168346405
            ],
            "quaternion_xyzw_world": [
                0.5846502184867859,
                0.5782368183135986,
                -0.4898746609687805,
                0.28956714272499084
            ],
            "segmentation_id": 6,
            "visibility": 1
        },
        {
            "bounding_box_minx_maxx_miny_maxy": [
                -1,
                -1,
                -1,
                -1
            ],
            "class": "FRACTION",
            "local_cuboid": null,
            "local_to_world_matrix": [
                [
                    0.5831736922264099,
                    0.15237939357757568,
                    -0.7979278564453125,
                    0.0
                ],
                [
                    0.8059220910072327,
                    -0.23182356357574463,
                    0.5447452664375305,
                    0.0
                ],
                [
                    -0.10197058320045471,
                    -0.9607488512992859,
                    -0.2579993009567261,
                    0.0
                ],
                [
                    0.8417341113090515,
                    -0.6030676960945129,
                    0.17430193722248077,
                    1.0
                ]
            ],
            "location": [
                0.6030676960945129,
                0.17430193722248077,
                -0.8417341113090515
            ],
            "location_world": [
                0.8417341113090515,
                -0.6030676960945129,
                0.17430193722248077
            ],
            "name": "google_FRACTION_FUN_n4h4qte23QR_6",
            "projected_cuboid": [
                [
                    703.2322883605957,
                    219.04872357845306
                ],
                [
                    659.0424180030823,
                    159.46809947490692
                ],
                [
                    630.9552192687988,
                    152.84886956214905
                ],
                [
                    669.6603894233704,
                    210.86806058883667
                ],
                [
                    791.1463379859924,
                    95.76019644737244
                ],
                [
                    726.1819839477539,
                    50.913527607917786
                ],
                [
                    694.4386959075928,
                    44.073283672332764
                ],
                [
                    752.2240877151489,
                    87.1802270412445
                ],
                [
                    698.692262172699,
                    128.7088543176651
                ]
            ],
            "provenance": "visii",
            "quaternion_xyzw": [
                -0.22411201894283295,
                0.6314970254898071,
                -0.42119020223617554,
                0.6112152338027954
            ],
            "quaternion_xyzw_world": [
                0.7198952436447144,
                0.3327919840812683,
                -0.312510222196579,
                0.522817075252533
            ],
            "segmentation_id": 7,
            "visibility": 0
        },
        {
            "bounding_box_minx_maxx_miny_maxy": [
                309,
                366,
                167,
                219
            ],
            "class": "FAIRY",
            "local_cuboid": null,
            "local_to_world_matrix": [
                [
                    -0.011974096298217773,
                    -0.9637349247932434,
                    -0.26659274101257324,
                    0.0
                ],
                [
                    -0.870319664478302,
                    0.1413182020187378,
                    -0.4717763662338257,
                    0.0
                ],
                [
                    0.4923417568206787,
                    0.22637182474136353,
                    -0.8404495716094971,
                    0.0
                ],
                [
                    1.819548487663269,
                    -0.32947713136672974,
                    0.19496458768844604,
                    1.0
                ]
            ],
            "location": [
                0.32947713136672974,
                0.19496458768844604,
                -1.819548487663269
            ],
            "location_world": [
                1.819548487663269,
                -0.32947713136672974,
                0.19496458768844604
            ],
            "name": "google_FAIRY_TALE_BLOCKS_7",
            "projected_cuboid": [
                [
                    373.4000325202942,
                    239.13779854774475
                ],
                [
                    376.6322135925293,
                    279.39140796661377
                ],
                [
                    402.70325541496277,
                    214.82299268245697
                ],
                [
                    396.1769640445709,
                    179.98594045639038
                ],
                [
                    302.81150341033936,
                    219.67647969722748
                ],
                [
                    297.0699071884155,
                    257.39172101020813
                ],
                [
                    317.97194480895996,
                    191.51882827281952
                ],
                [
                    321.54926657676697,
                    159.5112383365631
                ],
                [
                    348.1813073158264,
                    217.472106218338
                ]
            ],
            "provenance": "visii",
            "quaternion_xyzw": [
                -0.8555485010147095,
                0.11919574439525604,
                0.06264922022819519,
                -0.49990421533584595
            ],
            "quaternion_xyzw_world": [
                -0.6494531035423279,
                0.7059996128082275,
                -0.08689966797828674,
                0.26874464750289917
            ],
            "segmentation_id": 8,
            "visibility": 1
        },
        {
            "bounding_box_minx_maxx_miny_maxy": [
                -1,
                -1,
                -1,
                -1
            ],
            "class": "Great",
            "local_cuboid": null,
            "local_to_world_matrix": [
                [
                    0.4004368782043457,
                    0.8994964957237244,
                    0.17480385303497314,
                    0.0
                ],
                [
                    0.8052720427513123,
                    -0.25441455841064453,
                    -0.5355465412139893,
                    0.0
                ],
                [
                    -0.4372496008872986,
                    0.35521724820137024,
                    -0.826216459274292,
                    0.0
                ],
                [
                    0.9192689061164856,
                    -0.2800379991531372,
                    -0.35757315158843994,
                    1.0
                ]
            ],
            "location": [
                0.2800379991531372,
                -0.35757315158843994,
                -0.9192689061164856
            ],
            "location_world": [
                0.9192689061164856,
                -0.2800379991531372,
                -0.35757315158843994
            ],
            "name": "google_Great_Jones_Wingtip_kAqSg6EgG0I_8",
            "projected_cuboid": [
                [
                    368.1159019470215,
                    532.2133302688599
                ],
                [
                    386.0377073287964,
                    561.646580696106
                ],
                [
                    402.5488495826721,
                    493.9722418785095
                ],
                [
                    390.80432057380676,
                    445.4916715621948
                ],
                [
                    459.10120010375977,
                    565.8996105194092
                ],
                [
                    454.34460043907166,
                    587.9802703857422
                ],
                [
                    468.25289726257324,
                    516.0772800445557
                ],
                [
                    477.2334098815918,
                    471.99761867523193
                ],
                [
                    425.3627061843872,
                    522.9885578155518
                ]
            ],
            "provenance": "visii",
            "quaternion_xyzw": [
                0.2229352593421936,
                0.4813263416290283,
                -0.8473919630050659,
                0.023486990481615067
            ],
            "quaternion_xyzw_world": [
                0.7875702977180481,
                0.5411480665206909,
                -0.08330867439508438,
                -0.2827569246292114
            ],
            "segmentation_id": 9,
            "visibility": 0
        },
        {
            "bounding_box_minx_maxx_miny_maxy": [
                51,
                81,
                326,
                350
            ],
            "class": "Ecoforms",
            "local_cuboid": null,
            "local_to_world_matrix": [
                [
                    0.26470351219177246,
                    0.9602187871932983,
                    -0.08894926309585571,
                    0.0
                ],
                [
                    -0.4313131868839264,
                    0.20038747787475586,
                    0.879666805267334,
                    0.0
                ],
                [
                    0.8624969720840454,
                    -0.1944858729839325,
                    0.4671982526779175,
                    0.0
                ],
                [
                    1.7829288244247437,
                    0.6335861086845398,
                    -0.4007881283760071,
                    1.0
                ]
            ],
            "location": [
                -0.6335861086845398,
                -0.4007881283760071,
                -1.7829288244247437
            ],
            "location_world": [
                1.7829288244247437,
                0.6335861086845398,
                -0.4007881283760071
            ],
            "name": "google_Ecoforms_Plant_Container_Quadra_Sand_QP6_9",
            "projected_cuboid": [
                [
                    46.3152676820755,
                    375.32830238342285
                ],
                [
                    25.55687725543976,
                    327.9183506965637
                ],
                [
                    -4.09969687461853,
                    361.2198829650879
                ],
                [
                    19.605696201324463,
                    410.8797609806061
                ],
                [
                    97.78322279453278,
                    373.31992387771606
                ],
                [
                    78.72983813285828,
                    324.53858852386475
                ],
                [
                    52.70497500896454,
                    358.5314154624939
                ],
                [
                    74.48458671569824,
                    409.7049832344055
                ],
                [
                    49.27101731300354,
                    367.55841970443726
                ]
            ],
            "provenance": "visii",
            "quaternion_xyzw": [
                -0.07518529891967773,
                0.9620788097381592,
                0.233481764793396,
                0.11932218074798584
            ],
            "quaternion_xyzw_world": [
                0.38636696338653564,
                0.34223008155822754,
                0.5005265474319458,
                0.6950340270996094
            ],
            "segmentation_id": 10,
            "visibility": 1
        },
        {
            "bounding_box_minx_maxx_miny_maxy": [
                0,
                7,
                14,
                29
            ],
            "class": "ReadytoUse",
            "local_cuboid": null,
            "local_to_world_matrix": [
                [
                    0.18716520071029663,
                    -0.6203747391700745,
                    0.7616458535194397,
                    0.0
                ],
                [
                    0.5733916163444519,
                    -0.5605597496032715,
                    -0.5974903702735901,
                    0.0
                ],
                [
                    0.7976159453392029,
                    0.5485507845878601,
                    0.2508004307746887,
                    0.0
                ],
                [
                    1.038027048110962,
                    0.4752950668334961,
                    0.37187302112579346,
                    1.0
                ]
            ],
            "location": [
                -0.4752950668334961,
                0.37187302112579346,
                -1.038027048110962
            ],
            "location_world": [
                1.038027048110962,
                0.4752950668334961,
                0.37187302112579346
            ],
            "name": "google_ReadytoUse_Rolled_Fondant_Pure_White_24_oz_box_10",
            "projected_cuboid": [
                [
                    -30.666470527648926,
                    4.915028810501099
                ],
                [
                    -10.19391417503357,
                    25.4649817943573
                ],
                [
                    9.399861097335815,
                    21.068528294563293
                ],
                [
                    -13.199806213378906,
                    -2.271294593811035
                ],
                [
                    -75.95899701118469,
                    48.81392419338226
                ],
                [
                    -54.00407314300537,
                    68.70993971824646
                ],
                [
                    -39.644837379455566,
                    69.80741024017334
                ],
                [
                    -64.1171932220459,
                    47.29849100112915
                ],
                [
                    -34.89339351654053,
                    35.4657769203186
                ]
            ],
            "provenance": "visii",
            "quaternion_xyzw": [
                0.8682570457458496,
                0.3807068467140198,
                -0.2118370234966278,
                -0.2373122274875641
            ],
            "quaternion_xyzw_world": [
                0.6117443442344666,
                -0.019200459122657776,
                0.6372195482254028,
                -0.46834972500801086
            ],
            "segmentation_id": 11,
            "visibility": 1
        },
        {
            "bounding_box_minx_maxx_miny_maxy": [
                -1,
                -1,
                -1,
                -1
            ],
            "class": "Dog",
            "local_cuboid": null,
            "local_to_world_matrix": [
                [
                    -0.20788168907165527,
                    -0.35183945298194885,
                    -0.9126853942871094,
                    0.0
                ],
                [
                    -0.9200425148010254,
                    -0.24648547172546387,
                    0.304577112197876,
                    0.0
                ],
                [
                    -0.3321256637573242,
                    0.9030251502990723,
                    -0.27246761322021484,
                    0.0
                ],
                [
                    0.19622597098350525,
                    0.33615970611572266,
                    -0.14939577877521515,
                    1.0
                ]
            ],
            "location": [
                -0.33615970611572266,
                -0.14939577877521515,
                -0.19622597098350525
            ],
            "location_world": [
                0.19622597098350525,
                0.33615970611572266,
                -0.14939577877521515
            ],
            "name": "google_Dog_11",
            "projected_cuboid": [
                [
                    -1325.289249420166,
                    1326.926350593567
                ],
                [
                    -13887.308120727539,
                    9121.54769897461
                ],
                [
                    -1667.30535030365,
                    1867.232084274292
                ],
                [
                    -496.10036611557007,
                    921.6353297233582
                ],
                [
                    -1213.4275436401367,
                    574.1266012191772
                ],
                [
                    -4516.117095947266,
                    889.5509243011475
                ],
                [
                    -1344.1301584243774,
                    327.798068523407
                ],
                [
                    -539.6588444709778,
                    396.3181674480438
                ],
                [
                    -1333.05823802948,
                    914.9554967880249
                ]
            ],
            "provenance": "visii",
            "quaternion_xyzw": [
                0.4228288531303406,
                -0.3938947319984436,
                -0.41100770235061646,
                0.7050784230232239
            ],
            "quaternion_xyzw_world": [
                0.5725101232528687,
                -0.5553971529006958,
                -0.5435760021209717,
                -0.261326402425766
            ],
            "segmentation_id": 12,
            "visibility": 0
        },
        {
            "bounding_box_minx_maxx_miny_maxy": [
                -1,
                -1,
                -1,
                -1
            ],
            "class": "Black",
            "local_cuboid": null,
            "local_to_world_matrix": [
                [
                    0.5988030433654785,
                    -0.14355766773223877,
                    0.7879251837730408,
                    0.0
                ],
                [
                    0.6413235068321228,
                    -0.5033402442932129,
                    -0.5790965557098389,
                    0.0
                ],
                [
                    0.47972816228866577,
                    0.8520797491073608,
                    -0.20933473110198975,
                    0.0
                ],
                [
                    0.730051577091217,
                    0.33222657442092896,
                    0.3676793575286865,
                    1.0
                ]
            ],
            "location": [
                -0.33222657442092896,
                0.3676793575286865,
                -0.730051577091217
            ],
            "location_world": [
                0.730051577091217,
                0.33222657442092896,
                0.3676793575286865
            ],
            "name": "google_Black_Elderberry_Syrup_54_oz_Gaia_Herbs_12",
            "projected_cuboid": [
                [
                    -103.03476452827454,
                    -35.12421250343323
                ],
                [
                    -65.54681062698364,
                    2.517223358154297
                ],
                [
                    3.1894445419311523,
                    -43.90105605125427
                ],
                [
                    -34.30512547492981,
                    -87.55627274513245
                ],
                [
                    -125.3339946269989,
                    -12.317836284637451
                ],
                [
                    -85.19157767295837,
                    25.851935148239136
                ],
                [
                    -15.11085033416748,
                    -20.51660418510437
                ],
                [
                    -55.45303225517273,
                    -65.04696607589722
                ],
                [
                    -60.967445373535156,
                    -28.135180473327637
                ]
            ],
            "provenance": "visii",
            "quaternion_xyzw": [
                0.7420213222503662,
                0.43504998087882996,
                -0.4888278543949127,
                -0.1455446183681488
            ],
            "quaternion_xyzw_world": [
                0.7601772546768188,
                0.16370058059692383,
                0.41689401865005493,
                -0.4706718921661377
            ],
            "segmentation_id": 13,
            "visibility": 0
        },
        {
            "bounding_box_minx_maxx_miny_maxy": [
                175,
                300,
                361,
                473
            ],
