{
    "camera_data": {
        "camera_look_at": {
            "at": [
                1.0,
                0.0,
                0.0
            ],
            "eye": [
                0.0,
                0.0,
                0.0
            ],
            "up": [
                0.0,
                0.0,
                1.0
            ]
        },
        "camera_view_matrix": [
            [
                0.0,
                0.0,
                -1.0,
                0.0
            ],
            [
                -1.0,
                0.0,
                0.0,
                0.0
            ],
            [
                0.0,
                1.0,
                0.0,
                0.0
            ],
            [
                0.0,
                0.0,
                0.0,
                1.0
            ]
        ],
        "height": 500,
        "intrinsics": {
            "cx": 250.0,
            "cy": 250.0,
            "fx": 603.5535278320312,
            "fy": 603.5535278320312
        },
        "location_world": [
            0.0,
            0.0,
            0.0
        ],
        "quaternion_world_xyzw": [
            0.5,
            -0.5,
            -0.5,
            0.5
        ],
        "width": 500
    },
    "objects": [
        {
            "bounding_box_minx_maxx_miny_maxy": [
                181,
                267,
                1,
                80
            ],
            "class": "Reebok",
            "local_cuboid": null,
            "local_to_world_matrix": [
                [
                    -0.04400491714477539,
                    -0.9709393382072449,
                    -0.23524531722068787,
                    0.0
                ],
                [
                    -0.952232301235199,
                    -0.030461907386779785,
                    0.30385130643844604,
                    0.0
                ],
                [
                    -0.3021872341632843,
                    0.23737913370132446,
                    -0.9232194423675537,
                    0.0
                ],
                [
                    0.690793514251709,
                    0.022202372550964355,
                    0.33045077323913574,
                    1.0
                ]
            ],
            "location": [
                -0.022202372550964355,
                0.33045077323913574,
                -0.690793514251709
            ],
            "location_world": [
                0.690793514251709,
                0.022202372550964355,
                0.33045077323913574
            ],
            "name": "google_Reebok_SOMERSET_RUN_0",
            "projected_cuboid": [
                [
                    250.4557967185974,
                    123.90601634979248
                ],
                [
                    261.1715495586395,
                    -48.88427257537842
                ],
                [
                    290.7531261444092,
                    -147.61123061180115
                ],
                [
                    270.5322206020355,
                    51.09390616416931
                ],
                [
                    167.52950847148895,
                    104.60001230239868
                ],
                [
                    133.61044228076935,
                    -76.90402865409851
                ],
                [
                    171.0047721862793,
                    -172.97160625457764
                ],
                [
                    190.98013639450073,
                    33.035606145858765
                ],
                [
                    217.76948869228363,
                    1.7699748277664185
                ]
            ],
            "provenance": "visii",
            "quaternion_xyzw": [
                -0.5841448307037354,
                0.0876423567533493,
                0.08275952935218811,
                -0.8026484251022339
            ],
            "quaternion_xyzw_world": [
                -0.6909552216529846,
                0.6958380341529846,
                0.19445273280143738,
                -0.02405082806944847
            ],
            "segmentation_id": 1,
            "visibility": 1
        },
        {
            "bounding_box_minx_maxx_miny_maxy": [
                -1,
                -1,
                -1,
                -1
            ],
            "class": "Breyer",
            "local_cuboid": null,
            "local_to_world_matrix": [
                [
                    0.22279733419418335,
                    -0.41532444953918457,
                    0.8819676637649536,
                    0.0
                ],
                [
                    0.2458430677652359,
                    -0.8515307903289795,
                    -0.4630948007106781,
                    0.0
                ],
                [
                    0.9433571100234985,
                    0.3200019299983978,
                    -0.08761417865753174,
                    0.0
                ],
                [
                    0.20313462615013123,
                    0.029525864869356155,
                    -0.45269423723220825,
                    1.0
                ]
            ],
            "location": [
                -0.029525864869356155,
                -0.45269423723220825,
                -0.20313462615013123
            ],
            "location_world": [
                0.20313462615013123,
                0.029525864869356155,
                -0.45269423723220825
            ],
            "name": "google_Breyer_Horse_Of_The_Year_2015_1",
            "projected_cuboid": [
                [
                    169.60380971431732,
                    827.6075720787048
                ],
                [
                    250.1300871372223,
                    848.3538627624512
                ],
                [
                    374.5897710323334,
                    1177.8113842010498
                ],
                [
                    249.9319314956665,
                    1164.5523309707642
                ],
                [
                    -26.426464319229126,
                    1310.0545406341553
                ],
                [
                    75.0361979007721,
                    1313.3493661880493
                ],
                [
                    98.12064468860626,
                    2094.3992137908936
                ],
                [
                    -86.59455180168152,
                    2152.676820755005
                ],
                [
                    145.58082818984985,
                    1253.3316612243652
                ]
            ],
            "provenance": "visii",
            "quaternion_xyzw": [
                0.8399072289466858,
                0.5159791707992554,
                -0.16156524419784546,
                -0.04709714651107788
            ],
            "quaternion_xyzw_world": [
                0.735177218914032,
                -0.05763282626867294,
                0.6207091212272644,
                -0.2662952244281769
            ],
            "segmentation_id": 2,
            "visibility": 0
        },
        {
            "bounding_box_minx_maxx_miny_maxy": [
                204,
                337,
                1,
                95
            ],
            "class": "Smith",
            "local_cuboid": null,
            "local_to_world_matrix": [
                [
                    -0.3430898189544678,
                    0.9379245042800903,
                    -0.05086377263069153,
                    0.0
                ],
                [
                    -0.15313804149627686,
                    -0.0024271011352539062,
                    0.9882018566131592,
                    0.0
                ],
                [
                    0.9267352819442749,
                    0.3468310832977295,
                    0.1444646120071411,
                    0.0
                ],
                [
                    1.448752999305725,
                    -0.062002263963222504,
                    0.5158953666687012,
                    1.0
                ]
            ],
            "location": [
                0.062002263963222504,
                0.5158953666687012,
                -1.448752999305725
            ],
            "location_world": [
                1.448752999305725,
                -0.062002263963222504,
                0.5158953666687012
            ],
            "name": "google_Smith_Hawken_Woven_BasketTray_Organizer_with_3_Compartments_95_x_9_x_13_2",
            "projected_cuboid": [
                [
                    176.85973644256592,
                    98.27901422977448
                ],
                [
                    175.30924081802368,
                    -0.40712952613830566
                ],
                [
                    202.84190773963928,
                    -28.87442708015442
                ],
                [
                    203.89533042907715,
                    88.07724714279175
                ],
                [
                    296.6805100440979,
                    102.60720551013947
                ],
                [
                    297.9547083377838,
                    11.036992073059082
                ],
                [
                    343.6835706233978,
                    -13.156741857528687
                ],
                [
                    341.0242795944214,
                    93.93444657325745
                ],
                [
                    255.9065818786621,
                    45.476943254470825
                ]
            ],
            "provenance": "visii",
            "quaternion_xyzw": [
                -0.012338250875473022,
                0.9814352989196777,
                0.07580798864364624,
                -0.17574280500411987
            ],
            "quaternion_xyzw_world": [
                0.3587731719017029,
                0.5468541979789734,
                0.610323965549469,
                0.44691941142082214
            ],
            "segmentation_id": 3,
            "visibility": 1
        },
        {
            "bounding_box_minx_maxx_miny_maxy": [
                341,
                481,
                155,
                326
            ],
            "class": "Paul",
            "local_cuboid": null,
            "local_to_world_matrix": [
                [
                    -0.2729377746582031,
                    0.23736000061035156,
                    -0.932290256023407,
                    0.0
                ],
                [
                    -0.8129777908325195,
                    -0.5750443935394287,
                    0.09160217642784119,
                    0.0
                ],
                [
                    -0.5143656134605408,
                    0.7829329967498779,
                    0.34991979598999023,
                    0.0
                ],
                [
                    0.9800531268119812,
                    -0.33165550231933594,
                    -0.034653834998607635,
                    1.0
                ]
            ],
            "location": [
                0.33165550231933594,
                -0.034653834998607635,
                -0.9800531268119812
            ],
            "location_world": [
                0.9800531268119812,
                -0.33165550231933594,
                -0.034653834998607635
            ],
            "name": "google_Paul_Frank_Dot_Lunch_Box_3",
            "projected_cuboid": [
                [
                    310.8971416950226,
                    306.74582719802856
                ],
                [
                    365.7153844833374,
                    305.4805397987366
                ],
                [
                    472.18525409698486,
                    352.5666296482086
                ],
                [
                    414.5336151123047,
                    349.4969606399536
                ],
                [
                    346.37099504470825,
                    144.78787779808044
                ],
                [
                    400.21711587905884,
                    126.96371972560883
                ],
                [
                    494.575172662735,
                    192.48637557029724
                ],
                [
                    438.9811158180237,
                    202.87838578224182
                ],
                [
                    407.90116786956787,
                    246.40318751335144
                ]
            ],
            "provenance": "visii",
            "quaternion_xyzw": [
                -0.1979091763496399,
                0.4512750506401062,
                0.6442288756370544,
                -0.584937572479248
            ],
            "quaternion_xyzw_world": [
                -0.4879002869129181,
                0.29494643211364746,
                0.741266131401062,
                0.35423776507377625
            ],
            "segmentation_id": 4,
            "visibility": 1
        },
        {
            "bounding_box_minx_maxx_miny_maxy": [
                -1,
                -1,
                -1,
                -1
            ],
            "class": "Toys",
            "local_cuboid": null,
            "local_to_world_matrix": [
                [
                    0.6081769466400146,
                    0.7245118618011475,
                    0.32435089349746704,
                    0.0
                ],
                [
                    0.7907934188842773,
                    -0.5174483060836792,
                    -0.3269452750682831,
                    0.0
                ],
                [
                    -0.06904090940952301,
                    0.4553351104259491,
                    -0.8876392841339111,
                    0.0
                ],
                [
                    0.3054888844490051,
                    -0.5073724985122681,
                    0.2268068790435791,
                    1.0
                ]
            ],
            "location": [
                0.5073724985122681,
                0.2268068790435791,
                -0.3054888844490051
            ],
            "location_world": [
                0.3054888844490051,
                -0.5073724985122681,
                0.2268068790435791
            ],
            "name": "google_Toys_R_Us_Treat_Dispenser_Smart_Puzzle_Foobler_4",
            "projected_cuboid": [
                [
                    983.6515188217163,
                    -52.48478055000305
                ],
                [
                    881.3037276268005,
                    114.31196331977844
                ],
                [
                    967.1429395675659,
                    -81.08869194984436
                ],
                [
                    1101.5903949737549,
                    -323.3599662780762
                ],
                [
                    1714.685559272766,
                    -42.72177815437317
                ],
                [
                    1292.9179668426514,
                    171.070396900177
                ],
                [
                    1390.3965950012207,
                    -83.80115032196045
                ],
                [
                    1849.5930433273315,
                    -443.1261420249939
                ],
                [
                    1199.9651193618774,
                    -69.13936138153076
                ]
            ],
            "provenance": "visii",
            "quaternion_xyzw": [
                0.3651686906814575,
                0.5763084292411804,
                -0.7280964851379395,
                0.0663021132349968
            ],
            "quaternion_xyzw_world": [
                0.8679378628730774,
                0.43646708130836487,
                0.07353924214839935,
                -0.2253272980451584
            ],
            "segmentation_id": 5,
            "visibility": 0
        },
        {
            "bounding_box_minx_maxx_miny_maxy": [
                433,
                464,
                1,
                3
            ],
            "class": "Tag",
            "local_cuboid": null,
            "local_to_world_matrix": [
                [
                    0.5570856332778931,
                    0.8262888789176941,
                    0.08308045566082001,
                    0.0
                ],
                [
                    -0.7543179392814636,
                    0.4616272449493408,
                    0.466802716255188,
                    0.0
                ],
                [
                    0.34736168384552,
                    -0.32271814346313477,
                    0.8804503679275513,
                    0.0
                ],
                [
                    0.993720531463623,
                    -0.3577331602573395,
                    0.4980560839176178,
                    1.0
                ]
            ],
            "location": [
                0.3577331602573395,
                0.4980560839176178,
                -0.993720531463623
            ],
            "location_world": [
                0.993720531463623,
                -0.3577331602573395,
                0.4980560839176178
            ],
            "name": "google_Tag_Dishtowel_Basket_Weave_Red_18_x_26_5",
            "projected_cuboid": [
                [
                    436.44237518310547,
                    -4.5858025550842285
                ],
                [
                    403.13875675201416,
                    -118.93969774246216
                ],
                [
                    397.96221256256104,
                    -104.1964590549469
                ],
                [
                    432.42883682250977,
                    9.088516235351562
                ],
                [
                    534.6534252166748,
                    -19.528836011886597
                ],
                [
                    517.547607421875,
                    -149.37999844551086
                ],
                [
                    513.4119987487793,
                    -133.43438506126404
                ],
                [
                    531.4211249351501,
                    -4.773259162902832
                ],
                [
                    469.4828391075134,
                    -59.896111488342285
                ]
            ],
            "provenance": "visii",
            "quaternion_xyzw": [
                -0.11647972464561462,
                0.8124735951423645,
                0.5030220150947571,
                0.27071768045425415
            ],
            "quaternion_xyzw_world": [
                0.23184475302696228,
                0.07760682702064514,
                0.4641490876674652,
                0.851346492767334
            ],
            "segmentation_id": 6,
            "visibility": 1
        },
        {
            "bounding_box_minx_maxx_miny_maxy": [
                -1,
                -1,
                -1,
                -1
            ],
            "class": "FRACTION",
            "local_cuboid": null,
            "local_to_world_matrix": [
                [
                    -0.5740445852279663,
                    0.6497972011566162,
                    0.49823325872421265,
                    0.0
                ],
                [
                    -0.057185590267181396,
                    0.5751736760139465,
                    -0.8160300254821777,
                    0.0
                ],
                [
                    -0.816824734210968,
                    -0.4969293773174286,
                    -0.29301631450653076,
                    0.0
                ],
                [
                    1.3917169570922852,
                    -0.5943777561187744,
                    0.04730065166950226,
                    1.0
                ]
            ],
            "location": [
                0.5943777561187744,
                0.04730065166950226,
                -1.3917169570922852
            ],
            "location_world": [
                1.3917169570922852,
                -0.5943777561187744,
                0.04730065166950226
            ],
            "name": "google_FRACTION_FUN_n4h4qte23QR_6",
            "projected_cuboid": [
                [
                    532.4714183807373,
                    178.5341054201126
                ],
                [
                    484.3239188194275,
                    249.58276748657227
                ],
                [
                    468.2213068008423,
                    243.79785358905792
                ],
                [
                    515.2194499969482,
                    174.6823787689209
                ],
                [
                    561.0185265541077,
                    220.942884683609
                ],
                [
                    516.5479183197021,
                    287.2185409069061
                ],
                [
                    500.7701516151428,
                    280.90158104896545
                ],
                [
                    544.259786605835,
                    216.31082892417908
                ],
                [
                    515.896737575531,
                    232.0559173822403
                ]
            ],
            "provenance": "visii",
            "quaternion_xyzw": [
                -0.2955537736415863,
                0.06508153676986694,
                -0.9059045314788818,
                -0.2962251901626587
            ],
            "quaternion_xyzw_world": [
                0.18960356712341309,
                0.7813825011253357,
                -0.42007577419281006,
                -0.42074719071388245
            ],
            "segmentation_id": 7,
            "visibility": 0
        },
        {
            "bounding_box_minx_maxx_miny_maxy": [
                330,
                448,
                49,
                163
            ],
            "class": "FAIRY",
            "local_cuboid": null,
            "local_to_world_matrix": [
                [
                    -0.3048560619354248,
                    0.5559336543083191,
                    -0.7733049392700195,
                    0.0
                ],
                [
                    -0.47939708828926086,
                    -0.7911655902862549,
                    -0.3797835111618042,
                    0.0
                ],
                [
                    -0.8229466676712036,
                    0.25494086742401123,
                    0.5077045559883118,
                    0.0
                ],
                [
                    1.7565521001815796,
                    -0.4048101007938385,
                    0.33714383840560913,
                    1.0
                ]
            ],
            "location": [
                0.4048101007938385,
                0.33714383840560913,
                -1.7565521001815796
            ],
            "location_world": [
                1.7565521001815796,
                -0.4048101007938385,
                0.33714383840560913
            ],
            "name": "google_FAIRY_TALE_BLOCKS_7",
            "projected_cuboid": [
                [
                    315.6360983848572,
                    97.30462729930878
                ],
                [
                    407.3134958744049,
                    125.40674209594727
                ],
                [
                    410.60400009155273,
                    180.53512275218964
                ],
                [
                    328.13704013824463,
                    151.39776468276978
                ],
                [
                    362.3216450214386,
                    35.13433039188385
                ],
                [
                    453.35859060287476,
                    56.75838887691498
                ],
                [
                    451.6203999519348,
                    116.76454544067383
                ],
                [
                    369.7001039981842,
                    93.17341446876526
                ],
                [
                    386.32529973983765,
                    107.42057859897614
                ]
            ],
            "provenance": "visii",
            "quaternion_xyzw": [
                0.015026353299617767,
                0.29715460538864136,
                0.830461323261261,
                -0.47096431255340576
            ],
            "quaternion_xyzw_world": [
                -0.4946223199367523,
                -0.03868435323238373,
                0.806803286075592,
                0.3208126425743103
            ],
            "segmentation_id": 8,
            "visibility": 1
        },
        {
            "bounding_box_minx_maxx_miny_maxy": [
                -1,
                -1,
                -1,
                -1
            ],
            "class": "Great",
            "local_cuboid": null,
            "local_to_world_matrix": [
                [
                    0.3117603063583374,
                    0.7335922122001648,
                    0.6038608551025391,
                    0.0
                ],
                [
                    -0.9427815079689026,
                    0.3178849220275879,
                    0.10055959224700928,
                    0.0
                ],
                [
                    -0.1181885302066803,
                    -0.6006593704223633,
                    0.79072105884552,
                    0.0
                ],
                [
                    0.7844773530960083,
                    0.0948474258184433,
                    -0.48870110511779785,
                    1.0
                ]
            ],
            "location": [
                -0.0948474258184433,
                -0.48870110511779785,
                -0.7844773530960083
            ],
            "location_world": [
                0.7844773530960083,
                0.0948474258184433,
                -0.48870110511779785
            ],
            "name": "google_Great_Jones_Wingtip_kAqSg6EgG0I_8",
            "projected_cuboid": [
                [
                    238.57352137565613,
                    495.74553966522217
                ],
                [
                    139.99110460281372,
                    578.9339542388916
                ],
                [
                    79.2764276266098,
                    655.0800800323486
                ],
                [
                    195.28326392173767,
                    549.4656562805176
                ],
                [
                    292.809396982193,
                    550.213098526001
                ],
                [
                    214.88982439041138,
                    664.5678281784058
                ],
                [
                    149.15591478347778,
                    743.1162595748901
                ],
                [
                    247.07958102226257,
                    605.1701307296753
                ],
                [
                    202.92949676513672,
                    594.3535566329956
                ]
            ],
            "provenance": "visii",
            "quaternion_xyzw": [
                0.10915549844503403,
                0.6549738645553589,
                0.661668598651886,
                0.34826570749282837
            ],
            "quaternion_xyzw_world": [
                0.22536325454711914,
                -0.23205791413784027,
                0.5387661457061768,
                0.7778763175010681
            ],
            "segmentation_id": 9,
            "visibility": 0
        },
        {
            "bounding_box_minx_maxx_miny_maxy": [
                -1,
                -1,
                -1,
                -1
            ],
            "class": "Ecoforms",
            "local_cuboid": null,
            "local_to_world_matrix": [
                [
                    0.9237112402915955,
                    -0.13567215204238892,
                    0.35826054215431213,
                    0.0
                ],
                [
                    0.2949327826499939,
                    0.8486809730529785,
                    -0.4390389919281006,
                    0.0
                ],
                [
                    -0.24448354542255402,
                    0.5112080574035645,
                    0.8239502906799316,
                    0.0
                ],
                [
                    1.737804889678955,
                    0.5285308361053467,
                    -0.2651384770870209,
                    1.0
                ]
            ],
            "location": [
                -0.5285308361053467,
                -0.2651384770870209,
                -1.737804889678955
            ],
            "location_world": [
                1.737804889678955,
                0.5285308361053467,
                -0.2651384770870209
            ],
            "name": "google_Ecoforms_Plant_Container_Quadra_Sand_QP6_9",
            "projected_cuboid": [
                [
                    70.93694806098938,
                    267.35469698905945
                ],
                [
                    22.74414896965027,
                    294.6147620677948
                ],
                [
                    55.845946073532104,
                    338.8342261314392
                ],
                [
                    103.96675765514374,
                    313.57842683792114
                ],
                [
                    41.15501046180725,
                    295.32676935195923
                ],
                [
                    -11.194974184036255,
                    324.5570957660675
                ],
                [
                    26.20917558670044,
                    372.675359249115
                ],
                [
                    78.52253317832947,
                    345.8514213562012
                ],
                [
                    49.084678292274475,
                    318.81043314933777
                ]
            ],
            "provenance": "visii",
            "quaternion_xyzw": [
                -0.5766774415969849,
                0.2126060128211975,
                0.622063159942627,
                0.4850558638572693
            ],
            "quaternion_xyzw_world": [
                -0.2505393922328949,
                -0.15891776978969574,
                -0.11353205144405365,
                0.9482012391090393
            ],
            "segmentation_id": 10,
            "visibility": 0
        },
        {
            "bounding_box_minx_maxx_miny_maxy": [
                -1,
                -1,
                -1,
                -1
            ],
            "class": "ReadytoUse",
            "local_cuboid": null,
            "local_to_world_matrix": [
                [
                    -0.4768061637878418,
                    -0.8761423826217651,
                    0.07093027234077454,
                    0.0
                ],
                [
                    0.8444904088973999,
                    -0.4341970682144165,
                    0.31354355812072754,
                    0.0
                ],
                [
                    -0.24391105771064758,
                    0.2093992829322815,
                    0.9469209909439087,
                    0.0
                ],
                [
                    1.0124884843826294,
                    0.461944043636322,
                    0.519294798374176,
                    1.0
                ]
            ],
            "location": [
                -0.461944043636322,
                0.519294798374176,
                -1.0124884843826294
            ],
            "location_world": [
                1.0124884843826294,
                0.461944043636322,
                0.519294798374176
            ],
            "name": "google_ReadytoUse_Rolled_Fondant_Pure_White_24_oz_box_10",
            "projected_cuboid": [
                [
                    -47.8341281414032,
                    -192.40275025367737
                ],
                [
                    -21.64056897163391,
                    -182.99981951713562
                ],
                [
                    10.710164904594421,
                    -69.28649544715881
                ],
                [
                    -12.970328330993652,
                    -73.3882188796997
                ],
                [
                    -95.8729088306427,
                    -160.8872413635254
                ],
                [
                    -69.21601295471191,
                    -153.2987654209137
                ],
                [
                    -36.78974509239197,
                    -46.945810317993164
                ],
                [
                    -61.054736375808716,
                    -49.906641244888306
                ],
                [
                    -41.92051291465759,
                    -114.51888084411621
                ]
            ],
            "provenance": "visii",
            "quaternion_xyzw": [
                -0.574170708656311,
                -0.21993768215179443,
                -0.11643165349960327,
                0.7799995541572571
            ],
            "quaternion_xyzw_world": [
                0.05116141214966774,
                -0.1546674370765686,
                -0.8452697992324829,
                0.5089004635810852
            ],
            "segmentation_id": 11,
            "visibility": 0
        },
        {
            "bounding_box_minx_maxx_miny_maxy": [
                -1,
                -1,
                -1,
                -1
            ],
            "class": "Dog",
            "local_cuboid": null,
            "local_to_world_matrix": [
                [
                    -0.6694964170455933,
                    0.385745108127594,
                    0.6348034143447876,
                    0.0
                ],
                [
                    0.49486100673675537,
                    0.868950605392456,
                    -0.006121218204498291,
                    0.0
                ],
                [
                    -0.5539740324020386,
                    0.31004130840301514,
                    -0.7726495265960693,
                    0.0
                ],
                [
                    0.5500676035881042,
                    0.20117740333080292,
                    -0.2613067626953125,
                    1.0
                ]
            ],
            "location": [
                -0.20117740333080292,
                -0.2613067626953125,
                -0.5500676035881042
            ],
            "location_world": [
                0.5500676035881042,
                0.20117740333080292,
                -0.2613067626953125
            ],
            "name": "google_Dog_11",
            "projected_cuboid": [
                [
                    -187.91964650154114,
                    901.4182090759277
                ],
                [
                    -328.76092195510864,
                    755.5801272392273
                ],
                [
                    -133.10551643371582,
                    467.9557979106903
                ],
                [
                    13.559594750404358,
                    513.576328754425
                ],
                [
                    71.75691425800323,
                    875.2610087394714
                ],
                [
                    -72.72094488143921,
                    774.0118503570557
                ],
                [
                    35.70947051048279,
                    549.7980117797852
                ],
                [
                    169.9157953262329,
                    596.1989164352417
                ],
                [
                    -35.57047247886658,
                    661.8740558624268
                ]
            ],
            "provenance": "visii",
            "quaternion_xyzw": [
                -0.12884306907653809,
                0.4543263912200928,
                -0.6974669098854065,
                -0.5390055179595947
            ],
            "quaternion_xyzw_world": [
                0.24197237193584442,
                0.9098209142684937,
                0.08351096510887146,
                -0.3266514837741852
            ],
            "segmentation_id": 12,
            "visibility": 0
        },
        {
            "bounding_box_minx_maxx_miny_maxy": [
                -1,
                -1,
                -1,
                -1
            ],
            "class": "Black",
            "local_cuboid": null,
            "local_to_world_matrix": [
                [
                    0.9802840352058411,
                    -0.19278660416603088,
                    0.04331943392753601,
                    0.0
                ],
                [
                    0.09101506322622299,
                    0.24595820903778076,
                    -0.9649978280067444,
                    0.0
                ],
                [
                    0.17538389563560486,
                    0.9499146342277527,
                    0.2586553692817688,
                    0.0
                ],
                [
                    0.3210579454898834,
                    -0.31697237491607666,
                    0.315260112285614,
                    1.0
                ]
            ],
            "location": [
                0.31697237491607666,
                0.315260112285614,
                -0.3210579454898834
            ],
            "location_world": [
                0.3210579454898834,
                -0.31697237491607666,
                0.315260112285614
            ],
            "name": "google_Black_Elderberry_Syrup_54_oz_Gaia_Herbs_12",
            "projected_cuboid": [
                [
                    561.4837408065796,
                    -371.0002303123474
                ],
                [
                    533.7862968444824,
                    -270.90203762054443
                ],
                [
                    790.8452749252319,
                    -244.18750405311584
                ],
                [
                    824.5694041252136,
                    -351.2258529663086
                ],
                [
                    595.6740379333496,
                    -476.40347480773926
                ],
                [
                    562.5742673873901,
                    -357.08534717559814
                ],
                [
                    870.7938194274902,
                    -332.72814750671387
                ],
                [
                    912.5039577484131,
                    -462.0535373687744
                ],
                [
                    698.5129714012146,
                    -354.0450930595398
                ]
            ],
            "provenance": "visii",
            "quaternion_xyzw": [
                -0.7637356519699097,
                0.06633147597312927,
                0.6318281888961792,
                0.11446057260036469
            ],
            "quaternion_xyzw_world": [
                -0.6073858737945557,
                0.041889164596796036,
                -0.09001827985048294,
                0.7881779074668884
            ],
            "segmentation_id": 13,
            "visibility": 0
        },
        {
            "bounding_box_minx_maxx_miny_maxy": [
                -1,
                -1,
                -1,
                -1
            ],
            "class": "Razer",
