{
    "camera_data": {
        "camera_look_at": {
            "at": [
                1.0,
                0.0,
                0.0
            ],
            "eye": [
                0.0,
                0.0,
                0.0
            ],
            "up": [
                0.0,
                0.0,
                1.0
            ]
        },
        "camera_view_matrix": [
            [
                0.0,
                0.0,
                -1.0,
                0.0
            ],
            [
                -1.0,
                0.0,
                0.0,
                0.0
            ],
            [
                0.0,
                1.0,
                0.0,
                0.0
            ],
            [
                0.0,
                0.0,
                0.0,
                1.0
            ]
        ],
        "height": 500,
        "intrinsics": {
            "cx": 250.0,
            "cy": 250.0,
            "fx": 603.5535278320312,
            "fy": 603.5535278320312
        },
        "location_world": [
            0.0,
            0.0,
            0.0
        ],
        "quaternion_world_xyzw": [
            0.5,
            -0.5,
            -0.5,
            0.5
        ],
        "width": 500
    },
    "objects": [
        {
            "bounding_box_minx_maxx_miny_maxy": [
                -1,
                -1,
                -1,
                -1
            ],
            "class": "Reebok",
            "local_cuboid": null,
            "local_to_world_matrix": [
                [
                    -0.375990629196167,
                    0.7562307119369507,
                    -0.5354873538017273,
                    0.0
                ],
                [
                    -0.9256032705307007,
                    -0.3336278200149536,
                    0.17875027656555176,
                    0.0
                ],
                [
                    -0.0434768944978714,
                    0.5628570914268494,
                    0.825410008430481,
                    0.0
                ],
                [
                    0.8228110074996948,
                    -0.1498022973537445,
                    0.3683703541755676,
                    1.0
                ]
            ],
            "location": [
                0.1498022973537445,
                0.3683703541755676,
                -0.8228110074996948
            ],
            "location_world": [
                0.8228110074996948,
                -0.1498022973537445,
                0.3683703541755676
            ],
            "name": "google_Reebok_SOMERSET_RUN_0",
            "projected_cuboid": [
                [
                    245.4615980386734,
                    -14.039158821105957
                ],
                [
                    332.73226022720337,
                    -169.9712574481964
                ],
                [
                    391.3075923919678,
                    -79.97143268585205
                ],
                [
                    287.574827671051,
                    49.104899168014526
                ],
                [
                    298.5231280326843,
                    -39.97373580932617
                ],
                [
                    400.9585976600647,
                    -196.4857280254364
                ],
                [
                    455.5402398109436,
                    -111.6865873336792
                ],
                [
                    338.53843808174133,
                    20.568296313285828
                ],
                [
                    336.1986577510834,
                    -56.21495842933655
                ]
            ],
            "provenance": "visii",
            "quaternion_xyzw": [
                -0.07338648289442062,
                0.6876598596572876,
                0.6365841627120972,
                -0.341319739818573
            ],
            "quaternion_xyzw_world": [
                -0.1818152517080307,
                0.23289094865322113,
                0.7960886359214783,
                0.5281553864479065
            ],
            "segmentation_id": 1,
            "visibility": 0
        },
        {
            "bounding_box_minx_maxx_miny_maxy": [
                -1,
                -1,
                -1,
                -1
            ],
            "class": "Breyer",
            "local_cuboid": null,
            "local_to_world_matrix": [
                [
                    -0.2555720806121826,
                    0.878649115562439,
                    -0.40330970287323,
                    0.0
                ],
                [
                    0.9122941493988037,
                    0.08109956979751587,
                    -0.40142539143562317,
                    0.0
                ],
                [
                    -0.32000380754470825,
                    -0.4705301821231842,
                    -0.8223133087158203,
                    0.0
                ],
                [
                    0.23381493985652924,
                    0.08322852104902267,
                    -0.31674784421920776,
                    1.0
                ]
            ],
            "location": [
                -0.08322852104902267,
                -0.31674784421920776,
                -0.23381493985652924
            ],
            "location_world": [
                0.23381493985652924,
                0.08322852104902267,
                -0.31674784421920776
            ],
            "name": "google_Breyer_Horse_Of_The_Year_2015_1",
            "projected_cuboid": [
                [
                    -254.49717044830322,
                    2410.8026027679443
                ],
                [
                    -127.57700681686401,
                    1877.2631883621216
                ],
                [
                    -233.4936261177063,
                    1217.059850692749
                ],
                [
                    -356.8853735923767,
                    1418.4316396713257
                ],
                [
                    533.3998799324036,
                    1459.8726034164429
                ],
                [
                    461.29608154296875,
                    1257.8647136688232
                ],
                [
                    278.7512540817261,
                    832.748532295227
                ],
                [
                    296.64236307144165,
                    901.6109108924866
                ],
                [
                    111.92968487739563,
                    1326.4274597167969
                ]
            ],
            "provenance": "visii",
            "quaternion_xyzw": [
                -0.22515134513378143,
                0.5378707647323608,
                -0.8062379360198975,
                0.09991161525249481
            ],
            "quaternion_xyzw_world": [
                0.6094344854354858,
                0.7346742153167725,
                -0.29671505093574524,
                0.028347913175821304
            ],
            "segmentation_id": 2,
            "visibility": 0
        },
        {
            "bounding_box_minx_maxx_miny_maxy": [
                202,
                297,
                1,
                93
            ],
            "class": "Smith",
            "local_cuboid": null,
            "local_to_world_matrix": [
                [
                    0.5547575950622559,
                    0.789709746837616,
                    0.26192086935043335,
                    0.0
                ],
                [
                    -0.3857375979423523,
                    -0.03480708599090576,
                    0.9219517111778259,
                    0.0
                ],
                [
                    0.7371909022331238,
                    -0.6124925017356873,
                    0.285311222076416,
                    0.0
                ],
                [
                    1.3829090595245361,
                    0.0038099170196801424,
                    0.48753052949905396,
                    1.0
                ]
            ],
            "location": [
                -0.0038099170196801424,
                0.48753052949905396,
                -1.3829090595245361
            ],
            "location_world": [
                1.3829090595245361,
                0.0038099170196801424,
                0.48753052949905396
            ],
            "name": "google_Smith_Hawken_Woven_BasketTray_Organizer_with_3_Compartments_95_x_9_x_13_2",
            "projected_cuboid": [
                [
                    254.83164191246033,
                    78.90766859054565
                ],
                [
                    258.43918323516846,
                    -19.269555807113647
                ],
                [
                    190.33624231815338,
                    -24.198055267333984
                ],
                [
                    190.6730830669403,
                    86.98169887065887
                ],
                [
                    367.7317500114441,
                    93.78674626350403
                ],
                [
                    379.67222929000854,
                    -17.077207565307617
                ],
                [
                    319.98753547668457,
                    -22.45303988456726
                ],
                [
                    310.7183575630188,
                    105.2832305431366
                ],
                [
                    281.94406628608704,
                    36.729857325553894
                ]
            ],
            "provenance": "visii",
            "quaternion_xyzw": [
                0.07988977432250977,
                0.9285542964935303,
                0.18067029118537903,
                0.3142654597759247
            ],
            "quaternion_xyzw_world": [
                0.5710195899009705,
                0.1768643856048584,
                0.4374244809150696,
                0.6718001365661621
            ],
            "segmentation_id": 3,
            "visibility": 1
        },
        {
            "bounding_box_minx_maxx_miny_maxy": [
                285,
                445,
                243,
                358
            ],
            "class": "Paul",
            "local_cuboid": null,
            "local_to_world_matrix": [
                [
                    0.6062057614326477,
                    -0.6925740242004395,
                    -0.3909679651260376,
                    0.0
                ],
                [
                    -0.5313671827316284,
                    0.013064086437225342,
                    -0.8470410108566284,
                    0.0
                ],
                [
                    0.5917462110519409,
                    0.7212287187576294,
                    -0.36009156703948975,
                    0.0
                ],
                [
                    0.9360969662666321,
                    -0.27028805017471313,
                    -0.05913230776786804,
                    1.0
                ]
            ],
            "location": [
                0.27028805017471313,
                -0.05913230776786804,
                -0.9360969662666321
            ],
            "location_world": [
                0.9360969662666321,
                -0.27028805017471313,
                -0.05913230776786804
            ],
            "name": "google_Paul_Frank_Dot_Lunch_Box_3",
            "projected_cuboid": [
                [
                    349.6737778186798,
                    325.8943557739258
                ],
                [
                    353.99889945983887,
                    378.8153827190399
                ],
                [
                    470.7406759262085,
                    345.65940499305725
                ],
                [
                    459.43984389305115,
                    287.6037657260895
                ],
                [
                    257.54815340042114,
                    276.95348858833313
                ],
                [
                    257.1149468421936,
                    335.72280406951904
                ],
                [
                    380.307137966156,
                    289.02342915534973
                ],
                [
                    372.82636761665344,
                    224.1634577512741
                ],
                [
                    362.29026317596436,
                    310.7088804244995
                ]
            ],
            "provenance": "visii",
            "quaternion_xyzw": [
                -0.884782612323761,
                0.1141614019870758,
                0.3750736117362976,
                -0.25188636779785156
            ],
            "quaternion_xyzw_world": [
                -0.6987906098365784,
                0.43787840008735657,
                -0.0718306228518486,
                0.561065673828125
            ],
            "segmentation_id": 4,
            "visibility": 1
        },
        {
            "bounding_box_minx_maxx_miny_maxy": [
                -1,
                -1,
                -1,
                -1
            ],
            "class": "Toys",
            "local_cuboid": null,
            "local_to_world_matrix": [
                [
                    -0.9342209100723267,
                    0.0995469018816948,
                    0.3425224721431732,
                    0.0
                ],
                [
                    0.34301114082336426,
                    0.5141456723213196,
                    0.7861282229423523,
                    0.0
                ],
                [
                    -0.09784980863332748,
                    0.8519064784049988,
                    -0.5144712924957275,
                    0.0
                ],
                [
                    0.48493656516075134,
                    -0.4727293848991394,
                    0.36141157150268555,
                    1.0
                ]
            ],
            "location": [
                0.4727293848991394,
                0.36141157150268555,
                -0.48493656516075134
            ],
            "location_world": [
                0.48493656516075134,
                -0.4727293848991394,
                0.36141157150268555
            ],
            "name": "google_Toys_R_Us_Treat_Dispenser_Smart_Puzzle_Foobler_4",
            "projected_cuboid": [
                [
                    857.8031659126282,
                    -153.93462777137756
                ],
                [
                    669.5222854614258,
                    -275.84463357925415
                ],
                [
                    834.8738551139832,
                    -366.38277769088745
                ],
                [
                    1038.4327173233032,
                    -261.5843415260315
                ],
                [
                    705.5069208145142,
                    21.26404643058777
                ],
                [
                    579.2268514633179,
                    -85.92161536216736
                ],
                [
                    705.950140953064,
                    -158.92314910888672
                ],
                [
                    841.2602543830872,
                    -62.029242515563965
                ],
                [
                    764.9924159049988,
                    -156.9836139678955
                ]
            ],
            "provenance": "visii",
            "quaternion_xyzw": [
                -0.06417760252952576,
                0.6685479283332825,
                -0.320651113986969,
                -0.667913019657135
            ],
            "quaternion_xyzw_world": [
                0.12855421006679535,
                0.8606448173522949,
                0.47581613063812256,
                -0.1279192864894867
            ],
            "segmentation_id": 5,
            "visibility": 0
        },
        {
            "bounding_box_minx_maxx_miny_maxy": [
                -1,
                -1,
                -1,
                -1
            ],
            "class": "Tag",
            "local_cuboid": null,
            "local_to_world_matrix": [
                [
                    -0.7972098588943481,
                    -0.5402674078941345,
                    0.2693837583065033,
                    0.0
                ],
                [
                    -0.5302788615226746,
                    0.4133937358856201,
                    -0.7402094006538391,
                    0.0
                ],
                [
                    0.2885494530200958,
                    -0.732950747013092,
                    -0.6160539388656616,
                    0.0
                ],
                [
                    1.2290416955947876,
                    -0.3407246172428131,
                    0.5033771395683289,
                    1.0
                ]
            ],
            "location": [
                0.3407246172428131,
                0.5033771395683289,
                -1.2290416955947876
            ],
            "location_world": [
                1.2290416955947876,
                -0.3407246172428131,
                0.5033771395683289
            ],
            "name": "google_Tag_Dishtowel_Basket_Weave_Red_18_x_26_5",
            "projected_cuboid": [
                [
                    475.3527641296387,
                    -39.34088349342346
                ],
                [
                    448.0505585670471,
                    22.259622812271118
                ],
                [
                    435.83881855010986,
                    8.389696478843689
                ],
                [
                    464.59922194480896,
                    -52.31606960296631
                ],
                [
                    412.36457228660583,
                    9.638011455535889
                ],
                [
                    381.7932605743408,
                    69.37448680400848
                ],
                [
                    370.3858256340027,
                    57.41417407989502
                ],
                [
                    402.22054719924927,
                    -1.6768574714660645
                ],
                [
                    422.8200912475586,
                    9.081974625587463
                ]
            ],
            "provenance": "visii",
            "quaternion_xyzw": [
                -0.801409125328064,
                0.04492397606372833,
                -0.4773344099521637,
                -0.357599139213562
            ],
            "quaternion_xyzw_world": [
                -0.3183749318122864,
                0.8406333327293396,
                -0.43811020255088806,
                0.005699777975678444
            ],
            "segmentation_id": 6,
            "visibility": 0
        },
        {
            "bounding_box_minx_maxx_miny_maxy": [
                -1,
                -1,
                -1,
                -1
            ],
            "class": "FRACTION",
            "local_cuboid": null,
            "local_to_world_matrix": [
                [
                    0.9764000773429871,
                    -0.04646620899438858,
                    0.2109118103981018,
                    0.0
                ],
                [
                    -0.21403741836547852,
                    -0.3385370969772339,
                    0.9162866473197937,
                    0.0
                ],
                [
                    0.0288250669836998,
                    -0.9398053288459778,
                    -0.34049320220947266,
                    0.0
                ],
                [
                    0.984191358089447,
                    -0.6040353178977966,
                    0.14770714938640594,
                    1.0
                ]
            ],
            "location": [
                0.6040353178977966,
                0.14770714938640594,
                -0.984191358089447
            ],
            "location_world": [
                0.984191358089447,
                -0.6040353178977966,
                0.14770714938640594
            ],
            "name": "google_FRACTION_FUN_n4h4qte23QR_6",
            "projected_cuboid": [
                [
                    591.4059281349182,
                    214.2469584941864
                ],
                [
                    641.3432359695435,
                    113.31330239772797
                ],
                [
                    618.1462407112122,
                    104.57402467727661
                ],
                [
                    569.0127611160278,
                    205.94921708106995
                ],
                [
                    649.5344638824463,
                    231.83709383010864
                ],
                [
                    711.857795715332,
                    112.08558082580566
                ],
                [
                    684.2447519302368,
                    101.64272785186768
                ],
                [
                    623.0524778366089,
                    222.01883792877197
                ],
                [
                    632.8099966049194,
                    164.02795910835266
                ]
            ],
            "provenance": "visii",
            "quaternion_xyzw": [
                0.19937707483768463,
                0.6889567375183105,
                -0.045886605978012085,
                0.6953286528587341
            ],
            "quaternion_xyzw_world": [
                0.8147745728492737,
                -0.07993119210004807,
                0.07355926185846329,
                0.5695108771324158
            ],
            "segmentation_id": 7,
            "visibility": 0
        },
        {
            "bounding_box_minx_maxx_miny_maxy": [
                323,
                370,
                162,
                224
            ],
            "class": "FAIRY",
            "local_cuboid": null,
            "local_to_world_matrix": [
                [
                    0.2807280421257019,
                    -0.7067933678627014,
                    -0.649334192276001,
                    0.0
                ],
                [
                    -0.7354053854942322,
                    -0.5931320190429688,
                    0.32767853140830994,
                    0.0
                ],
                [
                    -0.6167420148849487,
                    0.385535329580307,
                    -0.6862883567810059,
                    0.0
                ],
                [
                    1.7765798568725586,
                    -0.36089974641799927,
                    0.24428609013557434,
                    1.0
                ]
            ],
            "location": [
                0.36089974641799927,
                0.24428609013557434,
                -1.7765798568725586
            ],
            "location_world": [
                1.7765798568725586,
                -0.36089974641799927,
                0.24428609013557434
            ],
            "name": "google_FAIRY_TALE_BLOCKS_7",
            "projected_cuboid": [
                [
                    346.8761742115021,
                    261.2892985343933
                ],
                [
                    419.0378189086914,
                    229.43595051765442
                ],
                [
                    435.75507402420044,
                    177.17379331588745
                ],
                [
                    367.08781123161316,
                    212.06723153591156
                ],
                [
                    288.74921798706055,
                    204.71277832984924
                ],
                [
                    356.7223250865936,
                    164.07208144664764
                ],
                [
                    379.36022877693176,
                    115.06909132003784
                ],
                [
                    314.0729069709778,
                    157.86215662956238
                ],
                [
                    362.51503229141235,
                    190.89405238628387
                ]
            ],
            "provenance": "visii",
            "quaternion_xyzw": [
                0.43656980991363525,
                -0.032183945178985596,
                -0.38153311610221863,
                0.8141274452209473
            ],
            "quaternion_xyzw_world": [
                0.8000231981277466,
                -0.45067402720451355,
                -0.3956373333930969,
                -0.018079716712236404
            ],
            "segmentation_id": 8,
            "visibility": 1
        },
        {
            "bounding_box_minx_maxx_miny_maxy": [
                285,
                318,
                451,
                500
            ],
            "class": "Great",
            "local_cuboid": null,
            "local_to_world_matrix": [
                [
                    -0.9872205257415771,
                    -0.1588539481163025,
                    -0.012705374509096146,
                    0.0
                ],
                [
                    -0.13050737977027893,
                    0.7601476907730103,
                    0.6365087032318115,
                    0.0
                ],
                [
                    -0.09145395457744598,
                    0.6300325393676758,
                    -0.7711650133132935,
                    0.0
                ],
                [
                    0.9015679359436035,
                    -0.1983000487089157,
                    -0.3867156207561493,
                    1.0
                ]
            ],
            "location": [
                0.1983000487089157,
                -0.3867156207561493,
                -0.9015679359436035
            ],
            "location_world": [
                0.9015679359436035,
                -0.1983000487089157,
                -0.3867156207561493
            ],
            "name": "google_Great_Jones_Wingtip_kAqSg6EgG0I_8",
            "projected_cuboid": [
                [
                    429.03804779052734,
                    654.7322273254395
                ],
                [
                    262.52973079681396,
                    528.0236005783081
                ],
                [
                    314.7118091583252,
                    460.4595899581909
                ],
                [
                    476.7718315124512,
                    588.8211727142334
                ],
                [
                    397.65873551368713,
                    607.8602075576782
                ],
                [
                    249.52255189418793,
                    494.1210150718689
                ],
                [
                    295.7276999950409,
                    434.8595142364502
                ],
                [
                    440.360426902771,
                    549.8579740524292
                ],
                [
                    359.4270944595337,
                    539.9208664894104
                ]
            ],
            "provenance": "visii",
            "quaternion_xyzw": [
                -0.32821154594421387,
                0.588685154914856,
                -0.27207136154174805,
                -0.6868072748184204
            ],
            "quaternion_xyzw_world": [
                -0.07713112235069275,
                0.9378876686096191,
                0.33760473132133484,
                -0.020990939810872078
            ],
            "segmentation_id": 9,
            "visibility": 1
        },
        {
            "bounding_box_minx_maxx_miny_maxy": [
                0,
                42,
                340,
                405
            ],
            "class": "Ecoforms",
            "local_cuboid": null,
            "local_to_world_matrix": [
                [
                    -0.6744353771209717,
                    0.7365238070487976,
                    -0.051668256521224976,
                    0.0
                ],
                [
                    0.07825809717178345,
                    0.14089542627334595,
                    0.9869266152381897,
                    0.0
                ],
                [
                    0.7341747283935547,
                    0.6615747809410095,
                    -0.15266382694244385,
                    0.0
                ],
                [
                    1.7478748559951782,
                    0.6645404100418091,
                    -0.35667431354522705,
                    1.0
                ]
            ],
            "location": [
                -0.6645404100418091,
                -0.35667431354522705,
                -1.7478748559951782
            ],
            "location_world": [
                1.7478748559951782,
                0.6645404100418091,
                -0.35667431354522705
            ],
            "name": "google_Ecoforms_Plant_Container_Quadra_Sand_QP6_9",
            "projected_cuboid": [
                [
                    -29.193490743637085,
                    411.3243818283081
                ],
                [
                    -35.81327199935913,
                    347.59917855262756
                ],
                [
                    -16.93364977836609,
                    345.5577492713928
                ],
                [
                    -9.657710790634155,
                    413.96841406822205
                ],
                [
                    33.274129033088684,
                    397.5059986114502
                ],
                [
                    26.61341428756714,
                    338.09658885002136
                ],
                [
                    48.40587079524994,
                    335.55302023887634
                ],
                [
                    55.70290982723236,
                    399.01459217071533
                ],
                [
                    9.815588593482971,
                    373.23424220085144
                ]
            ],
            "provenance": "visii",
            "quaternion_xyzw": [
                -0.051779210567474365,
                0.9297345876693726,
                -0.062093496322631836,
                -0.35924506187438965
            ],
            "quaternion_xyzw_world": [
                0.2904018759727478,
                0.7014261484146118,
                0.5875534415245056,
                0.28008759021759033
            ],
            "segmentation_id": 10,
            "visibility": 1
        },
        {
            "bounding_box_minx_maxx_miny_maxy": [
                -1,
                -1,
                -1,
                -1
            ],
            "class": "ReadytoUse",
            "local_cuboid": null,
            "local_to_world_matrix": [
                [
                    -0.05637025833129883,
                    0.03953304886817932,
                    0.9976270198822021,
                    0.0
                ],
                [
                    0.7498999834060669,
                    -0.6580007076263428,
                    0.06844720244407654,
                    0.0
                ],
                [
                    0.6591452360153198,
                    0.751978874206543,
                    0.007445812225341797,
                    0.0
                ],
                [
                    1.0380688905715942,
                    0.4760991334915161,
                    0.4172379970550537,
                    1.0
                ]
            ],
            "location": [
                -0.4760991334915161,
                0.4172379970550537,
                -1.0380688905715942
            ],
            "location_world": [
                1.0380688905715942,
                0.4760991334915161,
                0.4172379970550537
            ],
            "name": "google_ReadytoUse_Rolled_Fondant_Pure_White_24_oz_box_10",
            "projected_cuboid": [
                [
                    -82.71986246109009,
                    -5.51372766494751
                ],
                [
                    -55.43506145477295,
                    0.8279979228973389
                ],
                [
                    -14.989256858825684,
                    -24.757087230682373
                ],
                [
                    -43.792724609375,
                    -32.71999955177307
                ],
                [
                    -78.14812660217285,
                    60.62488257884979
                ],
                [
                    -51.167041063308716,
                    64.84898924827576
                ],
                [
                    -10.535269975662231,
                    46.14441096782684
                ],
                [
                    -38.985222578048706,
                    40.78780114650726
                ],
                [
                    -47.740936279296875,
                    19.518598914146423
                ]
            ],
            "provenance": "visii",
            "quaternion_xyzw": [
                0.6227288246154785,
                0.6646664142608643,
                -0.27925825119018555,
                -0.304043173789978
            ],
            "quaternion_xyzw_world": [
                0.6313051581382751,
                0.3126194477081299,
                0.6560900807380676,
                -0.2706819474697113
            ],
            "segmentation_id": 11,
            "visibility": 0
        },
        {
            "bounding_box_minx_maxx_miny_maxy": [
                -1,
                -1,
                -1,
                -1
            ],
            "class": "Dog",
            "local_cuboid": null,
            "local_to_world_matrix": [
                [
                    0.7542073726654053,
                    -0.05904430150985718,
                    -0.653976321220398,
                    0.0
                ],
                [
                    -0.6491133570671082,
                    0.08328604698181152,
                    -0.7561185956001282,
                    0.0
                ],
                [
                    0.09911161661148071,
                    0.9947749972343445,
                    0.024488449096679688,
                    0.0
                ],
                [
                    0.2404676079750061,
                    0.34239694476127625,
                    -0.13889992237091064,
                    1.0
                ]
            ],
            "location": [
                -0.34239694476127625,
                -0.13889992237091064,
                -0.2404676079750061
            ],
            "location_world": [
                0.2404676079750061,
                0.34239694476127625,
                -0.13889992237091064
            ],
            "name": "google_Dog_11",
            "projected_cuboid": [
                [
                    -525.0545144081116,
                    458.5452079772949
                ],
                [
                    -881.760835647583,
                    839.9797081947327
                ],
                [
                    -520.1124548912048,
                    894.2415118217468
                ],
                [
                    -257.42363929748535,
                    476.66528820991516
                ],
                [
                    -1138.3291482925415,
                    223.7686812877655
                ],
                [
                    -2694.758653640747,
                    942.44784116745
                ],
                [
                    -2040.9610271453857,
                    1119.1930770874023
                ],
                [
                    -709.1231942176819,
                    235.0647896528244
                ],
                [
                    -808.107852935791,
                    581.9027423858643
                ]
            ],
            "provenance": "visii",
            "quaternion_xyzw": [
                -0.691786527633667,
                0.2664341926574707,
                0.6320527791976929,
                -0.2257288694381714
            ],
            "quaternion_xyzw_world": [
                -0.6415669918060303,
                0.2759484350681305,
                0.2162146419286728,
                0.6822723150253296
            ],
            "segmentation_id": 12,
            "visibility": 0
        },
        {
            "bounding_box_minx_maxx_miny_maxy": [
                -1,
                -1,
                -1,
                -1
            ],
            "class": "Black",
            "local_cuboid": null,
            "local_to_world_matrix": [
                [
                    0.37968289852142334,
                    0.7765886187553406,
                    -0.5027434825897217,
                    0.0
                ],
                [
                    -0.4372503161430359,
                    0.6295497417449951,
                    0.6422454714775085,
                    0.0
                ],
                [
                    0.8152625560760498,
                    -0.024024903774261475,
                    0.5785928964614868,
                    0.0
                ],
                [
                    0.6624633073806763,
                    0.20594443380832672,
                    0.3570818603038788,
                    1.0
                ]
            ],
            "location": [
                -0.20594443380832672,
                0.3570818603038788,
                -0.6624633073806763
            ],
            "location_world": [
                0.6624633073806763,
                0.20594443380832672,
                0.3570818603038788
            ],
            "name": "google_Black_Elderberry_Syrup_54_oz_Gaia_Herbs_12",
            "projected_cuboid": [
                [
                    95.44603526592255,
                    -55.87306618690491
                ],
                [
                    61.485618352890015,
                    -95.43561935424805
                ],
                [
                    24.53048527240753,
                    -80.58422803878784
                ],
                [
                    65.73662161827087,
                    -34.760743379592896
                ],
                [
                    125.37002563476562,
                    -86.49304509162903
                ],
                [
                    91.457799077034,
                    -128.23429703712463
                ],
                [
                    58.79893898963928,
                    -118.95337700843811
                ],
                [
                    100.01780092716217,
                    -70.14238834381104
                ],
                [
                    79.22780513763428,
                    -83.78925919532776
                ]
            ],
            "provenance": "visii",
            "quaternion_xyzw": [
                -0.3148128092288971,
                0.8991796970367432,
                0.2824361026287079,
                0.11224338412284851
            ],
            "quaternion_xyzw_world": [
                0.20708708465099335,
                0.4096565246582031,
                0.3772798180580139,
                0.8043360114097595
            ],
            "segmentation_id": 13,
            "visibility": 0
        },
        {
            "bounding_box_minx_maxx_miny_maxy": [
                239,
                428,
                423,
                500
            ],
