{
    "camera_data": {
        "camera_look_at": {
            "at": [
                1.0,
                0.0,
                0.0
            ],
            "eye": [
                0.0,
                0.0,
                0.0
            ],
            "up": [
                0.0,
                0.0,
                1.0
            ]
        },
        "camera_view_matrix": [
            [
                0.0,
                0.0,
                -1.0,
                0.0
            ],
            [
                -1.0,
                0.0,
                0.0,
                0.0
            ],
            [
                0.0,
                1.0,
                0.0,
                0.0
            ],
            [
                0.0,
                0.0,
                0.0,
                1.0
            ]
        ],
        "height": 500,
        "intrinsics": {
            "cx": 250.0,
            "cy": 250.0,
            "fx": 603.5535278320312,
            "fy": 603.5535278320312
        },
        "location_world": [
            0.0,
            0.0,
            0.0
        ],
        "quaternion_world_xyzw": [
            0.5,
            -0.5,
            -0.5,
            0.5
        ],
        "width": 500
    },
    "objects": [
        {
            "bounding_box_minx_maxx_miny_maxy": [
                82,
                85,
                1,
                9
            ],
            "class": "Reebok",
            "local_cuboid": null,
            "local_to_world_matrix": [
                [
                    0.4458261728286743,
                    -0.09126046299934387,
                    0.8904553651809692,
                    0.0
                ],
                [
                    -0.7659783363342285,
                    0.47583502531051636,
                    0.43227121233940125,
                    0.0
                ],
                [
                    -0.4631592035293579,
                    -0.8747872114181519,
                    0.1422361135482788,
                    0.0
                ],
                [
                    0.5710615515708923,
                    0.17988282442092896,
                    0.2992354929447174,
                    1.0
                ]
            ],
            "location": [
                -0.17988282442092896,
                0.2992354929447174,
                -0.5710615515708923
            ],
            "location_world": [
                0.5710615515708923,
                0.17988282442092896,
                0.2992354929447174
            ],
            "name": "google_Reebok_SOMERSET_RUN_0",
            "projected_cuboid": [
                [
                    246.68104946613312,
                    -29.107868671417236
                ],
                [
                    49.69830811023712,
                    -351.8367409706116
                ],
                [
                    -54.649680852890015,
                    -264.4199728965759
                ],
                [
                    160.40067374706268,
                    6.148591637611389
                ],
                [
                    236.11730337142944,
                    48.02897572517395
                ],
                [
                    6.8305134773254395,
                    -271.93158864974976
                ],
                [
                    -104.30577397346497,
                    -184.27994847297668
                ],
                [
                    144.10284161567688,
                    79.67817783355713
                ],
                [
                    106.77103698253632,
                    -90.96238017082214
                ]
            ],
            "provenance": "visii",
            "quaternion_xyzw": [
                0.22126354277133942,
                0.46846872568130493,
                0.4846719801425934,
                0.704750120639801
            ],
            "quaternion_xyzw_world": [
                0.4549052119255066,
                -0.47110846638679504,
                0.23482704162597656,
                0.7183136343955994
            ],
            "segmentation_id": 1,
            "visibility": 1
        },
        {
            "bounding_box_minx_maxx_miny_maxy": [
                -1,
                -1,
                -1,
                -1
            ],
            "class": "Breyer",
            "local_cuboid": null,
            "local_to_world_matrix": [
                [
                    -0.5161091089248657,
                    -0.5585676431655884,
                    -0.6493337154388428,
                    0.0
                ],
                [
                    -0.46803534030914307,
                    0.8188276886940002,
                    -0.33236163854599,
                    0.0
                ],
                [
                    0.7173389196395874,
                    0.1323762983083725,
                    -0.6840338706970215,
                    0.0
                ],
                [
                    0.21237966418266296,
                    0.004122504498809576,
                    -0.41548919677734375,
                    1.0
                ]
            ],
            "location": [
                -0.004122504498809576,
                -0.41548919677734375,
                -0.21237966418266296
            ],
            "location_world": [
                0.21237966418266296,
                0.004122504498809576,
                -0.41548919677734375
            ],
            "name": "google_Breyer_Horse_Of_The_Year_2015_1",
            "projected_cuboid": [
                [
                    381.82222843170166,
                    1555.1223754882812
                ],
                [
                    280.10520339012146,
                    1745.9564208984375
                ],
                [
                    394.90389823913574,
                    2492.781400680542
                ],
                [
                    546.3491678237915,
                    2048.6958026885986
                ],
                [
                    142.68159866333008,
                    926.2285828590393
                ],
                [
                    56.5347820520401,
                    1008.049488067627
                ],
                [
                    21.123364567756653,
                    1086.7862701416016
                ],
                [
                    144.26521956920624,
                    965.5049443244934
                ],
                [
                    207.49273896217346,
                    1328.7708759307861
                ]
            ],
            "provenance": "visii",
            "quaternion_xyzw": [
                -0.8075067400932312,
                0.45453542470932007,
                -0.11880166828632355,
                -0.3566747307777405
            ],
            "quaternion_xyzw_world": [
                -0.29542216658592224,
                0.868759274482727,
                -0.057549118995666504,
                0.3932828903198242
            ],
            "segmentation_id": 2,
            "visibility": 0
        },
        {
            "bounding_box_minx_maxx_miny_maxy": [
                272,
                356,
                30,
                124
            ],
            "class": "Smith",
            "local_cuboid": null,
            "local_to_world_matrix": [
                [
                    0.08007800579071045,
                    0.8275192379951477,
                    0.5556972622871399,
                    0.0
                ],
                [
                    0.7599000334739685,
                    -0.41146814823150635,
                    0.503235399723053,
                    0.0
                ],
                [
                    0.6450887322425842,
                    0.38197624683380127,
                    -0.6617815494537354,
                    0.0
                ],
                [
                    1.5939074754714966,
                    -0.11595222353935242,
                    0.5929922461509705,
                    1.0
                ]
            ],
            "location": [
                0.11595222353935242,
                0.5929922461509705,
                -1.5939074754714966
            ],
            "location_world": [
                1.5939074754714966,
                -0.11595222353935242,
                0.5929922461509705
            ],
            "name": "google_Smith_Hawken_Woven_BasketTray_Organizer_with_3_Compartments_95_x_9_x_13_2",
            "projected_cuboid": [
                [
                    181.91710114479065,
                    88.74168992042542
                ],
                [
                    223.05501997470856,
                    63.90240788459778
                ],
                [
                    256.6591799259186,
                    -17.990291118621826
                ],
                [
                    215.15202522277832,
                    -0.9147226810455322
                ],
                [
                    289.6904945373535,
                    159.0953916311264
                ],
                [
                    320.0683891773224,
                    126.42449140548706
                ],
                [
                    364.28776383399963,
                    49.587950110435486
                ],
                [
                    336.19678020477295,
                    75.92920958995819
                ],
                [
                    272.92317152023315,
                    69.20333206653595
                ]
            ],
            "provenance": "visii",
            "quaternion_xyzw": [
                0.28032752871513367,
                0.8625316023826599,
                -0.4120664596557617,
                -0.08750352263450623
            ],
            "quaternion_xyzw_world": [
                0.7337110638618469,
                0.5408870577812195,
                0.40914809703826904,
                0.04131706804037094
            ],
            "segmentation_id": 3,
            "visibility": 1
        },
        {
            "bounding_box_minx_maxx_miny_maxy": [
                324,
                498,
                138,
                312
            ],
            "class": "Paul",
            "local_cuboid": null,
            "local_to_world_matrix": [
                [
                    -0.27327919006347656,
                    0.666140615940094,
                    -0.6939562559127808,
                    0.0
                ],
                [
                    -0.9614027142524719,
                    -0.2131333351135254,
                    0.1740087866783142,
                    0.0
                ],
                [
                    -0.031990885734558105,
                    0.7147243618965149,
                    0.698674201965332,
                    0.0
                ],
                [
                    1.0067404508590698,
                    -0.341450959444046,
                    -0.02774287387728691,
                    1.0
                ]
            ],
            "location": [
                0.341450959444046,
                -0.02774287387728691,
                -1.0067404508590698
            ],
            "location_world": [
                1.0067404508590698,
                -0.341450959444046,
                -0.02774287387728691
            ],
            "name": "google_Paul_Frank_Dot_Lunch_Box_3",
            "projected_cuboid": [
                [
                    295.2454090118408,
                    230.2483320236206
                ],
                [
                    315.63127040863037,
                    215.5616581439972
                ],
                [
                    424.0497946739197,
                    322.342187166214
                ],
                [
                    392.80998706817627,
                    326.08646154403687
                ],
                [
                    389.6787762641907,
                    130.0583779811859
                ],
                [
                    418.536901473999,
                    105.87473213672638
                ],
                [
                    518.3063745498657,
                    205.7180106639862
                ],
                [
                    480.1855683326721,
                    220.2722579240799
                ],
                [
                    405.42206168174744,
                    218.13204884529114
                ]
            ],
            "provenance": "visii",
            "quaternion_xyzw": [
                -0.17878738045692444,
                0.6723389625549316,
                0.6172768473625183,
                -0.36737552285194397
            ],
            "quaternion_xyzw_world": [
                -0.24555040895938873,
                0.30061250925064087,
                0.7391019463539124,
                0.5505138039588928
            ],
            "segmentation_id": 4,
            "visibility": 1
        },
        {
            "bounding_box_minx_maxx_miny_maxy": [
                -1,
                -1,
                -1,
                -1
            ],
            "class": "Toys",
            "local_cuboid": null,
            "local_to_world_matrix": [
                [
                    -0.5052859783172607,
                    0.29822230339050293,
                    0.8097835779190063,
                    0.0
                ],
                [
                    -0.6898390054702759,
                    -0.7033786773681641,
                    -0.17140719294548035,
                    0.0
                ],
                [
                    0.5184671878814697,
                    -0.6452299356460571,
                    0.5611328482627869,
                    0.0
                ],
                [
                    0.37588435411453247,
                    -0.43489551544189453,
                    -0.08478210866451263,
                    1.0
                ]
            ],
            "location": [
                0.43489551544189453,
                -0.08478210866451263,
                -0.37588435411453247
            ],
            "location_world": [
                0.37588435411453247,
                -0.43489551544189453,
                -0.08478210866451263
            ],
            "name": "google_Toys_R_Us_Treat_Dispenser_Smart_Puzzle_Foobler_4",
            "projected_cuboid": [
                [
                    837.1872305870056,
                    150.84776282310486
                ],
                [
                    1188.6656284332275,
                    165.69946706295013
                ],
                [
                    1241.2629127502441,
                    325.2543807029724
                ],
                [
                    803.73215675354,
                    263.921320438385
                ],
                [
                    804.213285446167,
                    303.0952215194702
                ],
                [
                    1085.5140686035156,
                    351.9333004951477
                ],
                [
                    1104.0692329406738,
                    517.9641246795654
                ],
                [
                    770.7410454750061,
                    423.1623411178589
                ],
                [
                    953.3637166023254,
                    310.6573820114136
                ]
            ],
            "provenance": "visii",
            "quaternion_xyzw": [
                0.5898414850234985,
                0.6413427591323853,
                0.4876377582550049,
                0.054551154375076294
            ],
            "quaternion_xyzw_world": [
                0.3990488350391388,
                -0.24534381926059723,
                0.8321354389190674,
                0.29684510827064514
            ],
            "segmentation_id": 5,
            "visibility": 0
        },
        {
            "bounding_box_minx_maxx_miny_maxy": [
                -1,
                -1,
                -1,
                -1
            ],
            "class": "Tag",
            "local_cuboid": null,
            "local_to_world_matrix": [
                [
                    -0.24687659740447998,
                    -0.676785945892334,
                    -0.6935510635375977,
                    0.0
                ],
                [
                    0.14178910851478577,
                    0.6827733516693115,
                    -0.7167401909828186,
                    0.0
                ],
                [
                    0.9586178064346313,
                    -0.2752842307090759,
                    -0.07260000705718994,
                    0.0
                ],
                [
                    0.7127702832221985,
                    -0.44941118359565735,
                    0.5006071329116821,
                    1.0
                ]
            ],
            "location": [
                0.44941118359565735,
                0.5006071329116821,
                -0.7127702832221985
            ],
            "location_world": [
                0.7127702832221985,
                -0.44941118359565735,
                0.5006071329116821
            ],
            "name": "google_Tag_Dishtowel_Basket_Weave_Red_18_x_26_5",
            "projected_cuboid": [
                [
                    757.7860951423645,
                    -195.16170024871826
                ],
                [
                    605.6963205337524,
                    -39.42081332206726
                ],
                [
                    614.2998337745667,
                    -55.23058772087097
                ],
                [
                    774.3364572525024,
                    -219.45157647132874
                ],
                [
                    636.535108089447,
                    -265.27607440948486
                ],
                [
                    497.7251887321472,
                    -114.94430899620056
                ],
                [
                    501.0383129119873,
                    -133.2300901412964
                ],
                [
                    646.4663743972778,
                    -291.4063334465027
                ],
                [
                    625.7410049438477,
                    -163.31037878990173
                ]
            ],
            "provenance": "visii",
            "quaternion_xyzw": [
                -0.9154430627822876,
                0.3758629560470581,
                -0.14259779453277588,
                0.018895044922828674
            ],
            "quaternion_xyzw_world": [
                -0.18904365599155426,
                0.707504391670227,
                -0.3505364954471588,
                0.5838016271591187
            ],
            "segmentation_id": 6,
            "visibility": 0
        },
        {
            "bounding_box_minx_maxx_miny_maxy": [
                404,
                481,
                438,
                500
            ],
            "class": "FRACTION",
            "local_cuboid": null,
            "local_to_world_matrix": [
                [
                    0.5496051907539368,
                    -0.7170724272727966,
                    0.42865052819252014,
                    0.0
                ],
                [
                    -0.04660695791244507,
                    -0.538611888885498,
                    -0.841264009475708,
                    0.0
                ],
                [
                    0.8341234922409058,
                    0.4423849582672119,
                    -0.32944440841674805,
                    0.0
                ],
                [
                    1.292928695678711,
                    -0.4379726052284241,
                    -0.5277878642082214,
                    1.0
                ]
            ],
            "location": [
                0.4379726052284241,
                -0.5277878642082214,
                -1.292928695678711
            ],
            "location_world": [
                1.292928695678711,
                -0.4379726052284241,
                -0.5277878642082214
            ],
            "name": "google_FRACTION_FUN_n4h4qte23QR_6",
            "projected_cuboid": [
                [
                    437.9999041557312,
                    435.6750249862671
                ],
                [
                    483.9853048324585,
                    506.8070888519287
                ],
                [
                    499.12628531455994,
                    507.3106288909912
                ],
                [
                    451.7933130264282,
                    434.2442750930786
                ],
                [
                    393.1068480014801,
                    484.8324656486511
                ],
                [
                    442.2498643398285,
                    561.6676807403564
                ],
                [
                    457.3371708393097,
                    563.8258457183838
                ],
                [
                    406.6507816314697,
                    484.7288131713867
                ],
                [
                    447.14635610580444,
                    496.2899088859558
                ]
            ],
            "provenance": "visii",
            "quaternion_xyzw": [
                0.9209315776824951,
                0.2625771760940552,
                -0.26928985118865967,
                0.10208448767662048
            ],
            "quaternion_xyzw_world": [
                0.7774415612220764,
                -0.24557453393936157,
                0.4060671925544739,
                -0.41277989745140076
            ],
            "segmentation_id": 7,
            "visibility": 1
        },
        {
            "bounding_box_minx_maxx_miny_maxy": [
                348,
                444,
                22,
                115
            ],
            "class": "FAIRY",
            "local_cuboid": null,
            "local_to_world_matrix": [
                [
                    -0.2411515712738037,
                    0.3947300612926483,
                    0.8865857124328613,
                    0.0
                ],
                [
                    -0.8833668231964111,
                    0.2890230417251587,
                    -0.36895620822906494,
                    0.0
                ],
                [
                    -0.4018818140029907,
                    -0.872154712677002,
                    0.27899307012557983,
                    0.0
                ],
                [
                    1.8906644582748413,
                    -0.3517448306083679,
                    0.5448894500732422,
                    1.0
                ]
            ],
            "location": [
                0.3517448306083679,
                0.5448894500732422,
                -1.8906644582748413
            ],
            "location_world": [
                1.8906644582748413,
                -0.3517448306083679,
                0.5448894500732422
            ],
            "name": "google_FAIRY_TALE_BLOCKS_7",
            "projected_cuboid": [
                [
                    421.1702346801758,
                    4.980877041816711
                ],
                [
                    417.4468517303467,
                    5.981341004371643
                ],
                [
                    341.47992730140686,
                    40.076300501823425
                ],
                [
                    354.02774810791016,
                    35.084888339042664
                ],
                [
                    446.2171792984009,
                    80.54152131080627
                ],
                [
                    446.0456371307373,
                    91.83064103126526
                ],
                [
                    371.17305397987366,
                    120.52775919437408
                ],
                [
                    379.9408972263336,
                    106.43774271011353
                ],
                [
                    396.7454433441162,
                    61.428144574165344
                ]
            ],
            "provenance": "visii",
            "quaternion_xyzw": [
                0.37826722860336304,
                0.39493417739868164,
                0.7357934713363647,
                0.39943572878837585
            ],
            "quaternion_xyzw_world": [
                0.2184218168258667,
                -0.5592811107635498,
                0.554779589176178,
                0.5759480595588684
            ],
            "segmentation_id": 8,
            "visibility": 1
        },
        {
            "bounding_box_minx_maxx_miny_maxy": [
                431,
                499,
                483,
                500
            ],
            "class": "Great",
            "local_cuboid": null,
            "local_to_world_matrix": [
                [
                    0.9052902460098267,
                    -0.0761522650718689,
                    0.4179120361804962,
                    0.0
                ],
                [
                    0.020993690937757492,
                    0.9906184673309326,
                    0.13503429293632507,
                    0.0
                ],
                [
                    -0.4242745339870453,
                    -0.11347171664237976,
                    0.8983959555625916,
                    0.0
                ],
                [
                    0.8297512531280518,
                    -0.388237863779068,
                    -0.43486684560775757,
                    1.0
                ]
            ],
            "location": [
                0.388237863779068,
                -0.43486684560775757,
                -0.8297512531280518
            ],
            "location_world": [
                0.8297512531280518,
                -0.388237863779068,
                -0.43486684560775757
            ],
            "name": "google_Great_Jones_Wingtip_kAqSg6EgG0I_8",
            "projected_cuboid": [
                [
                    657.912015914917,
                    490.7817244529724
                ],
                [
                    431.3242733478546,
                    458.4423303604126
                ],
                [
                    412.60072588920593,
                    516.8715715408325
                ],
                [
                    626.5779733657837,
                    547.8675365447998
                ],
                [
                    707.3262929916382,
                    562.6463890075684
                ],
                [
                    449.2267072200775,
                    525.2314805984497
                ],
                [
                    426.9901216030121,
                    587.060809135437
                ],
                [
                    668.8539385795593,
                    622.6711869239807
                ],
                [
                    545.7402467727661,
                    537.5498533248901
                ]
            ],
            "provenance": "visii",
            "quaternion_xyzw": [
                -0.35945913195610046,
                0.3983113169670105,
                0.550701379776001,
                0.6394256949424744
            ],
            "quaternion_xyzw_world": [
                0.0637882649898529,
                -0.21617835760116577,
                -0.02493610419332981,
                0.9739487767219543
            ],
            "segmentation_id": 9,
            "visibility": 1
        },
        {
            "bounding_box_minx_maxx_miny_maxy": [
                141,
                144,
                280,
                284
            ],
            "class": "Ecoforms",
            "local_cuboid": null,
            "local_to_world_matrix": [
                [
                    0.05401420593261719,
                    -0.9285083413124084,
                    0.3673619329929352,
                    0.0
                ],
                [
                    0.9593753218650818,
                    0.1502813696861267,
                    0.23877710103988647,
                    0.0
                ],
                [
                    -0.27691420912742615,
                    0.33954060077667236,
                    0.8989052772521973,
                    0.0
                ],
                [
                    1.7101746797561646,
                    0.35631024837493896,
                    -0.1503235548734665,
                    1.0
                ]
            ],
            "location": [
                -0.35631024837493896,
                -0.1503235548734665,
                -1.7101746797561646
            ],
            "location_world": [
                1.7101746797561646,
                0.35631024837493896,
                -0.1503235548734665
            ],
            "name": "google_Ecoforms_Plant_Container_Quadra_Sand_QP6_9",
            "projected_cuboid": [
                [
                    131.02760910987854,
                    244.88307535648346
                ],
                [
                    133.55961441993713,
                    229.8436462879181
                ],
                [
                    155.68488836288452,
                    280.9758484363556
                ],
                [
                    155.71054816246033,
                    301.32588744163513
                ],
                [
                    62.1781051158905,
                    271.7808187007904
                ],
                [
                    71.90307974815369,
                    253.84870171546936
                ],
                [
                    95.75682878494263,
                    304.6499490737915
                ],
                [
                    89.00918066501617,
                    327.80539989471436
                ],
                [
                    112.24853992462158,
                    276.7045497894287
                ]
            ],
            "provenance": "visii",
            "quaternion_xyzw": [
                -0.59430992603302,
                -0.09131620824337006,
                0.16555117070674896,
                0.7816967964172363
            ],
            "quaternion_xyzw_world": [
                -0.03474024310708046,
                -0.22212715446949005,
                -0.6508858799934387,
                0.7251208424568176
            ],
            "segmentation_id": 10,
            "visibility": 1
        },
        {
            "bounding_box_minx_maxx_miny_maxy": [
                7,
                80,
                1,
                33
            ],
            "class": "ReadytoUse",
            "local_cuboid": null,
            "local_to_world_matrix": [
                [
                    0.060680389404296875,
                    0.6468186378479004,
                    0.7602259516716003,
                    0.0
                ],
                [
                    -0.23353609442710876,
                    -0.7312901020050049,
                    0.6408398151397705,
                    0.0
                ],
                [
                    0.9704528450965881,
                    -0.21642661094665527,
                    0.10668057203292847,
                    0.0
                ],
                [
                    0.9604482650756836,
                    0.40207844972610474,
                    0.4463374614715576,
                    1.0
                ]
            ],
            "location": [
                -0.40207844972610474,
                0.4463374614715576,
                -0.9604482650756836
            ],
            "location_world": [
                0.9604482650756836,
                0.40207844972610474,
                0.4463374614715576
            ],
            "name": "google_ReadytoUse_Rolled_Fondant_Pure_White_24_oz_box_10",
            "projected_cuboid": [
                [
                    24.90575611591339,
                    -13.381391763687134
                ],
                [
                    41.9275164604187,
                    -33.00738334655762
                ],
                [
                    -16.594618558883667,
                    -70.00860571861267
                ],
                [
                    -35.79676151275635,
                    -46.63282632827759
                ],
                [
                    65.6106024980545,
                    34.467995166778564
                ],
                [
                    83.1640213727951,
                    15.204429626464844
                ],
                [
                    31.284615397453308,
                    -13.786494731903076
                ],
                [
                    11.36450469493866,
                    9.098455309867859
                ],
                [
                    27.815893292427063,
                    -13.566195964813232
                ]
            ],
            "provenance": "visii",
            "quaternion_xyzw": [
                0.4131568968296051,
                0.9025119543075562,
                0.09424161911010742,
                0.076759934425354
            ],
            "quaternion_xyzw_world": [
                0.6490935683250427,
                0.1591767817735672,
                0.6665752530097961,
                0.33017829060554504
            ],
            "segmentation_id": 11,
            "visibility": 1
        },
        {
            "bounding_box_minx_maxx_miny_maxy": [
                -1,
                -1,
                -1,
                -1
            ],
            "class": "Dog",
            "local_cuboid": null,
            "local_to_world_matrix": [
                [
                    -0.7979341745376587,
                    -0.04277616739273071,
                    0.6012248992919922,
                    0.0
                ],
                [
                    -0.24776622653007507,
                    -0.8860304355621338,
                    -0.3918701708316803,
                    0.0
                ],
                [
                    0.5494661331176758,
                    -0.4616498053073883,
                    0.6963952779769897,
                    0.0
                ],
                [
                    0.2589029371738434,
                    0.06915626674890518,
                    -0.3537202775478363,
                    1.0
                ]
            ],
            "location": [
                -0.06915626674890518,
                -0.3537202775478363,
                -0.2589029371738434
            ],
            "location_world": [
                0.2589029371738434,
                0.06915626674890518,
                -0.3537202775478363
            ],
            "name": "google_Dog_11",
            "projected_cuboid": [
                [
                    140.11487364768982,
                    468.5474634170532
                ],
                [
                    516.9097185134888,
                    684.3339204788208
                ],
                [
                    330.71595430374146,
                    1614.034652709961
                ],
                [
                    -220.44235467910767,
                    1043.2934761047363
                ],
                [
                    169.89323496818542,
                    559.2758059501648
                ],
                [
                    389.80185985565186,
                    693.0110454559326
                ],
                [
                    266.57864451408386,
                    1098.271131515503
                ],
                [
                    -2.715498208999634,
                    875.045895576477
                ],
                [
                    206.34084939956665,
                    798.3183860778809
                ]
            ],
            "provenance": "visii",
            "quaternion_xyzw": [
                0.7042925953865051,
                0.5279251337051392,
                0.44710955023765564,
                -0.15924811363220215
            ],
            "quaternion_xyzw_world": [
                0.31293004751205444,
                -0.23211447894573212,
                0.9192877411842346,
                0.055746980011463165
            ],
            "segmentation_id": 12,
            "visibility": 0
        },
        {
            "bounding_box_minx_maxx_miny_maxy": [
                -1,
                -1,
                -1,
                -1
            ],
            "class": "Black",
            "local_cuboid": null,
            "local_to_world_matrix": [
                [
                    -0.8931708335876465,
                    -0.19730418920516968,
                    -0.4041256308555603,
                    0.0
                ],
                [
                    -0.06270387768745422,
                    0.9444786310195923,
                    -0.3225342631340027,
                    0.0
                ],
                [
                    0.4453253746032715,
                    -0.26273787021636963,
                    -0.8559526205062866,
                    0.0
                ],
                [
                    0.2771996557712555,
                    -0.4336578845977783,
                    0.1316385716199875,
                    1.0
                ]
            ],
            "location": [
                0.4336578845977783,
                0.1316385716199875,
                -0.2771996557712555
            ],
            "location_world": [
                0.2771996557712555,
                -0.4336578845977783,
                0.1316385716199875
            ],
            "name": "google_Black_Elderberry_Syrup_54_oz_Gaia_Herbs_12",
            "projected_cuboid": [
                [
                    1208.513855934143,
                    239.73967134952545
                ],
                [
                    1112.701177597046,
                    276.1947810649872
                ],
                [
                    1243.717908859253,
                    -17.044812440872192
                ],
                [
                    1362.0331287384033,
                    -58.50529670715332
                ],
                [
                    1057.6146841049194,
                    203.4156620502472
                ],
                [
                    973.6483097076416,
                    234.41314697265625
                ],
                [
                    1052.5836944580078,
                    -18.069148063659668
                ],
                [
                    1153.4028053283691,
                    -52.57141590118408
                ],
                [
                    1132.7269077301025,
                    114.4365668296814
                ]
            ],
            "provenance": "visii",
            "quaternion_xyzw": [
                -0.7009215354919434,
                0.48101118206977844,
                -0.41228175163269043,
                -0.3276601731777191
            ],
            "quaternion_xyzw_world": [
                -0.0676443874835968,
                0.9609373211860657,
                -0.15226595103740692,
                0.22099542617797852
            ],
            "segmentation_id": 13,
            "visibility": 0
        },
        {
            "bounding_box_minx_maxx_miny_maxy": [
                -1,
                -1,
                -1,
                -1
            ],
            "class": "Razer",
