{
    "camera_data": {
        "camera_look_at": {
            "at": [
                1.0,
                0.0,
                0.0
            ],
            "eye": [
                0.0,
                0.0,
                0.0
            ],
            "up": [
                0.0,
                0.0,
                1.0
            ]
        },
        "camera_view_matrix": [
            [
                0.0,
                0.0,
                -1.0,
                0.0
            ],
            [
                -1.0,
                0.0,
                0.0,
                0.0
            ],
            [
                0.0,
                1.0,
                0.0,
                0.0
            ],
            [
                0.0,
                0.0,
                0.0,
                1.0
            ]
        ],
        "height": 500,
        "intrinsics": {
            "cx": 250.0,
            "cy": 250.0,
            "fx": 603.5535278320312,
            "fy": 603.5535278320312
        },
        "location_world": [
            0.0,
            0.0,
            0.0
        ],
        "quaternion_world_xyzw": [
            0.5,
            -0.5,
            -0.5,
            0.5
        ],
        "width": 500
    },
    "objects": [
        {
            "bounding_box_minx_maxx_miny_maxy": [
                139,
                238,
                1,
                82
            ],
            "class": "Reebok",
            "local_cuboid": null,
            "local_to_world_matrix": [
                [
                    -0.27429449558258057,
                    -0.9614247679710388,
                    -0.020627886056900024,
                    0.0
                ],
                [
                    -0.899959146976471,
                    0.2490808367729187,
                    0.35781633853912354,
                    0.0
                ],
                [
                    -0.3388753831386566,
                    0.11671123653650284,
                    -0.9335645437240601,
                    0.0
                ],
                [
                    0.6497200727462769,
                    0.07994696497917175,
                    0.3194863498210907,
                    1.0
                ]
            ],
            "location": [
                -0.07994696497917175,
                0.3194863498210907,
                -0.6497200727462769
            ],
            "location_world": [
                0.6497200727462769,
                0.07994696497917175,
                0.3194863498210907
            ],
            "name": "google_Reebok_SOMERSET_RUN_0",
            "projected_cuboid": [
                [
                    247.70183861255646,
                    119.06115710735321
                ],
                [
                    151.4315903186798,
                    -91.79636836051941
                ],
                [
                    175.4179298877716,
                    -195.19206881523132
                ],
                [
                    258.49634408950806,
                    40.38594663143158
                ],
                [
                    161.35108470916748,
                    122.55693972110748
                ],
                [
                    25.09605884552002,
                    -73.23020696640015
                ],
                [
                    57.00589716434479,
                    -171.99590802192688
                ],
                [
                    175.98912119865417,
                    46.765297651290894
                ],
                [
                    166.9614166021347,
                    -4.172086715698242
                ]
            ],
            "provenance": "visii",
            "quaternion_xyzw": [
                -0.562301754951477,
                0.11991292983293533,
                -0.07006162405014038,
                -0.8151865601539612
            ],
            "quaternion_xyzw_world": [
                -0.593756914138794,
                0.7837314605712891,
                0.15136803686618805,
                -0.10151675343513489
            ],
            "segmentation_id": 1,
            "visibility": 1
        },
        {
            "bounding_box_minx_maxx_miny_maxy": [
                -1,
                -1,
                -1,
                -1
            ],
            "class": "Breyer",
            "local_cuboid": null,
            "local_to_world_matrix": [
                [
                    0.07874524593353271,
                    -0.8117841482162476,
                    0.5786243081092834,
                    0.0
                ],
                [
                    -0.170894056558609,
                    -0.5828272104263306,
                    -0.7944232225418091,
                    0.0
                ],
                [
                    0.9821378588676453,
                    -0.03632622957229614,
                    -0.18462419509887695,
                    0.0
                ],
                [
                    0.1937846839427948,
                    0.024719223380088806,
                    -0.4604213833808899,
                    1.0
                ]
            ],
            "location": [
                -0.024719223380088806,
                -0.4604213833808899,
                -0.1937846839427948
            ],
            "location_world": [
                0.1937846839427948,
                0.024719223380088806,
                -0.4604213833808899
            ],
            "name": "google_Breyer_Horse_Of_The_Year_2015_1",
            "projected_cuboid": [
                [
                    356.14627599716187,
                    930.8328628540039
                ],
                [
                    417.572557926178,
                    1029.7752618789673
                ],
                [
                    528.5134315490723,
                    1538.7067794799805
                ],
                [
                    417.11801290512085,
                    1343.535304069519
                ],
                [
                    27.85298228263855,
                    1205.4414749145508
                ],
                [
                    82.84381031990051,
                    1318.077802658081
                ],
                [
                    -76.61488652229309,
                    2121.4497089385986
                ],
                [
                    -167.13055968284607,
                    1876.987338066101
                ],
                [
                    211.8215560913086,
                    1327.9004096984863
                ]
            ],
            "provenance": "visii",
            "quaternion_xyzw": [
                0.9471464157104492,
                0.30656594038009644,
                -0.01119658350944519,
                0.09383925795555115
            ],
            "quaternion_xyzw_world": [
                0.679374098777771,
                -0.36161157488822937,
                0.5743382573127747,
                -0.2789689004421234
            ],
            "segmentation_id": 2,
            "visibility": 0
        },
        {
            "bounding_box_minx_maxx_miny_maxy": [
                214,
                340,
                1,
                107
            ],
            "class": "Smith",
            "local_cuboid": null,
            "local_to_world_matrix": [
                [
                    -0.5078506469726562,
                    0.8609923124313354,
                    -0.027938246726989746,
                    0.0
                ],
                [
                    0.3355574905872345,
                    0.22758817672729492,
                    0.9141143560409546,
                    0.0
                ],
                [
                    0.793403685092926,
                    0.4548584222793579,
                    -0.4044933319091797,
                    0.0
                ],
                [
                    1.4882856607437134,
                    -0.08339548110961914,
                    0.5286638736724854,
                    1.0
                ]
            ],
            "location": [
                0.08339548110961914,
                0.5286638736724854,
                -1.4882856607437134
            ],
            "location_world": [
                1.4882856607437134,
                -0.08339548110961914,
                0.5286638736724854
            ],
            "name": "google_Smith_Hawken_Woven_BasketTray_Organizer_with_3_Compartments_95_x_9_x_13_2",
            "projected_cuboid": [
                [
                    186.65552139282227,
                    136.18379831314087
                ],
                [
                    168.5662716627121,
                    56.17682635784149
                ],
                [
                    207.76160061359406,
                    -18.11930537223816
                ],
                [
                    231.20459914207458,
                    69.75241005420685
                ],
                [
                    300.45023560523987,
                    144.62609589099884
                ],
                [
                    278.8108289241791,
                    72.20637798309326
                ],
                [
                    328.0680775642395,
                    8.405700325965881
                ],
                [
                    355.48141598701477,
                    87.28933334350586
                ],
                [
                    258.61191749572754,
                    71.16518914699554
                ]
            ],
            "provenance": "visii",
            "quaternion_xyzw": [
                -0.06763359904289246,
                0.9445250630378723,
                -0.19587905704975128,
                -0.25481292605400085
            ],
            "quaternion_xyzw_world": [
                0.40897879004478455,
                0.7314253449440002,
                0.4679126739501953,
                0.2807333469390869
            ],
            "segmentation_id": 3,
            "visibility": 1
        },
        {
            "bounding_box_minx_maxx_miny_maxy": [
                346,
                482,
                146,
                333
            ],
            "class": "Paul",
            "local_cuboid": null,
            "local_to_world_matrix": [
                [
                    -0.49963486194610596,
                    0.3247641921043396,
                    -0.8030524253845215,
                    0.0
                ],
                [
                    -0.7584180235862732,
                    -0.6119221448898315,
                    0.22439590096473694,
                    0.0
                ],
                [
                    -0.418529748916626,
                    0.7211654186248779,
                    0.5520446300506592,
                    0.0
                ],
                [
                    0.9882528185844421,
                    -0.3363156020641327,
                    -0.03767326846718788,
                    1.0
                ]
            ],
            "location": [
                0.3363156020641327,
                -0.03767326846718788,
                -0.9882528185844421
            ],
            "location_world": [
                0.9882528185844421,
                -0.3363156020641327,
                -0.03767326846718788
            ],
            "name": "google_Paul_Frank_Dot_Lunch_Box_3",
            "projected_cuboid": [
                [
                    314.866840839386,
                    269.42089200019836
                ],
                [
                    372.46692180633545,
                    252.8086006641388
                ],
                [
                    473.57165813446045,
                    340.22411704063416
                ],
                [
                    413.18708658218384,
                    347.7325439453125
                ],
                [
                    358.06572437286377,
                    138.8789713382721
                ],
                [
                    411.2486243247986,
                    112.98663914203644
                ],
                [
                    495.4976737499237,
                    202.4489939212799
                ],
                [
                    440.7334625720978,
                    219.35570240020752
                ],
                [
                    412.2422933578491,
                    233.3173155784607
                ]
            ],
            "provenance": "visii",
            "quaternion_xyzw": [
                -0.08987508714199066,
                0.5316555500030518,
                0.616217851638794,
                -0.574056088924408
            ],
            "quaternion_xyzw_world": [
                -0.3742467761039734,
                0.28968438506126404,
                0.8160272240638733,
                0.3318462371826172
            ],
            "segmentation_id": 4,
            "visibility": 1
        },
        {
            "bounding_box_minx_maxx_miny_maxy": [
                -1,
                -1,
                -1,
                -1
            ],
            "class": "Toys",
            "local_cuboid": null,
            "local_to_world_matrix": [
                [
                    -0.31310176849365234,
                    0.887932300567627,
                    0.33696287870407104,
                    0.0
                ],
                [
                    0.08830657601356506,
                    -0.3260469436645508,
                    0.9412204027175903,
                    0.0
                ],
                [
                    0.945605456829071,
                    0.3244536817073822,
                    0.02367532253265381,
                    0.0
                ],
                [
                    0.295732706785202,
                    -0.45742595195770264,
                    0.17983049154281616,
                    1.0
                ]
            ],
            "location": [
                0.45742595195770264,
                0.17983049154281616,
                -0.295732706785202
            ],
            "location_world": [
                0.295732706785202,
                -0.45742595195770264,
                0.17983049154281616
            ],
            "name": "google_Toys_R_Us_Treat_Dispenser_Smart_Puzzle_Foobler_4",
            "projected_cuboid": [
                [
                    712.310254573822,
                    48.07588458061218
                ],
                [
                    769.0038084983826,
                    -151.9436240196228
                ],
                [
                    1147.6387977600098,
                    -353.66445779800415
                ],
                [
                    1079.3051719665527,
                    -54.343223571777344
                ],
                [
                    844.3854451179504,
                    138.09171319007874
                ],
                [
                    891.4538621902466,
                    -43.98414492607117
                ],
                [
                    1268.3329582214355,
                    -167.8449511528015
                ],
                [
                    1215.8098220825195,
                    93.23352575302124
                ],
                [
                    958.9626789093018,
                    -47.706931829452515
                ]
            ],
            "provenance": "visii",
            "quaternion_xyzw": [
                0.17062602937221527,
                0.9714368581771851,
                -0.01663285493850708,
                -0.1640753597021103
            ],
            "quaternion_xyzw_world": [
                0.49731019139289856,
                0.4907595217227936,
                0.6447526812553406,
                0.3100513219833374
            ],
            "segmentation_id": 5,
            "visibility": 0
        },
        {
            "bounding_box_minx_maxx_miny_maxy": [
                -1,
                -1,
                -1,
                -1
            ],
            "class": "Tag",
            "local_cuboid": null,
            "local_to_world_matrix": [
                [
                    -0.6356508731842041,
                    0.6145615577697754,
                    0.4671856760978699,
                    0.0
                ],
                [
                    0.6205962896347046,
                    0.0468672513961792,
                    0.7827285528182983,
                    0.0
                ],
                [
                    0.45913904905319214,
                    0.7874755859375,
                    -0.41118597984313965,
                    0.0
                ],
                [
                    0.8963833451271057,
                    -0.3887205719947815,
                    0.49831530451774597,
                    1.0
                ]
            ],
            "location": [
                0.3887205719947815,
                0.49831530451774597,
                -0.8963833451271057
            ],
            "location_world": [
                0.8963833451271057,
                -0.3887205719947815,
                0.49831530451774597
            ],
            "name": "google_Tag_Dishtowel_Basket_Weave_Red_18_x_26_5",
            "projected_cuboid": [
                [
                    491.50246381759644,
                    -82.10548758506775
                ],
                [
                    446.8895494937897,
                    -148.7923264503479
                ],
                [
                    468.4481918811798,
                    -165.2284860610962
                ],
                [
                    518.0374383926392,
                    -100.24264454841614
                ],
                [
                    532.9537391662598,
                    11.904194951057434
                ],
                [
                    487.2255325317383,
                    -60.91073155403137
                ],
                [
                    507.1309804916382,
                    -74.23052191734314
                ],
                [
                    556.9695234298706,
                    -2.28196382522583
                ],
                [
                    500.34046173095703,
                    -77.65206694602966
                ]
            ],
            "provenance": "visii",
            "quaternion_xyzw": [
                0.12434732913970947,
                0.8450486660003662,
                -0.3052434027194977,
                -0.4210190176963806
            ],
            "quaternion_xyzw_world": [
                0.42681020498275757,
                0.7234818935394287,
                0.5425858497619629,
                -0.0027805285062640905
            ],
            "segmentation_id": 6,
            "visibility": 0
        },
        {
            "bounding_box_minx_maxx_miny_maxy": [
                438,
                462,
                421,
                427
            ],
            "class": "FRACTION",
            "local_cuboid": null,
            "local_to_world_matrix": [
                [
                    -0.8991670608520508,
                    0.4360325038433075,
                    -0.03707040101289749,
                    0.0
                ],
                [
                    0.43625548481941223,
                    0.8865222930908203,
                    -0.1541406363248825,
                    0.0
                ],
                [
                    -0.03434658795595169,
                    -0.1547703593969345,
                    -0.9873532056808472,
                    0.0
                ],
                [
                    1.3256785869598389,
                    -0.5042785406112671,
                    -0.3895187973976135,
                    1.0
                ]
            ],
            "location": [
                0.5042785406112671,
                -0.3895187973976135,
                -1.3256785869598389
            ],
            "location_world": [
                1.3256785869598389,
                -0.5042785406112671,
                -0.3895187973976135
            ],
            "name": "google_FRACTION_FUN_n4h4qte23QR_6",
            "projected_cuboid": [
                [
                    529.0175676345825,
                    461.211621761322
                ],
                [
                    432.4715733528137,
                    461.342453956604
                ],
                [
                    429.0834069252014,
                    440.83985686302185
                ],
                [
                    525.2770185470581,
                    439.30602073669434
                ],
                [
                    530.5981040000916,
                    433.9006245136261
                ],
                [
                    444.491982460022,
                    435.5775713920593
                ],
                [
                    441.46043062210083,
                    417.3356294631958
                ],
                [
                    527.288019657135,
                    414.5563542842865
                ],
                [
                    481.2486171722412,
                    437.2739791870117
                ]
            ],
            "provenance": "visii",
            "quaternion_xyzw": [
                -0.41344937682151794,
                0.5584678053855896,
                -0.6372832655906677,
                -0.33323171734809875
            ],
            "quaternion_xyzw_world": [
                0.2245349884033203,
                0.971216082572937,
                -0.07951654493808746,
                0.0007011355482973158
            ],
            "segmentation_id": 7,
            "visibility": 1
        },
        {
            "bounding_box_minx_maxx_miny_maxy": [
                362,
                455,
                40,
                135
            ],
            "class": "FAIRY",
            "local_cuboid": null,
            "local_to_world_matrix": [
                [
                    -0.4510228633880615,
                    0.8730417490005493,
                    -0.18540896475315094,
                    0.0
                ],
                [
                    -0.7180875539779663,
                    -0.4783298969268799,
                    -0.5055204629898071,
                    0.0
                ],
                [
                    -0.5300270915031433,
                    -0.09486141800880432,
                    0.8426580429077148,
                    0.0
                ],
                [
                    1.771592140197754,
                    -0.4052638113498688,
                    0.390377938747406,
                    1.0
                ]
            ],
            "location": [
                0.4052638113498688,
                0.390377938747406,
                -1.771592140197754
            ],
            "location_world": [
                1.771592140197754,
                -0.4052638113498688,
                0.390377938747406
            ],
            "name": "google_FAIRY_TALE_BLOCKS_7",
            "projected_cuboid": [
                [
                    340.68942070007324,
                    28.072267770767212
                ],
                [
                    403.1236171722412,
                    53.79006266593933
                ],
                [
                    384.06461477279663,
                    138.1409764289856
                ],
                [
                    327.71143317222595,
                    105.23620247840881
                ],
                [
                    407.41920471191406,
                    26.45084261894226
                ],
                [
                    473.40136766433716,
                    50.19700527191162
                ],
                [
                    450.7734179496765,
                    129.35255467891693
                ],
                [
                    391.0905122756958,
                    99.23015534877777
                ],
                [
                    396.3686227798462,
                    79.29868996143341
                ]
            ],
            "provenance": "visii",
            "quaternion_xyzw": [
                0.16004033386707306,
                0.4575735628604889,
                0.8527293801307678,
                -0.1945924609899521
            ],
            "quaternion_xyzw_world": [
                -0.21485395729541779,
                -0.18030181527137756,
                0.8324678540229797,
                0.4778350591659546
            ],
            "segmentation_id": 8,
            "visibility": 1
        },
        {
            "bounding_box_minx_maxx_miny_maxy": [
                -1,
                -1,
                -1,
                -1
            ],
            "class": "Great",
            "local_cuboid": null,
            "local_to_world_matrix": [
                [
                    0.05579179525375366,
                    0.6845950484275818,
                    0.7267853617668152,
                    0.0
                ],
                [
                    0.7048085331916809,
                    0.48858362436294556,
                    -0.5143257975578308,
                    0.0
                ],
                [
                    -0.7072003483772278,
                    0.5409396290779114,
                    -0.4552494287490845,
                    0.0
                ],
                [
                    0.7766768932342529,
                    0.04382285103201866,
                    -0.48258110880851746,
                    1.0
                ]
            ],
            "location": [
                -0.04382285103201866,
                -0.48258110880851746,
                -0.7766768932342529
            ],
            "location_world": [
                0.7766768932342529,
                0.04382285103201866,
                -0.48258110880851746
            ],
            "name": "google_Great_Jones_Wingtip_kAqSg6EgG0I_8",
            "projected_cuboid": [
                [
                    181.23801052570343,
                    673.6432313919067
                ],
                [
                    86.22901141643524,
                    678.2065629959106
                ],
                [
                    142.77270436286926,
                    604.3675541877747
                ],
                [
                    244.93686854839325,
                    576.1088132858276
                ],
                [
                    259.3255043029785,
                    761.8287205696106
                ],
                [
                    142.19865202903748,
                    742.278516292572
                ],
                [
                    194.04393434524536,
                    662.0875597000122
                ],
                [
                    314.15480375289917,
                    652.6927351951599
                ],
                [
                    188.91969323158264,
                    666.7114496231079
                ]
            ],
            "provenance": "visii",
            "quaternion_xyzw": [
                -0.17502182722091675,
                -0.3402458429336548,
                0.8523675203323364,
                0.3564686179161072
            ],
            "quaternion_xyzw_world": [
                -0.5055832266807556,
                -0.6870300769805908,
                -0.009684384800493717,
                0.521806001663208
            ],
            "segmentation_id": 9,
            "visibility": 0
        },
        {
            "bounding_box_minx_maxx_miny_maxy": [
                87,
                97,
                295,
                320
            ],
            "class": "Ecoforms",
            "local_cuboid": null,
            "local_to_world_matrix": [
                [
                    -0.9191420078277588,
                    -0.3027988076210022,
                    0.2519740164279938,
                    0.0
                ],
                [
                    0.37729644775390625,
                    -0.4927978515625,
                    0.7840903997421265,
                    0.0
                ],
                [
                    -0.11324938386678696,
                    0.8157593011856079,
                    0.5671960711479187,
                    0.0
                ],
                [
                    1.7300995588302612,
                    0.47216111421585083,
                    -0.22764337062835693,
                    1.0
                ]
            ],
            "location": [
                -0.47216111421585083,
                -0.22764337062835693,
                -1.7300995588302612
            ],
            "location_world": [
                1.7300995588302612,
                0.47216111421585083,
                -0.22764337062835693
            ],
            "name": "google_Ecoforms_Plant_Container_Quadra_Sand_QP6_9",
            "projected_cuboid": [
                [
                    11.404424905776978,
                    319.42981481552124
                ],
                [
                    55.79546093940735,
                    262.20840215682983
                ],
                [
                    107.43479430675507,
                    296.4390814304352
                ],
                [
                    65.87639451026917,
                    354.50902581214905
                ],
                [
                    15.351220965385437,
                    328.96140217781067
                ],
                [
                    55.35405874252319,
                    276.82483196258545
                ],
                [
                    102.12348401546478,
                    307.6738119125366
                ],
                [
                    64.4320696592331,
                    360.49389839172363
                ],
                [
                    60.26725471019745,
                    313.09783458709717
                ]
            ],
            "provenance": "visii",
            "quaternion_xyzw": [
                0.31837835907936096,
                0.5848166942596436,
                0.08117914199829102,
                -0.7416431903839111
            ],
            "quaternion_xyzw_world": [
                0.04018634185194969,
                0.46345120668411255,
                0.8630086779594421,
                -0.19701287150382996
            ],
            "segmentation_id": 10,
            "visibility": 1
        },
        {
            "bounding_box_minx_maxx_miny_maxy": [
                -1,
                -1,
                -1,
                -1
            ],
            "class": "ReadytoUse",
            "local_cuboid": null,
            "local_to_world_matrix": [
                [
                    -0.8320811986923218,
                    -0.4368988573551178,
                    0.34170305728912354,
                    0.0
                ],
                [
                    0.468876451253891,
                    -0.8831751346588135,
                    0.012540377676486969,
                    0.0
                ],
                [
                    0.2963046431541443,
                    0.17065107822418213,
                    0.939724326133728,
                    0.0
                ],
                [
                    0.991690456867218,
                    0.4416137635707855,
                    0.49393001198768616,
                    1.0
                ]
            ],
            "location": [
                -0.4416137635707855,
                0.49393001198768616,
                -0.991690456867218
            ],
            "location_world": [
                0.991690456867218,
                0.4416137635707855,
                0.49393001198768616
            ],
            "name": "google_ReadytoUse_Rolled_Fondant_Pure_White_24_oz_box_10",
            "projected_cuboid": [
                [
                    -36.846935749053955,
                    -164.5006239414215
                ],
                [
                    -4.144340753555298,
                    -155.35026788711548
                ],
                [
                    0.7578730583190918,
                    -76.21031999588013
                ],
                [
                    -33.58110785484314,
                    -83.89192819595337
                ],
                [
                    -39.66239094734192,
                    -102.46142745018005
                ],
                [
                    -9.900271892547607,
                    -95.44458985328674
                ],
                [
                    -5.741864442825317,
                    -21.06642723083496
                ],
                [
                    -36.85376048088074,
                    -26.761680841445923
                ],
                [
                    -20.726174116134644,
                    -90.1632308959961
                ]
            ],
            "provenance": "visii",
            "quaternion_xyzw": [
                0.6558703184127808,
                0.4668903350830078,
                0.25211918354034424,
                -0.5369205474853516
            ],
            "quaternion_xyzw_world": [
                0.166860431432724,
                0.047910720109939575,
                0.9559001922607422,
                -0.23689065873622894
            ],
            "segmentation_id": 11,
            "visibility": 0
        },
        {
            "bounding_box_minx_maxx_miny_maxy": [
                -1,
                -1,
                -1,
                -1
            ],
            "class": "Dog",
            "local_cuboid": null,
            "local_to_world_matrix": [
                [
                    0.09520614147186279,
                    0.45549026131629944,
                    0.885135293006897,
                    0.0
                ],
                [
                    0.9229183197021484,
                    0.2928208112716675,
                    -0.24995562434196472,
                    0.0
                ],
                [
                    -0.3730384111404419,
                    0.8407047986984253,
                    -0.39250195026397705,
                    0.0
                ],
                [
                    0.5015232563018799,
                    0.14499129354953766,
                    -0.3036150336265564,
                    1.0
                ]
            ],
            "location": [
                -0.14499129354953766,
                -0.3036150336265564,
                -0.5015232563018799
            ],
            "location_world": [
                0.5015232563018799,
                0.14499129354953766,
                -0.3036150336265564
            ],
            "name": "google_Dog_11",
            "projected_cuboid": [
                [
                    -330.1577568054199,
                    684.0195655822754
                ],
                [
                    -202.9499113559723,
                    595.467209815979
                ],
                [
                    21.976590156555176,
                    473.83254766464233
                ],
                [
                    7.294490933418274,
                    498.0969727039337
                ],
                [
                    -176.1869490146637,
                    1087.4165296554565
                ],
                [
                    -95.99858522415161,
                    857.1443557739258
                ],
                [
                    123.76083433628082,
                    697.150468826294
                ],
                [
                    151.41722559928894,
                    817.3844814300537
                ],
                [
                    -48.53665828704834,
                    692.1663284301758
                ]
            ],
            "provenance": "visii",
            "quaternion_xyzw": [
                0.32458704710006714,
                0.45620614290237427,
                -0.720847487449646,
                -0.40853166580200195
            ],
            "quaternion_xyzw_world": [
                0.5465545058250427,
                0.6304991245269775,
                0.23423869907855988,
                -0.4988800287246704
            ],
            "segmentation_id": 12,
            "visibility": 0
        },
        {
            "bounding_box_minx_maxx_miny_maxy": [
                -1,
                -1,
                -1,
                -1
            ],
            "class": "Black",
            "local_cuboid": null,
            "local_to_world_matrix": [
                [
                    0.13837236166000366,
                    0.8110077977180481,
                    -0.5684359669685364,
                    0.0
                ],
                [
                    -0.9544422030448914,
                    -0.04401350021362305,
                    -0.2951320707798004,
                    0.0
                ],
                [
                    -0.264373242855072,
                    0.5833773612976074,
                    0.7679698467254639,
                    0.0
                ],
                [
                    0.3050774037837982,
                    -0.46326059103012085,
                    0.27027493715286255,
                    1.0
                ]
            ],
            "location": [
                0.46326059103012085,
                0.27027493715286255,
                -0.3050774037837982
            ],
            "location_world": [
                0.3050774037837982,
                -0.46326059103012085,
                0.27027493715286255
            ],
            "name": "google_Black_Elderberry_Syrup_54_oz_Gaia_Herbs_12",
            "projected_cuboid": [
                [
                    965.2138352394104,
                    -505.7663321495056
                ],
                [
                    1138.0484104156494,
                    -638.1489038467407
                ],
                [
                    1198.6713409423828,
                    -277.3181200027466
                ],
                [
                    1035.3597402572632,
                    -220.34114599227905
                ],
                [
                    1080.763578414917,
                    -593.6695337295532
                ],
                [
                    1287.2064113616943,
                    -751.6494989395142
                ],
                [
                    1328.619360923767,
                    -364.4128441810608
                ],
                [
                    1139.1329765319824,
                    -291.1526560783386
                ],
                [
                    1138.6730670928955,
                    -438.2960796356201
                ]
            ],
            "provenance": "visii",
            "quaternion_xyzw": [
                -0.2343880832195282,
                0.5593528747558594,
                0.7698235511779785,
                -0.1988927721977234
            ],
            "quaternion_xyzw_world": [
                -0.32187575101852417,
                0.11140508204698563,
                0.6468405723571777,
                0.6823358535766602
            ],
            "segmentation_id": 13,
            "visibility": 0
        },
        {
            "bounding_box_minx_maxx_miny_maxy": [
                -1,
                -1,
                -1,
                -1
            ],
            "class": "Razer",
