{
    "camera_data": {
        "camera_look_at": {
            "at": [
                1.0,
                0.0,
                0.0
            ],
            "eye": [
                0.0,
                0.0,
                0.0
            ],
            "up": [
                0.0,
                0.0,
                1.0
            ]
        },
        "camera_view_matrix": [
            [
                0.0,
                0.0,
                -1.0,
                0.0
            ],
            [
                -1.0,
                0.0,
                0.0,
                0.0
            ],
            [
                0.0,
                1.0,
                0.0,
                0.0
            ],
            [
                0.0,
                0.0,
                0.0,
                1.0
            ]
        ],
        "height": 500,
        "intrinsics": {
            "cx": 250.0,
            "cy": 250.0,
            "fx": 603.5535278320312,
            "fy": 603.5535278320312
        },
        "location_world": [
            0.0,
            0.0,
            0.0
        ],
        "quaternion_world_xyzw": [
            0.5,
            -0.5,
            -0.5,
            0.5
        ],
        "width": 500
    },
    "objects": [
        {
            "bounding_box_minx_maxx_miny_maxy": [
                0,
                69,
                1,
                29
            ],
            "class": "Reebok",
            "local_cuboid": null,
            "local_to_world_matrix": [
                [
                    0.37401169538497925,
                    0.9063358902931213,
                    -0.19664834439754486,
                    0.0
                ],
                [
                    -0.7491433024406433,
                    0.4202410578727722,
                    0.5120368003845215,
                    0.0
                ],
                [
                    0.5467170476913452,
                    -0.04418995976448059,
                    0.8361505270004272,
                    0.0
                ],
                [
                    0.4914253056049347,
                    0.2520078122615814,
                    0.2718009054660797,
                    1.0
                ]
            ],
            "location": [
                -0.2520078122615814,
                0.2718009054660797,
                -0.4914253056049347
            ],
            "location_world": [
                0.4914253056049347,
                0.2520078122615814,
                0.2718009054660797
            ],
            "name": "google_Reebok_SOMERSET_RUN_0",
            "projected_cuboid": [
                [
                    41.78726673126221,
                    1.086905598640442
                ],
                [
                    -215.2482271194458,
                    -309.84705686569214
                ],
                [
                    -296.2290644645691,
                    -252.62373685836792
                ],
                [
                    15.567302703857422,
                    69.86796855926514
                ],
                [
                    124.08438324928284,
                    -36.06390953063965
                ],
                [
                    -115.99430441856384,
                    -397.1439003944397
                ],
                [
                    -188.98600339889526,
                    -348.58590364456177
                ],
                [
                    104.96339201927185,
                    33.657506108284
                ],
                [
                    -37.76678442955017,
                    -119.45512890815735
                ]
            ],
            "provenance": "visii",
            "quaternion_xyzw": [
                -0.17912590503692627,
                0.8609718084335327,
                0.4603210985660553,
                0.12143301963806152
            ],
            "quaternion_xyzw_world": [
                0.17147892713546753,
                0.22917179763317108,
                0.5103669762611389,
                0.8109259009361267
            ],
            "segmentation_id": 1,
            "visibility": 1
        },
        {
            "bounding_box_minx_maxx_miny_maxy": [
                -1,
                -1,
                -1,
                -1
            ],
            "class": "Breyer",
            "local_cuboid": null,
            "local_to_world_matrix": [
                [
                    -0.760932207107544,
                    0.37359189987182617,
                    -0.5304821729660034,
                    0.0
                ],
                [
                    -0.193372905254364,
                    0.6498616337776184,
                    0.7350420355796814,
                    0.0
                ],
                [
                    0.6193457841873169,
                    0.6618979573249817,
                    -0.4222581386566162,
                    0.0
                ],
                [
                    0.2352748066186905,
                    -0.008420482277870178,
                    -0.3842635452747345,
                    1.0
                ]
            ],
            "location": [
                0.008420482277870178,
                -0.3842635452747345,
                -0.2352748066186905
            ],
            "location_world": [
                0.2352748066186905,
                -0.008420482277870178,
                -0.3842635452747345
            ],
            "name": "google_Breyer_Horse_Of_The_Year_2015_1",
            "projected_cuboid": [
                [
                    -50.37260055541992,
                    1548.0437278747559
                ],
                [
                    -161.31100058555603,
                    1500.5873441696167
                ],
                [
                    -2.142995595932007,
                    2072.0529556274414
                ],
                [
                    166.94606840610504,
                    2107.0616245269775
                ],
                [
                    198.78345727920532,
                    830.3395509719849
                ],
                [
                    142.20717549324036,
                    783.7123274803162
                ],
                [
                    303.9160668849945,
                    820.5015659332275
                ],
                [
                    371.41191959381104,
                    879.4265985488892
                ],
                [
                    148.84786307811737,
                    1138.9386653900146
                ]
            ],
            "provenance": "visii",
            "quaternion_xyzw": [
                -0.35732054710388184,
                0.8258298635482788,
                -0.069289430975914,
                -0.43072739243507385
            ],
            "quaternion_xyzw_world": [
                0.05353567376732826,
                0.8415836095809937,
                0.4149736166000366,
                0.3415667712688446
            ],
            "segmentation_id": 2,
            "visibility": 0
        },
        {
            "bounding_box_minx_maxx_miny_maxy": [
                271,
                364,
                9,
                114
            ],
            "class": "Smith",
            "local_cuboid": null,
            "local_to_world_matrix": [
                [
                    0.6620204448699951,
                    0.5862151384353638,
                    0.46699121594429016,
                    0.0
                ],
                [
                    0.684563159942627,
                    -0.7266157865524292,
                    -0.05833442509174347,
                    0.0
                ],
                [
                    0.3051266372203827,
                    0.3583035469055176,
                    -0.8823357820510864,
                    0.0
                ],
                [
                    1.6913630962371826,
                    -0.14393313229084015,
                    0.696025550365448,
                    1.0
                ]
            ],
            "location": [
                0.14393313229084015,
                0.696025550365448,
                -1.6913630962371826
            ],
            "location_world": [
                1.6913630962371826,
                -0.14393313229084015,
                0.696025550365448
            ],
            "name": "google_Smith_Hawken_Woven_BasketTray_Organizer_with_3_Compartments_95_x_9_x_13_2",
            "projected_cuboid": [
                [
                    198.74289631843567,
                    65.67497551441193
                ],
                [
                    260.34557819366455,
                    86.66573464870453
                ],
                [
                    291.4198935031891,
                    4.186749458312988
                ],
                [
                    230.06436228752136,
                    -26.249349117279053
                ],
                [
                    272.50149846076965,
                    102.5284081697464
                ],
                [
                    335.0875973701477,
                    122.66752123832703
                ],
                [
                    374.3307888507843,
                    30.093222856521606
                ],
                [
                    312.94846534729004,
                    -2.1659135818481445
                ],
                [
                    282.87073969841003,
                    48.62701892852783
                ]
            ],
            "provenance": "visii",
            "quaternion_xyzw": [
                0.4408077895641327,
                0.6769430041313171,
                -0.5786672234535217,
                0.11216489970684052
            ],
            "quaternion_xyzw_world": [
                0.9042914509773254,
                0.3513187766075134,
                0.2134593427181244,
                -0.11518353968858719
            ],
            "segmentation_id": 3,
            "visibility": 1
        },
        {
            "bounding_box_minx_maxx_miny_maxy": [
                336,
                499,
                129,
                280
            ],
            "class": "Paul",
            "local_cuboid": null,
            "local_to_world_matrix": [
                [
                    -0.2755565643310547,
                    0.7846105694770813,
                    -0.5553871393203735,
                    0.0
                ],
                [
                    -0.960845410823822,
                    -0.20734119415283203,
                    0.1838090419769287,
                    0.0
                ],
                [
                    0.02906385064125061,
                    0.5842909812927246,
                    0.8110235929489136,
                    0.0
                ],
                [
                    1.017467975616455,
                    -0.3538321852684021,
                    -0.014561096206307411,
                    1.0
                ]
            ],
            "location": [
                0.3538321852684021,
                -0.014561096206307411,
                -1.017467975616455
            ],
            "location_world": [
                1.017467975616455,
                -0.3538321852684021,
                -0.014561096206307411
            ],
            "name": "google_Paul_Frank_Dot_Lunch_Box_3",
            "projected_cuboid": [
                [
                    310.0208640098572,
                    197.60417938232422
                ],
                [
                    331.10153675079346,
                    179.0061593055725
                ],
                [
                    419.75438594818115,
                    300.7282614707947
                ],
                [
                    389.6355628967285,
                    307.22710490226746
                ],
                [
                    418.2646870613098,
                    121.63050472736359
                ],
                [
                    448.95797967910767,
                    96.55922651290894
                ],
                [
                    531.9803953170776,
                    208.90621840953827
                ],
                [
                    493.31188201904297,
                    223.59171509742737
                ],
                [
                    418.9426898956299,
                    203.1504213809967
                ]
            ],
            "provenance": "visii",
            "quaternion_xyzw": [
                -0.12313029170036316,
                0.7066617608070374,
                0.6268448233604431,
                -0.30419349670410156
            ],
            "quaternion_xyzw_world": [
                -0.17375341057777405,
                0.2535703778266907,
                0.7572848796844482,
                0.5762217044830322
            ],
            "segmentation_id": 4,
            "visibility": 1
        },
        {
            "bounding_box_minx_maxx_miny_maxy": [
                -1,
                -1,
                -1,
                -1
            ],
            "class": "Toys",
            "local_cuboid": null,
            "local_to_world_matrix": [
                [
                    -0.37736964225769043,
                    0.9230443835258484,
                    -0.07471159100532532,
                    0.0
                ],
                [
                    -0.915057361125946,
                    -0.38407039642333984,
                    -0.12312863022089005,
                    0.0
                ],
                [
                    -0.14234764873981476,
                    0.02190040796995163,
                    0.9895744323730469,
                    0.0
                ],
                [
                    0.5775279402732849,
                    -0.4819529950618744,
                    -0.46657031774520874,
                    1.0
                ]
            ],
            "location": [
                0.4819529950618744,
                -0.46657031774520874,
                -0.5775279402732849
            ],
            "location_world": [
                0.5775279402732849,
                -0.4819529950618744,
                -0.46657031774520874
            ],
            "name": "google_Toys_R_Us_Treat_Dispenser_Smart_Puzzle_Foobler_4",
            "projected_cuboid": [
                [
                    631.8565607070923,
                    564.5191073417664
                ],
                [
                    827.989935874939,
                    686.7146492004395
                ],
                [
                    805.8163523674011,
                    858.5286140441895
                ],
                [
                    621.6539144515991,
                    701.5416622161865
                ],
                [
                    729.3705940246582,
                    525.8488655090332
                ],
                [
                    929.9381375312805,
                    623.5908269882202
                ],
                [
                    906.0261249542236,
                    779.2708873748779
                ],
                [
                    716.9018983840942,
                    652.3041129112244
                ],
                [
                    761.610746383667,
                    666.1531925201416
                ]
            ],
            "provenance": "visii",
            "quaternion_xyzw": [
                0.12014242261648178,
                0.6437329053878784,
                0.7396824955940247,
                -0.1550603210926056
            ],
            "quaternion_xyzw_world": [
                -0.06543375551700592,
                -0.030515829101204872,
                0.8293091058731079,
                0.5541063547134399
            ],
            "segmentation_id": 5,
            "visibility": 0
        },
        {
            "bounding_box_minx_maxx_miny_maxy": [
                -1,
                -1,
                -1,
                -1
            ],
            "class": "Tag",
            "local_cuboid": null,
            "local_to_world_matrix": [
                [
                    -0.3956953287124634,
                    -0.8743466734886169,
                    -0.2809682786464691,
                    0.0
                ],
                [
                    -0.9165075421333313,
                    0.39548927545547485,
                    0.06001745164394379,
                    0.0
                ],
                [
                    0.058643899857997894,
                    0.28125816583633423,
                    -0.9578385353088379,
                    0.0
                ],
                [
                    0.5464038252830505,
                    -0.5023153424263,
                    0.49912896752357483,
                    1.0
                ]
            ],
            "location": [
                0.5023153424263,
                0.49912896752357483,
                -0.5464038252830505
            ],
            "location_world": [
                0.5464038252830505,
                -0.5023153424263,
                0.49912896752357483
            ],
            "name": "google_Tag_Dishtowel_Basket_Weave_Red_18_x_26_5",
            "projected_cuboid": [
                [
                    845.1586365699768,
                    -172.20410704612732
                ],
                [
                    1020.315408706665,
                    -413.8273000717163
                ],
                [
                    1038.7639999389648,
                    -466.79091453552246
                ],
                [
                    856.6707372665405,
                    -206.1159610748291
                ],
                [
                    656.31502866745,
                    -172.8263795375824
                ],
                [
                    721.8197584152222,
                    -380.44899702072144
                ],
                [
                    736.3511323928833,
                    -425.72206258773804
                ],
                [
                    666.1349534988403,
                    -203.40996980667114
                ],
                [
                    798.1134057044983,
                    -281.81785345077515
                ]
            ],
            "provenance": "visii",
            "quaternion_xyzw": [
                -0.6842830181121826,
                0.24714098870754242,
                -0.041809141635894775,
                -0.6847846508026123
            ],
            "quaternion_xyzw_world": [
                -0.5400587916374207,
                0.829008936882019,
                0.10291675478219986,
                0.10241511464118958
            ],
            "segmentation_id": 6,
            "visibility": 0
        },
        {
            "bounding_box_minx_maxx_miny_maxy": [
                -1,
                -1,
                -1,
                -1
            ],
            "class": "FRACTION",
            "local_cuboid": null,
            "local_to_world_matrix": [
                [
                    0.016215026378631592,
                    0.998677670955658,
                    -0.04878491163253784,
                    0.0
                ],
                [
                    -0.3925403952598572,
                    -0.038515686988830566,
                    -0.9189279079437256,
                    0.0
                ],
                [
                    -0.9195917844772339,
                    0.034050434827804565,
                    0.39139682054519653,
                    0.0
                ],
                [
                    1.7738561630249023,
                    -0.5065631866455078,
                    -0.4316045641899109,
                    1.0
                ]
            ],
            "location": [
                0.5065631866455078,
                -0.4316045641899109,
                -1.7738561630249023
            ],
            "location_world": [
                1.7738561630249023,
                -0.5065631866455078,
                -0.4316045641899109
            ],
            "name": "google_FRACTION_FUN_n4h4qte23QR_6",
            "projected_cuboid": [
                [
                    390.9989297389984,
                    363.0260229110718
                ],
                [
                    399.75428581237793,
                    429.75345253944397
                ],
                [
                    396.80272340774536,
                    431.540310382843
                ],
                [
                    388.3627951145172,
                    366.22217297554016
                ],
                [
                    450.9071707725525,
                    360.2920472621918
                ],
                [
                    462.3012840747833,
                    427.01151967048645
                ],
                [
                    457.8935503959656,
                    428.8649559020996
                ],
                [
                    446.9338059425354,
                    363.55406045913696
                ],
                [
                    424.09512400627136,
                    395.599901676178
                ]
            ],
            "provenance": "visii",
            "quaternion_xyzw": [
                -0.012830168008804321,
                0.2000986635684967,
                0.979438304901123,
                -0.022283345460891724
            ],
            "quaternion_xyzw_world": [
                -0.4072265625,
                -0.37211304903030396,
                0.5944950580596924,
                0.585041880607605
            ],
            "segmentation_id": 7,
            "visibility": 0
        },
        {
            "bounding_box_minx_maxx_miny_maxy": [
                335,
                386,
                1,
                58
            ],
            "class": "FAIRY",
            "local_cuboid": null,
            "local_to_world_matrix": [
                [
                    -0.16151297092437744,
                    0.05051076412200928,
                    0.9855771064758301,
                    0.0
                ],
                [
                    -0.049846626818180084,
                    0.9969969987869263,
                    -0.05926472693681717,
                    0.0
                ],
                [
                    -0.9856109619140625,
                    -0.05869971960783005,
                    -0.1585102081298828,
                    0.0
                ],
                [
                    1.9565993547439575,
                    -0.3081437349319458,
                    0.7275905609130859,
                    1.0
                ]
            ],
            "location": [
                0.3081437349319458,
                0.7275905609130859,
                -1.9565993547439575
            ],
            "location_world": [
                1.9565993547439575,
                -0.3081437349319458,
                0.7275905609130859
            ],
            "name": "google_FAIRY_TALE_BLOCKS_7",
            "projected_cuboid": [
                [
                    406.5871238708496,
                    -38.20544481277466
                ],
                [
                    314.5301342010498,
                    -34.88805890083313
                ],
                [
                    303.08178067207336,
                    -13.487398624420166
                ],
                [
                    384.7988545894623,
                    -16.574889421463013
                ],
                [
                    407.3169231414795,
                    51.895976066589355
                ],
                [
                    317.36987829208374,
                    55.81776797771454
                ],
                [
                    305.8370351791382,
                    66.65858626365662
                ],
                [
                    385.8872652053833,
                    63.09942901134491
                ],
                [
                    352.847158908844,
                    17.72885024547577
                ]
            ],
            "provenance": "visii",
            "quaternion_xyzw": [
                0.07606419920921326,
                -0.037533730268478394,
                0.7237725257873535,
                0.684805691242218
            ],
            "quaternion_xyzw_world": [
                -0.00021815398940816522,
                -0.7610880732536316,
                0.038748618215322495,
                0.6474901437759399
            ],
            "segmentation_id": 8,
            "visibility": 1
        },
        {
            "bounding_box_minx_maxx_miny_maxy": [
                -1,
                -1,
                -1,
                -1
            ],
            "class": "Great",
            "local_cuboid": null,
            "local_to_world_matrix": [
                [
                    -0.6754707098007202,
                    0.7240743637084961,
                    -0.13948404788970947,
                    0.0
                ],
                [
                    0.18923786282539368,
                    -0.012606263160705566,
                    -0.9818503856658936,
                    0.0
                ],
                [
                    -0.7126910090446472,
                    -0.689606785774231,
                    -0.12850725650787354,
                    0.0
                ],
                [
                    0.8556188941001892,
                    -0.5137739777565002,
                    -0.4258808195590973,
                    1.0
                ]
            ],
            "location": [
                0.5137739777565002,
                -0.4258808195590973,
                -0.8556188941001892
            ],
            "location_world": [
                0.8556188941001892,
                -0.5137739777565002,
                -0.4258808195590973
            ],
            "name": "google_Great_Jones_Wingtip_kAqSg6EgG0I_8",
            "projected_cuboid": [
                [
                    719.1815376281738,
                    501.67524814605713
                ],
                [
                    686.1379146575928,
                    723.5063314437866
                ],
                [
                    588.5751247406006,
                    667.8140163421631
                ],
                [
                    610.9166145324707,
                    464.61641788482666
                ],
                [
                    736.2521886825562,
                    465.5458927154541
                ],
                [
                    704.9609422683716,
                    670.1077222824097
                ],
                [
                    613.6893630027771,
                    623.6414313316345
                ],
                [
                    635.8041167259216,
                    435.1020157337189
                ],
                [
                    659.4711542129517,
                    570.7101821899414
                ]
            ],
            "provenance": "visii",
            "quaternion_xyzw": [
                -0.369149386882782,
                0.08592581748962402,
                -0.9244749546051025,
                0.04112881422042847
            ],
            "quaternion_xyzw_world": [
                0.3411900997161865,
                0.66921067237854,
                -0.6244136691093445,
                -0.21413546800613403
            ],
            "segmentation_id": 9,
            "visibility": 0
        },
        {
            "bounding_box_minx_maxx_miny_maxy": [
                99,
                186,
                221,
                282
            ],
            "class": "Ecoforms",
            "local_cuboid": null,
            "local_to_world_matrix": [
                [
                    -0.8970456123352051,
                    -0.44173696637153625,
                    -0.013334371149539948,
                    0.0
                ],
                [
                    0.39984336495399475,
                    -0.8240839242935181,
                    0.4012620747089386,
                    0.0
                ],
                [
                    -0.1882409155368805,
                    0.35461869835853577,
                    0.9158662557601929,
                    0.0
                ],
                [
                    1.68699049949646,
                    0.2486756443977356,
                    -0.08314625918865204,
                    1.0
                ]
            ],
            "location": [
                -0.2486756443977356,
                -0.08314625918865204,
                -1.68699049949646
            ],
            "location_world": [
                1.68699049949646,
                0.2486756443977356,
                -0.08314625918865204
            ],
            "name": "google_Ecoforms_Plant_Container_Quadra_Sand_QP6_9",
            "projected_cuboid": [
                [
                    114.1732782125473,
                    237.485870718956
                ],
                [
                    179.40565943717957,
                    209.4414234161377
                ],
                [
                    202.7689814567566,
                    267.0387029647827
                ],
                [
                    139.99585807323456,
                    297.3144054412842
                ],
                [
                    97.98890352249146,
                    237.84112930297852
                ],
                [
                    157.65078365802765,
                    212.47372031211853
                ],
                [
                    179.1917383670807,
                    264.5854949951172
                ],
                [
                    121.56523764133453,
                    291.7730212211609
                ],
                [
                    149.3912935256958,
                    252.16472148895264
                ]
            ],
            "provenance": "visii",
            "quaternion_xyzw": [
                0.46158260107040405,
                0.43911394476890564,
                0.2937864363193512,
                -0.7126078605651855
            ],
            "quaternion_xyzw_world": [
                -0.05284889414906502,
                0.19817638397216797,
                0.9535454511642456,
                -0.22064505517482758
            ],
            "segmentation_id": 10,
            "visibility": 1
        },
        {
            "bounding_box_minx_maxx_miny_maxy": [
                0,
                63,
                19,
                87
            ],
            "class": "ReadytoUse",
            "local_cuboid": null,
            "local_to_world_matrix": [
                [
                    -0.6615179777145386,
                    0.5721275806427002,
                    -0.48483413457870483,
                    0.0
                ],
                [
                    0.7485606670379639,
                    0.5427996516227722,
                    -0.38082215189933777,
                    0.0
                ],
                [
                    0.04528896510601044,
                    -0.6148483753204346,
                    -0.7873439788818359,
                    0.0
                ],
                [
                    0.9198147058486938,
                    0.37998759746551514,
                    0.41200709342956543,
                    1.0
                ]
            ],
            "location": [
                -0.37998759746551514,
                0.41200709342956543,
                -0.9198147058486938
            ],
            "location_world": [
                0.9198147058486938,
                0.37998759746551514,
                0.41200709342956543
            ],
            "name": "google_ReadytoUse_Rolled_Fondant_Pure_White_24_oz_box_10",
            "projected_cuboid": [
                [
                    43.27879846096039,
                    69.97935473918915
                ],
                [
                    33.903151750564575,
                    89.75422382354736
                ],
                [
                    -37.62498497962952,
                    -0.8504390716552734
                ],
                [
                    -31.219959259033203,
                    -24.668842554092407
                ],
                [
                    105.05813360214233,
                    47.739431262016296
                ],
                [
                    94.14418041706085,
                    66.7295902967453
                ],
                [
                    28.969749808311462,
                    -16.60218834877014
                ],
                [
                    37.42752969264984,
                    -38.99994492530823
                ],
                [
                    35.699695348739624,
                    24.119824171066284
                ]
            ],
            "provenance": "visii",
            "quaternion_xyzw": [
                -0.46205615997314453,
                0.5560113191604614,
                -0.690590500831604,
                -0.020984068512916565
            ],
            "quaternion_xyzw_world": [
                0.38178080320358276,
                0.8648210167884827,
                -0.2878256142139435,
                0.15324647724628448
            ],
            "segmentation_id": 11,
            "visibility": 1
        },
        {
            "bounding_box_minx_maxx_miny_maxy": [
                -1,
                -1,
                -1,
                -1
            ],
            "class": "Dog",
            "local_cuboid": null,
            "local_to_world_matrix": [
                [
                    -0.8591668605804443,
                    0.17184101045131683,
                    -0.48197922110557556,
                    0.0
                ],
                [
                    -0.4455844759941101,
                    -0.714340090751648,
                    0.5396050810813904,
                    0.0
                ],
                [
                    -0.25157061219215393,
                    0.6783729195594788,
                    0.6903061270713806,
                    0.0
                ],
                [
                    0.27314862608909607,
                    0.005918590817600489,
                    -0.323101669549942,
                    1.0
                ]
            ],
            "location": [
                -0.005918590817600489,
                -0.323101669549942,
                -0.27314862608909607
            ],
            "location_world": [
                0.27314862608909607,
                0.005918590817600489,
                -0.323101669549942
            ],
            "name": "google_Dog_11",
            "projected_cuboid": [
                [
                    -595.201313495636,
                    1336.5333080291748
                ],
                [
                    -467.5997495651245,
                    1707.3140144348145
                ],
                [
                    438.93131613731384,
                    1784.1734886169434
                ],
                [
                    -12.211352586746216,
                    1470.829725265503
                ],
                [
                    -63.077688217163086,
                    551.4365434646606
                ],
                [
                    131.581112742424,
                    423.7074851989746
                ],
                [
                    397.6038694381714,
                    649.5819091796875
                ],
                [
                    173.07227849960327,
                    716.2904143333435
                ],
                [
                    69.37652826309204,
                    876.6921758651733
                ]
            ],
            "provenance": "visii",
            "quaternion_xyzw": [
                0.09615558385848999,
                0.6041265726089478,
                0.4700549840927124,
                -0.6362654566764832
            ],
            "quaternion_xyzw_world": [
                -0.2030191421508789,
                0.33709073066711426,
                0.9033012986183167,
                0.1708802729845047
            ],
            "segmentation_id": 12,
            "visibility": 0
        },
        {
            "bounding_box_minx_maxx_miny_maxy": [
                -1,
                -1,
                -1,
                -1
            ],
            "class": "Black",
            "local_cuboid": null,
            "local_to_world_matrix": [
                [
                    0.4500741958618164,
                    0.8242177367210388,
                    0.3436543345451355,
                    0.0
                ],
                [
                    0.8739927411079407,
                    -0.4855332374572754,
                    0.01985575258731842,
                    0.0
                ],
                [
                    0.18322105705738068,
                    0.2914147973060608,
                    -0.9388864040374756,
                    0.0
                ],
                [
                    0.2580931782722473,
                    -0.3873114585876465,
                    0.09960497170686722,
                    1.0
                ]
            ],
            "location": [
                0.3873114585876465,
                0.09960497170686722,
                -0.2580931782722473
            ],
            "location_world": [
                0.2580931782722473,
                -0.3873114585876465,
                0.09960497170686722
            ],
            "name": "google_Black_Elderberry_Syrup_54_oz_Gaia_Herbs_12",
            "projected_cuboid": [
                [
                    932.2847127914429,
                    310.94324588775635
                ],
                [
                    876.8656849861145,
                    299.01981353759766
                ],
                [
                    1019.0262794494629,
                    26.332169771194458
                ],
                [
                    1110.4074716567993,
                    -17.902642488479614
                ],
                [
                    1119.1394329071045,
                    365.48566818237305
                ],
                [
                    1026.5111923217773,
                    343.068391084671
                ],
                [
                    1196.836233139038,
                    48.83229732513428
                ],
                [
                    1340.779423713684,
                    4.709333181381226
                ],
                [
                    1064.4004344940186,
                    180.04634976387024
                ]
            ],
            "provenance": "visii",
            "quaternion_xyzw": [
                0.29118189215660095,
                0.7119154930114746,
                -0.6366201639175415,
                0.05571569502353668
            ],
            "quaternion_xyzw_world": [
                0.8477166295051575,
                0.5008190274238586,
                0.1553807556629181,
                -0.08008544892072678
            ],
            "segmentation_id": 13,
            "visibility": 0
        },
        {
            "bounding_box_minx_maxx_miny_maxy": [
                -1,
                -1,
                -1,
                -1
            ],
            "class": "Razer",
