{
    "camera_data": {
        "camera_look_at": {
            "at": [
                1.0,
                0.0,
                0.0
            ],
            "eye": [
                0.0,
                0.0,
                0.0
            ],
            "up": [
                0.0,
                0.0,
                1.0
            ]
        },
        "camera_view_matrix": [
            [
                0.0,
                0.0,
                -1.0,
                0.0
            ],
            [
                -1.0,
                0.0,
                0.0,
                0.0
            ],
            [
                0.0,
                1.0,
                0.0,
                0.0
            ],
            [
                0.0,
                0.0,
                0.0,
                1.0
            ]
        ],
        "height": 500,
        "intrinsics": {
            "cx": 250.0,
            "cy": 250.0,
            "fx": 603.5535278320312,
            "fy": 603.5535278320312
        },
        "location_world": [
            0.0,
            0.0,
            0.0
        ],
        "quaternion_world_xyzw": [
            0.5,
            -0.5,
            -0.5,
            0.5
        ],
        "width": 500
    },
    "objects": [
        {
            "bounding_box_minx_maxx_miny_maxy": [
                -1,
                -1,
                -1,
                -1
            ],
            "class": "Reebok",
            "local_cuboid": null,
            "local_to_world_matrix": [
                [
                    0.6297116875648499,
                    0.6800757050514221,
                    0.37544670701026917,
                    0.0
                ],
                [
                    -0.7595637440681458,
                    0.43770015239715576,
                    0.48112523555755615,
                    0.0
                ],
                [
                    0.16286852955818176,
                    -0.5881458520889282,
                    0.7921857237815857,
                    0.0
                ],
                [
                    0.5305325388908386,
                    0.21577616035938263,
                    0.2856065332889557,
                    1.0
                ]
            ],
            "location": [
                -0.21577616035938263,
                0.2856065332889557,
                -0.5305325388908386
            ],
            "location_world": [
                0.5305325388908386,
                0.21577616035938263,
                0.2856065332889557
            ],
            "name": "google_Reebok_SOMERSET_RUN_0",
            "projected_cuboid": [
                [
                    144.34781670570374,
                    -34.610241651535034
                ],
                [
                    -68.36491823196411,
                    -347.45824337005615
                ],
                [
                    -172.18375205993652,
                    -250.27692317962646
                ],
                [
                    80.54400980472565,
                    39.40865397453308
                ],
                [
                    206.44842088222504,
                    -26.055216789245605
                ],
                [
                    -9.52601432800293,
                    -389.3839716911316
                ],
                [
                    -129.66763973236084,
                    -276.27551555633545
                ],
                [
                    137.100949883461,
                    56.90905451774597
                ],
                [
                    46.953022480010986,
                    -120.50661444664001
                ]
            ],
            "provenance": "visii",
            "quaternion_xyzw": [
                -0.020417790859937668,
                0.7622449398040771,
                0.508940577507019,
                0.3994312286376953
            ],
            "quaternion_xyzw_world": [
                0.31615889072418213,
                -0.06285447627305984,
                0.42566826939582825,
                0.8455172181129456
            ],
            "segmentation_id": 1,
            "visibility": 0
        },
        {
            "bounding_box_minx_maxx_miny_maxy": [
                -1,
                -1,
                -1,
                -1
            ],
            "class": "Breyer",
            "local_cuboid": null,
            "local_to_world_matrix": [
                [
                    -0.6731812953948975,
                    -0.06448006629943848,
                    -0.736660897731781,
                    0.0
                ],
                [
                    -0.4619877338409424,
                    0.8145239353179932,
                    0.3508818745613098,
                    0.0
                ],
                [
                    0.5774030089378357,
                    0.5765354037284851,
                    -0.5781112909317017,
                    0.0
                ],
                [
                    0.22417350113391876,
                    -0.00029577850364148617,
                    -0.39280563592910767,
                    1.0
                ]
            ],
            "location": [
                0.00029577850364148617,
                -0.39280563592910767,
                -0.22417350113391876
            ],
            "location_world": [
                0.22417350113391876,
                -0.00029577850364148617,
                -0.39280563592910767
            ],
            "name": "google_Breyer_Horse_Of_The_Year_2015_1",
            "projected_cuboid": [
                [
                    96.43644094467163,
                    1672.8832721710205
                ],
                [
                    -52.792906761169434,
                    1791.0828590393066
                ],
                [
                    152.74560451507568,
                    2433.2168102264404
                ],
                [
                    351.5670895576477,
                    2137.9361152648926
                ],
                [
                    133.70883464813232,
                    861.9250059127808
                ],
                [
                    49.380600452423096,
                    872.8926777839661
                ],
                [
                    174.30804669857025,
                    878.6722421646118
                ],
                [
                    271.9005346298218,
                    864.0932440757751
                ],
                [
                    138.3543312549591,
                    1245.363712310791
                ]
            ],
            "provenance": "visii",
            "quaternion_xyzw": [
                -0.5681111812591553,
                0.6826062202453613,
                -0.04252949357032776,
                -0.4577004909515381
            ],
            "quaternion_xyzw_world": [
                -0.15033799409866333,
                0.87547367811203,
                0.264833003282547,
                0.3752436935901642
            ],
            "segmentation_id": 2,
            "visibility": 0
        },
        {
            "bounding_box_minx_maxx_miny_maxy": [
                273,
                363,
                14,
                127
            ],
            "class": "Smith",
            "local_cuboid": null,
            "local_to_world_matrix": [
                [
                    0.4026130437850952,
                    0.715236246585846,
                    0.5712616443634033,
                    0.0
                ],
                [
                    0.776649534702301,
                    -0.597217321395874,
                    0.2003673017024994,
                    0.0
                ],
                [
                    0.4844772517681122,
                    0.36299964785575867,
                    -0.7959353923797607,
                    0.0
                ],
                [
                    1.6517653465270996,
                    -0.13557487726211548,
                    0.6373501420021057,
                    1.0
                ]
            ],
            "location": [
                0.13557487726211548,
                0.6373501420021057,
                -1.6517653465270996
            ],
            "location_world": [
                1.6517653465270996,
                -0.13557487726211548,
                0.6373501420021057
            ],
            "name": "google_Smith_Hawken_Woven_BasketTray_Organizer_with_3_Compartments_95_x_9_x_13_2",
            "projected_cuboid": [
                [
                    191.77938997745514,
                    77.77802646160126
                ],
                [
                    245.25779485702515,
                    79.46854829788208
                ],
                [
                    277.21941471099854,
                    -3.5355687141418457
                ],
                [
                    223.3886420726776,
                    -15.588879585266113
                ],
                [
                    283.37451815605164,
                    139.57872986793518
                ],
                [
                    331.0181200504303,
                    134.56934690475464
                ],
                [
                    372.40269780158997,
                    48.65548014640808
                ],
                [
                    326.16138458251953,
                    42.48005151748657
                ],
                [
                    280.1040709018707,
                    63.537076115608215
                ]
            ],
            "provenance": "visii",
            "quaternion_xyzw": [
                0.3771185874938965,
                0.7746096849441528,
                -0.5075410604476929,
                0.012784942984580994
            ],
            "quaternion_xyzw_world": [
                0.8360271453857422,
                0.4461236000061035,
                0.3157011568546295,
                -0.04863249510526657
            ],
            "segmentation_id": 3,
            "visibility": 1
        },
        {
            "bounding_box_minx_maxx_miny_maxy": [
                327,
                499,
                133,
                303
            ],
            "class": "Paul",
            "local_cuboid": null,
            "local_to_world_matrix": [
                [
                    -0.1513063907623291,
                    0.7427775859832764,
                    -0.6522178649902344,
                    0.0
                ],
                [
                    -0.986984372138977,
                    -0.07715511322021484,
                    0.1410999894142151,
                    0.0
                ],
                [
                    0.05448406934738159,
                    0.6650781035423279,
                    0.7447836399078369,
                    0.0
                ],
                [
                    1.0129952430725098,
                    -0.3470986783504486,
                    -0.021520104259252548,
                    1.0
                ]
            ],
            "location": [
                0.3470986783504486,
                -0.021520104259252548,
                -1.0129952430725098
            ],
            "location_world": [
                1.0129952430725098,
                -0.3470986783504486,
                -0.021520104259252548
            ],
            "name": "google_Paul_Frank_Dot_Lunch_Box_3",
            "projected_cuboid": [
                [
                    301.5638589859009,
                    217.2650545835495
                ],
                [
                    312.6082718372345,
                    203.95302772521973
                ],
                [
                    412.56678104400635,
                    314.32825326919556
                ],
                [
                    391.21195673942566,
                    316.5636360645294
                ],
                [
                    407.17625617980957,
                    124.07398223876953
                ],
                [
                    429.11505699157715,
                    101.29216313362122
                ],
                [
                    526.5098810195923,
                    205.85142076015472
                ],
                [
                    494.7637617588043,
                    218.6436951160431
                ],
                [
                    409.66129302978516,
                    211.78023517131805
                ]
            ],
            "provenance": "visii",
            "quaternion_xyzw": [
                -0.20652279257774353,
                0.696125328540802,
                0.621931254863739,
                -0.2931886911392212
            ],
            "quaternion_xyzw_world": [
                -0.21275869011878967,
                0.28695279359817505,
                0.7023612260818481,
                0.6156952977180481
            ],
            "segmentation_id": 4,
            "visibility": 1
        },
        {
            "bounding_box_minx_maxx_miny_maxy": [
                -1,
                -1,
                -1,
                -1
            ],
            "class": "Toys",
            "local_cuboid": null,
            "local_to_world_matrix": [
                [
                    0.6021769046783447,
                    -0.3219332695007324,
                    -0.7305764555931091,
                    0.0
                ],
                [
                    -0.6609764695167542,
                    0.31219661235809326,
                    -0.6823806762695312,
                    0.0
                ],
                [
                    0.4477645754814148,
                    0.8938077688217163,
                    -0.024792790412902832,
                    0.0
                ],
                [
                    0.46350452303886414,
                    -0.44700437784194946,
                    -0.27548161149024963,
                    1.0
                ]
            ],
            "location": [
                0.44700437784194946,
                -0.27548161149024963,
                -0.46350452303886414
            ],
            "location_world": [
                0.46350452303886414,
                -0.44700437784194946,
                -0.27548161149024963
            ],
            "name": "google_Toys_R_Us_Treat_Dispenser_Smart_Puzzle_Foobler_4",
            "projected_cuboid": [
                [
                    593.9427018165588,
                    521.5486288070679
                ],
                [
                    605.286717414856,
                    693.9481496810913
                ],
                [
                    838.7373685836792,
                    755.3800344467163
                ],
                [
                    783.6651802062988,
                    550.7199764251709
                ],
                [
                    597.637414932251,
                    441.536009311676
                ],
                [
                    612.2771501541138,
                    632.1607828140259
                ],
                [
                    906.4653515815735,
                    697.6308822631836
                ],
                [
                    825.6935477256775,
                    464.76396918296814
                ],
                [
                    708.8316679000854,
                    586.2796306610107
                ]
            ],
            "provenance": "visii",
            "quaternion_xyzw": [
                -0.7829557657241821,
                0.33296042680740356,
                0.4776722192764282,
                -0.21896804869174957
            ],
            "quaternion_xyzw_world": [
                -0.5733177661895752,
                0.4286060035228729,
                0.1233224868774414,
                0.6873101592063904
            ],
            "segmentation_id": 5,
            "visibility": 0
        },
        {
            "bounding_box_minx_maxx_miny_maxy": [
                -1,
                -1,
                -1,
                -1
            ],
            "class": "Tag",
            "local_cuboid": null,
            "local_to_world_matrix": [
                [
                    -0.47227942943573,
                    -0.6911803483963013,
                    -0.54701167345047,
                    0.0
                ],
                [
                    -0.5171552896499634,
                    0.7198244333267212,
                    -0.46303701400756836,
                    0.0
                ],
                [
                    0.7137944102287292,
                    0.064207062125206,
                    -0.6974058151245117,
                    0.0
                ],
                [
                    0.6271032691001892,
                    -0.4805075228214264,
                    0.49931034445762634,
                    1.0
                ]
            ],
            "location": [
                0.4805075228214264,
                0.49931034445762634,
                -0.6271032691001892
            ],
            "location_world": [
                0.6271032691001892,
                -0.4805075228214264,
                0.49931034445762634
            ],
            "name": "google_Tag_Dishtowel_Basket_Weave_Red_18_x_26_5",
            "projected_cuboid": [
                [
                    807.6716661453247,
                    -183.27787518501282
                ],
                [
                    745.9743022918701,
                    -159.8764955997467
                ],
                [
                    771.965503692627,
                    -207.09016919136047
                ],
                [
                    831.1951160430908,
                    -222.60037064552307
                ],
                [
                    653.4905433654785,
                    -211.71587705612183
                ],
                [
                    570.260763168335,
                    -196.7170238494873
                ],
                [
                    585.6060981750488,
                    -239.17868733406067
                ],
                [
                    669.140100479126,
                    -247.65929579734802
                ],
                [
                    702.2675275802612,
                    -209.81141924858093
                ]
            ],
            "provenance": "visii",
            "quaternion_xyzw": [
                -0.8467602729797363,
                0.3740243911743164,
                -0.1204805076122284,
                -0.35859060287475586
            ],
            "quaternion_xyzw_world": [
                -0.3554229736328125,
                0.8499279022216797,
                -0.11731288582086563,
                0.37085679173469543
            ],
            "segmentation_id": 6,
            "visibility": 0
        },
        {
            "bounding_box_minx_maxx_miny_maxy": [
                -1,
                -1,
                -1,
                -1
            ],
            "class": "FRACTION",
            "local_cuboid": null,
            "local_to_world_matrix": [
                [
                    0.5847837924957275,
                    0.23835255205631256,
                    0.7753811478614807,
                    0.0
                ],
                [
                    0.5347927212715149,
                    0.6054343581199646,
                    -0.5894454717636108,
                    0.0
                ],
                [
                    -0.6099382042884827,
                    0.7593663930892944,
                    0.22657907009124756,
                    0.0
                ],
                [
                    1.453373908996582,
                    -0.43310612440109253,
                    -0.4656186103820801,
                    1.0
                ]
            ],
            "location": [
                0.43310612440109253,
                -0.4656186103820801,
                -1.453373908996582
            ],
            "location_world": [
                1.453373908996582,
                -0.43310612440109253,
                -0.4656186103820801
            ],
            "name": "google_FRACTION_FUN_n4h4qte23QR_6",
            "projected_cuboid": [
                [
                    434.46898460388184,
                    390.42654633522034
                ],
                [
                    377.041757106781,
                    425.1580834388733
                ],
                [
                    387.76451349258423,
                    426.0004162788391
                ],
                [
                    444.882869720459,
                    391.96544885635376
                ],
                [
                    467.75567531585693,
                    463.1666839122772
                ],
                [
                    403.84161472320557,
                    495.23359537124634
                ],
                [
                    414.8278832435608,
                    494.84705924987793
                ],
                [
                    478.30113768577576,
                    463.38486671447754
                ],
                [
                    424.5617687702179,
                    443.09747219085693
                ]
            ],
            "provenance": "visii",
            "quaternion_xyzw": [
                -0.43045175075531006,
                -0.09870259463787079,
                0.7806625366210938,
                0.4421934187412262
            ],
            "quaternion_xyzw_world": [
                -0.4338117241859436,
                -0.4455534517765045,
                -0.09534258395433426,
                0.7773025631904602
            ],
            "segmentation_id": 7,
            "visibility": 0
        },
        {
            "bounding_box_minx_maxx_miny_maxy": [
                314,
                397,
                1,
                83
            ],
            "class": "FAIRY",
            "local_cuboid": null,
            "local_to_world_matrix": [
                [
                    -0.06230521202087402,
                    0.1570189893245697,
                    0.9856282472610474,
                    0.0
                ],
                [
                    -0.4516650140285492,
                    0.8762011528015137,
                    -0.16813772916793823,
                    0.0
                ],
                [
                    -0.8900094032287598,
                    -0.4556496739387512,
                    0.016328096389770508,
                    0.0
                ],
                [
                    1.9114341735839844,
                    -0.31415051221847534,
                    0.6358044147491455,
                    1.0
                ]
            ],
            "location": [
                0.31415051221847534,
                0.6358044147491455,
                -1.9114341735839844
            ],
            "location_world": [
                1.9114341735839844,
                -0.31415051221847534,
                0.6358044147491455
            ],
            "name": "google_FAIRY_TALE_BLOCKS_7",
            "projected_cuboid": [
                [
                    425.20827054977417,
                    -18.27189326286316
                ],
                [
                    352.7650833129883,
                    -21.443575620651245
                ],
                [
                    308.4219992160797,
                    8.980974555015564
                ],
                [
                    376.2427270412445,
                    9.977087378501892
                ],
                [
                    436.8738532066345,
                    66.81305170059204
                ],
                [
                    365.9448027610779,
                    69.80404257774353
                ],
                [
                    320.5622136592865,
                    90.23107588291168
                ],
                [
                    387.1196508407593,
                    86.30456030368805
                ],
                [
                    371.52397632598877,
                    37.39099204540253
                ]
            ],
            "provenance": "visii",
            "quaternion_xyzw": [
                0.17400382459163666,
                0.15721946954727173,
                0.744171679019928,
                0.6254703402519226
            ],
            "quaternion_xyzw_world": [
                0.10626097023487091,
                -0.6932132244110107,
                0.22496232390403748,
                0.6764288544654846
            ],
            "segmentation_id": 8,
            "visibility": 1
        },
        {
            "bounding_box_minx_maxx_miny_maxy": [
                -1,
                -1,
                -1,
                -1
            ],
            "class": "Great",
            "local_cuboid": null,
            "local_to_world_matrix": [
                [
                    -0.13994848728179932,
                    0.6878629326820374,
                    -0.7122212052345276,
                    0.0
                ],
                [
                    0.8986038565635681,
                    0.39032143354415894,
                    0.20040038228034973,
                    0.0
                ],
                [
                    0.4158431887626648,
                    -0.6119589805603027,
                    -0.672741174697876,
                    0.0
                ],
                [
                    0.7908024787902832,
                    -0.4320375323295593,
                    -0.5570507645606995,
                    1.0
                ]
            ],
            "location": [
                0.4320375323295593,
                -0.5570507645606995,
                -0.7908024787902832
            ],
            "location_world": [
                0.7908024787902832,
                -0.4320375323295593,
                -0.5570507645606995
            ],
            "name": "google_Great_Jones_Wingtip_kAqSg6EgG0I_8",
            "projected_cuboid": [
                [
                    708.572268486023,
                    866.1086559295654
                ],
                [
                    500.3395676612854,
                    649.215817451477
                ],
                [
                    467.659056186676,
                    619.6430921554565
                ],
                [
                    676.9589185714722,
                    839.5959734916687
                ],
                [
                    763.9037370681763,
                    784.7495079040527
                ],
                [
                    543.2249307632446,
                    594.416081905365
                ],
                [
                    513.2472515106201,
                    562.572717666626
                ],
                [
                    737.0132207870483,
                    753.0187368392944
                ],
                [
                    596.0006713867188,
                    691.1719441413879
                ]
            ],
            "provenance": "visii",
            "quaternion_xyzw": [
                -0.3631734549999237,
                0.7589642405509949,
                -0.5175952315330505,
                0.15547850728034973
            ],
            "quaternion_xyzw_world": [
                0.5344322323799133,
                0.7421271800994873,
                -0.13864152133464813,
                0.3800104558467865
            ],
            "segmentation_id": 9,
            "visibility": 0
        },
        {
            "bounding_box_minx_maxx_miny_maxy": [
                100,
                163,
                230,
                277
            ],
            "class": "Ecoforms",
            "local_cuboid": null,
            "local_to_world_matrix": [
                [
                    0.29857343435287476,
                    0.6441766023635864,
                    -0.7041948437690735,
                    0.0
                ],
                [
                    -0.9511421918869019,
                    0.26163041591644287,
                    -0.1639455258846283,
                    0.0
                ],
                [
                    0.07862889766693115,
                    0.7187391519546509,
                    0.6908194422721863,
                    0.0
                ],
                [
                    1.6976126432418823,
                    0.29929545521736145,
                    -0.11349701881408691,
                    1.0
                ]
            ],
            "location": [
                -0.29929545521736145,
                -0.11349701881408691,
                -1.6976126432418823
            ],
            "location_world": [
                1.6976126432418823,
                0.29929545521736145,
                -0.11349701881408691
            ],
            "name": "google_Ecoforms_Plant_Container_Quadra_Sand_QP6_9",
            "projected_cuboid": [
                [
                    99.32024776935577,
                    265.9890353679657
                ],
                [
                    64.58495557308197,
                    279.15292978286743
                ],
                [
                    107.78014361858368,
                    322.3501145839691
                ],
                [
                    138.46829533576965,
                    304.7895133495331
                ],
                [
                    136.23592257499695,
                    220.865860581398
                ],
                [
                    104.45404052734375,
                    229.37394678592682
                ],
                [
                    149.5387852191925,
                    273.70843291282654
                ],
                [
                    176.92643404006958,
                    260.57979464530945
                ],
                [
                    122.58100509643555,
                    269.56459879875183
                ]
            ],
            "provenance": "visii",
            "quaternion_xyzw": [
                -0.38678091764450073,
                0.6242716312408447,
                0.6575509905815125,
                -0.16826239228248596
            ],
            "quaternion_xyzw_world": [
                -0.2941613495349884,
                0.2608819305896759,
                0.53165203332901,
                0.7501705288887024
            ],
            "segmentation_id": 10,
            "visibility": 1
        },
        {
            "bounding_box_minx_maxx_miny_maxy": [
                0,
                70,
                1,
                66
            ],
            "class": "ReadytoUse",
            "local_cuboid": null,
            "local_to_world_matrix": [
                [
                    0.4583318829536438,
                    0.8841428756713867,
                    0.09068208932876587,
                    0.0
                ],
                [
                    0.3646908700466156,
                    -0.2801293134689331,
                    0.8879910707473755,
                    0.0
                ],
                [
                    0.8105137348175049,
                    -0.373923659324646,
                    -0.4508310556411743,
                    0.0
                ],
                [
                    0.9433028697967529,
                    0.3858485221862793,
                    0.42524266242980957,
                    1.0
                ]
            ],
            "location": [
                -0.3858485221862793,
                0.42524266242980957,
                -0.9433028697967529
            ],
            "location_world": [
                0.9433028697967529,
                0.3858485221862793,
                0.42524266242980957
            ],
            "name": "google_ReadytoUse_Rolled_Fondant_Pure_White_24_oz_box_10",
            "projected_cuboid": [
                [
                    39.48761522769928,
                    67.15984642505646
                ],
                [
                    50.302013754844666,
                    46.51719331741333
                ],
                [
                    -16.391396522521973,
                    -28.692394495010376
                ],
                [
                    -29.984235763549805,
                    -6.517261266708374
                ],
                [
                    90.48311412334442,
                    63.76861035823822
                ],
                [
                    101.00488364696503,
                    42.09819436073303
                ],
                [
                    37.78621554374695,
                    -38.30301761627197
                ],
                [
                    24.42792057991028,
                    -14.953404664993286
                ],
                [
                    38.710325956344604,
                    18.978223204612732
                ]
            ],
            "provenance": "visii",
            "quaternion_xyzw": [
                0.09795375168323517,
                0.946394145488739,
                -0.2154286950826645,
                0.219849094748497
            ],
            "quaternion_xyzw_world": [
                0.7398128509521484,
                0.42201003432273865,
                0.30453506112098694,
                0.4264304041862488
            ],
            "segmentation_id": 11,
            "visibility": 1
        },
        {
            "bounding_box_minx_maxx_miny_maxy": [
                -1,
                -1,
                -1,
                -1
            ],
            "class": "Dog",
            "local_cuboid": null,
            "local_to_world_matrix": [
                [
                    -0.9221279621124268,
                    -0.38685646653175354,
                    0.004744313657283783,
                    0.0
                ],
                [
                    0.38227805495262146,
                    -0.9091907739639282,
                    0.1650332659482956,
                    0.0
                ],
                [
                    -0.059530697762966156,
                    0.15399540960788727,
                    0.9862765669822693,
                    0.0
                ],
                [
                    0.2686108946800232,
                    0.04285821318626404,
                    -0.32591429352760315,
                    1.0
                ]
            ],
            "location": [
                -0.04285821318626404,
                -0.32591429352760315,
                -0.2686108946800232
            ],
            "location_world": [
                0.2686108946800232,
                0.04285821318626404,
                -0.32591429352760315
            ],
            "name": "google_Dog_11",
            "projected_cuboid": [
                [
                    -351.6737222671509,
                    1024.988293647766
                ],
                [
                    438.9294981956482,
                    623.0963468551636
                ],
                [
                    522.3239064216614,
                    1208.0605030059814
                ],
                [
                    -144.84483003616333,
                    1907.0544242858887
                ],
                [
                    -123.08505177497864,
                    518.6461806297302
                ],
                [
                    200.84387063980103,
                    423.85995388031006
                ],
                [
                    247.53624200820923,
                    708.7364196777344
                ],
                [
                    -55.19339442253113,
                    860.1714968681335
                ],
                [
                    118.58539283275604,
                    776.7943143844604
                ]
            ],
            "provenance": "visii",
            "quaternion_xyzw": [
                0.5390483736991882,
                0.42386502027511597,
                0.35624462366104126,
                -0.6347087025642395
            ],
            "quaternion_xyzw_world": [
                -0.014019990339875221,
                0.0816403403878212,
                0.9769333600997925,
                -0.19682368636131287
            ],
            "segmentation_id": 12,
            "visibility": 0
        },
        {
            "bounding_box_minx_maxx_miny_maxy": [
                -1,
                -1,
                -1,
                -1
            ],
            "class": "Black",
            "local_cuboid": null,
            "local_to_world_matrix": [
                [
                    -0.05018973350524902,
                    0.39981600642204285,
                    -0.915220320224762,
                    0.0
                ],
                [
                    -0.3610561192035675,
                    0.8471350073814392,
                    0.3898727595806122,
                    0.0
                ],
                [
                    0.9311925768852234,
                    0.35001352429389954,
                    0.10183846950531006,
                    0.0
                ],
                [
                    0.2693721354007721,
                    -0.4153607189655304,
                    0.11798331886529922,
                    1.0
                ]
            ],
            "location": [
                0.4153607189655304,
                0.11798331886529922,
                -0.2693721354007721
            ],
            "location_world": [
                0.2693721354007721,
                -0.4153607189655304,
                0.11798331886529922
            ],
            "name": "google_Black_Elderberry_Syrup_54_oz_Gaia_Herbs_12",
            "projected_cuboid": [
                [
                    801.6653060913086,
                    111.24008893966675
                ],
                [
                    754.6690702438354,
                    68.26409697532654
                ],
                [
                    1138.8393640518188,
                    7.487833499908447
                ],
                [
                    1179.2110204696655,
                    75.95852017402649
                ],
                [
                    830.9599161148071,
                    36.44542396068573
                ],
                [
                    785.8855724334717,
                    -10.255634784698486
                ],
                [
                    1182.0346117019653,
                    -111.14296317100525
                ],
                [
                    1218.721628189087,
                    -34.37885642051697
                ],
                [
                    948.5060572624207,
                    25.38961172103882
                ]
            ],
            "provenance": "visii",
            "quaternion_xyzw": [
                -0.5342059135437012,
                0.8247547149658203,
                0.1403128057718277,
                -0.1213098019361496
            ],
            "quaternion_xyzw_world": [
                0.014463094063103199,
                0.6699787974357605,
                0.2760857045650482,
                0.688981831073761
            ],
            "segmentation_id": 13,
            "visibility": 0
        },
        {
            "bounding_box_minx_maxx_miny_maxy": [
                -1,
                -1,
                -1,
                -1
            ],
            "class": "Razer",
