{
    "camera_data": {
        "camera_look_at": {
            "at": [
                1.0,
                0.0,
                0.0
            ],
            "eye": [
                0.0,
                0.0,
                0.0
            ],
            "up": [
                0.0,
                0.0,
                1.0
            ]
        },
        "camera_view_matrix": [
            [
                0.0,
                0.0,
                -1.0,
                0.0
            ],
            [
                -1.0,
                0.0,
                0.0,
                0.0
            ],
            [
                0.0,
                1.0,
                0.0,
                0.0
            ],
            [
                0.0,
                0.0,
                0.0,
                1.0
            ]
        ],
        "height": 500,
        "intrinsics": {
            "cx": 250.0,
            "cy": 250.0,
            "fx": 603.5535278320312,
            "fy": 603.5535278320312
        },
        "location_world": [
            0.0,
            0.0,
            0.0
        ],
        "quaternion_world_xyzw": [
            0.5,
            -0.5,
            -0.5,
            0.5
        ],
        "width": 500
    },
    "objects": [
        {
            "bounding_box_minx_maxx_miny_maxy": [
                210,
                289,
                1,
                69
            ],
            "class": "Reebok",
            "local_cuboid": null,
            "local_to_world_matrix": [
                [
                    -0.1570267677307129,
                    -0.6140566468238831,
                    -0.7734837532043457,
                    0.0
                ],
                [
                    -0.9347386956214905,
                    -0.16037750244140625,
                    0.31708472967147827,
                    0.0
                ],
                [
                    -0.3187572956085205,
                    0.7727959752082825,
                    -0.5487989187240601,
                    0.0
                ],
                [
                    0.7342879772186279,
                    -0.03430357947945595,
                    0.34357795119285583,
                    1.0
                ]
            ],
            "location": [
                0.03430357947945595,
                0.34357795119285583,
                -0.7342879772186279
            ],
            "location_world": [
                0.7342879772186279,
                -0.03430357947945595,
                0.34357795119285583
            ],
            "name": "google_Reebok_SOMERSET_RUN_0",
            "projected_cuboid": [
                [
                    217.6991105079651,
                    111.15758121013641
                ],
                [
                    253.02797555923462,
                    -59.196531772613525
                ],
                [
                    344.8185622692108,
                    -105.08030652999878
                ],
                [
                    281.8859815597534,
                    72.51885533332825
                ],
                [
                    168.75815391540527,
                    51.573723554611206
                ],
                [
                    179.47685718536377,
                    -142.10185408592224
                ],
                [
                    273.07331562042236,
                    -181.58555030822754
                ],
                [
                    233.71048271656036,
                    16.21885597705841
                ],
                [
                    241.15456640720367,
                    -12.842714786529541
                ]
            ],
            "provenance": "visii",
            "quaternion_xyzw": [
                0.49452364444732666,
                -0.3099479079246521,
                -0.3112940788269043,
                0.7499830722808838
            ],
            "quaternion_xyzw_world": [
                0.6229264736175537,
                -0.6215803027153015,
                -0.43835070729255676,
                -0.18289126455783844
            ],
            "segmentation_id": 1,
            "visibility": 1
        },
        {
            "bounding_box_minx_maxx_miny_maxy": [
                -1,
                -1,
                -1,
                -1
            ],
            "class": "Breyer",
            "local_cuboid": null,
            "local_to_world_matrix": [
                [
                    -0.01519763469696045,
                    0.026221781969070435,
                    0.9995405673980713,
                    0.0
                ],
                [
                    0.5790795087814331,
                    -0.8147122859954834,
                    0.030177712440490723,
                    0.0
                ],
                [
                    0.8151293992996216,
                    0.5792720913887024,
                    -0.002802729606628418,
                    0.0
                ],
                [
                    0.21518097817897797,
                    0.03522777184844017,
                    -0.3963565230369568,
                    1.0
                ]
            ],
            "location": [
                -0.03522777184844017,
                -0.3963565230369568,
                -0.21518097817897797
            ],
            "location_world": [
                0.21518097817897797,
                0.03522777184844017,
                -0.3963565230369568
            ],
            "name": "google_Breyer_Horse_Of_The_Year_2015_1",
            "projected_cuboid": [
                [
                    -19.76907253265381,
                    770.3168988227844
                ],
                [
                    84.46736633777618,
                    718.9148664474487
                ],
                [
                    225.15885531902313,
                    968.2866334915161
                ],
                [
                    79.41830158233643,
                    1093.308687210083
                ],
                [
                    -5.758017301559448,
                    1188.9512538909912
                ],
                [
                    96.17473185062408,
                    1099.4266271591187
                ],
                [
                    240.94432592391968,
                    1545.3553199768066
                ],
                [
                    100.30204057693481,
                    1762.7933025360107
                ],
                [
                    90.2063399553299,
                    1097.24760055542
                ]
            ],
            "provenance": "visii",
            "quaternion_xyzw": [
                0.6630855798721313,
                0.684019148349762,
                -0.21267029643058777,
                -0.2172708809375763
            ],
            "quaternion_xyzw_world": [
                0.6712520718574524,
                0.22543738782405853,
                0.6758526563644409,
                -0.20450378954410553
            ],
            "segmentation_id": 2,
            "visibility": 0
        },
        {
            "bounding_box_minx_maxx_miny_maxy": [
                202,
                345,
                1,
                78
            ],
            "class": "Smith",
            "local_cuboid": null,
            "local_to_world_matrix": [
                [
                    -0.11572062969207764,
                    0.9924793243408203,
                    0.03992077708244324,
                    0.0
                ],
                [
                    -0.7154080867767334,
                    -0.11116111278533936,
                    0.689807653427124,
                    0.0
                ],
                [
                    0.6890573501586914,
                    0.051265329122543335,
                    0.7228912711143494,
                    0.0
                ],
                [
                    1.4066836833953857,
                    -0.04009553790092468,
                    0.5042551755905151,
                    1.0
                ]
            ],
            "location": [
                0.04009553790092468,
                0.5042551755905151,
                -1.4066836833953857
            ],
            "location_world": [
                1.4066836833953857,
                -0.04009553790092468,
                0.5042551755905151
            ],
            "name": "google_Smith_Hawken_Woven_BasketTray_Organizer_with_3_Compartments_95_x_9_x_13_2",
            "projected_cuboid": [
                [
                    189.3760710954666,
                    26.821255683898926
                ],
                [
                    193.50124895572662,
                    -73.34756851196289
                ],
                [
                    191.8436586856842,
                    -29.052704572677612
                ],
                [
                    187.40853667259216,
                    78.13890278339386
                ],
                [
                    317.4915611743927,
                    37.37455606460571
                ],
                [
                    337.0056748390198,
                    -58.770328760147095
                ],
                [
                    355.27461767196655,
                    -13.839542865753174
                ],
                [
                    331.1731517314911,
                    88.56858313083649
                ],
                [
                    263.27189803123474,
                    8.709833025932312
                ]
            ],
            "provenance": "visii",
            "quaternion_xyzw": [
                0.0411415696144104,
                0.9180610775947571,
                0.3916676640510559,
                -0.04547244310379028
            ],
            "quaternion_xyzw_world": [
                0.26103124022483826,
                0.26536211371421814,
                0.6981713771820068,
                0.6115573644638062
            ],
            "segmentation_id": 3,
            "visibility": 1
        },
        {
            "bounding_box_minx_maxx_miny_maxy": [
                -1,
                -1,
                -1,
                -1
            ],
            "class": "Paul",
            "local_cuboid": null,
            "local_to_world_matrix": [
                [
                    -0.04543709754943848,
                    0.11461740732192993,
                    -0.9923700094223022,
                    0.0
                ],
                [
                    -0.8318601846694946,
                    -0.5543785095214844,
                    -0.02594202756881714,
                    0.0
                ],
                [
                    -0.5531221628189087,
                    0.8243343830108643,
                    0.12053501605987549,
                    0.0
                ],
                [
                    0.9707828760147095,
                    -0.32299092411994934,
                    -0.03276820480823517,
                    1.0
                ]
            ],
            "location": [
                0.32299092411994934,
                -0.03276820480823517,
                -0.9707828760147095
            ],
            "location_world": [
                0.9707828760147095,
                -0.32299092411994934,
                -0.03276820480823517
            ],
            "name": "google_Paul_Frank_Dot_Lunch_Box_3",
            "projected_cuboid": [
                [
                    309.3743324279785,
                    342.16585755348206
                ],
                [
                    361.72857880592346,
                    354.7539412975311
                ],
                [
                    471.63647413253784,
                    358.4890067577362
                ],
                [
                    416.16445779800415,
                    347.168892621994
                ],
                [
                    328.9784789085388,
                    164.30798172950745
                ],
                [
                    382.743239402771,
                    156.83665871620178
                ],
                [
                    488.3451759815216,
                    187.7821981906891
                ],
                [
                    432.0547878742218,
                    191.59558415412903
                ],
                [
                    401.3538062572479,
                    262.8226578235626
                ]
            ],
            "provenance": "visii",
            "quaternion_xyzw": [
                -0.29925012588500977,
                0.3659075200557709,
                0.6507076025009155,
                -0.5942564010620117
            ],
            "quaternion_xyzw_world": [
                -0.5891532897949219,
                0.3043532073497772,
                0.6558107137680054,
                0.36080440878868103
            ],
            "segmentation_id": 4,
            "visibility": 0
        },
        {
            "bounding_box_minx_maxx_miny_maxy": [
                -1,
                -1,
                -1,
                -1
            ],
            "class": "Toys",
            "local_cuboid": null,
            "local_to_world_matrix": [
                [
                    0.7760518789291382,
                    -0.6265453696250916,
                    -0.0720023512840271,
                    0.0
                ],
                [
                    -0.5089115500450134,
                    -0.5547003746032715,
                    -0.6582679152488708,
                    0.0
                ],
                [
                    0.37249496579170227,
                    0.5474929213523865,
                    -0.7493324279785156,
                    0.0
                ],
                [
                    0.3597450852394104,
                    -0.5367744565010071,
                    0.26194003224372864,
                    1.0
                ]
            ],
            "location": [
                0.5367744565010071,
                0.26194003224372864,
                -0.3597450852394104
            ],
            "location_world": [
                0.3597450852394104,
                -0.5367744565010071,
                0.26194003224372864
            ],
            "name": "google_Toys_R_Us_Treat_Dispenser_Smart_Puzzle_Foobler_4",
            "projected_cuboid": [
                [
                    786.2923741340637,
                    25.37575364112854
                ],
                [
                    999.9568462371826,
                    124.86962974071503
                ],
                [
                    1245.8395957946777,
                    -76.28640532493591
                ],
                [
                    963.594377040863,
                    -153.84116768836975
                ],
                [
                    801.1541366577148,
                    -59.71387028694153
                ],
                [
                    1099.243402481079,
                    56.40712380409241
                ],
                [
                    1480.2435636520386,
                    -252.48754024505615
                ],
                [
                    1043.7942743301392,
                    -316.7952299118042
                ],
                [
                    1019.0838575363159,
                    -67.83568859100342
                ]
            ],
            "provenance": "visii",
            "quaternion_xyzw": [
                0.8150625824928284,
                0.1480555236339569,
                -0.4059641361236572,
                0.3859347403049469
            ],
            "quaternion_xyzw_world": [
                0.8775085210800171,
                -0.32348886132240295,
                0.08560959994792938,
                -0.3435182571411133
            ],
            "segmentation_id": 5,
            "visibility": 0
        },
        {
            "bounding_box_minx_maxx_miny_maxy": [
                377,
                413,
                1,
                18
            ],
            "class": "Tag",
            "local_cuboid": null,
            "local_to_world_matrix": [
                [
                    -0.009464740753173828,
                    0.9522114396095276,
                    0.30529358983039856,
                    0.0
                ],
                [
                    -0.29495853185653687,
                    0.2890642285346985,
                    -0.9107367992401123,
                    0.0
                ],
                [
                    -0.9554634094238281,
                    -0.0986686646938324,
                    0.2781267762184143,
                    0.0
                ],
                [
                    1.0890170335769653,
                    -0.32900863885879517,
                    0.4983246922492981,
                    1.0
                ]
            ],
            "location": [
                0.32900863885879517,
                0.4983246922492981,
                -1.0890170335769653
            ],
            "location_world": [
                1.0890170335769653,
                -0.32900863885879517,
                0.4983246922492981
            ],
            "name": "google_Tag_Dishtowel_Basket_Weave_Red_18_x_26_5",
            "projected_cuboid": [
                [
                    407.99224376678467,
                    -104.69841957092285
                ],
                [
                    378.79928946495056,
                    -3.086864948272705
                ],
                [
                    372.75993824005127,
                    10.46183705329895
                ],
                [
                    401.45665407180786,
                    -88.96493911743164
                ],
                [
                    497.5847005844116,
                    -75.37409663200378
                ],
                [
                    474.4616150856018,
                    28.048738837242126
                ],
                [
                    465.4133915901184,
                    40.59436917304993
                ],
                [
                    488.40463161468506,
                    -60.53188443183899
                ],
                [
                    436.2502098083496,
                    -33.19734334945679
                ]
            ],
            "provenance": "visii",
            "quaternion_xyzw": [
                0.027668654918670654,
                0.14663851261138916,
                0.977037787437439,
                0.15208160877227783
            ],
            "quaternion_xyzw_world": [
                -0.32532453536987305,
                -0.5050747990608215,
                0.49963170289993286,
                0.62404465675354
            ],
            "segmentation_id": 6,
            "visibility": 1
        },
        {
            "bounding_box_minx_maxx_miny_maxy": [
                -1,
                -1,
                -1,
                -1
            ],
            "class": "FRACTION",
            "local_cuboid": null,
            "local_to_world_matrix": [
                [
                    -0.6101405620574951,
                    0.009445101022720337,
                    0.792236864566803,
                    0.0
                ],
                [
                    0.7017171382904053,
                    -0.4578235149383545,
                    0.5458850860595703,
                    0.0
                ],
                [
                    0.3678606152534485,
                    0.8889929056167603,
                    0.2727089524269104,
                    0.0
                ],
                [
                    1.2507644891738892,
                    -0.5925382971763611,
                    0.10151585191488266,
                    1.0
                ]
            ],
            "location": [
                0.5925382971763611,
                0.10151585191488266,
                -1.2507644891738892
            ],
            "location_world": [
                1.2507644891738892,
                -0.5925382971763611,
                0.10151585191488266
            ],
            "name": "google_FRACTION_FUN_n4h4qte23QR_6",
            "projected_cuboid": [
                [
                    518.0829763412476,
                    180.96745014190674
                ],
                [
                    531.1183929443359,
                    139.4343376159668
                ],
                [
                    553.2932281494141,
                    143.72822642326355
                ],
                [
                    542.6744818687439,
                    186.35675311088562
                ],
                [
                    496.0283637046814,
                    253.65185737609863
                ],
                [
                    510.1698637008667,
                    208.36332440376282
                ],
                [
                    530.369222164154,
                    213.13244104385376
                ],
                [
                    518.2094573974609,
                    259.52163338661194
                ],
                [
                    524.7714519500732,
                    198.4776258468628
                ]
            ],
            "provenance": "visii",
            "quaternion_xyzw": [
                0.4507023096084595,
                0.6933957934379578,
                -0.15467654168605804,
                -0.5405042767524719
            ],
            "quaternion_xyzw_world": [
                0.3791351914405823,
                0.46893712878227234,
                0.764962911605835,
                -0.22624367475509644
            ],
            "segmentation_id": 7,
            "visibility": 0
        },
        {
            "bounding_box_minx_maxx_miny_maxy": [
                345,
                383,
                50,
                111
            ],
            "class": "FAIRY",
            "local_cuboid": null,
            "local_to_world_matrix": [
                [
                    -0.560455322265625,
                    0.007746204733848572,
                    -0.8281488418579102,
                    0.0
                ],
                [
                    -0.16312862932682037,
                    -0.981399416923523,
                    0.10121871531009674,
                    0.0
                ],
                [
                    -0.8119603395462036,
                    0.19182328879833221,
                    0.5512934923171997,
                    0.0
                ],
                [
                    1.7711122035980225,
                    -0.39066725969314575,
                    0.3267516493797302,
                    1.0
                ]
            ],
            "location": [
                0.39066725969314575,
                0.3267516493797302,
                -1.7711122035980225
            ],
            "location_world": [
                1.7711122035980225,
                -0.39066725969314575,
                0.3267516493797302
            ],
            "name": "google_FAIRY_TALE_BLOCKS_7",
            "projected_cuboid": [
                [
                    334.89057421684265,
                    119.57401037216187
                ],
                [
                    442.1021640300751,
                    105.0061285495758
                ],
                [
                    436.76212430000305,
                    164.8387908935547
                ],
                [
                    340.95698595046997,
                    176.37354135513306
                ],
                [
                    328.5675644874573,
                    56.680917739868164
                ],
                [
                    426.52252316474915,
                    41.687414050102234
                ],
                [
                    423.14210534095764,
                    103.26012969017029
                ],
                [
                    334.79684591293335,
                    115.36486446857452
                ],
                [
                    382.65031576156616,
                    110.74535548686981
                ]
            ],
            "provenance": "visii",
            "quaternion_xyzw": [
                0.14060138165950775,
                0.2724907398223877,
                0.6554555892944336,
                -0.6901870965957642
            ],
            "quaternion_xyzw_world": [
                -0.46627527475357056,
                0.08331045508384705,
                0.8793674111366272,
                0.048578906804323196
            ],
            "segmentation_id": 8,
            "visibility": 1
        },
        {
            "bounding_box_minx_maxx_miny_maxy": [
                -1,
                -1,
                -1,
                -1
            ],
            "class": "Great",
            "local_cuboid": null,
            "local_to_world_matrix": [
                [
                    -0.5351228713989258,
                    -0.2885199189186096,
                    -0.7939771413803101,
                    0.0
                ],
                [
                    0.5934702754020691,
                    0.54047691822052,
                    -0.5963872075080872,
                    0.0
                ],
                [
                    0.6011959314346313,
                    -0.7903422713279724,
                    -0.11799347400665283,
                    0.0
                ],
                [
                    0.8156318664550781,
                    -0.00854424200952053,
                    -0.4515138566493988,
                    1.0
                ]
            ],
            "location": [
                0.00854424200952053,
                -0.4515138566493988,
                -0.8156318664550781
            ],
            "location_world": [
                0.8156318664550781,
                -0.00854424200952053,
                -0.4515138566493988
            ],
            "name": "google_Great_Jones_Wingtip_kAqSg6EgG0I_8",
            "projected_cuboid": [
                [
                    407.5484871864319,
                    579.6546936035156
                ],
                [
                    269.23489570617676,
                    633.8031888008118
                ],
                [
                    208.96807312965393,
                    654.4587016105652
                ],
                [
                    344.8266088962555,
                    600.4863977432251
                ],
                [
                    372.5373148918152,
                    490.8396601676941
                ],
                [
                    248.84775280952454,
                    558.127760887146
                ],
                [
                    190.91948866844177,
                    571.9554424285889
                ],
                [
                    311.59505248069763,
                    501.9565224647522
                ],
                [
                    287.9970669746399,
                    575.4056572914124
                ]
            ],
            "provenance": "visii",
            "quaternion_xyzw": [
                -0.7883690595626831,
                0.42316925525665283,
                -0.42031875252723694,
                0.1507786214351654
            ],
            "quaternion_xyzw_world": [
                0.10294876247644424,
                0.7405391931533813,
                -0.4681485891342163,
                0.4709990620613098
            ],
            "segmentation_id": 9,
            "visibility": 0
        },
        {
            "bounding_box_minx_maxx_miny_maxy": [
                3,
                33,
                297,
                324
            ],
            "class": "Ecoforms",
            "local_cuboid": null,
            "local_to_world_matrix": [
                [
                    -0.4545021057128906,
                    -0.2638936936855316,
                    0.850757360458374,
                    0.0
                ],
                [
                    0.8848448991775513,
                    -0.024004459381103516,
                    0.4652668535709381,
                    0.0
                ],
                [
                    -0.10235902667045593,
                    0.9642530679702759,
                    0.2444150447845459,
                    0.0
                ],
                [
                    1.7408437728881836,
                    0.5765500664710999,
                    -0.29685676097869873,
                    1.0
                ]
            ],
            "location": [
                -0.5765500664710999,
                -0.29685676097869873,
                -1.7408437728881836
            ],
            "location_world": [
                1.7408437728881836,
                0.5765500664710999,
                -0.29685676097869873
            ],
            "name": "google_Ecoforms_Plant_Container_Quadra_Sand_QP6_9",
            "projected_cuboid": [
                [
                    -20.802676677703857,
                    332.8065574169159
                ],
                [
                    6.578102707862854,
                    294.6527898311615
                ],
                [
                    63.98053467273712,
                    308.1732392311096
                ],
                [
                    42.877644300460815,
                    347.3288416862488
                ],
                [
                    -24.89691972732544,
                    386.63339614868164
                ],
                [
                    1.576259732246399,
                    345.37065029144287
                ],
                [
                    56.36663734912872,
                    357.7967882156372
                ],
                [
                    35.58419644832611,
                    399.87045526504517
                ],
                [
                    20.811274647712708,
                    346.28263115882874
                ]
            ],
            "provenance": "visii",
            "quaternion_xyzw": [
                0.4172133207321167,
                0.524169385433197,
                -0.30544984340667725,
                -0.6766682267189026
            ],
            "quaternion_xyzw_world": [
                0.2850821614265442,
                0.5445370674133301,
                0.6563005447387695,
                -0.43758103251457214
            ],
            "segmentation_id": 10,
            "visibility": 1
        },
        {
            "bounding_box_minx_maxx_miny_maxy": [
                -1,
                -1,
                -1,
                -1
            ],
            "class": "ReadytoUse",
            "local_cuboid": null,
            "local_to_world_matrix": [
                [
                    0.3453611731529236,
                    -0.1914837658405304,
                    -0.9187271595001221,
                    0.0
                ],
                [
                    -0.13708707690238953,
                    -0.9787557125091553,
                    0.15246227383613586,
                    0.0
                ],
                [
                    -0.928403377532959,
                    0.07329104095697403,
                    -0.364274263381958,
                    0.0
                ],
                [
                    1.033168911933899,
                    0.47482091188430786,
                    0.5078495740890503,
                    1.0
                ]
            ],
            "location": [
                -0.47482091188430786,
                0.5078495740890503,
                -1.033168911933899
            ],
            "location_world": [
                1.033168911933899,
                0.47482091188430786,
                0.5078495740890503
            ],
            "name": "google_ReadytoUse_Rolled_Fondant_Pure_White_24_oz_box_10",
            "projected_cuboid": [
                [
                    -84.73023772239685,
                    -9.256690740585327
                ],
                [
                    -54.796844720840454,
                    -16.264766454696655
                ],
                [
                    -2.2746920585632324,
                    -11.875927448272705
                ],
                [
                    -28.110206127166748,
                    -5.933523178100586
                ],
                [
                    -117.48170852661133,
                    -100.5006730556488
                ],
                [
                    -86.33098006248474,
                    -108.57546329498291
                ],
                [
                    -26.72562003135681,
                    -89.67423439025879
                ],
                [
                    -53.468167781829834,
                    -82.96999335289001
                ],
                [
                    -54.09035086631775,
                    -51.735907793045044
                ]
            ],
            "provenance": "visii",
            "quaternion_xyzw": [
                0.16629654169082642,
                0.09024298191070557,
                -0.6293761730194092,
                0.7537156939506531
            ],
            "quaternion_xyzw_world": [
                0.8198156952857971,
                -0.10019655525684357,
                -0.5632761716842651,
                0.024142999202013016
            ],
            "segmentation_id": 11,
            "visibility": 0
        },
        {
            "bounding_box_minx_maxx_miny_maxy": [
                -1,
                -1,
                -1,
                -1
            ],
            "class": "Dog",
            "local_cuboid": null,
            "local_to_world_matrix": [
                [
                    -0.15012681484222412,
                    -0.49234849214553833,
                    -0.8573534488677979,
                    0.0
                ],
                [
                    -0.43709319829940796,
                    -0.7447779178619385,
                    0.5042374134063721,
                    0.0
                ],
                [
                    -0.8867985010147095,
                    0.450442910194397,
                    -0.10339105129241943,
                    0.0
                ],
                [
                    0.49397939443588257,
                    0.3345459997653961,
                    -0.24617406725883484,
                    1.0
                ]
            ],
            "location": [
                -0.3345459997653961,
                -0.24617406725883484,
                -0.49397939443588257
            ],
            "location_world": [
                0.49397939443588257,
                0.3345459997653961,
                -0.24617406725883484
            ],
            "name": "google_Dog_11",
            "projected_cuboid": [
                [
                    -522.2664475440979,
                    986.8236184120178
                ],
                [
                    -441.6602849960327,
                    999.5855689048767
                ],
                [
                    -36.388009786605835,
                    666.692316532135
                ],
                [
                    -153.24777364730835,
                    710.7219696044922
                ],
                [
                    -634.4597339630127,
                    597.9831218719482
                ],
                [
                    -594.5372581481934,
                    501.3948082923889
                ],
                [
                    -161.82401776313782,
                    380.44095039367676
                ],
                [
                    -252.79605388641357,
                    463.9233350753784
                ],
                [
                    -313.0808472633362,
                    634.9046230316162
                ]
            ],
            "provenance": "visii",
            "quaternion_xyzw": [
                -0.1591482162475586,
                0.1768406629562378,
                0.47175538539886475,
                -0.8490265607833862
            ],
            "quaternion_xyzw_world": [
                -0.6515447497367859,
                0.35663002729415894,
                0.6692371964454651,
                -0.02064114436507225
            ],
            "segmentation_id": 12,
            "visibility": 0
        },
        {
            "bounding_box_minx_maxx_miny_maxy": [
                -1,
                -1,
                -1,
                -1
            ],
            "class": "Black",
            "local_cuboid": null,
            "local_to_world_matrix": [
                [
                    -0.9134310483932495,
                    0.3622877299785614,
                    0.18544891476631165,
                    0.0
                ],
                [
                    0.3452166020870209,
                    0.44833606481552124,
                    0.8245121240615845,
                    0.0
                ],
                [
                    0.2155672013759613,
                    0.8171550035476685,
                    -0.534591794013977,
                    0.0
                ],
                [
                    0.4105626940727234,
                    -0.14510223269462585,
                    0.33861929178237915,
                    1.0
                ]
            ],
            "location": [
                0.14510223269462585,
                0.33861929178237915,
                -0.4105626940727234
            ],
            "location_world": [
                0.4105626940727234,
                -0.14510223269462585,
                0.33861929178237915
            ],
            "name": "google_Black_Elderberry_Syrup_54_oz_Gaia_Herbs_12",
            "projected_cuboid": [
                [
                    293.77254843711853,
                    -110.07505655288696
                ],
                [
                    254.1412115097046,
                    -161.86150908470154
                ],
                [
                    435.787558555603,
                    -313.1222128868103
                ],
                [
                    488.6302351951599,
                    -265.2512788772583
                ],
                [
                    316.072553396225,
                    -55.05645275115967
                ],
                [
                    279.8151969909668,
                    -103.53809595108032
                ],
                [
                    442.0463442802429,
                    -233.05246233940125
                ],
                [
                    488.7223243713379,
                    -187.20951676368713
                ],
                [
                    371.5015947818756,
                    -174.5431125164032
                ]
            ],
            "provenance": "visii",
            "quaternion_xyzw": [
                -0.08480465412139893,
                0.774978518486023,
                -0.28381702303886414,
                -0.5582690238952637
            ],
            "quaternion_xyzw_world": [
                0.20786094665527344,
                0.850934624671936,
                0.482312947511673,
                0.008848588913679123
            ],
            "segmentation_id": 13,
            "visibility": 0
        },
        {
            "bounding_box_minx_maxx_miny_maxy": [
                -1,
                -1,
                -1,
                -1
            ],
