{
    "camera_data": {
        "camera_look_at": {
            "at": [
                1.0,
                0.0,
                0.0
            ],
            "eye": [
                0.0,
                0.0,
                0.0
            ],
            "up": [
                0.0,
                0.0,
                1.0
            ]
        },
        "camera_view_matrix": [
            [
                0.0,
                0.0,
                -1.0,
                0.0
            ],
            [
                -1.0,
                0.0,
                0.0,
                0.0
            ],
            [
                0.0,
                1.0,
                0.0,
                0.0
            ],
            [
                0.0,
                0.0,
                0.0,
                1.0
            ]
        ],
        "height": 500,
        "intrinsics": {
            "cx": 250.0,
            "cy": 250.0,
            "fx": 603.5535278320312,
            "fy": 603.5535278320312
        },
        "location_world": [
            0.0,
            0.0,
            0.0
        ],
        "quaternion_world_xyzw": [
            0.5,
            -0.5,
            -0.5,
            0.5
        ],
        "width": 500
    },
    "objects": [
        {
            "bounding_box_minx_maxx_miny_maxy": [
                89,
                207,
                1,
                75
            ],
            "class": "Reebok",
            "local_cuboid": null,
            "local_to_world_matrix": [
                [
                    -0.29930317401885986,
                    -0.8577183485031128,
                    0.4180155098438263,
                    0.0
                ],
                [
                    -0.7925616502761841,
                    0.4674227833747864,
                    0.3916146755218506,
                    0.0
                ],
                [
                    -0.5312851071357727,
                    -0.21409153938293457,
                    -0.8196957111358643,
                    0.0
                ],
                [
                    0.6099714636802673,
                    0.1357486993074417,
                    0.3096586763858795,
                    1.0
                ]
            ],
            "location": [
                -0.1357486993074417,
                0.3096586763858795,
                -0.6099714636802673
            ],
            "location_world": [
                0.6099714636802673,
                0.1357486993074417,
                0.3096586763858795
            ],
            "name": "google_Reebok_SOMERSET_RUN_0",
            "projected_cuboid": [
                [
                    255.51283359527588,
                    81.42511546611786
                ],
                [
                    59.89342927932739,
                    -179.14655804634094
                ],
                [
                    53.02891135215759,
                    -244.04093623161316
                ],
                [
                    233.87828469276428,
                    15.091359615325928
                ],
                [
                    169.4728136062622,
                    131.58327341079712
                ],
                [
                    -55.85610866546631,
                    -83.5033655166626
                ],
                [
                    -48.294275999069214,
                    -155.6529700756073
                ],
                [
                    155.96559643745422,
                    64.10129368305206
                ],
                [
                    121.50588631629944,
                    -23.148149251937866
                ]
            ],
            "provenance": "visii",
            "quaternion_xyzw": [
                -0.48343008756637573,
                0.02555040828883648,
                -0.26549580693244934,
                -0.8337592482566833
            ],
            "quaternion_xyzw_world": [
                -0.513071596622467,
                0.8041177988052368,
                0.055191900581121445,
                -0.29513728618621826
            ],
            "segmentation_id": 1,
            "visibility": 1
        },
        {
            "bounding_box_minx_maxx_miny_maxy": [
                -1,
                -1,
                -1,
                -1
            ],
            "class": "Breyer",
            "local_cuboid": null,
            "local_to_world_matrix": [
                [
                    -0.19329607486724854,
                    -0.9804880619049072,
                    -0.03577294945716858,
                    0.0
                ],
                [
                    -0.596234917640686,
                    0.14634305238723755,
                    -0.7893589735031128,
                    0.0
                ],
                [
                    0.7791922092437744,
                    -0.13125094771385193,
                    -0.6128888130187988,
                    0.0
                ],
                [
                    0.196218803524971,
                    0.01661514863371849,
                    -0.4508635103702545,
                    1.0
                ]
            ],
            "location": [
                -0.01661514863371849,
                -0.4508635103702545,
                -0.196218803524971
            ],
            "location_world": [
                0.196218803524971,
                0.01661514863371849,
                -0.4508635103702545
            ],
            "name": "google_Breyer_Horse_Of_The_Year_2015_1",
            "projected_cuboid": [
                [
                    489.69197273254395,
                    1296.5149879455566
                ],
                [
                    501.2727975845337,
                    1529.9675464630127
                ],
                [
                    618.3104515075684,
                    2159.8987579345703
                ],
                [
                    577.8048634529114,
                    1661.524772644043
                ],
                [
                    69.49612498283386,
                    1149.0905284881592
                ],
                [
                    33.79105031490326,
                    1333.5829973220825
                ],
                [
                    -158.55640172958374,
                    1701.9989490509033
                ],
                [
                    -75.89247822761536,
                    1367.7401542663574
                ],
                [
                    235.7742339372635,
                    1455.342411994934
                ]
            ],
            "provenance": "visii",
            "quaternion_xyzw": [
                -0.9419447183609009,
                0.048335105180740356,
                -0.08613750338554382,
                -0.32091155648231506
            ],
            "quaternion_xyzw_world": [
                -0.5641918182373047,
                0.6986644268035889,
                -0.32941776514053345,
                0.29161536693573
            ],
            "segmentation_id": 2,
            "visibility": 0
        },
        {
            "bounding_box_minx_maxx_miny_maxy": [
                204,
                344,
                24,
                113
            ],
            "class": "Smith",
            "local_cuboid": null,
            "local_to_world_matrix": [
                [
                    -0.5067689418792725,
                    0.840465247631073,
                    0.19184215366840363,
                    0.0
                ],
                [
                    0.5933611989021301,
                    0.17862308025360107,
                    0.784866988658905,
                    0.0
                ],
                [
                    0.6253860592842102,
                    0.5115779042243958,
                    -0.5892200469970703,
                    0.0
                ],
                [
                    1.5335773229599,
                    -0.10434470325708389,
                    0.5570576786994934,
                    1.0
                ]
            ],
            "location": [
                0.10434470325708389,
                0.5570576786994934,
                -1.5335773229599
            ],
            "location_world": [
                1.5335773229599,
                -0.10434470325708389,
                0.5570576786994934
            ],
            "name": "google_Smith_Hawken_Woven_BasketTray_Organizer_with_3_Compartments_95_x_9_x_13_2",
            "projected_cuboid": [
                [
                    186.45650148391724,
                    119.81053650379181
                ],
                [
                    175.74796080589294,
                    59.25068259239197
                ],
                [
                    222.20657765865326,
                    -24.857699871063232
                ],
                [
                    239.43474888801575,
                    33.74478220939636
                ],
                [
                    299.89418387413025,
                    158.03110599517822
                ],
                [
                    280.9578478336334,
                    100.27174651622772
                ],
                [
                    332.8210115432739,
                    29.261603951454163
                ],
                [
                    358.9338958263397,
                    86.28378808498383
                ],
                [
                    263.4306252002716,
                    72.19018042087555
                ]
            ],
            "provenance": "visii",
            "quaternion_xyzw": [
                0.003665924072265625,
                0.901487410068512,
                -0.3279528021812439,
                -0.28240740299224854
            ],
            "quaternion_xyzw_world": [
                0.4753493666648865,
                0.7540908455848694,
                0.4298039674758911,
                0.14373065531253815
            ],
            "segmentation_id": 3,
            "visibility": 1
        },
        {
            "bounding_box_minx_maxx_miny_maxy": [
                348,
                485,
                140,
                322
            ],
            "class": "Paul",
            "local_cuboid": null,
            "local_to_world_matrix": [
                [
                    -0.5688506364822388,
                    0.41364791989326477,
                    -0.7108476161956787,
                    0.0
                ],
                [
                    -0.7330785989761353,
                    -0.6468335390090942,
                    0.21024325489997864,
                    0.0
                ],
                [
                    -0.37283337116241455,
                    0.6407041549682617,
                    0.6711881160736084,
                    0.0
                ],
                [
                    0.9973923563957214,
                    -0.3369568884372711,
                    -0.03422931581735611,
                    1.0
                ]
            ],
            "location": [
                0.3369568884372711,
                -0.03422931581735611,
                -0.9973923563957214
            ],
            "location_world": [
                0.9973923563957214,
                -0.3369568884372711,
                -0.03422931581735611
            ],
            "name": "google_Paul_Frank_Dot_Lunch_Box_3",
            "projected_cuboid": [
                [
                    318.0961012840271,
                    238.85084688663483
                ],
                [
                    377.78547406196594,
                    220.5413281917572
                ],
                [
                    466.918408870697,
                    329.9228847026825
                ],
                [
                    405.26583790779114,
                    337.58750557899475
                ],
                [
                    372.29782342910767,
                    130.22956252098083
                ],
                [
                    427.0651042461395,
                    105.73595762252808
                ],
                [
                    499.1328716278076,
                    208.8618129491806
                ],
                [
                    443.49849224090576,
                    224.1094559431076
                ],
                [
                    416.07534885406494,
                    222.62042760849
                ]
            ],
            "provenance": "visii",
            "quaternion_xyzw": [
                -0.028615862131118774,
                0.559253454208374,
                0.6277415752410889,
                -0.5407006740570068
            ],
            "quaternion_xyzw_world": [
                -0.31890231370925903,
                0.2504141926765442,
                0.8495399355888367,
                0.337455153465271
            ],
            "segmentation_id": 4,
            "visibility": 1
        },
        {
            "bounding_box_minx_maxx_miny_maxy": [
                -1,
                -1,
                -1,
                -1
            ],
            "class": "Toys",
            "local_cuboid": null,
            "local_to_world_matrix": [
                [
                    0.4347373843193054,
                    -0.860504686832428,
                    -0.2655848264694214,
                    0.0
                ],
                [
                    -0.41493815183639526,
                    0.0703420639038086,
                    -0.9071265459060669,
                    0.0
                ],
                [
                    0.799268364906311,
                    0.5045632123947144,
                    -0.3264758586883545,
                    0.0
                ],
                [
                    0.3284720778465271,
                    -0.4483823776245117,
                    0.050796933472156525,
                    1.0
                ]
            ],
            "location": [
                0.4483823776245117,
                0.050796933472156525,
                -0.3284720778465271
            ],
            "location_world": [
                0.3284720778465271,
                -0.4483823776245117,
                0.050796933472156525
            ],
            "name": "google_Toys_R_Us_Treat_Dispenser_Smart_Puzzle_Foobler_4",
            "projected_cuboid": [
                [
                    767.4508690834045,
                    191.62289798259735
                ],
                [
                    826.0020017623901,
                    369.4898188114166
                ],
                [
                    1181.5701723098755,
                    322.28851318359375
                ],
                [
                    1047.1572875976562,
                    96.69947624206543
                ],
                [
                    666.0858988761902,
                    127.6947557926178
                ],
                [
                    718.0617451667786,
                    326.00560784339905
                ],
                [
                    1114.2497062683105,
                    246.43577635288239
                ],
                [
                    965.3233289718628,
                    -10.770082473754883
                ],
                [
                    884.3975067138672,
                    210.1067155599594
                ]
            ],
            "provenance": "visii",
            "quaternion_xyzw": [
                -0.9443119168281555,
                0.08893436938524246,
                0.24867333471775055,
                -0.19628414511680603
            ],
            "quaternion_xyzw_world": [
                -0.6501675248146057,
                0.49042853713035583,
                -0.20521001517772675,
                0.5428177118301392
            ],
            "segmentation_id": 5,
            "visibility": 0
        },
        {
            "bounding_box_minx_maxx_miny_maxy": [
                -1,
                -1,
                -1,
                -1
            ],
            "class": "Tag",
            "local_cuboid": null,
            "local_to_world_matrix": [
                [
                    0.35207271575927734,
                    -0.869117796421051,
                    0.34738945960998535,
                    0.0
                ],
                [
                    0.9352851510047913,
                    0.31245946884155273,
                    -0.16616597771644592,
                    0.0
                ],
                [
                    0.035872623324394226,
                    0.38341066241264343,
                    0.9228810667991638,
                    0.0
                ],
                [
                    0.8015788197517395,
                    -0.419048547744751,
                    0.4990023672580719,
                    1.0
                ]
            ],
            "location": [
                0.419048547744751,
                0.4990023672580719,
                -0.8015788197517395
            ],
            "location_world": [
                0.8015788197517395,
                -0.419048547744751,
                0.4990023672580719
            ],
            "name": "google_Tag_Dishtowel_Basket_Weave_Red_18_x_26_5",
            "projected_cuboid": [
                [
                    680.3756952285767,
                    -233.75999927520752
                ],
                [
                    534.1038703918457,
                    -96.98212146759033
                ],
                [
                    543.0582761764526,
                    -76.79906487464905
                ],
                [
                    692.284345626831,
                    -207.7253758907318
                ],
                [
                    584.5363140106201,
                    -223.65045547485352
                ],
                [
                    451.9956707954407,
                    -80.05794882774353
                ],
                [
                    461.44407987594604,
                    -58.47463011741638
                ],
                [
                    597.3433256149292,
                    -195.2374279499054
                ],
                [
                    560.2196455001831,
                    -137.55828142166138
                ]
            ],
            "provenance": "visii",
            "quaternion_xyzw": [
                -0.7195757031440735,
                -0.012135565280914307,
                0.2555268406867981,
                0.6455771327018738
            ],
            "quaternion_xyzw_world": [
                -0.17083045840263367,
                -0.09683192521333694,
                -0.5608807802200317,
                0.8042720556259155
            ],
            "segmentation_id": 6,
            "visibility": 0
        },
        {
            "bounding_box_minx_maxx_miny_maxy": [
                -1,
                -1,
                -1,
                -1
            ],
            "class": "FRACTION",
            "local_cuboid": null,
            "local_to_world_matrix": [
                [
                    -0.5126786231994629,
                    0.7503358721733093,
                    0.4173218011856079,
                    0.0
                ],
                [
                    0.8479174971580505,
                    0.5188460350036621,
                    0.10878880321979523,
                    0.0
                ],
                [
                    -0.13489769399166107,
                    0.4096280336380005,
                    -0.9022243022918701,
                    0.0
                ],
                [
                    1.2634962797164917,
                    -0.44282329082489014,
                    -0.6330891847610474,
                    1.0
                ]
            ],
            "location": [
                0.44282329082489014,
                -0.6330891847610474,
                -1.2634962797164917
            ],
            "location_world": [
                1.2634962797164917,
                -0.44282329082489014,
                -0.6330891847610474
            ],
            "name": "google_FRACTION_FUN_n4h4qte23QR_6",
            "projected_cuboid": [
                [
                    467.5677716732025,
                    594.4418907165527
                ],
                [
                    394.7678804397583,
                    542.1102643013
                ],
                [
                    402.4445414543152,
                    522.4233865737915
                ],
                [
                    475.94818472862244,
                    571.7101693153381
                ],
                [
                    516.4862871170044,
                    605.2321791648865
                ],
                [
                    442.74115562438965,
                    555.0481081008911
                ],
                [
                    449.7172236442566,
                    536.5796089172363
                ],
                [
                    524.0186452865601,
                    584.1107368469238
                ],
                [
                    457.73592591285706,
                    562.5718832015991
                ]
            ],
            "provenance": "visii",
            "quaternion_xyzw": [
                -0.038658350706100464,
                0.6565491557121277,
                -0.6664167046546936,
                -0.35119473934173584
            ],
            "quaternion_xyzw_world": [
                0.4665564000606537,
                0.85640949010849,
                0.15133439004421234,
                -0.16120195388793945
            ],
            "segmentation_id": 7,
            "visibility": 0
        },
        {
            "bounding_box_minx_maxx_miny_maxy": [
                345,
                459,
                42,
                124
            ],
            "class": "FAIRY",
            "local_cuboid": null,
            "local_to_world_matrix": [
                [
                    -0.24365973472595215,
                    0.7404054999351501,
                    0.6264423131942749,
                    0.0
                ],
                [
                    -0.9514171481132507,
                    -0.05710899829864502,
                    -0.3025629222393036,
                    0.0
                ],
                [
                    -0.18824386596679688,
                    -0.6697301864624023,
                    0.7183493375778198,
                    0.0
                ],
                [
                    1.8250449895858765,
                    -0.38832154870033264,
                    0.46796125173568726,
                    1.0
                ]
            ],
            "location": [
                0.38832154870033264,
                0.46796125173568726,
                -1.8250449895858765
            ],
            "location_world": [
                1.8250449895858765,
                -0.38832154870033264,
                0.46796125173568726
            ],
            "name": "google_FAIRY_TALE_BLOCKS_7",
            "projected_cuboid": [
                [
                    390.68716764450073,
                    10.235324501991272
                ],
                [
                    418.113112449646,
                    2.8210431337356567
                ],
                [
                    359.83559489250183,
                    67.01208651065826
                ],
                [
                    340.66009521484375,
                    65.83715975284576
                ],
                [
                    443.3887302875519,
                    65.99192321300507
                ],
                [
                    477.71117091178894,
                    67.17723608016968
                ],
                [
                    420.0202226638794,
                    127.56437063217163
                ],
                [
                    393.76842975616455,
                    118.7179684638977
                ],
                [
                    404.7446548938751,
                    66.46378338336945
                ]
            ],
            "provenance": "visii",
            "quaternion_xyzw": [
                0.30574241280555725,
                0.5589272975921631,
                0.7468621730804443,
                0.19057515263557434
            ],
            "quaternion_xyzw_world": [
                0.15419134497642517,
                -0.3421262204647064,
                0.7104783654212952,
                0.5953111052513123
            ],
            "segmentation_id": 8,
            "visibility": 1
        },
        {
            "bounding_box_minx_maxx_miny_maxy": [
                241,
                301,
                455,
                499
            ],
            "class": "Great",
            "local_cuboid": null,
            "local_to_world_matrix": [
                [
                    -0.9201672077178955,
                    -0.38565975427627563,
                    -0.06752181798219681,
                    0.0
                ],
                [
                    -0.32109737396240234,
                    0.6446584463119507,
                    0.6937665939331055,
                    0.0
                ],
                [
                    -0.2240293323993683,
                    0.6600621938705444,
                    -0.7170279026031494,
                    0.0
                ],
                [
                    0.836307942867279,
                    -0.13044479489326477,
                    -0.36927497386932373,
                    1.0
                ]
            ],
            "location": [
                0.13044479489326477,
                -0.36927497386932373,
                -0.836307942867279
            ],
            "location_world": [
                0.836307942867279,
                -0.13044479489326477,
                -0.36927497386932373
            ],
            "name": "google_Great_Jones_Wingtip_kAqSg6EgG0I_8",
            "projected_cuboid": [
                [
                    382.2437524795532,
                    669.4989204406738
                ],
                [
                    229.83142733573914,
                    544.6109771728516
                ],
                [
                    292.1721339225769,
                    467.43708848953247
                ],
                [
                    432.45744705200195,
                    597.7720022201538
                ],
                [
                    339.0165865421295,
                    617.4532175064087
                ],
                [
                    200.48438012599945,
                    501.8874406814575
                ],
                [
                    256.0981512069702,
                    435.44647097587585
                ],
                [
                    384.92316007614136,
                    554.9709796905518
                ],
                [
                    318.1121349334717,
                    550.5080223083496
                ]
            ],
            "provenance": "visii",
            "quaternion_xyzw": [
                -0.34200289845466614,
                0.5205951929092407,
                -0.19013354182243347,
                -0.758857011795044
            ],
            "quaternion_xyzw_world": [
                -0.19506555795669556,
                0.9057943224906921,
                0.37365788221359253,
                -0.04319620504975319
            ],
            "segmentation_id": 9,
            "visibility": 1
        },
        {
            "bounding_box_minx_maxx_miny_maxy": [
                68,
                127,
                282,
                333
            ],
            "class": "Ecoforms",
            "local_cuboid": null,
            "local_to_world_matrix": [
                [
                    0.2003699541091919,
                    0.5791971683502197,
                    -0.7901787757873535,
                    0.0
                ],
                [
                    -0.890661358833313,
                    0.4436769485473633,
                    0.09936308860778809,
                    0.0
                ],
                [
                    0.40813493728637695,
                    0.683872401714325,
                    0.6047680377960205,
                    0.0
                ],
                [
                    1.7209376096725464,
                    0.4135996103286743,
                    -0.1889183074235916,
                    1.0
                ]
            ],
            "location": [
                -0.4135996103286743,
                -0.1889183074235916,
                -1.7209376096725464
            ],
            "location_world": [
                1.7209376096725464,
                0.4135996103286743,
                -0.1889183074235916
            ],
            "name": "google_Ecoforms_Plant_Container_Quadra_Sand_QP6_9",
            "projected_cuboid": [
                [
                    77.31691002845764,
                    304.69879508018494
                ],
                [
                    30.8246910572052,
                    303.4578263759613
                ],
                [
                    63.73968720436096,
                    342.8404629230499
                ],
                [
                    108.92964899539948,
                    340.4731750488281
                ],
                [
                    109.63393747806549,
                    256.89107179641724
                ],
                [
                    65.33600389957428,
                    250.8200705051422
                ],
                [
                    100.4951000213623,
                    288.8927757740021
                ],
                [
                    143.16578209400177,
                    291.5886342525482
                ],
                [
                    87.99399435520172,
                    297.4177300930023
                ]
            ],
            "provenance": "visii",
            "quaternion_xyzw": [
                -0.42707571387290955,
                0.7222698926925659,
                0.517614483833313,
                -0.16735517978668213
            ],
            "quaternion_xyzw_world": [
                -0.19488775730133057,
                0.3995431363582611,
                0.49008193612098694,
                0.7498024702072144
            ],
            "segmentation_id": 10,
            "visibility": 1
        },
        {
            "bounding_box_minx_maxx_miny_maxy": [
                -1,
                -1,
                -1,
                -1
            ],
            "class": "ReadytoUse",
            "local_cuboid": null,
            "local_to_world_matrix": [
                [
                    -0.5499749183654785,
                    0.22989621758460999,
                    0.8029168248176575,
                    0.0
                ],
                [
                    -0.12152928858995438,
                    -0.9731650352478027,
                    0.19539868831634521,
                    0.0
                ],
                [
                    0.8262918591499329,
                    0.009886451065540314,
                    0.5631554126739502,
                    0.0
                ],
                [
                    0.9758599400520325,
                    0.4216856062412262,
                    0.470069020986557,
                    1.0
                ]
            ],
            "location": [
                -0.4216856062412262,
                0.470069020986557,
                -0.9758599400520325
            ],
            "location_world": [
                0.9758599400520325,
                0.4216856062412262,
                0.470069020986557
            ],
            "name": "google_ReadytoUse_Rolled_Fondant_Pure_White_24_oz_box_10",
            "projected_cuboid": [
                [
                    -6.583869457244873,
                    -88.76222372055054
                ],
                [
                    18.7394917011261,
                    -96.00639343261719
                ],
                [
                    -14.492034912109375,
                    -86.3141119480133
                ],
                [
                    -43.33809018135071,
                    -78.06345820426941
                ],
                [
                    22.982284426689148,
                    -17.8849995136261
                ],
                [
                    46.98072373867035,
                    -24.336785078048706
                ],
                [
                    19.869253039360046,
                    -5.365133285522461
                ],
                [
                    -7.2727203369140625,
                    1.8628835678100586
                ],
                [
                    6.14677369594574,
                    -48.62713813781738
                ]
            ],
            "provenance": "visii",
            "quaternion_xyzw": [
                0.5918185710906982,
                0.7502644062042236,
                0.22814780473709106,
                -0.1865547001361847
            ],
            "quaternion_xyzw_world": [
                0.46369028091430664,
                0.058426350355148315,
                0.87839275598526,
                0.10001946985721588
            ],
            "segmentation_id": 11,
            "visibility": 0
        },
        {
            "bounding_box_minx_maxx_miny_maxy": [
                -1,
                -1,
                -1,
                -1
            ],
            "class": "Dog",
            "local_cuboid": null,
            "local_to_world_matrix": [
                [
                    -0.2165694236755371,
                    0.24789248406887054,
                    0.9442706108093262,
                    0.0
                ],
                [
                    -0.7114492058753967,
                    -0.7024167776107788,
                    0.02122873067855835,
                    0.0
                ],
                [
                    0.6685340404510498,
                    -0.6672030687332153,
                    0.3284848928451538,
                    0.0
                ],
                [
                    0.3032204806804657,
                    0.07387866824865341,
                    -0.33384934067726135,
                    1.0
                ]
            ],
            "location": [
                -0.07387866824865341,
                -0.33384934067726135,
                -0.3032204806804657
            ],
            "location_world": [
                0.3032204806804657,
                0.07387866824865341,
                -0.33384934067726135
            ],
            "name": "google_Dog_11",
            "projected_cuboid": [
                [
                    205.3806334733963,
                    450.7463276386261
                ],
                [
                    417.4744486808777,
                    521.051824092865
                ],
                [
                    142.89845526218414,
                    879.4322609901428
                ],
                [
                    -45.58765888214111,
                    643.6564326286316
                ],
                [
                    275.51525831222534,
                    682.5515627861023
                ],
                [
                    484.139621257782,
                    821.7257261276245
                ],
                [
                    296.369343996048,
                    1264.5071744918823
                ],
                [
                    80.3120881319046,
                    929.283857345581
                ],
                [
                    237.5941127538681,
                    738.8486862182617
                ]
            ],
            "provenance": "visii",
            "quaternion_xyzw": [
                0.5914838910102844,
                0.6959984302520752,
                0.37354040145874023,
                0.16186591982841492
            ],
            "quaternion_xyzw_world": [
                0.537903904914856,
                -0.2154458910226822,
                0.7495784163475037,
                0.31996041536331177
            ],
            "segmentation_id": 12,
            "visibility": 0
        },
        {
            "bounding_box_minx_maxx_miny_maxy": [
                -1,
                -1,
                -1,
                -1
            ],
            "class": "Black",
            "local_cuboid": null,
            "local_to_world_matrix": [
                [
                    0.5563284158706665,
                    -0.6974598169326782,
                    0.45171719789505005,
                    0.0
                ],
                [
                    0.315364807844162,
                    -0.3257218599319458,
                    -0.8913193941116333,
                    0.0
                ],
                [
                    0.7687936425209045,
                    0.6383219957351685,
                    0.038745999336242676,
                    0.0
                ],
                [
                    0.29077214002609253,
                    -0.45100271701812744,
                    0.19719962775707245,
                    1.0
                ]
            ],
            "location": [
                0.45100271701812744,
                0.19719962775707245,
                -0.29077214002609253
            ],
            "location_world": [
                0.29077214002609253,
                -0.45100271701812744,
                0.19719962775707245
            ],
            "name": "google_Black_Elderberry_Syrup_54_oz_Gaia_Herbs_12",
            "projected_cuboid": [
                [
                    794.1237688064575,
                    -107.26884007453918
                ],
                [
                    797.5779175758362,
                    -17.34784245491028
                ],
                [
                    1167.8152084350586,
                    -100.99422931671143
                ],
                [
                    1186.267375946045,
                    -229.89270091056824
                ],
                [
                    776.2106657028198,
                    -96.07693552970886
                ],
                [
                    780.7857394218445,
                    0.5387812852859497
                ],
                [
                    1185.837745666504,
                    -85.44138073921204
                ],
                [
                    1207.7629566192627,
                    -228.67551445960999
                ],
                [
                    954.7415971755981,
                    -98.31872582435608
                ]
            ],
            "provenance": "visii",
            "quaternion_xyzw": [
                -0.9161840677261353,
                -0.2121405303478241,
                0.3259853720664978,
                0.09662653505802155
            ],
            "quaternion_xyzw_world": [
                -0.6788417100906372,
                0.1407158076763153,
                -0.44948285818099976,
                0.5633277297019958
            ],
            "segmentation_id": 13,
            "visibility": 0
        },
        {
            "bounding_box_minx_maxx_miny_maxy": [
                -1,
                -1,
                -1,
                -1
            ],
            "class": "Razer",
