{
    "camera_data": {
        "camera_look_at": {
            "at": [
                1.0,
                0.0,
                0.0
            ],
            "eye": [
                0.0,
                0.0,
                0.0
            ],
            "up": [
                0.0,
                0.0,
                1.0
            ]
        },
        "camera_view_matrix": [
            [
                0.0,
                0.0,
                -1.0,
                0.0
            ],
            [
                -1.0,
                0.0,
                0.0,
                0.0
            ],
            [
                0.0,
                1.0,
                0.0,
                0.0
            ],
            [
                0.0,
                0.0,
                0.0,
                1.0
            ]
        ],
        "height": 500,
        "intrinsics": {
            "cx": 250.0,
            "cy": 250.0,
            "fx": 603.5535278320312,
            "fy": 603.5535278320312
        },
        "location_world": [
            0.0,
            0.0,
            0.0
        ],
        "quaternion_world_xyzw": [
            0.5,
            -0.5,
            -0.5,
            0.5
        ],
        "width": 500
    },
    "objects": [
        {
            "bounding_box_minx_maxx_miny_maxy": [
                -1,
                -1,
                -1,
                -1
            ],
            "class": "Reebok",
            "local_cuboid": null,
            "local_to_world_matrix": [
                [
                    -0.5830280780792236,
                    0.06548845767974854,
                    -0.8098084926605225,
                    0.0
                ],
                [
                    -0.6888493895530701,
                    0.48864173889160156,
                    0.535458505153656,
                    0.0
                ],
                [
                    0.43077266216278076,
                    0.8700233101844788,
                    -0.23978018760681152,
                    0.0
                ],
                [
                    0.39821234345436096,
                    0.3638683557510376,
                    0.21152691543102264,
                    1.0
                ]
            ],
            "location": [
                -0.3638683557510376,
                0.21152691543102264,
                -0.39821234345436096
            ],
            "location_world": [
                0.39821234345436096,
                0.3638683557510376,
                0.21152691543102264
            ],
            "name": "google_Reebok_SOMERSET_RUN_0",
            "projected_cuboid": [
                [
                    -214.22913670539856,
                    180.26748299598694
                ],
                [
                    -786.1946821212769,
                    -165.13550281524658
                ],
                [
                    -751.6331672668457,
                    -307.1504235267639
                ],
                [
                    -133.24379920959473,
                    136.73719763755798
                ],
                [
                    -154.067724943161,
                    93.35562586784363
                ],
                [
                    -595.1834917068481,
                    -238.35426568984985
                ],
                [
                    -538.5857820510864,
                    -363.16365003585815
                ],
                [
                    -77.44455337524414,
                    47.03858494758606
                ],
                [
                    -340.80690145492554,
                    -31.802505254745483
                ]
            ],
            "provenance": "visii",
            "quaternion_xyzw": [
                -0.4554738402366638,
                0.7126920223236084,
                0.1575256884098053,
                -0.5097051858901978
            ],
            "quaternion_xyzw_world": [
                -0.20500636100769043,
                0.7601726651191711,
                0.4622245132923126,
                0.4079931974411011
            ],
            "segmentation_id": 1,
            "visibility": 0
        },
        {
            "bounding_box_minx_maxx_miny_maxy": [
                -1,
                -1,
                -1,
                -1
            ],
            "class": "Breyer",
            "local_cuboid": null,
            "local_to_world_matrix": [
                [
                    0.5625675916671753,
                    -0.27866312861442566,
                    -0.7783732414245605,
                    0.0
                ],
                [
                    0.48437878489494324,
                    0.8740688562393188,
                    0.037160977721214294,
                    0.0
                ],
                [
                    0.6699963808059692,
                    -0.3979329466819763,
                    0.6267012357711792,
                    0.0
                ],
                [
                    0.2751055657863617,
                    0.07906704396009445,
                    -0.41174376010894775,
                    1.0
                ]
            ],
            "location": [
                -0.07906704396009445,
                -0.41174376010894775,
                -0.2751055657863617
            ],
            "location_world": [
                0.2751055657863617,
                0.07906704396009445,
                -0.41174376010894775
            ],
            "name": "google_Breyer_Horse_Of_The_Year_2015_1",
            "projected_cuboid": [
                [
                    297.7033853530884,
                    818.7720775604248
                ],
                [
                    228.74261438846588,
                    781.4611196517944
                ],
                [
                    119.89401280879974,
                    1095.632553100586
                ],
                [
                    201.08100771903992,
                    1171.1406707763672
                ],
                [
                    189.7658109664917,
                    704.3706178665161
                ],
                [
                    102.80710458755493,
                    662.0550155639648
                ],
                [
                    -124.80440735816956,
                    1101.6502380371094
                ],
                [
                    -25.028735399246216,
                    1227.0762920379639
                ],
                [
                    151.90356969833374,
                    916.3882732391357
                ]
            ],
            "provenance": "visii",
            "quaternion_xyzw": [
                -0.6912847757339478,
                0.597598135471344,
                0.059539470821619034,
                0.40181711316108704
            ],
            "quaternion_xyzw_world": [
                0.12429552525281906,
                0.41376322507858276,
                -0.21798212826251984,
                0.8751198053359985
            ],
            "segmentation_id": 2,
            "visibility": 0
        },
        {
            "bounding_box_minx_maxx_miny_maxy": [
                -1,
                -1,
                -1,
                -1
            ],
            "class": "Smith",
            "local_cuboid": null,
            "local_to_world_matrix": [
                [
                    0.1849936842918396,
                    -0.9635085463523865,
                    -0.1934649795293808,
                    0.0
                ],
                [
                    -0.752027690410614,
                    -0.012063026428222656,
                    -0.6590211391448975,
                    0.0
                ],
                [
                    0.6326386332511902,
                    0.26740574836730957,
                    -0.7268166542053223,
                    0.0
                ],
                [
                    1.7598797082901,
                    -0.049495499581098557,
                    0.7713012099266052,
                    1.0
                ]
            ],
            "location": [
                0.049495499581098557,
                0.7713012099266052,
                -1.7598797082901
            ],
            "location_world": [
                1.7598797082901,
                -0.049495499581098557,
                0.7713012099266052
            ],
            "name": "google_Smith_Hawken_Woven_BasketTray_Organizer_with_3_Compartments_95_x_9_x_13_2",
            "projected_cuboid": [
                [
                    293.8518226146698,
                    66.37102365493774
                ],
                [
                    299.4002103805542,
                    102.15717554092407
                ],
                [
                    329.8880457878113,
                    17.931610345840454
                ],
                [
                    320.7205533981323,
                    -12.450188398361206
                ],
                [
                    190.16589224338531,
                    39.11465406417847
                ],
                [
                    184.77530777454376,
                    73.29690456390381
                ],
                [
                    204.56457138061523,
                    -17.381787300109863
                ],
                [
                    208.3578258752823,
                    -45.128047466278076
                ],
                [
                    254.41062450408936,
                    29.37459945678711
                ]
            ],
            "provenance": "visii",
            "quaternion_xyzw": [
                0.9021042585372925,
                -0.050271883606910706,
                -0.12537337839603424,
                0.4098318815231323
            ],
            "quaternion_xyzw_world": [
                0.6935188174247742,
                -0.6184173226356506,
                0.1583135426044464,
                -0.33395880460739136
            ],
            "segmentation_id": 3,
            "visibility": 0
        },
        {
            "bounding_box_minx_maxx_miny_maxy": [
                361,
                499,
                133,
                297
            ],
            "class": "Paul",
            "local_cuboid": null,
            "local_to_world_matrix": [
                [
                    -0.4777897596359253,
                    -0.2758651375770569,
                    0.8340356349945068,
                    0.0
                ],
                [
                    0.7902328372001648,
                    -0.5496859550476074,
                    0.27088290452957153,
                    0.0
                ],
                [
                    0.38373053073883057,
                    0.7885074019432068,
                    0.48063188791275024,
                    0.0
                ],
                [
                    1.0310500860214233,
                    -0.38042691349983215,
                    0.016658972948789597,
                    1.0
                ]
            ],
            "location": [
                0.38042691349983215,
                0.016658972948789597,
                -1.0310500860214233
            ],
            "location_world": [
                1.0310500860214233,
                -0.38042691349983215,
                0.016658972948789597
            ],
            "name": "google_Paul_Frank_Dot_Lunch_Box_3",
            "projected_cuboid": [
                [
                    371.5808689594269,
                    116.83081090450287
                ],
                [
                    394.7139382362366,
                    111.11275851726532
                ],
                [
                    516.7415142059326,
                    165.48442840576172
                ],
                [
                    502.63023376464844,
                    176.76448822021484
                ],
                [
                    319.6902871131897,
                    247.83694744110107
                ],
                [
                    344.0588116645813,
                    233.58863592147827
                ],
                [
                    448.60202074050903,
                    291.53457283973694
                ],
                [
                    430.6517541408539,
                    311.6914927959442
                ],
                [
                    412.2779965400696,
                    209.14223790168762
                ]
            ],
            "provenance": "visii",
            "quaternion_xyzw": [
                0.5892183184623718,
                0.5871005654335022,
                -0.13183467090129852,
                -0.5392164587974548
            ],
            "quaternion_xyzw_world": [
                0.38446855545043945,
                0.33446669578552246,
                0.7918503284454346,
                -0.3365844190120697
            ],
            "segmentation_id": 4,
            "visibility": 1
        },
        {
            "bounding_box_minx_maxx_miny_maxy": [
                431,
                459,
                456,
                500
            ],
            "class": "Toys",
            "local_cuboid": null,
            "local_to_world_matrix": [
                [
                    -0.22770512104034424,
                    -0.6817501783370972,
                    0.6952464580535889,
                    0.0
                ],
                [
                    0.8327639102935791,
                    -0.5063767433166504,
                    -0.22380244731903076,
                    0.0
                ],
                [
                    0.5046337842941284,
                    0.52801513671875,
                    0.683040976524353,
                    0.0
                ],
                [
                    0.9040175080299377,
                    -0.2869405448436737,
                    -0.4407441318035126,
                    1.0
                ]
            ],
            "location": [
                0.2869405448436737,
                -0.4407441318035126,
                -0.9040175080299377
            ],
            "location_world": [
                0.9040175080299377,
                -0.2869405448436737,
                -0.4407441318035126
            ],
            "name": "google_Toys_R_Us_Treat_Dispenser_Smart_Puzzle_Foobler_4",
            "projected_cuboid": [
                [
                    397.372841835022,
                    427.7411997318268
                ],
                [
                    424.7572422027588,
                    425.8038103580475
                ],
                [
                    490.4486835002899,
                    506.6871643066406
                ],
                [
                    470.7241654396057,
                    521.4136242866516
                ],
                [
                    323.7285017967224,
                    490.4829263687134
                ],
                [
                    359.08347368240356,
                    481.0459613800049
                ],
                [
                    417.26747155189514,
                    563.3785128593445
                ],
                [
                    387.4157667160034,
                    585.972785949707
                ],
                [
                    407.77361392974854,
                    498.6516535282135
                ]
            ],
            "provenance": "visii",
            "quaternion_xyzw": [
                0.7762387990951538,
                0.38700175285339355,
                -0.0967196673154831,
                -0.48818904161453247
            ],
            "quaternion_xyzw_world": [
                0.3858855664730072,
                0.09783583879470825,
                0.7773549556732178,
                -0.4870728850364685
            ],
            "segmentation_id": 5,
            "visibility": 1
        },
        {
            "bounding_box_minx_maxx_miny_maxy": [
                -1,
                -1,
                -1,
                -1
            ],
            "class": "Tag",
            "local_cuboid": null,
            "local_to_world_matrix": [
                [
                    0.2152131199836731,
                    0.26915743947029114,
                    0.9387426376342773,
                    0.0
                ],
                [
                    -0.9700609445571899,
                    -0.05185556411743164,
                    0.23726120591163635,
                    0.0
                ],
                [
                    0.11253967881202698,
                    -0.9616992473602295,
                    0.24993908405303955,
                    0.0
                ],
                [
                    0.37091711163520813,
                    -0.4641699194908142,
                    0.42844322323799133,
                    1.0
                ]
            ],
            "location": [
                0.4641699194908142,
                0.42844322323799133,
                -0.37091711163520813
            ],
            "location_world": [
                0.37091711163520813,
                -0.4641699194908142,
                0.42844322323799133
            ],
            "name": "google_Tag_Dishtowel_Basket_Weave_Red_18_x_26_5",
            "projected_cuboid": [
                [
                    808.8036179542542,
                    -333.37676525115967
                ],
                [
                    1285.581350326538,
                    -923.0265617370605
                ],
                [
                    1227.0632982254028,
                    -920.6500053405762
                ],
                [
                    772.8941440582275,
                    -327.46535539627075
                ],
                [
                    911.4648699760437,
                    -173.22570085525513
                ],
                [
                    1555.3762912750244,
                    -703.0780911445618
                ],
                [
                    1492.3125505447388,
                    -696.7368721961975
                ],
                [
                    873.5902309417725,
                    -165.49938917160034
                ],
                [
                    1028.3758640289307,
                    -450.1037001609802
                ]
            ],
            "provenance": "visii",
            "quaternion_xyzw": [
                0.3892688751220703,
                0.6361914873123169,
                0.4794154167175293,
                0.4624835252761841
            ],
            "quaternion_xyzw_world": [
                0.504264235496521,
                -0.3474881947040558,
                0.5211961269378662,
                0.59441077709198
            ],
            "segmentation_id": 6,
            "visibility": 0
        },
        {
            "bounding_box_minx_maxx_miny_maxy": [
                387,
                455,
                360,
                416
            ],
            "class": "FRACTION",
            "local_cuboid": null,
            "local_to_world_matrix": [
                [
                    -0.6221723556518555,
                    0.4534095525741577,
                    -0.6382173299789429,
                    0.0
                ],
                [
                    -0.7404732704162598,
                    -0.6054813861846924,
                    0.29170453548431396,
                    0.0
                ],
                [
                    -0.2541671395301819,
                    0.6540733575820923,
                    0.7124514579772949,
                    0.0
                ],
                [
                    1.7710026502609253,
                    -0.5075750350952148,
                    -0.41039636731147766,
                    1.0
                ]
            ],
            "location": [
                0.5075750350952148,
                -0.41039636731147766,
                -1.7710026502609253
            ],
            "location_world": [
                1.7710026502609253,
                -0.5075750350952148,
                -0.41039636731147766
            ],
            "name": "google_FRACTION_FUN_n4h4qte23QR_6",
            "projected_cuboid": [
                [
                    379.8626959323883,
                    407.2839021682739
                ],
                [
                    433.2512319087982,
                    400.39122104644775
                ],
                [
                    442.51132011413574,
                    410.8104705810547
                ],
                [
                    388.72939348220825,
                    416.8434739112854
                ],
                [
                    397.7922201156616,
                    362.3759150505066
                ],
                [
                    449.28431510925293,
                    352.30815410614014
                ],
                [
                    457.8678607940674,
                    362.3853623867035
                ],
                [
                    406.0438275337219,
                    371.6494143009186
                ],
                [
                    418.64511370658875,
                    384.96133685112
                ]
            ],
            "provenance": "visii",
            "quaternion_xyzw": [
                -0.01340484619140625,
                0.610521674156189,
                0.5949521064758301,
                -0.5226045846939087
            ],
            "quaternion_xyzw_world": [
                -0.260219931602478,
                0.2757894992828369,
                0.8573367595672607,
                0.3481370508670807
            ],
            "segmentation_id": 7,
            "visibility": 1
        },
        {
            "bounding_box_minx_maxx_miny_maxy": [
                -1,
                -1,
                -1,
                -1
            ],
            "class": "FAIRY",
            "local_cuboid": null,
            "local_to_world_matrix": [
                [
                    -0.5530062913894653,
                    0.1575537472963333,
                    0.8181448578834534,
                    0.0
                ],
                [
                    0.11887706816196442,
                    0.9868319034576416,
                    -0.10968633741140366,
                    0.0
                ],
                [
                    -0.8246529698371887,
                    0.03660143166780472,
                    -0.5644537210464478,
                    0.0
                ],
                [
                    1.9250215291976929,
                    -0.38975614309310913,
                    0.7440828680992126,
                    1.0
                ]
            ],
            "location": [
                0.38975614309310913,
                0.7440828680992126,
                -1.9250215291976929
            ],
            "location_world": [
                1.9250215291976929,
                -0.38975614309310913,
                0.7440828680992126
            ],
            "name": "google_FAIRY_TALE_BLOCKS_7",
            "projected_cuboid": [
                [
                    429.5424818992615,
                    -17.671912908554077
                ],
                [
                    332.6678276062012,
                    -2.2803843021392822
                ],
                [
                    327.1755576133728,
                    -18.088459968566895
                ],
                [
                    414.27165269851685,
                    -32.21195936203003
                ],
                [
                    428.96294593811035,
                    70.97174227237701
                ],
                [
                    339.36959505081177,
                    83.67753028869629
                ],
                [
                    333.638072013855,
                    61.074793338775635
                ],
                [
                    414.8039221763611,
                    49.191027879714966
                ],
                [
                    376.9790530204773,
                    25.487706065177917
                ]
            ],
            "provenance": "visii",
            "quaternion_xyzw": [
                -0.1785215139389038,
                0.23622791469097137,
                -0.7231689095497131,
                -0.623981773853302
            ],
            "quaternion_xyzw_world": [
                0.07844679057598114,
                0.8809500336647034,
                -0.020740365609526634,
                -0.4662006199359894
            ],
            "segmentation_id": 8,
            "visibility": 0
        },
        {
            "bounding_box_minx_maxx_miny_maxy": [
                -1,
                -1,
                -1,
                -1
            ],
            "class": "Great",
            "local_cuboid": null,
            "local_to_world_matrix": [
                [
                    0.6076297163963318,
                    0.7083579897880554,
                    0.35918670892715454,
                    0.0
                ],
                [
                    -0.7942057251930237,
                    0.5446839332580566,
                    0.2693634629249573,
                    0.0
                ],
                [
                    -0.004837453365325928,
                    -0.4489414095878601,
                    0.8935481309890747,
                    0.0
                ],
                [
                    1.0308552980422974,
                    -0.5847673416137695,
                    -0.3119475245475769,
                    1.0
                ]
            ],
            "location": [
                0.5847673416137695,
                -0.3119475245475769,
                -1.0308552980422974
            ],
            "location_world": [
                1.0308552980422974,
                -0.5847673416137695,
                -0.3119475245475769
            ],
            "name": "google_Great_Jones_Wingtip_kAqSg6EgG0I_8",
            "projected_cuboid": [
                [
                    596.1947441101074,
                    368.06759238243103
                ],
                [
                    578.3423781394958,
                    345.2343940734863
                ],
                [
                    545.3915596008301,
                    410.37994623184204
                ],
                [
                    570.1055526733398,
                    419.6205139160156
                ],
                [
                    659.5265865325928,
                    396.7137932777405
                ],
                [
                    658.2759618759155,
                    380.24669885635376
                ],
                [
                    622.7240562438965,
                    450.41313767433167
                ],
                [
                    631.8331360816956,
                    451.36117935180664
                ],
                [
                    607.4331998825073,
                    402.95127034187317
                ]
            ],
            "provenance": "visii",
            "quaternion_xyzw": [
                -0.06603232771158218,
                0.7022969722747803,
                0.6007977724075317,
                0.376112699508667
            ],
            "quaternion_xyzw_world": [
                0.2057897448539734,
                -0.10429058969020844,
                0.4304748773574829,
                0.8726198673248291
            ],
            "segmentation_id": 9,
            "visibility": 0
        },
        {
            "bounding_box_minx_maxx_miny_maxy": [
                163,
                219,
                214,
                292
            ],
            "class": "Ecoforms",
            "local_cuboid": null,
            "local_to_world_matrix": [
                [
                    -0.7544037103652954,
                    -0.4130686819553375,
                    0.5101470947265625,
                    0.0
                ],
                [
                    0.6560426950454712,
                    -0.50050950050354,
                    0.5648883581161499,
                    0.0
                ],
                [
                    0.02199569344520569,
                    0.7608318328857422,
                    0.6485763192176819,
                    0.0
                ],
                [
                    1.6688905954360962,
                    0.11132751405239105,
                    -0.05509800836443901,
                    1.0
                ]
            ],
            "location": [
                -0.11132751405239105,
                -0.05509800836443901,
                -1.6688905954360962
            ],
            "location_world": [
                1.6688905954360962,
                0.11132751405239105,
                -0.05509800836443901
            ],
            "name": "google_Ecoforms_Plant_Container_Quadra_Sand_QP6_9",
            "projected_cuboid": [
                [
                    152.77758240699768,
                    230.7787537574768
                ],
                [
                    194.60125267505646,
                    193.24597716331482
                ],
                [
                    241.10953509807587,
                    232.87102580070496
                ],
                [
                    202.9646635055542,
                    273.7148106098175
                ],
                [
                    132.86462426185608,
                    267.263263463974
                ],
                [
                    172.73887991905212,
                    230.1948368549347
                ],
                [
                    215.49823880195618,
                    266.74002408981323
                ],
                [
                    178.71369421482086,
                    306.606262922287
                ],
                [
                    186.62142753601074,
                    250.1833140850067
                ]
            ],
            "provenance": "visii",
            "quaternion_xyzw": [
                0.4664161801338196,
                0.5417138338088989,
                -0.0034456253051757812,
                -0.6992784738540649
            ],
            "quaternion_xyzw_world": [
                0.15614858269691467,
                0.38901087641716003,
                0.8519814610481262,
                -0.3137132227420807
            ],
            "segmentation_id": 10,
            "visibility": 1
        },
        {
            "bounding_box_minx_maxx_miny_maxy": [
                0,
                113,
                1,
                97
            ],
            "class": "ReadytoUse",
            "local_cuboid": null,
            "local_to_world_matrix": [
                [
                    -0.7137657403945923,
                    0.4622413218021393,
                    -0.5261858701705933,
                    0.0
                ],
                [
                    0.6949350237846375,
                    0.5609441995620728,
                    -0.44989657402038574,
                    0.0
                ],
                [
                    0.0872001200914383,
                    -0.6867856979370117,
                    -0.7216105461120605,
                    0.0
                ],
                [
                    0.8290215134620667,
                    0.35020339488983154,
                    0.35466527938842773,
                    1.0
                ]
            ],
            "location": [
                -0.35020339488983154,
                0.35466527938842773,
                -0.8290215134620667
            ],
            "location_world": [
                0.8290215134620667,
                0.35020339488983154,
                0.35466527938842773
            ],
            "name": "google_ReadytoUse_Rolled_Fondant_Pure_White_24_oz_box_10",
            "projected_cuboid": [
                [
                    58.46770107746124,
                    86.57477796077728
                ],
                [
                    46.12201452255249,
                    109.71534252166748
                ],
                [
                    -44.69519853591919,
                    15.64742624759674
                ],
                [
                    -36.14664077758789,
                    -12.113571166992188
                ],
                [
                    116.59161746501923,
                    58.479562401771545
                ],
                [
                    103.23749482631683,
                    80.45841753482819
                ],
                [
                    22.230088710784912,
                    -4.910141229629517
                ],
                [
                    32.58137404918671,
                    -30.673176050186157
                ],
                [
                    39.197906851768494,
                    37.9265695810318
                ]
            ],
            "provenance": "visii",
            "quaternion_xyzw": [
                -0.5183761715888977,
                0.5242959260940552,
                -0.6754512786865234,
                -0.012864857912063599
            ],
            "quaternion_xyzw_world": [
                0.33425310254096985,
                0.8654941320419312,
                -0.32833331823349,
                0.17717796564102173
            ],
            "segmentation_id": 11,
            "visibility": 1
        },
        {
            "bounding_box_minx_maxx_miny_maxy": [
                9,
                445,
                373,
                500
            ],
            "class": "Dog",
            "local_cuboid": null,
            "local_to_world_matrix": [
                [
                    -0.975975751876831,
                    -0.19615866243839264,
                    -0.09483285248279572,
                    0.0
                ],
                [
                    0.20742233097553253,
                    -0.7032821178436279,
                    -0.6799781918525696,
                    0.0
                ],
                [
                    0.0666893720626831,
                    -0.6833125948905945,
                    0.7270739078521729,
                    0.0
                ],
                [
                    0.24704138934612274,
                    0.06804632395505905,
                    -0.21852850914001465,
                    1.0
                ]
            ],
            "location": [
                -0.06804632395505905,
                -0.21852850914001465,
                -0.24704138934612274
            ],
            "location_world": [
                0.24704138934612274,
                0.06804632395505905,
                -0.21852850914001465
            ],
            "name": "google_Dog_11",
            "projected_cuboid": [
                [
                    376.4611482620239,
                    355.52674531936646
                ],
                [
                    827.9480934143066,
                    795.9907054901123
                ],
                [
                    334.23012495040894,
                    1423.5690832138062
                ],
                [
                    -340.45201539993286,
                    1146.7667818069458
                ],
                [
                    217.0846462249756,
                    249.92293119430542
                ],
                [
                    422.61233925819397,
                    445.50222158432007
                ],
                [
                    210.89088916778564,
                    684.1369867324829
                ],
                [
                    -26.834458112716675,
                    508.0861449241638
                ],
                [
                    252.23469734191895,
                    602.0811796188354
                ]
            ],
            "provenance": "visii",
            "quaternion_xyzw": [
                0.6969265341758728,
                0.21826162934303284,
                0.5952163934707642,
                -0.3352205157279968
            ],
            "quaternion_xyzw_world": [
                -0.007624376565217972,
                -0.36933037638664246,
                0.9228125214576721,
                -0.10933450609445572
            ],
            "segmentation_id": 12,
            "visibility": 1
        },
        {
            "bounding_box_minx_maxx_miny_maxy": [
                -1,
                -1,
                -1,
                -1
            ],
            "class": "Black",
            "local_cuboid": null,
            "local_to_world_matrix": [
                [
                    -0.310260534286499,
                    0.90311199426651,
                    -0.29686227440834045,
                    0.0
                ],
                [
                    -0.9014478325843811,
                    -0.18032824993133545,
                    0.3935398459434509,
                    0.0
                ],
                [
                    0.3018779456615448,
                    0.38970571756362915,
                    0.8700569868087769,
                    0.0
                ],
                [
                    0.19596867263317108,
                    -0.23865166306495667,
                    0.045715246349573135,
                    1.0
                ]
            ],
            "location": [
                0.23865166306495667,
                0.045715246349573135,
                -0.19596867263317108
            ],
            "location_world": [
                0.19596867263317108,
                -0.23865166306495667,
                0.045715246349573135
            ],
            "name": "google_Black_Elderberry_Syrup_54_oz_Gaia_Herbs_12",
            "projected_cuboid": [
                [
                    603.8240790367126,
                    -105.92606663703918
                ],
                [
                    727.5563478469849,
                    -267.42637157440186
                ],
                [
                    1070.5630779266357,
                    66.13630056381226
                ],
                [
                    836.0010385513306,
                    177.61212587356567
                ],
                [
                    694.1646933555603,
                    -120.19258737564087
                ],
                [
                    829.6922445297241,
                    -272.22174406051636
                ],
                [
                    1163.6871099472046,
                    26.98521316051483
                ],
                [
                    925.6583452224731,
                    138.9336884021759
                ],
                [
                    832.7868580818176,
                    -51.5703558921814
                ]
            ],
            "provenance": "visii",
            "quaternion_xyzw": [
                -0.036145925521850586,
                0.8059977889060974,
                0.5494757294654846,
                -0.2171117067337036
            ],
            "quaternion_xyzw_world": [
                0.0016322307055816054,
                0.2548898458480835,
                0.7682196497917175,
                0.5872538685798645
            ],
            "segmentation_id": 13,
            "visibility": 0
        },
        {
            "bounding_box_minx_maxx_miny_maxy": [
                -1,
                -1,
                -1,
                -1
            ],
