{
    "camera_data": {
        "camera_look_at": {
            "at": [
                1.0,
                0.0,
                0.0
            ],
            "eye": [
                0.0,
                0.0,
                0.0
            ],
            "up": [
                0.0,
                0.0,
                1.0
            ]
        },
        "camera_view_matrix": [
            [
                0.0,
                0.0,
                -1.0,
                0.0
            ],
            [
                -1.0,
                0.0,
                0.0,
                0.0
            ],
            [
                0.0,
                1.0,
                0.0,
                0.0
            ],
            [
                0.0,
                0.0,
                0.0,
                1.0
            ]
        ],
        "height": 500,
        "intrinsics": {
            "cx": 250.0,
            "cy": 250.0,
            "fx": 603.5535278320312,
            "fy": 603.5535278320312
        },
        "location_world": [
            0.0,
            0.0,
            0.0
        ],
        "quaternion_world_xyzw": [
            0.5,
            -0.5,
            -0.5,
            0.5
        ],
        "width": 500
    },
    "objects": [
        {
            "bounding_box_minx_maxx_miny_maxy": [
                -1,
                -1,
                -1,
                -1
            ],
            "class": "Reebok",
            "local_cuboid": null,
            "local_to_world_matrix": [
                [
                    0.12900376319885254,
                    0.8360968828201294,
                    -0.5331979990005493,
                    0.0
                ],
                [
                    -0.7347636222839355,
                    0.4416813850402832,
                    0.5148203372955322,
                    0.0
                ],
                [
                    0.6659432649612427,
                    0.3253607153892517,
                    0.6713120937347412,
                    0.0
                ],
                [
                    0.4593370258808136,
                    0.2890799641609192,
                    0.25308284163475037,
                    1.0
                ]
            ],
            "location": [
                -0.2890799641609192,
                0.25308284163475037,
                -0.4593370258808136
            ],
            "location_world": [
                0.4593370258808136,
                0.2890799641609192,
                0.25308284163475037
            ],
            "name": "google_Reebok_SOMERSET_RUN_0",
            "projected_cuboid": [
                [
                    -36.62896156311035,
                    41.05891287326813
                ],
                [
                    -356.6322922706604,
                    -270.2673673629761
                ],
                [
                    -423.75773191452026,
                    -251.28686428070068
                ],
                [
                    -35.51793098449707,
                    94.856858253479
                ],
                [
                    46.2479293346405,
                    -20.749211311340332
                ],
                [
                    -242.55430698394775,
                    -374.3276596069336
                ],
                [
                    -286.91577911376953,
                    -377.8976798057556
                ],
                [
                    58.83929133415222,
                    25.908276438713074
                ],
                [
                    -123.2089102268219,
                    -103.86782884597778
                ]
            ],
            "provenance": "visii",
            "quaternion_xyzw": [
                -0.2806359529495239,
                0.8684555292129517,
                0.40476328134536743,
                -0.05652475357055664
            ],
            "quaternion_xyzw_world": [
                0.06326580792665482,
                0.4004265069961548,
                0.5245538353919983,
                0.7486650347709656
            ],
            "segmentation_id": 1,
            "visibility": 0
        },
        {
            "bounding_box_minx_maxx_miny_maxy": [
                -1,
                -1,
                -1,
                -1
            ],
            "class": "Breyer",
            "local_cuboid": null,
            "local_to_world_matrix": [
                [
                    -0.37846827507019043,
                    0.41837483644485474,
                    -0.8256658911705017,
                    0.0
                ],
                [
                    0.16899530589580536,
                    0.9082587957382202,
                    0.382761687040329,
                    0.0
                ],
                [
                    0.9100561738014221,
                    0.005329489707946777,
                    -0.4144505262374878,
                    0.0
                ],
                [
                    0.2443646639585495,
                    0.009547357447445393,
                    -0.38804998993873596,
                    1.0
                ]
            ],
            "location": [
                -0.009547357447445393,
                -0.38804998993873596,
                -0.2443646639585495
            ],
            "location_world": [
                0.2443646639585495,
                0.009547357447445393,
                -0.38804998993873596
            ],
            "name": "google_Breyer_Horse_Of_The_Year_2015_1",
            "projected_cuboid": [
                [
                    179.9757182598114,
                    1251.5015602111816
                ],
                [
                    90.37676453590393,
                    1184.6357583999634
                ],
                [
                    -15.28024673461914,
                    1631.2367916107178
                ],
                [
                    132.73197412490845,
                    1767.8066492080688
                ],
                [
                    332.4088752269745,
                    772.1690535545349
                ],
                [
                    257.48518109321594,
                    729.6147346496582
                ],
                [
                    262.72061467170715,
                    826.8902897834778
                ],
                [
                    374.64362382888794,
                    893.7003016471863
                ],
                [
                    218.5741811990738,
                    1053.4309148788452
                ]
            ],
            "provenance": "visii",
            "quaternion_xyzw": [
                -0.5265262722969055,
                0.8232850432395935,
                -0.177170068025589,
                -0.11654461920261383
            ],
            "quaternion_xyzw_world": [
                0.17869208753108978,
                0.8217629790306091,
                0.11806663870811462,
                0.5280482769012451
            ],
            "segmentation_id": 2,
            "visibility": 0
        },
        {
            "bounding_box_minx_maxx_miny_maxy": [
                233,
                346,
                1,
                90
            ],
            "class": "Smith",
            "local_cuboid": null,
            "local_to_world_matrix": [
                [
                    0.9299847483634949,
                    0.248488649725914,
                    0.27089065313339233,
                    0.0
                ],
                [
                    0.34780025482177734,
                    -0.8333708047866821,
                    -0.4295671284198761,
                    0.0
                ],
                [
                    0.1190098375082016,
                    0.49370673298835754,
                    -0.8614466190338135,
                    0.0
                ],
                [
                    1.7154102325439453,
                    -0.12694478034973145,
                    0.7529184818267822,
                    1.0
                ]
            ],
            "location": [
                0.12694478034973145,
                0.7529184818267822,
                -1.7154102325439453
            ],
            "location_world": [
                1.7154102325439453,
                -0.12694478034973145,
                0.7529184818267822
            ],
            "name": "google_Smith_Hawken_Woven_BasketTray_Organizer_with_3_Compartments_95_x_9_x_13_2",
            "projected_cuboid": [
                [
                    198.48239421844482,
                    47.78142273426056
                ],
                [
                    266.93427562713623,
                    91.09406173229218
                ],
                [
                    308.76603722572327,
                    15.956968069076538
                ],
                [
                    241.16119742393494,
                    -31.770676374435425
                ],
                [
                    222.48129546642303,
                    42.00585186481476
                ],
                [
                    303.7525415420532,
                    94.58582103252411
                ],
                [
                    355.1406264305115,
                    3.6828964948654175
                ],
                [
                    275.20227432250977,
                    -55.435121059417725
                ],
                [
                    270.52247524261475,
                    27.50249207019806
                ]
            ],
            "provenance": "visii",
            "quaternion_xyzw": [
                0.5701070427894592,
                0.4842342734336853,
                -0.6243088245391846,
                0.22524116933345795
            ],
            "quaternion_xyzw_world": [
                0.9519456624984741,
                0.15659742057323456,
                0.1023956835269928,
                -0.24247020483016968
            ],
            "segmentation_id": 3,
            "visibility": 1
        },
        {
            "bounding_box_minx_maxx_miny_maxy": [
                349,
                461,
                150,
                263
            ],
            "class": "Paul",
            "local_cuboid": null,
            "local_to_world_matrix": [
                [
                    -0.7064982652664185,
                    0.7028974294662476,
                    -0.08243826031684875,
                    0.0
                ],
                [
                    -0.5833295583724976,
                    -0.512404203414917,
                    0.6302135586738586,
                    0.0
                ],
                [
                    0.40073373913764954,
                    0.49333325028419495,
                    0.7720329165458679,
                    0.0
                ],
                [
                    1.0214499235153198,
                    -0.3613446056842804,
                    -0.0037411183584481478,
                    1.0
                ]
            ],
            "location": [
                0.3613446056842804,
                -0.0037411183584481478,
                -1.0214499235153198
            ],
            "location_world": [
                1.0214499235153198,
                -0.3613446056842804,
                -0.0037411183584481478
            ],
            "name": "google_Paul_Frank_Dot_Lunch_Box_3",
            "projected_cuboid": [
                [
                    322.4516808986664,
                    175.18632113933563
                ],
                [
                    360.7909381389618,
                    128.94177436828613
                ],
                [
                    449.3422508239746,
                    236.98143661022186
                ],
                [
                    401.477575302124,
                    280.6187570095062
                ],
                [
                    401.79184079170227,
                    175.84556341171265
                ],
                [
                    438.310444355011,
                    136.957049369812
                ],
                [
                    518.297553062439,
                    227.11306810379028
                ],
                [
                    474.4192957878113,
                    264.20363783836365
                ],
                [
                    421.758234500885,
                    201.51659846305847
                ]
            ],
            "provenance": "visii",
            "quaternion_xyzw": [
                0.13002203404903412,
                0.8267171382904053,
                0.4098628759384155,
                -0.3628300428390503
            ],
            "quaternion_xyzw_world": [
                0.09202311933040619,
                0.32483115792274475,
                0.8647160530090332,
                0.3718639612197876
            ],
            "segmentation_id": 4,
            "visibility": 1
        },
        {
            "bounding_box_minx_maxx_miny_maxy": [
                -1,
                -1,
                -1,
                -1
            ],
            "class": "Toys",
            "local_cuboid": null,
            "local_to_world_matrix": [
                [
                    0.610288679599762,
                    -0.7648978233337402,
                    0.20610450208187103,
                    0.0
                ],
                [
                    0.44808053970336914,
                    0.11875492334365845,
                    -0.8860706090927124,
                    0.0
                ],
                [
                    0.6532775163650513,
                    0.6331102848052979,
                    0.4152106046676636,
                    0.0
                ],
                [
                    0.685466468334198,
                    -0.582823634147644,
                    -0.594434380531311,
                    1.0
                ]
            ],
            "location": [
                0.582823634147644,
                -0.594434380531311,
                -0.685466468334198
            ],
            "location_world": [
                0.685466468334198,
                -0.582823634147644,
                -0.594434380531311
            ],
            "name": "google_Toys_R_Us_Treat_Dispenser_Smart_Puzzle_Foobler_4",
            "projected_cuboid": [
                [
                    668.7846183776855,
                    587.6185297966003
                ],
                [
                    622.7707862854004,
                    655.667781829834
                ],
                [
                    747.9264736175537,
                    758.8139176368713
                ],
                [
                    812.9099607467651,
                    691.1816000938416
                ],
                [
                    623.4928369522095,
                    660.2429151535034
                ],
                [
                    575.8986473083496,
                    730.1257848739624
                ],
                [
                    711.6369605064392,
                    858.8467240333557
                ],
                [
                    782.6389074325562,
                    792.0629382133484
                ],
                [
                    688.3797645568848,
                    711.6435766220093
                ]
            ],
            "provenance": "visii",
            "quaternion_xyzw": [
                -0.9088792204856873,
                -0.024026721715927124,
                0.342014342546463,
                0.23746034502983093
            ],
            "quaternion_xyzw_world": [
                -0.5187299847602844,
                0.1526889055967331,
                -0.41417598724365234,
                0.7321636080741882
            ],
            "segmentation_id": 5,
            "visibility": 0
        },
        {
            "bounding_box_minx_maxx_miny_maxy": [
                -1,
                -1,
                -1,
                -1
            ],
            "class": "Tag",
            "local_cuboid": null,
            "local_to_world_matrix": [
                [
                    -0.15455150604248047,
                    -0.9748022556304932,
                    -0.1608554869890213,
                    0.0
                ],
                [
                    -0.7979723215103149,
                    0.027164161205291748,
                    0.6020816564559937,
                    0.0
                ],
                [
                    -0.5825409889221191,
                    0.22141088545322418,
                    -0.7820634841918945,
                    0.0
                ],
                [
                    0.47315508127212524,
                    -0.495997816324234,
                    0.49946659803390503,
                    1.0
                ]
            ],
            "location": [
                0.495997816324234,
                0.49946659803390503,
                -0.47315508127212524
            ],
            "location_world": [
                0.47315508127212524,
                -0.495997816324234,
                0.49946659803390503
            ],
            "name": "google_Tag_Dishtowel_Basket_Weave_Red_18_x_26_5",
            "projected_cuboid": [
                [
                    900.6882309913635,
                    -189.9336874485016
                ],
                [
                    1238.5144233703613,
                    -669.9263453483582
                ],
                [
                    1196.532130241394,
                    -663.8621687889099
                ],
                [
                    885.2221965789795,
                    -203.52929830551147
                ],
                [
                    690.5949711799622,
                    -198.80589842796326
                ],
                [
                    899.8854160308838,
                    -649.3237018585205
                ],
                [
                    878.1882524490356,
                    -644.7286605834961
                ],
                [
                    683.1942200660706,
                    -211.4722728729248
                ],
                [
                    891.1299109458923,
                    -383.137047290802
                ]
            ],
            "provenance": "visii",
            "quaternion_xyzw": [
                -0.4444602429866791,
                0.10575732588768005,
                0.037607043981552124,
                -0.8887385129928589
            ],
            "quaternion_xyzw_world": [
                -0.6325242519378662,
                0.7006745338439941,
                0.2938213348388672,
                -0.1504569798707962
            ],
            "segmentation_id": 6,
            "visibility": 0
        },
        {
            "bounding_box_minx_maxx_miny_maxy": [
                428,
                450,
                396,
                409
            ],
            "class": "FRACTION",
            "local_cuboid": null,
            "local_to_world_matrix": [
                [
                    0.18511730432510376,
                    0.2279776930809021,
                    0.9559068083763123,
                    0.0
                ],
                [
                    -0.5949747562408447,
                    -0.7481784820556641,
                    0.29365643858909607,
                    0.0
                ],
                [
                    0.7821360230445862,
                    -0.6231013536453247,
                    -0.002859950065612793,
                    0.0
                ],
                [
                    1.8778623342514038,
                    -0.5233803987503052,
                    -0.4142862856388092,
                    1.0
                ]
            ],
            "location": [
                0.5233803987503052,
                -0.4142862856388092,
                -1.8778623342514038
            ],
            "location_world": [
                1.8778623342514038,
                -0.5233803987503052,
                -0.4142862856388092
            ],
            "name": "google_FRACTION_FUN_n4h4qte23QR_6",
            "projected_cuboid": [
                [
                    389.88491892814636,
                    359.0244948863983
                ],
                [
                    443.9193606376648,
                    347.6707935333252
                ],
                [
                    438.5725259780884,
                    349.44984316825867
                ],
                [
                    383.89772176742554,
                    360.90025305747986
                ],
                [
                    404.55687046051025,
                    412.61130571365356
                ],
                [
                    460.441529750824,
                    404.3356478214264
                ],
                [
                    455.3120732307434,
                    407.22161531448364
                ],
                [
                    398.7305164337158,
                    415.4757261276245
                ],
                [
                    421.051561832428,
                    381.98351860046387
                ]
            ],
            "provenance": "visii",
            "quaternion_xyzw": [
                0.5613604187965393,
                0.758908748626709,
                0.19505473971366882,
                0.26624369621276855
            ],
            "quaternion_xyzw_world": [
                0.6957290768623352,
                -0.13187499344348907,
                0.6245400905609131,
                0.3294233977794647
            ],
            "segmentation_id": 7,
            "visibility": 1
        },
        {
            "bounding_box_minx_maxx_miny_maxy": [
                322,
                391,
                1,
                50
            ],
            "class": "FAIRY",
            "local_cuboid": null,
            "local_to_world_matrix": [
                [
                    -0.18784499168395996,
                    -0.038555048406124115,
                    0.9814416766166687,
                    0.0
                ],
                [
                    -0.0014327745884656906,
                    0.9992389678955078,
                    0.038979969918727875,
                    0.0
                ],
                [
                    -0.9821975827217102,
                    0.005916008725762367,
                    -0.18775725364685059,
                    0.0
                ],
                [
                    1.97842538356781,
                    -0.3261103928089142,
                    0.7679638862609863,
                    1.0
                ]
            ],
            "location": [
                0.3261103928089142,
                0.7679638862609863,
                -1.97842538356781
            ],
            "location_world": [
                1.97842538356781,
                -0.3261103928089142,
                0.7679638862609863
            ],
            "name": "google_FAIRY_TALE_BLOCKS_7",
            "projected_cuboid": [
                [
                    410.61919927597046,
                    -43.12744736671448
                ],
                [
                    318.56316328048706,
                    -46.784013509750366
                ],
                [
                    311.28495931625366,
                    -26.448756456375122
                ],
                [
                    393.025279045105,
                    -23.205965757369995
                ],
                [
                    403.1936526298523,
                    46.82891070842743
                ],
                [
                    313.5392665863037,
                    43.28696429729462
                ],
                [
                    306.98034167289734,
                    53.28753590583801
                ],
                [
                    386.8215084075928,
                    56.439876556396484
                ],
                [
                    355.1217317581177,
                    8.501723408699036
                ]
            ],
            "provenance": "visii",
            "quaternion_xyzw": [
                0.06591176986694336,
                -0.06750423461198807,
                0.690047562122345,
                0.7175884246826172
            ],
            "quaternion_xyzw_world": [
                0.01297419611364603,
                -0.7705259919166565,
                -0.014566665515303612,
                0.6371099948883057
            ],
            "segmentation_id": 8,
            "visibility": 1
        },
        {
            "bounding_box_minx_maxx_miny_maxy": [
                -1,
                -1,
                -1,
                -1
            ],
            "class": "Great",
            "local_cuboid": null,
            "local_to_world_matrix": [
                [
                    -0.11029303073883057,
                    -0.7872821092605591,
                    -0.6066484451293945,
                    0.0
                ],
                [
                    0.12340208888053894,
                    0.5948022603988647,
                    -0.794343888759613,
                    0.0
                ],
                [
                    0.9862085580825806,
                    -0.16247230768203735,
                    0.03154975175857544,
                    0.0
                ],
                [
                    0.8861871957778931,
                    -0.5619277954101562,
                    -0.36550575494766235,
                    1.0
                ]
            ],
            "location": [
                0.5619277954101562,
                -0.36550575494766235,
                -0.8861871957778931
            ],
            "location_world": [
                0.8861871957778931,
                -0.5619277954101562,
                -0.36550575494766235
            ],
            "name": "google_Great_Jones_Wingtip_kAqSg6EgG0I_8",
            "projected_cuboid": [
                [
                    694.7797536849976,
                    418.52742433547974
                ],
                [
                    567.1036839485168,
                    560.0083470344543
                ],
                [
                    594.2546129226685,
                    601.0850667953491
                ],
                [
                    739.7829294204712,
                    443.004846572876
                ],
                [
                    635.5896592140198,
                    375.08729100227356
                ],
                [
                    511.66999340057373,
                    516.5063738822937
                ],
                [
                    531.6341519355774,
                    551.6772270202637
                ],
                [
                    672.355592250824,
                    393.6394453048706
                ],
                [
                    615.864634513855,
                    482.93328285217285
                ]
            ],
            "provenance": "visii",
            "quaternion_xyzw": [
                -0.9444355964660645,
                0.3180340528488159,
                -0.07220326364040375,
                0.041017040610313416
            ],
            "quaternion_xyzw_world": [
                -0.2565906345844269,
                0.6468279361724854,
                -0.36981093883514404,
                0.615641713142395
            ],
            "segmentation_id": 9,
            "visibility": 0
        },
        {
            "bounding_box_minx_maxx_miny_maxy": [
                125,
                198,
                197,
                281
            ],
            "class": "Ecoforms",
            "local_cuboid": null,
            "local_to_world_matrix": [
                [
                    0.6538610458374023,
                    -0.6679563522338867,
                    0.3553873896598816,
                    0.0
                ],
                [
                    0.7543642520904541,
                    0.539324939250946,
                    -0.37425047159194946,
                    0.0
                ],
                [
                    0.05831362307071686,
                    0.5127993226051331,
                    0.8565257787704468,
                    0.0
                ],
                [
                    1.6817129850387573,
                    0.20728366076946259,
                    -0.05990341678261757,
                    1.0
                ]
            ],
            "location": [
                -0.20728366076946259,
                -0.05990341678261757,
                -1.6817129850387573
            ],
            "location_world": [
                1.6817129850387573,
                0.20728366076946259,
                -0.05990341678261757
            ],
            "name": "google_Ecoforms_Plant_Container_Quadra_Sand_QP6_9",
            "projected_cuboid": [
                [
                    185.80256402492523,
                    194.8162317276001
                ],
                [
                    156.9424718618393,
                    222.67906367778778
                ],
                [
                    185.16682088375092,
                    270.515501499176
                ],
                [
                    216.6174352169037,
                    246.59200012683868
                ],
                [
                    131.40161335468292,
                    216.62098169326782
                ],
                [
                    105.01688718795776,
                    244.68404054641724
                ],
                [
                    135.0167691707611,
                    296.16907238960266
                ],
                [
                    164.34916853904724,
                    272.6989984512329
                ],
                [
                    160.34092009067535,
                    245.62987685203552
                ]
            ],
            "provenance": "visii",
            "quaternion_xyzw": [
                -0.7246586680412292,
                0.0634566992521286,
                0.40248626470565796,
                0.555741012096405
            ],
            "quaternion_xyzw_world": [
                -0.2539735734462738,
                -0.08505597710609436,
                -0.40722838044166565,
                0.873171329498291
            ],
            "segmentation_id": 10,
            "visibility": 1
        },
        {
            "bounding_box_minx_maxx_miny_maxy": [
                -1,
                -1,
                -1,
                -1
            ],
            "class": "ReadytoUse",
            "local_cuboid": null,
            "local_to_world_matrix": [
                [
                    -0.9842617511749268,
                    -0.052717238664627075,
                    -0.1686701774597168,
                    0.0
                ],
                [
                    0.0994659960269928,
                    0.6236537098884583,
                    -0.7753466963768005,
                    0.0
                ],
                [
                    0.14606592059135437,
                    -0.7799211144447327,
                    -0.6085948944091797,
                    0.0
                ],
                [
                    0.898207426071167,
                    0.3737688958644867,
                    0.39687061309814453,
                    1.0
                ]
            ],
            "location": [
                -0.3737688958644867,
                0.39687061309814453,
                -0.898207426071167
            ],
            "location_world": [
                0.898207426071167,
                0.3737688958644867,
                0.39687061309814453
            ],
            "name": "google_ReadytoUse_Rolled_Fondant_Pure_White_24_oz_box_10",
            "projected_cuboid": [
                [
                    93.13875436782837,
                    37.497103214263916
                ],
                [
                    72.66311347484589,
                    65.25342166423798
                ],
                [
                    -26.934564113616943,
                    -13.823747634887695
                ],
                [
                    -6.437629461288452,
                    -42.8600013256073
                ],
                [
                    108.35009813308716,
                    50.819963216781616
                ],
                [
                    90.28764069080353,
                    75.1367062330246
                ],
                [
                    3.5573989152908325,
                    6.1704665422439575
                ],
                [
                    21.642059087753296,
                    -19.125521183013916
                ],
                [
                    45.888662338256836,
                    20.97371220588684
                ]
            ],
            "provenance": "visii",
            "quaternion_xyzw": [
                -0.7025186419487,
                0.28195831179618835,
                -0.6278064250946045,
                -0.18117985129356384
            ],
            "quaternion_xyzw_world": [
                0.013033095747232437,
                0.8967316150665283,
                -0.4335934519767761,
                0.08774534612894058
            ],
            "segmentation_id": 11,
            "visibility": 0
        },
        {
            "bounding_box_minx_maxx_miny_maxy": [
                221,
                308,
                486,
                500
            ],
            "class": "Dog",
            "local_cuboid": null,
            "local_to_world_matrix": [
                [
                    -0.940613865852356,
                    0.14896592497825623,
                    -0.3050486147403717,
                    0.0
                ],
                [
                    -0.10891285538673401,
                    -0.9835004806518555,
                    -0.1444462090730667,
                    0.0
                ],
                [
                    -0.32153305411338806,
                    -0.10264439880847931,
                    0.9413185715675354,
                    0.0
                ],
                [
                    0.27438732981681824,
                    0.013316156342625618,
                    -0.3057258725166321,
                    1.0
                ]
            ],
            "location": [
                -0.013316156342625618,
                -0.3057258725166321,
                -0.27438732981681824
            ],
            "location_world": [
                0.27438732981681824,
                0.013316156342625618,
                -0.3057258725166321
            ],
            "name": "google_Dog_11",
            "projected_cuboid": [
                [
                    -311.90651655197144,
                    1030.1387310028076
                ],
                [
                    805.0201535224915,
                    1391.2923336029053
                ],
                [
                    491.49540066719055,
                    1653.6487340927124
                ],
                [
                    -175.21589994430542,
                    1395.463466644287
                ],
                [
                    126.5709400177002,
                    379.33284044265747
                ],
                [
                    478.38929295539856,
                    440.743625164032
                ],
                [
                    405.6757390499115,
                    712.9403948783875
                ],
                [
                    115.23237824440002,
                    647.4825143814087
                ],
                [
                    242.73210763931274,
                    784.9676609039307
                ]
            ],
            "provenance": "visii",
            "quaternion_xyzw": [
                0.41047143936157227,
                0.4132150411605835,
                0.6354024410247803,
                -0.5069814920425415
            ],
            "quaternion_xyzw_world": [
                -0.1593487411737442,
                -0.06283869594335556,
                0.9830352067947388,
                0.0655822828412056
            ],
            "segmentation_id": 12,
            "visibility": 1
        },
        {
            "bounding_box_minx_maxx_miny_maxy": [
                -1,
                -1,
                -1,
                -1
            ],
            "class": "Black",
            "local_cuboid": null,
            "local_to_world_matrix": [
                [
                    0.6928055286407471,
                    0.10327073931694031,
                    0.7136915922164917,
                    0.0
                ],
                [
                    0.4921025335788727,
                    -0.7911409139633179,
                    -0.36322370171546936,
                    0.0
                ],
                [
                    0.5271201133728027,
                    0.6028528213500977,
                    -0.5989266633987427,
                    0.0
                ],
                [
                    0.24914635717868805,
                    -0.3302660882472992,
                    0.10835909098386765,
                    1.0
                ]
            ],
            "location": [
                0.3302660882472992,
                0.10835909098386765,
                -0.24914635717868805
            ],
            "location_world": [
                0.24914635717868805,
                -0.3302660882472992,
                0.10835909098386765
            ],
            "name": "google_Black_Elderberry_Syrup_54_oz_Gaia_Herbs_12",
            "projected_cuboid": [
                [
                    644.8242664337158,
                    154.16859090328217
                ],
                [
                    691.3132071495056,
                    197.896808385849
                ],
                [
                    996.6456294059753,
                    -1.2027919292449951
                ],
                [
                    971.0791707038879,
                    -80.83644509315491
                ],
                [
                    710.6969952583313,
                    225.6295680999756
                ],
                [
                    756.950855255127,
                    268.27433705329895
                ],
                [
                    1132.421612739563,
                    58.934152126312256
                ],
                [
                    1120.5235719680786,
                    -27.23252773284912
                ],
                [
                    851.723849773407,
                    113.75823616981506
                ]
            ],
            "provenance": "visii",
            "quaternion_xyzw": [
                0.6684073209762573,
                0.562842607498169,
                -0.48460662364959717,
                0.03995467722415924
            ],
            "quaternion_xyzw_world": [
                0.8779056072235107,
                0.16954363882541656,
                0.35334429144859314,
                -0.27510830760002136
            ],
            "segmentation_id": 13,
            "visibility": 0
        },
        {
            "bounding_box_minx_maxx_miny_maxy": [
                -1,
                -1,
                -1,
                -1
            ],
            "class": "Razer",
