{
    "camera_data": {
        "camera_look_at": {
            "at": [
                1.0,
                0.0,
                0.0
            ],
            "eye": [
                0.0,
                0.0,
                0.0
            ],
            "up": [
                0.0,
                0.0,
                1.0
            ]
        },
        "camera_view_matrix": [
            [
                0.0,
                0.0,
                -1.0,
                0.0
            ],
            [
                -1.0,
                0.0,
                0.0,
                0.0
            ],
            [
                0.0,
                1.0,
                0.0,
                0.0
            ],
            [
                0.0,
                0.0,
                0.0,
                1.0
            ]
        ],
        "height": 500,
        "intrinsics": {
            "cx": 250.0,
            "cy": 250.0,
            "fx": 603.5535278320312,
            "fy": 603.5535278320312
        },
        "location_world": [
            0.0,
            0.0,
            0.0
        ],
        "quaternion_world_xyzw": [
            0.5,
            -0.5,
            -0.5,
            0.5
        ],
        "width": 500
    },
    "objects": [
        {
            "bounding_box_minx_maxx_miny_maxy": [
                -1,
                -1,
                -1,
                -1
            ],
            "class": "Reebok",
            "local_cuboid": null,
            "local_to_world_matrix": [
                [
                    -0.20638597011566162,
                    0.39429906010627747,
                    0.8955074548721313,
                    0.0
                ],
                [
                    -0.9495711326599121,
                    -0.3015018701553345,
                    -0.08609214425086975,
                    0.0
                ],
                [
                    0.23605087399482727,
                    -0.868116021156311,
                    0.4366403818130493,
                    0.0
                ],
                [
                    0.3515218496322632,
                    0.5492123961448669,
                    0.16172568500041962,
                    1.0
                ]
            ],
            "location": [
                -0.5492123961448669,
                0.16172568500041962,
                -0.3515218496322632
            ],
            "location_world": [
                0.3515218496322632,
                0.5492123961448669,
                0.16172568500041962
            ],
            "name": "google_Reebok_SOMERSET_RUN_0",
            "projected_cuboid": [
                [
                    -363.85291814804077,
                    -78.4791111946106
                ],
                [
                    -877.6551485061646,
                    -411.6203784942627
                ],
                [
                    -1334.1532945632935,
                    -349.5938777923584
                ],
                [
                    -526.0213017463684,
                    -33.3825945854187
                ],
                [
                    -286.1286401748657,
                    51.16656422615051
                ],
                [
                    -666.5433645248413,
                    -107.97393321990967
                ],
                [
                    -1049.8226881027222,
                    -15.28140902519226
                ],
                [
                    -436.53231859207153,
                    101.24677419662476
                ],
                [
                    -574.4302272796631,
                    -59.07881259918213
                ]
            ],
            "provenance": "visii",
            "quaternion_xyzw": [
                0.4816233217716217,
                0.6213408708572388,
                0.5577500462532043,
                0.266250878572464
            ],
            "quaternion_xyzw_world": [
                0.40573251247406006,
                -0.34214168787002563,
                0.6972317099571228,
                0.4818592369556427
            ],
            "segmentation_id": 1,
            "visibility": 0
        },
        {
            "bounding_box_minx_maxx_miny_maxy": [
                -1,
                -1,
                -1,
                -1
            ],
            "class": "Breyer",
            "local_cuboid": null,
            "local_to_world_matrix": [
                [
                    -0.7850267887115479,
                    -0.3505668044090271,
                    0.5107208490371704,
                    0.0
                ],
                [
                    -0.58255934715271,
                    0.13748836517333984,
                    -0.8010752201080322,
                    0.0
                ],
                [
                    0.21061216294765472,
                    -0.9263907670974731,
                    -0.3121579885482788,
                    0.0
                ],
                [
                    0.32990527153015137,
                    0.23803409934043884,
                    -0.3844854533672333,
                    1.0
                ]
            ],
            "location": [
                -0.23803409934043884,
                -0.3844854533672333,
                -0.32990527153015137
            ],
            "location_world": [
                0.32990527153015137,
                0.23803409934043884,
                -0.3844854533672333
            ],
            "name": "google_Breyer_Horse_Of_The_Year_2015_1",
            "projected_cuboid": [
                [
                    139.252170920372,
                    1005.0827264785767
                ],
                [
                    105.17221689224243,
                    1218.4302806854248
                ],
                [
                    -310.2313280105591,
                    1229.3920516967773
                ],
                [
                    -216.15737676620483,
                    987.1585369110107
                ],
                [
                    77.26064324378967,
                    863.5826706886292
                ],
                [
                    52.691176533699036,
                    976.11004114151
                ],
                [
                    -177.98945307731628,
                    962.4860882759094
                ],
                [
                    -133.66088271141052,
                    842.6231741905212
                ],
                [
                    -46.24342918395996,
                    980.1759123802185
                ]
            ],
            "provenance": "visii",
            "quaternion_xyzw": [
                -0.7684813141822815,
                -0.12141884863376617,
                -0.5567531585693359,
                -0.2910667359828949
            ],
            "quaternion_xyzw_world": [
                -0.3121068775653839,
                0.7474411725997925,
                -0.577793300151825,
                -0.10037870705127716
            ],
            "segmentation_id": 2,
            "visibility": 0
        },
        {
            "bounding_box_minx_maxx_miny_maxy": [
                137,
                217,
                1,
                76
            ],
            "class": "Smith",
            "local_cuboid": null,
            "local_to_world_matrix": [
                [
                    -0.5601518154144287,
                    0.7981073260307312,
                    0.22193381190299988,
                    0.0
                ],
                [
                    0.7742120623588562,
                    0.40908271074295044,
                    0.48295649886131287,
                    0.0
                ],
                [
                    0.29466184973716736,
                    0.4423528015613556,
                    -0.847052812576294,
                    0.0
                ],
                [
                    1.6808255910873413,
                    0.24503108859062195,
                    0.7454074621200562,
                    1.0
                ]
            ],
            "location": [
                -0.24503108859062195,
                0.7454074621200562,
                -1.6808255910873413
            ],
            "location_world": [
                1.6808255910873413,
                0.24503108859062195,
                0.7454074621200562
            ],
            "name": "google_Smith_Hawken_Woven_BasketTray_Organizer_with_3_Compartments_95_x_9_x_13_2",
            "projected_cuboid": [
                [
                    73.96133244037628,
                    58.376744389534
                ],
                [
                    57.753950357437134,
                    37.40425407886505
                ],
                [
                    91.44127368927002,
                    -54.50907349586487
                ],
                [
                    113.05803060531616,
                    -44.80424523353577
                ],
                [
                    192.91356205940247,
                    107.83599317073822
                ],
                [
                    166.27547144889832,
                    83.9945375919342
                ],
                [
                    200.9129822254181,
                    3.9227306842803955
                ],
                [
                    232.91422426700592,
                    19.39082145690918
                ],
                [
                    143.38651299476624,
                    28.597861528396606
                ]
            ],
            "provenance": "visii",
            "quaternion_xyzw": [
                -0.058305203914642334,
                0.8024533987045288,
                -0.5050963163375854,
                -0.3123248815536499
            ],
            "quaternion_xyzw_world": [
                0.4684597849845886,
                0.8390898704528809,
                0.27568838000297546,
                0.021668724715709686
            ],
            "segmentation_id": 3,
            "visibility": 1
        },
        {
            "bounding_box_minx_maxx_miny_maxy": [
                336,
                437,
                107,
                168
            ],
            "class": "Paul",
            "local_cuboid": null,
            "local_to_world_matrix": [
                [
                    -0.9024525880813599,
                    -0.10696395486593246,
                    -0.4172985553741455,
                    0.0
                ],
                [
                    0.31479111313819885,
                    0.4975469708442688,
                    -0.8083028793334961,
                    0.0
                ],
                [
                    0.29408490657806396,
                    -0.8608168363571167,
                    -0.41534125804901123,
                    0.0
                ],
                [
                    1.3061401844024658,
                    -0.22314880788326263,
                    0.3119838237762451,
                    1.0
                ]
            ],
            "location": [
                0.22314880788326263,
                0.3119838237762451,
                -1.3061401844024658
            ],
            "location_world": [
                1.3061401844024658,
                -0.22314880788326263,
                0.3119838237762451
            ],
            "name": "google_Paul_Frank_Dot_Lunch_Box_3",
            "projected_cuboid": [
                [
                    476.1088490486145,
                    150.51546692848206
                ],
                [
                    444.59235668182373,
                    194.5628970861435
                ],
                [
                    355.48052191734314,
                    143.10219883918762
                ],
                [
                    386.247456073761,
                    94.9910432100296
                ],
                [
                    428.1631112098694,
                    121.58466875553131
                ],
                [
                    402.68808603286743,
                    159.34744477272034
                ],
                [
                    326.28825306892395,
                    114.70626294612885
                ],
                [
                    351.15429759025574,
                    74.03534650802612
                ],
                [
                    395.51061391830444,
                    131.25139474868774
                ]
            ],
            "provenance": "visii",
            "quaternion_xyzw": [
                -0.7431944012641907,
                0.3077409565448761,
                -0.5931386351585388,
                -0.033823609352111816
            ],
            "quaternion_xyzw_world": [
                0.0619308203458786,
                0.8389488458633423,
                -0.497384250164032,
                0.21198654174804688
            ],
            "segmentation_id": 4,
            "visibility": 1
        },
        {
            "bounding_box_minx_maxx_miny_maxy": [
                0,
                73,
                276,
                311
            ],
            "class": "Toys",
            "local_cuboid": null,
            "local_to_world_matrix": [
                [
                    -0.46796488761901855,
                    0.8556883931159973,
                    -0.2209213823080063,
                    0.0
                ],
                [
                    0.5752915740013123,
                    0.10519558191299438,
                    -0.8111556172370911,
                    0.0
                ],
                [
                    -0.6708564758300781,
                    -0.5066865086555481,
                    -0.5414981842041016,
                    0.0
                ],
                [
                    1.33541738986969,
                    0.49448272585868835,
                    -0.05779344588518143,
                    1.0
                ]
            ],
            "location": [
                -0.49448272585868835,
                -0.05779344588518143,
                -1.33541738986969
            ],
            "location_world": [
                1.33541738986969,
                0.49448272585868835,
                -0.05779344588518143
            ],
            "name": "google_Toys_R_Us_Treat_Dispenser_Smart_Puzzle_Foobler_4",
            "projected_cuboid": [
                [
                    1.2365132570266724,
                    300.0520169734955
                ],
                [
                    11.114105582237244,
                    357.21555352211
                ],
                [
                    -5.511105060577393,
                    311.6704225540161
                ],
                [
                    -15.751272439956665,
                    255.98284602165222
                ],
                [
                    81.20599389076233,
                    280.2436351776123
                ],
                [
                    85.14620363712311,
                    335.5906903743744
                ],
                [
                    63.98850679397583,
                    293.9468324184418
                ],
                [
                    58.94261598587036,
                    240.11458456516266
                ],
                [
                    35.836800932884216,
                    296.68572545051575
                ]
            ],
            "provenance": "visii",
            "quaternion_xyzw": [
                -0.26674461364746094,
                0.30564531683921814,
                -0.9134687185287476,
                0.03167209029197693
            ],
            "quaternion_xyzw_world": [
                0.49202075600624084,
                0.7270932793617249,
                -0.45312005281448364,
                -0.15470336377620697
            ],
            "segmentation_id": 5,
            "visibility": 1
        },
        {
            "bounding_box_minx_maxx_miny_maxy": [
                -1,
                -1,
                -1,
                -1
            ],
            "class": "Tag",
            "local_cuboid": null,
            "local_to_world_matrix": [
                [
                    -0.6618844270706177,
                    0.34101712703704834,
                    -0.667544960975647,
                    0.0
                ],
                [
                    -0.6404483914375305,
                    -0.7200239896774292,
                    0.2671915292739868,
                    0.0
                ],
                [
                    -0.3895314931869507,
                    0.6043779850006104,
                    0.6949765682220459,
                    0.0
                ],
                [
                    0.2393045574426651,
                    -0.38941097259521484,
                    0.31090810894966125,
                    1.0
                ]
            ],
            "location": [
                0.38941097259521484,
                0.31090810894966125,
                -0.2393045574426651
            ],
            "location_world": [
                0.2393045574426651,
                -0.38941097259521484,
                0.31090810894966125
            ],
            "name": "google_Tag_Dishtowel_Basket_Weave_Red_18_x_26_5",
            "projected_cuboid": [
                [
                    881.434977054596,
                    -361.11509799957275
                ],
                [
                    2941.8158531188965,
                    -1718.3358669281006
                ],
                [
                    2722.0797538757324,
                    -1337.1460437774658
                ],
                [
                    897.5046277046204,
                    -272.18466997146606
                ],
                [
                    780.1164388656616,
                    -360.35627126693726
                ],
                [
                    1648.3733654022217,
                    -979.6963930130005
                ],
                [
                    1620.0364828109741,
                    -838.2033109664917
                ],
                [
                    795.0039505958557,
                    -298.53934049606323
                ],
                [
                    1232.6468229293823,
                    -587.975025177002
                ]
            ],
            "provenance": "visii",
            "quaternion_xyzw": [
                0.023769043385982513,
                0.5519685745239258,
                0.6048464775085449,
                -0.5735211372375488
            ],
            "quaternion_xyzw_world": [
                -0.3013150095939636,
                0.2484370619058609,
                0.8770526051521301,
                0.2797624468803406
            ],
            "segmentation_id": 6,
            "visibility": 0
        },
        {
            "bounding_box_minx_maxx_miny_maxy": [
                -1,
                -1,
                -1,
                -1
            ],
            "class": "FRACTION",
            "local_cuboid": null,
            "local_to_world_matrix": [
                [
                    0.5129173994064331,
                    -0.2572338879108429,
                    0.8189911246299744,
                    0.0
                ],
                [
                    -0.44659414887428284,
                    0.7348163723945618,
                    0.5104885101318359,
                    0.0
                ],
                [
                    -0.7331230044364929,
                    -0.627595067024231,
                    0.26202094554901123,
                    0.0
                ],
                [
                    1.6348040103912354,
                    -0.7298355102539062,
                    -0.1765933781862259,
                    1.0
                ]
            ],
            "location": [
                0.7298355102539062,
                -0.1765933781862259,
                -1.6348040103912354
            ],
            "location_world": [
                1.6348040103912354,
                -0.7298355102539062,
                -0.1765933781862259
            ],
            "name": "google_FRACTION_FUN_n4h4qte23QR_6",
            "projected_cuboid": [
                [
                    553.340494632721,
                    300.60529708862305
                ],
                [
                    517.0482397079468,
                    266.966849565506
                ],
                [
                    501.6835927963257,
                    270.8631753921509
                ],
                [
                    538.053035736084,
                    303.6833703517914
                ],
                [
                    553.377091884613,
                    357.5701415538788
                ],
                [
                    514.9351358413696,
                    325.11234283447266
                ],
                [
                    498.72225522994995,
                    328.02876830101013
                ],
                [
                    537.2471809387207,
                    359.69722270965576
                ],
                [
                    527.2310972213745,
                    313.7146830558777
                ]
            ],
            "provenance": "visii",
            "quaternion_xyzw": [
                0.058357298374176025,
                0.3606007695198059,
                0.49127399921417236,
                0.7907030582427979
            ],
            "quaternion_xyzw_world": [
                0.3591935634613037,
                -0.48986682295799255,
                0.05976448580622673,
                0.7921102643013
            ],
            "segmentation_id": 7,
            "visibility": 0
        },
        {
            "bounding_box_minx_maxx_miny_maxy": [
                450,
                484,
                1,
                58
            ],
            "class": "FAIRY",
            "local_cuboid": null,
            "local_to_world_matrix": [
                [
                    -0.2886958122253418,
                    -0.6516599655151367,
                    0.7014228105545044,
                    0.0
                ],
                [
                    0.43300876021385193,
                    -0.7422783374786377,
                    -0.5113965272903442,
                    0.0
                ],
                [
                    0.853907585144043,
                    0.1560841202735901,
                    0.49646711349487305,
                    0.0
                ],
                [
                    1.355827808380127,
                    -0.5274810791015625,
                    0.5820958614349365,
                    1.0
                ]
            ],
            "location": [
                0.5274810791015625,
                0.5820958614349365,
                -1.355827808380127
            ],
            "location_world": [
                1.355827808380127,
                -0.5274810791015625,
                0.5820958614349365
            ],
            "name": "google_FAIRY_TALE_BLOCKS_7",
            "projected_cuboid": [
                [
                    447.5032091140747,
                    -102.24923491477966
                ],
                [
                    508.7835192680359,
                    -24.28334951400757
                ],
                [
                    559.8405599594116,
                    -13.683855533599854
                ],
                [
                    493.9543604850769,
                    -102.45132446289062
                ],
                [
                    374.3368685245514,
                    -16.944676637649536
                ],
                [
                    438.06642293930054,
                    51.64802074432373
                ],
                [
                    477.30425000190735,
                    71.70924544334412
                ],
                [
                    407.8490436077118,
                    -4.95341420173645
                ],
                [
                    462.3819887638092,
                    -15.397042036056519
                ]
            ],
            "provenance": "visii",
            "quaternion_xyzw": [
                0.8684704899787903,
                0.41558724641799927,
                0.03817392885684967,
                -0.267561137676239
            ],
            "quaternion_xyzw_world": [
                0.48916134238243103,
                -0.11174801737070084,
                0.7948964238166809,
                -0.3411352336406708
            ],
            "segmentation_id": 8,
            "visibility": 1
        },
        {
            "bounding_box_minx_maxx_miny_maxy": [
                427,
                495,
                435,
                500
            ],
            "class": "Great",
            "local_cuboid": null,
            "local_to_world_matrix": [
                [
                    -0.5690286159515381,
                    -0.6707385778427124,
                    -0.47572773694992065,
                    0.0
                ],
                [
                    -0.032703906297683716,
                    -0.5596039295196533,
                    0.8281151056289673,
                    0.0
                ],
                [
                    -0.8216676115989685,
                    0.4867790937423706,
                    0.29649436473846436,
                    0.0
                ],
                [
                    1.7035369873046875,
                    -0.5745484232902527,
                    -0.646256685256958,
                    1.0
                ]
            ],
            "location": [
                0.5745484232902527,
                -0.646256685256958,
                -1.7035369873046875
            ],
            "location_world": [
                1.7035369873046875,
                -0.5745484232902527,
                -0.646256685256958
            ],
            "name": "google_Great_Jones_Wingtip_kAqSg6EgG0I_8",
            "projected_cuboid": [
                [
                    428.8073182106018,
                    542.7985787391663
                ],
                [
                    496.9470798969269,
                    445.57881355285645
                ],
                [
                    503.14903259277344,
                    446.8241333961487
                ],
                [
                    438.76877427101135,
                    538.6185646057129
                ],
                [
                    394.58978176116943,
                    512.1499300003052
                ],
                [
                    459.8808288574219,
                    418.4991419315338
                ],
                [
                    467.85810589790344,
                    421.1616516113281
                ],
                [
                    406.0263931751251,
                    509.7677707672119
                ],
                [
                    449.1962790489197,
                    479.2903661727905
                ]
            ],
            "provenance": "visii",
            "quaternion_xyzw": [
                0.07238131761550903,
                0.28970205783843994,
                0.28408369421958923,
                -0.9111149311065674
            ],
            "quaternion_xyzw_world": [
                -0.4165576100349426,
                0.4221760034561157,
                0.7786409854888916,
                -0.20485523343086243
            ],
            "segmentation_id": 9,
            "visibility": 1
        },
        {
            "bounding_box_minx_maxx_miny_maxy": [
                240,
                334,
                229,
                296
            ],
            "class": "Ecoforms",
            "local_cuboid": null,
            "local_to_world_matrix": [
                [
                    0.7129421234130859,
                    0.693976104259491,
                    0.10055277496576309,
                    0.0
                ],
                [
                    -0.695254385471344,
                    0.7182380557060242,
                    -0.027486784383654594,
                    0.0
                ],
                [
                    -0.0912959948182106,
                    -0.050313256680965424,
                    0.994551956653595,
                    0.0
                ],
                [
                    1.6608904600143433,
                    -0.0933743566274643,
                    -0.11367447674274445,
                    1.0
                ]
            ],
            "location": [
                0.0933743566274643,
                -0.11367447674274445,
                -1.6608904600143433
            ],
            "location_world": [
                1.6608904600143433,
                -0.0933743566274643,
                -0.11367447674274445
            ],
            "name": "google_Ecoforms_Plant_Container_Quadra_Sand_QP6_9",
            "projected_cuboid": [
                [
                    285.32302379608154,
                    227.58634388446808
                ],
                [
                    238.12074959278107,
                    227.7025282382965
                ],
                [
                    235.15261709690094,
                    288.7536883354187
                ],
                [
                    282.1688652038574,
                    284.1419577598572
                ],
                [
                    336.7469310760498,
                    232.76415467262268
                ],
                [
                    289.8038327693939,
                    233.34360122680664
                ],
                [
                    286.05109453201294,
                    299.7643053531647
                ],
                [
                    332.8578770160675,
                    293.8980162143707
                ],
                [
                    285.6592535972595,
                    260.9190344810486
                ]
            ],
            "provenance": "visii",
            "quaternion_xyzw": [
                -0.24607667326927185,
                0.6275335550308228,
                0.6731936931610107,
                0.3040696382522583
            ],
            "quaternion_xyzw_world": [
                0.006166405510157347,
                -0.05182654783129692,
                0.37529048323631287,
                0.925436794757843
            ],
            "segmentation_id": 10,
            "visibility": 1
        },
        {
            "bounding_box_minx_maxx_miny_maxy": [
                -1,
                -1,
                -1,
                -1
            ],
            "class": "ReadytoUse",
            "local_cuboid": null,
            "local_to_world_matrix": [
                [
                    -0.940837025642395,
                    0.29403483867645264,
                    -0.16843143105506897,
                    0.0
                ],
                [
                    -0.33657389879226685,
                    -0.75324547290802,
                    0.5651010274887085,
                    0.0
                ],
                [
                    0.03928915411233902,
                    0.5883575677871704,
                    0.8076457977294922,
                    0.0
                ],
                [
                    0.6478383541107178,
                    0.2781536877155304,
                    0.21465906500816345,
                    1.0
                ]
            ],
            "location": [
                -0.2781536877155304,
                0.21465906500816345,
                -0.6478383541107178
            ],
            "location_world": [
                0.6478383541107178,
                0.2781536877155304,
                0.21465906500816345
            ],
            "name": "google_ReadytoUse_Rolled_Fondant_Pure_White_24_oz_box_10",
            "projected_cuboid": [
                [
                    -162.25019097328186,
                    -75.61910152435303
                ],
                [
                    -135.91355085372925,
                    -113.19431662559509
                ],
                [
                    -37.49346733093262,
                    23.802682757377625
                ],
                [
                    -66.83763861656189,
                    58.01260471343994
                ],
                [
                    -66.7358934879303,
                    -41.03463888168335
                ],
                [
                    -42.43972897529602,
                    -71.68397307395935
                ],
                [
                    40.704384446144104,
                    43.207213282585144
                ],
                [
                    14.256089925765991,
                    71.47908210754395
                ],
                [
                    -53.65946888923645,
                    -12.041151523590088
                ]
            ],
            "provenance": "visii",
            "quaternion_xyzw": [
                0.2122223675251007,
                0.6889166831970215,
                0.41522425413131714,
                -0.5549272298812866
            ],
            "quaternion_xyzw_world": [
                -0.03450620546936989,
                0.3081986904144287,
                0.9356452822685242,
                0.16849566996097565
            ],
            "segmentation_id": 11,
            "visibility": 0
        },
        {
            "bounding_box_minx_maxx_miny_maxy": [
                0,
                235,
                341,
                500
            ],
            "class": "Dog",
            "local_cuboid": null,
            "local_to_world_matrix": [
                [
                    0.038843393325805664,
                    -0.991759717464447,
                    -0.12208175659179688,
                    0.0
                ],
                [
                    0.4401443600654602,
                    0.12666481733322144,
                    -0.8889483213424683,
                    0.0
                ],
                [
                    0.897086501121521,
                    -0.019203752279281616,
                    0.4414374828338623,
                    0.0
                ],
                [
                    0.13644906878471375,
                    0.12156537175178528,
                    -0.15412040054798126,
                    1.0
                ]
            ],
            "location": [
                -0.12156537175178528,
                -0.15412040054798126,
                -0.13644906878471375
            ],
            "location_world": [
                0.13644906878471375,
                0.12156537175178528,
                -0.15412040054798126
            ],
            "name": "google_Dog_11",
            "projected_cuboid": [
                [
                    274.6952772140503,
                    246.47733569145203
                ],
                [
                    229.67933118343353,
                    523.8769054412842
                ],
                [
                    197.08392024040222,
                    1083.6647748947144
                ],
                [
                    295.66654562950134,
                    769.1490650177002
                ],
                [
                    -238.58457803726196,
                    183.07563662528992
                ],
                [
                    -165.30263423919678,
                    482.33070969581604
                ],
                [
                    -607.0473194122314,
                    1028.3715724945068
                ],
                [
                    -1219.8582887649536,
                    633.2476139068604
                ],
                [
                    -63.03441524505615,
                    545.9626913070679
                ]
            ],
            "provenance": "visii",
            "quaternion_xyzw": [
                -0.9718274474143982,
                0.06398943066596985,
                0.0050522685050964355,
                0.22678455710411072
            ],
            "quaternion_xyzw_world": [
                -0.3430528938770294,
                0.40199002623558044,
                -0.5647851824760437,
                0.6338268518447876
            ],
            "segmentation_id": 12,
            "visibility": 1
        },
        {
            "bounding_box_minx_maxx_miny_maxy": [
                -1,
                -1,
                -1,
                -1
            ],
            "class": "Black",
            "local_cuboid": null,
            "local_to_world_matrix": [
                [
                    0.16317439079284668,
                    -0.9863576889038086,
                    -0.021748866885900497,
                    0.0
                ],
                [
                    -0.9859641790390015,
                    -0.16224074363708496,
                    -0.03940965235233307,
                    0.0
                ],
                [
                    0.03534345701336861,
                    0.027874253690242767,
                    -0.9989869594573975,
                    0.0
                ],
                [
                    0.16493026912212372,
                    -0.1724701076745987,
                    -0.05636293813586235,
                    1.0
                ]
            ],
            "location": [
                0.1724701076745987,
                -0.05636293813586235,
                -0.16493026912212372
            ],
            "location_world": [
                0.16493026912212372,
                -0.1724701076745987,
                -0.05636293813586235
            ],
            "name": "google_Black_Elderberry_Syrup_54_oz_Gaia_Herbs_12",
            "projected_cuboid": [
                [
                    817.8278207778931,
                    844.5386290550232
                ],
                [
                    1084.7961902618408,
                    1092.1070575714111
                ],
                [
                    1132.6569318771362,
                    499.9680519104004
                ],
                [
                    844.7669744491577,
                    419.6109175682068
                ],
                [
                    670.195460319519,
                    869.1760897636414
                ],
                [
                    892.3089504241943,
                    1144.2153453826904
                ],
                [
                    936.0442161560059,
                    512.0192766189575
                ],
                [
                    694.4630146026611,
                    423.9997863769531
                ],
                [
                    864.1061782836914,
                    714.3666744232178
                ]
            ],
            "provenance": "visii",
            "quaternion_xyzw": [
                0.7178285121917725,
                0.04892938584089279,
                -0.06653708219528198,
                0.6913039684295654
            ],
            "quaternion_xyzw_world": [
                0.7622994780540466,
                -0.6468330025672913,
                0.0044584148563444614,
                -0.02206609956920147
            ],
            "segmentation_id": 13,
            "visibility": 0
        },
        {
            "bounding_box_minx_maxx_miny_maxy": [
                -1,
                -1,
                -1,
                -1
            ],
