{
    "camera_data": {
        "camera_look_at": {
            "at": [
                1.0,
                0.0,
                0.0
            ],
            "eye": [
                0.0,
                0.0,
                0.0
            ],
            "up": [
                0.0,
                0.0,
                1.0
            ]
        },
        "camera_view_matrix": [
            [
                0.0,
                0.0,
                -1.0,
                0.0
            ],
            [
                -1.0,
                0.0,
                0.0,
                0.0
            ],
            [
                0.0,
                1.0,
                0.0,
                0.0
            ],
            [
                0.0,
                0.0,
                0.0,
                1.0
            ]
        ],
        "height": 500,
        "intrinsics": {
            "cx": 250.0,
            "cy": 250.0,
            "fx": 603.5535278320312,
            "fy": 603.5535278320312
        },
        "location_world": [
            0.0,
            0.0,
            0.0
        ],
        "quaternion_world_xyzw": [
            0.5,
            -0.5,
            -0.5,
            0.5
        ],
        "width": 500
    },
    "objects": [
        {
            "bounding_box_minx_maxx_miny_maxy": [
                -1,
                -1,
                -1,
                -1
            ],
            "class": "Reebok",
            "local_cuboid": null,
            "local_to_world_matrix": [
                [
                    0.07294321060180664,
                    -0.48650968074798584,
                    0.870624840259552,
                    0.0
                ],
                [
                    -0.9968384504318237,
                    -0.007990121841430664,
                    0.07905277609825134,
                    0.0
                ],
                [
                    -0.031503498554229736,
                    -0.8736386299133301,
                    -0.4855543375015259,
                    0.0
                ],
                [
                    0.355817049741745,
                    0.5169838070869446,
                    0.17395563423633575,
                    1.0
                ]
            ],
            "location": [
                -0.5169838070869446,
                0.17395563423633575,
                -0.355817049741745
            ],
            "location_world": [
                0.355817049741745,
                0.5169838070869446,
                0.17395563423633575
            ],
            "name": "google_Reebok_SOMERSET_RUN_0",
            "projected_cuboid": [
                [
                    -217.93308854103088,
                    63.48322331905365
                ],
                [
                    -859.8289489746094,
                    -261.3915801048279
                ],
                [
                    -1126.7715692520142,
                    -411.5549921989441
                ],
                [
                    -335.5696201324463,
                    -2.4291276931762695
                ],
                [
                    -292.82450675964355,
                    180.43875694274902
                ],
                [
                    -1068.8841342926025,
                    11.049926280975342
                ],
                [
                    -1342.7870273590088,
                    -149.95771646499634
                ],
                [
                    -411.85683012008667,
                    112.57629096508026
                ],
                [
                    -545.0091361999512,
                    1.4205873012542725
                ]
            ],
            "provenance": "visii",
            "quaternion_xyzw": [
                0.5865051746368408,
                0.3745128810405731,
                0.3412994146347046,
                0.6318753361701965
            ],
            "quaternion_xyzw_world": [
                0.6257970333099365,
                -0.5925835371017456,
                0.3352210521697998,
                0.3805912137031555
            ],
            "segmentation_id": 1,
            "visibility": 0
        },
        {
            "bounding_box_minx_maxx_miny_maxy": [
                -1,
                -1,
                -1,
                -1
            ],
            "class": "Breyer",
            "local_cuboid": null,
            "local_to_world_matrix": [
                [
                    -0.8337283134460449,
                    0.5382764339447021,
                    0.1231086254119873,
                    0.0
                ],
                [
                    0.24329018592834473,
                    0.5582417845726013,
                    -0.7932061553001404,
                    0.0
                ],
                [
                    -0.4956885576248169,
                    -0.6313672661781311,
                    -0.5963793992996216,
                    0.0
                ],
                [
                    0.3137824237346649,
                    0.17873407900333405,
                    -0.4442310333251953,
                    1.0
                ]
            ],
            "location": [
                -0.17873407900333405,
                -0.4442310333251953,
                -0.3137824237346649
            ],
            "location_world": [
                0.3137824237346649,
                0.17873407900333405,
                -0.4442310333251953
            ],
            "name": "google_Breyer_Horse_Of_The_Year_2015_1",
            "projected_cuboid": [
                [
                    -343.81431341171265,
                    2504.9755573272705
                ],
                [
                    -418.46174001693726,
                    2477.874994277954
                ],
                [
                    -452.3574113845825,
                    1479.5345067977905
                ],
                [
                    -406.8775177001953,
                    1430.3414821624756
                ],
                [
                    235.03728210926056,
                    1230.2131652832031
                ],
                [
                    178.72481048107147,
                    1270.808458328247
                ],
                [
                    51.83808505535126,
                    952.998697757721
                ],
                [
                    93.13417971134186,
                    908.9861512184143
                ],
                [
                    -44.699519872665405,
                    1331.6750526428223
                ]
            ],
            "provenance": "visii",
            "quaternion_xyzw": [
                -0.43567222356796265,
                0.2496906965970993,
                -0.8407096862792969,
                -0.20261166989803314
            ],
            "quaternion_xyzw_world": [
                0.226058229804039,
                0.8643421530723572,
                -0.41203978657722473,
                -0.17897923290729523
            ],
            "segmentation_id": 2,
            "visibility": 0
        },
        {
            "bounding_box_minx_maxx_miny_maxy": [
                137,
                243,
                1,
                14
            ],
            "class": "Smith",
            "local_cuboid": null,
            "local_to_world_matrix": [
                [
                    -0.9984400272369385,
                    0.048826493322849274,
                    -0.02708650939166546,
                    0.0
                ],
                [
                    0.041149213910102844,
                    0.9713337421417236,
                    0.23413130640983582,
                    0.0
                ],
                [
                    0.037741851061582565,
                    0.23265144228935242,
                    -0.9718277454376221,
                    0.0
                ],
                [
                    1.7283891439437866,
                    0.13025352358818054,
                    0.7810579538345337,
                    1.0
                ]
            ],
            "location": [
                -0.13025352358818054,
                0.7810579538345337,
                -1.7283891439437866
            ],
            "location_world": [
                1.7283891439437866,
                0.13025352358818054,
                0.7810579538345337
            ],
            "name": "google_Smith_Hawken_Woven_BasketTray_Organizer_with_3_Compartments_95_x_9_x_13_2",
            "projected_cuboid": [
                [
                    221.03473544120789,
                    61.78593635559082
                ],
                [
                    124.70801174640656,
                    39.795055985450745
                ],
                [
                    148.1790840625763,
                    -63.03700804710388
                ],
                [
                    245.30014395713806,
                    -41.60764813423157
                ],
                [
                    232.04347491264343,
                    94.1341370344162
                ],
                [
                    153.68935465812683,
                    76.08203589916229
                ],
                [
                    172.89674282073975,
                    -7.204592227935791
                ],
                [
                    251.7753541469574,
                    10.480061173439026
                ],
                [
                    194.4621056318283,
                    23.702502250671387
                ]
            ],
            "provenance": "visii",
            "quaternion_xyzw": [
                -0.4343915581703186,
                0.5746084451675415,
                -0.44072479009628296,
                -0.5356218218803406
            ],
            "quaternion_xyzw_world": [
                0.022659948095679283,
                0.9926733374595642,
                0.11755698919296265,
                0.01632671058177948
            ],
            "segmentation_id": 3,
            "visibility": 1
        },
        {
            "bounding_box_minx_maxx_miny_maxy": [
                -1,
                -1,
                -1,
                -1
            ],
            "class": "Paul",
            "local_cuboid": null,
            "local_to_world_matrix": [
                [
                    -0.14908230304718018,
                    -0.9554020166397095,
                    0.2549144923686981,
                    0.0
                ],
                [
                    -0.9613641500473022,
                    0.07971078157424927,
                    -0.26348641514778137,
                    0.0
                ],
                [
                    0.2314160317182541,
                    -0.2843468487262726,
                    -0.9303727149963379,
                    0.0
                ],
                [
                    1.2058669328689575,
                    -0.3083087205886841,
                    0.17792066931724548,
                    1.0
                ]
            ],
            "location": [
                0.3083087205886841,
                0.17792066931724548,
                -1.2058669328689575
            ],
            "location_world": [
                1.2058669328689575,
                -0.3083087205886841,
                0.17792066931724548
            ],
            "name": "google_Paul_Frank_Dot_Lunch_Box_3",
            "projected_cuboid": [
                [
                    485.89906096458435,
                    245.3272044658661
                ],
                [
                    502.13146209716797,
                    259.36657190322876
                ],
                [
                    478.9595901966095,
                    144.93775367736816
                ],
                [
                    463.9650881290436,
                    139.87939059734344
                ],
                [
                    364.81139063835144,
                    275.91580152511597
                ],
                [
                    370.28712034225464,
                    292.0919954776764
                ],
                [
                    341.85791015625,
                    182.9899251461029
                ],
                [
                    338.461309671402,
                    174.99609291553497
                ],
                [
                    417.3310399055481,
                    215.6527042388916
                ]
            ],
            "provenance": "visii",
            "quaternion_xyzw": [
                -0.7826724052429199,
                -0.055963292717933655,
                -0.13844525814056396,
                -0.6042556166648865
            ],
            "quaternion_xyzw_world": [
                -0.6522230505943298,
                0.7347050309181213,
                -0.18641266226768494,
                -0.007995886728167534
            ],
            "segmentation_id": 4,
            "visibility": 0
        },
        {
            "bounding_box_minx_maxx_miny_maxy": [
                193,
                213,
                350,
                404
            ],
            "class": "Toys",
            "local_cuboid": null,
            "local_to_world_matrix": [
                [
                    0.09014606475830078,
                    0.6436697244644165,
                    -0.7599756717681885,
                    0.0
                ],
                [
                    0.8139669895172119,
                    0.39208662509918213,
                    0.4286324977874756,
                    0.0
                ],
                [
                    0.5738739967346191,
                    -0.6572346687316895,
                    -0.4885808229446411,
                    0.0
                ],
                [
                    1.1933690309524536,
                    0.2017587423324585,
                    -0.2365197390317917,
                    1.0
                ]
            ],
            "location": [
                -0.2017587423324585,
                -0.2365197390317917,
                -1.1933690309524536
            ],
            "location_world": [
                1.1933690309524536,
                0.2017587423324585,
                -0.2365197390317917
            ],
            "name": "google_Toys_R_Us_Treat_Dispenser_Smart_Puzzle_Foobler_4",
            "projected_cuboid": [
                [
                    190.64688682556152,
                    448.5483169555664
                ],
                [
                    169.19255256652832,
                    400.6674885749817
                ],
                [
                    115.35900831222534,
                    375.3429055213928
                ],
                [
                    132.54636526107788,
                    424.141526222229
                ],
                [
                    239.56578969955444,
                    392.2688663005829
                ],
                [
                    213.3043259382248,
                    349.1615056991577
                ],
                [
                    161.97983920574188,
                    319.9225664138794
                ],
                [
                    184.5777928829193,
                    363.14865946769714
                ],
                [
                    176.1786788702011,
                    383.6309313774109
                ]
            ],
            "provenance": "visii",
            "quaternion_xyzw": [
                -0.35410869121551514,
                0.8133535981178284,
                -0.40036332607269287,
                0.22972197830677032
            ],
            "quaternion_xyzw_world": [
                0.5446650981903076,
                0.6690518260002136,
                -0.08542021363973618,
                0.4984104633331299
            ],
            "segmentation_id": 5,
            "visibility": 1
        },
        {
            "bounding_box_minx_maxx_miny_maxy": [
                -1,
                -1,
                -1,
                -1
            ],
            "class": "Tag",
            "local_cuboid": null,
            "local_to_world_matrix": [
                [
                    -0.28159475326538086,
                    -0.4250516891479492,
                    -0.8602531552314758,
                    0.0
                ],
                [
                    -0.9595333337783813,
                    0.12427961826324463,
                    0.25268644094467163,
                    0.0
                ],
                [
                    -0.0004928708076477051,
                    0.8965967297554016,
                    -0.44284772872924805,
                    0.0
                ],
                [
                    0.23580117523670197,
                    -0.4182160794734955,
                    0.34355977177619934,
                    1.0
                ]
            ],
            "location": [
                0.4182160794734955,
                0.34355977177619934,
                -0.23580117523670197
            ],
            "location_world": [
                0.23580117523670197,
                -0.4182160794734955,
                0.34355977177619934
            ],
            "name": "google_Tag_Dishtowel_Basket_Weave_Red_18_x_26_5",
            "projected_cuboid": [
                [
                    1065.9453868865967,
                    -170.41918635368347
                ],
                [
                    2713.2835388183594,
                    -1464.0470743179321
                ],
                [
                    2901.186466217041,
                    -1556.771159172058
                ],
                [
                    1124.1625547409058,
                    -199.17303323745728
                ],
                [
                    842.8793549537659,
                    -354.2732000350952
                ],
                [
                    1619.6664571762085,
                    -1506.1050653457642
                ],
                [
                    1746.8039989471436,
                    -1568.77601146698
                ],
                [
                    893.587589263916,
                    -379.3046474456787
                ],
                [
                    1279.7269821166992,
                    -609.4870567321777
                ]
            ],
            "provenance": "visii",
            "quaternion_xyzw": [
                -0.5412653088569641,
                0.45473670959472656,
                0.2840575575828552,
                -0.6477327942848206
            ],
            "quaternion_xyzw_world": [
                -0.5091594457626343,
                0.6798385977745056,
                0.4226308763027191,
                0.31616339087486267
            ],
            "segmentation_id": 6,
            "visibility": 0
        },
        {
            "bounding_box_minx_maxx_miny_maxy": [
                -1,
                -1,
                -1,
                -1
            ],
            "class": "FRACTION",
            "local_cuboid": null,
            "local_to_world_matrix": [
                [
                    0.9991611838340759,
                    0.02245718240737915,
                    0.03424304351210594,
                    0.0
                ],
                [
                    -0.017706528306007385,
                    -0.5170749425888062,
                    0.855756938457489,
                    0.0
                ],
                [
                    0.03692411258816719,
                    -0.855645477771759,
                    -0.516243577003479,
                    0.0
                ],
                [
                    1.789197564125061,
                    -0.5076038837432861,
                    -0.345049649477005,
                    1.0
                ]
            ],
            "location": [
                0.5076038837432861,
                -0.345049649477005,
                -1.789197564125061
            ],
            "location_world": [
                1.789197564125061,
                -0.5076038837432861,
                -0.345049649477005
            ],
            "name": "google_FRACTION_FUN_n4h4qte23QR_6",
            "projected_cuboid": [
                [
                    408.6616635322571,
                    393.043577671051
                ],
                [
                    440.39973616600037,
                    341.2410020828247
                ],
                [
                    428.50345373153687,
                    334.04314517974854
                ],
                [
                    396.7592716217041,
                    385.90312004089355
                ],
                [
                    426.34373903274536,
                    409.85310077667236
                ],
                [
                    461.3814949989319,
                    352.75474190711975
                ],
                [
                    448.2802748680115,
                    344.82669830322266
                ],
                [
                    413.23500871658325,
                    401.99482440948486
                ],
                [
                    427.47488617897034,
                    370.14731764793396
                ]
            ],
            "provenance": "visii",
            "quaternion_xyzw": [
                0.1991921067237854,
                0.6919426321983337,
                -0.1801222860813141,
                0.6701446771621704
            ],
            "quaternion_xyzw_world": [
                0.8707008361816406,
                0.001364031806588173,
                0.02043387107551098,
                0.4913864731788635
            ],
            "segmentation_id": 7,
            "visibility": 0
        },
        {
            "bounding_box_minx_maxx_miny_maxy": [
                -1,
                -1,
                -1,
                -1
            ],
            "class": "FAIRY",
            "local_cuboid": null,
            "local_to_world_matrix": [
                [
                    -0.30254316329956055,
                    -0.14122477173805237,
                    0.9426151514053345,
                    0.0
                ],
                [
                    0.953019380569458,
                    -0.060277462005615234,
                    0.2968515455722809,
                    0.0
                ],
                [
                    0.014895617961883545,
                    0.9881408214569092,
                    0.1528264284133911,
                    0.0
                ],
                [
                    1.5763297080993652,
                    -0.4728090167045593,
                    0.6430635452270508,
                    1.0
                ]
            ],
            "location": [
                0.4728090167045593,
                0.6430635452270508,
                -1.5763297080993652
            ],
            "location_world": [
                1.5763297080993652,
                -0.4728090167045593,
                0.6430635452270508
            ],
            "name": "google_FAIRY_TALE_BLOCKS_7",
            "projected_cuboid": [
                [
                    361.6832196712494,
                    -71.98640704154968
                ],
                [
                    350.55336356163025,
                    -51.699548959732056
                ],
                [
                    430.67166209220886,
                    -39.94166851043701
                ],
                [
                    456.15625381469727,
                    -58.17344784736633
                ],
                [
                    341.9051170349121,
                    38.73582184314728
                ],
                [
                    334.1195583343506,
                    42.10706055164337
                ],
                [
                    410.75578331947327,
                    53.53768169879913
                ],
                [
                    431.5739572048187,
                    52.10019648075104
                ],
                [
                    388.74033093452454,
                    -2.7761459350585938
                ]
            ],
            "provenance": "visii",
            "quaternion_xyzw": [
                0.4634837806224823,
                0.5409533977508545,
                -0.3698067367076874,
                -0.5964857339859009
            ],
            "quaternion_xyzw_world": [
                0.38887912034988403,
                0.5218810439109802,
                0.6155580878257751,
                -0.44441139698028564
            ],
            "segmentation_id": 8,
            "visibility": 0
        },
        {
            "bounding_box_minx_maxx_miny_maxy": [
                451,
                475,
                479,
                500
            ],
            "class": "Great",
            "local_cuboid": null,
            "local_to_world_matrix": [
                [
                    0.8851423859596252,
                    0.46131181716918945,
                    -0.0609455406665802,
                    0.0
                ],
                [
                    0.25732702016830444,
                    -0.5944018363952637,
                    -0.7618853449821472,
                    0.0
                ],
                [
                    -0.3876928389072418,
                    0.6586940884590149,
                    -0.6448382139205933,
                    0.0
                ],
                [
                    1.5018149614334106,
                    -0.5234984755516052,
                    -0.5877231955528259,
                    1.0
                ]
            ],
            "location": [
                0.5234984755516052,
                -0.5877231955528259,
                -1.5018149614334106
            ],
            "location_world": [
                1.5018149614334106,
                -0.5234984755516052,
                -0.5877231955528259
            ],
            "name": "google_Great_Jones_Wingtip_kAqSg6EgG0I_8",
            "projected_cuboid": [
                [
                    385.8637809753418,
                    474.4797348976135
                ],
                [
                    451.16719603538513,
                    555.5713176727295
                ],
                [
                    474.0103483200073,
                    519.2826986312866
                ],
                [
                    411.8267893791199,
                    438.6293888092041
                ],
                [
                    418.2761013507843,
                    487.64291405677795
                ],
                [
                    486.2218499183655,
                    573.5169649124146
                ],
                [
                    509.5362663269043,
                    534.3043804168701
                ],
                [
                    445.03718614578247,
                    448.8823115825653
                ],
                [
                    448.241651058197,
                    504.65404987335205
                ]
            ],
            "provenance": "visii",
            "quaternion_xyzw": [
                0.47772398591041565,
                0.2791655659675598,
                -0.8079124093055725,
                0.20279034972190857
            ],
            "quaternion_xyzw_world": [
                0.8837961554527283,
                0.20328183472156525,
                -0.1269066333770752,
                -0.4018402397632599
            ],
            "segmentation_id": 9,
            "visibility": 1
        },
        {
            "bounding_box_minx_maxx_miny_maxy": [
                217,
                299,
                249,
                297
            ],
            "class": "Ecoforms",
            "local_cuboid": null,
            "local_to_world_matrix": [
                [
                    0.37912696599960327,
                    0.9036195278167725,
                    0.19933496415615082,
                    0.0
                ],
                [
                    -0.7880451679229736,
                    0.4282047152519226,
                    -0.44229575991630554,
                    0.0
                ],
                [
                    -0.48502326011657715,
                    0.010601311922073364,
                    0.8744369745254517,
                    0.0
                ],
                [
                    1.6576519012451172,
                    -0.031098922714591026,
                    -0.08797215670347214,
                    1.0
                ]
            ],
            "location": [
                0.031098922714591026,
                -0.08797215670347214,
                -1.6576519012451172
            ],
            "location_world": [
                1.6576519012451172,
                -0.031098922714591026,
                -0.08797215670347214
            ],
            "name": "google_Ecoforms_Plant_Container_Quadra_Sand_QP6_9",
            "projected_cuboid": [
                [
                    244.30927634239197,
                    206.93369209766388
                ],
                [
                    211.78540587425232,
                    235.75672507286072
                ],
                [
                    214.3811136484146,
                    291.41950607299805
                ],
                [
                    245.18196284770966,
                    259.21303033828735
                ],
                [
                    308.34871530532837,
                    219.19183433055878
                ],
                [
                    280.7726263999939,
                    250.68864226341248
                ],
                [
                    279.8435091972351,
                    308.15961956977844
                ],
                [
                    306.1729967594147,
                    273.10454845428467
                ],
                [
                    261.30571961402893,
                    255.35118579864502
                ]
            ],
            "provenance": "visii",
            "quaternion_xyzw": [
                -0.11581552028656006,
                0.4940395951271057,
                0.8412696719169617,
                0.1864858865737915
            ],
            "quaternion_xyzw_world": [
                -0.13827984035015106,
                -0.2089502215385437,
                0.5165039300918579,
                0.8188053369522095
            ],
            "segmentation_id": 10,
            "visibility": 1
        },
        {
            "bounding_box_minx_maxx_miny_maxy": [
                0,
                56,
                1,
                25
            ],
            "class": "ReadytoUse",
            "local_cuboid": null,
            "local_to_world_matrix": [
                [
                    0.09597241878509521,
                    0.9800459146499634,
                    0.17406725883483887,
                    0.0
                ],
                [
                    0.3016541302204132,
                    -0.19528746604919434,
                    0.9332029223442078,
                    0.0
                ],
                [
                    0.9485747814178467,
                    -0.03705364465713501,
                    -0.3143770694732666,
                    0.0
                ],
                [
                    0.7016097903251648,
                    0.29919305443763733,
                    0.2771728038787842,
                    1.0
                ]
            ],
            "location": [
                -0.29919305443763733,
                0.2771728038787842,
                -0.7016097903251648
            ],
            "location_world": [
                0.7016097903251648,
                0.29919305443763733,
                0.2771728038787842
            ],
            "name": "google_ReadytoUse_Rolled_Fondant_Pure_White_24_oz_box_10",
            "projected_cuboid": [
                [
                    -0.6473958492279053,
                    101.38213634490967
                ],
                [
                    10.216861963272095,
                    72.27195799350739
                ],
                [
                    -48.725008964538574,
                    -12.273132801055908
                ],
                [
                    -63.319891691207886,
                    21.700337529182434
                ],
                [
                    80.74513077735901,
                    114.40533399581909
                ],
                [
                    90.35901725292206,
                    84.67774093151093
                ],
                [
                    48.672616481781006,
                    1.5511959791183472
                ],
                [
                    35.92686355113983,
                    36.39860451221466
                ],
                [
                    21.53828740119934,
                    56.47505819797516
                ]
            ],
            "provenance": "visii",
            "quaternion_xyzw": [
                0.09397608041763306,
                0.9825761914253235,
                -0.1567387878894806,
                0.03384624421596527
            ],
            "quaternion_xyzw_world": [
                0.6335686445236206,
                0.5057463049888611,
                0.44298359751701355,
                0.38285377621650696
            ],
            "segmentation_id": 11,
            "visibility": 1
        },
        {
            "bounding_box_minx_maxx_miny_maxy": [
                0,
                208,
                268,
                500
            ],
            "class": "Dog",
            "local_cuboid": null,
            "local_to_world_matrix": [
                [
                    -0.4316518306732178,
                    -0.5502223372459412,
                    0.7147952318191528,
                    0.0
                ],
                [
                    -0.06844930350780487,
                    -0.7701561450958252,
                    -0.6341723203659058,
                    0.0
                ],
                [
                    0.8994395732879639,
                    -0.32266882061958313,
                    0.2947767972946167,
                    0.0
                ],
                [
                    0.13616642355918884,
                    0.11756616085767746,
                    -0.1488341987133026,
                    1.0
                ]
            ],
            "location": [
                -0.11756616085767746,
                -0.1488341987133026,
                -0.13616642355918884
            ],
            "location_world": [
                0.13616642355918884,
                0.11756616085767746,
                -0.1488341987133026
            ],
            "name": "google_Dog_11",
            "projected_cuboid": [
                [
                    117.65922605991364,
                    131.31290674209595
                ],
                [
                    446.60496711730957,
                    401.6980230808258
                ],
                [
                    401.23507380485535,
                    1197.8702545166016
                ],
                [
                    -566.2931203842163,
                    286.42553091049194
                ],
                [
                    -54.38163876533508,
                    433.2995414733887
                ],
                [
                    176.43946409225464,
                    638.8070583343506
                ],
                [
                    -114.3052875995636,
                    1226.759433746338
                ],
                [
                    -541.7495965957642,
                    789.868950843811
                ],
                [
                    25.372475385665894,
                    567.1348571777344
                ]
            ],
            "provenance": "visii",
            "quaternion_xyzw": [
                0.878042459487915,
                0.422801673412323,
                0.21477335691452026,
                -0.06444093585014343
            ],
            "quaternion_xyzw_world": [
                0.510814905166626,
                -0.30278661847114563,
                0.7900292277336121,
                -0.1524541825056076
            ],
            "segmentation_id": 12,
            "visibility": 1
        },
        {
            "bounding_box_minx_maxx_miny_maxy": [
                -1,
                -1,
                -1,
                -1
            ],
            "class": "Black",
            "local_cuboid": null,
            "local_to_world_matrix": [
                [
                    0.6246321201324463,
                    0.6316186785697937,
                    -0.45923036336898804,
                    0.0
                ],
                [
                    0.7636948227882385,
                    -0.6168969869613647,
                    0.19028501212596893,
                    0.0
                ],
                [
                    -0.16311024129390717,
                    -0.46956998109817505,
                    -0.8676975965499878,
                    0.0
                ],
                [
                    0.1709289699792862,
                    -0.1729232221841812,
                    -0.016426116228103638,
                    1.0
                ]
            ],
            "location": [
                0.1729232221841812,
                -0.016426116228103638,
                -0.1709289699792862
            ],
            "location_world": [
                0.1709289699792862,
                -0.1729232221841812,
                -0.016426116228103638
            ],
            "name": "google_Black_Elderberry_Syrup_54_oz_Gaia_Herbs_12",
            "projected_cuboid": [
                [
                    1117.3856258392334,
                    932.1745038032532
                ],
                [
                    1026.0379314422607,
                    731.9564819335938
                ],
                [
                    744.5034980773926,
                    318.35633516311646
                ],
                [
                    746.3947534561157,
                    377.7521252632141
                ],
                [
                    1610.9929084777832,
                    1011.8234157562256
                ],
                [
                    1351.6103029251099,
                    740.9328818321228
                ],
                [
                    968.9943790435791,
                    242.08182096481323
                ],
                [
                    1049.0294694900513,
                    291.34488105773926
                ],
                [
                    1035.4688167572021,
                    551.2210726737976
                ]
            ],
            "provenance": "visii",
            "quaternion_xyzw": [
                0.06120873987674713,
                0.643970787525177,
                -0.6333332061767578,
                0.4247871935367584
            ],
            "quaternion_xyzw_world": [
                0.8816499710083008,
                0.3956540524959564,
                -0.17647044360637665,
                0.18710798025131226
            ],
            "segmentation_id": 13,
            "visibility": 0
        },
        {
            "bounding_box_minx_maxx_miny_maxy": [
                -1,
                -1,
                -1,
                -1
