{
    "camera_data": {
        "camera_look_at": {
            "at": [
                1.0,
                0.0,
                0.0
            ],
            "eye": [
                0.0,
                0.0,
                0.0
            ],
            "up": [
                0.0,
                0.0,
                1.0
            ]
        },
        "camera_view_matrix": [
            [
                0.0,
                0.0,
                -1.0,
                0.0
            ],
            [
                -1.0,
                0.0,
                0.0,
                0.0
            ],
            [
                0.0,
                1.0,
                0.0,
                0.0
            ],
            [
                0.0,
                0.0,
                0.0,
                1.0
            ]
        ],
        "height": 500,
        "intrinsics": {
            "cx": 250.0,
            "cy": 250.0,
            "fx": 603.5535278320312,
            "fy": 603.5535278320312
        },
        "location_world": [
            0.0,
            0.0,
            0.0
        ],
        "quaternion_world_xyzw": [
            0.5,
            -0.5,
            -0.5,
            0.5
        ],
        "width": 500
    },
    "objects": [
        {
            "bounding_box_minx_maxx_miny_maxy": [
                -1,
                -1,
                -1,
                -1
            ],
            "class": "Reebok",
            "local_cuboid": null,
            "local_to_world_matrix": [
                [
                    -0.09574496746063232,
                    -0.9023001790046692,
                    0.42034196853637695,
                    0.0
                ],
                [
                    -0.9414672255516052,
                    0.21920722723007202,
                    0.25610119104385376,
                    0.0
                ],
                [
                    -0.32322216033935547,
                    -0.3712177872657776,
                    -0.870474100112915,
                    0.0
                ],
                [
                    0.3658037781715393,
                    0.4640170633792877,
                    0.184625506401062,
                    1.0
                ]
            ],
            "location": [
                -0.4640170633792877,
                0.184625506401062,
                -0.3658037781715393
            ],
            "location_world": [
                0.3658037781715393,
                0.4640170633792877,
                0.184625506401062
            ],
            "name": "google_Reebok_SOMERSET_RUN_0",
            "projected_cuboid": [
                [
                    -192.722886800766,
                    158.45376253128052
                ],
                [
                    -1060.4751110076904,
                    -222.01251983642578
                ],
                [
                    -956.4646482467651,
                    -416.35650396347046
                ],
                [
                    -211.5863859653473,
                    42.9249107837677
                ],
                [
                    -312.9313588142395,
                    221.2783396244049
                ],
                [
                    -1301.8237352371216,
                    -49.89498853683472
                ],
                [
                    -1163.8425588607788,
                    -262.90440559387207
                ],
                [
                    -322.5327730178833,
                    103.57064008712769
                ],
                [
                    -519.3818807601929,
                    16.720101237297058
                ]
            ],
            "provenance": "visii",
            "quaternion_xyzw": [
                -0.5751036405563354,
                -0.08743411302566528,
                -0.20299068093299866,
                -0.7876585125923157
            ],
            "quaternion_xyzw_world": [
                -0.6236028075218201,
                0.739159345626831,
                -0.03893497213721275,
                -0.2514897882938385
            ],
            "segmentation_id": 1,
            "visibility": 0
        },
        {
            "bounding_box_minx_maxx_miny_maxy": [
                -1,
                -1,
                -1,
                -1
            ],
            "class": "Breyer",
            "local_cuboid": null,
            "local_to_world_matrix": [
                [
                    -0.22712445259094238,
                    0.30281978845596313,
                    0.9255889058113098,
                    0.0
                ],
                [
                    -0.7209227681159973,
                    0.5867022275924683,
                    -0.3688507676124573,
                    0.0
                ],
                [
                    -0.6547403931617737,
                    -0.7510530352592468,
                    0.08505517244338989,
                    0.0
                ],
                [
                    0.30645301938056946,
                    0.14651870727539062,
                    -0.45771482586860657,
                    1.0
                ]
            ],
            "location": [
                -0.14651870727539062,
                -0.45771482586860657,
                -0.30645301938056946
            ],
            "location_world": [
                0.30645301938056946,
                0.14651870727539062,
                -0.45771482586860657
            ],
            "name": "google_Breyer_Horse_Of_The_Year_2015_1",
            "projected_cuboid": [
                [
                    84.27228033542633,
                    1260.9258890151978
                ],
                [
                    -92.91192889213562,
                    1616.886019706726
                ],
                [
                    -230.6177318096161,
                    1109.1047525405884
                ],
                [
                    -94.10840272903442,
                    945.0488686561584
                ],
                [
                    289.45761919021606,
                    1567.2359466552734
                ],
                [
                    198.56199622154236,
                    1894.4239616394043
                ],
                [
                    -10.820120573043823,
                    1382.8045129776
                ],
                [
                    78.90543341636658,
                    1210.799217224121
                ],
                [
                    26.21026337146759,
                    1335.3431224822998
                ]
            ],
            "provenance": "visii",
            "quaternion_xyzw": [
                0.3206597566604614,
                0.26421043276786804,
                0.7626287937164307,
                0.49574941396713257
            ],
            "quaternion_xyzw_world": [
                0.1589953750371933,
                -0.6574137806892395,
                0.425874799489975,
                0.6009644865989685
            ],
            "segmentation_id": 2,
            "visibility": 0
        },
        {
            "bounding_box_minx_maxx_miny_maxy": [
                211,
                276,
                1,
                32
            ],
            "class": "Smith",
            "local_cuboid": null,
            "local_to_world_matrix": [
                [
                    -0.8428679704666138,
                    -0.42267823219299316,
                    -0.33304139971733093,
                    0.0
                ],
                [
                    -0.388560950756073,
                    0.9062114953994751,
                    -0.16673673689365387,
                    0.0
                ],
                [
                    0.372281938791275,
                    -0.011130169034004211,
                    -0.9280529022216797,
                    0.0
                ],
                [
                    1.7526541948318481,
                    0.06635856628417969,
                    0.7744754552841187,
                    1.0
                ]
            ],
            "location": [
                -0.06635856628417969,
                0.7744754552841187,
                -1.7526541948318481
            ],
            "location_world": [
                1.7526541948318481,
                0.06635856628417969,
                0.7744754552841187
            ],
            "name": "google_Smith_Hawken_Woven_BasketTray_Organizer_with_3_Compartments_95_x_9_x_13_2",
            "projected_cuboid": [
                [
                    295.276939868927,
                    82.26752281188965
                ],
                [
                    212.75649964809418,
                    87.79537677764893
                ],
                [
                    209.19138193130493,
                    -19.683420658111572
                ],
                [
                    296.9265878200531,
                    -19.03587579727173
                ],
                [
                    243.81224811077118,
                    71.8030333518982
                ],
                [
                    171.4891791343689,
                    75.93615353107452
                ],
                [
                    166.2832498550415,
                    -14.570653438568115
                ],
                [
                    242.5725758075714,
                    -14.28532600402832
                ],
                [
                    228.92111539840698,
                    32.452866435050964
                ]
            ],
            "provenance": "visii",
            "quaternion_xyzw": [
                -0.7003029584884644,
                0.4423988163471222,
                -0.30486738681793213,
                -0.47001582384109497
            ],
            "quaternion_xyzw_world": [
                -0.21152625977993011,
                0.958792507648468,
                -0.046377841383218765,
                0.18390928208827972
            ],
            "segmentation_id": 3,
            "visibility": 1
        },
        {
            "bounding_box_minx_maxx_miny_maxy": [
                488,
                499,
                163,
                254
            ],
            "class": "Paul",
            "local_cuboid": null,
            "local_to_world_matrix": [
                [
                    -0.3716927766799927,
                    -0.8896136283874512,
                    0.2653906047344208,
                    0.0
                ],
                [
                    -0.5737819671630859,
                    0.4448741674423218,
                    0.6876490712165833,
                    0.0
                ],
                [
                    -0.7298073768615723,
                    0.10331779718399048,
                    -0.6758008003234863,
                    0.0
                ],
                [
                    1.1545895338058472,
                    -0.34380295872688293,
                    0.11027465760707855,
                    1.0
                ]
            ],
            "location": [
                0.34380295872688293,
                0.11027465760707855,
                -1.1545895338058472
            ],
            "location_world": [
                1.1545895338058472,
                -0.34380295872688293,
                0.11027465760707855
            ],
            "name": "google_Paul_Frank_Dot_Lunch_Box_3",
            "projected_cuboid": [
                [
                    537.969708442688,
                    280.2773416042328
                ],
                [
                    525.6564617156982,
                    232.86467790603638
                ],
                [
                    495.6797659397125,
                    147.48622477054596
                ],
                [
                    507.7916383743286,
                    192.4862116575241
                ],
                [
                    378.6890208721161,
                    317.11259484291077
                ],
                [
                    357.7447533607483,
                    276.6019403934479
                ],
                [
                    354.52374815940857,
                    192.0364797115326
                ],
                [
                    372.75633215904236,
                    231.23197257518768
                ],
                [
                    437.44415044784546,
                    231.9226711988449
                ]
            ],
            "provenance": "visii",
            "quaternion_xyzw": [
                -0.34356847405433655,
                0.13060250878334045,
                -0.1952848732471466,
                -0.9092675447463989
            ],
            "quaternion_xyzw_world": [
                -0.4634743332862854,
                0.7893617153167725,
                0.2505083680152893,
                -0.31519073247909546
            ],
            "segmentation_id": 4,
            "visibility": 1
        },
        {
            "bounding_box_minx_maxx_miny_maxy": [
                221,
                278,
                377,
                462
            ],
            "class": "Toys",
            "local_cuboid": null,
            "local_to_world_matrix": [
                [
                    -0.4926033020019531,
                    -0.2283990979194641,
                    0.8397475481033325,
                    0.0
                ],
                [
                    -0.8029014468193054,
                    -0.2529435157775879,
                    -0.5397859811782837,
                    0.0
                ],
                [
                    0.3356952667236328,
                    -0.9401348829269409,
                    -0.05878126621246338,
                    0.0
                ],
                [
                    1.0973823070526123,
                    0.04771898686885834,
                    -0.30855169892311096,
                    1.0
                ]
            ],
            "location": [
                -0.04771898686885834,
                -0.30855169892311096,
                -1.0973823070526123
            ],
            "location_world": [
                1.0973823070526123,
                0.04771898686885834,
                -0.30855169892311096
            ],
            "name": "google_Toys_R_Us_Treat_Dispenser_Smart_Puzzle_Foobler_4",
            "projected_cuboid": [
                [
                    298.7508177757263,
                    358.6556315422058
                ],
                [
                    326.89183950424194,
                    419.25346851348877
                ],
                [
                    243.56767535209656,
                    422.53655195236206
                ],
                [
                    223.31801056861877,
                    358.7922155857086
                ],
                [
                    278.69588136672974,
                    414.81977701187134
                ],
                [
                    302.7283847332001,
                    477.4808883666992
                ],
                [
                    224.15965795516968,
                    483.32464694976807
                ],
                [
                    207.20216631889343,
                    417.364239692688
                ],
                [
                    263.09677958488464,
                    418.2465076446533
                ]
            ],
            "provenance": "visii",
            "quaternion_xyzw": [
                0.7252379655838013,
                0.3766663670539856,
                0.49388548731803894,
                0.29703444242477417
            ],
            "quaternion_xyzw_world": [
                0.45252662897109985,
                -0.5697457790374756,
                0.649377703666687,
                0.2211741954088211
            ],
            "segmentation_id": 5,
            "visibility": 1
        },
        {
            "bounding_box_minx_maxx_miny_maxy": [
                -1,
                -1,
                -1,
                -1
            ],
            "class": "Tag",
            "local_cuboid": null,
            "local_to_world_matrix": [
                [
                    -0.08610796928405762,
                    -0.9900437593460083,
                    -0.1113504096865654,
                    0.0
                ],
                [
                    -0.9663470983505249,
                    0.05580383539199829,
                    0.25111618638038635,
                    0.0
                ],
                [
                    -0.24240219593048096,
                    0.12922623753547668,
                    -0.9615310430526733,
                    0.0
                ],
                [
                    0.2799391448497772,
                    -0.4339013397693634,
                    0.37160724401474,
                    1.0
                ]
            ],
            "location": [
                0.4339013397693634,
                0.37160724401474,
                -0.2799391448497772
            ],
            "location_world": [
                0.2799391448497772,
                -0.4339013397693634,
                0.37160724401474
            ],
            "name": "google_Tag_Dishtowel_Basket_Weave_Red_18_x_26_5",
            "projected_cuboid": [
                [
                    1083.008885383606,
                    -229.44727540016174
                ],
                [
                    2267.8723335266113,
                    -1174.0174293518066
                ],
                [
                    2178.3833503723145,
                    -1225.2000570297241
                ],
                [
                    1071.7984437942505,
                    -271.43049240112305
                ],
                [
                    791.5442585945129,
                    -240.7359778881073
                ],
                [
                    1477.3443937301636,
                    -1117.222785949707
                ],
                [
                    1433.577537536621,
                    -1166.8514013290405
                ],
                [
                    786.9018316268921,
                    -280.9396982192993
                ],
                [
                    1194.0975189208984,
                    -526.4931321144104
                ]
            ],
            "provenance": "visii",
            "quaternion_xyzw": [
                -0.6116628050804138,
                0.06831963360309601,
                0.01762339472770691,
                -0.7879660725593567
            ],
            "quaternion_xyzw_world": [
                -0.6744663119316101,
                0.7251625657081604,
                0.1311231553554535,
                -0.04518014192581177
            ],
            "segmentation_id": 6,
            "visibility": 0
        },
        {
            "bounding_box_minx_maxx_miny_maxy": [
                -1,
                -1,
                -1,
                -1
            ],
            "class": "FRACTION",
            "local_cuboid": null,
            "local_to_world_matrix": [
                [
                    0.6278899312019348,
                    -0.7423705458641052,
                    0.23375248908996582,
                    0.0
                ],
                [
                    -0.5988729596138,
                    -0.6526548862457275,
                    -0.46410417556762695,
                    0.0
                ],
                [
                    0.4970970153808594,
                    0.1514183133840561,
                    -0.8543810844421387,
                    0.0
                ],
                [
                    1.714729905128479,
                    -0.5423198342323303,
                    -0.42000994086265564,
                    1.0
                ]
            ],
            "location": [
                0.5423198342323303,
                -0.42000994086265564,
                -1.714729905128479
            ],
            "location_world": [
                1.714729905128479,
                -0.5423198342323303,
                -0.42000994086265564
            ],
            "name": "google_FRACTION_FUN_n4h4qte23QR_6",
            "projected_cuboid": [
                [
                    426.0226786136627,
                    378.3681392669678
                ],
                [
                    480.46404123306274,
                    417.2903895378113
                ],
                [
                    485.72850227355957,
                    406.23486042022705
                ],
                [
                    430.31173944473267,
                    367.53448843955994
                ],
                [
                    392.0011520385742,
                    400.71234107017517
                ],
                [
                    447.7563500404358,
                    443.8272714614868
                ],
                [
                    452.9379606246948,
                    432.3734939098358
                ],
                [
                    396.1336612701416,
                    389.467716217041
                ],
                [
                    438.5247528553009,
                    403.4535586833954
                ]
            ],
            "provenance": "visii",
            "quaternion_xyzw": [
                0.822127103805542,
                0.2695469558238983,
                -0.23697924613952637,
                0.44191887974739075
            ],
            "quaternion_xyzw_world": [
                0.8852860927581787,
                -0.37875989079475403,
                0.2063879370689392,
                -0.17382022738456726
            ],
            "segmentation_id": 7,
            "visibility": 0
        },
        {
            "bounding_box_minx_maxx_miny_maxy": [
                343,
                440,
                1,
                58
            ],
            "class": "FAIRY",
            "local_cuboid": null,
            "local_to_world_matrix": [
                [
                    -0.48577332496643066,
                    0.0960828959941864,
                    0.8687878847122192,
                    0.0
                ],
                [
                    0.7971101999282837,
                    0.45653969049453735,
                    0.3952048122882843,
                    0.0
                ],
                [
                    -0.35866376757621765,
                    0.8844996690750122,
                    -0.29836344718933105,
                    0.0
                ],
                [
                    1.6904065608978271,
                    -0.4440830945968628,
                    0.6750219464302063,
                    1.0
                ]
            ],
            "location": [
                0.4440830945968628,
                0.6750219464302063,
                -1.6904065608978271
            ],
            "location_world": [
                1.6904065608978271,
                -0.4440830945968628,
                0.6750219464302063
            ],
            "name": "google_FAIRY_TALE_BLOCKS_7",
            "projected_cuboid": [
                [
                    373.39991331100464,
                    -27.615666389465332
                ],
                [
                    313.5388493537903,
                    -30.375242233276367
                ],
                [
                    379.23499941825867,
                    -40.59728980064392
                ],
                [
                    445.0591504573822,
                    -39.39935564994812
                ],
                [
                    373.0906844139099,
                    76.74631476402283
                ],
                [
                    317.3222839832306,
                    61.75811588764191
                ],
                [
                    378.5960078239441,
                    48.22622239589691
                ],
                [
                    439.52226638793945,
                    60.74689328670502
                ],
                [
                    376.3219714164734,
                    15.035003423690796
                ]
            ],
            "provenance": "visii",
            "quaternion_xyzw": [
                0.1936805248260498,
                0.5321240425109863,
                -0.5146702527999878,
                -0.6437751054763794
            ],
            "quaternion_xyzw_world": [
                0.2983498275279999,
                0.7484444379806519,
                0.42745471000671387,
                -0.41000092029571533
            ],
            "segmentation_id": 8,
            "visibility": 1
        },
        {
            "bounding_box_minx_maxx_miny_maxy": [
                -1,
                -1,
                -1,
                -1
            ],
            "class": "Great",
            "local_cuboid": null,
            "local_to_world_matrix": [
                [
                    0.4604962468147278,
                    0.648840606212616,
                    0.60576331615448,
                    0.0
                ],
                [
                    0.5694242119789124,
                    -0.7394375801086426,
                    0.3591492176055908,
                    0.0
                ],
                [
                    0.6809546947479248,
                    0.1795494109392166,
                    -0.7099738121032715,
                    0.0
                ],
                [
                    1.400521159172058,
                    -0.5230340957641602,
                    -0.47331181168556213,
                    1.0
                ]
            ],
            "location": [
                0.5230340957641602,
                -0.47331181168556213,
                -1.400521159172058
            ],
            "location_world": [
                1.400521159172058,
                -0.5230340957641602,
                -0.47331181168556213
            ],
            "name": "google_Great_Jones_Wingtip_kAqSg6EgG0I_8",
            "projected_cuboid": [
                [
                    399.8093605041504,
                    495.92214822769165
                ],
                [
                    470.5429971218109,
                    426.0086119174957
                ],
                [
                    489.9546504020691,
                    402.83501148223877
                ],
                [
                    417.7033305168152,
                    473.71894121170044
                ],
                [
                    437.3880624771118,
                    534.9906086921692
                ],
                [
                    506.1405897140503,
                    458.24921131134033
                ],
                [
                    528.1152725219727,
                    435.97060441970825
                ],
                [
                    458.2579731941223,
                    514.2558813095093
                ],
                [
                    465.0542140007019,
                    465.4361605644226
                ]
            ],
            "provenance": "visii",
            "quaternion_xyzw": [
                0.4101721942424774,
                0.8199000954627991,
                -0.3901078999042511,
                0.08566495776176453
            ],
            "quaternion_xyzw_world": [
                0.8529225587844849,
                0.3570854067802429,
                0.37714970111846924,
                0.052642468363046646
            ],
            "segmentation_id": 9,
            "visibility": 0
        },
        {
            "bounding_box_minx_maxx_miny_maxy": [
                184,
                219,
                254,
                287
            ],
            "class": "Ecoforms",
            "local_cuboid": null,
            "local_to_world_matrix": [
                [
                    0.7939306497573853,
                    0.4785136580467224,
                    0.3750983476638794,
                    0.0
                ],
                [
                    -0.1471671611070633,
                    0.7498255968093872,
                    -0.6450607776641846,
                    0.0
                ],
                [
                    -0.5899287462234497,
                    0.45693135261535645,
                    0.6657310128211975,
                    0.0
                ],
                [
                    1.6621977090835571,
                    0.0038978562224656343,
                    -0.07544296234846115,
                    1.0
                ]
            ],
            "location": [
                -0.0038978562224656343,
                -0.07544296234846115,
                -1.6621977090835571
            ],
            "location_world": [
                1.6621977090835571,
                0.0038978562224656343,
                -0.07544296234846115
            ],
            "name": "google_Ecoforms_Plant_Container_Quadra_Sand_QP6_9",
            "projected_cuboid": [
                [
                    229.86814379692078,
                    201.15503668785095
                ],
                [
                    176.54722929000854,
                    245.88622152805328
                ],
                [
                    207.74658024311066,
                    285.40727496147156
                ],
                [
                    257.5428783893585,
                    242.5835281610489
                ],
                [
                    264.4640803337097,
                    224.94542598724365
                ],
                [
                    206.33020997047424,
                    274.7173309326172
                ],
                [
                    238.6450320482254,
                    316.2137567996979
                ],
                [
                    292.6030158996582,
                    268.80794763565063
                ],
                [
                    234.14814472198486,
                    257.2627663612366
                ]
            ],
            "provenance": "visii",
            "quaternion_xyzw": [
                -0.3796769380569458,
                0.24674080312252045,
                0.8236356973648071,
                0.34145069122314453
            ],
            "quaternion_xyzw_world": [
                -0.30756059288978577,
                -0.2693343162536621,
                0.17462444305419922,
                0.8957520723342896
            ],
            "segmentation_id": 10,
            "visibility": 1
        },
        {
            "bounding_box_minx_maxx_miny_maxy": [
                0,
                90,
                1,
                141
            ],
            "class": "ReadytoUse",
            "local_cuboid": null,
            "local_to_world_matrix": [
                [
                    0.5649434924125671,
                    0.8249711394309998,
                    0.016170725226402283,
                    0.0
                ],
                [
                    0.6958529353141785,
                    -0.48687171936035156,
                    0.5279626250267029,
                    0.0
                ],
                [
                    0.44342702627182007,
                    -0.2870166003704071,
                    -0.8491135835647583,
                    0.0
                ],
                [
                    0.7428823709487915,
                    0.31770583987236023,
                    0.3031298816204071,
                    1.0
                ]
            ],
            "location": [
                -0.31770583987236023,
                0.3031298816204071,
                -0.7428823709487915
            ],
            "location_world": [
                0.7428823709487915,
                0.31770583987236023,
                0.3031298816204071
            ],
            "name": "google_ReadytoUse_Rolled_Fondant_Pure_White_24_oz_box_10",
            "projected_cuboid": [
                [
                    10.500878095626831,
                    143.05630326271057
                ],
                [
                    36.53329610824585,
                    129.24975156784058
                ],
                [
                    -20.355403423309326,
                    9.047254920005798
                ],
                [
                    -51.50806903839111,
                    18.806159496307373
                ],
                [
                    68.09607148170471,
                    135.01016795635223
                ],
                [
                    93.90445053577423,
                    120.361328125
                ],
                [
                    37.53967583179474,
                    -12.147247791290283
                ],
                [
                    6.152018904685974,
                    -2.465963363647461
                ],
                [
                    23.072853684425354,
                    70.89294493198395
                ]
            ],
            "provenance": "visii",
            "quaternion_xyzw": [
                0.150410458445549,
                0.8361161351203918,
                -0.46194735169410706,
                0.25473731756210327
            ],
            "quaternion_xyzw_world": [
                0.8516056537628174,
                0.4464578330516815,
                0.13492093980312347,
                0.23924784362316132
            ],
            "segmentation_id": 11,
            "visibility": 1
        },
        {
            "bounding_box_minx_maxx_miny_maxy": [
                0,
                166,
                158,
                500
            ],
            "class": "Dog",
            "local_cuboid": null,
            "local_to_world_matrix": [
                [
                    -0.5902830362319946,
                    -0.03229059278964996,
                    0.8065502047538757,
                    0.0
                ],
                [
                    -0.2598334550857544,
                    -0.9384160041809082,
                    -0.22773201763629913,
                    0.0
                ],
                [
                    0.7642332911491394,
                    -0.343995064496994,
                    0.5455409288406372,
                    0.0
                ],
                [
                    0.15859484672546387,
                    0.1351010799407959,
                    -0.13150621950626373,
                    1.0
                ]
            ],
            "location": [
                -0.1351010799407959,
                -0.13150621950626373,
                -0.15859484672546387
            ],
            "location_world": [
                0.15859484672546387,
                0.1351010799407959,
                -0.13150621950626373
            ],
            "name": "google_Dog_11",
            "projected_cuboid": [
                [
                    -90.4994010925293,
                    36.409348249435425
                ],
                [
                    320.04716992378235,
                    106.8083643913269
                ],
                [
                    -156.76051378250122,
                    787.055253982544
                ],
                [
                    -917.2478914260864,
                    329.81082797050476
                ],
                [
                    14.249071478843689,
                    390.1122808456421
                ],
                [
                    280.13500571250916,
                    481.6244840621948
                ],
                [
                    97.44663536548615,
                    982.6891422271729
                ],
                [
                    -295.20875215530396,
                    738.3161187171936
                ],
                [
                    -9.36281681060791,
                    444.9196457862854
                ]
            ],
            "provenance": "visii",
            "quaternion_xyzw": [
                0.711381733417511,
                0.6132313013076782,
                0.32833224534988403,
                -0.10040584206581116
            ],
            "quaternion_xyzw_world": [
                0.4479375183582306,
                -0.16303838789463043,
                0.876675546169281,
                0.06488798558712006
            ],
            "segmentation_id": 12,
            "visibility": 1
        },
        {
            "bounding_box_minx_maxx_miny_maxy": [
                -1,
                -1,
                -1,
                -1
            ],
            "class": "Black",
            "local_cuboid": null,
            "local_to_world_matrix": [
                [
                    0.4741884469985962,
                    0.4971272349357605,
                    -0.7266428470611572,
                    0.0
                ],
                [
                    0.8413384556770325,
                    -0.4990428686141968,
                    0.20761939883232117,
                    0.0
                ],
                [
                    -0.25941264629364014,
                    -0.7098033428192139,
                    -0.6548926830291748,
                    0.0
                ],
                [
                    0.1735640913248062,
                    -0.17971597611904144,
                    -0.0031494474969804287,
                    1.0
                ]
            ],
            "location": [
                0.17971597611904144,
                -0.0031494474969804287,
                -0.1735640913248062
            ],
            "location_world": [
                0.1735640913248062,
                -0.17971597611904144,
                -0.0031494474969804287
            ],
            "name": "google_Black_Elderberry_Syrup_54_oz_Gaia_Herbs_12",
            "projected_cuboid": [
                [
                    1479.4725179672241,
                    855.8639287948608
                ],
                [
                    1230.91721534729,
                    640.583872795105
                ],
                [
                    763.4029984474182,
                    300.6044924259186
                ],
                [
                    811.0239505767822,
                    361.75215244293213
                ],
                [
                    1996.9137907028198,
                    767.2210931777954
                ],
                [
                    1527.8773307800293,
                    542.2581434249878
                ],
                [
                    931.3766360282898,
                    172.47551679611206
                ],
                [
                    1050.3356456756592,
                    198.74703884124756
                ],
                [
                    1152.0535945892334,
                    447.6245045661926
                ]
            ],
            "provenance": "visii",
            "quaternion_xyzw": [
                -0.09465819597244263,
                0.6011102199554443,
                -0.6222781538963318,
                0.4924187660217285
            ],
            "quaternion_xyzw_world": [
                0.810574471950531,
                0.4128139317035675,
                -0.3041224181652069,
                0.28295448422431946
            ],
            "segmentation_id": 13,
            "visibility": 0
        },
        {
            "bounding_box_minx_maxx_miny_maxy": [
                -1,
                -1,
                -1,
                -1
            ],
