{
    "camera_data": {
        "camera_look_at": {
            "at": [
                1.0,
                0.0,
                0.0
            ],
            "eye": [
                0.0,
                0.0,
                0.0
            ],
            "up": [
                0.0,
                0.0,
                1.0
            ]
        },
        "camera_view_matrix": [
            [
                0.0,
                0.0,
                -1.0,
                0.0
            ],
            [
                -1.0,
                0.0,
                0.0,
                0.0
            ],
            [
                0.0,
                1.0,
                0.0,
                0.0
            ],
            [
                0.0,
                0.0,
                0.0,
                1.0
            ]
        ],
        "height": 500,
        "intrinsics": {
            "cx": 250.0,
            "cy": 250.0,
            "fx": 603.5535278320312,
            "fy": 603.5535278320312
        },
        "location_world": [
            0.0,
            0.0,
            0.0
        ],
        "quaternion_world_xyzw": [
            0.5,
            -0.5,
            -0.5,
            0.5
        ],
        "width": 500
    },
    "objects": [
        {
            "bounding_box_minx_maxx_miny_maxy": [
                -1,
                -1,
                -1,
                -1
            ],
            "class": "Reebok",
            "local_cuboid": null,
            "local_to_world_matrix": [
                [
                    -0.07052087783813477,
                    -0.027906179428100586,
                    0.9971201419830322,
                    0.0
                ],
                [
                    -0.9789122343063354,
                    -0.1901916265487671,
                    -0.07455575466156006,
                    0.0
                ],
                [
                    0.19172421097755432,
                    -0.9813505411148071,
                    -0.01390540599822998,
                    0.0
                ],
                [
                    0.34649166464805603,
                    0.567183256149292,
                    0.16272090375423431,
                    1.0
                ]
            ],
            "location": [
                -0.567183256149292,
                0.16272090375423431,
                -0.34649166464805603
            ],
            "location_world": [
                0.34649166464805603,
                0.567183256149292,
                0.16272090375423431
            ],
            "name": "google_Reebok_SOMERSET_RUN_0",
            "projected_cuboid": [
                [
                    -319.76914405822754,
                    -21.21695876121521
                ],
                [
                    -904.8594236373901,
                    -312.4645948410034
                ],
                [
                    -1378.8692951202393,
                    -380.17213344573975
                ],
                [
                    -487.43247985839844,
                    -35.650163888931274
                ],
                [
                    -314.66448307037354,
                    114.60113525390625
                ],
                [
                    -873.093843460083,
                    2.9763728380203247
                ],
                [
                    -1325.4894018173218,
                    -28.25409173965454
                ],
                [
                    -479.3950915336609,
                    106.52358829975128
                ],
                [
                    -611.1804246902466,
                    -23.255974054336548
                ]
            ],
            "provenance": "visii",
            "quaternion_xyzw": [
                0.5688115358352661,
                0.5218386650085449,
                0.46231091022491455,
                0.4363560378551483
            ],
            "quaternion_xyzw_world": [
                0.5323476791381836,
                -0.4728199243545532,
                0.5583025813102722,
                0.42584705352783203
            ],
            "segmentation_id": 1,
            "visibility": 0
        },
        {
            "bounding_box_minx_maxx_miny_maxy": [
                -1,
                -1,
                -1,
                -1
            ],
            "class": "Breyer",
            "local_cuboid": null,
            "local_to_world_matrix": [
                [
                    -0.895938515663147,
                    -0.2324700951576233,
                    0.3784862458705902,
                    0.0
                ],
                [
                    -0.44417715072631836,
                    0.4706651568412781,
                    -0.7623522877693176,
                    0.0
                ],
                [
                    -0.0009161829948425293,
                    -0.8511356711387634,
                    -0.5249450206756592,
                    0.0
                ],
                [
                    0.32775619626045227,
                    0.20114201307296753,
                    -0.40467286109924316,
                    1.0
                ]
            ],
            "location": [
                -0.20114201307296753,
                -0.40467286109924316,
                -0.32775619626045227
            ],
            "location_world": [
                0.32775619626045227,
                0.20114201307296753,
                -0.40467286109924316
            ],
            "name": "google_Breyer_Horse_Of_The_Year_2015_1",
            "projected_cuboid": [
                [
                    164.5067036151886,
                    1348.865270614624
                ],
                [
                    74.7596025466919,
                    1613.111138343811
                ],
                [
                    -304.97682094573975,
                    1377.908706665039
                ],
                [
                    -173.4817624092102,
                    1139.714002609253
                ],
                [
                    131.0175359249115,
                    951.4411091804504
                ],
                [
                    84.07901227474213,
                    1058.9492321014404
                ],
                [
                    -105.82560300827026,
                    941.515326499939
                ],
                [
                    -47.83889651298523,
                    840.8828973770142
                ],
                [
                    -8.604705333709717,
                    1088.0125761032104
                ]
            ],
            "provenance": "visii",
            "quaternion_xyzw": [
                -0.7060286998748779,
                0.03263995051383972,
                -0.6186271905899048,
                -0.34315961599349976
            ],
            "quaternion_xyzw_world": [
                -0.19896060228347778,
                0.8502277135848999,
                -0.4744281768798828,
                -0.11155906319618225
            ],
            "segmentation_id": 2,
            "visibility": 0
        },
        {
            "bounding_box_minx_maxx_miny_maxy": [
                -1,
                -1,
                -1,
                -1
            ],
            "class": "Smith",
            "local_cuboid": null,
            "local_to_world_matrix": [
                [
                    -0.8827048540115356,
                    0.45517000555992126,
                    0.11684460937976837,
                    0.0
                ],
                [
                    0.46537354588508606,
                    0.8121629953384399,
                    0.351878821849823,
                    0.0
                ],
                [
                    0.06526781618595123,
                    0.364981472492218,
                    -0.9287242889404297,
                    0.0
                ],
                [
                    1.7036936283111572,
                    0.188154935836792,
                    0.7652438282966614,
                    1.0
                ]
            ],
            "location": [
                -0.188154935836792,
                0.7652438282966614,
                -1.7036936283111572
            ],
            "location_world": [
                1.7036936283111572,
                0.188154935836792,
                0.7652438282966614
            ],
            "name": "google_Smith_Hawken_Woven_BasketTray_Organizer_with_3_Compartments_95_x_9_x_13_2",
            "projected_cuboid": [
                [
                    144.62026953697205,
                    52.7336448431015
                ],
                [
                    74.55608248710632,
                    33.583372831344604
                ],
                [
                    109.55552756786346,
                    -62.72614002227783
                ],
                [
                    183.27441811561584,
                    -51.126956939697266
                ],
                [
                    217.52265095710754,
                    101.2343168258667
                ],
                [
                    154.45798635482788,
                    82.23190903663635
                ],
                [
                    184.3879222869873,
                    2.3229122161865234
                ],
                [
                    250.05632638931274,
                    16.197383403778076
                ],
                [
                    166.94781184196472,
                    24.43063259124756
                ]
            ],
            "provenance": "visii",
            "quaternion_xyzw": [
                -0.2540762722492218,
                0.6841631531715393,
                -0.5094171762466431,
                -0.4559169411659241
            ],
            "quaternion_xyzw_world": [
                0.24179354310035706,
                0.9517867565155029,
                0.18829330801963806,
                -0.013547362759709358
            ],
            "segmentation_id": 3,
            "visibility": 0
        },
        {
            "bounding_box_minx_maxx_miny_maxy": [
                327,
                445,
                113,
                212
            ],
            "class": "Paul",
            "local_cuboid": null,
            "local_to_world_matrix": [
                [
                    -0.575908899307251,
                    -0.8133622407913208,
                    0.08228552341461182,
                    0.0
                ],
                [
                    -0.546938419342041,
                    0.30853211879730225,
                    -0.7782456278800964,
                    0.0
                ],
                [
                    0.6076078414916992,
                    -0.49320369958877563,
                    -0.6225453615188599,
                    0.0
                ],
                [
                    1.2547485828399658,
                    -0.2673504650592804,
                    0.24516132473945618,
                    1.0
                ]
            ],
            "location": [
                0.2673504650592804,
                0.24516132473945618,
                -1.2547485828399658
            ],
            "location_world": [
                1.2547485828399658,
                -0.2673504650592804,
                0.24516132473945618
            ],
            "name": "google_Paul_Frank_Dot_Lunch_Box_3",
            "projected_cuboid": [
                [
                    476.3416051864624,
                    181.28114938735962
                ],
                [
                    471.11955285072327,
                    217.43234992027283
                ],
                [
                    438.13958764076233,
                    137.56206631660461
                ],
                [
                    445.58244943618774,
                    101.09445452690125
                ],
                [
                    367.29511618614197,
                    196.944922208786
                ],
                [
                    358.15802216529846,
                    229.93341088294983
                ],
                [
                    316.78104400634766,
                    160.73331236839294
                ],
                [
                    328.66162061691284,
                    127.32845544815063
                ],
                [
                    398.0156183242798,
                    171.19453847408295
                ]
            ],
            "provenance": "visii",
            "quaternion_xyzw": [
                -0.8943175673484802,
                0.06324559450149536,
                -0.29886266589164734,
                -0.3269207179546356
            ],
            "quaternion_xyzw_world": [
                -0.4295650124549866,
                0.7916733026504517,
                -0.4015069603919983,
                0.16588987410068512
            ],
            "segmentation_id": 4,
            "visibility": 1
        },
        {
            "bounding_box_minx_maxx_miny_maxy": [
                90,
                143,
                286,
                355
            ],
            "class": "Toys",
            "local_cuboid": null,
            "local_to_world_matrix": [
                [
                    0.4614383578300476,
                    0.6901800632476807,
                    0.557428240776062,
                    0.0
                ],
                [
                    -0.1834709346294403,
                    -0.5404990911483765,
                    0.8210963010787964,
                    0.0
                ],
                [
                    0.8679937124252319,
                    -0.48115718364715576,
                    -0.1227790117263794,
                    0.0
                ],
                [
                    1.2657581567764282,
                    0.35019567608833313,
                    -0.14457689225673676,
                    1.0
                ]
            ],
            "location": [
                -0.35019567608833313,
                -0.14457689225673676,
                -1.2657581567764282
            ],
            "location_world": [
                1.2657581567764282,
                0.35019567608833313,
                -0.14457689225673676
            ],
            "name": "google_Toys_R_Us_Treat_Dispenser_Smart_Puzzle_Foobler_4",
            "projected_cuboid": [
                [
                    95.29422223567963,
                    326.44087076187134
                ],
                [
                    127.56356596946716,
                    274.2668092250824
                ],
                [
                    80.27541637420654,
                    267.9438591003418
                ],
                [
                    45.75370252132416,
                    325.53642988204956
                ],
                [
                    134.06923413276672,
                    368.19690465927124
                ],
                [
                    168.85784268379211,
                    314.13573026657104
                ],
                [
                    123.31679463386536,
                    311.80912256240845
                ],
                [
                    85.83720028400421,
                    371.7111051082611
                ],
                [
                    108.08119177818298,
                    319.76425647735596
                ]
            ],
            "provenance": "visii",
            "quaternion_xyzw": [
                0.29862913489341736,
                0.9191396236419678,
                0.01650780439376831,
                0.2563798725605011
            ],
            "quaternion_xyzw_world": [
                0.7288203835487366,
                0.17381137609481812,
                0.4889482855796814,
                0.4466990530490875
            ],
            "segmentation_id": 5,
            "visibility": 1
        },
        {
            "bounding_box_minx_maxx_miny_maxy": [
                -1,
                -1,
                -1,
                -1
            ],
            "class": "Tag",
            "local_cuboid": null,
            "local_to_world_matrix": [
                [
                    -0.39956390857696533,
                    0.01246732473373413,
                    -0.9166204929351807,
                    0.0
                ],
                [
                    -0.8649163246154785,
                    -0.336453914642334,
                    0.3724493086338043,
                    0.0
                ],
                [
                    -0.3037571609020233,
                    0.9416173696517944,
                    0.14521807432174683,
                    0.0
                ],
                [
                    0.23543383181095123,
                    -0.4038078486919403,
                    0.32663196325302124,
                    1.0
                ]
            ],
            "location": [
                0.4038078486919403,
                0.32663196325302124,
                -0.23543383181095123
            ],
            "location_world": [
                0.23543383181095123,
                -0.4038078486919403,
                0.32663196325302124
            ],
            "name": "google_Tag_Dishtowel_Basket_Weave_Red_18_x_26_5",
            "projected_cuboid": [
                [
                    934.2362880706787,
                    -185.07447838783264
                ],
                [
                    2988.0247116088867,
                    -1738.179087638855
                ],
                [
                    2896.928548812866,
                    -1498.9817142486572
                ],
                [
                    975.7965207099915,
                    -159.7326695919037
                ],
                [
                    808.2557320594788,
                    -364.8444414138794
                ],
                [
                    1817.8168535232544,
                    -1478.4207344055176
                ],
                [
                    1836.8184566497803,
                    -1351.992130279541
                ],
                [
                    845.7727432250977,
                    -339.0255570411682
                ],
                [
                    1265.1951313018799,
                    -612.9599213600159
                ]
            ],
            "provenance": "visii",
            "quaternion_xyzw": [
                -0.27898305654525757,
                0.5198940634727478,
                0.4857404828071594,
                -0.6449300646781921
            ],
            "quaternion_xyzw_world": [
                -0.4448797404766083,
                0.47903338074684143,
                0.6857907772064209,
                0.31984376907348633
            ],
            "segmentation_id": 6,
            "visibility": 0
        },
        {
            "bounding_box_minx_maxx_miny_maxy": [
                -1,
                -1,
                -1,
                -1
            ],
            "class": "FRACTION",
            "local_cuboid": null,
            "local_to_world_matrix": [
                [
                    -0.8942934274673462,
                    -0.44172611832618713,
                    0.07153543829917908,
                    0.0
                ],
                [
                    0.3542657792568207,
                    -0.7965607643127441,
                    -0.48988446593284607,
                    0.0
                ],
                [
                    0.27337706089019775,
                    -0.41275790333747864,
                    0.8688474893569946,
                    0.0
                ],
                [
                    1.8422805070877075,
                    -0.6025329232215881,
                    -0.2672133445739746,
                    1.0
                ]
            ],
            "location": [
                0.6025329232215881,
                -0.2672133445739746,
                -1.8422805070877075
            ],
            "location_world": [
                1.8422805070877075,
                -0.6025329232215881,
                -0.2672133445739746
            ],
            "name": "google_FRACTION_FUN_n4h4qte23QR_6",
            "projected_cuboid": [
                [
                    452.2731900215149,
                    311.1722469329834
                ],
                [
                    495.0377345085144,
                    339.8137092590332
                ],
                [
                    490.6008243560791,
                    353.1864285469055
                ],
                [
                    447.3687410354614,
                    324.86462593078613
                ],
                [
                    410.9932780265808,
                    310.10860204696655
                ],
                [
                    451.7570734024048,
                    336.5040719509125
                ],
                [
                    447.4107623100281,
                    348.7843871116638
                ],
                [
                    406.23414516448975,
                    322.6575255393982
                ],
                [
                    449.7027099132538,
                    331.05534315109253
                ]
            ],
            "provenance": "visii",
            "quaternion_xyzw": [
                0.7424600720405579,
                0.29230400919914246,
                0.4401083290576935,
                -0.41184481978416443
            ],
            "quaternion_xyzw_world": [
                0.0914054587483406,
                -0.23920977115631104,
                0.9433586001396179,
                -0.21094626188278198
            ],
            "segmentation_id": 7,
            "visibility": 0
        },
        {
            "bounding_box_minx_maxx_miny_maxy": [
                362,
                394,
                10,
                27
            ],
            "class": "FAIRY",
            "local_cuboid": null,
            "local_to_world_matrix": [
                [
                    -0.22882676124572754,
                    -0.4308682084083557,
                    0.8729209303855896,
                    0.0
                ],
                [
                    0.8323895335197449,
                    -0.551550030708313,
                    -0.05403965711593628,
                    0.0
                ],
                [
                    0.5047435164451599,
                    0.7142444849014282,
                    0.4848595857620239,
                    0.0
                ],
                [
                    1.4649183750152588,
                    -0.5005037784576416,
                    0.6121059656143188,
                    1.0
                ]
            ],
            "location": [
                0.5005037784576416,
                0.6121059656143188,
                -1.4649183750152588
            ],
            "location_world": [
                1.4649183750152588,
                -0.5005037784576416,
                0.6121059656143188
            ],
            "name": "google_FAIRY_TALE_BLOCKS_7",
            "projected_cuboid": [
                [
                    384.9716782569885,
                    -100.78349709510803
                ],
                [
                    420.1979637145996,
                    -48.93556237220764
                ],
                [
                    494.7701096534729,
                    -28.48869562149048
                ],
                [
                    468.95864605903625,
                    -81.33789896965027
                ],
                [
                    336.7823660373688,
                    -0.22274255752563477
                ],
                [
                    377.0405054092407,
                    36.98432445526123
                ],
                [
                    445.9456205368042,
                    62.74271011352539
                ],
                [
                    413.4024381637573,
                    26.615217328071594
                ],
                [
                    417.10904240608215,
                    -14.594227075576782
                ]
            ],
            "provenance": "visii",
            "quaternion_xyzw": [
                0.7052749991416931,
                0.504934549331665,
                -0.1720668375492096,
                -0.4669274687767029
            ],
            "quaternion_xyzw_world": [
                0.45767447352409363,
                0.2193269282579422,
                0.7525351047515869,
                -0.4196673631668091
            ],
            "segmentation_id": 8,
            "visibility": 1
        },
        {
            "bounding_box_minx_maxx_miny_maxy": [
                459,
                461,
                499,
                500
            ],
            "class": "Great",
            "local_cuboid": null,
            "local_to_world_matrix": [
                [
                    0.6085571050643921,
                    -0.6559332609176636,
                    -0.4465532898902893,
                    0.0
                ],
                [
                    -0.33301085233688354,
                    0.29968905448913574,
                    -0.8940303325653076,
                    0.0
                ],
                [
                    0.7202513813972473,
                    0.6927756071090698,
                    -0.03605496883392334,
                    0.0
                ],
                [
                    1.594855546951294,
                    -0.5489075779914856,
                    -0.6513696908950806,
                    1.0
                ]
            ],
            "location": [
                0.5489075779914856,
                -0.6513696908950806,
                -1.594855546951294
            ],
            "location_world": [
                1.594855546951294,
                -0.5489075779914856,
                -0.6513696908950806
            ],
            "name": "google_Great_Jones_Wingtip_kAqSg6EgG0I_8",
            "projected_cuboid": [
                [
                    439.4869804382324,
                    435.17395853996277
                ],
                [
                    417.33139753341675,
                    548.2792854309082
                ],
                [
                    456.18709921836853,
                    562.2068643569946
                ],
                [
                    477.02035307884216,
                    442.727267742157
                ],
                [
                    421.07152938842773,
                    424.8805344104767
                ],
                [
                    396.7705965042114,
                    542.1264171600342
                ],
                [
                    436.2531900405884,
                    556.344747543335
                ],
                [
                    459.24490690231323,
                    432.22811818122864
                ],
                [
                    437.99537420272827,
                    491.0644590854645
                ]
            ],
            "provenance": "visii",
            "quaternion_xyzw": [
                -0.9041867256164551,
                0.20632973313331604,
                0.35980749130249023,
                -0.10204356908798218
            ],
            "quaternion_xyzw_world": [
                -0.5798540711402893,
                0.4263762831687927,
                -0.1180030032992363,
                0.6841402053833008
            ],
            "segmentation_id": 9,
            "visibility": 1
        },
        {
            "bounding_box_minx_maxx_miny_maxy": [
                240,
                321,
                212,
                296
            ],
            "class": "Ecoforms",
            "local_cuboid": null,
            "local_to_world_matrix": [
                [
                    -0.22389650344848633,
                    0.9513866901397705,
                    0.21150311827659607,
                    0.0
                ],
                [
                    -0.8910962343215942,
                    -0.28772616386413574,
                    0.35094308853149414,
                    0.0
                ],
                [
                    0.3947376310825348,
                    -0.10989467799663544,
                    0.9121980667114258,
                    0.0
                ],
                [
                    1.6582735776901245,
                    -0.06603249162435532,
                    -0.09883297234773636,
                    1.0
                ]
            ],
            "location": [
                0.06603249162435532,
                -0.09883297234773636,
                -1.6582735776901245
            ],
            "location_world": [
                1.6582735776901245,
                -0.06603249162435532,
                -0.09883297234773636
            ],
            "name": "google_Ecoforms_Plant_Container_Quadra_Sand_QP6_9",
            "projected_cuboid": [
                [
                    238.77204954624176,
                    235.95194518566132
                ],
                [
                    257.9936683177948,
                    209.60351824760437
                ],
                [
                    251.1352300643921,
                    267.6454484462738
                ],
                [
                    231.84585571289062,
                    289.30020332336426
                ],
                [
                    298.73570799827576,
                    249.55140054225922
                ],
                [
                    323.57919216156006,
                    225.2657413482666
                ],
                [
                    319.6396231651306,
                    282.4098765850067
                ],
                [
                    294.23776268959045,
                    302.1237254142761
                ],
                [
                    276.8952250480652,
                    257.8534483909607
                ]
            ],
            "provenance": "visii",
            "quaternion_xyzw": [
                0.15199321508407593,
                0.821137547492981,
                0.5490232706069946,
                -0.034708499908447266
            ],
            "quaternion_xyzw_world": [
                0.1946995109319687,
                0.07741481065750122,
                0.778431236743927,
                0.5917295217514038
            ],
            "segmentation_id": 10,
            "visibility": 1
        },
        {
            "bounding_box_minx_maxx_miny_maxy": [
                -1,
                -1,
                -1,
                -1
            ],
            "class": "ReadytoUse",
            "local_cuboid": null,
            "local_to_world_matrix": [
                [
                    -0.773128867149353,
                    0.6154981851577759,
                    0.15308085083961487,
                    0.0
                ],
                [
                    -0.533913254737854,
                    -0.761863112449646,
                    0.3667442798614502,
                    0.0
                ],
                [
                    0.3423570692539215,
                    0.20180869102478027,
                    0.9176409244537354,
                    0.0
                ],
                [
                    0.6641397476196289,
                    0.281445175409317,
                    0.24481704831123352,
                    1.0
                ]
            ],
            "location": [
                -0.281445175409317,
                0.24481704831123352,
                -0.6641397476196289
            ],
            "location_world": [
                0.6641397476196289,
                0.281445175409317,
                0.24481704831123352
            ],
            "name": "google_ReadytoUse_Rolled_Fondant_Pure_White_24_oz_box_10",
            "projected_cuboid": [
                [
                    -75.84679126739502,
                    -100.70368647575378
                ],
                [
                    -54.63224649429321,
                    -131.02763891220093
                ],
                [
                    -49.744367599487305,
                    -12.832999229431152
                ],
                [
                    -73.10539484024048,
                    15.350952744483948
                ],
                [
                    21.1285799741745,
                    -44.153809547424316
                ],
                [
                    43.06766390800476,
                    -68.74236464500427
                ],
                [
                    55.37627637386322,
                    38.678765296936035
                ],
                [
                    31.243011355400085,
                    61.33812665939331
                ],
                [
                    -9.757071733474731,
                    -30.504584312438965
                ]
            ],
            "provenance": "visii",
            "quaternion_xyzw": [
                0.30004775524139404,
                0.7623318433761597,
                0.4760243892669678,
                -0.31972217559814453
            ],
            "quaternion_xyzw_world": [
                0.1333165466785431,
                0.15299095213413239,
                0.929063081741333,
                0.30929315090179443
            ],
            "segmentation_id": 11,
            "visibility": 0
        },
        {
            "bounding_box_minx_maxx_miny_maxy": [
                0,
                212,
                274,
                500
            ],
            "class": "Dog",
            "local_cuboid": null,
            "local_to_world_matrix": [
                [
                    -0.24618768692016602,
                    -0.7837685346603394,
                    0.5701744556427002,
                    0.0
                ],
                [
                    -0.02926650643348694,
                    -0.5820008516311646,
                    -0.8126616477966309,
                    0.0
                ],
                [
                    0.9687803983688354,
                    -0.21675416827201843,
                    0.12034296989440918,
                    0.0
                ],
                [
                    0.12120930850505829,
                    0.11490414291620255,
                    -0.13819162547588348,
                    1.0
                ]
            ],
            "location": [
                -0.11490414291620255,
                -0.13819162547588348,
                -0.12120930850505829
            ],
            "location_world": [
                0.12120930850505829,
                0.11490414291620255,
                -0.13819162547588348
            ],
            "name": "google_Dog_11",
            "projected_cuboid": [
                [
                    181.37288093566895,
                    190.27478992938995
                ],
                [
                    411.5819036960602,
                    512.4176740646362
                ],
                [
                    468.92744302749634,
                    1241.3358688354492
                ],
                [
                    -233.35233330726624,
                    221.3263213634491
                ],
                [
                    -125.40236115455627,
                    431.6015839576721
                ],
                [
                    61.15739047527313,
                    703.4240961074829
                ],
                [
                    -365.7161593437195,
                    1399.8498916625977
                ],
                [
                    -774.0358114242554,
                    757.6404809951782
                ],
                [
                    -3.12766432762146,
                    598.1926321983337
                ]
            ],
            "provenance": "visii",
            "quaternion_xyzw": [
                0.9440882802009583,
                0.30510255694389343,
                0.12258961796760559,
                -0.024117588996887207
            ],
            "quaternion_xyzw_world": [
                0.5512418150901794,
                -0.3687288761138916,
                0.6979490518569946,
                -0.2702568471431732
            ],
            "segmentation_id": 12,
            "visibility": 1
        },
        {
            "bounding_box_minx_maxx_miny_maxy": [
                -1,
                -1,
                -1,
                -1
            ],
            "class": "Black",
            "local_cuboid": null,
            "local_to_world_matrix": [
                [
                    0.5936775207519531,
                    0.7879354357719421,
                    -0.1634160578250885,
                    0.0
                ],
                [
                    0.8005114197731018,
                    -0.5989794731140137,
                    0.020123202353715897,
                    0.0
                ],
                [
                    -0.08202709257602692,
                    -0.14276312291622162,
                    -0.9863519668579102,
                    0.0
                ],
                [
                    0.16875886917114258,
                    -0.1668931394815445,
                    -0.028810802847146988,
                    1.0
                ]
            ],
            "location": [
                0.1668931394815445,
                -0.028810802847146988,
                -0.16875886917114258
            ],
            "location_world": [
                0.16875886917114258,
                -0.1668931394815445,
                -0.028810802847146988
            ],
            "name": "google_Black_Elderberry_Syrup_54_oz_Gaia_Herbs_12",
            "projected_cuboid": [
                [
                    842.6258563995361,
                    962.3837471008301
                ],
                [
                    808.8425397872925,
                    788.087010383606
                ],
                [
                    717.3460721969604,
                    344.8643386363983
                ],
                [
                    721.9404578208923,
                    376.983642578125
                ],
                [
                    1249.330759048462,
                    1121.791958808899
                ],
                [
                    1090.8997058868408,
                    865.2345538139343
                ],
                [
                    962.5763297080994,
                    331.0849666595459
                ],
                [
                    1058.91752243042,
                    366.6198253631592
                ],
                [
                    907.2591066360474,
                    622.219443321228
                ]
            ],
            "provenance": "visii",
            "quaternion_xyzw": [
                0.16576659679412842,
                0.6568925976753235,
                -0.6800439953804016,
                0.2802743911743164
            ],
            "quaternion_xyzw_world": [
                0.891488790512085,
                0.44544780254364014,
                -0.06882956624031067,
                0.04567817598581314
            ],
            "segmentation_id": 13,
            "visibility": 0
        },
        {
            "bounding_box_minx_maxx_miny_maxy": [
                -1,
                -1,
                -1,
                -1
