{
    "camera_data": {
        "camera_look_at": {
            "at": [
                1.0,
                0.0,
                0.0
            ],
            "eye": [
                0.0,
                0.0,
                0.0
            ],
            "up": [
                0.0,
                0.0,
                1.0
            ]
        },
        "camera_view_matrix": [
            [
                0.0,
                0.0,
                -1.0,
                0.0
            ],
            [
                -1.0,
                0.0,
                0.0,
                0.0
            ],
            [
                0.0,
                1.0,
                0.0,
                0.0
            ],
            [
                0.0,
                0.0,
                0.0,
                1.0
            ]
        ],
        "height": 500,
        "intrinsics": {
            "cx": 250.0,
            "cy": 250.0,
            "fx": 603.5535278320312,
            "fy": 603.5535278320312
        },
        "location_world": [
            0.0,
            0.0,
            0.0
        ],
        "quaternion_world_xyzw": [
            0.5,
            -0.5,
            -0.5,
            0.5
        ],
        "width": 500
    },
    "objects": [
        {
            "bounding_box_minx_maxx_miny_maxy": [
                -1,
                -1,
                -1,
                -1
            ],
            "class": "Reebok",
            "local_cuboid": null,
            "local_to_world_matrix": [
                [
                    -0.14372849464416504,
                    0.6220651268959045,
                    -0.7696604132652283,
                    0.0
                ],
                [
                    -0.7176962494850159,
                    0.46995753049850464,
                    0.5138599872589111,
                    0.0
                ],
                [
                    0.6813620924949646,
                    0.6262387037277222,
                    0.3789074420928955,
                    0.0
                ],
                [
                    0.42876386642456055,
                    0.32549017667770386,
                    0.2336978316307068,
                    1.0
                ]
            ],
            "location": [
                -0.32549017667770386,
                0.2336978316307068,
                -0.42876386642456055
            ],
            "location_world": [
                0.42876386642456055,
                0.32549017667770386,
                0.2336978316307068
            ],
            "name": "google_Reebok_SOMERSET_RUN_0",
            "projected_cuboid": [
                [
                    -113.73892426490784,
                    91.31269156932831
                ],
                [
                    -517.5909996032715,
                    -223.07386994361877
                ],
                [
                    -570.9447264671326,
                    -257.52151012420654
                ],
                [
                    -84.99684929847717,
                    117.94252693653107
                ],
                [
                    -35.9971821308136,
                    11.027500033378601
                ],
                [
                    -384.17255878448486,
                    -331.9832682609558
                ],
                [
                    -403.11211347579956,
                    -390.7099962234497
                ],
                [
                    3.233790397644043,
                    25.13943612575531
                ],
                [
                    -216.2640392780304,
                    -79.46822047233582
                ]
            ],
            "provenance": "visii",
            "quaternion_xyzw": [
                -0.369268536567688,
                0.8392388224601746,
                0.3266661763191223,
                -0.22936475276947021
            ],
            "quaternion_xyzw_world": [
                -0.04303031042218208,
                0.5556029677391052,
                0.5130006074905396,
                0.6529043912887573
            ],
            "segmentation_id": 1,
            "visibility": 0
        },
        {
            "bounding_box_minx_maxx_miny_maxy": [
                -1,
                -1,
                -1,
                -1
            ],
            "class": "Breyer",
            "local_cuboid": null,
            "local_to_world_matrix": [
                [
                    0.15438085794448853,
                    0.08441192656755447,
                    -0.9843988418579102,
                    0.0
                ],
                [
                    0.26815998554229736,
                    0.9553637504577637,
                    0.12397702038288116,
                    0.0
                ],
                [
                    0.9509241580963135,
                    -0.28311604261398315,
                    0.12485396862030029,
                    0.0
                ],
                [
                    0.25927767157554626,
                    0.044457193464040756,
                    -0.3996776044368744,
                    1.0
                ]
            ],
            "location": [
                -0.044457193464040756,
                -0.3996776044368744,
                -0.25927767157554626
            ],
            "location_world": [
                0.25927767157554626,
                0.044457193464040756,
                -0.3996776044368744
            ],
            "name": "google_Breyer_Horse_Of_The_Year_2015_1",
            "projected_cuboid": [
                [
                    265.22544026374817,
                    971.8246459960938
                ],
                [
                    187.7545714378357,
                    936.0184669494629
                ],
                [
                    64.86284732818604,
                    1324.7289657592773
                ],
                [
                    176.92071199417114,
                    1401.9255638122559
                ],
                [
                    297.5351810455322,
                    679.203987121582
                ],
                [
                    211.83685958385468,
                    651.5876054763794
                ],
                [
                    85.45129001140594,
                    930.5330514907837
                ],
                [
                    215.8316820859909,
                    993.5377240180969
                ],
                [
                    197.65716791152954,
                    956.3050866127014
                ]
            ],
            "provenance": "visii",
            "quaternion_xyzw": [
                -0.6600255966186523,
                0.734730064868927,
                -0.048761479556560516,
                0.14886313676834106
            ],
            "quaternion_xyzw_world": [
                0.13616453111171722,
                0.6473270058631897,
                -0.061460062861442566,
                0.7474286556243896
            ],
            "segmentation_id": 2,
            "visibility": 0
        },
        {
            "bounding_box_minx_maxx_miny_maxy": [
                208,
                328,
                1,
                90
            ],
            "class": "Smith",
            "local_cuboid": null,
            "local_to_world_matrix": [
                [
                    0.8837584853172302,
                    -0.4643288850784302,
                    0.05804835259914398,
                    0.0
                ],
                [
                    -0.3152252435684204,
                    -0.6824169158935547,
                    -0.6595000624656677,
                    0.0
                ],
                [
                    0.3458380699157715,
                    0.564540445804596,
                    -0.749459981918335,
                    0.0
                ],
                [
                    1.736379623413086,
                    -0.09064508229494095,
                    0.7753838300704956,
                    1.0
                ]
            ],
            "location": [
                0.09064508229494095,
                0.7753838300704956,
                -1.736379623413086
            ],
            "location_world": [
                1.736379623413086,
                -0.09064508229494095,
                0.7753838300704956
            ],
            "name": "google_Smith_Hawken_Woven_BasketTray_Organizer_with_3_Compartments_95_x_9_x_13_2",
            "projected_cuboid": [
                [
                    230.18811643123627,
                    50.59337615966797
                ],
                [
                    283.77559781074524,
                    94.87444162368774
                ],
                [
                    334.8050117492676,
                    21.607041358947754
                ],
                [
                    276.50848031044006,
                    -21.72890305519104
                ],
                [
                    167.41840541362762,
                    20.828798413276672
                ],
                [
                    228.36126387119293,
                    72.28843867778778
                ],
                [
                    286.62392497062683,
                    -17.540663480758667
                ],
                [
                    219.2590832710266,
                    -67.45070219039917
                ],
                [
                    254.5068860054016,
                    21.233677864074707
                ]
            ],
            "provenance": "visii",
            "quaternion_xyzw": [
                0.7857587337493896,
                0.23558926582336426,
                -0.4607963562011719,
                0.33874428272247314
            ],
            "quaternion_xyzw_world": [
                0.9104443192481995,
                -0.21405871212482452,
                0.11090366542339325,
                -0.3361107409000397
            ],
            "segmentation_id": 3,
            "visibility": 1
        },
        {
            "bounding_box_minx_maxx_miny_maxy": [
                464,
                483,
                230,
                260
            ],
            "class": "Paul",
            "local_cuboid": null,
            "local_to_world_matrix": [
                [
                    -0.7958366870880127,
                    0.25325119495391846,
                    0.5500069856643677,
                    0.0
                ],
                [
                    0.13388174772262573,
                    -0.8122577667236328,
                    0.5677260160446167,
                    0.0
                ],
                [
                    0.5905247926712036,
                    0.5254530906677246,
                    0.6125189661979675,
                    0.0
                ],
                [
                    1.0266987085342407,
                    -0.37039312720298767,
                    0.0073020015843212605,
                    1.0
                ]
            ],
            "location": [
                0.37039312720298767,
                0.0073020015843212605,
                -1.0266987085342407
            ],
            "location_world": [
                1.0266987085342407,
                -0.37039312720298767,
                0.0073020015843212605
            ],
            "name": "google_Paul_Frank_Dot_Lunch_Box_3",
            "projected_cuboid": [
                [
                    348.2901155948639,
                    140.07189869880676
                ],
                [
                    396.60364389419556,
                    106.86220228672028
                ],
                [
                    497.4713325500488,
                    178.1100034713745
                ],
                [
                    443.5109794139862,
                    217.4229621887207
                ],
                [
                    363.8811707496643,
                    227.70071029663086
                ],
                [
                    404.0762186050415,
                    198.95727932453156
                ],
                [
                    487.2669577598572,
                    268.1691348552704
                ],
                [
                    443.2408809661865,
                    301.30672454833984
                ],
                [
                    420.54176330566406,
                    206.6674530506134
                ]
            ],
            "provenance": "visii",
            "quaternion_xyzw": [
                0.43861931562423706,
                0.7764505743980408,
                0.1541106402873993,
                -0.4254262447357178
            ],
            "quaternion_xyzw_world": [
                0.3177664875984192,
                0.3045734465122223,
                0.8973034024238586,
                0.033257827162742615
            ],
            "segmentation_id": 4,
            "visibility": 1
        },
        {
            "bounding_box_minx_maxx_miny_maxy": [
                -1,
                -1,
                -1,
                -1
            ],
            "class": "Toys",
            "local_cuboid": null,
            "local_to_world_matrix": [
                [
                    -0.037689805030822754,
                    -0.22362449765205383,
                    0.9739463329315186,
                    0.0
                ],
                [
                    -0.8960963487625122,
                    0.4389103055000305,
                    0.06609949469566345,
                    0.0
                ],
                [
                    -0.44225654006004333,
                    -0.8702584505081177,
                    -0.21693146228790283,
                    0.0
                ],
                [
                    0.8138807415962219,
                    -0.45741337537765503,
                    -0.5109620690345764,
                    1.0
                ]
            ],
            "location": [
                0.45741337537765503,
                -0.5109620690345764,
                -0.8138807415962219
            ],
            "location_world": [
                0.8138807415962219,
                -0.45741337537765503,
                -0.5109620690345764
            ],
            "name": "google_Toys_R_Us_Treat_Dispenser_Smart_Puzzle_Foobler_4",
            "projected_cuboid": [
                [
                    727.1461486816406,
                    602.2967100143433
                ],
                [
                    764.2806768417358,
                    665.2589440345764
                ],
                [
                    608.616292476654,
                    600.200355052948
                ],
                [
                    598.743200302124,
                    552.2910356521606
                ],
                [
                    698.2120275497437,
                    710.9845876693726
                ],
                [
                    729.1598320007324,
                    795.4505681991577
                ],
                [
                    577.8964161872864,
                    719.0843820571899
                ],
                [
                    572.8713870048523,
                    652.9803276062012
                ],
                [
                    655.5931568145752,
                    658.2868099212646
                ]
            ],
            "provenance": "visii",
            "quaternion_xyzw": [
                0.42286771535873413,
                0.31631410121917725,
                0.5367803573608398,
                0.6580236554145813
            ],
            "quaternion_xyzw_world": [
                0.4302125573158264,
                -0.650678813457489,
                0.30896925926208496,
                0.5441251993179321
            ],
            "segmentation_id": 5,
            "visibility": 0
        },
        {
            "bounding_box_minx_maxx_miny_maxy": [
                -1,
                -1,
                -1,
                -1
            ],
            "class": "Tag",
            "local_cuboid": null,
            "local_to_world_matrix": [
                [
                    0.26445502042770386,
                    -0.7855320572853088,
                    0.559466540813446,
                    0.0
                ],
                [
                    -0.8453372120857239,
                    0.09041094779968262,
                    0.5265271067619324,
                    0.0
                ],
                [
                    -0.4641858637332916,
                    -0.6121806502342224,
                    -0.640129804611206,
                    0.0
                ],
                [
                    0.41929471492767334,
                    -0.47775062918663025,
                    0.470613956451416,
                    1.0
                ]
            ],
            "location": [
                0.47775062918663025,
                0.470613956451416,
                -0.41929471492767334
            ],
            "location_world": [
                0.41929471492767334,
                -0.47775062918663025,
                0.470613956451416
            ],
            "name": "google_Tag_Dishtowel_Basket_Weave_Red_18_x_26_5",
            "projected_cuboid": [
                [
                    913.7033224105835,
                    -250.29337406158447
                ],
                [
                    1274.3728160858154,
                    -777.7506113052368
                ],
                [
                    1188.60924243927,
                    -768.5432434082031
                ],
                [
                    870.000422000885,
                    -260.2342367172241
                ],
                [
                    807.435154914856,
                    -177.20487713813782
                ],
                [
                    1151.5567302703857,
                    -737.9372715950012
                ],
                [
                    1059.4897270202637,
                    -729.4977307319641
                ],
                [
                    763.2247805595398,
                    -190.4384195804596
                ],
                [
                    966.5773510932922,
                    -424.0918755531311
                ]
            ],
            "provenance": "visii",
            "quaternion_xyzw": [
                0.44576311111450195,
                0.2630632817745209,
                0.19501706957817078,
                0.833103358745575
            ],
            "quaternion_xyzw_world": [
                0.6734563708305359,
                -0.6054101586341858,
                0.035370033234357834,
                0.4227102994918823
            ],
            "segmentation_id": 6,
            "visibility": 0
        },
        {
            "bounding_box_minx_maxx_miny_maxy": [
                379,
                402,
                364,
                394
            ],
            "class": "FRACTION",
            "local_cuboid": null,
            "local_to_world_matrix": [
                [
                    0.17306184768676758,
                    -0.9260557889938354,
                    0.33536601066589355,
                    0.0
                ],
                [
                    -0.6015138626098633,
                    -0.36900246143341064,
                    -0.7085325121879578,
                    0.0
                ],
                [
                    0.7798914909362793,
                    -0.07910728454589844,
                    -0.6208956241607666,
                    0.0
                ],
                [
                    1.8075535297393799,
                    -0.5063580274581909,
                    -0.4095938205718994,
                    1.0
                ]
            ],
            "location": [
                0.5063580274581909,
                -0.4095938205718994,
                -1.8075535297393799
            ],
            "location_world": [
                1.8075535297393799,
                -0.5063580274581909,
                -0.4095938205718994
            ],
            "name": "google_FRACTION_FUN_n4h4qte23QR_6",
            "projected_cuboid": [
                [
                    425.3563582897186,
                    357.36343264579773
                ],
                [
                    459.84411239624023,
                    409.0877175331116
                ],
                [
                    462.7184271812439,
                    402.8715193271637
                ],
                [
                    427.43006348609924,
                    350.5837619304657
                ],
                [
                    376.1898875236511,
                    377.91937589645386
                ],
                [
                    408.1075191497803,
                    431.85144662857056
                ],
                [
                    410.01400351524353,
                    425.9745478630066
                ],
                [
                    377.38966941833496,
                    371.4081645011902
                ],
                [
                    418.0598258972168,
                    389.9933695793152
                ]
            ],
            "provenance": "visii",
            "quaternion_xyzw": [
                0.9239155054092407,
                0.19059328734874725,
                -0.02542293071746826,
                0.3307687044143677
            ],
            "quaternion_xyzw_world": [
                0.7353502511978149,
                -0.5193340182304382,
                0.3791585862636566,
                -0.21398824453353882
            ],
            "segmentation_id": 7,
            "visibility": 1
        },
        {
            "bounding_box_minx_maxx_miny_maxy": [
                324,
                401,
                1,
                54
            ],
            "class": "FAIRY",
            "local_cuboid": null,
            "local_to_world_matrix": [
                [
                    -0.26506507396698,
                    0.032135069370269775,
                    0.9636948704719543,
                    0.0
                ],
                [
                    -0.1922915130853653,
                    0.9776070713996887,
                    -0.08548891544342041,
                    0.0
                ],
                [
                    -0.9448621869087219,
                    -0.20797047019004822,
                    -0.25295019149780273,
                    0.0
                ],
                [
                    1.9555405378341675,
                    -0.3568859100341797,
                    0.7596745491027832,
                    1.0
                ]
            ],
            "location": [
                0.3568859100341797,
                0.7596745491027832,
                -1.9555405378341675
            ],
            "location_world": [
                1.9555405378341675,
                -0.3568859100341797,
                0.7596745491027832
            ],
            "name": "google_FAIRY_TALE_BLOCKS_7",
            "projected_cuboid": [
                [
                    433.7313175201416,
                    -39.96831178665161
                ],
                [
                    346.54372930526733,
                    -40.62238335609436
                ],
                [
                    321.053683757782,
                    -26.282817125320435
                ],
                [
                    399.4731903076172,
                    -26.07467770576477
                ],
                [
                    429.7051131725311,
                    50.501078367233276
                ],
                [
                    345.66783905029297,
                    52.503347396850586
                ],
                [
                    321.12452387809753,
                    56.36113882064819
                ],
                [
                    396.9854712486267,
                    54.47085201740265
                ],
                [
                    373.9964962005615,
                    11.13179326057434
                ]
            ],
            "provenance": "visii",
            "quaternion_xyzw": [
                0.16469036042690277,
                -0.02111869677901268,
                0.7180679440498352,
                0.6758769154548645
            ],
            "quaternion_xyzw_world": [
                0.050690315663814545,
                -0.7898769378662109,
                0.09288135915994644,
                0.604067862033844
            ],
            "segmentation_id": 8,
            "visibility": 1
        },
        {
            "bounding_box_minx_maxx_miny_maxy": [
                -1,
                -1,
                -1,
                -1
            ],
            "class": "Great",
            "local_cuboid": null,
            "local_to_world_matrix": [
                [
                    -0.3681159019470215,
                    0.9017748832702637,
                    0.22647923231124878,
                    0.0
                ],
                [
                    0.055101096630096436,
                    0.2643139362335205,
                    -0.9628614187240601,
                    0.0
                ],
                [
                    -0.9281458258628845,
                    -0.3419652283191681,
                    -0.1469869613647461,
                    0.0
                ],
                [
                    0.9163022637367249,
                    -0.5205481648445129,
                    -0.31341618299484253,
                    1.0
                ]
            ],
            "location": [
                0.5205481648445129,
                -0.31341618299484253,
                -0.9163022637367249
            ],
            "location_world": [
                0.9163022637367249,
                -0.5205481648445129,
                -0.31341618299484253
            ],
            "name": "google_Great_Jones_Wingtip_kAqSg6EgG0I_8",
            "projected_cuboid": [
                [
                    675.0917434692383,
                    379.15170192718506
                ],
                [
                    603.6372184753418,
                    603.3456921577454
                ],
                [
                    536.4059209823608,
                    550.9471893310547
                ],
                [
                    598.055899143219,
                    352.4126410484314
                ],
                [
                    727.5300025939941,
                    391.20689034461975
                ],
                [
                    658.486008644104,
                    604.2225360870361
                ],
                [
                    588.0421996116638,
                    553.9957284927368
                ],
                [
                    647.9288339614868,
                    364.2764389514923
                ],
                [
                    627.4412870407104,
                    474.86037015914917
                ]
            ],
            "provenance": "visii",
            "quaternion_xyzw": [
                -0.18230518698692322,
                0.0518837571144104,
                -0.9737532734870911,
                -0.12600553035736084
            ],
            "quaternion_xyzw_world": [
                0.3586632013320923,
                0.666973888874054,
                -0.4890846014022827,
                -0.43278494477272034
            ],
            "segmentation_id": 9,
            "visibility": 0
        },
        {
            "bounding_box_minx_maxx_miny_maxy": [
                132,
                154,
                245,
                264
            ],
            "class": "Ecoforms",
            "local_cuboid": null,
            "local_to_world_matrix": [
                [
                    -0.14757513999938965,
                    0.7382879853248596,
                    -0.658143162727356,
                    0.0
                ],
                [
                    -0.9878888726234436,
                    -0.14227557182312012,
                    0.061912715435028076,
                    0.0
                ],
                [
                    -0.047928303480148315,
                    0.6593091487884521,
                    0.750342845916748,
                    0.0
                ],
                [
                    1.675315022468567,
                    0.15878179669380188,
                    -0.05710165575146675,
                    1.0
                ]
            ],
            "location": [
                -0.15878179669380188,
                -0.05710165575146675,
                -1.675315022468567
            ],
            "location_world": [
                1.675315022468567,
                0.15878179669380188,
                -0.05710165575146675
            ],
            "name": "google_Ecoforms_Plant_Container_Quadra_Sand_QP6_9",
            "projected_cuboid": [
                [
                    127.84621119499207,
                    249.70173835754395
                ],
                [
                    123.60246479511261,
                    245.10939419269562
                ],
                [
                    167.03960299491882,
                    293.82801055908203
                ],
                [
                    166.61548614501953,
                    293.1857109069824
                ],
                [
                    177.56041884422302,
                    207.1121335029602
                ],
                [
                    179.27426099777222,
                    197.5615918636322
                ],
                [
                    221.66477143764496,
                    245.6631362438202
                ],
                [
                    215.4938131570816,
                    250.10401010513306
                ],
                [
                    172.62712121009827,
                    247.77404963970184
                ]
            ],
            "provenance": "visii",
            "quaternion_xyzw": [
                -0.19485317170619965,
                0.6618671417236328,
                0.6565636992454529,
                -0.30477577447891235
            ],
            "quaternion_xyzw_world": [
                -0.24716274440288544,
                0.2524661719799042,
                0.7141767144203186,
                0.6042541265487671
            ],
            "segmentation_id": 10,
            "visibility": 1
        },
        {
            "bounding_box_minx_maxx_miny_maxy": [
                -1,
                -1,
                -1,
                -1
            ],
            "class": "ReadytoUse",
            "local_cuboid": null,
            "local_to_world_matrix": [
                [
                    -0.8948453664779663,
                    -0.3357720375061035,
                    -0.29412391781806946,
                    0.0
                ],
                [
                    0.009618282318115234,
                    0.6442577838897705,
                    -0.7647479176521301,
                    0.0
                ],
                [
                    0.4462725818157196,
                    -0.687160074710846,
                    -0.5732816457748413,
                    0.0
                ],
                [
                    0.8729824423789978,
                    0.36560606956481934,
                    0.3790431320667267,
                    1.0
                ]
            ],
            "location": [
                -0.36560606956481934,
                0.3790431320667267,
                -0.8729824423789978
            ],
            "location_world": [
                0.8729824423789978,
                0.36560606956481934,
                0.3790431320667267
            ],
            "name": "google_ReadytoUse_Rolled_Fondant_Pure_White_24_oz_box_10",
            "projected_cuboid": [
                [
                    105.81183433532715,
                    58.67938697338104
                ],
                [
                    84.52750742435455,
                    84.13584530353546
                ],
                [
                    -16.090363264083862,
                    -2.36356258392334
                ],
                [
                    7.093101739883423,
                    -30.21085262298584
                ],
                [
                    96.87633812427521,
                    57.912781834602356
                ],
                [
                    77.90648937225342,
                    80.60641586780548
                ],
                [
                    -11.441081762313843,
                    3.9713680744171143
                ],
                [
                    9.022846817970276,
                    -20.603179931640625
                ],
                [
                    46.08830809593201,
                    30.81350028514862
                ]
            ],
            "provenance": "visii",
            "quaternion_xyzw": [
                -0.7979336380958557,
                0.2940036654472351,
                -0.49565693736076355,
                -0.17660093307495117
            ],
            "quaternion_xyzw_world": [
                -0.09243697673082352,
                0.882097601890564,
                -0.4114930033683777,
                0.20983973145484924
            ],
            "segmentation_id": 11,
            "visibility": 0
        },
        {
            "bounding_box_minx_maxx_miny_maxy": [
                249,
                415,
                419,
                500
            ],
            "class": "Dog",
            "local_cuboid": null,
            "local_to_world_matrix": [
                [
                    -0.9874591827392578,
                    0.01965816132724285,
                    -0.15664836764335632,
                    0.0
                ],
                [
                    0.05567890405654907,
                    -0.8851022720336914,
                    -0.4620547294616699,
                    0.0
                ],
                [
                    -0.1477329134941101,
                    -0.4649820327758789,
                    0.8729071021080017,
                    0.0
                ],
                [
                    0.26464757323265076,
                    0.03907119482755661,
                    -0.26336905360221863,
                    1.0
                ]
            ],
            "location": [
                -0.03907119482755661,
                -0.26336905360221863,
                -0.26464757323265076
            ],
            "location_world": [
                0.26464757323265076,
                0.03907119482755661,
                -0.26336905360221863
            ],
            "name": "google_Dog_11",
            "projected_cuboid": [
                [
                    86.72483265399933,
                    597.9241132736206
                ],
                [
                    905.6589007377625,
                    989.082932472229
                ],
                [
                    413.7640595436096,
                    1533.3011150360107
                ],
                [
                    -271.8256115913391,
                    1262.4772787094116
                ],
                [
                    204.06997203826904,
                    300.9168803691864
                ],
                [
                    487.4489903450012,
                    446.6492533683777
                ],
                [
                    322.7628767490387,
                    706.3087224960327
                ],
                [
                    57.23758041858673,
                    579.3607831001282
                ],
                [
                    268.83524656295776,
                    681.5460920333862
                ]
            ],
            "provenance": "visii",
            "quaternion_xyzw": [
                0.5689164996147156,
                0.32010573148727417,
                0.6382488012313843,
                -0.4080502986907959
            ],
            "quaternion_xyzw_world": [
                -0.07863843441009521,
                -0.2395046055316925,
                0.967660665512085,
                -0.00930614024400711
            ],
            "segmentation_id": 12,
            "visibility": 1
        },
        {
            "bounding_box_minx_maxx_miny_maxy": [
                -1,
                -1,
                -1,
                -1
            ],
            "class": "Black",
            "local_cuboid": null,
            "local_to_world_matrix": [
                [
                    0.9238810539245605,
                    -0.34152013063430786,
                    -0.17264927923679352,
                    0.0
                ],
                [
                    -0.169580340385437,
                    0.03906899690628052,
                    -0.9847416877746582,
                    0.0
                ],
                [
                    0.3430543541908264,
                    0.9390621185302734,
                    -0.02181994915008545,
                    0.0
                ],
                [
                    0.23063924908638,
                    -0.28333380818367004,
                    0.08258772641420364,
                    1.0
                ]
            ],
            "location": [
                0.28333380818367004,
                0.08258772641420364,
                -0.23063924908638
            ],
            "location_world": [
                0.23063924908638,
                -0.28333380818367004,
                0.08258772641420364
            ],
            "name": "google_Black_Elderberry_Syrup_54_oz_Gaia_Herbs_12",
            "projected_cuboid": [
                [
                    555.7363033294678,
                    49.48577284812927
                ],
                [
                    561.2708926200867,
                    159.19971466064453
                ],
                [
                    949.1084218025208,
                    133.68064165115356
                ],
                [
                    927.690863609314,
                    4.099324345588684
                ],
                [
                    572.5741386413574,
                    -14.35863971710205
                ],
                [
                    579.959511756897,
                    116.04313552379608
                ],
                [
                    1075.2224922180176,
                    72.97942042350769
                ],
                [
                    1042.3628091812134,
                    -86.3829255104065
                ],
                [
                    758.2563161849976,
                    58.644697070121765
                ]
            ],
            "provenance": "visii",
            "quaternion_xyzw": [
                -0.8169021606445312,
                0.06479305028915405,
                0.5701243877410889,
                -0.05857503414154053
            ],
            "quaternion_xyzw_world": [
                -0.6904042363166809,
                0.1850728988647461,
                -0.061704814434051514,
                0.6966222524642944
            ],
            "segmentation_id": 13,
            "visibility": 0
        },
        {
            "bounding_box_minx_maxx_miny_maxy": [
                -1,
                -1,
                -1,
                -1
            ],
            "class": "Razer",
