{
    "camera_data": {
        "camera_look_at": {
            "at": [
                1.0,
                0.0,
                0.0
            ],
            "eye": [
                0.0,
                0.0,
                0.0
            ],
            "up": [
                0.0,
                0.0,
                1.0
            ]
        },
        "camera_view_matrix": [
            [
                0.0,
                0.0,
                -1.0,
                0.0
            ],
            [
                -1.0,
                0.0,
                0.0,
                0.0
            ],
            [
                0.0,
                1.0,
                0.0,
                0.0
            ],
            [
                0.0,
                0.0,
                0.0,
                1.0
            ]
        ],
        "height": 500,
        "intrinsics": {
            "cx": 250.0,
            "cy": 250.0,
            "fx": 603.5535278320312,
            "fy": 603.5535278320312
        },
        "location_world": [
            0.0,
            0.0,
            0.0
        ],
        "quaternion_world_xyzw": [
            0.5,
            -0.5,
            -0.5,
            0.5
        ],
        "width": 500
    },
    "objects": [
        {
            "bounding_box_minx_maxx_miny_maxy": [
                -1,
                -1,
                -1,
                -1
            ],
            "class": "Reebok",
            "local_cuboid": null,
            "local_to_world_matrix": [
                [
                    -0.5642091035842896,
                    -0.7832303643226624,
                    -0.26118651032447815,
                    0.0
                ],
                [
                    -0.7942978739738464,
                    0.4285956621170044,
                    0.4305770993232727,
                    0.0
                ],
                [
                    -0.22529762983322144,
                    0.450395405292511,
                    -0.8639357089996338,
                    0.0
                ],
                [
                    0.3786092698574066,
                    0.41355443000793457,
                    0.1933818757534027,
                    1.0
                ]
            ],
            "location": [
                -0.41355443000793457,
                0.1933818757534027,
                -0.3786092698574066
            ],
            "location_world": [
                0.3786092698574066,
                0.41355443000793457,
                0.1933818757534027
            ],
            "name": "google_Reebok_SOMERSET_RUN_0",
            "projected_cuboid": [
                [
                    -245.76041102409363,
                    228.73669862747192
                ],
                [
                    -1179.7300577163696,
                    -167.4409806728363
                ],
                [
                    -880.6947469711304,
                    -382.61401653289795
                ],
                [
                    -149.5988965034485,
                    99.20115768909454
                ],
                [
                    -289.2780303955078,
                    195.89859247207642
                ],
                [
                    -1039.1581058502197,
                    -134.65625047683716
                ],
                [
                    -817.3257112503052,
                    -306.18196725845337
                ],
                [
                    -202.58107781410217,
                    83.65394175052643
                ],
                [
                    -475.80093145370483,
                    13.445481657981873
                ]
            ],
            "provenance": "visii",
            "quaternion_xyzw": [
                -0.5308849811553955,
                0.32482653856277466,
                -0.05359619855880737,
                -0.7808817625045776
            ],
            "quaternion_xyzw_world": [
                -0.46667200326919556,
                0.8450947403907776,
                0.2606135308742523,
                0.010616823099553585
            ],
            "segmentation_id": 1,
            "visibility": 0
        },
        {
            "bounding_box_minx_maxx_miny_maxy": [
                -1,
                -1,
                -1,
                -1
            ],
            "class": "Breyer",
            "local_cuboid": null,
            "local_to_world_matrix": [
                [
                    0.9758247137069702,
                    0.13306261599063873,
                    0.17337960004806519,
                    0.0
                ],
                [
                    -0.21841184794902802,
                    0.6223982572555542,
                    0.7516093850135803,
                    0.0
                ],
                [
                    -0.007900051772594452,
                    -0.7713071703910828,
                    0.6364140510559082,
                    0.0
                ],
                [
                    0.2996484935283661,
                    0.11104058474302292,
                    -0.44300204515457153,
                    1.0
                ]
            ],
            "location": [
                -0.11104058474302292,
                -0.44300204515457153,
                -0.2996484935283661
            ],
            "location_world": [
                0.2996484935283661,
                0.11104058474302292,
                -0.44300204515457153
            ],
            "name": "google_Breyer_Horse_Of_The_Year_2015_1",
            "projected_cuboid": [
                [
                    257.96258449554443,
                    744.3879842758179
                ],
                [
                    204.70988750457764,
                    695.1594352722168
                ],
                [
                    29.32925522327423,
                    838.6533260345459
                ],
                [
                    87.70371973514557,
                    883.4231495857239
                ],
                [
                    363.92781138420105,
                    1450.6738185882568
                ],
                [
                    251.20776891708374,
                    1389.168620109558
                ],
                [
                    -143.3504819869995,
                    1707.0891857147217
                ],
                [
                    -5.621194839477539,
                    1747.489333152771
                ],
                [
                    136.75561547279358,
                    1035.1488590240479
                ]
            ],
            "provenance": "visii",
            "quaternion_xyzw": [
                -0.16388103365898132,
                0.6849766969680786,
                0.3119909167289734,
                0.6376610994338989
            ],
            "quaternion_xyzw_world": [
                0.4233829081058502,
                -0.05039718374609947,
                0.0977126955986023,
                0.8992548584938049
            ],
            "segmentation_id": 2,
            "visibility": 0
        },
        {
            "bounding_box_minx_maxx_miny_maxy": [
                184,
                311,
                1,
                99
            ],
            "class": "Smith",
            "local_cuboid": null,
            "local_to_world_matrix": [
                [
                    -0.5220528841018677,
                    -0.7788857221603394,
                    -0.3475598692893982,
                    0.0
                ],
                [
                    -0.5956748723983765,
                    0.624605655670166,
                    -0.5050140619277954,
                    0.0
                ],
                [
                    0.6104360818862915,
                    -0.05661137402057648,
                    -0.7900397777557373,
                    0.0
                ],
                [
                    1.7777596712112427,
                    0.0019013717537745833,
                    0.7695525884628296,
                    1.0
                ]
            ],
            "location": [
                -0.0019013717537745833,
                0.7695525884628296,
                -1.7777596712112427
            ],
            "location_world": [
                1.7777596712112427,
                0.0019013717537745833,
                0.7695525884628296
            ],
            "name": "google_Smith_Hawken_Woven_BasketTray_Organizer_with_3_Compartments_95_x_9_x_13_2",
            "projected_cuboid": [
                [
                    323.80685210227966,
                    74.29638504981995
                ],
                [
                    275.42993426322937,
                    103.37047278881073
                ],
                [
                    272.31448888778687,
                    8.736714720726013
                ],
                [
                    325.467586517334,
                    -14.806270599365234
                ],
                [
                    237.0132952928543,
                    54.15302515029907
                ],
                [
                    186.49399280548096,
                    78.8588672876358
                ],
                [
                    175.5843609571457,
                    -8.093297481536865
                ],
                [
                    231.2117964029312,
                    -28.038829565048218
                ],
                [
                    252.26575136184692,
                    34.53017771244049
                ]
            ],
            "provenance": "visii",
            "quaternion_xyzw": [
                -0.8506373763084412,
                0.28571683168411255,
                -0.17006783187389374,
                -0.4072577655315399
            ],
            "quaternion_xyzw_world": [
                -0.401055246591568,
                0.8568398952484131,
                -0.163865327835083,
                0.27951428294181824
            ],
            "segmentation_id": 3,
            "visibility": 1
        },
        {
            "bounding_box_minx_maxx_miny_maxy": [
                425,
                490,
                139,
                231
            ],
            "class": "Paul",
            "local_cuboid": null,
            "local_to_world_matrix": [
                [
                    -0.45687413215637207,
                    -0.7045753598213196,
                    0.5429912805557251,
                    0.0
                ],
                [
                    0.4315493702888489,
                    0.3582136631011963,
                    0.8279179334640503,
                    0.0
                ],
                [
                    -0.7778375148773193,
                    0.6125818490982056,
                    0.14040052890777588,
                    0.0
                ],
                [
                    1.0947164297103882,
                    -0.3690028786659241,
                    0.05506913736462593,
                    1.0
                ]
            ],
            "location": [
                0.3690028786659241,
                0.05506913736462593,
                -1.0947164297103882
            ],
            "location_world": [
                1.0947164297103882,
                -0.3690028786659241,
                0.05506913736462593
            ],
            "name": "google_Paul_Frank_Dot_Lunch_Box_3",
            "projected_cuboid": [
                [
                    496.59183621406555,
                    166.61524772644043
                ],
                [
                    456.89818263053894,
                    109.56230759620667
                ],
                [
                    502.7042627334595,
                    152.11805701255798
                ],
                [
                    537.4223589897156,
                    200.94695687294006
                ],
                [
                    347.58344292640686,
                    267.95250177383423
                ],
                [
                    319.6360766887665,
                    213.05161714553833
                ],
                [
                    381.7926049232483,
                    235.40380597114563
                ],
                [
                    407.84046053886414,
                    282.4670672416687
                ],
                [
                    429.26424741744995,
                    206.95841312408447
                ]
            ],
            "provenance": "visii",
            "quaternion_xyzw": [
                -0.15717819333076477,
                -0.2938983738422394,
                0.24766114354133606,
                0.9097157716751099
            ],
            "quaternion_xyzw_world": [
                0.10548900812864304,
                -0.6470485329627991,
                -0.5565655827522278,
                0.5103283524513245
            ],
            "segmentation_id": 4,
            "visibility": 1
        },
        {
            "bounding_box_minx_maxx_miny_maxy": [
                324,
                420,
                434,
                500
            ],
            "class": "Toys",
            "local_cuboid": null,
            "local_to_world_matrix": [
                [
                    -0.21556973457336426,
                    -0.01940131187438965,
                    0.9762957096099854,
                    0.0
                ],
                [
                    -0.9717162847518921,
                    0.10298633575439453,
                    -0.21251189708709717,
                    0.0
                ],
                [
                    -0.09642216563224792,
                    -0.9944936037063599,
                    -0.04105329513549805,
                    0.0
                ],
                [
                    0.9917237758636475,
                    -0.12264971435070038,
                    -0.3765001595020294,
                    1.0
                ]
            ],
            "location": [
                0.12264971435070038,
                -0.3765001595020294,
                -0.9917237758636475
            ],
            "location_world": [
                0.9917237758636475,
                -0.12264971435070038,
                -0.3765001595020294
            ],
            "name": "google_Toys_R_Us_Treat_Dispenser_Smart_Puzzle_Foobler_4",
            "projected_cuboid": [
                [
                    415.98349809646606,
                    419.65728998184204
                ],
                [
                    433.21335315704346,
                    470.60438990592957
                ],
                [
                    327.88872718811035,
                    462.755024433136
                ],
                [
                    325.90553164482117,
                    413.6441648006439
                ],
                [
                    409.10589694976807,
                    499.69494342803955
                ],
                [
                    424.59094524383545,
                    561.8197917938232
                ],
                [
                    323.1656551361084,
                    552.8052449226379
                ],
                [
                    321.89562916755676,
                    492.7735924720764
                ],
                [
                    371.9649910926819,
                    482.802152633667
                ]
            ],
            "provenance": "visii",
            "quaternion_xyzw": [
                -0.53279709815979,
                -0.4097757339477539,
                -0.5677880048751831,
                -0.47521349787712097
            ],
            "quaternion_xyzw_world": [
                -0.4249992072582245,
                0.5830114483833313,
                -0.5175736546516418,
                -0.45999008417129517
            ],
            "segmentation_id": 5,
            "visibility": 1
        },
        {
            "bounding_box_minx_maxx_miny_maxy": [
                -1,
                -1,
                -1,
                -1
            ],
            "class": "Tag",
            "local_cuboid": null,
            "local_to_world_matrix": [
                [
                    0.16992419958114624,
                    -0.6016693115234375,
                    0.780461311340332,
                    0.0
                ],
                [
                    -0.9761427640914917,
                    0.005865812301635742,
                    0.21705052256584167,
                    0.0
                ],
                [
                    -0.13517066836357117,
                    -0.7987236976623535,
                    -0.5863184928894043,
                    0.0
                ],
                [
                    0.32492074370384216,
                    -0.4491179287433624,
                    0.3994293510913849,
                    1.0
                ]
            ],
            "location": [
                0.4491179287433624,
                0.3994293510913849,
                -0.32492074370384216
            ],
            "location_world": [
                0.32492074370384216,
                -0.4491179287433624,
                0.3994293510913849
            ],
            "name": "google_Tag_Dishtowel_Basket_Weave_Red_18_x_26_5",
            "projected_cuboid": [
                [
                    961.6293907165527,
                    -315.3280019760132
                ],
                [
                    1690.1880502700806,
                    -1035.1696014404297
                ],
                [
                    1585.7033729553223,
                    -1062.9843473434448
                ],
                [
                    917.1575903892517,
                    -336.6662263870239
                ],
                [
                    863.1809949874878,
                    -162.91549801826477
                ],
                [
                    1585.0584506988525,
                    -810.8524084091187
                ],
                [
                    1467.7060842514038,
                    -848.1336832046509
                ],
                [
                    816.7650699615479,
                    -187.4036192893982
                ],
                [
                    1115.9577369689941,
                    -477.8074622154236
                ]
            ],
            "provenance": "visii",
            "quaternion_xyzw": [
                0.5588935613632202,
                0.3464861214160919,
                0.28126978874206543,
                0.6989082098007202
            ],
            "quaternion_xyzw_world": [
                0.6615090370178223,
                -0.5962927341461182,
                0.24387066066265106,
                0.3838852643966675
            ],
            "segmentation_id": 6,
            "visibility": 0
        },
        {
            "bounding_box_minx_maxx_miny_maxy": [
                387,
                471,
                394,
                413
            ],
            "class": "FRACTION",
            "local_cuboid": null,
            "local_to_world_matrix": [
                [
                    0.34429043531417847,
                    -0.9385397434234619,
                    -0.02464289963245392,
                    0.0
                ],
                [
                    -0.8899328708648682,
                    -0.33459770679473877,
                    0.309941828250885,
                    0.0
                ],
                [
                    -0.2991381883621216,
                    -0.08477947115898132,
                    -0.9504361152648926,
                    0.0
                ],
                [
                    1.7551076412200928,
                    -0.5163695216178894,
                    -0.4275937080383301,
                    1.0
                ]
            ],
            "location": [
                0.5163695216178894,
                -0.4275937080383301,
                -1.7551076412200928
            ],
            "location_world": [
                1.7551076412200928,
                -0.5163695216178894,
                -0.4275937080383301
            ],
            "name": "google_FRACTION_FUN_n4h4qte23QR_6",
            "projected_cuboid": [
                [
                    435.52905321121216,
                    412.7826988697052
                ],
                [
                    476.6594171524048,
                    408.0539345741272
                ],
                [
                    473.5969305038452,
                    392.0705318450928
                ],
                [
                    433.03054571151733,
                    398.20539951324463
                ],
                [
                    386.505126953125,
                    416.7987108230591
                ],
                [
                    424.0897297859192,
                    412.31000423431396
                ],
                [
                    421.33432626724243,
                    395.70510387420654
                ],
                [
                    384.27823781967163,
                    401.7063081264496
                ],
                [
                    428.86918783187866,
                    404.7701954841614
                ]
            ],
            "provenance": "visii",
            "quaternion_xyzw": [
                0.576511025428772,
                0.13440972566604614,
                -0.11253511905670166,
                0.7980632185935974
            ],
            "quaternion_xyzw_world": [
                0.8107595443725586,
                -0.5638146996498108,
                -0.09983880817890167,
                0.12171342968940735
            ],
            "segmentation_id": 7,
            "visibility": 1
        },
        {
            "bounding_box_minx_maxx_miny_maxy": [
                322,
                425,
                1,
                85
            ],
            "class": "FAIRY",
            "local_cuboid": null,
            "local_to_world_matrix": [
                [
                    -0.6346968412399292,
                    0.245139479637146,
                    0.7328482866287231,
                    0.0
                ],
                [
                    0.6236709356307983,
                    0.7224579453468323,
                    0.2984778881072998,
                    0.0
                ],
                [
                    -0.4562833309173584,
                    0.6464991569519043,
                    -0.6114281415939331,
                    0.0
                ],
                [
                    1.807618498802185,
                    -0.4136117994785309,
                    0.7085332274436951,
                    1.0
                ]
            ],
            "location": [
                0.4136117994785309,
                0.7085332274436951,
                -1.807618498802185
            ],
            "location_world": [
                1.807618498802185,
                -0.4136117994785309,
                0.7085332274436951
            ],
            "name": "google_FAIRY_TALE_BLOCKS_7",
            "projected_cuboid": [
                [
                    380.7797133922577,
                    6.149604916572571
                ],
                [
                    300.5264103412628,
                    1.7982125282287598
                ],
                [
                    345.75068950653076,
                    -29.70847487449646
                ],
                [
                    425.58225989341736,
                    -28.790414333343506
                ],
                [
                    390.2354836463928,
                    93.07700395584106
                ],
                [
                    315.90375304222107,
                    81.3942551612854
                ],
                [
                    356.7209839820862,
                    48.28749597072601
                ],
                [
                    430.59802055358887,
                    56.27566576004028
                ],
                [
                    367.2972321510315,
                    29.763564467430115
                ]
            ],
            "provenance": "visii",
            "quaternion_xyzw": [
                0.0049821436405181885,
                0.5213765501976013,
                -0.5922299027442932,
                -0.6143333315849304
            ],
            "quaternion_xyzw_world": [
                0.25212761759757996,
                0.8614788055419922,
                0.27423107624053955,
                -0.34508439898490906
            ],
            "segmentation_id": 8,
            "visibility": 1
        },
        {
            "bounding_box_minx_maxx_miny_maxy": [
                491,
                499,
                443,
                482
            ],
            "class": "Great",
            "local_cuboid": null,
            "local_to_world_matrix": [
                [
                    0.5815764665603638,
                    0.28661713004112244,
                    0.7613274455070496,
                    0.0
                ],
                [
                    -0.6395318508148193,
                    -0.4173084497451782,
                    0.6456413269042969,
                    0.0
                ],
                [
                    0.5027602314949036,
                    -0.8623830080032349,
                    -0.05939602851867676,
                    0.0
                ],
                [
                    1.2144272327423096,
                    -0.5800202488899231,
                    -0.3955865204334259,
                    1.0
                ]
            ],
            "location": [
                0.5800202488899231,
                -0.3955865204334259,
                -1.2144272327423096
            ],
            "location_world": [
                1.2144272327423096,
                -0.5800202488899231,
                -0.3955865204334259
            ],
            "name": "google_Great_Jones_Wingtip_kAqSg6EgG0I_8",
            "projected_cuboid": [
                [
                    506.69872760772705,
                    448.1174349784851
                ],
                [
                    614.4967079162598,
                    379.97809052467346
                ],
                [
                    581.0556411743164,
                    382.90324807167053
                ],
                [
                    473.6354351043701,
                    453.50274443626404
                ],
                [
                    533.4720015525818,
                    495.86233496665955
                ],
                [
                    652.0785093307495,
                    432.21530318260193
                ],
                [
                    618.624210357666,
                    438.0752146244049
                ],
                [
                    499.9343752861023,
                    503.64941358566284
                ],
                [
                    555.4261207580566,
                    443.745493888855
                ]
            ],
            "provenance": "visii",
            "quaternion_xyzw": [
                0.37765783071517944,
                0.7802273035049438,
                0.18588683009147644,
                0.46267271041870117
            ],
            "quaternion_xyzw_world": [
                0.7173355221748352,
                -0.12299501150846481,
                0.4405496418476105,
                0.5255644917488098
            ],
            "segmentation_id": 9,
            "visibility": 1
        },
        {
            "bounding_box_minx_maxx_miny_maxy": [
                172,
                212,
                204,
                238
            ],
            "class": "Ecoforms",
            "local_cuboid": null,
            "local_to_world_matrix": [
                [
                    0.5836647152900696,
                    -0.25707918405532837,
                    0.7702246904373169,
                    0.0
                ],
                [
                    0.751588761806488,
                    0.5300568342208862,
                    -0.3926248550415039,
                    0.0
                ],
                [
                    -0.3073273003101349,
                    0.8080533742904663,
                    0.5025931596755981,
                    0.0
                ],
                [
                    1.6650289297103882,
                    0.05570698529481888,
                    -0.06656911224126816,
                    1.0
                ]
            ],
            "location": [
                -0.05570698529481888,
                -0.06656911224126816,
                -1.6650289297103882
            ],
            "location_world": [
                1.6650289297103882,
                0.05570698529481888,
                -0.06656911224126816
            ],
            "name": "google_Ecoforms_Plant_Container_Quadra_Sand_QP6_9",
            "projected_cuboid": [
                [
                    205.77892661094666,
                    201.37794315814972
                ],
                [
                    174.45659637451172,
                    231.26158118247986
                ],
                [
                    222.50524163246155,
                    260.3304982185364
                ],
                [
                    257.0074498653412,
                    233.90433192253113
                ],
                [
                    182.5997233390808,
                    257.28484988212585
                ],
                [
                    151.1744260787964,
                    284.3025326728821
                ],
                [
                    203.11640202999115,
                    313.65853548049927
                ],
                [
                    238.3095771074295,
                    290.27825593948364
                ],
                [
                    204.41368222236633,
                    258.94972681999207
                ]
            ],
            "provenance": "visii",
            "quaternion_xyzw": [
                -0.5793049335479736,
                -0.10364469885826111,
                0.6005983352661133,
                0.541244387626648
            ],
            "quaternion_xyzw_world": [
                -0.37115180492401123,
                -0.33309119939804077,
                -0.3117978572845459,
                0.8087514638900757
            ],
            "segmentation_id": 10,
            "visibility": 1
        },
        {
            "bounding_box_minx_maxx_miny_maxy": [
                0,
                70,
                1,
                133
            ],
            "class": "ReadytoUse",
            "local_cuboid": null,
            "local_to_world_matrix": [
                [
                    0.5888769626617432,
                    0.6832118630409241,
                    -0.4317932426929474,
                    0.0
                ],
                [
                    0.7807827591896057,
                    -0.6189206838607788,
                    0.08552926778793335,
                    0.0
                ],
                [
                    -0.2088111937046051,
                    -0.3875029385089874,
                    -0.8979082107543945,
                    0.0
                ],
                [
                    0.7846387028694153,
                    0.3353988826274872,
                    0.32930928468704224,
                    1.0
                ]
            ],
            "location": [
                -0.3353988826274872,
                0.32930928468704224,
                -0.7846387028694153
            ],
            "location_world": [
                0.7846387028694153,
                0.3353988826274872,
                0.32930928468704224
            ],
            "name": "google_ReadytoUse_Rolled_Fondant_Pure_White_24_oz_box_10",
            "projected_cuboid": [
                [
                    -7.4131786823272705,
                    132.12177157402039
                ],
                [
                    27.67840027809143,
                    134.590283036232
                ],
                [
                    -9.982258081436157,
                    30.55460751056671
                ],
                [
                    -45.33427953720093,
                    23.21377396583557
                ],
                [
                    38.289740681648254,
                    74.28090274333954
                ],
                [
                    74.42076504230499,
                    80.0190269947052
                ],
                [
                    31.10179305076599,
                    -31.222164630889893
                ],
                [
                    -5.562543869018555,
                    -42.53208637237549
                ],
                [
                    11.868447065353394,
                    50.34762620925903
                ]
            ],
            "provenance": "visii",
            "quaternion_xyzw": [
                0.07491263747215271,
                0.6244857907295227,
                -0.6720293760299683,
                0.3908735513687134
            ],
            "quaternion_xyzw_world": [
                0.8811506628990173,
                0.41536444425582886,
                -0.18175223469734192,
                0.13420866429805756
            ],
            "segmentation_id": 11,
            "visibility": 1
        },
        {
            "bounding_box_minx_maxx_miny_maxy": [
                0,
                357,
                120,
                500
            ],
            "class": "Dog",
            "local_cuboid": null,
            "local_to_world_matrix": [
                [
                    -0.9257619380950928,
                    -0.26081234216690063,
                    0.2737548351287842,
                    0.0
                ],
                [
                    0.023739531636238098,
                    -0.7626791000366211,
                    -0.64634108543396,
                    0.0
                ],
                [
                    0.37736088037490845,
                    -0.5918592214584351,
                    0.7122509479522705,
                    0.0
                ],
                [
                    0.20598024129867554,
                    0.08999324589967728,
                    -0.1304013878107071,
                    1.0
                ]
            ],
            "location": [
                -0.08999324589967728,
                -0.1304013878107071,
                -0.20598024129867554
            ],
            "location_world": [
                0.20598024129867554,
                0.08999324589967728,
                -0.1304013878107071
            ],
            "name": "google_Dog_11",
            "projected_cuboid": [
                [
                    208.3033323287964,
                    -119.73929405212402
                ],
                [
                    702.3955583572388,
                    307.48748779296875
                ],
                [
                    325.4547119140625,
                    1220.1679944992065
                ],
                [
                    -580.8433890342712,
                    494.6373403072357
                ],
                [
                    136.54810190200806,
                    186.76693737506866
                ],
                [
                    358.3514392375946,
                    374.36237931251526
                ],
                [
                    157.20024704933167,
                    677.5608062744141
                ],
                [
                    -121.46517634391785,
                    448.64290952682495
                ],
                [
                    175.1299351453781,
                    397.82607555389404
                ]
            ],
            "provenance": "visii",
            "quaternion_xyzw": [
                0.7557305097579956,
                0.34285834431648254,
                0.502037763595581,
                -0.24346989393234253
            ],
            "quaternion_xyzw_world": [
                0.1765405684709549,
                -0.335720032453537,
                0.9220482707023621,
                -0.07715211063623428
            ],
            "segmentation_id": 12,
            "visibility": 1
        },
        {
            "bounding_box_minx_maxx_miny_maxy": [
                -1,
                -1,
                -1,
                -1
            ],
            "class": "Black",
            "local_cuboid": null,
            "local_to_world_matrix": [
                [
                    0.7379305362701416,
                    -0.14063246548175812,
                    -0.6600614190101624,
                    0.0
                ],
                [
                    0.6313575506210327,
                    -0.2016744613647461,
                    0.7488090991973877,
                    0.0
                ],
                [
                    -0.23842443525791168,
                    -0.9693038463592529,
                    -0.06003236770629883,
                    0.0
                ],
                [
                    0.17135825753211975,
                    -0.1972087323665619,
                    0.016321999952197075,
                    1.0
                ]
            ],
            "location": [
                0.1972087323665619,
                0.016321999952197075,
                -0.17135825753211975
            ],
            "location_world": [
                0.17135825753211975,
                -0.1972087323665619,
                0.016321999952197075
            ],
            "name": "google_Black_Elderberry_Syrup_54_oz_Gaia_Herbs_12",
            "projected_cuboid": [
                [
                    1706.990361213684,
                    394.6540057659149
                ],
                [
                    1439.7326707839966,
                    212.74271607398987
                ],
                [
                    842.5146341323853,
                    193.9399391412735
                ],
                [
                    928.335428237915,
                    335.5942368507385
                ],
                [
                    2290.238857269287,
                    222.8868156671524
                ],
                [
                    1777.0832777023315,
                    31.58457577228546
                ],
                [
                    961.6981148719788,
                    45.1950877904892
                ],
                [
                    1108.7993383407593,
                    190.0632679462433
                ],
                [
                    1298.365592956543,
                    203.05457711219788
                ]
            ],
            "provenance": "visii",
            "quaternion_xyzw": [
                -0.19583088159561157,
                0.5851820707321167,
                -0.2953738570213318,
                0.7293603420257568
            ],
            "quaternion_xyzw_world": [
                0.7070426940917969,
                0.1735132336616516,
                -0.31769150495529175,
                0.6074997186660767
            ],
            "segmentation_id": 13,
            "visibility": 0
        },
        {
            "bounding_box_minx_maxx_miny_maxy": [
                -1,
                -1,
                -1,
                -1
            ],
