{
    "camera_data": {
        "camera_look_at": {
            "at": [
                1.0,
                0.0,
                0.0
            ],
            "eye": [
                0.0,
                0.0,
                0.0
            ],
            "up": [
                0.0,
                0.0,
                1.0
            ]
        },
        "camera_view_matrix": [
            [
                0.0,
                0.0,
                -1.0,
                0.0
            ],
            [
                -1.0,
                0.0,
                0.0,
                0.0
            ],
            [
                0.0,
                1.0,
                0.0,
                0.0
            ],
            [
                0.0,
                0.0,
                0.0,
                1.0
            ]
        ],
        "height": 500,
        "intrinsics": {
            "cx": 250.0,
            "cy": 250.0,
            "fx": 603.5535278320312,
            "fy": 603.5535278320312
        },
        "location_world": [
            0.0,
            0.0,
            0.0
        ],
        "quaternion_world_xyzw": [
            0.5,
            -0.5,
            -0.5,
            0.5
        ],
        "width": 500
    },
    "objects": [
        {
            "bounding_box_minx_maxx_miny_maxy": [
                -1,
                -1,
                -1,
                -1
            ],
            "class": "Reebok",
            "local_cuboid": null,
            "local_to_world_matrix": [
                [
                    -0.30799829959869385,
                    0.9513038396835327,
                    0.012569710612297058,
                    0.0
                ],
                [
                    -0.9463679790496826,
                    -0.30770206451416016,
                    0.09852448105812073,
                    0.0
                ],
                [
                    0.09759444743394852,
                    0.0184498094022274,
                    0.9950552582740784,
                    0.0
                ],
                [
                    0.36495083570480347,
                    0.4854779541492462,
                    0.16619347035884857,
                    1.0
                ]
            ],
            "location": [
                -0.4854779541492462,
                0.16619347035884857,
                -0.36495083570480347
            ],
            "location_world": [
                0.36495083570480347,
                0.4854779541492462,
                0.16619347035884857
            ],
            "name": "google_Reebok_SOMERSET_RUN_0",
            "projected_cuboid": [
                [
                    -461.4655375480652,
                    -75.08665323257446
                ],
                [
                    -1108.728528022766,
                    -562.4204277992249
                ],
                [
                    -1176.1631965637207,
                    -273.02616834640503
                ],
                [
                    -475.3902554512024,
                    60.7793927192688
                ],
                [
                    -293.22350025177,
                    -52.24287509918213
                ],
                [
                    -669.756829738617,
                    -448.4107494354248
                ],
                [
                    -707.1860432624817,
                    -194.96765732765198
                ],
                [
                    -302.5587797164917,
                    75.05220174789429
                ],
                [
                    -542.3080325126648,
                    -114.52770233154297
                ]
            ],
            "provenance": "visii",
            "quaternion_xyzw": [
                0.10927732288837433,
                0.7327044010162354,
                0.662416934967041,
                -0.11138466000556946
            ],
            "quaternion_xyzw_world": [
                0.03409001603722572,
                0.036197394132614136,
                0.8078916668891907,
                0.5872296690940857
            ],
            "segmentation_id": 1,
            "visibility": 0
        },
        {
            "bounding_box_minx_maxx_miny_maxy": [
                -1,
                -1,
                -1,
                -1
            ],
            "class": "Breyer",
            "local_cuboid": null,
            "local_to_world_matrix": [
                [
                    -0.8251426219940186,
                    -0.2726738452911377,
                    0.49476107954978943,
                    0.0
                ],
                [
                    -0.4703056216239929,
                    -0.153633713722229,
                    -0.8690277934074402,
                    0.0
                ],
                [
                    0.31297311186790466,
                    -0.9497608542442322,
                    -0.001470327377319336,
                    0.0
                ],
                [
                    0.32591792941093445,
                    0.3138405680656433,
                    -0.34747493267059326,
                    1.0
                ]
            ],
            "location": [
                -0.3138405680656433,
                -0.34747493267059326,
                -0.32591792941093445
            ],
            "location_world": [
                0.32591792941093445,
                0.3138405680656433,
                -0.34747493267059326
            ],
            "name": "google_Breyer_Horse_Of_The_Year_2015_1",
            "projected_cuboid": [
                [
                    -43.403059244155884,
                    816.6576027870178
                ],
                [
                    -53.422242403030396,
                    991.7507171630859
                ],
                [
                    -534.6689820289612,
                    1158.3092212677002
                ],
                [
                    -468.1999087333679,
                    929.3696880340576
                ],
                [
                    -5.952924489974976,
                    735.0396513938904
                ],
                [
                    -9.487122297286987,
                    831.2392830848694
                ],
                [
                    -257.99059867858887,
                    899.9775052070618
                ],
                [
                    -238.4023368358612,
                    788.7340784072876
                ],
                [
                    -168.64949464797974,
                    865.2881979942322
                ]
            ],
            "provenance": "visii",
            "quaternion_xyzw": [
                0.7833700776100159,
                0.20692479610443115,
                0.566431999206543,
                0.15055975317955017
            ],
            "quaternion_xyzw_world": [
                0.2872112989425659,
                -0.6467185020446777,
                0.7030835747718811,
                0.07027322053909302
            ],
            "segmentation_id": 2,
            "visibility": 0
        },
        {
            "bounding_box_minx_maxx_miny_maxy": [
                112,
                225,
                1,
                77
            ],
            "class": "Smith",
            "local_cuboid": null,
            "local_to_world_matrix": [
                [
                    0.6943809390068054,
                    0.5283304452896118,
                    0.4885715842247009,
                    0.0
                ],
                [
                    -0.03129090368747711,
                    -0.6561315059661865,
                    0.7539979815483093,
                    0.0
                ],
                [
                    0.7189270853996277,
                    -0.5388497710227966,
                    -0.4390733242034912,
                    0.0
                ],
                [
                    1.631461501121521,
                    0.3628932237625122,
                    0.6706590056419373,
                    1.0
                ]
            ],
            "location": [
                -0.3628932237625122,
                0.6706590056419373,
                -1.631461501121521
            ],
            "location_world": [
                1.631461501121521,
                0.3628932237625122,
                0.6706590056419373
            ],
            "name": "google_Smith_Hawken_Woven_BasketTray_Organizer_with_3_Compartments_95_x_9_x_13_2",
            "projected_cuboid": [
                [
                    126.70955061912537,
                    82.55302906036377
                ],
                [
                    178.59172821044922,
                    21.652445197105408
                ],
                [
                    120.85835635662079,
                    -44.146567583084106
                ],
                [
                    63.54781985282898,
                    23.73702824115753
                ],
                [
                    176.10368132591248,
                    120.37323415279388
                ],
                [
                    235.8853816986084,
                    50.655245780944824
                ],
                [
                    175.89396238327026,
                    -22.38479256629944
                ],
                [
                    108.7852269411087,
                    56.640759110450745
                ],
                [
                    148.08759093284607,
                    36.94175183773041
                ]
            ],
            "provenance": "visii",
            "quaternion_xyzw": [
                0.33037811517715454,
                0.8662066459655762,
                -0.1176919937133789,
                0.3559286296367645
            ],
            "quaternion_xyzw_world": [
                0.8351026773452759,
                0.1487959325313568,
                0.36148208379745483,
                0.38703256845474243
            ],
            "segmentation_id": 3,
            "visibility": 1
        },
        {
            "bounding_box_minx_maxx_miny_maxy": [
                297,
                397,
                14,
                61
            ],
            "class": "Paul",
            "local_cuboid": null,
            "local_to_world_matrix": [
                [
                    0.07653725147247314,
                    0.6194106936454773,
                    -0.7813273668289185,
                    0.0
                ],
                [
                    0.49413543939590454,
                    -0.7041878700256348,
                    -0.5098525285720825,
                    0.0
                ],
                [
                    -0.8660093545913696,
                    -0.34705880284309387,
                    -0.3599693775177002,
                    0.0
                ],
                [
                    1.4168965816497803,
                    -0.15155160427093506,
                    0.42810600996017456,
                    1.0
                ]
            ],
            "location": [
                0.15155160427093506,
                0.42810600996017456,
                -1.4168965816497803
            ],
            "location_world": [
                1.4168965816497803,
                -0.15155160427093506,
                0.42810600996017456
            ],
            "name": "google_Paul_Frank_Dot_Lunch_Box_3",
            "projected_cuboid": [
                [
                    306.456059217453,
                    114.7313117980957
                ],
                [
                    340.66665172576904,
                    146.99898660182953
                ],
                [
                    294.70008611679077,
                    126.55872106552124
                ],
                [
                    263.6479139328003,
                    98.14275801181793
                ],
                [
                    390.9297585487366,
                    7.080733776092529
                ],
                [
                    422.0452308654785,
                    44.53364014625549
                ],
                [
                    364.0252649784088,
                    38.168564438819885
                ],
                [
                    335.1980447769165,
                    5.922377109527588
                ],
                [
                    337.8000259399414,
                    73.04617762565613
                ]
            ],
            "provenance": "visii",
            "quaternion_xyzw": [
                -0.07815442979335785,
                0.24675330519676208,
                -0.8653427362442017,
                0.42916959524154663
            ],
            "quaternion_xyzw_world": [
                0.7315556406974792,
                0.3805404603481293,
                -0.5629567503929138,
                -0.05563271790742874
            ],
            "segmentation_id": 4,
            "visibility": 1
        },
        {
            "bounding_box_minx_maxx_miny_maxy": [
                -1,
                -1,
                -1,
                -1
            ],
            "class": "Toys",
            "local_cuboid": null,
            "local_to_world_matrix": [
                [
                    0.356617271900177,
                    -0.4960858225822449,
                    -0.7916584610939026,
                    0.0
                ],
                [
                    -0.7787405848503113,
                    -0.6259745359420776,
                    0.041463226079940796,
                    0.0
                ],
                [
                    -0.5161272883415222,
                    0.6017099618911743,
                    -0.6095554828643799,
                    0.0
                ],
                [
                    1.5444868803024292,
                    0.6646832823753357,
                    -0.2446393519639969,
                    1.0
                ]
            ],
            "location": [
                -0.6646832823753357,
                -0.2446393519639969,
                -1.5444868803024292
            ],
            "location_world": [
                1.5444868803024292,
                0.6646832823753357,
                -0.2446393519639969
            ],
            "name": "google_Toys_R_Us_Treat_Dispenser_Smart_Puzzle_Foobler_4",
            "projected_cuboid": [
                [
                    -48.04214835166931,
                    406.47244453430176
                ],
                [
                    -32.3922336101532,
                    416.8718755245209
                ],
                [
                    19.25380527973175,
                    370.7960247993469
                ],
                [
                    0.570639967918396,
                    364.2849922180176
                ],
                [
                    -89.9556577205658,
                    362.8743290901184
                ],
                [
                    -77.32507586479187,
                    369.89766359329224
                ],
                [
                    -21.28046751022339,
                    324.6304988861084
                ],
                [
                    -37.53650188446045,
                    321.40055298805237
                ],
                [
                    -35.08731722831726,
                    366.8542802333832
                ]
            ],
            "provenance": "visii",
            "quaternion_xyzw": [
                0.4843798577785492,
                -0.08551344275474548,
                -0.4946155846118927,
                0.7165326476097107
            ],
            "quaternion_xyzw_world": [
                0.8050073385238647,
                -0.39590519666671753,
                -0.40614092350006104,
                -0.17398808896541595
            ],
            "segmentation_id": 5,
            "visibility": 0
        },
        {
            "bounding_box_minx_maxx_miny_maxy": [
                -1,
                -1,
                -1,
                -1
            ],
            "class": "Tag",
            "local_cuboid": null,
            "local_to_world_matrix": [
                [
                    0.025738537311553955,
                    -0.29850685596466064,
                    0.954060435295105,
                    0.0
                ],
                [
                    0.4222666025161743,
                    -0.8618066310882568,
                    -0.28103435039520264,
                    0.0
                ],
                [
                    0.9061062335968018,
                    0.4101012349128723,
                    0.10386776924133301,
                    0.0
                ],
                [
                    0.23352353274822235,
                    -0.35878831148147583,
                    0.2808849811553955,
                    1.0
                ]
            ],
            "location": [
                0.35878831148147583,
                0.2808849811553955,
                -0.23352353274822235
            ],
            "location_world": [
                0.23352353274822235,
                -0.35878831148147583,
                0.2808849811553955
            ],
            "name": "google_Tag_Dishtowel_Basket_Weave_Red_18_x_26_5",
            "projected_cuboid": [
                [
                    995.7561492919922,
                    -852.920651435852
                ],
                [
                    1146.8918323516846,
                    -385.0584030151367
                ],
                [
                    1276.618242263794,
                    -447.7977156639099
                ],
                [
                    1168.3423519134521,
                    -1028.0157327651978
                ],
                [
                    867.2841787338257,
                    -416.0040020942688
                ],
                [
                    1061.056137084961,
                    -79.33270931243896
                ],
                [
                    1183.1470727920532,
                    -108.62705111503601
                ],
                [
                    1021.7454433441162,
                    -519.5304751396179
                ],
                [
                    1101.1848449707031,
                    -434.1714382171631
                ]
            ],
            "provenance": "visii",
            "quaternion_xyzw": [
                0.7882968187332153,
                0.5758830308914185,
                -0.13822197914123535,
                -0.16685795783996582
            ],
            "quaternion_xyzw_world": [
                0.6677719354629517,
                0.046333082020282745,
                0.6964079141616821,
                -0.258746862411499
            ],
            "segmentation_id": 6,
            "visibility": 0
        },
        {
            "bounding_box_minx_maxx_miny_maxy": [
                -1,
                -1,
                -1,
                -1
            ],
            "class": "FRACTION",
            "local_cuboid": null,
            "local_to_world_matrix": [
                [
                    0.9291737675666809,
                    0.18047936260700226,
                    0.32258856296539307,
                    0.0
                ],
                [
                    0.2503604590892792,
                    -0.9493242502212524,
                    -0.19000989198684692,
                    0.0
                ],
                [
                    0.2719481587409973,
                    0.25731560587882996,
                    -0.9272720813751221,
                    0.0
                ],
                [
                    1.6773133277893066,
                    -0.2936456501483917,
                    0.24856285750865936,
                    1.0
                ]
            ],
            "location": [
                0.2936456501483917,
                0.24856285750865936,
                -1.6773133277893066
            ],
            "location_world": [
                1.6773133277893066,
                -0.2936456501483917,
                0.24856285750865936
            ],
            "name": "google_FRACTION_FUN_n4h4qte23QR_6",
            "projected_cuboid": [
                [
                    311.09413504600525,
                    162.1798574924469
                ],
                [
                    369.8824644088745,
                    176.58701539039612
                ],
                [
                    374.4988441467285,
                    162.34701871871948
                ],
                [
                    315.4330253601074,
                    147.45230972766876
                ],
                [
                    329.418420791626,
                    174.6874451637268
                ],
                [
                    393.54047179222107,
                    190.16903638839722
                ],
                [
                    398.7947702407837,
                    174.59768056869507
                ],
                [
                    334.34534072875977,
                    158.5298329591751
                ],
                [
                    353.28584909439087,
                    168.15388202667236
                ]
            ],
            "provenance": "visii",
            "quaternion_xyzw": [
                0.5660120844841003,
                0.5617868304252625,
                -0.524056613445282,
                0.29898276925086975
            ],
            "quaternion_xyzw_world": [
                0.9754191637039185,
                0.11042428016662598,
                0.15237979590892792,
                -0.11464955657720566
            ],
            "segmentation_id": 7,
            "visibility": 0
        },
        {
            "bounding_box_minx_maxx_miny_maxy": [
                463,
                499,
                1,
                54
            ],
            "class": "FAIRY",
            "local_cuboid": null,
            "local_to_world_matrix": [
                [
                    -0.6406149864196777,
                    -0.6915762424468994,
                    0.33366870880126953,
                    0.0
                ],
                [
                    -0.7363400459289551,
                    0.6765132546424866,
                    -0.011538110673427582,
                    0.0
                ],
                [
                    -0.21775184571743011,
                    -0.25308510661125183,
                    -0.9426199197769165,
                    0.0
                ],
                [
                    1.1585091352462769,
                    -0.5475556254386902,
                    0.538733184337616,
                    1.0
                ]
            ],
            "location": [
                0.5475556254386902,
                0.538733184337616,
                -1.1585091352462769
            ],
            "location_world": [
                1.1585091352462769,
                -0.5475556254386902,
                0.538733184337616
            ],
            "name": "google_FAIRY_TALE_BLOCKS_7",
            "projected_cuboid": [
                [
                    667.3609614372253,
                    51.156625151634216
                ],
                [
                    638.6580467224121,
                    11.522993445396423
                ],
                [
                    584.6790671348572,
                    -106.03779554367065
                ],
                [
                    621.1521625518799,
                    -48.53653907775879
                ],
                [
                    535.5104207992554,
                    114.46009576320648
                ],
                [
                    487.40044236183167,
                    91.9109582901001
                ],
                [
                    447.3828077316284,
                    -12.710362672805786
                ],
                [
                    499.59224462509155,
                    24.31274950504303
                ],
                [
                    556.7851066589355,
                    19.05280351638794
                ]
            ],
            "provenance": "visii",
            "quaternion_xyzw": [
                -0.6093772649765015,
                0.14065366983413696,
                -0.36664485931396484,
                -0.6888015270233154
            ],
            "quaternion_xyzw_world": [
                -0.39544013142585754,
                0.902738630771637,
                -0.07328345626592636,
                -0.15270769596099854
            ],
            "segmentation_id": 8,
            "visibility": 1
        },
        {
            "bounding_box_minx_maxx_miny_maxy": [
                -1,
                -1,
                -1,
                -1
            ],
            "class": "Great",
            "local_cuboid": null,
            "local_to_world_matrix": [
                [
                    -0.26944541931152344,
                    -0.935882568359375,
                    -0.22698669135570526,
                    0.0
                ],
                [
                    -0.773612380027771,
                    0.35072529315948486,
                    -0.5277458429336548,
                    0.0
                ],
                [
                    0.5735180974006653,
                    0.03340098261833191,
                    -0.8185116052627563,
                    0.0
                ],
                [
                    1.8522045612335205,
                    -0.6352351307868958,
                    -0.5781574249267578,
                    1.0
                ]
            ],
            "location": [
                0.6352351307868958,
                -0.5781574249267578,
                -1.8522045612335205
            ],
            "location_world": [
                1.8522045612335205,
                -0.6352351307868958,
                -0.5781574249267578
            ],
            "name": "google_Great_Jones_Wingtip_kAqSg6EgG0I_8",
            "projected_cuboid": [
                [
                    470.2194333076477,
                    429.43698167800903
                ],
                [
                    462.9842936992645,
                    509.5229148864746
                ],
                [
                    472.41365909576416,
                    486.65180802345276
                ],
                [
                    478.72740030288696,
                    406.7173898220062
                ],
                [
                    436.40032410621643,
                    419.3947911262512
                ],
                [
                    424.7792363166809,
                    496.81785702705383
                ],
                [
                    432.6198101043701,
                    473.86473417282104
                ],
                [
                    443.67027282714844,
                    396.68822288513184
                ],
                [
                    452.7992010116577,
                    450.0207006931305
                ]
            ],
            "provenance": "visii",
            "quaternion_xyzw": [
                -0.8713705539703369,
                0.16574808955192566,
                -0.06772220134735107,
                -0.4567872881889343
            ],
            "quaternion_xyzw_world": [
                -0.5473437905311584,
                0.7808140516281128,
                -0.158278688788414,
                0.2563045620918274
            ],
            "segmentation_id": 9,
            "visibility": 0
        },
        {
            "bounding_box_minx_maxx_miny_maxy": [
                -1,
                -1,
                -1,
                -1
            ],
            "class": "Ecoforms",
            "local_cuboid": null,
            "local_to_world_matrix": [
                [
                    -0.47458362579345703,
                    0.010138869285583496,
                    0.8801520466804504,
                    0.0
                ],
                [
                    0.594399631023407,
                    -0.7338093519210815,
                    0.32895714044570923,
                    0.0
                ],
                [
                    0.6491990685462952,
                    0.6792797446250916,
                    0.34222733974456787,
                    0.0
                ],
                [
                    1.7027218341827393,
                    -0.09579825401306152,
                    -0.18627963960170746,
                    1.0
                ]
            ],
            "location": [
                0.09579825401306152,
                -0.18627963960170746,
                -1.7027218341827393
            ],
            "location_world": [
                1.7027218341827393,
                -0.09579825401306152,
                -0.18627963960170746
            ],
            "name": "google_Ecoforms_Plant_Container_Quadra_Sand_QP6_9",
            "projected_cuboid": [
                [
                    218.4622883796692,
                    276.88559889793396
                ],
                [
                    266.5962278842926,
                    254.51773405075073
                ],
                [
                    307.96393752098083,
                    275.11388063430786
                ],
                [
                    259.4608664512634,
                    300.464004278183
                ],
                [
                    220.6912487745285,
                    331.68914914131165
                ],
                [
                    266.42146706581116,
                    307.14094638824463
                ],
                [
                    305.7074844837189,
                    329.89659905433655
                ],
                [
                    259.6442401409149,
                    357.553094625473
                ],
                [
                    263.250857591629,
                    304.09952998161316
                ]
            ],
            "provenance": "visii",
            "quaternion_xyzw": [
                0.5722986459732056,
                0.705034613609314,
                -0.08941839635372162,
                -0.4091513156890869
            ],
            "quaternion_xyzw_world": [
                0.4788001775741577,
                0.3156528174877167,
                0.7985330820083618,
                -0.18291689455509186
            ],
            "segmentation_id": 10,
            "visibility": 0
        },
        {
            "bounding_box_minx_maxx_miny_maxy": [
                0,
                14,
                77,
                126
            ],
            "class": "ReadytoUse",
            "local_cuboid": null,
            "local_to_world_matrix": [
                [
                    -0.49047601222991943,
                    -0.5398604273796082,
                    -0.6840935349464417,
                    0.0
                ],
                [
                    -0.30246829986572266,
                    -0.6307408809661865,
                    0.714617908000946,
                    0.0
                ],
                [
                    -0.8172797560691833,
                    0.5574195981025696,
                    0.1460726261138916,
                    0.0
                ],
                [
                    0.6237285137176514,
                    0.27291139960289,
                    0.16764408349990845,
                    1.0
                ]
            ],
            "location": [
                -0.27291139960289,
                0.16764408349990845,
                -0.6237285137176514
            ],
            "location_world": [
                0.6237285137176514,
                0.27291139960289,
                0.16764408349990845
            ],
            "name": "google_ReadytoUse_Rolled_Fondant_Pure_White_24_oz_box_10",
            "projected_cuboid": [
                [
                    -205.2883803844452,
                    76.51525735855103
                ],
                [
                    -178.68894338607788,
                    23.553669452667236
                ],
                [
                    18.786922097206116,
                    102.11732983589172
                ],
                [
                    -6.594926118850708,
                    140.99973440170288
                ],
                [
                    -229.1296422481537,
                    0.29049813747406006
                ],
                [
                    -206.34937286376953,
                    -48.681825399398804
                ],
                [
                    -21.21037244796753,
                    38.03400695323944
                ],
                [
                    -43.401896953582764,
                    74.84662532806396
                ],
                [
                    -98.10110926628113,
                    54.107874631881714
                ]
            ],
            "provenance": "visii",
            "quaternion_xyzw": [
                -0.04461708664894104,
                0.2989472448825836,
                0.3751004636287689,
                -0.87632155418396
            ],
            "quaternion_xyzw_world": [
                -0.49854594469070435,
                0.42239272594451904,
                0.7528761029243469,
                -0.07882840931415558
            ],
            "segmentation_id": 11,
            "visibility": 1
        },
        {
            "bounding_box_minx_maxx_miny_maxy": [
                -1,
                -1,
                -1,
                -1
            ],
            "class": "Dog",
            "local_cuboid": null,
            "local_to_world_matrix": [
                [
                    0.6689017415046692,
                    -0.1661238670349121,
                    -0.7245504856109619,
                    0.0
                ],
                [
                    0.7315120100975037,
                    -0.026160478591918945,
                    0.6813267469406128,
                    0.0
                ],
                [
                    -0.13213905692100525,
                    -0.9857580661773682,
                    0.10402274131774902,
                    0.0
                ],
                [
                    0.2468070685863495,
                    0.19600284099578857,
                    -0.2168036550283432,
                    1.0
                ]
            ],
            "location": [
                -0.19600284099578857,
                -0.2168036550283432,
                -0.2468070685863495
            ],
            "location_world": [
                0.2468070685863495,
                0.19600284099578857,
                -0.2168036550283432
            ],
            "name": "google_Dog_11",
            "projected_cuboid": [
                [
                    296.0672676563263,
                    1147.1894979476929
                ],
                [
                    287.01281547546387,
                    607.4957847595215
                ],
                [
                    -15.964746475219727,
                    615.3470277786255
                ],
                [
                    -167.51474142074585,
                    1104.1746139526367
                ],
                [
                    86.37931942939758,
                    1638.8044357299805
                ],
                [
                    204.7724574804306,
                    391.64748787879944
                ],
                [
                    -285.6076955795288,
                    428.3367395401001
                ],
                [
                    -1020.9836959838867,
                    1405.6198596954346
                ],
                [
                    0.7191747426986694,
                    782.1886539459229
                ]
            ],
            "provenance": "visii",
            "quaternion_xyzw": [
                -0.2969251871109009,
                0.5880187153816223,
                -0.2667810916900635,
                0.7034894824028015
            ],
            "quaternion_xyzw_world": [
                0.6306820511817932,
                0.22411774098873138,
                -0.3395885229110718,
                0.6608261466026306
            ],
            "segmentation_id": 12,
            "visibility": 0
        },
        {
            "bounding_box_minx_maxx_miny_maxy": [
                -1,
                -1,
                -1,
                -1
            ],
            "class": "Black",
            "local_cuboid": null,
            "local_to_world_matrix": [
                [
                    0.049404919147491455,
                    0.17461708188056946,
                    0.9833961725234985,
                    0.0
                ],
                [
                    0.996050238609314,
                    -0.0813443660736084,
                    -0.03559669852256775,
                    0.0
                ],
                [
                    0.0737779438495636,
                    0.9812705516815186,
                    -0.1779460906982422,
                    0.0
                ],
                [
                    0.17310912907123566,
                    -0.21221867203712463,
                    -0.10221255570650101,
                    1.0
                ]
            ],
            "location": [
                0.21221867203712463,
                -0.10221255570650101,
                -0.17310912907123566
            ],
            "location_world": [
                0.17310912907123566,
                -0.21221867203712463,
                -0.10221255570650101
            ],
            "name": "google_Black_Elderberry_Syrup_54_oz_Gaia_Herbs_12",
            "projected_cuboid": [
                [
                    491.8087124824524,
                    633.2134008407593
                ],
                [
                    439.0221834182739,
                    534.0544581413269
                ],
                [
                    870.3225255012512,
                    472.55125641822815
                ],
                [
                    1101.9585132598877,
                    554.0782809257507
                ],
                [
                    535.6310606002808,
                    861.9528412818909
                ],
                [
                    469.9654281139374,
                    697.9188919067383
                ],
                [
                    908.9658260345459,
                    644.2749500274658
                ],
                [
                    1161.1837148666382,
                    798.4601259231567
                ],
                [
                    726.8757224082947,
                    639.446496963501
                ]
            ],
            "provenance": "visii",
            "quaternion_xyzw": [
                0.48341429233551025,
                0.5506356358528137,
                -0.5330187082290649,
                -0.42308634519577026
            ],
            "quaternion_xyzw_world": [
                0.5719911456108093,
                0.5116631984710693,
                0.46205878257751465,
                -0.44444188475608826
            ],
            "segmentation_id": 13,
            "visibility": 0
        },
        {
            "bounding_box_minx_maxx_miny_maxy": [
                477,
                499,
                362,
                430
            ],
