{
    "camera_data": {
        "camera_look_at": {
            "at": [
                1.0,
                0.0,
                0.0
            ],
            "eye": [
                0.0,
                0.0,
                0.0
            ],
            "up": [
                0.0,
                0.0,
                1.0
            ]
        },
        "camera_view_matrix": [
            [
                0.0,
                0.0,
                -1.0,
                0.0
            ],
            [
                -1.0,
                0.0,
                0.0,
                0.0
            ],
            [
                0.0,
                1.0,
                0.0,
                0.0
            ],
            [
                0.0,
                0.0,
                0.0,
                1.0
            ]
        ],
        "height": 500,
        "intrinsics": {
            "cx": 250.0,
            "cy": 250.0,
            "fx": 603.5535278320312,
            "fy": 603.5535278320312
        },
        "location_world": [
            0.0,
            0.0,
            0.0
        ],
        "quaternion_world_xyzw": [
            0.5,
            -0.5,
            -0.5,
            0.5
        ],
        "width": 500
    },
    "objects": [
        {
            "bounding_box_minx_maxx_miny_maxy": [
                -1,
                -1,
                -1,
                -1
            ],
            "class": "Reebok",
            "local_cuboid": null,
            "local_to_world_matrix": [
                [
                    -0.28728389739990234,
                    0.8108768463134766,
                    0.5098495483398438,
                    0.0
                ],
                [
                    -0.9423056840896606,
                    -0.3347501754760742,
                    0.0014356225728988647,
                    0.0
                ],
                [
                    0.17183640599250793,
                    -0.48002177476882935,
                    0.860262393951416,
                    0.0
                ],
                [
                    0.35937389731407166,
                    0.5179436206817627,
                    0.16434389352798462,
                    1.0
                ]
            ],
            "location": [
                -0.5179436206817627,
                0.16434389352798462,
                -0.35937389731407166
            ],
            "location_world": [
                0.35937389731407166,
                0.5179436206817627,
                0.16434389352798462
            ],
            "name": "google_Reebok_SOMERSET_RUN_0",
            "projected_cuboid": [
                [
                    -421.0094213485718,
                    -102.60707139968872
                ],
                [
                    -979.9908399581909,
                    -535.4040265083313
                ],
                [
                    -1263.3440494537354,
                    -318.11273097991943
                ],
                [
                    -518.754780292511,
                    8.074164390563965
                ],
                [
                    -276.67760848999023,
                    -16.068696975708008
                ],
                [
                    -610.8613014221191,
                    -301.79494619369507
                ],
                [
                    -824.5913982391357,
                    -94.53579783439636
                ],
                [
                    -362.6437783241272,
                    90.98581969738007
                ],
                [
                    -550.8820414543152,
                    -100.00970959663391
                ]
            ],
            "provenance": "visii",
            "quaternion_xyzw": [
                0.2998015284538269,
                0.7042990922927856,
                0.6398446559906006,
                0.06841474771499634
            ],
            "quaternion_xyzw_world": [
                0.21633537113666534,
                -0.15188094973564148,
                0.7877652645111084,
                0.5563784837722778
            ],
            "segmentation_id": 1,
            "visibility": 0
        },
        {
            "bounding_box_minx_maxx_miny_maxy": [
                -1,
                -1,
                -1,
                -1
            ],
            "class": "Breyer",
            "local_cuboid": null,
            "local_to_world_matrix": [
                [
                    -0.7279407978057861,
                    -0.4154861569404602,
                    0.5454111099243164,
                    0.0
                ],
                [
                    -0.6166903376579285,
                    0.04909706115722656,
                    -0.7856732606887817,
                    0.0
                ],
                [
                    0.29965832829475403,
                    -0.908273458480835,
                    -0.29196596145629883,
                    0.0
                ],
                [
                    0.3287946581840515,
                    0.2774803638458252,
                    -0.3714456260204315,
                    1.0
                ]
            ],
            "location": [
                -0.2774803638458252,
                -0.3714456260204315,
                -0.3287946581840515
            ],
            "location_world": [
                0.3287946581840515,
                0.2774803638458252,
                -0.3714456260204315
            ],
            "name": "google_Breyer_Horse_Of_The_Year_2015_1",
            "projected_cuboid": [
                [
                    73.70418310165405,
                    915.8268570899963
                ],
                [
                    43.8886433839798,
                    1106.5059900283813
                ],
                [
                    -377.3597478866577,
                    1162.0612144470215
                ],
                [
                    -283.9972972869873,
                    929.6959638595581
                ],
                [
                    13.688743114471436,
                    839.6048545837402
                ],
                [
                    -9.517461061477661,
                    950.4725933074951
                ],
                [
                    -255.34087419509888,
                    963.7012481689453
                ],
                [
                    -209.084153175354,
                    839.7712707519531
                ],
                [
                    -111.4092469215393,
                    942.7598118782043
                ]
            ],
            "provenance": "visii",
            "quaternion_xyzw": [
                -0.7906987071037292,
                -0.15692263841629028,
                -0.5173317193984985,
                -0.2872954308986664
            ],
            "quaternion_xyzw_world": [
                -0.3587924838066101,
                0.7192016243934631,
                -0.5888288617134094,
                -0.08542556315660477
            ],
            "segmentation_id": 2,
            "visibility": 0
        },
        {
            "bounding_box_minx_maxx_miny_maxy": [
                89,
                206,
                1,
                72
            ],
            "class": "Smith",
            "local_cuboid": null,
            "local_to_world_matrix": [
                [
                    0.11868149042129517,
                    0.9236345887184143,
                    0.36443638801574707,
                    0.0
                ],
                [
                    0.6189661622047424,
                    -0.35580992698669434,
                    0.7002002000808716,
                    0.0
                ],
                [
                    0.7763991355895996,
                    0.1424730122089386,
                    -0.6139266490936279,
                    0.0
                ],
                [
                    1.6558574438095093,
                    0.3039134740829468,
                    0.7116191387176514,
                    1.0
                ]
            ],
            "location": [
                -0.3039134740829468,
                0.7116191387176514,
                -1.6558574438095093
            ],
            "location_world": [
                1.6558574438095093,
                0.3039134740829468,
                0.7116191387176514
            ],
            "name": "google_Smith_Hawken_Woven_BasketTray_Organizer_with_3_Compartments_95_x_9_x_13_2",
            "projected_cuboid": [
                [
                    64.31320309638977,
                    75.87912678718567
                ],
                [
                    107.52272605895996,
                    34.616053104400635
                ],
                [
                    103.75295579433441,
                    -47.694236040115356
                ],
                [
                    54.519712924957275,
                    -9.254664182662964
                ],
                [
                    173.9175021648407,
                    116.6752278804779
                ],
                [
                    209.00006592273712,
                    71.10948860645294
                ],
                [
                    217.49666333198547,
                    -8.81284475326538
                ],
                [
                    178.57402563095093,
                    34.67428684234619
                ],
                [
                    138.89974355697632,
                    34.641772508621216
                ]
            ],
            "provenance": "visii",
            "quaternion_xyzw": [
                0.1952974796295166,
                0.9219861626625061,
                -0.33430349826812744,
                -0.00645117461681366
            ],
            "quaternion_xyzw_world": [
                0.7225679755210876,
                0.5337216854095459,
                0.39471563696861267,
                0.1929670125246048
            ],
            "segmentation_id": 3,
            "visibility": 1
        },
        {
            "bounding_box_minx_maxx_miny_maxy": [
                292,
                298,
                90,
                107
            ],
            "class": "Paul",
            "local_cuboid": null,
            "local_to_world_matrix": [
                [
                    -0.26692378520965576,
                    0.6574225425720215,
                    -0.7046610713005066,
                    0.0
                ],
                [
                    0.5248273611068726,
                    -0.5140901803970337,
                    -0.6784301996231079,
                    0.0
                ],
                [
                    -0.8082746863365173,
                    -0.5509145259857178,
                    -0.2078104019165039,
                    0.0
                ],
                [
                    1.3556302785873413,
                    -0.17639392614364624,
                    0.37739092111587524,
                    1.0
                ]
            ],
            "location": [
                0.17639392614364624,
                0.37739092111587524,
                -1.3556302785873413
            ],
            "location_world": [
                1.3556302785873413,
                -0.17639392614364624,
                0.37739092111587524
            ],
            "name": "google_Paul_Frank_Dot_Lunch_Box_3",
            "projected_cuboid": [
                [
                    353.58259081840515,
                    101.0226458311081
                ],
                [
                    377.3687183856964,
                    146.3475078344345
                ],
                [
                    302.4524450302124,
                    139.18283581733704
                ],
                [
                    278.8347899913788,
                    100.12289881706238
                ],
                [
                    436.35231256484985,
                    14.577016234397888
                ],
                [
                    454.97334003448486,
                    61.289966106414795
                ],
                [
                    373.51253628730774,
                    65.72206318378448
                ],
                [
                    354.06816005706787,
                    25.623932480812073
                ],
                [
                    364.7895157337189,
                    81.17268979549408
                ]
            ],
            "provenance": "visii",
            "quaternion_xyzw": [
                0.23061493039131165,
                -0.206589937210083,
                0.8865843415260315,
                -0.3436647951602936
            ],
            "quaternion_xyzw_world": [
                -0.6031121015548706,
                -0.49006223678588867,
                0.6271370649337769,
                0.05285736173391342
            ],
            "segmentation_id": 4,
            "visibility": 1
        },
        {
            "bounding_box_minx_maxx_miny_maxy": [
                -1,
                -1,
                -1,
                -1
            ],
            "class": "Toys",
            "local_cuboid": null,
            "local_to_world_matrix": [
                [
                    -0.8218538761138916,
                    -0.5690544247627258,
                    0.02708396315574646,
                    0.0
                ],
                [
                    -0.5695460438728333,
                    0.8196045756340027,
                    -0.06217455863952637,
                    0.0
                ],
                [
                    0.01318256463855505,
                    -0.0665239542722702,
                    -0.9976978302001953,
                    0.0
                ],
                [
                    1.4389216899871826,
                    0.5825004577636719,
                    -0.14973284304141998,
                    1.0
                ]
            ],
            "location": [
                -0.5825004577636719,
                -0.14973284304141998,
                -1.4389216899871826
            ],
            "location_world": [
                1.4389216899871826,
                0.5825004577636719,
                -0.14973284304141998
            ],
            "name": "google_Toys_R_Us_Treat_Dispenser_Smart_Puzzle_Foobler_4",
            "projected_cuboid": [
                [
                    52.431344985961914,
                    375.6680488586426
                ],
                [
                    -17.644912004470825,
                    388.2591128349304
                ],
                [
                    -22.678911685943604,
                    319.0701901912689
                ],
                [
                    47.8082001209259,
                    310.7345998287201
                ],
                [
                    34.33652222156525,
                    366.9810891151428
                ],
                [
                    -30.725210905075073,
                    377.95478105545044
                ],
                [
                    -35.338521003723145,
                    314.7829473018646
                ],
                [
                    30.06988763809204,
                    307.37587809562683
                ],
                [
                    7.975250482559204,
                    344.8293209075928
                ]
            ],
            "provenance": "visii",
            "quaternion_xyzw": [
                -0.6411730647087097,
                0.3090119957923889,
                -0.34638768434524536,
                -0.6110845804214478
            ],
            "quaternion_xyzw_world": [
                -0.2984289824962616,
                0.9538286328315735,
                -0.033732086420059204,
                -0.003643578849732876
            ],
            "segmentation_id": 5,
            "visibility": 0
        },
        {
            "bounding_box_minx_maxx_miny_maxy": [
                -1,
                -1,
                -1,
                -1
            ],
            "class": "Tag",
            "local_cuboid": null,
            "local_to_world_matrix": [
                [
                    -0.9543073177337646,
                    0.21433308720588684,
                    0.2082296907901764,
                    0.0
                ],
                [
                    -0.21908900141716003,
                    -0.9757052659988403,
                    0.0002290196716785431,
                    0.0
                ],
                [
                    0.20321980118751526,
                    -0.04540226608514786,
                    0.9780799150466919,
                    0.0
                ],
                [
                    0.23923255503177643,
                    -0.37441378831863403,
                    0.2961309552192688,
                    1.0
                ]
            ],
            "location": [
                0.37441378831863403,
                0.2961309552192688,
                -0.23923255503177643
            ],
            "location_world": [
                0.23923255503177643,
                -0.37441378831863403,
                0.2961309552192688
            ],
            "name": "google_Tag_Dishtowel_Basket_Weave_Red_18_x_26_5",
            "projected_cuboid": [
                [
                    1022.2876071929932,
                    -851.1406183242798
                ],
                [
                    2287.3852252960205,
                    -1253.9645433425903
                ],
                [
                    2389.0531063079834,
                    -1179.1043281555176
                ],
                [
                    1046.8796491622925,
                    -781.5550565719604
                ],
                [
                    729.109525680542,
                    -283.4915518760681
                ],
                [
                    1263.848066329956,
                    -373.6761212348938
                ],
                [
                    1284.9339246749878,
                    -318.9541697502136
                ],
                [
                    736.1506223678589,
                    -234.99161005020142
                ],
                [
                    1181.8746328353882,
                    -527.7782678604126
                ]
            ],
            "provenance": "visii",
            "quaternion_xyzw": [
                0.49715638160705566,
                0.5953532457351685,
                0.5027137994766235,
                -0.3816661834716797
            ],
            "quaternion_xyzw_world": [
                0.10406485944986343,
                -0.011425333097577095,
                0.9884448051452637,
                0.10962222516536713
            ],
            "segmentation_id": 6,
            "visibility": 0
        },
        {
            "bounding_box_minx_maxx_miny_maxy": [
                -1,
                -1,
                -1,
                -1
            ],
            "class": "FRACTION",
            "local_cuboid": null,
            "local_to_world_matrix": [
                [
                    -0.7378790378570557,
                    0.46068525314331055,
                    -0.4932582974433899,
                    0.0
                ],
                [
                    -0.674872875213623,
                    -0.5133680105209351,
                    0.53009432554245,
                    0.0
                ],
                [
                    -0.009016379714012146,
                    0.7240321040153503,
                    0.6897073984146118,
                    0.0
                ],
                [
                    1.6406888961791992,
                    -0.5344369411468506,
                    -0.05781129002571106,
                    1.0
                ]
            ],
            "location": [
                0.5344369411468506,
                -0.05781129002571106,
                -1.6406888961791992
            ],
            "location_world": [
                1.6406888961791992,
                -0.5344369411468506,
                -0.05781129002571106
            ],
            "name": "google_FRACTION_FUN_n4h4qte23QR_6",
            "projected_cuboid": [
                [
                    402.3613631725311,
                    294.51635479927063
                ],
                [
                    453.98974418640137,
                    258.2477629184723
                ],
                [
                    466.58986806869507,
                    270.29913663864136
                ],
                [
                    413.99314999580383,
                    305.6209087371826
                ],
                [
                    418.7655448913574,
                    261.77656650543213
                ],
                [
                    467.60326623916626,
                    225.8182168006897
                ],
                [
                    479.207843542099,
                    236.92838847637177
                ],
                [
                    429.54379320144653,
                    272.0770537853241
                ],
                [
                    440.80817699432373,
                    265.7046914100647
                ]
            ],
            "provenance": "visii",
            "quaternion_xyzw": [
                0.007142484188079834,
                0.7038755416870117,
                0.48466676473617554,
                -0.5192363262176514
            ],
            "quaternion_xyzw_world": [
                -0.1464425027370453,
                0.36565133929252625,
                0.8574605584144592,
                0.331081748008728
            ],
            "segmentation_id": 7,
            "visibility": 0
        },
        {
            "bounding_box_minx_maxx_miny_maxy": [
                457,
                499,
                1,
                48
            ],
            "class": "FAIRY",
            "local_cuboid": null,
            "local_to_world_matrix": [
                [
                    -0.3359668254852295,
                    -0.8440558314323425,
                    0.4179670214653015,
                    0.0
                ],
                [
                    -0.5135719180107117,
                    -0.2078227996826172,
                    -0.8324986696243286,
                    0.0
                ],
                [
                    0.7895382046699524,
                    -0.4943479299545288,
                    -0.3636620044708252,
                    0.0
                ],
                [
                    1.2485674619674683,
                    -0.5521584749221802,
                    0.5565661787986755,
                    1.0
                ]
            ],
            "location": [
                0.5521584749221802,
                0.5565661787986755,
                -1.2485674619674683
            ],
            "location_world": [
                1.2485674619674683,
                -0.5521584749221802,
                0.5565661787986755
            ],
            "name": "google_FAIRY_TALE_BLOCKS_7",
            "projected_cuboid": [
                [
                    557.8448176383972,
                    -15.320658683776855
                ],
                [
                    614.999532699585,
                    58.497413992881775
                ],
                [
                    613.0040287971497,
                    -14.133453369140625
                ],
                [
                    548.1647849082947,
                    -90.39634466171265
                ],
                [
                    458.8977098464966,
                    39.799764752388
                ],
                [
                    503.01647186279297,
                    114.590585231781
                ],
                [
                    485.01312732696533,
                    54.992735385894775
                ],
                [
                    436.97619438171387,
                    -23.52568507194519
                ],
                [
                    524.549663066864,
                    16.823291778564453
                ]
            ],
            "provenance": "visii",
            "quaternion_xyzw": [
                -0.9308723211288452,
                -0.1680653989315033,
                -0.22299370169639587,
                -0.23559457063674927
            ],
            "quaternion_xyzw_world": [
                -0.5557692646980286,
                0.6106975674629211,
                -0.5431684255599976,
                0.1521093249320984
            ],
            "segmentation_id": 8,
            "visibility": 1
        },
        {
            "bounding_box_minx_maxx_miny_maxy": [
                -1,
                -1,
                -1,
                -1
            ],
            "class": "Great",
            "local_cuboid": null,
            "local_to_world_matrix": [
                [
                    0.9191281795501709,
                    -0.3218708336353302,
                    0.22716185450553894,
                    0.0
                ],
                [
                    -0.3464786112308502,
                    -0.38600826263427734,
                    0.8549562692642212,
                    0.0
                ],
                [
                    -0.18749913573265076,
                    -0.8645211458206177,
                    -0.4663124084472656,
                    0.0
                ],
                [
                    1.8137359619140625,
                    -0.6041699051856995,
                    -0.6202625632286072,
                    1.0
                ]
            ],
            "location": [
                0.6041699051856995,
                -0.6202625632286072,
                -1.8137359619140625
            ],
            "location_world": [
                1.8137359619140625,
                -0.6041699051856995,
                -0.6202625632286072
            ],
            "name": "google_Great_Jones_Wingtip_kAqSg6EgG0I_8",
            "projected_cuboid": [
                [
                    459.96490120887756,
                    502.57277488708496
                ],
                [
                    513.2717490196228,
                    427.85847187042236
                ],
                [
                    477.3971736431122,
                    408.0858826637268
                ],
                [
                    426.7038106918335,
                    483.0838143825531
                ],
                [
                    459.88547801971436,
                    525.4520177841187
                ],
                [
                    516.4176225662231,
                    447.67600297927856
                ],
                [
                    478.3569276332855,
                    426.47281289100647
                ],
                [
                    424.7533679008484,
                    504.597544670105
                ],
                [
                    468.67889165878296,
                    466.51729941368103
                ]
            ],
            "provenance": "visii",
            "quaternion_xyzw": [
                0.26429879665374756,
                0.5799970030784607,
                -0.051652759313583374,
                0.7688183188438416
            ],
            "quaternion_xyzw_world": [
                0.8323834538459778,
                -0.20073363184928894,
                0.011912396177649498,
                0.5164318680763245
            ],
            "segmentation_id": 9,
            "visibility": 0
        },
        {
            "bounding_box_minx_maxx_miny_maxy": [
                235,
                298,
                234,
                306
            ],
            "class": "Ecoforms",
            "local_cuboid": null,
            "local_to_world_matrix": [
                [
                    0.38413339853286743,
                    -0.8779300451278687,
                    0.28579795360565186,
                    0.0
                ],
                [
                    0.9221034049987793,
                    0.3804084062576294,
                    -0.07081502676010132,
                    0.0
                ],
                [
                    -0.04654930531978607,
                    0.29073765873908997,
                    0.9556698203086853,
                    0.0
                ],
                [
                    1.669864535331726,
                    -0.11956887692213058,
                    -0.13639578223228455,
                    1.0
                ]
            ],
            "location": [
                0.11956887692213058,
                -0.13639578223228455,
                -1.669864535331726
            ],
            "location_world": [
                1.669864535331726,
                -0.11956887692213058,
                -0.13639578223228455
            ],
            "name": "google_Ecoforms_Plant_Container_Quadra_Sand_QP6_9",
            "projected_cuboid": [
                [
                    321.270227432251,
                    228.0668318271637
                ],
                [
                    289.8358106613159,
                    234.7690761089325
                ],
                [
                    306.14492297172546,
                    289.0172302722931
                ],
                [
                    339.1934037208557,
                    288.22290897369385
                ],
                [
                    259.0675354003906,
                    248.37633967399597
                ],
                [
                    232.6572984457016,
                    253.28615307807922
                ],
                [
                    249.920055270195,
                    309.754878282547
                ],
                [
                    278.1544029712677,
                    311.27527356147766
                ],
                [
                    284.4168543815613,
                    270.2598571777344
                ]
            ],
            "provenance": "visii",
            "quaternion_xyzw": [
                -0.6896005272865295,
                0.03429901599884033,
                0.2446601390838623,
                0.6807466745376587
            ],
            "quaternion_xyzw_world": [
                -0.10960749536752701,
                -0.10075363516807556,
                -0.5456940531730652,
                0.8246532082557678
            ],
            "segmentation_id": 10,
            "visibility": 1
        },
        {
            "bounding_box_minx_maxx_miny_maxy": [
                0,
                12,
                25,
                57
            ],
            "class": "ReadytoUse",
            "local_cuboid": null,
            "local_to_world_matrix": [
                [
                    -0.8157390356063843,
                    -0.014115497469902039,
                    -0.5782478451728821,
                    0.0
                ],
                [
                    -0.4335976243019104,
                    -0.6467440128326416,
                    0.6274672150611877,
                    0.0
                ],
                [
                    -0.38283538818359375,
                    0.7625764012336731,
                    0.5214539766311646,
                    0.0
                ],
                [
                    0.6344702243804932,
                    0.27577143907546997,
                    0.19006086885929108,
                    1.0
                ]
            ],
            "location": [
                -0.27577143907546997,
                0.19006086885929108,
                -0.6344702243804932
            ],
            "location_world": [
                0.6344702243804932,
                0.27577143907546997,
                0.19006086885929108
            ],
            "name": "google_ReadytoUse_Rolled_Fondant_Pure_White_24_oz_box_10",
            "projected_cuboid": [
                [
                    -226.63795948028564,
                    -8.576393127441406
                ],
                [
                    -208.93952250480652,
                    -55.871278047561646
                ],
                [
                    -22.199958562850952,
                    70.92808187007904
                ],
                [
                    -44.657379388809204,
                    108.5624098777771
                ],
                [
                    -153.2307267189026,
                    -35.22825241088867
                ],
                [
                    -135.84938645362854,
                    -75.74775815010071
                ],
                [
                    16.368940472602844,
                    34.27329659461975
                ],
                [
                    -4.063010215759277,
                    67.65580177307129
                ],
                [
                    -90.76011180877686,
                    15.383109450340271
                ]
            ],
            "provenance": "visii",
            "quaternion_xyzw": [
                0.030873998999595642,
                0.5546432137489319,
                0.43048012256622314,
                -0.7114102840423584
            ],
            "quaternion_xyzw_world": [
                -0.2781865894794464,
                0.40234965085983276,
                0.8637037873268127,
                0.12141955643892288
            ],
            "segmentation_id": 11,
            "visibility": 1
        },
        {
            "bounding_box_minx_maxx_miny_maxy": [
                36,
                97,
                463,
                500
            ],
            "class": "Dog",
            "local_cuboid": null,
            "local_to_world_matrix": [
                [
                    0.5709960460662842,
                    -0.3656165897846222,
                    -0.7350428700447083,
                    0.0
                ],
                [
                    0.5274132490158081,
                    0.8495117425918579,
                    -0.012849226593971252,
                    0.0
                ],
                [
                    0.6291254162788391,
                    -0.3803344964981079,
                    0.6778988838195801,
                    0.0
                ],
                [
                    0.18511033058166504,
                    0.16897185146808624,
                    -0.24553357064723969,
                    1.0
                ]
            ],
            "location": [
                -0.16897185146808624,
                -0.24553357064723969,
                -0.18511033058166504
            ],
            "location_world": [
                0.18511033058166504,
                0.16897185146808624,
                -0.24553357064723969
            ],
            "name": "google_Dog_11",
            "projected_cuboid": [
                [
                    302.60658264160156,
                    609.7298860549927
                ],
                [
                    67.28105247020721,
                    530.4981470108032
                ],
                [
                    -159.92504358291626,
                    916.7205691337585
                ],
                [
                    110.67993938922882,
                    1230.5421829223633
                ],
                [
                    77.95354723930359,
                    328.97883653640747
                ],
                [
                    -188.279390335083,
                    307.59161710739136
                ],
                [
                    -781.6976308822632,
                    830.656886100769
                ],
                [
                    -863.4564876556396,
                    1607.7361106872559
                ],
                [
                    -66.07916951179504,
                    684.8495006561279
                ]
            ],
            "provenance": "visii",
            "quaternion_xyzw": [
                -0.7084474563598633,
                0.5591644644737244,
                0.06728144735097885,
                0.42533570528030396
            ],
            "quaternion_xyzw_world": [
                0.1043856292963028,
                0.3874973654747009,
                -0.2536686360836029,
                0.8801145553588867
            ],
            "segmentation_id": 12,
            "visibility": 1
        },
        {
            "bounding_box_minx_maxx_miny_maxy": [
                -1,
                -1,
                -1,
                -1
            ],
            "class": "Black",
            "local_cuboid": null,
            "local_to_world_matrix": [
                [
                    -0.9635765552520752,
                    -0.17404091358184814,
                    0.20305180549621582,
                    0.0
                ],
                [
                    0.08151296526193619,
                    0.532002329826355,
                    0.8428102731704712,
                    0.0
                ],
                [
                    -0.2547074854373932,
                    0.8286635875701904,
                    -0.49843835830688477,
                    0.0
                ],
                [
                    0.16599169373512268,
                    -0.18432791531085968,
                    -0.07282934337854385,
                    1.0
                ]
            ],
            "location": [
                0.18432791531085968,
                -0.07282934337854385,
                -0.16599169373512268
            ],
            "location_world": [
                0.16599169373512268,
                -0.18432791531085968,
                -0.07282934337854385
            ],
            "name": "google_Black_Elderberry_Syrup_54_oz_Gaia_Herbs_12",
            "projected_cuboid": [
                [
                    766.0617232322693,
                    1250.3200769424438
                ],
                [
                    559.5966577529907,
                    914.7638082504272
                ],
                [
                    993.4802055358887,
                    430.5505156517029
                ],
                [
                    1159.2249870300293,
                    657.8277349472046
                ],
                [
                    542.8566932678223,
                    938.5367631912231
                ],
                [
                    414.645791053772,
                    728.6180853843689
                ],
                [
                    753.9695501327515,
                    415.557324886322
                ],
                [
                    865.9387230873108,
                    576.9933462142944
                ],
                [
                    758.0316066741943,
                    695.9709525108337
                ]
            ],
            "provenance": "visii",
            "quaternion_xyzw": [
                -0.13831406831741333,
                0.5945716500282288,
                -0.24385257065296173,
                -0.7535845637321472
            ],
            "quaternion_xyzw_world": [
                -0.026737188920378685,
                0.8651614189147949,
                0.48299479484558105,
                -0.13227568566799164
            ],
            "segmentation_id": 13,
            "visibility": 0
        },
        {
            "bounding_box_minx_maxx_miny_maxy": [
                -1,
                -1,
                -1,
                -1
