{
    "camera_data": {
        "camera_look_at": {
            "at": [
                1.0,
                0.0,
                0.0
            ],
            "eye": [
                0.0,
                0.0,
                0.0
            ],
            "up": [
                0.0,
                0.0,
                1.0
            ]
        },
        "camera_view_matrix": [
            [
                0.0,
                0.0,
                -1.0,
                0.0
            ],
            [
                -1.0,
                0.0,
                0.0,
                0.0
            ],
            [
                0.0,
                1.0,
                0.0,
                0.0
            ],
            [
                0.0,
                0.0,
                0.0,
                1.0
            ]
        ],
        "height": 500,
        "intrinsics": {
            "cx": 250.0,
            "cy": 250.0,
            "fx": 603.5535278320312,
            "fy": 603.5535278320312
        },
        "location_world": [
            0.0,
            0.0,
            0.0
        ],
        "quaternion_world_xyzw": [
            0.5,
            -0.5,
            -0.5,
            0.5
        ],
        "width": 500
    },
    "objects": [
        {
            "bounding_box_minx_maxx_miny_maxy": [
                -1,
                -1,
                -1,
                -1
            ],
            "class": "Reebok",
            "local_cuboid": null,
            "local_to_world_matrix": [
                [
                    -0.31520330905914307,
                    0.4941701292991638,
                    -0.8102115392684937,
                    0.0
                ],
                [
                    -0.1432584673166275,
                    0.8191720843315125,
                    0.5553684234619141,
                    0.0
                ],
                [
                    0.9381492137908936,
                    0.2911235988140106,
                    -0.18741166591644287,
                    0.0
                ],
                [
                    0.21920490264892578,
                    0.3607003390789032,
                    0.18787185847759247,
                    1.0
                ]
            ],
            "location": [
                -0.3607003390789032,
                0.18787185847759247,
                -0.21920490264892578
            ],
            "location_world": [
                0.21920490264892578,
                0.3607003390789032,
                0.18787185847759247
            ],
            "name": "google_Reebok_SOMERSET_RUN_0",
            "projected_cuboid": [
                [
                    -301.14686489105225,
                    178.7278652191162
                ],
                [
                    -881.1695575714111,
                    -170.68418860435486
                ],
                [
                    -1451.1207342147827,
                    -497.51585721969604
                ],
                [
                    -479.42060232162476,
                    84.73272621631622
                ],
                [
                    -155.91606497764587,
                    35.17112135887146
                ],
                [
                    -653.6805033683777,
                    -294.50422525405884
                ],
                [
                    -1015.0018930435181,
                    -629.9452781677246
                ],
                [
                    -248.2554316520691,
                    -106.49067163467407
                ],
                [
                    -582.8834176063538,
                    -140.4305100440979
                ]
            ],
            "provenance": "visii",
            "quaternion_xyzw": [
                -0.4713307321071625,
                0.8642464876174927,
                -0.01277216523885727,
                -0.1753917634487152
            ],
            "quaternion_xyzw_world": [
                0.11514805257320404,
                0.7618705630302429,
                0.2777676582336426,
                0.5737066268920898
            ],
            "segmentation_id": 1,
            "visibility": 0
        },
        {
            "bounding_box_minx_maxx_miny_maxy": [
                -1,
                -1,
                -1,
                -1
            ],
            "class": "Breyer",
            "local_cuboid": null,
            "local_to_world_matrix": [
                [
                    -0.6436846256256104,
                    0.534366250038147,
                    -0.5478347539901733,
                    0.0
                ],
                [
                    0.5669846534729004,
                    -0.14780759811401367,
                    -0.8103587627410889,
                    0.0
                ],
                [
                    -0.5140025615692139,
                    -0.8322292566299438,
                    -0.20783591270446777,
                    0.0
                ],
                [
                    0.3501860499382019,
                    0.41345933079719543,
                    -0.08811131119728088,
                    1.0
                ]
            ],
            "location": [
                -0.41345933079719543,
                -0.08811131119728088,
                -0.3501860499382019
            ],
            "location_world": [
                0.3501860499382019,
                0.41345933079719543,
                -0.08811131119728088
            ],
            "name": "google_Breyer_Horse_Of_The_Year_2015_1",
            "projected_cuboid": [
                [
                    -908.8904857635498,
                    796.2567806243896
                ],
                [
                    -709.5612287521362,
                    844.1672921180725
                ],
                [
                    -714.2795324325562,
                    620.2433109283447
                ],
                [
                    -854.3003797531128,
                    558.7754249572754
                ],
                [
                    -165.1609241962433,
                    321.35680317878723
                ],
                [
                    -113.82356286048889,
                    392.3113942146301
                ],
                [
                    -222.71910309791565,
                    323.7221837043762
                ],
                [
                    -272.8879451751709,
                    260.90556383132935
                ],
                [
                    -423.3663082122803,
                    461.89868450164795
                ]
            ],
            "provenance": "visii",
            "quaternion_xyzw": [
                -0.4364601969718933,
                0.22913146018981934,
                -0.845388650894165,
                0.20571674406528473
            ],
            "quaternion_xyzw_world": [
                0.4218883216381073,
                0.6526317596435547,
                -0.6292170286178589,
                0.012959902174770832
            ],
            "segmentation_id": 2,
            "visibility": 0
        },
        {
            "bounding_box_minx_maxx_miny_maxy": [
                0,
                35,
                44,
                83
            ],
            "class": "Smith",
            "local_cuboid": null,
            "local_to_world_matrix": [
                [
                    -0.6654911041259766,
                    -0.06118130683898926,
                    0.743894100189209,
                    0.0
                ],
                [
                    -0.7461259961128235,
                    0.027245044708251953,
                    -0.6652470827102661,
                    0.0
                ],
                [
                    0.020433276891708374,
                    -0.997754693031311,
                    -0.06378030776977539,
                    0.0
                ],
                [
                    1.6953330039978027,
                    0.8094677925109863,
                    0.39571136236190796,
                    1.0
                ]
            ],
            "location": [
                -0.8094677925109863,
                0.39571136236190796,
                -1.6953330039978027
            ],
            "location_world": [
                1.6953330039978027,
                0.8094677925109863,
                0.39571136236190796
            ],
            "name": "google_Smith_Hawken_Woven_BasketTray_Organizer_with_3_Compartments_95_x_9_x_13_2",
            "projected_cuboid": [
                [
                    60.60788035392761,
                    34.336403012275696
                ],
                [
                    33.282577991485596,
                    76.01188123226166
                ],
                [
                    -76.80296897888184,
                    68.38104128837585
                ],
                [
                    -36.747485399246216,
                    27.444973587989807
                ],
                [
                    77.36349105834961,
                    145.74307203292847
                ],
                [
                    55.702224373817444,
                    194.01946663856506
                ],
                [
                    -38.955122232437134,
                    187.8296434879303
                ],
                [
                    -7.726609706878662,
                    140.0362253189087
                ],
                [
                    10.20437479019165,
                    112.04199492931366
                ]
            ],
            "provenance": "visii",
            "quaternion_xyzw": [
                -0.6608444452285767,
                -0.27111107110977173,
                -0.6292123198509216,
                -0.3063907027244568
            ],
            "quaternion_xyzw_world": [
                -0.3045669496059418,
                0.6626681685447693,
                -0.627388596534729,
                -0.27293479442596436
            ],
            "segmentation_id": 3,
            "visibility": 1
        },
        {
            "bounding_box_minx_maxx_miny_maxy": [
                286,
                373,
                1,
                47
            ],
            "class": "Paul",
            "local_cuboid": null,
            "local_to_world_matrix": [
                [
                    -0.03655815124511719,
                    0.5972010493278503,
                    0.8012580275535583,
                    0.0
                ],
                [
                    -0.6928277611732483,
                    -0.5929653644561768,
                    0.41034364700317383,
                    0.0
                ],
                [
                    0.7201759219169617,
                    -0.540132462978363,
                    0.43543505668640137,
                    0.0
                ],
                [
                    1.6014870405197144,
                    -0.16342616081237793,
                    0.6361742615699768,
                    1.0
                ]
            ],
            "location": [
                0.16342616081237793,
                0.6361742615699768,
                -1.6014870405197144
            ],
            "location_world": [
                1.6014870405197144,
                -0.16342616081237793,
                0.6361742615699768
            ],
            "name": "google_Paul_Frank_Dot_Lunch_Box_3",
            "projected_cuboid": [
                [
                    309.5802664756775,
                    -25.108426809310913
                ],
                [
                    334.5346748828888,
                    -52.50734090805054
                ],
                [
                    295.0810194015503,
                    -45.81817984580994
                ],
                [
                    269.37997341156006,
                    -15.923231840133667
                ],
                [
                    361.70080304145813,
                    46.709492802619934
                ],
                [
                    388.76181840896606,
                    22.55590260028839
                ],
                [
                    355.3263545036316,
                    37.199437618255615
                ],
                [
                    327.03518867492676,
                    63.14249336719513
                ],
                [
                    330.8769464492798,
                    3.89842689037323
                ]
            ],
            "provenance": "visii",
            "quaternion_xyzw": [
                0.4220874607563019,
                0.8257906436920166,
                0.3415704667568207,
                0.15245220065116882
            ],
            "quaternion_xyzw_world": [
                0.5293799042701721,
                -0.045159753412008286,
                0.718498170375824,
                0.4488629400730133
            ],
            "segmentation_id": 4,
            "visibility": 1
        },
        {
            "bounding_box_minx_maxx_miny_maxy": [
                -1,
                -1,
                -1,
                -1
            ],
            "class": "Toys",
            "local_cuboid": null,
            "local_to_world_matrix": [
                [
                    -0.44935333728790283,
                    0.4508107602596283,
                    -0.771265983581543,
                    0.0
                ],
                [
                    -0.5261234045028687,
                    -0.8312786817550659,
                    -0.17935974895954132,
                    0.0
                ],
                [
                    -0.7219942808151245,
                    0.32518523931503296,
                    0.6107199192047119,
                    0.0
                ],
                [
                    1.5805778503417969,
                    -0.37114208936691284,
                    -0.7059410810470581,
                    1.0
                ]
            ],
            "location": [
                0.37114208936691284,
                -0.7059410810470581,
                -1.5805778503417969
            ],
            "location_world": [
                1.5805778503417969,
                -0.37114208936691284,
                -0.7059410810470581
            ],
            "name": "google_Toys_R_Us_Treat_Dispenser_Smart_Puzzle_Foobler_4",
            "projected_cuboid": [
                [
                    340.9811854362488,
                    519.1851854324341
                ],
                [
                    401.6334116458893,
                    546.7615127563477
                ],
                [
                    410.4806184768677,
                    562.495231628418
                ],
                [
                    353.613018989563,
                    536.041796207428
                ],
                [
                    364.13392424583435,
                    460.45762300491333
                ],
                [
                    423.18642139434814,
                    483.476459980011
                ],
                [
                    430.126816034317,
                    502.96783447265625
                ],
                [
                    374.68621134757996,
                    480.53598403930664
                ],
                [
                    387.00568675994873,
                    510.8124613761902
                ]
            ],
            "provenance": "visii",
            "quaternion_xyzw": [
                0.04048052430152893,
                0.3706267476081848,
                0.7668384313583374,
                -0.5224518775939941
            ],
            "quaternion_xyzw_world": [
                -0.4390915036201477,
                0.04287981614470482,
                0.8501988053321838,
                0.28726640343666077
            ],
            "segmentation_id": 5,
            "visibility": 0
        },
        {
            "bounding_box_minx_maxx_miny_maxy": [
                -1,
                -1,
                -1,
                -1
            ],
            "class": "Tag",
            "local_cuboid": null,
            "local_to_world_matrix": [
                [
                    0.7176514863967896,
                    -0.6956897974014282,
                    0.03149494528770447,
                    0.0
                ],
                [
                    -0.01731964945793152,
                    -0.063041090965271,
                    -0.9978606700897217,
                    0.0
                ],
                [
                    0.6961870193481445,
                    0.7155706882476807,
                    -0.05729067325592041,
                    0.0
                ],
                [
                    0.2377454936504364,
                    -0.254862517118454,
                    0.18341264128684998,
                    1.0
                ]
            ],
            "location": [
                0.254862517118454,
                0.18341264128684998,
                -0.2377454936504364
            ],
            "location_world": [
                0.2377454936504364,
                -0.254862517118454,
                0.18341264128684998
            ],
            "name": "google_Tag_Dishtowel_Basket_Weave_Red_18_x_26_5",
            "projected_cuboid": [
                [
                    773.1688022613525,
                    -307.8668713569641
                ],
                [
                    807.3633909225464,
                    122.26983904838562
                ],
                [
                    903.6613702774048,
                    107.76467621326447
                ],
                [
                    865.416407585144,
                    -356.8763732910156
                ],
                [
                    735.789954662323,
                    -628.6695003509521
                ],
                [
                    790.2882695198059,
                    59.90631878376007
                ],
                [
                    951.7817497253418,
                    26.545673608779907
                ],
                [
                    886.2192630767822,
                    -754.9177408218384
                ],
                [
                    835.5342745780945,
                    -191.10161066055298
                ]
            ],
            "provenance": "visii",
            "quaternion_xyzw": [
                -0.9205619692802429,
                -0.025673463940620422,
                0.3892248272895813,
                -0.02026216685771942
            ],
            "quaternion_xyzw_world": [
                -0.677861213684082,
                0.2629629373550415,
                -0.2683742344379425,
                0.6319255828857422
            ],
            "segmentation_id": 6,
            "visibility": 0
        },
        {
            "bounding_box_minx_maxx_miny_maxy": [
                420,
                499,
                110,
                200
            ],
            "class": "FRACTION",
            "local_cuboid": null,
            "local_to_world_matrix": [
                [
                    0.23206722736358643,
                    -0.2500445246696472,
                    -0.9400119781494141,
                    0.0
                ],
                [
                    0.8802979588508606,
                    0.4650943875312805,
                    0.09360948204994202,
                    0.0
                ],
                [
                    0.41378772258758545,
                    -0.8492143154144287,
                    0.32804685831069946,
                    0.0
                ],
                [
                    1.1772208213806152,
                    -0.41048088669776917,
                    0.18279604613780975,
                    1.0
                ]
            ],
            "location": [
                0.41048088669776917,
                0.18279604613780975,
                -1.1772208213806152
            ],
            "location_world": [
                1.1772208213806152,
                -0.41048088669776917,
                0.18279604613780975
            ],
            "name": "google_FRACTION_FUN_n4h4qte23QR_6",
            "projected_cuboid": [
                [
                    523.6912965774536,
                    193.5010403394699
                ],
                [
                    447.7320909500122,
                    192.51632690429688
                ],
                [
                    433.0064356327057,
                    198.47212731838226
                ],
                [
                    508.0004334449768,
                    200.36277174949646
                ],
                [
                    509.6668601036072,
                    100.35951435565948
                ],
                [
                    433.10922384262085,
                    111.66813969612122
                ],
                [
                    417.68717765808105,
                    116.63800477981567
                ],
                [
                    493.1451380252838,
                    105.90919852256775
                ],
                [
                    468.2826101779938,
                    153.32446992397308
                ]
            ],
            "provenance": "visii",
            "quaternion_xyzw": [
                -0.6265426278114319,
                0.5606586933135986,
                -0.24625101685523987,
                0.4821479320526123
            ],
            "quaternion_xyzw_world": [
                0.3312574625015259,
                0.4756522476673126,
                -0.3971414268016815,
                0.7115491032600403
            ],
            "segmentation_id": 7,
            "visibility": 1
        },
        {
            "bounding_box_minx_maxx_miny_maxy": [
                444,
                499,
                50,
                156
            ],
            "class": "FAIRY",
            "local_cuboid": null,
            "local_to_world_matrix": [
                [
                    -0.3908926248550415,
                    -0.7639626264572144,
                    0.5133846998214722,
                    0.0
                ],
                [
                    -0.9167554378509521,
                    0.37297523021698,
                    -0.14299960434436798,
                    0.0
                ],
                [
                    -0.08223341405391693,
                    -0.5265457630157471,
                    -0.8461601734161377,
                    0.0
                ],
                [
                    0.835131824016571,
                    -0.3753061890602112,
                    0.2989908754825592,
                    1.0
                ]
            ],
            "location": [
                0.3753061890602112,
                0.2989908754825592,
                -0.835131824016571
            ],
            "location_world": [
                0.835131824016571,
                -0.3753061890602112,
                0.2989908754825592
            ],
            "name": "google_FAIRY_TALE_BLOCKS_7",
            "projected_cuboid": [
                [
                    682.4352741241455,
                    118.97781491279602
                ],
                [
                    752.660870552063,
                    105.12043535709381
                ],
                [
                    632.1651935577393,
                    -62.231987714767456
                ],
                [
                    595.6051349639893,
                    -3.8684308528900146
                ],
                [
                    524.2077112197876,
                    209.64400470256805
                ],
                [
                    533.5736274719238,
                    227.22403705120087
                ],
                [
                    433.66917967796326,
                    78.2010555267334
                ],
                [
                    448.6340284347534,
                    96.97993099689484
                ],
                [
                    567.6791071891785,
                    100.1674234867096
                ]
            ],
            "provenance": "visii",
            "quaternion_xyzw": [
                -0.675412654876709,
                -0.05197175592184067,
                -0.3395844101905823,
                -0.6525328755378723
            ],
            "quaternion_xyzw_world": [
                -0.5201663970947266,
                0.80777907371521,
                -0.2072179764509201,
                -0.18433819711208344
            ],
            "segmentation_id": 8,
            "visibility": 1
        },
        {
            "bounding_box_minx_maxx_miny_maxy": [
                0,
                0,
                458,
                468
            ],
            "class": "Great",
            "local_cuboid": null,
            "local_to_world_matrix": [
                [
                    0.5399523973464966,
                    -0.8382248282432556,
                    -0.07635840773582458,
                    0.0
                ],
                [
                    -0.4466342329978943,
                    -0.20844292640686035,
                    -0.8700973987579346,
                    0.0
                ],
                [
                    0.7134208679199219,
                    0.5039154291152954,
                    -0.48692917823791504,
                    0.0
                ],
                [
                    1.0720382928848267,
                    0.4977118968963623,
                    -0.4300804138183594,
                    1.0
                ]
            ],
            "location": [
                -0.4977118968963623,
                -0.4300804138183594,
                -1.0720382928848267
            ],
            "location_world": [
                1.0720382928848267,
                0.4977118968963623,
                -0.4300804138183594
            ],
            "name": "google_Great_Jones_Wingtip_kAqSg6EgG0I_8",
            "projected_cuboid": [
                [
                    -10.591059923171997,
                    420.4864501953125
                ],
                [
                    -7.952243089675903,
                    588.9722108840942
                ],
                [
                    5.280524492263794,
                    583.2369327545166
                ],
                [
                    0.8851587772369385,
                    403.76561880111694
                ],
                [
                    -70.89382410049438,
                    424.7733950614929
                ],
                [
                    -76.08172297477722,
                    603.4326553344727
                ],
                [
                    -67.71710515022278,
                    598.5499024391174
                ],
                [
                    -63.19919228553772,
                    407.4620306491852
                ],
                [
                    -35.5527400970459,
                    498.29262495040894
                ]
            ],
            "provenance": "visii",
            "quaternion_xyzw": [
                0.9248977303504944,
                0.03570244461297989,
                -0.28215765953063965,
                0.2523423433303833
            ],
            "quaternion_xyzw_world": [
                0.7475500702857971,
                -0.4296899735927582,
                0.21305008232593536,
                -0.4595052897930145
            ],
            "segmentation_id": 9,
            "visibility": 1
        },
        {
            "bounding_box_minx_maxx_miny_maxy": [
                145,
                160,
                465,
                483
            ],
            "class": "Ecoforms",
            "local_cuboid": null,
            "local_to_world_matrix": [
                [
                    0.6532025337219238,
                    0.15131309628486633,
                    0.7419102787971497,
                    0.0
                ],
                [
                    0.7434723377227783,
                    0.05744898319244385,
                    -0.6662948131561279,
                    0.0
                ],
                [
                    -0.14344125986099243,
                    0.9868152141571045,
                    -0.07497131824493408,
                    0.0
                ],
                [
                    1.7319958209991455,
                    0.13312308490276337,
                    -0.5216221809387207,
                    1.0
                ]
            ],
            "location": [
                -0.13312308490276337,
                -0.5216221809387207,
                -1.7319958209991455
            ],
            "location_world": [
                1.7319958209991455,
                0.13312308490276337,
                -0.5216221809387207
            ],
            "name": "google_Ecoforms_Plant_Container_Quadra_Sand_QP6_9",
            "projected_cuboid": [
                [
                    140.48701524734497,
                    392.20598340034485
                ],
                [
                    145.3157514333725,
                    422.8252172470093
                ],
                [
                    200.49792528152466,
                    416.4956212043762
                ],
                [
                    200.26297867298126,
                    385.7867121696472
                ],
                [
                    142.87909865379333,
                    457.5549364089966
                ],
                [
                    147.86064624786377,
                    485.01017689704895
                ],
                [
                    206.94977045059204,
                    477.364718914032
                ],
                [
                    207.2668820619583,
                    449.6487081050873
                ],
                [
                    174.1163283586502,
                    435.2952241897583
                ]
            ],
            "provenance": "visii",
            "quaternion_xyzw": [
                -0.5855640172958374,
                -0.2922230362892151,
                0.7001873254776001,
                0.285409152507782
            ],
            "quaternion_xyzw_world": [
                -0.6462826132774353,
                -0.34612777829170227,
                -0.2315043807029724,
                0.6394687294960022
            ],
            "segmentation_id": 10,
            "visibility": 1
        },
        {
            "bounding_box_minx_maxx_miny_maxy": [
                0,
                116,
                83,
                336
            ],
            "class": "ReadytoUse",
            "local_cuboid": null,
            "local_to_world_matrix": [
                [
                    -0.49007725715637207,
                    0.18896353244781494,
                    -0.8509507179260254,
                    0.0
                ],
                [
                    -0.20284253358840942,
                    -0.9741431474685669,
                    -0.09949930757284164,
                    0.0
                ],
                [
                    -0.8477494716644287,
                    0.1238466426730156,
                    0.5157352089881897,
                    0.0
                ],
                [
                    0.532296359539032,
                    0.15629220008850098,
                    -0.019706452265381813,
                    1.0
                ]
            ],
            "location": [
                -0.15629220008850098,
                -0.019706452265381813,
                -0.532296359539032
            ],
            "location_world": [
                0.532296359539032,
                0.15629220008850098,
                -0.019706452265381813
            ],
            "name": "google_ReadytoUse_Rolled_Fondant_Pure_White_24_oz_box_10",
            "projected_cuboid": [
                [
                    -101.90123319625854,
                    219.9627161026001
                ],
                [
                    -30.344903469085693,
                    227.43748128414154
                ],
                [
                    75.54328441619873,
                    339.4234776496887
                ],
                [
                    22.065266966819763,
                    331.8558633327484
                ],
                [
                    -19.722819328308105,
                    76.87219977378845
                ],
                [
                    43.50973665714264,
                    79.82908189296722
                ],
                [
                    119.11635100841522,
                    217.70550310611725
                ],
                [
                    70.49514353275299,
                    213.071808218956
                ],
                [
                    31.702160835266113,
                    218.59826147556305
                ]
            ],
            "provenance": "visii",
            "quaternion_xyzw": [
                0.12528598308563232,
                0.2458224594593048,
                0.7307893633842468,
                -0.6243569850921631
            ],
            "quaternion_xyzw_world": [
                -0.4920189678668976,
                0.0070520685985684395,
                0.8631274104118347,
                0.11348441988229752
            ],
            "segmentation_id": 11,
            "visibility": 1
        },
        {
            "bounding_box_minx_maxx_miny_maxy": [
                387,
                499,
                448,
                500
            ],
            "class": "Dog",
            "local_cuboid": null,
            "local_to_world_matrix": [
                [
                    -0.4071824550628662,
                    0.6897712349891663,
                    0.5986804366111755,
                    0.0
                ],
                [
                    -0.5888074040412903,
                    -0.6993308067321777,
                    0.4052683413028717,
                    0.0
                ],
                [
                    0.698218047618866,
                    -0.1874893605709076,
                    0.6908974647521973,
                    0.0
                ],
                [
                    0.17271751165390015,
                    -0.12832018733024597,
                    -0.2533135414123535,
                    1.0
                ]
            ],
            "location": [
                0.12832018733024597,
                -0.2533135414123535,
                -0.17271751165390015
            ],
            "location_world": [
                0.17271751165390015,
                -0.12832018733024597,
                -0.2533135414123535
            ],
            "name": "google_Dog_11",
            "projected_cuboid": [
                [
                    286.64809465408325,
                    405.9780240058899
                ],
                [
                    682.6774477958679,
                    269.61860060691833
                ],
                [
                    1225.2190113067627,
                    1506.3287019729614
                ],
                [
                    189.15945291519165,
                    991.4346933364868
                ],
                [
                    512.3471021652222,
                    573.4421014785767
                ],
                [
                    866.5458559989929,
                    540.1721000671387
                ],
                [
                    1252.4338960647583,
                    1293.6458587646484
                ],
                [
                    563.3664131164551,
                    1041.8591499328613
                ],
                [
                    614.9851083755493,
                    707.7573537826538
                ]
            ],
            "provenance": "visii",
            "quaternion_xyzw": [
                0.3883228302001953,
                0.8356520533561707,
                0.3828461766242981,
                -0.06572502851486206
            ],
            "quaternion_xyzw_world": [
                0.3877018392086029,
                0.06510402262210846,
                0.8362730741500854,
                0.3822252154350281
            ],
            "segmentation_id": 12,
            "visibility": 1
        },
        {
            "bounding_box_minx_maxx_miny_maxy": [
                -1,
                -1,
                -1,
                -1
            ],
            "class": "Black",
            "local_cuboid": null,
            "local_to_world_matrix": [
                [
                    0.7304778099060059,
                    0.2610776722431183,
                    -0.6310631632804871,
                    0.0
                ],
                [
                    -0.6265075206756592,
                    -0.1116173267364502,
                    -0.7713817954063416,
                    0.0
                ],
                [
                    -0.2718281149864197,
                    0.9588430523872375,
                    0.08203315734863281,
                    0.0
                ],
                [
                    0.22025223076343536,
                    -0.31350213289260864,
                    -0.12866593897342682,
                    1.0
                ]
            ],
            "location": [
                0.31350213289260864,
                -0.12866593897342682,
                -0.22025223076343536
            ],
            "location_world": [
                0.22025223076343536,
                -0.31350213289260864,
                -0.12866593897342682
            ],
            "name": "google_Black_Elderberry_Syrup_54_oz_Gaia_Herbs_12",
            "projected_cuboid": [
                [
                    698.4848976135254,
                    556.9844245910645
                ],
                [
                    810.8763694763184,
                    769.2506909370422
                ],
                [
                    1088.7558460235596,
                    709.5121145248413
                ],
                [
                    953.8151025772095,
                    538.0160808563232
                ],
                [
                    853.8398146629333,
                    506.82997703552246
                ],
                [
                    1040.0727987289429,
                    768.6125636100769
                ],
                [
                    1332.0883512496948,
                    695.2278017997742
                ],
                [
                    1129.9532651901245,
                    493.30830574035645
                ],
                [
                    984.23171043396,
                    619.3302869796753
                ]
            ],
            "provenance": "visii",
            "quaternion_xyzw": [
                -0.5564342141151428,
                0.23338152468204498,
                0.7589939832687378,
                -0.24462658166885376
            ],
            "quaternion_xyzw_world": [
                -0.6633366346359253,
                0.1377241462469101,
                0.34028396010398865,
                0.6520915627479553
            ],
            "segmentation_id": 13,
            "visibility": 0
        },
        {
            "bounding_box_minx_maxx_miny_maxy": [
                267,
                279,
                150,
                174
            ],
