{
    "camera_data": {
        "camera_look_at": {
            "at": [
                1.0,
                0.0,
                0.0
            ],
            "eye": [
                0.0,
                0.0,
                0.0
            ],
            "up": [
                0.0,
                0.0,
                1.0
            ]
        },
        "camera_view_matrix": [
            [
                0.0,
                0.0,
                -1.0,
                0.0
            ],
            [
                -1.0,
                0.0,
                0.0,
                0.0
            ],
            [
                0.0,
                1.0,
                0.0,
                0.0
            ],
            [
                0.0,
                0.0,
                0.0,
                1.0
            ]
        ],
        "height": 500,
        "intrinsics": {
            "cx": 250.0,
            "cy": 250.0,
            "fx": 603.5535278320312,
            "fy": 603.5535278320312
        },
        "location_world": [
            0.0,
            0.0,
            0.0
        ],
        "quaternion_world_xyzw": [
            0.5,
            -0.5,
            -0.5,
            0.5
        ],
        "width": 500
    },
    "objects": [
        {
            "bounding_box_minx_maxx_miny_maxy": [
                -1,
                -1,
                -1,
                -1
            ],
            "class": "Reebok",
            "local_cuboid": null,
            "local_to_world_matrix": [
                [
                    -0.07260560989379883,
                    0.5718653798103333,
                    -0.8171281814575195,
                    0.0
                ],
                [
                    -0.5386828780174255,
                    0.667026162147522,
                    0.5146812796592712,
                    0.0
                ],
                [
                    0.839374303817749,
                    0.47754162549972534,
                    0.2596242427825928,
                    0.0
                ],
                [
                    0.28298601508140564,
                    0.3963274657726288,
                    0.16870816051959991,
                    1.0
                ]
            ],
            "location": [
                -0.3963274657726288,
                0.16870816051959991,
                -0.28298601508140564
            ],
            "location_world": [
                0.28298601508140564,
                0.3963274657726288,
                0.16870816051959991
            ],
            "name": "google_Reebok_SOMERSET_RUN_0",
            "projected_cuboid": [
                [
                    -262.3862624168396,
                    147.38880097866058
                ],
                [
                    -929.9987554550171,
                    -212.59921789169312
                ],
                [
                    -1337.6121520996094,
                    -347.02932834625244
                ],
                [
                    -308.43549966812134,
                    170.2955663204193
                ],
                [
                    -169.2429482936859,
                    29.062196612358093
                ],
                [
                    -770.9180116653442,
                    -382.30204582214355
                ],
                [
                    -1088.0331993103027,
                    -590.868890285492
                ],
                [
                    -189.45074081420898,
                    19.938066601753235
                ],
                [
                    -521.5489864349365,
                    -84.34316515922546
                ]
            ],
            "provenance": "visii",
            "quaternion_xyzw": [
                -0.433828204870224,
                0.8552662134170532,
                0.2333504557609558,
                -0.16081169247627258
            ],
            "quaternion_xyzw_world": [
                0.013637910597026348,
                0.6082777976989746,
                0.4078000783920288,
                0.6808165907859802
            ],
            "segmentation_id": 1,
            "visibility": 0
        },
        {
            "bounding_box_minx_maxx_miny_maxy": [
                -1,
                -1,
                -1,
                -1
            ],
            "class": "Breyer",
            "local_cuboid": null,
            "local_to_world_matrix": [
                [
                    -0.13050758838653564,
                    0.8458097577095032,
                    0.5172752141952515,
                    0.0
                ],
                [
                    0.2399405837059021,
                    0.5331727266311646,
                    -0.8112677335739136,
                    0.0
                ],
                [
                    -0.9619752168655396,
                    0.018238723278045654,
                    -0.27252721786499023,
                    0.0
                ],
                [
                    0.31845003366470337,
                    0.41465458273887634,
                    -0.16493487358093262,
                    1.0
                ]
            ],
            "location": [
                -0.41465458273887634,
                -0.16493487358093262,
                -0.31845003366470337
            ],
            "location_world": [
                0.31845003366470337,
                0.41465458273887634,
                -0.16493487358093262
            ],
            "name": "google_Breyer_Horse_Of_The_Year_2015_1",
            "projected_cuboid": [
                [
                    -1774.3744850158691,
                    762.810468673706
                ],
                [
                    -1716.8008089065552,
                    891.5623426437378
                ],
                [
                    -781.3526391983032,
                    507.33399391174316
                ],
                [
                    -766.9510841369629,
                    424.4339168071747
                ],
                [
                    -782.842755317688,
                    1076.7440795898438
                ],
                [
                    -804.7932386398315,
                    1163.170337677002
                ],
                [
                    -345.1024293899536,
                    695.7534551620483
                ],
                [
                    -313.6116862297058,
                    628.4319162368774
                ],
                [
                    -781.8993330001831,
                    716.246485710144
                ]
            ],
            "provenance": "visii",
            "quaternion_xyzw": [
                0.029507458209991455,
                -0.13469114899635315,
                0.9511903524398804,
                0.2760877311229706
            ],
            "quaternion_xyzw_world": [
                -0.39014318585395813,
                -0.6957383751869202,
                0.28495949506759644,
                0.5315397381782532
            ],
            "segmentation_id": 2,
            "visibility": 0
        },
        {
            "bounding_box_minx_maxx_miny_maxy": [
                51,
                76,
                38,
                116
            ],
            "class": "Smith",
            "local_cuboid": null,
            "local_to_world_matrix": [
                [
                    -0.21615219116210938,
                    -0.2813780903816223,
                    0.9349355697631836,
                    0.0
                ],
                [
                    -0.9726784825325012,
                    -0.02101588249206543,
                    -0.23120304942131042,
                    0.0
                ],
                [
                    0.08470389246940613,
                    -0.9593667984008789,
                    -0.2691478729248047,
                    0.0
                ],
                [
                    1.6695549488067627,
                    0.7468196749687195,
                    0.45735135674476624,
                    1.0
                ]
            ],
            "location": [
                -0.7468196749687195,
                0.45735135674476624,
                -1.6695549488067627
            ],
            "location_world": [
                1.6695549488067627,
                0.7468196749687195,
                0.45735135674476624
            ],
            "name": "google_Smith_Hawken_Woven_BasketTray_Organizer_with_3_Compartments_95_x_9_x_13_2",
            "projected_cuboid": [
                [
                    100.53247213363647,
                    52.095845341682434
                ],
                [
                    78.205406665802,
                    43.186262249946594
                ],
                [
                    -27.614325284957886,
                    11.103630065917969
                ],
                [
                    10.076984763145447,
                    24.699091911315918
                ],
                [
                    73.841392993927,
                    169.92031037807465
                ],
                [
                    48.440560698509216,
                    179.7904074192047
                ],
                [
                    -52.60205268859863,
                    151.24699473381042
                ],
                [
                    -13.103127479553223,
                    145.14809846878052
                ],
                [
                    28.405725955963135,
                    98.79624843597412
                ]
            ],
            "provenance": "visii",
            "quaternion_xyzw": [
                -0.631918728351593,
                -0.3781939744949341,
                -0.46505939960479736,
                -0.49129197001457214
            ],
            "quaternion_xyzw_world": [
                -0.5181726217269897,
                0.605038046836853,
                -0.49194008111953735,
                -0.3513133227825165
            ],
            "segmentation_id": 3,
            "visibility": 1
        },
        {
            "bounding_box_minx_maxx_miny_maxy": [
                234,
                325,
                1,
                61
            ],
            "class": "Paul",
            "local_cuboid": null,
            "local_to_world_matrix": [
                [
                    -0.31666672229766846,
                    -0.8144429922103882,
                    -0.4862152338027954,
                    0.0
                ],
                [
                    -0.3607243299484253,
                    -0.3706791400909424,
                    0.8558477759361267,
                    0.0
                ],
                [
                    -0.8772687911987305,
                    0.4464079737663269,
                    -0.17640793323516846,
                    0.0
                ],
                [
                    1.5717812776565552,
                    -0.1480165272951126,
                    0.5730606913566589,
                    1.0
                ]
            ],
            "location": [
                0.1480165272951126,
                0.5730606913566589,
                -1.5717812776565552
            ],
            "location_world": [
                1.5717812776565552,
                -0.1480165272951126,
                0.5730606913566589
            ],
            "name": "google_Paul_Frank_Dot_Lunch_Box_3",
            "projected_cuboid": [
                [
                    309.2486560344696,
                    60.891419649124146
                ],
                [
                    329.48818802833557,
                    12.6027911901474
                ],
                [
                    360.16491055488586,
                    28.239205479621887
                ],
                [
                    341.8135344982147,
                    69.7910338640213
                ],
                [
                    215.19339084625244,
                    17.842695116996765
                ],
                [
                    231.58502578735352,
                    -28.75414490699768
                ],
                [
                    273.159384727478,
                    -8.654415607452393
                ],
                [
                    257.8199505805969,
                    31.65420889854431
                ],
                [
                    289.68146443367004,
                    23.184537887573242
                ]
            ],
            "provenance": "visii",
            "quaternion_xyzw": [
                -0.14258906245231628,
                0.20256856083869934,
                0.22747430205345154,
                -0.9417483806610107
            ],
            "quaternion_xyzw_world": [
                -0.5546215772628784,
                0.5297158360481262,
                0.6146010756492615,
                -0.1845581978559494
            ],
            "segmentation_id": 4,
            "visibility": 1
        },
        {
            "bounding_box_minx_maxx_miny_maxy": [
                263,
                307,
                400,
                445
            ],
            "class": "Toys",
            "local_cuboid": null,
            "local_to_world_matrix": [
                [
                    0.3749387860298157,
                    0.7827672958374023,
                    0.49668532609939575,
                    0.0
                ],
                [
                    -0.914706826210022,
                    0.22523349523544312,
                    0.335531622171402,
                    0.0
                ],
                [
                    0.15077297389507294,
                    -0.5801252722740173,
                    0.8004512786865234,
                    0.0
                ],
                [
                    1.9100576639175415,
                    -0.07345809787511826,
                    -0.5994347929954529,
                    1.0
                ]
            ],
            "location": [
                0.07345809787511826,
                -0.5994347929954529,
                -1.9100576639175415
            ],
            "location_world": [
                1.9100576639175415,
                -0.07345809787511826,
                -0.5994347929954529
            ],
            "name": "google_Toys_R_Us_Treat_Dispenser_Smart_Puzzle_Foobler_4",
            "projected_cuboid": [
                [
                    285.4108512401581,
                    387.79282569885254
                ],
                [
                    276.986688375473,
                    381.57159090042114
                ],
                [
                    248.56680631637573,
                    422.87522554397583
                ],
                [
                    259.0790092945099,
                    426.2743890285492
                ],
                [
                    323.47074151039124,
                    415.3309166431427
                ],
                [
                    317.70190596580505,
                    411.0269546508789
                ],
                [
                    288.8917624950409,
                    454.03027534484863
                ],
                [
                    296.8074083328247,
                    455.282986164093
                ],
                [
                    287.0508134365082,
                    418.9991354942322
                ]
            ],
            "provenance": "visii",
            "quaternion_xyzw": [
                0.09010288119316101,
                0.7531719207763672,
                0.5693116188049316,
                0.3170139789581299
            ],
            "quaternion_xyzw_world": [
                0.2954885959625244,
                -0.11162823438644409,
                0.5477862358093262,
                0.7746973037719727
            ],
            "segmentation_id": 5,
            "visibility": 1
        },
        {
            "bounding_box_minx_maxx_miny_maxy": [
                -1,
                -1,
                -1,
                -1
            ],
            "class": "Tag",
            "local_cuboid": null,
            "local_to_world_matrix": [
                [
                    -0.8757188320159912,
                    -0.2707085609436035,
                    0.3997915983200073,
                    0.0
                ],
                [
                    0.4389614462852478,
                    -0.7912287712097168,
                    0.42575788497924805,
                    0.0
                ],
                [
                    0.20107032358646393,
                    0.5483373403549194,
                    0.8117246627807617,
                    0.0
                ],
                [
                    0.24125292897224426,
                    -0.2645339071750641,
                    0.2070210874080658,
                    1.0
                ]
            ],
            "location": [
                0.2645339071750641,
                0.2070210874080658,
                -0.24125292897224426
            ],
            "location_world": [
                0.24125292897224426,
                -0.2645339071750641,
                0.2070210874080658
            ],
            "name": "google_Tag_Dishtowel_Basket_Weave_Red_18_x_26_5",
            "projected_cuboid": [
                [
                    1117.5789833068848,
                    -831.5434455871582
                ],
                [
                    1217.8001403808594,
                    -605.8597564697266
                ],
                [
                    1301.881194114685,
                    -555.010735988617
                ],
                [
                    1269.9977159500122,
                    -749.3762969970703
                ],
                [
                    538.6615991592407,
                    -86.2639844417572
                ],
                [
                    757.1378946304321,
                    -154.36595678329468
                ],
                [
                    798.2328534126282,
                    -115.57847261428833
                ],
                [
                    589.8447036743164,
                    -30.697405338287354
                ],
                [
                    878.1605362892151,
                    -294.7741150856018
                ]
            ],
            "provenance": "visii",
            "quaternion_xyzw": [
                0.5113758444786072,
                0.5822627544403076,
                0.16004937887191772,
                -0.6114319562911987
            ],
            "quaternion_xyzw_world": [
                0.16107863187789917,
                0.2611347436904907,
                0.9325599670410156,
                -0.1902478188276291
            ],
            "segmentation_id": 6,
            "visibility": 0
        },
        {
            "bounding_box_minx_maxx_miny_maxy": [
                -1,
                -1,
                -1,
                -1
            ],
            "class": "FRACTION",
            "local_cuboid": null,
            "local_to_world_matrix": [
                [
                    0.08654183149337769,
                    0.5932881832122803,
                    -0.8003246784210205,
                    0.0
                ],
                [
                    0.5111664533615112,
                    0.6630892753601074,
                    0.5468285083770752,
                    0.0
                ],
                [
                    0.8551136255264282,
                    -0.4564226567745209,
                    -0.24588406085968018,
                    0.0
                ],
                [
                    1.2234714031219482,
                    -0.5296082496643066,
                    0.6257559061050415,
                    1.0
                ]
            ],
            "location": [
                0.5296082496643066,
                0.6257559061050415,
                -1.2234714031219482
            ],
            "location_world": [
                1.2234714031219482,
                -0.5296082496643066,
                0.6257559061050415
            ],
            "name": "google_FRACTION_FUN_n4h4qte23QR_6",
            "projected_cuboid": [
                [
                    527.1731615066528,
                    6.023511290550232
                ],
                [
                    449.337899684906,
                    -23.468971252441406
                ],
                [
                    445.7435607910156,
                    -36.55177354812622
                ],
                [
                    525.7492065429688,
                    -7.195085287094116
                ],
                [
                    582.720160484314,
                    -67.27272272109985
                ],
                [
                    499.85241889953613,
                    -91.66443347930908
                ],
                [
                    497.7111220359802,
                    -106.92393779754639
                ],
                [
                    583.0590724945068,
                    -83.0136239528656
                ],
                [
                    512.1806859970093,
                    -51.4521598815918
                ]
            ],
            "provenance": "visii",
            "quaternion_xyzw": [
                -0.4227874279022217,
                0.8653367161750793,
                -0.2187155932188034,
                0.15686509013175964
            ],
            "quaternion_xyzw_world": [
                0.40906497836112976,
                0.6749873161315918,
                0.033484283834695816,
                0.6131368279457092
            ],
            "segmentation_id": 7,
            "visibility": 0
        },
        {
            "bounding_box_minx_maxx_miny_maxy": [
                480,
                499,
                1,
                71
            ],
            "class": "FAIRY",
            "local_cuboid": null,
            "local_to_world_matrix": [
                [
                    -0.04272162914276123,
                    -0.6110749244689941,
                    0.7904190421104431,
                    0.0
                ],
                [
                    -0.910905122756958,
                    -0.3011561632156372,
                    -0.28205835819244385,
                    0.0
                ],
                [
                    0.41039830446243286,
                    -0.7320467233657837,
                    -0.5437654256820679,
                    0.0
                ],
                [
                    0.9011669754981995,
                    -0.3992913067340851,
                    0.3640883266925812,
                    1.0
                ]
            ],
            "location": [
                0.3992913067340851,
                0.3640883266925812,
                -0.9011669754981995
            ],
            "location_world": [
                0.9011669754981995,
                -0.3992913067340851,
                0.3640883266925812
            ],
            "name": "google_FAIRY_TALE_BLOCKS_7",
            "projected_cuboid": [
                [
                    576.1569738388062,
                    43.782398104667664
                ],
                [
                    722.5953936576843,
                    38.39796781539917
                ],
                [
                    651.2500047683716,
                    -81.0592770576477
                ],
                [
                    508.56590270996094,
                    -46.8195378780365
                ],
                [
                    491.4129674434662,
                    151.35788917541504
                ],
                [
                    612.763524055481,
                    175.64314603805542
                ],
                [
                    529.5799970626831,
                    73.78828525543213
                ],
                [
                    416.96399450302124,
                    71.27884030342102
                ],
                [
                    556.833028793335,
                    56.23126029968262
                ]
            ],
            "provenance": "visii",
            "quaternion_xyzw": [
                0.7588695287704468,
                0.35960569977760315,
                0.2552376389503479,
                0.47922283411026
            ],
            "quaternion_xyzw_world": [
                0.6712301969528198,
                -0.566862165927887,
                0.4472450017929077,
                0.16759838163852692
            ],
            "segmentation_id": 8,
            "visibility": 1
        },
        {
            "bounding_box_minx_maxx_miny_maxy": [
                198,
                258,
                394,
                456
            ],
            "class": "Great",
            "local_cuboid": null,
            "local_to_world_matrix": [
                [
                    -0.03655087947845459,
                    0.9177296757698059,
                    -0.3955203890800476,
                    0.0
                ],
                [
                    0.9697282910346985,
                    -0.06304848194122314,
                    -0.23590663075447083,
                    0.0
                ],
                [
                    -0.2414354681968689,
                    -0.39216992259025574,
                    -0.8876438140869141,
                    0.0
                ],
                [
                    1.0976977348327637,
                    0.04376011714339256,
                    -0.2547098696231842,
                    1.0
                ]
            ],
            "location": [
                -0.04376011714339256,
                -0.2547098696231842,
                -1.0976977348327637
            ],
            "location_world": [
                1.0976977348327637,
                0.04376011714339256,
                -0.2547098696231842
            ],
            "name": "google_Great_Jones_Wingtip_kAqSg6EgG0I_8",
            "projected_cuboid": [
                [
                    210.4896605014801,
                    474.356472492218
                ],
                [
                    230.02974689006805,
                    455.1195800304413
                ],
                [
                    208.8787853717804,
                    401.73330903053284
                ],
                [
                    183.1299364566803,
                    403.3053517341614
                ],
                [
                    277.5704264640808,
                    444.5308446884155
                ],
                [
                    280.4565727710724,
                    432.7337145805359
                ],
                [
                    258.2674026489258,
                    380.0123631954193
                ],
                [
                    248.3857125043869,
                    374.64791536331177
                ],
                [
                    238.06020617485046,
                    419.91445422172546
                ]
            ],
            "provenance": "visii",
            "quaternion_xyzw": [
                -0.13851134479045868,
                0.6000807285308838,
                -0.7738009691238403,
                0.14815466105937958
            ],
            "quaternion_xyzw_world": [
                0.6917625069618225,
                0.6821191906929016,
                -0.2301931083202362,
                0.05647287890315056
            ],
            "segmentation_id": 9,
            "visibility": 1
        },
        {
            "bounding_box_minx_maxx_miny_maxy": [
                196,
                215,
                387,
                404
            ],
            "class": "Ecoforms",
            "local_cuboid": null,
            "local_to_world_matrix": [
                [
                    0.5898618698120117,
                    -0.7034680843353271,
                    0.39647912979125977,
                    0.0
                ],
                [
                    0.7425597906112671,
                    0.2796182632446289,
                    -0.6086202263832092,
                    0.0
                ],
                [
                    0.3172820806503296,
                    0.653411328792572,
                    0.6873031854629517,
                    0.0
                ],
                [
                    1.7792192697525024,
                    0.08664710819721222,
                    -0.4354223310947418,
                    1.0
                ]
            ],
            "location": [
                -0.08664710819721222,
                -0.4354223310947418,
                -1.7792192697525024
            ],
            "location_world": [
                1.7792192697525024,
                0.08664710819721222,
                -0.4354223310947418
            ],
            "name": "google_Ecoforms_Plant_Container_Quadra_Sand_QP6_9",
            "projected_cuboid": [
                [
                    215.71749448776245,
                    324.3771493434906
                ],
                [
                    201.8113136291504,
                    354.6629250049591
                ],
                [
                    235.33065617084503,
                    394.27924156188965
                ],
                [
                    252.33983993530273,
                    366.245299577713
                ],
                [
                    166.08357429504395,
                    355.9749126434326
                ],
                [
                    155.12588620185852,
                    385.6865167617798
                ],
                [
                    189.3518567085266,
                    428.70771884918213
                ],
                [
                    203.58838140964508,
                    401.7104208469391
                ],
                [
                    202.6243358850479,
                    376.18762254714966
                ]
            ],
            "provenance": "visii",
            "quaternion_xyzw": [
                -0.8107666969299316,
                -0.036034077405929565,
                0.38336342573165894,
                0.44089841842651367
            ],
            "quaternion_xyzw_world": [
                -0.39463287591934204,
                -0.024764638394117355,
                -0.4521678686141968,
                0.7994972467422485
            ],
            "segmentation_id": 10,
            "visibility": 1
        },
        {
            "bounding_box_minx_maxx_miny_maxy": [
                0,
                68,
                13,
                193
            ],
            "class": "ReadytoUse",
            "local_cuboid": null,
            "local_to_world_matrix": [
                [
                    -0.9257068634033203,
                    0.3673535883426666,
                    -0.09010131657123566,
                    0.0
                ],
                [
                    -0.3726734220981598,
                    -0.9265475273132324,
                    0.05122870206832886,
                    0.0
                ],
                [
                    -0.0646640956401825,
                    0.08100111782550812,
                    0.9946141839027405,
                    0.0
                ],
                [
                    0.5961483120918274,
                    0.23709550499916077,
                    0.05720801651477814,
                    1.0
                ]
            ],
            "location": [
                -0.23709550499916077,
                0.05720801651477814,
                -0.5961483120918274
            ],
            "location_world": [
                0.5961483120918274,
                0.23709550499916077,
                0.05720801651477814
            ],
            "name": "google_ReadytoUse_Rolled_Fondant_Pure_White_24_oz_box_10",
            "projected_cuboid": [
                [
                    -81.65791630744934,
                    5.297556519508362
                ],
                [
                    -40.50368070602417,
                    -6.238788366317749
                ],
                [
                    -19.004374742507935,
                    189.73642587661743
                ],
                [
                    -60.057997703552246,
                    194.51092183589935
                ],
                [
                    17.179280519485474,
                    37.47621178627014
                ],
                [
                    53.86613309383392,
                    28.92516553401947
                ],
                [
                    70.00304758548737,
                    190.00215828418732
                ],
                [
                    33.4743857383728,
                    193.95673274993896
                ],
                [
                    0.9250491857528687,
                    105.87359964847565
                ]
            ],
            "provenance": "visii",
            "quaternion_xyzw": [
                0.35942789912223816,
                0.5817899703979492,
                0.5875349044799805,
                -0.4325907826423645
            ],
            "quaternion_xyzw_world": [
                -0.03945392742753029,
                0.03370898962020874,
                0.980671763420105,
                0.18865308165550232
            ],
            "segmentation_id": 11,
            "visibility": 1
        },
        {
            "bounding_box_minx_maxx_miny_maxy": [
                -1,
                -1,
                -1,
                -1
            ],
            "class": "Dog",
            "local_cuboid": null,
            "local_to_world_matrix": [
                [
                    0.9425593018531799,
                    -0.18129965662956238,
                    0.2805573344230652,
                    0.0
                ],
                [
                    0.295482873916626,
                    0.06080353260040283,
                    -0.9534111022949219,
                    0.0
                ],
                [
                    0.15579424798488617,
                    0.9815464019775391,
                    0.11088186502456665,
                    0.0
                ],
                [
                    0.29934412240982056,
                    0.02747954986989498,
                    -0.32085949182510376,
                    1.0
                ]
            ],
            "location": [
                -0.02747954986989498,
                -0.32085949182510376,
                -0.29934412240982056
            ],
            "location_world": [
                0.29934412240982056,
                0.02747954986989498,
                -0.32085949182510376
            ],
            "name": "google_Dog_11",
            "projected_cuboid": [
                [
                    -35.28285026550293,
                    508.1239342689514
                ],
                [
                    -16.41961932182312,
                    705.9436440467834
                ],
                [
                    233.84597897529602,
                    768.6141729354858
                ],
                [
                    249.33555722236633,
                    563.7716054916382
                ],
                [
                    -483.045756816864,
                    996.492862701416
                ],
                [
                    -349.64025020599365,
                    1259.6336603164673
                ],
                [
                    102.38237679004669,
                    1462.745189666748
                ],
                [
                    94.5742130279541,
                    1217.8027629852295
                ],
                [
                    12.431889772415161,
                    838.9951586723328
                ]
            ],
            "provenance": "visii",
            "quaternion_xyzw": [
                -0.7567207217216492,
                -0.07260071486234665,
                0.6356723308563232,
                0.13425187766551971
            ],
            "quaternion_xyzw_world": [
                -0.6653709411621094,
                -0.04290208965539932,
                -0.16395048797130585,
                0.727022111415863
            ],
            "segmentation_id": 12,
            "visibility": 0
        },
        {
            "bounding_box_minx_maxx_miny_maxy": [
                -1,
                -1,
                -1,
                -1
            ],
            "class": "Black",
            "local_cuboid": null,
            "local_to_world_matrix": [
                [
                    0.4655033349990845,
                    -0.6067787408828735,
                    0.6443029642105103,
                    0.0
                ],
                [
                    0.872775673866272,
                    0.4355221390724182,
                    -0.22041568160057068,
                    0.0
                ],
                [
                    -0.14686468243598938,
                    0.6649361848831177,
                    0.7323186993598938,
                    0.0
                ],
                [
                    0.1576121300458908,
                    -0.281501829624176,
                    -0.1875898838043213,
                    1.0
                ]
            ],
            "location": [
                0.281501829624176,
                -0.1875898838043213,
                -0.1576121300458908
            ],
            "location_world": [
                0.1576121300458908,
                -0.281501829624176,
                -0.1875898838043213
            ],
            "name": "google_Black_Elderberry_Syrup_54_oz_Gaia_Herbs_12",
            "projected_cuboid": [
                [
                    1299.1076707839966,
                    525.0057578086853
                ],
                [
                    902.020275592804,
                    488.9575242996216
                ],
                [
                    1127.4616718292236,
                    789.1609072685242
                ],
                [
                    1546.3536977767944,
                    926.6082048416138
                ],
                [
                    1370.8981275558472,
                    828.818142414093
                ],
                [
                    877.939760684967,
                    681.0101270675659
                ],
                [
                    1141.6497230529785,
                    1004.0912628173828
                ],
                [
                    1660.719394683838,
                    1265.9119367599487
                ],
                [
                    1207.9784870147705,
                    802.2775650024414
                ]
            ],
            "provenance": "visii",
            "quaternion_xyzw": [
                -0.6481376886367798,
                -0.08053100109100342,
                0.4360337555408478,
                0.6191178560256958
            ],
            "quaternion_xyzw_world": [
                -0.2727922797203064,
                -0.2437724769115448,
                -0.4558764100074768,
                0.8113791346549988
            ],
            "segmentation_id": 13,
            "visibility": 0
        },
        {
            "bounding_box_minx_maxx_miny_maxy": [
                327,
                385,
                174,
                222
            ],
            "class": "Razer",
