{
    "camera_data": {
        "camera_look_at": {
            "at": [
                1.0,
                0.0,
                0.0
            ],
            "eye": [
                0.0,
                0.0,
                0.0
            ],
            "up": [
                0.0,
                0.0,
                1.0
            ]
        },
        "camera_view_matrix": [
            [
                0.0,
                0.0,
                -1.0,
                0.0
            ],
            [
                -1.0,
                0.0,
                0.0,
                0.0
            ],
            [
                0.0,
                1.0,
                0.0,
                0.0
            ],
            [
                0.0,
                0.0,
                0.0,
                1.0
            ]
        ],
        "height": 500,
        "intrinsics": {
            "cx": 250.0,
            "cy": 250.0,
            "fx": 603.5535278320312,
            "fy": 603.5535278320312
        },
        "location_world": [
            0.0,
            0.0,
            0.0
        ],
        "quaternion_world_xyzw": [
            0.5,
            -0.5,
            -0.5,
            0.5
        ],
        "width": 500
    },
    "objects": [
        {
            "bounding_box_minx_maxx_miny_maxy": [
                -1,
                -1,
                -1,
                -1
            ],
            "class": "Reebok",
            "local_cuboid": null,
            "local_to_world_matrix": [
                [
                    -0.16256606578826904,
                    0.524551510810852,
                    -0.8357140421867371,
                    0.0
                ],
                [
                    -0.5968019962310791,
                    0.622212290763855,
                    0.5066351890563965,
                    0.0
                ],
                [
                    0.7857478260993958,
                    0.5811175107955933,
                    0.21190273761749268,
                    0.0
                ],
                [
                    0.31621018052101135,
                    0.40914803743362427,
                    0.17343011498451233,
                    1.0
                ]
            ],
            "location": [
                -0.40914803743362427,
                0.17343011498451233,
                -0.31621018052101135
            ],
            "location_world": [
                0.31621018052101135,
                0.40914803743362427,
                0.17343011498451233
            ],
            "name": "google_Reebok_SOMERSET_RUN_0",
            "projected_cuboid": [
                [
                    -265.97821712493896,
                    154.67220544815063
                ],
                [
                    -909.3524217605591,
                    -186.72221899032593
                ],
                [
                    -1205.4443359375,
                    -300.4918694496155
                ],
                [
                    -282.0814251899719,
                    170.2742874622345
                ],
                [
                    -176.2779951095581,
                    45.166075229644775
                ],
                [
                    -736.2142205238342,
                    -335.29388904571533
                ],
                [
                    -943.1216716766357,
                    -497.23684787750244
                ],
                [
                    -171.83604836463928,
                    35.86699068546295
                ],
                [
                    -488.72387409210205,
                    -59.77267026901245
                ]
            ],
            "provenance": "visii",
            "quaternion_xyzw": [
                -0.4343273937702179,
                0.8391863107681274,
                0.240919291973114,
                -0.22154900431632996
            ],
            "quaternion_xyzw_world": [
                -0.0288047194480896,
                0.6270716786384583,
                0.43366360664367676,
                0.6464419960975647
            ],
            "segmentation_id": 1,
            "visibility": 0
        },
        {
            "bounding_box_minx_maxx_miny_maxy": [
                -1,
                -1,
                -1,
                -1
            ],
            "class": "Breyer",
            "local_cuboid": null,
            "local_to_world_matrix": [
                [
                    -0.3851357698440552,
                    0.8330160975456238,
                    -0.39718329906463623,
                    0.0
                ],
                [
                    -0.6884337067604065,
                    -0.5459551811218262,
                    -0.4774850010871887,
                    0.0
                ],
                [
                    -0.614596962928772,
                    0.08953781425952911,
                    0.7837432622909546,
                    0.0
                ],
                [
                    0.32563135027885437,
                    0.4352239966392517,
                    -0.242629274725914,
                    1.0
                ]
            ],
            "location": [
                -0.4352239966392517,
                -0.242629274725914,
                -0.32563135027885437
            ],
            "location_world": [
                0.32563135027885437,
                0.4352239966392517,
                -0.242629274725914
            ],
            "name": "google_Breyer_Horse_Of_The_Year_2015_1",
            "projected_cuboid": [
                [
                    -1420.7333326339722,
                    723.5142588615417
                ],
                [
                    -1712.7113342285156,
                    942.0222043991089
                ],
                [
                    -959.4671726226807,
                    970.5403447151184
                ],
                [
                    -861.4121675491333,
                    817.6999688148499
                ],
                [
                    -509.95826721191406,
                    388.1293833255768
                ],
                [
                    -554.4408559799194,
                    476.1633276939392
                ],
                [
                    -311.15394830703735,
                    624.3370771408081
                ],
                [
                    -302.6428818702698,
                    542.5440073013306
                ],
                [
                    -720.5045819282532,
                    660.9259843826294
                ]
            ],
            "provenance": "visii",
            "quaternion_xyzw": [
                0.08641740679740906,
                0.4303876459598541,
                0.8551459312438965,
                -0.2757244408130646
            ],
            "quaternion_xyzw_world": [
                -0.30703264474868774,
                -0.11772560328245163,
                0.8238376975059509,
                0.4616958498954773
            ],
            "segmentation_id": 2,
            "visibility": 0
        },
        {
            "bounding_box_minx_maxx_miny_maxy": [
                6,
                118,
                23,
                115
            ],
            "class": "Smith",
            "local_cuboid": null,
            "local_to_world_matrix": [
                [
                    0.11389243602752686,
                    -0.12246963381767273,
                    0.9859156608581543,
                    0.0
                ],
                [
                    -0.9098783731460571,
                    -0.411344051361084,
                    0.05401185154914856,
                    0.0
                ],
                [
                    0.39893579483032227,
                    -0.9032149314880371,
                    -0.15828144550323486,
                    0.0
                ],
                [
                    1.6604195833206177,
                    0.6702648997306824,
                    0.4989839792251587,
                    1.0
                ]
            ],
            "location": [
                -0.6702648997306824,
                0.4989839792251587,
                -1.6604195833206177
            ],
            "location_world": [
                1.6604195833206177,
                0.6702648997306824,
                0.4989839792251587
            ],
            "name": "google_Smith_Hawken_Woven_BasketTray_Organizer_with_3_Compartments_95_x_9_x_13_2",
            "projected_cuboid": [
                [
                    104.68007624149323,
                    51.52769386768341
                ],
                [
                    122.53826856613159,
                    18.720567226409912
                ],
                [
                    20.24945616722107,
                    -13.510912656784058
                ],
                [
                    14.639392495155334,
                    25.44476091861725
                ],
                [
                    87.19247579574585,
                    162.18310594558716
                ],
                [
                    102.98995673656464,
                    144.43424344062805
                ],
                [
                    -3.4296512603759766,
                    120.17372250556946
                ],
                [
                    -6.017208099365234,
                    142.23535358905792
                ],
                [
                    56.650519371032715,
                    82.02485740184784
                ]
            ],
            "provenance": "visii",
            "quaternion_xyzw": [
                0.6056801080703735,
                0.5767317414283752,
                0.3258000314235687,
                0.44089275598526
            ],
            "quaternion_xyzw_world": [
                0.6487522721290588,
                -0.3978205919265747,
                0.5336595773696899,
                0.3688722252845764
            ],
            "segmentation_id": 3,
            "visibility": 1
        },
        {
            "bounding_box_minx_maxx_miny_maxy": [
                270,
                347,
                1,
                65
            ],
            "class": "Paul",
            "local_cuboid": null,
            "local_to_world_matrix": [
                [
                    0.689677357673645,
                    -0.5660308599472046,
                    -0.45161277055740356,
                    0.0
                ],
                [
                    -0.22741857171058655,
                    -0.7614320516586304,
                    0.6070435643196106,
                    0.0
                ],
                [
                    -0.6874778866767883,
                    -0.315959095954895,
                    -0.6538684368133545,
                    0.0
                ],
                [
                    1.5594673156738281,
                    -0.13819724321365356,
                    0.544796884059906,
                    1.0
                ]
            ],
            "location": [
                0.13819724321365356,
                0.544796884059906,
                -1.5594673156738281
            ],
            "location_world": [
                1.5594673156738281,
                -0.13819724321365356,
                0.544796884059906
            ],
            "name": "google_Paul_Frank_Dot_Lunch_Box_3",
            "projected_cuboid": [
                [
                    348.4523296356201,
                    129.29686903953552
                ],
                [
                    383.62395763397217,
                    100.55606067180634
                ],
                [
                    343.6065912246704,
                    59.21541154384613
                ],
                [
                    312.3994469642639,
                    85.80940961837769
                ],
                [
                    293.8973605632782,
                    58.38136374950409
                ],
                [
                    332.9627513885498,
                    24.273455142974854
                ],
                [
                    293.50218176841736,
                    -13.869762420654297
                ],
                [
                    259.297639131546,
                    17.197057604789734
                ],
                [
                    321.41074538230896,
                    58.843016624450684
                ]
            ],
            "provenance": "visii",
            "quaternion_xyzw": [
                0.26053279638290405,
                0.2972939610481262,
                -0.3586096167564392,
                0.8456583619117737
            ],
            "quaternion_xyzw_world": [
                0.8810473680496216,
                -0.22514382004737854,
                -0.3232206106185913,
                0.2619049549102783
            ],
            "segmentation_id": 4,
            "visibility": 1
        },
        {
            "bounding_box_minx_maxx_miny_maxy": [
                -1,
                -1,
                -1,
                -1
            ],
            "class": "Toys",
            "local_cuboid": null,
            "local_to_world_matrix": [
                [
                    0.015542268753051758,
                    -0.9796891808509827,
                    -0.1999189853668213,
                    0.0
                ],
                [
                    -0.802056610584259,
                    -0.1316051483154297,
                    0.5825678706169128,
                    0.0
                ],
                [
                    -0.5970457792282104,
                    0.15129192173480988,
                    -0.7878116369247437,
                    0.0
                ],
                [
                    1.9348231554031372,
                    0.11174166202545166,
                    -0.5464116930961609,
                    1.0
                ]
            ],
            "location": [
                -0.11174166202545166,
                -0.5464116930961609,
                -1.9348231554031372
            ],
            "location_world": [
                1.9348231554031372,
                0.11174166202545166,
                -0.5464116930961609
            ],
            "name": "google_Toys_R_Us_Treat_Dispenser_Smart_Puzzle_Foobler_4",
            "projected_cuboid": [
                [
                    228.0529886484146,
                    480.37147521972656
                ],
                [
                    233.3907186985016,
                    465.9678339958191
                ],
                [
                    241.67872965335846,
                    416.48101806640625
                ],
                [
                    236.07370257377625,
                    433.2817792892456
                ],
                [
                    179.9691617488861,
                    470.8559215068817
                ],
                [
                    181.98013305664062,
                    455.77317476272583
                ],
                [
                    192.79508292675018,
                    406.72171115875244
                ],
                [
                    190.20740687847137,
                    424.1464138031006
                ],
                [
                    210.58373153209686,
                    443.8801407814026
                ]
            ],
            "provenance": "visii",
            "quaternion_xyzw": [
                0.4472346901893616,
                -0.03818677365779877,
                -0.09325873851776123,
                0.8887214064598083
            ],
            "quaternion_xyzw_world": [
                0.6955140233039856,
                -0.6404420733451843,
                -0.2864660918712616,
                0.1550205796957016
            ],
            "segmentation_id": 5,
            "visibility": 0
        },
        {
            "bounding_box_minx_maxx_miny_maxy": [
                -1,
                -1,
                -1,
                -1
            ],
            "class": "Tag",
            "local_cuboid": null,
            "local_to_world_matrix": [
                [
                    -0.9647883176803589,
                    0.22757026553153992,
                    -0.13189134001731873,
                    0.0
                ],
                [
                    -0.17182815074920654,
                    -0.165655255317688,
                    0.9710990786552429,
                    0.0
                ],
                [
                    0.19914478063583374,
                    0.9595677256584167,
                    0.19892525672912598,
                    0.0
                ],
                [
                    0.23789560794830322,
                    -0.2804441452026367,
                    0.22271382808685303,
                    1.0
                ]
            ],
            "location": [
                0.2804441452026367,
                0.22271382808685303,
                -0.23789560794830322
            ],
            "location_world": [
                0.23789560794830322,
                -0.2804441452026367,
                0.22271382808685303
            ],
            "name": "google_Tag_Dishtowel_Basket_Weave_Red_18_x_26_5",
            "projected_cuboid": [
                [
                    937.9070997238159,
                    -97.29596972465515
                ],
                [
                    1294.0254211425781,
                    -1151.3439416885376
                ],
                [
                    1496.0007667541504,
                    -1192.1486854553223
                ],
                [
                    1079.8420906066895,
                    -87.20797300338745
                ],
                [
                    679.5012950897217,
                    28.124943375587463
                ],
                [
                    811.2871050834656,
                    -445.2562928199768
                ],
                [
                    891.4714455604553,
                    -447.3910331726074
                ],
                [
                    747.5658655166626,
                    35.89482605457306
                ],
                [
                    909.041166305542,
                    -314.9266839027405
                ]
            ],
            "provenance": "visii",
            "quaternion_xyzw": [
                0.010902225971221924,
                0.7742438316345215,
                0.11971466988325119,
                -0.6213662624359131
            ],
            "quaternion_xyzw_world": [
                0.02203257568180561,
                0.6324965953826904,
                0.7631134986877441,
                0.13084502518177032
            ],
            "segmentation_id": 6,
            "visibility": 0
        },
        {
            "bounding_box_minx_maxx_miny_maxy": [
                451,
                498,
                1,
                70
            ],
            "class": "FRACTION",
            "local_cuboid": null,
            "local_to_world_matrix": [
                [
                    -0.6142055988311768,
                    0.009350955486297607,
                    0.789090633392334,
                    0.0
                ],
                [
                    -0.38154131174087524,
                    -0.8788092136383057,
                    -0.28656670451164246,
                    0.0
                ],
                [
                    0.690780520439148,
                    -0.4770815670490265,
                    0.543337345123291,
                    0.0
                ],
                [
                    1.4320793151855469,
                    -0.5836812257766724,
                    0.5089646577835083,
                    1.0
                ]
            ],
            "location": [
                0.5836812257766724,
                0.5089646577835083,
                -1.4320793151855469
            ],
            "location_world": [
                1.4320793151855469,
                -0.5836812257766724,
                0.5089646577835083
            ],
            "name": "google_FRACTION_FUN_n4h4qte23QR_6",
            "projected_cuboid": [
                [
                    467.52849221229553,
                    -12.762188911437988
                ],
                [
                    552.0653128623962,
                    -2.7424395084381104
                ],
                [
                    549.4787693023682,
                    2.260178327560425
                ],
                [
                    463.2660150527954,
                    -8.229076862335205
                ],
                [
                    453.0861973762512,
                    59.20441448688507
                ],
                [
                    530.7729244232178,
                    72.00479507446289
                ],
                [
                    527.9341340065002,
                    78.19567620754242
                ],
                [
                    448.8380551338196,
                    64.84733521938324
                ],
                [
                    497.7854788303375,
                    32.798171043395996
                ]
            ],
            "provenance": "visii",
            "quaternion_xyzw": [
                0.7014264464378357,
                0.5944671630859375,
                0.3889528512954712,
                -0.05766680836677551
            ],
            "quaternion_xyzw_world": [
                0.42463698983192444,
                -0.21912266314029694,
                0.8712565898895264,
                0.11216335743665695
            ],
            "segmentation_id": 7,
            "visibility": 1
        },
        {
            "bounding_box_minx_maxx_miny_maxy": [
                434,
                499,
                1,
                91
            ],
            "class": "FAIRY",
            "local_cuboid": null,
            "local_to_world_matrix": [
                [
                    -0.07209587097167969,
                    -0.34372514486312866,
                    0.936298668384552,
                    0.0
                ],
                [
                    -0.40618109703063965,
                    -0.8472540378570557,
                    -0.342312216758728,
                    0.0
                ],
                [
                    0.9109440445899963,
                    -0.4049861431121826,
                    -0.07853114604949951,
                    0.0
                ],
                [
                    0.9371951818466187,
                    -0.4135231077671051,
                    0.4114866256713867,
                    1.0
                ]
            ],
            "location": [
                0.4135231077671051,
                0.4114866256713867,
                -0.9371951818466187
            ],
            "location_world": [
                0.9371951818466187,
                -0.4135231077671051,
                0.4114866256713867
            ],
            "name": "google_FAIRY_TALE_BLOCKS_7",
            "projected_cuboid": [
                [
                    471.20824456214905,
                    -33.101677894592285
                ],
                [
                    619.0760135650635,
                    -10.569512844085693
                ],
                [
                    642.4933075904846,
                    -83.22784304618835
                ],
                [
                    461.45692467689514,
                    -102.45800018310547
                ],
                [
                    425.21578073501587,
                    87.43903040885925
                ],
                [
                    566.1534070968628,
                    121.44957482814789
                ],
                [
                    577.0473480224609,
                    80.31672239303589
                ],
                [
                    406.2904119491577,
                    43.82193088531494
                ],
                [
                    516.6635513305664,
                    15.608757734298706
                ]
            ],
            "provenance": "visii",
            "quaternion_xyzw": [
                0.8057576417922974,
                0.5533775091171265,
                0.14802280068397522,
                0.15039017796516418
            ],
            "quaternion_xyzw_world": [
                0.6807512640953064,
                -0.27539655566215515,
                0.6783838868141174,
                0.02301645092666149
            ],
            "segmentation_id": 8,
            "visibility": 1
        },
        {
            "bounding_box_minx_maxx_miny_maxy": [
                445,
                490,
                319,
                387
            ],
            "class": "Great",
            "local_cuboid": null,
            "local_to_world_matrix": [
                [
                    0.8378652334213257,
                    -0.07113370299339294,
                    0.5412225127220154,
                    0.0
                ],
                [
                    -0.5440305471420288,
                    -0.19029700756072998,
                    0.8172012567520142,
                    0.0
                ],
                [
                    0.04486243426799774,
                    -0.9791461229324341,
                    -0.1981421709060669,
                    0.0
                ],
                [
                    1.2430598735809326,
                    -0.3411714434623718,
                    -0.2605765461921692,
                    1.0
                ]
            ],
            "location": [
                0.3411714434623718,
                -0.2605765461921692,
                -1.2430598735809326
            ],
            "location_world": [
                1.2430598735809326,
                -0.3411714434623718,
                -0.2605765461921692
            ],
            "name": "google_Great_Jones_Wingtip_kAqSg6EgG0I_8",
            "projected_cuboid": [
                [
                    436.7014169692993,
                    416.4835512638092
                ],
                [
                    492.51478910446167,
                    312.64472007751465
                ],
                [
                    437.75153160095215,
                    301.620215177536
                ],
                [
                    388.4938359260559,
                    407.2059392929077
                ],
                [
                    446.5157687664032,
                    456.7922353744507
                ],
                [
                    508.4794759750366,
                    350.4137694835663
                ],
                [
                    449.1976499557495,
                    338.63821625709534
                ],
                [
                    394.84068751335144,
                    447.00026512145996
                ],
                [
                    442.2772526741028,
                    381.74891471862793
                ]
            ],
            "provenance": "visii",
            "quaternion_xyzw": [
                0.27331066131591797,
                0.6691282391548157,
                0.12923100590705872,
                0.6788727045059204
            ],
            "quaternion_xyzw_world": [
                0.7460402846336365,
                -0.2061430960893631,
                0.1963985711336136,
                0.6019605994224548
            ],
            "segmentation_id": 9,
            "visibility": 1
        },
        {
            "bounding_box_minx_maxx_miny_maxy": [
                201,
                242,
                318,
                345
            ],
            "class": "Ecoforms",
            "local_cuboid": null,
            "local_to_world_matrix": [
                [
                    0.2906816601753235,
                    -0.956819474697113,
                    -0.0009926259517669678,
                    0.0
                ],
                [
                    0.7834308743476868,
                    0.2386014461517334,
                    -0.5738517045974731,
                    0.0
                ],
                [
                    0.5493091344833374,
                    0.166030615568161,
                    0.8189586997032166,
                    0.0
                ],
                [
                    1.803274393081665,
                    0.06314107030630112,
                    -0.3911034166812897,
                    1.0
                ]
            ],
            "location": [
                -0.06314107030630112,
                -0.3911034166812897,
                -1.803274393081665
            ],
            "location_world": [
                1.803274393081665,
                0.06314107030630112,
                -0.3911034166812897
            ],
            "name": "google_Ecoforms_Plant_Container_Quadra_Sand_QP6_9",
            "projected_cuboid": [
                [
                    257.3593258857727,
                    314.84532356262207
                ],
                [
                    243.10635030269623,
                    342.97049045562744
                ],
                [
                    251.63453817367554,
                    391.20545983314514
                ],
                [
                    267.36193895339966,
                    365.6885027885437
                ],
                [
                    196.29937410354614,
                    316.782146692276
                ],
                [
                    186.32233142852783,
                    345.5599546432495
                ],
                [
                    192.26422905921936,
                    395.3671157360077
                ],
                [
                    203.3044993877411,
                    369.3845570087433
                ],
                [
                    224.80255365371704,
                    355.1176190376282
                ]
            ],
            "provenance": "visii",
            "quaternion_xyzw": [
                -0.877493679523468,
                0.06826099753379822,
                0.1301184594631195,
                0.45652464032173157
            ],
            "quaternion_xyzw_world": [
                -0.24141326546669006,
                0.17955578863620758,
                -0.5678194165229797,
                0.7661988735198975
            ],
            "segmentation_id": 10,
            "visibility": 1
        },
        {
            "bounding_box_minx_maxx_miny_maxy": [
                0,
                86,
                3,
                197
            ],
            "class": "ReadytoUse",
            "local_cuboid": null,
            "local_to_world_matrix": [
                [
                    0.8748641014099121,
                    0.3643565773963928,
                    0.3191506266593933,
                    0.0
                ],
                [
                    -0.45206403732299805,
                    0.8508071899414062,
                    0.2678903639316559,
                    0.0
                ],
                [
                    -0.17392802238464355,
                    -0.378644198179245,
                    0.9090531468391418,
                    0.0
                ],
                [
                    0.6007724404335022,
                    0.24836361408233643,
                    0.07142075896263123,
                    1.0
                ]
            ],
            "location": [
                -0.24836361408233643,
                0.07142075896263123,
                -0.6007724404335022
            ],
            "location_world": [
                0.6007724404335022,
                0.24836361408233643,
                0.07142075896263123
            ],
            "name": "google_ReadytoUse_Rolled_Fondant_Pure_White_24_oz_box_10",
            "projected_cuboid": [
                [
                    73.67900013923645,
                    24.46068823337555
                ],
                [
                    26.16901695728302,
                    3.3457130193710327
                ],
                [
                    -23.5864520072937,
                    158.58416259288788
                ],
                [
                    23.489296436309814,
                    173.58282208442688
                ],
                [
                    88.77649903297424,
                    23.381784558296204
                ],
                [
                    31.950801610946655,
                    -2.2146403789520264
                ],
                [
                    -27.998030185699463,
                    184.1447800397873
                ],
                [
                    28.226658701896667,
                    200.98604261875153
                ],
                [
                    27.149617671966553,
                    97.53525257110596
                ]
            ],
            "provenance": "visii",
            "quaternion_xyzw": [
                -0.22012780606746674,
                0.603804349899292,
                0.56355881690979,
                0.5190043449401855
            ],
            "quaternion_xyzw_world": [
                0.1695610135793686,
                -0.12931546568870544,
                0.21411556005477905,
                0.9532476663589478
            ],
            "segmentation_id": 11,
            "visibility": 1
        },
        {
            "bounding_box_minx_maxx_miny_maxy": [
                -1,
                -1,
                -1,
                -1
            ],
            "class": "Dog",
            "local_cuboid": null,
            "local_to_world_matrix": [
                [
                    0.020983517169952393,
                    -0.2643810510635376,
                    0.9641900062561035,
                    0.0
                ],
                [
                    0.8297111988067627,
                    -0.5334556102752686,
                    -0.16433045268058777,
                    0.0
                ],
                [
                    0.5577983856201172,
                    0.8034474849700928,
                    0.20816612243652344,
                    0.0
                ],
                [
                    0.33103543519973755,
                    0.10741445422172546,
                    -0.35649847984313965,
                    1.0
                ]
            ],
            "location": [
                -0.10741445422172546,
                -0.35649847984313965,
                -0.33103543519973755
            ],
            "location_world": [
                0.33103543519973755,
                0.10741445422172546,
                -0.35649847984313965
            ],
            "name": "google_Dog_11",
            "projected_cuboid": [
                [
                    -218.45057606697083,
                    554.5056462287903
                ],
                [
                    34.76834297180176,
                    499.8211860656738
                ],
                [
                    211.5648239850998,
                    628.2216906547546
                ],
                [
                    -44.92780566215515,
                    783.7967872619629
                ],
                [
                    -326.6904354095459,
                    930.4297566413879
                ],
                [
                    -38.78811001777649,
                    763.0458474159241
                ],
                [
                    120.0072169303894,
                    964.9813175201416
                ],
                [
                    -197.56940007209778,
                    1330.0070762634277
                ],
                [
                    -40.824294090270996,
                    769.9277400970459
                ]
            ],
            "provenance": "visii",
            "quaternion_xyzw": [
                0.7047179937362671,
                0.5312924981117249,
                -0.29246842861175537,
                -0.36818891763687134
            ],
            "quaternion_xyzw_world": [
                0.580145001411438,
                0.24361589550971985,
                0.655865490436554,
                -0.4170414209365845
            ],
            "segmentation_id": 12,
            "visibility": 0
        },
        {
            "bounding_box_minx_maxx_miny_maxy": [
                -1,
                -1,
                -1,
                -1
            ],
            "class": "Black",
            "local_cuboid": null,
            "local_to_world_matrix": [
                [
                    0.05767965316772461,
                    -0.9851387739181519,
                    -0.1617867648601532,
                    0.0
                ],
                [
                    -0.1876954734325409,
                    0.14846551418304443,
                    -0.9709421396255493,
                    0.0
                ],
                [
                    0.9805324077606201,
                    0.08637043833732605,
                    -0.17634272575378418,
                    0.0
                ],
                [
                    0.15450644493103027,
                    -0.27055618166923523,
                    -0.21499116718769073,
                    1.0
                ]
            ],
            "location": [
                0.27055618166923523,
                -0.21499116718769073,
                -0.15450644493103027
            ],
            "location_world": [
                0.15450644493103027,
                -0.27055618166923523,
                -0.21499116718769073
            ],
            "name": "google_Black_Elderberry_Syrup_54_oz_Gaia_Herbs_12",
            "projected_cuboid": [
                [
                    826.7902135848999,
                    679.8553466796875
                ],
                [
                    830.5531740188599,
                    814.3473863601685
                ],
                [
                    1429.1380643844604,
                    1244.8804378509521
                ],
                [
                    1381.0145854949951,
                    962.5389575958252
                ],
                [
                    720.1453447341919,
                    666.0138964653015
                ],
                [
                    719.8672890663147,
                    801.5061020851135
                ],
                [
                    1224.952220916748,
                    1229.2678356170654
                ],
                [
                    1190.1216506958008,
                    942.1467185020447
                ],
                [
                    956.7671418190002,
                    859.2067360877991
                ]
            ],
            "provenance": "visii",
            "quaternion_xyzw": [
                -0.9920450448989868,
                0.0781850665807724,
                0.03630135953426361,
                -0.09173928201198578
            ],
            "quaternion_xyzw_world": [
                -0.5209503173828125,
                0.5628340244293213,
                -0.3929096758365631,
                0.5073961019515991
            ],
            "segmentation_id": 13,
            "visibility": 0
        },
        {
            "bounding_box_minx_maxx_miny_maxy": [
                387,
                409,
                225,
                247
            ],
            "class": "Razer",
