{
    "camera_data": {
        "camera_look_at": {
            "at": [
                1.0,
                0.0,
                0.0
            ],
            "eye": [
                0.0,
                0.0,
                0.0
            ],
            "up": [
                0.0,
                0.0,
                1.0
            ]
        },
        "camera_view_matrix": [
            [
                0.0,
                0.0,
                -1.0,
                0.0
            ],
            [
                -1.0,
                0.0,
                0.0,
                0.0
            ],
            [
                0.0,
                1.0,
                0.0,
                0.0
            ],
            [
                0.0,
                0.0,
                0.0,
                1.0
            ]
        ],
        "height": 500,
        "intrinsics": {
            "cx": 250.0,
            "cy": 250.0,
            "fx": 603.5535278320312,
            "fy": 603.5535278320312
        },
        "location_world": [
            0.0,
            0.0,
            0.0
        ],
        "quaternion_world_xyzw": [
            0.5,
            -0.5,
            -0.5,
            0.5
        ],
        "width": 500
    },
    "objects": [
        {
            "bounding_box_minx_maxx_miny_maxy": [
                -1,
                -1,
                -1,
                -1
            ],
            "class": "Reebok",
            "local_cuboid": null,
            "local_to_world_matrix": [
                [
                    -0.16273653507232666,
                    0.9775722622871399,
                    -0.13367629051208496,
                    0.0
                ],
                [
                    -0.9813314080238342,
                    -0.14628958702087402,
                    0.12485265731811523,
                    0.0
                ],
                [
                    0.10249705612659454,
                    0.15149882435798645,
                    0.9831289052963257,
                    0.0
                ],
                [
                    0.3678116202354431,
                    0.45826658606529236,
                    0.1646539270877838,
                    1.0
                ]
            ],
            "location": [
                -0.45826658606529236,
                0.1646539270877838,
                -0.3678116202354431
            ],
            "location_world": [
                0.3678116202354431,
                0.45826658606529236,
                0.1646539270877838
            ],
            "name": "google_Reebok_SOMERSET_RUN_0",
            "projected_cuboid": [
                [
                    -398.4760046005249,
                    -46.85506224632263
                ],
                [
                    -1105.148434638977,
                    -519.6258425712585
                ],
                [
                    -1130.7687759399414,
                    -241.8980896472931
                ],
                [
                    -392.7040100097656,
                    83.2718014717102
                ],
                [
                    -251.0608434677124,
                    -53.715914487838745
                ],
                [
                    -732.2684526443481,
                    -499.1242289543152
                ],
                [
                    -736.8649244308472,
                    -242.20314621925354
                ],
                [
                    -242.1228587627411,
                    71.66334986686707
                ],
                [
                    -504.13864850997925,
                    -107.85287618637085
                ]
            ],
            "provenance": "visii",
            "quaternion_xyzw": [
                0.0042471811175346375,
                0.7424489855766296,
                0.6614798903465271,
                -0.10581040382385254
            ],
            "quaternion_xyzw_world": [
                -0.01029706746339798,
                0.09126617014408112,
                0.7569932341575623,
                0.6469356417655945
            ],
            "segmentation_id": 1,
            "visibility": 0
        },
        {
            "bounding_box_minx_maxx_miny_maxy": [
                -1,
                -1,
                -1,
                -1
            ],
            "class": "Breyer",
            "local_cuboid": null,
            "local_to_world_matrix": [
                [
                    -0.9374806880950928,
                    0.06817583739757538,
                    0.34129446744918823,
                    0.0
                ],
                [
                    -0.3186541199684143,
                    -0.5624922513961792,
                    -0.7629297971725464,
                    0.0
                ],
                [
                    0.13996213674545288,
                    -0.8239868879318237,
                    0.5490502119064331,
                    0.0
                ],
                [
                    0.32265347242355347,
                    0.35281670093536377,
                    -0.3178079128265381,
                    1.0
                ]
            ],
            "location": [
                -0.35281670093536377,
                -0.3178079128265381,
                -0.32265347242355347
            ],
            "location_world": [
                0.32265347242355347,
                0.35281670093536377,
                -0.3178079128265381
            ],
            "name": "google_Breyer_Horse_Of_The_Year_2015_1",
            "projected_cuboid": [
                [
                    -368.1507706642151,
                    691.3852691650391
                ],
                [
                    -331.2872648239136,
                    846.8696475028992
                ],
                [
                    -770.9808349609375,
                    1162.1360778808594
                ],
                [
                    -774.6927738189697,
                    965.1522040367126
                ],
                [
                    -55.00343441963196,
                    586.5403413772583
                ],
                [
                    -23.21377396583557,
                    661.0225439071655
                ],
                [
                    -219.3407118320465,
                    803.4444451332092
                ],
                [
                    -244.4344162940979,
                    719.3096280097961
                ],
                [
                    -273.79828691482544,
                    762.4361515045166
                ]
            ],
            "provenance": "visii",
            "quaternion_xyzw": [
                0.6772584319114685,
                0.3336195945739746,
                0.6502198576927185,
                -0.08504733443260193
            ],
            "quaternion_xyzw_world": [
                0.13780543208122253,
                -0.45440569519996643,
                0.873072624206543,
                0.11076683551073074
            ],
            "segmentation_id": 2,
            "visibility": 0
        },
        {
            "bounding_box_minx_maxx_miny_maxy": [
                67,
                197,
                1,
                84
            ],
            "class": "Smith",
            "local_cuboid": null,
            "local_to_world_matrix": [
                [
                    0.6403182744979858,
                    0.28614336252212524,
                    0.7128214240074158,
                    0.0
                ],
                [
                    -0.4233008623123169,
                    -0.6429234743118286,
                    0.6383303999900818,
                    0.0
                ],
                [
                    0.640943706035614,
                    -0.7104725241661072,
                    -0.29055094718933105,
                    0.0
                ],
                [
                    1.6353347301483154,
                    0.4386318325996399,
                    0.6272445321083069,
                    1.0
                ]
            ],
            "location": [
                -0.4386318325996399,
                0.6272445321083069,
                -1.6353347301483154
            ],
            "location_world": [
                1.6353347301483154,
                0.4386318325996399,
                0.6272445321083069
            ],
            "name": "google_Smith_Hawken_Woven_BasketTray_Organizer_with_3_Compartments_95_x_9_x_13_2",
            "projected_cuboid": [
                [
                    133.0510526895523,
                    68.73458623886108
                ],
                [
                    179.67182397842407,
                    5.111336708068848
                ],
                [
                    104.64026033878326,
                    -47.50630259513855
                ],
                [
                    58.100879192352295,
                    25.358766317367554
                ],
                [
                    153.243288397789,
                    133.5851401090622
                ],
                [
                    207.77927339076996,
                    65.30627608299255
                ],
                [
                    124.22975897789001,
                    11.470824480056763
                ],
                [
                    69.51092183589935,
                    90.9399688243866
                ],
                [
                    129.2961835861206,
                    44.36005651950836
                ]
            ],
            "provenance": "visii",
            "quaternion_xyzw": [
                0.42322275042533875,
                0.8008459806442261,
                0.04144054651260376,
                0.4216761887073517
            ],
            "quaternion_xyzw_world": [
                0.8021522164344788,
                -0.042746711522340775,
                0.42191654443740845,
                0.4203700125217438
            ],
            "segmentation_id": 3,
            "visibility": 1
        },
        {
            "bounding_box_minx_maxx_miny_maxy": [
                285,
                350,
                7,
                76
            ],
            "class": "Paul",
            "local_cuboid": null,
            "local_to_world_matrix": [
                [
                    0.5058244466781616,
                    0.3476649224758148,
                    -0.7894749641418457,
                    0.0
                ],
                [
                    0.20787730813026428,
                    -0.9373443126678467,
                    -0.2795937955379486,
                    0.0
                ],
                [
                    -0.8372148275375366,
                    -0.022688567638397217,
                    -0.5464032888412476,
                    0.0
                ],
                [
                    1.486971378326416,
                    -0.13570238649845123,
                    0.4702770411968231,
                    1.0
                ]
            ],
            "location": [
                0.13570238649845123,
                0.4702770411968231,
                -1.486971378326416
            ],
            "location_world": [
                1.486971378326416,
                -0.13570238649845123,
                0.4702770411968231
            ],
            "name": "google_Paul_Frank_Dot_Lunch_Box_3",
            "projected_cuboid": [
                [
                    269.8925733566284,
                    136.19792461395264
                ],
                [
                    314.1067624092102,
                    151.34581923484802
                ],
                [
                    304.1194975376129,
                    114.69858884811401
                ],
                [
                    265.3278410434723,
                    100.9252667427063
                ],
                [
                    317.56263971328735,
                    20.423412322998047
                ],
                [
                    365.6730651855469,
                    39.301007986068726
                ],
                [
                    347.76026010513306,
                    14.444887638092041
                ],
                [
                    305.9958815574646,
                    -2.2264420986175537
                ],
                [
                    309.99502539634705,
                    73.49413633346558
                ]
            ],
            "provenance": "visii",
            "quaternion_xyzw": [
                0.15387824177742004,
                0.2402375489473343,
                -0.7849320769309998,
                0.5499899983406067
            ],
            "quaternion_xyzw_world": [
                0.864518940448761,
                0.16065068542957306,
                -0.47040316462516785,
                -0.07429138571023941
            ],
            "segmentation_id": 4,
            "visibility": 1
        },
        {
            "bounding_box_minx_maxx_miny_maxy": [
                0,
                6,
                376,
                387
            ],
            "class": "Toys",
            "local_cuboid": null,
            "local_to_world_matrix": [
                [
                    0.8814523220062256,
                    0.026595093309879303,
                    -0.47152358293533325,
                    0.0
                ],
                [
                    -0.17903822660446167,
                    -0.905070424079895,
                    -0.38573700189590454,
                    0.0
                ],
                [
                    -0.4370207190513611,
                    0.4244295358657837,
                    -0.7930148839950562,
                    0.0
                ],
                [
                    1.6534812450408936,
                    0.6984624862670898,
                    -0.33402734994888306,
                    1.0
                ]
            ],
            "location": [
                -0.6984624862670898,
                -0.33402734994888306,
                -1.6534812450408936
            ],
            "location_world": [
                1.6534812450408936,
                0.6984624862670898,
                -0.33402734994888306
            ],
            "name": "google_Toys_R_Us_Treat_Dispenser_Smart_Puzzle_Foobler_4",
            "projected_cuboid": [
                [
                    -52.16860771179199,
                    417.30400919914246
                ],
                [
                    -6.005734205245972,
                    441.9506788253784
                ],
                [
                    27.064070105552673,
                    391.4075195789337
                ],
                [
                    -17.83996820449829,
                    368.5157895088196
                ],
                [
                    -77.44672894477844,
                    403.45585346221924
                ],
                [
                    -27.562201023101807,
                    430.08312582969666
                ],
                [
                    9.297415614128113,
                    375.66012144088745
                ],
                [
                    -39.130181074142456,
                    351.08739137649536
                ],
                [
                    -22.35451340675354,
                    397.1046209335327
                ]
            ],
            "provenance": "visii",
            "quaternion_xyzw": [
                0.4801357388496399,
                0.22574177384376526,
                -0.6799545288085938,
                0.5061345100402832
            ],
            "quaternion_xyzw_world": [
                0.9459832906723022,
                -0.04028695076704025,
                -0.2401057928800583,
                -0.2141069918870926
            ],
            "segmentation_id": 5,
            "visibility": 1
        },
        {
            "bounding_box_minx_maxx_miny_maxy": [
                -1,
                -1,
                -1,
                -1
            ],
            "class": "Tag",
            "local_cuboid": null,
            "local_to_world_matrix": [
                [
                    0.8906160593032837,
                    -0.0762786865234375,
                    0.44831305742263794,
                    0.0
                ],
                [
                    0.4541165232658386,
                    0.09691494703292847,
                    -0.8856555223464966,
                    0.0
                ],
                [
                    0.024108409881591797,
                    0.9923653602600098,
                    0.12095338106155396,
                    0.0
                ],
                [
                    0.22751004993915558,
                    -0.3376882076263428,
                    0.26707884669303894,
                    1.0
                ]
            ],
            "location": [
                0.3376882076263428,
                0.26707884669303894,
                -0.22751004993915558
            ],
            "location_world": [
                0.22751004993915558,
                -0.3376882076263428,
                0.26707884669303894
            ],
            "name": "google_Tag_Dishtowel_Basket_Weave_Red_18_x_26_5",
            "projected_cuboid": [
                [
                    1021.188497543335,
                    -741.7618632316589
                ],
                [
                    754.4066905975342,
                    -98.85555505752563
                ],
                [
                    814.2146468162537,
                    -92.53400564193726
                ],
                [
                    1107.1743965148926,
                    -734.9261045455933
                ],
                [
                    2121.575355529785,
                    -1793.900728225708
                ],
                [
                    1089.5891189575195,
                    -132.20417499542236
                ],
                [
                    1195.2388286590576,
                    -121.32033705711365
                ],
                [
                    2349.5805263519287,
                    -1785.5010032653809
                ],
                [
                    1099.2543697357178,
                    -463.47784996032715
                ]
            ],
            "provenance": "visii",
            "quaternion_xyzw": [
                -0.7046350836753845,
                -0.12467380613088608,
                0.6680697202682495,
                0.2040311098098755
            ],
            "quaternion_xyzw_world": [
                -0.6466737389564514,
                -0.14606973528862,
                -0.18263517320156097,
                0.7260310649871826
            ],
            "segmentation_id": 6,
            "visibility": 0
        },
        {
            "bounding_box_minx_maxx_miny_maxy": [
                354,
                385,
                1,
                6
            ],
            "class": "FRACTION",
            "local_cuboid": null,
            "local_to_world_matrix": [
                [
                    -0.6579355001449585,
                    -0.7475541234016418,
                    0.09101495146751404,
                    0.0
                ],
                [
                    -0.6190243363380432,
                    0.4680286645889282,
                    -0.6306806206703186,
                    0.0
                ],
                [
                    0.428870290517807,
                    -0.47128766775131226,
                    -0.7706868648529053,
                    0.0
                ],
                [
                    1.5493954420089722,
                    -0.36918097734451294,
                    0.7073193192481995,
                    1.0
                ]
            ],
            "location": [
                0.36918097734451294,
                0.7073193192481995,
                -1.5493954420089722
            ],
            "location_world": [
                1.5493954420089722,
                -0.36918097734451294,
                0.7073193192481995
            ],
            "name": "google_FRACTION_FUN_n4h4qte23QR_6",
            "projected_cuboid": [
                [
                    442.1365261077881,
                    -35.096824169158936
                ],
                [
                    420.83269357681274,
                    -8.50096344947815
                ],
                [
                    414.38060998916626,
                    -26.099354028701782
                ],
                [
                    436.42982840538025,
                    -51.68825387954712
                ],
                [
                    382.0610046386719,
                    -9.873956441879272
                ],
                [
                    357.8358292579651,
                    16.6502445936203
                ],
                [
                    351.10002756118774,
                    0.6668120622634888
                ],
                [
                    376.07187032699585,
                    -25.032877922058105
                ],
                [
                    396.9191014766693,
                    -17.333179712295532
                ]
            ],
            "provenance": "visii",
            "quaternion_xyzw": [
                -0.8377208709716797,
                0.11251172423362732,
                -0.33699268102645874,
                -0.4147298038005829
            ],
            "quaternion_xyzw_world": [
                -0.40147313475608826,
                0.8509775400161743,
                -0.3237360119819641,
                0.09925507009029388
            ],
            "segmentation_id": 7,
            "visibility": 1
        },
        {
            "bounding_box_minx_maxx_miny_maxy": [
                -1,
                -1,
                -1,
                -1
            ],
            "class": "FAIRY",
            "local_cuboid": null,
            "local_to_world_matrix": [
                [
                    -0.7058460712432861,
                    -0.530373215675354,
                    0.4695588946342468,
                    0.0
                ],
                [
                    0.003407984972000122,
                    0.6603266000747681,
                    0.7509708404541016,
                    0.0
                ],
                [
                    -0.708357036113739,
                    0.531670093536377,
                    -0.46428143978118896,
                    0.0
                ],
                [
                    1.0889527797698975,
                    -0.5015212297439575,
                    0.5284538865089417,
                    1.0
                ]
            ],
            "location": [
                0.5015212297439575,
                0.5284538865089417,
                -1.0889527797698975
            ],
            "location_world": [
                1.0889527797698975,
                -0.5015212297439575,
                0.5284538865089417
            ],
            "name": "google_FAIRY_TALE_BLOCKS_7",
            "projected_cuboid": [
                [
                    634.3060731887817,
                    -24.967342615127563
                ],
                [
                    508.6590647697449,
                    -167.09962487220764
                ],
                [
                    539.32785987854,
                    -163.70534896850586
                ],
                [
                    645.1572179794312,
                    -44.019073247909546
                ],
                [
                    490.33164978027344,
                    91.28178656101227
                ],
                [
                    386.3849639892578,
                    -26.550590991973877
                ],
                [
                    428.92295122146606,
                    -42.5434410572052
                ],
                [
                    518.9264416694641,
                    59.433817863464355
                ],
                [
                    514.6369338035583,
                    -35.208314657211304
                ]
            ],
            "provenance": "visii",
            "quaternion_xyzw": [
                -0.13327166438102722,
                0.357854962348938,
                -0.3267311453819275,
                -0.8645375967025757
            ],
            "quaternion_xyzw_world": [
                -0.1566115766763687,
                0.841197669506073,
                0.3811948597431183,
                -0.3500710725784302
            ],
            "segmentation_id": 8,
            "visibility": 0
        },
        {
            "bounding_box_minx_maxx_miny_maxy": [
                458,
                485,
                369,
                480
            ],
            "class": "Great",
            "local_cuboid": null,
            "local_to_world_matrix": [
                [
                    -0.9709891080856323,
                    0.1919235736131668,
                    0.14263755083084106,
                    0.0
                ],
                [
                    0.1270551234483719,
                    -0.09124720096588135,
                    0.987689733505249,
                    0.0
                ],
                [
                    0.20257622003555298,
                    0.977158784866333,
                    0.06421518325805664,
                    0.0
                ],
                [
                    1.717650055885315,
                    -0.6602848172187805,
                    -0.4956430494785309,
                    1.0
                ]
            ],
            "location": [
                0.6602848172187805,
                -0.4956430494785309,
                -1.717650055885315
            ],
            "location_world": [
                1.717650055885315,
                -0.6602848172187805,
                -0.4956430494785309
            ],
            "name": "google_Great_Jones_Wingtip_kAqSg6EgG0I_8",
            "projected_cuboid": [
                [
                    439.8244321346283,
                    479.7641634941101
                ],
                [
                    445.4840421676636,
                    365.43262004852295
                ],
                [
                    488.00528049468994,
                    369.63096261024475
                ],
                [
                    483.29177498817444,
                    485.66633462905884
                ],
                [
                    435.5323314666748,
                    471.1771309375763
                ],
                [
                    440.9489035606384,
                    363.8390004634857
                ],
                [
                    480.8480739593506,
                    367.7637577056885
                ],
                [
                    476.26322507858276,
                    476.6024351119995
                ],
                [
                    461.0753655433655,
                    421.74607515335083
                ]
            ],
            "provenance": "visii",
            "quaternion_xyzw": [
                0.0757676362991333,
                0.7717171907424927,
                -0.020357176661491394,
                -0.6311081647872925
            ],
            "quaternion_xyzw_world": [
                0.11836692690849304,
                0.6737074255943298,
                0.7291178703308105,
                0.022242102771997452
            ],
            "segmentation_id": 9,
            "visibility": 1
        },
        {
            "bounding_box_minx_maxx_miny_maxy": [
                -1,
                -1,
                -1,
                -1
            ],
            "class": "Ecoforms",
            "local_cuboid": null,
            "local_to_world_matrix": [
                [
                    0.5567945241928101,
                    0.8268855810165405,
                    0.07899560034275055,
                    0.0
                ],
                [
                    0.7435194253921509,
                    -0.5385323762893677,
                    0.3964371681213379,
                    0.0
                ],
                [
                    0.3703497648239136,
                    -0.16199932992458344,
                    -0.9146573543548584,
                    0.0
                ],
                [
                    1.744279146194458,
                    -0.04814471676945686,
                    -0.2411382645368576,
                    1.0
                ]
            ],
            "location": [
                0.04814471676945686,
                -0.2411382645368576,
                -1.744279146194458
            ],
            "location_world": [
                1.744279146194458,
                -0.04814471676945686,
                -0.2411382645368576
            ],
            "name": "google_Ecoforms_Plant_Container_Quadra_Sand_QP6_9",
            "projected_cuboid": [
                [
                    231.6543012857437,
                    393.53105425834656
                ],
                [
                    265.0127410888672,
                    359.4520390033722
                ],
                [
                    256.69291615486145,
                    313.3028447628021
                ],
                [
                    221.44737839698792,
                    344.83522176742554
                ],
                [
                    286.9473695755005,
                    407.96300768852234
                ],
                [
                    317.9592192173004,
                    370.7857131958008
                ],
                [
                    311.01447343826294,
                    322.2619295120239
                ],
                [
                    278.2024145126343,
                    356.6381335258484
                ],
                [
                    271.0322439670563,
                    358.167827129364
                ]
            ],
            "provenance": "visii",
            "quaternion_xyzw": [
                0.19172066450119019,
                0.8052442073822021,
                -0.5148055553436279,
                0.2231602817773819
            ],
            "quaternion_xyzw_world": [
                0.8674653172492981,
                0.4525843858718872,
                0.12949952483177185,
                0.16093914210796356
            ],
            "segmentation_id": 10,
            "visibility": 0
        },
        {
            "bounding_box_minx_maxx_miny_maxy": [
                39,
                41,
                75,
                79
            ],
            "class": "ReadytoUse",
            "local_cuboid": null,
            "local_to_world_matrix": [
                [
                    0.17865073680877686,
                    -0.6734020113945007,
                    0.7173658013343811,
                    0.0
                ],
                [
                    0.1908637285232544,
                    0.7389642596244812,
                    0.6461446285247803,
                    0.0
                ],
                [
                    -0.9652227759361267,
                    0.02148491144180298,
                    0.26054447889328003,
                    0.0
                ],
                [
                    0.6122742891311646,
                    0.26763471961021423,
                    0.14831185340881348,
                    1.0
                ]
            ],
            "location": [
                -0.26763471961021423,
                0.14831185340881348,
                -0.6122742891311646
            ],
            "location_world": [
                0.6122742891311646,
                0.26763471961021423,
                0.14831185340881348
            ],
            "name": "google_ReadytoUse_Rolled_Fondant_Pure_White_24_oz_box_10",
            "projected_cuboid": [
                [
                    -31.207561492919922,
                    -41.24709963798523
                ],
                [
                    -72.65549898147583,
                    -76.57429575920105
                ],
                [
                    14.497444033622742,
                    50.35814642906189
                ],
                [
                    46.355754137039185,
                    78.31010222434998
                ],
                [
                    -159.27931666374207,
                    65.58510661125183
                ],
                [
                    -200.05086064338684,
                    26.26568078994751
                ],
                [
                    -75.55150985717773,
                    130.12659549713135
                ],
                [
                    -43.947577476501465,
                    160.35032272338867
                ],
                [
                    -56.52123689651489,
                    56.581050157547
                ]
            ],
            "provenance": "visii",
            "quaternion_xyzw": [
                -0.1245337426662445,
                0.043358638882637024,
                0.40176987648010254,
                0.9061965942382812
            ],
            "quaternion_xyzw_world": [
                0.2116258293390274,
                -0.5700370669364929,
                -0.2928009331226349,
                0.7379294633865356
            ],
            "segmentation_id": 11,
            "visibility": 1
        },
        {
            "bounding_box_minx_maxx_miny_maxy": [
                -1,
                -1,
                -1,
                -1
            ],
            "class": "Dog",
            "local_cuboid": null,
            "local_to_world_matrix": [
                [
                    0.26232409477233887,
                    -0.48949602246284485,
                    -0.831612765789032,
                    0.0
                ],
                [
                    0.4525638520717621,
                    -0.698732852935791,
                    0.5540383458137512,
                    0.0
                ],
                [
                    -0.8522745966911316,
                    -0.5216955542564392,
                    0.03823363780975342,
                    0.0
                ],
                [
                    0.29478856921195984,
                    0.2028988003730774,
                    -0.2040514051914215,
                    1.0
                ]
            ],
            "location": [
                -0.2028988003730774,
                -0.2040514051914215,
                -0.29478856921195984
            ],
            "location_world": [
                0.29478856921195984,
                0.2028988003730774,
                -0.2040514051914215
            ],
            "name": "google_Dog_11",
            "projected_cuboid": [
                [
                    -308.39836597442627,
                    2080.5373191833496
                ],
                [
                    324.43180680274963,
                    989.4411563873291
                ],
                [
                    119.69862878322601,
                    660.8728170394897
                ],
                [
                    -195.39406895637512,
                    1001.953125
                ],
                [
                    -2232.7234745025635,
                    1985.9212636947632
                ],
                [
                    -141.04130864143372,
                    469.9190855026245
                ],
                [
                    -129.10956144332886,
                    363.36052417755127
                ],
                [
                    -624.0959167480469,
                    685.1463913917542
                ],
                [
                    -177.66037583351135,
                    828.366219997406
                ]
            ],
            "provenance": "visii",
            "quaternion_xyzw": [
                -0.14420737326145172,
                0.23036259412765503,
                -0.4496499300003052,
                0.8508538603782654
            ],
            "quaternion_xyzw_world": [
                0.6933295130729675,
                -0.013316952623426914,
                -0.607174277305603,
                0.3878869414329529
            ],
            "segmentation_id": 12,
            "visibility": 0
        },
        {
            "bounding_box_minx_maxx_miny_maxy": [
                -1,
                -1,
                -1,
                -1
            ],
            "class": "Black",
            "local_cuboid": null,
            "local_to_world_matrix": [
                [
                    0.7524747848510742,
                    -0.6375074982643127,
                    -0.16542650759220123,
                    0.0
                ],
                [
                    -0.5671084523200989,
                    -0.4994276762008667,
                    -0.6549508571624756,
                    0.0
                ],
                [
                    0.33491748571395874,
                    0.5866488218307495,
                    -0.7373427152633667,
                    0.0
                ],
                [
                    0.17516224086284637,
                    -0.23875881731510162,
                    -0.14221979677677155,
                    1.0
                ]
            ],
            "location": [
                0.23875881731510162,
                -0.14221979677677155,
                -0.17516224086284637
            ],
            "location_world": [
                0.17516224086284637,
                -0.23875881731510162,
                -0.14221979677677155
            ],
            "name": "google_Black_Elderberry_Syrup_54_oz_Gaia_Herbs_12",
            "projected_cuboid": [
                [
                    611.8000745773315,
                    790.4353141784668
                ],
                [
                    742.8125739097595,
                    971.9204902648926
                ],
                [
                    1161.5536212921143,
                    807.979941368103
                ],
                [
                    934.951901435852,
                    610.907793045044
                ],
                [
                    582.4464559555054,
                    870.4737424850464
                ],
                [
                    738.5189533233643,
                    1108.4773540496826
                ],
                [
                    1287.2306108474731,
                    941.5318965911865
                ],
                [
                    978.7498116493225,
                    668.4818863868713
                ],
                [
                    843.6053395271301,
                    842.2910571098328
                ]
            ],
            "provenance": "visii",
            "quaternion_xyzw": [
                0.8104591369628906,
                0.1030282974243164,
                -0.41307568550109863,
                0.40238022804260254
            ],
            "quaternion_xyzw_world": [
                0.8644716739654541,
                -0.34836769104003906,
                0.04901576414704323,
                -0.35906314849853516
            ],
            "segmentation_id": 13,
            "visibility": 0
        },
        {
            "bounding_box_minx_maxx_miny_maxy": [
                425,
                484,
                302,
                390
            ],
