{
    "camera_data": {
        "camera_look_at": {
            "at": [
                1.0,
                0.0,
                0.0
            ],
            "eye": [
                0.0,
                0.0,
                0.0
            ],
            "up": [
                0.0,
                0.0,
                1.0
            ]
        },
        "camera_view_matrix": [
            [
                0.0,
                0.0,
                -1.0,
                0.0
            ],
            [
                -1.0,
                0.0,
                0.0,
                0.0
            ],
            [
                0.0,
                1.0,
                0.0,
                0.0
            ],
            [
                0.0,
                0.0,
                0.0,
                1.0
            ]
        ],
        "height": 500,
        "intrinsics": {
            "cx": 250.0,
            "cy": 250.0,
            "fx": 603.5535278320312,
            "fy": 603.5535278320312
        },
        "location_world": [
            0.0,
            0.0,
            0.0
        ],
        "quaternion_world_xyzw": [
            0.5,
            -0.5,
            -0.5,
            0.5
        ],
        "width": 500
    },
    "objects": [
        {
            "bounding_box_minx_maxx_miny_maxy": [
                -1,
                -1,
                -1,
                -1
            ],
            "class": "Reebok",
            "local_cuboid": null,
            "local_to_world_matrix": [
                [
                    0.22217541933059692,
                    0.36226046085357666,
                    -0.9052101373672485,
                    0.0
                ],
                [
                    0.5240635871887207,
                    0.7385300397872925,
                    0.4241824746131897,
                    0.0
                ],
                [
                    0.822189450263977,
                    -0.568630576133728,
                    -0.0257643461227417,
                    0.0
                ],
                [
                    0.2017073780298233,
                    0.3151867091655731,
                    0.2509353756904602,
                    1.0
                ]
            ],
            "location": [
                -0.3151867091655731,
                0.2509353756904602,
                -0.2017073780298233
            ],
            "location_world": [
                0.2017073780298233,
                0.3151867091655731,
                0.2509353756904602
            ],
            "name": "google_Reebok_SOMERSET_RUN_0",
            "projected_cuboid": [
                [
                    -168.65622997283936,
                    -99.22218322753906
                ],
                [
                    -340.1309847831726,
                    -154.52846884727478
                ],
                [
                    -670.8256602287292,
                    -293.5088276863098
                ],
                [
                    -749.2313385009766,
                    -354.85678911209106
                ],
                [
                    -100.43686628341675,
                    -438.03179264068604
                ],
                [
                    -312.7809762954712,
                    -353.32173109054565
                ],
                [
                    -664.8548245429993,
                    -576.819121837616
                ],
                [
                    -752.6066303253174,
                    -1038.465976715088
                ],
                [
                    -433.0921769142151,
                    -353.74486446380615
                ]
            ],
            "provenance": "visii",
            "quaternion_xyzw": [
                -0.5088581442832947,
                0.807563066482544,
                -0.17021207511425018,
                0.2448124885559082
            ],
            "quaternion_xyzw_world": [
                0.35686472058296204,
                0.6209104061126709,
                -0.05815981328487396,
                0.6955108046531677
            ],
            "segmentation_id": 1,
            "visibility": 0
        },
        {
            "bounding_box_minx_maxx_miny_maxy": [
                -1,
                -1,
                -1,
                -1
            ],
            "class": "Breyer",
            "local_cuboid": null,
            "local_to_world_matrix": [
                [
                    -0.5402685403823853,
                    -0.07353949546813965,
                    -0.8382736444473267,
                    0.0
                ],
                [
                    0.6216749548912048,
                    -0.706254243850708,
                    -0.3387123644351959,
                    0.0
                ],
                [
                    -0.5671252012252808,
                    -0.7041290998458862,
                    0.4272838830947876,
                    0.0
                ],
                [
                    0.39097627997398376,
                    0.4228573739528656,
                    -0.09349580109119415,
                    1.0
                ]
            ],
            "location": [
                -0.4228573739528656,
                -0.09349580109119415,
                -0.39097627997398376
            ],
            "location_world": [
                0.39097627997398376,
                0.4228573739528656,
                -0.09349580109119415
            ],
            "name": "google_Breyer_Horse_Of_The_Year_2015_1",
            "projected_cuboid": [
                [
                    -607.5870990753174,
                    565.691351890564
                ],
                [
                    -396.88432216644287,
                    567.4864053726196
                ],
                [
                    -422.35100269317627,
                    601.594090461731
                ],
                [
                    -577.6148438453674,
                    604.195773601532
                ],
                [
                    -332.25715160369873,
                    121.09291553497314
                ],
                [
                    -214.92353081703186,
                    163.45268487930298
                ],
                [
                    -267.00538396835327,
                    262.5642716884613
                ],
                [
                    -365.35656452178955,
                    236.70023679733276
                ],
                [
                    -377.1666884422302,
                    360.61084270477295
                ]
            ],
            "provenance": "visii",
            "quaternion_xyzw": [
                0.45965391397476196,
                -0.07180386781692505,
                0.6768121123313904,
                -0.5705156922340393
            ],
            "quaternion_xyzw_world": [
                -0.429738849401474,
                -0.31887707114219666,
                0.8175889253616333,
                -0.21258068084716797
            ],
            "segmentation_id": 2,
            "visibility": 0
        },
        {
            "bounding_box_minx_maxx_miny_maxy": [
                0,
                56,
                68,
                175
            ],
            "class": "Smith",
            "local_cuboid": null,
            "local_to_world_matrix": [
                [
                    -0.8844980001449585,
                    -0.10319086909294128,
                    0.45498883724212646,
                    0.0
                ],
                [
                    -0.43315109610557556,
                    -0.18068552017211914,
                    -0.8830247521400452,
                    0.0
                ],
                [
                    0.17333002388477325,
                    -0.9781126379966736,
                    0.11511886119842529,
                    0.0
                ],
                [
                    1.7276476621627808,
                    0.829063892364502,
                    0.34432053565979004,
                    1.0
                ]
            ],
            "location": [
                -0.829063892364502,
                0.34432053565979004,
                -1.7276476621627808
            ],
            "location_world": [
                1.7276476621627808,
                0.829063892364502,
                0.34432053565979004
            ],
            "name": "google_Smith_Hawken_Woven_BasketTray_Organizer_with_3_Compartments_95_x_9_x_13_2",
            "projected_cuboid": [
                [
                    43.743252754211426,
                    43.14979910850525
                ],
                [
                    46.99678719043732,
                    116.32417142391205
                ],
                [
                    -64.08372521400452,
                    124.54789876937866
                ],
                [
                    -59.80673432350159,
                    48.711374402046204
                ],
                [
                    65.51818549633026,
                    126.07395648956299
                ],
                [
                    69.51166689395905,
                    191.74429774284363
                ],
                [
                    -21.654486656188965,
                    200.45322179794312
                ],
                [
                    -20.5136239528656,
                    132.70971179008484
                ],
                [
                    9.54216718673706,
                    125.41486322879791
                ]
            ],
            "provenance": "visii",
            "quaternion_xyzw": [
                0.7347696423530579,
                0.21628355979919434,
                0.6337396502494812,
                0.10820817947387695
            ],
            "quaternion_xyzw_world": [
                0.21276085078716278,
                -0.6302169561386108,
                0.7382923364639282,
                0.11173088848590851
            ],
            "segmentation_id": 3,
            "visibility": 1
        },
        {
            "bounding_box_minx_maxx_miny_maxy": [
                285,
                359,
                1,
                47
            ],
            "class": "Paul",
            "local_cuboid": null,
            "local_to_world_matrix": [
                [
                    -0.14304721355438232,
                    -0.6076780557632446,
                    -0.7811944484710693,
                    0.0
                ],
                [
                    0.08398854732513428,
                    -0.7939180135726929,
                    0.6021960973739624,
                    0.0
                ],
                [
                    -0.9861457347869873,
                    0.02053108811378479,
                    0.16460579633712769,
                    0.0
                ],
                [
                    1.6381614208221436,
                    -0.16928979754447937,
                    0.6496132016181946,
                    1.0
                ]
            ],
            "location": [
                0.16928979754447937,
                0.6496132016181946,
                -1.6381614208221436
            ],
            "location_world": [
                1.6381614208221436,
                -0.16928979754447937,
                0.6496132016181946
            ],
            "name": "google_Paul_Frank_Dot_Lunch_Box_3",
            "projected_cuboid": [
                [
                    337.9775285720825,
                    9.59429144859314
                ],
                [
                    374.47652220726013,
                    -16.962110996246338
                ],
                [
                    358.7068021297455,
                    34.852638840675354
                ],
                [
                    327.291339635849,
                    57.93674290180206
                ],
                [
                    267.7832841873169,
                    -71.28623127937317
                ],
                [
                    303.7663996219635,
                    -96.63251042366028
                ],
                [
                    298.0923354625702,
                    -35.02088785171509
                ],
                [
                    267.060786485672,
                    -12.846410274505615
                ],
                [
                    316.2316381931305,
                    -14.730453491210938
                ]
            ],
            "provenance": "visii",
            "quaternion_xyzw": [
                0.06952747702598572,
                0.04574999213218689,
                0.4405313730239868,
                -0.8938707709312439
            ],
            "quaternion_xyzw_world": [
                -0.609562337398529,
                0.21478095650672913,
                0.7248398065567017,
                -0.23855844140052795
            ],
            "segmentation_id": 4,
            "visibility": 1
        },
        {
            "bounding_box_minx_maxx_miny_maxy": [
                -1,
                -1,
                -1,
                -1
            ],
            "class": "Toys",
            "local_cuboid": null,
            "local_to_world_matrix": [
                [
                    0.7345703840255737,
                    -0.09635725617408752,
                    -0.6716558933258057,
                    0.0
                ],
                [
                    -0.17933803796768188,
                    0.9270948171615601,
                    -0.3291398882865906,
                    0.0
                ],
                [
                    0.6544036865234375,
                    0.3622298836708069,
                    0.6637358665466309,
                    0.0
                ],
                [
                    1.479894995689392,
                    -0.6568059325218201,
                    -0.721910834312439,
                    1.0
                ]
            ],
            "location": [
                0.6568059325218201,
                -0.721910834312439,
                -1.479894995689392
            ],
            "location_world": [
                1.479894995689392,
                -0.6568059325218201,
                -0.721910834312439
            ],
            "name": "google_Toys_R_Us_Treat_Dispenser_Smart_Puzzle_Foobler_4",
            "projected_cuboid": [
                [
                    498.6100196838379,
                    486.428439617157
                ],
                [
                    449.78630542755127,
                    509.28276777267456
                ],
                [
                    484.9914312362671,
                    566.7486786842346
                ],
                [
                    536.3507270812988,
                    541.3911938667297
                ],
                [
                    511.1372470855713,
                    463.1074070930481
                ],
                [
                    458.8668644428253,
                    487.25590109825134
                ],
                [
                    497.5584149360657,
                    547.7868318557739
                ],
                [
                    552.7389049530029,
                    520.7877159118652
                ],
                [
                    498.12576174736023,
                    514.6846771240234
                ]
            ],
            "provenance": "visii",
            "quaternion_xyzw": [
                -0.7210930585861206,
                0.5542802810668945,
                0.38025611639022827,
                0.1679387241601944
            ],
            "quaternion_xyzw_world": [
                -0.18956509232521057,
                0.36358922719955444,
                0.022752312943339348,
                0.9117841124534607
            ],
            "segmentation_id": 5,
            "visibility": 0
        },
        {
            "bounding_box_minx_maxx_miny_maxy": [
                -1,
                -1,
                -1,
                -1
            ],
            "class": "Tag",
            "local_cuboid": null,
            "local_to_world_matrix": [
                [
                    0.5113365054130554,
                    0.7117443680763245,
                    -0.4816170334815979,
                    0.0
                ],
                [
                    -0.7155171036720276,
                    0.6630054712295532,
                    0.22013412415981293,
                    0.0
                ],
                [
                    0.47599393129348755,
                    0.23204265534877777,
                    0.848284125328064,
                    0.0
                ],
                [
                    0.24069607257843018,
                    -0.23904962837696075,
                    0.1541300117969513,
                    1.0
                ]
            ],
            "location": [
                0.23904962837696075,
                0.1541300117969513,
                -0.24069607257843018
            ],
            "location_world": [
                0.24069607257843018,
                -0.23904962837696075,
                0.1541300117969513
            ],
            "name": "google_Tag_Dishtowel_Basket_Weave_Red_18_x_26_5",
            "projected_cuboid": [
                [
                    639.1698718070984,
                    66.14305078983307
                ],
                [
                    508.77559185028076,
                    -217.15891361236572
                ],
                [
                    554.4447898864746,
                    -166.9103503227234
                ],
                [
                    670.0112223625183,
                    106.38748109340668
                ],
                [
                    1000.022292137146,
                    -154.70322966575623
                ],
                [
                    1244.1308498382568,
                    -910.1904630661011
                ],
                [
                    1432.1174621582031,
                    -922.5313663482666
                ],
                [
                    1061.8010759353638,
                    -115.01169204711914
                ],
                [
                    820.2456831932068,
                    -159.6284806728363
                ]
            ],
            "provenance": "visii",
            "quaternion_xyzw": [
                -0.3688209056854248,
                0.7758660316467285,
                0.5038889050483704,
                0.08999420702457428
            ],
            "quaternion_xyzw_world": [
                -0.003424806287512183,
                0.27540189027786255,
                0.4104699194431305,
                0.8692850470542908
            ],
            "segmentation_id": 6,
            "visibility": 0
        },
        {
            "bounding_box_minx_maxx_miny_maxy": [
                -1,
                -1,
                -1,
                -1
            ],
            "class": "FRACTION",
            "local_cuboid": null,
            "local_to_world_matrix": [
                [
                    -0.18895506858825684,
                    0.9810417294502258,
                    0.04304826259613037,
                    0.0
                ],
                [
                    -0.7825800776481628,
                    -0.17692124843597412,
                    0.5968813896179199,
                    0.0
                ],
                [
                    0.5931816697120667,
                    0.07909500598907471,
                    0.8011738061904907,
                    0.0
                ],
                [
                    1.1686911582946777,
                    -0.6243703961372375,
                    0.009887016378343105,
                    1.0
                ]
            ],
            "location": [
                0.6243703961372375,
                0.009887016378343105,
                -1.1686911582946777
            ],
            "location_world": [
                1.1686911582946777,
                -0.6243703961372375,
                0.009887016378343105
            ],
            "name": "google_FRACTION_FUN_n4h4qte23QR_6",
            "projected_cuboid": [
                [
                    499.8331665992737,
                    253.71554493904114
                ],
                [
                    551.6208410263062,
                    192.4975961446762
                ],
                [
                    560.8265399932861,
                    210.75201034545898
                ],
                [
                    506.83045387268066,
                    271.06308937072754
                ],
                [
                    574.1093158721924,
                    257.1614682674408
                ],
                [
                    634.0576410293579,
                    198.17407429218292
                ],
                [
                    644.9161767959595,
                    216.01735055446625
                ],
                [
                    582.4548006057739,
                    274.12402629852295
                ],
                [
                    568.0499076843262,
                    235.99018156528473
                ]
            ],
            "provenance": "visii",
            "quaternion_xyzw": [
                0.06176282465457916,
                0.890379786491394,
                0.44468486309051514,
                -0.07526281476020813
            ],
            "quaternion_xyzw_world": [
                0.21609744429588318,
                0.22959744930267334,
                0.7360451817512512,
                0.5990195274353027
            ],
            "segmentation_id": 7,
            "visibility": 0
        },
        {
            "bounding_box_minx_maxx_miny_maxy": [
                411,
                499,
                49,
                193
            ],
            "class": "FAIRY",
            "local_cuboid": null,
            "local_to_world_matrix": [
                [
                    -0.7599515914916992,
                    -0.589128851890564,
                    0.2745933532714844,
                    0.0
                ],
                [
                    -0.6492667198181152,
                    0.6682582497596741,
                    -0.36315807700157166,
                    0.0
                ],
                [
                    0.030447550117969513,
                    -0.4542666971683502,
                    -0.8903456926345825,
                    0.0
                ],
                [
                    0.7666119933128357,
                    -0.3463638126850128,
                    0.2726114094257355,
                    1.0
                ]
            ],
            "location": [
                0.3463638126850128,
                0.2726114094257355,
                -0.7666119933128357
            ],
            "location_world": [
                0.7666119933128357,
                -0.3463638126850128,
                0.2726114094257355
            ],
            "name": "google_FAIRY_TALE_BLOCKS_7",
            "projected_cuboid": [
                [
                    731.1297655105591,
                    126.64473056793213
                ],
                [
                    690.4602646827698,
                    188.84415924549103
                ],
                [
                    591.1661386489868,
                    -16.48646593093872
                ],
                [
                    654.7422409057617,
                    -32.628417015075684
                ],
                [
                    543.6874628067017,
                    194.0828263759613
                ],
                [
                    471.5171456336975,
                    256.1502456665039
                ],
                [
                    394.44518089294434,
                    101.33633017539978
                ],
                [
                    481.1500310897827,
                    66.97805225849152
                ],
                [
                    561.7638826370239,
                    113.91356587409973
                ]
            ],
            "provenance": "visii",
            "quaternion_xyzw": [
                -0.7040480375289917,
                0.13978633284568787,
                -0.4311559796333313,
                -0.5466999411582947
            ],
            "quaternion_xyzw_world": [
                -0.3399028778076172,
                0.910845160484314,
                -0.22435887157917023,
                -0.0670107826590538
            ],
            "segmentation_id": 8,
            "visibility": 1
        },
        {
            "bounding_box_minx_maxx_miny_maxy": [
                -1,
                -1,
                -1,
                -1
            ],
            "class": "Great",
            "local_cuboid": null,
            "local_to_world_matrix": [
                [
                    -0.954714298248291,
                    0.03458087891340256,
                    -0.29550784826278687,
                    0.0
                ],
                [
                    -0.27721288800239563,
                    -0.46407556533813477,
                    0.8413006663322449,
                    0.0
                ],
                [
                    -0.1080450639128685,
                    0.8851203322410583,
                    0.45264583826065063,
                    0.0
                ],
                [
                    1.0781257152557373,
                    0.601423978805542,
                    -0.5842940211296082,
                    1.0
                ]
            ],
            "location": [
                -0.601423978805542,
                -0.5842940211296082,
                -1.0781257152557373
            ],
            "location_world": [
                1.0781257152557373,
                0.601423978805542,
                -0.5842940211296082
            ],
            "name": "google_Great_Jones_Wingtip_kAqSg6EgG0I_8",
            "projected_cuboid": [
                [
                    -193.75383853912354,
                    638.953685760498
                ],
                [
                    -143.202006816864,
                    510.2419853210449
                ],
                [
                    -76.3942003250122,
                    538.6330485343933
                ],
                [
                    -131.77353143692017,
                    663.5655164718628
                ],
                [
                    -151.20646357536316,
                    586.3406658172607
                ],
                [
                    -102.22437977790833,
                    466.10578894615173
                ],
                [
                    -42.4005389213562,
                    492.2240376472473
                ],
                [
                    -95.27575969696045,
                    609.2774868011475
                ],
                [
                    -116.94782972335815,
                    564.4940137863159
                ]
            ],
            "provenance": "visii",
            "quaternion_xyzw": [
                0.06339037418365479,
                0.6648000478744507,
                0.27446550130844116,
                -0.6918751001358032
            ],
            "quaternion_xyzw_world": [
                -0.11907509714365005,
                0.5094096660614014,
                0.8472655415534973,
                0.09200001507997513
            ],
            "segmentation_id": 9,
            "visibility": 0
        },
        {
            "bounding_box_minx_maxx_miny_maxy": [
                137,
                169,
                438,
                500
            ],
            "class": "Ecoforms",
            "local_cuboid": null,
            "local_to_world_matrix": [
                [
                    0.662114143371582,
                    0.42738500237464905,
                    -0.6155867576599121,
                    0.0
                ],
                [
                    -0.44006314873695374,
                    -0.4431581497192383,
                    -0.7809966206550598,
                    0.0
                ],
                [
                    -0.6065883636474609,
                    0.7880058884620667,
                    -0.10534501075744629,
                    0.0
                ],
                [
                    1.692579984664917,
                    0.10651741921901703,
                    -0.5583771467208862,
                    1.0
                ]
            ],
            "location": [
                -0.10651741921901703,
                -0.5583771467208862,
                -1.692579984664917
            ],
            "location_world": [
                1.692579984664917,
                0.10651741921901703,
                -0.5583771467208862
            ],
            "name": "google_Ecoforms_Plant_Container_Quadra_Sand_QP6_9",
            "projected_cuboid": [
                [
                    135.33228635787964,
                    449.535071849823
                ],
                [
                    160.93593835830688,
                    515.5097246170044
                ],
                [
                    213.01905810832977,
                    493.41922998428345
                ],
                [
                    186.44708395004272,
                    432.22516775131226
                ],
                [
                    157.4144810438156,
                    420.4897880554199
                ],
                [
                    186.4342838525772,
                    490.426242351532
                ],
                [
                    241.01023375988007,
                    468.19716691970825
                ],
                [
                    211.03322505950928,
                    403.65105867385864
                ],
                [
                    186.4413022994995,
                    458.560585975647
                ]
            ],
            "provenance": "visii",
            "quaternion_xyzw": [
                -0.43215256929397583,
                0.09974990785121918,
                0.8388936519622803,
                -0.31551820039749146
            ],
            "quaternion_xyzw_world": [
                -0.7434072494506836,
                0.004263520706444979,
                0.41100457310676575,
                0.5276389718055725
            ],
            "segmentation_id": 10,
            "visibility": 1
        },
        {
            "bounding_box_minx_maxx_miny_maxy": [
                124,
                247,
                376,
                500
            ],
            "class": "ReadytoUse",
            "local_cuboid": null,
            "local_to_world_matrix": [
                [
                    0.859664797782898,
                    0.48423105478286743,
                    0.1627783477306366,
                    0.0
                ],
                [
                    0.30997031927108765,
                    -0.747704267501831,
                    0.5872456431388855,
                    0.0
                ],
                [
                    0.4060725271701813,
                    -0.4543779492378235,
                    -0.7928723096847534,
                    0.0
                ],
                [
                    0.47032976150512695,
                    0.06410811841487885,
                    -0.13058137893676758,
                    1.0
                ]
            ],
            "location": [
                -0.06410811841487885,
                -0.13058137893676758,
                -0.47032976150512695
            ],
            "location_world": [
                0.47032976150512695,
                0.06410811841487885,
                -0.13058137893676758
            ],
            "name": "google_ReadytoUse_Rolled_Fondant_Pure_White_24_oz_box_10",
            "projected_cuboid": [
                [
                    213.58035504817963,
                    528.2067656517029
                ],
                [
                    251.5450119972229,
                    492.03938245773315
                ],
                [
                    164.48219120502472,
                    371.0438311100006
                ],
                [
                    118.89193952083588,
                    408.4439277648926
                ],
                [
                    279.909610748291,
                    613.9707565307617
                ],
                [
                    323.8694667816162,
                    567.4999952316284
                ],
                [
                    227.04344987869263,
                    428.90316247940063
                ],
                [
                    172.15017974376678,
                    477.98776626586914
                ],
                [
                    219.25842761993408,
                    486.325204372406
                ]
            ],
            "provenance": "visii",
            "quaternion_xyzw": [
                0.2892213761806488,
                0.7870116233825684,
                -0.35032597184181213,
                0.4174153506755829
            ],
            "quaternion_xyzw_world": [
                0.9219871759414673,
                0.2153504341840744,
                0.15424586832523346,
                0.28243982791900635
            ],
            "segmentation_id": 11,
            "visibility": 1
        },
        {
            "bounding_box_minx_maxx_miny_maxy": [
                244,
                499,
                227,
                500
            ],
            "class": "Dog",
            "local_cuboid": null,
            "local_to_world_matrix": [
                [
                    0.3276747465133667,
                    -0.27073076367378235,
                    0.9051707983016968,
                    0.0
                ],
                [
                    0.9168992042541504,
                    -0.13994896411895752,
                    -0.3737783432006836,
                    0.0
                ],
                [
                    0.22787097096443176,
                    0.9524281024932861,
                    0.20237505435943604,
                    0.0
                ],
                [
                    0.2168147712945938,
                    -0.18931394815444946,
                    -0.12570703029632568,
                    1.0
                ]
            ],
            "location": [
                0.18931394815444946,
                -0.12570703029632568,
                -0.2168147712945938
            ],
            "location_world": [
                0.2168147712945938,
                -0.18931394815444946,
                -0.12570703029632568
            ],
            "name": "google_Dog_11",
            "projected_cuboid": [
                [
                    301.95096135139465,
                    92.59390830993652
                ],
                [
                    319.6716606616974,
                    270.56685090065
                ],
                [
                    664.3702983856201,
                    344.57582235336304
                ],
                [
                    986.3438010215759,
                    193.23934614658356
                ],
                [
                    59.737831354141235,
                    911.2497568130493
                ],
                [
                    214.76739645004272,
                    683.2994818687439
                ],
                [
                    640.2310729026794,
                    849.0978479385376
                ],
                [
                    1176.9425868988037,
                    1484.7363233566284
                ],
                [
                    488.3824586868286,
                    509.5151662826538
                ]
            ],
            "provenance": "visii",
            "quaternion_xyzw": [
                -0.6841747164726257,
                -0.3818906545639038,
                0.4677543640136719,
                0.40898698568344116
            ],
            "quaternion_xyzw_world": [
                -0.5624163746833801,
                -0.28722867369651794,
                -0.5036489963531494,
                0.5895127058029175
            ],
            "segmentation_id": 12,
            "visibility": 1
        },
        {
            "bounding_box_minx_maxx_miny_maxy": [
                -1,
                -1,
                -1,
                -1
            ],
            "class": "Black",
            "local_cuboid": null,
            "local_to_world_matrix": [
                [
                    -0.005954265594482422,
                    0.5200641751289368,
                    -0.8541064262390137,
                    0.0
                ],
                [
                    0.910565197467804,
                    -0.3502141237258911,
                    -0.21959280967712402,
                    0.0
                ],
                [
                    -0.4133225679397583,
                    -0.7790271043777466,
                    -0.4714670181274414,
                    0.0
                ],
                [
                    0.2605499029159546,
                    -0.39462465047836304,
                    0.08682683110237122,
                    1.0
                ]
            ],
            "location": [
                0.39462465047836304,
                0.08682683110237122,
                -0.2605499029159546
            ],
            "location_world": [
                0.2605499029159546,
                -0.39462465047836304,
                0.08682683110237122
            ],
            "name": "google_Black_Elderberry_Syrup_54_oz_Gaia_Herbs_12",
            "projected_cuboid": [
                [
                    1928.546667098999,
                    248.2111006975174
                ],
                [
                    1586.1575603485107,
                    283.08945894241333
                ],
                [
                    1069.6983337402344,
                    132.44639337062836
                ],
                [
                    1205.1079273223877,
                    71.81099057197571
                ],
                [
                    2028.425693511963,
                    78.78828048706055
                ],
                [
                    1662.9401445388794,
                    153.65971624851227
                ],
                [
                    1131.0803890228271,
                    30.184894800186157
                ],
                [
                    1280.4185152053833,
                    -53.89517545700073
                ],
                [
                    1431.1288595199585,
                    112.21781373023987
                ]
            ],
            "provenance": "visii",
            "quaternion_xyzw": [
                -0.2674911618232727,
                0.4709428548812866,
                -0.7336517572402954,
                0.4103856682777405
            ],
            "quaternion_xyzw_world": [
                0.6737445592880249,
                0.5308500528335571,
                -0.4702928364276886,
                0.2075839787721634
            ],
            "segmentation_id": 13,
            "visibility": 0
        },
        {
            "bounding_box_minx_maxx_miny_maxy": [
                236,
                293,
                86,
                118
            ],
