{
    "camera_data": {
        "camera_look_at": {
            "at": [
                1.0,
                0.0,
                0.0
            ],
            "eye": [
                0.0,
                0.0,
                0.0
            ],
            "up": [
                0.0,
                0.0,
                1.0
            ]
        },
        "camera_view_matrix": [
            [
                0.0,
                0.0,
                -1.0,
                0.0
            ],
            [
                -1.0,
                0.0,
                0.0,
                0.0
            ],
            [
                0.0,
                1.0,
                0.0,
                0.0
            ],
            [
                0.0,
                0.0,
                0.0,
                1.0
            ]
        ],
        "height": 500,
        "intrinsics": {
            "cx": 250.0,
            "cy": 250.0,
            "fx": 603.5535278320312,
            "fy": 603.5535278320312
        },
        "location_world": [
            0.0,
            0.0,
            0.0
        ],
        "quaternion_world_xyzw": [
            0.5,
            -0.5,
            -0.5,
            0.5
        ],
        "width": 500
    },
    "objects": [
        {
            "bounding_box_minx_maxx_miny_maxy": [
                -1,
                -1,
                -1,
                -1
            ],
            "class": "Reebok",
            "local_cuboid": null,
            "local_to_world_matrix": [
                [
                    -0.2574591636657715,
                    0.43117985129356384,
                    -0.8647536635398865,
                    0.0
                ],
                [
                    -0.41215136647224426,
                    0.7604317665100098,
                    0.5018712878227234,
                    0.0
                ],
                [
                    0.8739829659461975,
                    0.4856206774711609,
                    -0.018068790435791016,
                    0.0
                ],
                [
                    0.2478509247303009,
                    0.3780025839805603,
                    0.17001022398471832,
                    1.0
                ]
            ],
            "location": [
                -0.3780025839805603,
                0.17001022398471832,
                -0.2478509247303009
            ],
            "location_world": [
                0.2478509247303009,
                0.3780025839805603,
                0.17001022398471832
            ],
            "name": "google_Reebok_SOMERSET_RUN_0",
            "projected_cuboid": [
                [
                    -280.720055103302,
                    180.2562028169632
                ],
                [
                    -1003.4332275390625,
                    -173.42424392700195
                ],
                [
                    -1542.0501232147217,
                    -429.1597008705139
                ],
                [
                    -348.2441306114197,
                    151.83737874031067
                ],
                [
                    -175.09940266609192,
                    46.13569378852844
                ],
                [
                    -786.6356372833252,
                    -326.98577642440796
                ],
                [
                    -1138.8804912567139,
                    -623.0678558349609
                ],
                [
                    -203.32330465316772,
                    -21.905332803726196
                ],
                [
                    -571.0780620574951,
                    -91.54799580574036
                ]
            ],
            "provenance": "visii",
            "quaternion_xyzw": [
                -0.48500820994377136,
                0.8377103209495544,
                0.11760708689689636,
                -0.22175917029380798
            ],
            "quaternion_xyzw_world": [
                0.006667915266007185,
                0.7134352922439575,
                0.3460341691970825,
                0.6092832088470459
            ],
            "segmentation_id": 1,
            "visibility": 0
        },
        {
            "bounding_box_minx_maxx_miny_maxy": [
                -1,
                -1,
                -1,
                -1
            ],
            "class": "Breyer",
            "local_cuboid": null,
            "local_to_world_matrix": [
                [
                    -0.4357532262802124,
                    0.8962689638137817,
                    0.08259028196334839,
                    0.0
                ],
                [
                    -0.3526008129119873,
                    -0.08556008338928223,
                    -0.9318541288375854,
                    0.0
                ],
                [
                    -0.828125536441803,
                    -0.43517979979515076,
                    0.35330820083618164,
                    0.0
                ],
                [
                    0.32999712228775024,
                    0.40643110871315,
                    -0.10215646773576736,
                    1.0
                ]
            ],
            "location": [
                -0.40643110871315,
                -0.10215646773576736,
                -0.32999712228775024
            ],
            "location_world": [
                0.32999712228775024,
                0.40643110871315,
                -0.10215646773576736
            ],
            "name": "google_Breyer_Horse_Of_The_Year_2015_1",
            "projected_cuboid": [
                [
                    -1434.5918893814087,
                    315.5921995639801
                ],
                [
                    -1658.5570573806763,
                    557.3983192443848
                ],
                [
                    -901.2224674224854,
                    533.6508750915527
                ],
                [
                    -829.9813270568848,
                    400.44376254081726
                ],
                [
                    -304.44008111953735,
                    334.4416916370392
                ],
                [
                    -338.9594554901123,
                    476.5440821647644
                ],
                [
                    -245.08535861968994,
                    487.2351288795471
                ],
                [
                    -226.7894446849823,
                    391.07662439346313
                ],
                [
                    -606.108546257019,
                    435.14031171798706
                ]
            ],
            "provenance": "visii",
            "quaternion_xyzw": [
                0.22773870825767517,
                0.18458691239356995,
                0.9560660123825073,
                -0.0007765591144561768
            ],
            "quaternion_xyzw_world": [
                -0.272258460521698,
                -0.499220609664917,
                0.6845840811729431,
                0.45606881380081177
            ],
            "segmentation_id": 2,
            "visibility": 0
        },
        {
            "bounding_box_minx_maxx_miny_maxy": [
                -1,
                -1,
                -1,
                -1
            ],
            "class": "Smith",
            "local_cuboid": null,
            "local_to_world_matrix": [
                [
                    -0.5078542232513428,
                    -0.12838426232337952,
                    0.8518227338790894,
                    0.0
                ],
                [
                    -0.8583066463470459,
                    0.15971720218658447,
                    -0.4876477122306824,
                    0.0
                ],
                [
                    -0.07344454526901245,
                    -0.9787788987159729,
                    -0.1913062334060669,
                    0.0
                ],
                [
                    1.6805886030197144,
                    0.7934532165527344,
                    0.4226614236831665,
                    1.0
                ]
            ],
            "location": [
                -0.7934532165527344,
                0.4226614236831665,
                -1.6805886030197144
            ],
            "location_world": [
                1.6805886030197144,
                0.7934532165527344,
                0.4226614236831665
            ],
            "name": "google_Smith_Hawken_Woven_BasketTray_Organizer_with_3_Compartments_95_x_9_x_13_2",
            "projected_cuboid": [
                [
                    75.44654607772827,
                    38.71999680995941
                ],
                [
                    32.04575181007385,
                    58.634594082832336
                ],
                [
                    -72.29021191596985,
                    40.22522270679474
                ],
                [
                    -15.841037034988403,
                    22.93279767036438
                ],
                [
                    77.60554552078247,
                    158.93137454986572
                ],
                [
                    39.3320769071579,
                    192.78675317764282
                ],
                [
                    -53.60013246536255,
                    174.81307685375214
                ],
                [
                    -4.830271005630493,
                    143.41986179351807
                ],
                [
                    11.271163821220398,
                    106.39950633049011
                ]
            ],
            "provenance": "visii",
            "quaternion_xyzw": [
                -0.6210047602653503,
                -0.27862322330474854,
                -0.5984789133071899,
                -0.42254623770713806
            ],
            "quaternion_xyzw_world": [
                -0.3618476390838623,
                0.6817033290863037,
                -0.5377803444862366,
                -0.3393218219280243
            ],
            "segmentation_id": 3,
            "visibility": 0
        },
        {
            "bounding_box_minx_maxx_miny_maxy": [
                -1,
                -1,
                -1,
                -1
            ],
            "class": "Paul",
            "local_cuboid": null,
            "local_to_world_matrix": [
                [
                    -0.9334039688110352,
                    0.05331055819988251,
                    0.35484543442726135,
                    0.0
                ],
                [
                    0.16751426458358765,
                    -0.8097902536392212,
                    0.5622978210449219,
                    0.0
                ],
                [
                    0.31732675433158875,
                    0.5842926502227783,
                    0.7469309568405151,
                    0.0
                ],
                [
                    1.5859448909759521,
                    -0.15550094842910767,
                    0.6053285598754883,
                    1.0
                ]
            ],
            "location": [
                0.15550094842910767,
                0.6053285598754883,
                -1.5859448909759521
            ],
            "location_world": [
                1.5859448909759521,
                -0.15550094842910767,
                0.6053285598754883
            ],
            "name": "google_Paul_Frank_Dot_Lunch_Box_3",
            "projected_cuboid": [
                [
                    237.8360480070114,
                    -64.26817178726196
                ],
                [
                    272.11466431617737,
                    -84.29473638534546
                ],
                [
                    328.8262188434601,
                    -29.938459396362305
                ],
                [
                    293.51648688316345,
                    -8.22138786315918
                ],
                [
                    244.30343508720398,
                    11.134564876556396
                ],
                [
                    273.811012506485,
                    -6.90382719039917
                ],
                [
                    322.4761486053467,
                    42.98834502696991
                ],
                [
                    292.2077476978302,
                    62.33905255794525
                ],
                [
                    282.63863921165466,
                    -7.494032382965088
                ]
            ],
            "provenance": "visii",
            "quaternion_xyzw": [
                0.41884320974349976,
                0.6951501965522766,
                0.20837827026844025,
                -0.5458160638809204
            ],
            "quaternion_xyzw_world": [
                0.17989954352378845,
                0.3068723976612091,
                0.9340938329696655,
                -0.030565373599529266
            ],
            "segmentation_id": 4,
            "visibility": 0
        },
        {
            "bounding_box_minx_maxx_miny_maxy": [
                -1,
                -1,
                -1,
                -1
            ],
            "class": "Toys",
            "local_cuboid": null,
            "local_to_world_matrix": [
                [
                    0.2527126669883728,
                    -0.2765985131263733,
                    0.9271620512008667,
                    0.0
                ],
                [
                    0.9494964480400085,
                    0.25510573387145996,
                    -0.18269506096839905,
                    0.0
                ],
                [
                    -0.18599116802215576,
                    0.926506519317627,
                    0.3270977735519409,
                    0.0
                ],
                [
                    1.689980387687683,
                    -0.25025567412376404,
                    -0.6114323735237122,
                    1.0
                ]
            ],
            "location": [
                0.25025567412376404,
                -0.6114323735237122,
                -1.689980387687683
            ],
            "location_world": [
                1.689980387687683,
                -0.25025567412376404,
                -0.6114323735237122
            ],
            "name": "google_Toys_R_Us_Treat_Dispenser_Smart_Puzzle_Foobler_4",
            "projected_cuboid": [
                [
                    305.97999691963196,
                    428.48023772239685
                ],
                [
                    287.80677914619446,
                    423.28590154647827
                ],
                [
                    335.34061908721924,
                    437.50664591789246
                ],
                [
                    357.4414849281311,
                    443.88023018836975
                ],
                [
                    290.9109592437744,
                    488.1168603897095
                ],
                [
                    273.60743284225464,
                    477.72249579429626
                ],
                [
                    322.4397301673889,
                    491.3710057735443
                ],
                [
                    343.9013957977295,
                    502.8282403945923
                ],
                [
                    314.5427703857422,
                    461.1976146697998
                ]
            ],
            "provenance": "visii",
            "quaternion_xyzw": [
                -0.5642035007476807,
                -0.29778987169265747,
                0.5225149989128113,
                0.565662145614624
            ],
            "quaternion_xyzw_world": [
                -0.4094231128692627,
                -0.41088175773620605,
                -0.45257025957107544,
                0.6772953867912292
            ],
            "segmentation_id": 5,
            "visibility": 0
        },
        {
            "bounding_box_minx_maxx_miny_maxy": [
                -1,
                -1,
                -1,
                -1
            ],
            "class": "Tag",
            "local_cuboid": null,
            "local_to_world_matrix": [
                [
                    -0.1868607997894287,
                    -0.7517830729484558,
                    0.6323810815811157,
                    0.0
                ],
                [
                    0.455882728099823,
                    -0.6365692615509033,
                    -0.6220541000366211,
                    0.0
                ],
                [
                    0.8702037334442139,
                    0.17205414175987244,
                    0.46167421340942383,
                    0.0
                ],
                [
                    0.24002285301685333,
                    -0.25987762212753296,
                    0.19573767483234406,
                    1.0
                ]
            ],
            "location": [
                0.25987762212753296,
                0.19573767483234406,
                -0.24002285301685333
            ],
            "location_world": [
                0.24002285301685333,
                -0.25987762212753296,
                0.19573767483234406
            ],
            "name": "google_Tag_Dishtowel_Basket_Weave_Red_18_x_26_5",
            "projected_cuboid": [
                [
                    980.4799556732178,
                    -763.9694213867188
                ],
                [
                    1019.2697048187256,
                    -129.20063734054565
                ],
                [
                    1116.5058612823486,
                    -135.6561779975891
                ],
                [
                    1131.2565803527832,
                    -887.059211730957
                ],
                [
                    548.795223236084,
                    -346.2485074996948
                ],
                [
                    719.0670967102051,
                    98.17090630531311
                ],
                [
                    776.8150568008423,
                    114.69613015651703
                ],
                [
                    611.3260984420776,
                    -387.5303864479065
                ],
                [
                    857.144296169281,
                    -231.8662703037262
                ]
            ],
            "provenance": "visii",
            "quaternion_xyzw": [
                0.9005611538887024,
                0.35226649045944214,
                0.004110351204872131,
                -0.25471821427345276
            ],
            "quaternion_xyzw_world": [
                0.4969995319843292,
                -0.14884336292743683,
                0.7558280825614929,
                -0.39945122599601746
            ],
            "segmentation_id": 6,
            "visibility": 0
        },
        {
            "bounding_box_minx_maxx_miny_maxy": [
                471,
                499,
                1,
                62
            ],
            "class": "FRACTION",
            "local_cuboid": null,
            "local_to_world_matrix": [
                [
                    -0.22102415561676025,
                    0.26713740825653076,
                    -0.9379690885543823,
                    0.0
                ],
                [
                    0.7990798950195312,
                    -0.5017728805541992,
                    -0.33120304346084595,
                    0.0
                ],
                [
                    -0.5591239929199219,
                    -0.8227160573005676,
                    -0.10256028175354004,
                    0.0
                ],
                [
                    1.1063868999481201,
                    -0.43662068247795105,
                    0.4149952530860901,
                    1.0
                ]
            ],
            "location": [
                0.43662068247795105,
                0.4149952530860901,
                -1.1063868999481201
            ],
            "location_world": [
                1.1063868999481201,
                -0.43662068247795105,
                0.4149952530860901
            ],
            "name": "google_FRACTION_FUN_n4h4qte23QR_6",
            "projected_cuboid": [
                [
                    495.70080637931824,
                    30.045196413993835
                ],
                [
                    513.4016275405884,
                    92.47447550296783
                ],
                [
                    489.1533851623535,
                    93.46027672290802
                ],
                [
                    468.2578444480896,
                    32.68936276435852
                ],
                [
                    513.9628648757935,
                    -58.33941698074341
                ],
                [
                    528.7359952926636,
                    13.386756181716919
                ],
                [
                    504.95678186416626,
                    15.952572226524353
                ],
                [
                    487.10593581199646,
                    -53.7322461605072
                ],
                [
                    500.7820725440979,
                    22.308707237243652
                ]
            ],
            "provenance": "visii",
            "quaternion_xyzw": [
                0.35529622435569763,
                -0.30692437291145325,
                0.7344155311584473,
                -0.49009785056114197
            ],
            "quaternion_xyzw_world": [
                -0.5880707502365112,
                -0.4532691240310669,
                0.6364426016807556,
                -0.20895148813724518
            ],
            "segmentation_id": 7,
            "visibility": 1
        },
        {
            "bounding_box_minx_maxx_miny_maxy": [
                466,
                499,
                48,
                83
            ],
            "class": "FAIRY",
            "local_cuboid": null,
            "local_to_world_matrix": [
                [
                    -0.03767526149749756,
                    -0.7738025784492493,
                    0.6323054432868958,
                    0.0
                ],
                [
                    -0.9989456534385681,
                    0.045775413513183594,
                    -0.0035020411014556885,
                    0.0
                ],
                [
                    -0.026234149932861328,
                    -0.6317707300186157,
                    -0.7747113704681396,
                    0.0
                ],
                [
                    0.8651869297027588,
                    -0.39021095633506775,
                    0.3145226240158081,
                    1.0
                ]
            ],
            "location": [
                0.39021095633506775,
                0.3145226240158081,
                -0.8651869297027588
            ],
            "location_world": [
                0.8651869297027588,
                -0.39021095633506775,
                0.3145226240158081
            ],
            "name": "google_FAIRY_TALE_BLOCKS_7",
            "projected_cuboid": [
                [
                    637.4490261077881,
                    114.91343379020691
                ],
                [
                    769.3378925323486,
                    66.17040932178497
                ],
                [
                    648.3260989189148,
                    -75.62384009361267
                ],
                [
                    549.4836568832397,
                    10.642647743225098
                ],
                [
                    517.7183151245117,
                    211.05024218559265
                ],
                [
                    604.5949459075928,
                    197.72028923034668
                ],
                [
                    486.422061920166,
                    56.67620897293091
                ],
                [
                    431.27119541168213,
                    107.1888655424118
                ],
                [
                    572.864294052124,
                    90.00903367996216
                ]
            ],
            "provenance": "visii",
            "quaternion_xyzw": [
                -0.6616401076316833,
                -0.22161972522735596,
                -0.25294944643974304,
                -0.6701743602752686
            ],
            "quaternion_xyzw_world": [
                -0.6502423882484436,
                0.6815720796585083,
                -0.2330174446105957,
                -0.2415517121553421
            ],
            "segmentation_id": 8,
            "visibility": 1
        },
        {
            "bounding_box_minx_maxx_miny_maxy": [
                38,
                115,
                357,
                489
            ],
            "class": "Great",
            "local_cuboid": null,
            "local_to_world_matrix": [
                [
                    0.42893463373184204,
                    -0.8721830248832703,
                    -0.23518475890159607,
                    0.0
                ],
                [
                    0.4158870577812195,
                    0.42178547382354736,
                    -0.8056890964508057,
                    0.0
                ],
                [
                    0.8019058704376221,
                    0.24777767062187195,
                    0.5436480045318604,
                    0.0
                ],
                [
                    1.0801806449890137,
                    0.3168122172355652,
                    -0.3327291011810303,
                    1.0
                ]
            ],
            "location": [
                -0.3168122172355652,
                -0.3327291011810303,
                -1.0801806449890137
            ],
            "location_world": [
                1.0801806449890137,
                0.3168122172355652,
                -0.3327291011810303
            ],
            "name": "google_Great_Jones_Wingtip_kAqSg6EgG0I_8",
            "projected_cuboid": [
                [
                    126.82566046714783,
                    334.49459075927734
                ],
                [
                    76.47424936294556,
                    446.2038278579712
                ],
                [
                    77.4858146905899,
                    493.44226717948914
                ],
                [
                    132.38316774368286,
                    377.82683968544006
                ],
                [
                    67.3062652349472,
                    323.6331343650818
                ],
                [
                    21.343737840652466,
                    440.9014582633972
                ],
                [
                    17.913401126861572,
                    489.7189438343048
                ],
                [
                    67.65545904636383,
                    368.051677942276
                ],
                [
                    72.59108126163483,
                    411.791056394577
                ]
            ],
            "provenance": "visii",
            "quaternion_xyzw": [
                -0.9327081441879272,
                0.17609213292598724,
                0.18138371407985687,
                0.2571905851364136
            ],
            "quaternion_xyzw_world": [
                -0.34040457010269165,
                0.335112988948822,
                -0.41621145606040955,
                0.7736873030662537
            ],
            "segmentation_id": 9,
            "visibility": 1
        },
        {
            "bounding_box_minx_maxx_miny_maxy": [
                143,
                198,
                360,
                433
            ],
            "class": "Ecoforms",
            "local_cuboid": null,
            "local_to_world_matrix": [
                [
                    0.7145607471466064,
                    -0.24824543297290802,
                    0.6540467143058777,
                    0.0
                ],
                [
                    0.6990468502044678,
                    0.2896386384963989,
                    -0.6537911891937256,
                    0.0
                ],
                [
                    -0.027136504650115967,
                    0.9243828058242798,
                    0.38049960136413574,
                    0.0
                ],
                [
                    1.7556138038635254,
                    0.10971366614103317,
                    -0.4789126515388489,
                    1.0
                ]
            ],
            "location": [
                -0.10971366614103317,
                -0.4789126515388489,
                -1.7556138038635254
            ],
            "location_world": [
                1.7556138038635254,
                0.10971366614103317,
                -0.4789126515388489
            ],
            "name": "google_Ecoforms_Plant_Container_Quadra_Sand_QP6_9",
            "projected_cuboid": [
                [
                    176.18630826473236,
                    350.0307500362396
                ],
                [
                    163.76131772994995,
                    382.7710747718811
                ],
                [
                    213.71683478355408,
                    402.9269218444824
                ],
                [
                    229.8882156610489,
                    371.7963993549347
                ],
                [
                    152.33196318149567,
                    404.93232011795044
                ],
                [
                    140.75317978858948,
                    436.04716658592224
                ],
                [
                    194.64270770549774,
                    457.62717723846436
                ],
                [
                    210.60711145401,
                    428.36934328079224
                ],
                [
                    185.41835248470306,
                    403.8514196872711
                ]
            ],
            "provenance": "visii",
            "quaternion_xyzw": [
                -0.6846349239349365,
                -0.1330665647983551,
                0.5984735488891602,
                0.39420512318611145
            ],
            "quaternion_xyzw_world": [
                -0.5109849572181702,
                -0.2205551266670227,
                -0.30671656131744385,
                0.7721235156059265
            ],
            "segmentation_id": 10,
            "visibility": 1
        },
        {
            "bounding_box_minx_maxx_miny_maxy": [
                -1,
                -1,
                -1,
                -1
            ],
            "class": "ReadytoUse",
            "local_cuboid": null,
            "local_to_world_matrix": [
                [
                    -0.8376184701919556,
                    0.4525819420814514,
                    -0.3058837354183197,
                    0.0
                ],
                [
                    -0.5157776474952698,
                    -0.8396886587142944,
                    0.1699892282485962,
                    0.0
                ],
                [
                    -0.17991307377815247,
                    0.30015408992767334,
                    0.9367704391479492,
                    0.0
                ],
                [
                    0.5701853036880493,
                    0.20410212874412537,
                    0.033005423843860626,
                    1.0
                ]
            ],
            "location": [
                -0.20410212874412537,
                0.033005423843860626,
                -0.5701853036880493
            ],
            "location_world": [
                0.5701853036880493,
                0.20410212874412537,
                0.033005423843860626
            ],
            "name": "google_ReadytoUse_Rolled_Fondant_Pure_White_24_oz_box_10",
            "projected_cuboid": [
                [
                    -114.2360270023346,
                    47.567978501319885
                ],
                [
                    -81.3499391078949,
                    26.222705841064453
                ],
                [
                    -1.2148618698120117,
                    227.79782116413116
                ],
                [
                    -36.04140877723694,
                    238.32717537879944
                ],
                [
                    2.319648861885071,
                    44.53308880329132
                ],
                [
                    34.51657295227051,
                    26.816636323928833
                ],
                [
                    95.45698761940002,
                    194.6089267730713
                ],
                [
                    62.36562132835388,
                    204.77195084095
                ],
                [
                    0.7066428661346436,
                    128.16807627677917
                ]
            ],
            "provenance": "visii",
            "quaternion_xyzw": [
                0.2222137451171875,
                0.6005535125732422,
                0.604670524597168,
                -0.4736349582672119
            ],
            "quaternion_xyzw_world": [
                -0.1277691274881363,
                0.12365211546421051,
                0.9505363702774048,
                0.25468766689300537
            ],
            "segmentation_id": 11,
            "visibility": 0
        },
        {
            "bounding_box_minx_maxx_miny_maxy": [
                -1,
                -1,
                -1,
                -1
            ],
            "class": "Dog",
            "local_cuboid": null,
            "local_to_world_matrix": [
                [
                    0.7744156122207642,
                    0.5949530601501465,
                    -0.21520081162452698,
                    0.0
                ],
                [
                    -0.4978279173374176,
                    0.36310893297195435,
                    -0.787603497505188,
                    0.0
                ],
                [
                    -0.390445739030838,
                    0.7170654535293579,
                    0.577381432056427,
                    0.0
                ],
                [
                    0.24180836975574493,
                    -0.05895735323429108,
                    -0.31746968626976013,
                    1.0
                ]
            ],
            "location": [
                0.05895735323429108,
                -0.31746968626976013,
                -0.24180836975574493
            ],
            "location_world": [
                0.24180836975574493,
                -0.05895735323429108,
                -0.31746968626976013
            ],
            "name": "google_Dog_11",
            "projected_cuboid": [
                [
                    8.341655135154724,
                    560.0863695144653
                ],
                [
                    -293.8563823699951,
                    1120.692253112793
                ],
                [
                    154.23162281513214,
                    1126.6119480133057
                ],
                [
                    285.08850932121277,
                    679.4748902320862
                ],
                [
                    335.0589871406555,
                    769.5801854133606
                ],
                [
                    -783.3013534545898,
                    5412.3969078063965
                ],
                [
                    770.667314529419,
                    2314.3389225006104
                ],
                [
                    733.3765029907227,
                    914.7342443466187
                ],
                [
                    208.2134187221527,
                    1020.0283527374268
                ]
            ],
            "provenance": "visii",
            "quaternion_xyzw": [
                -0.4478294551372528,
                0.32284045219421387,
                0.8326167464256287,
                0.044410645961761475
            ],
            "quaternion_xyzw_world": [
                -0.45659753680229187,
                -0.05317874252796173,
                0.33160853385925293,
                0.8238486051559448
            ],
            "segmentation_id": 12,
            "visibility": 0
        },
        {
            "bounding_box_minx_maxx_miny_maxy": [
                -1,
                -1,
                -1,
                -1
            ],
            "class": "Black",
            "local_cuboid": null,
            "local_to_world_matrix": [
                [
                    -0.7826015949249268,
                    -0.5953004956245422,
                    0.1820797622203827,
                    0.0
                ],
                [
                    0.5369355082511902,
                    -0.4974789619445801,
                    0.6813337206840515,
                    0.0
                ],
                [
                    -0.3150174021720886,
                    0.6309775710105896,
                    0.7089650630950928,
                    0.0
                ],
                [
                    0.1898156851530075,
                    -0.29582950472831726,
                    -0.15834589302539825,
                    1.0
                ]
            ],
            "location": [
                0.29582950472831726,
                -0.15834589302539825,
                -0.1898156851530075
            ],
            "location_world": [
                0.1898156851530075,
                -0.29582950472831726,
                -0.15834589302539825
            ],
            "name": "google_Black_Elderberry_Syrup_54_oz_Gaia_Herbs_12",
            "projected_cuboid": [
                [
                    1427.1973371505737,
                    651.1669754981995
                ],
                [
                    1284.7282886505127,
                    382.1263909339905
                ],
                [
                    1328.1577825546265,
                    687.8563165664673
                ],
                [
                    1436.7599487304688,
                    939.7593140602112
                ],
                [
                    941.4244294166565,
                    573.7591981887817
                ],
                [
                    918.41721534729,
                    384.16075706481934
                ],
                [
                    1026.7572402954102,
                    629.5405030250549
                ],
                [
                    1061.9161128997803,
                    814.648449420929
                ],
                [
                    1153.7408828735352,
                    636.3984942436218
                ]
            ],
            "provenance": "visii",
            "quaternion_xyzw": [
                0.3869591951370239,
                0.43903759121894836,
                0.09795846790075302,
                -0.8049303889274597
            ],
            "quaternion_xyzw_world": [
                -0.03844605013728142,
                0.37952518463134766,
                0.8644428253173828,
                -0.32744675874710083
            ],
            "segmentation_id": 13,
            "visibility": 0
        },
        {
            "bounding_box_minx_maxx_miny_maxy": [
                -1,
                -1,
                -1,
                -1
            ],
