{
    "camera_data": {
        "camera_look_at": {
            "at": [
                1.0,
                0.0,
                0.0
            ],
            "eye": [
                0.0,
                0.0,
                0.0
            ],
            "up": [
                0.0,
                0.0,
                1.0
            ]
        },
        "camera_view_matrix": [
            [
                0.0,
                0.0,
                -1.0,
                0.0
            ],
            [
                -1.0,
                0.0,
                0.0,
                0.0
            ],
            [
                0.0,
                1.0,
                0.0,
                0.0
            ],
            [
                0.0,
                0.0,
                0.0,
                1.0
            ]
        ],
        "height": 500,
        "intrinsics": {
            "cx": 250.0,
            "cy": 250.0,
            "fx": 603.5535278320312,
            "fy": 603.5535278320312
        },
        "location_world": [
            0.0,
            0.0,
            0.0
        ],
        "quaternion_world_xyzw": [
            0.5,
            -0.5,
            -0.5,
            0.5
        ],
        "width": 500
    },
    "objects": [
        {
            "bounding_box_minx_maxx_miny_maxy": [
                -1,
                -1,
                -1,
                -1
            ],
            "class": "Reebok",
            "local_cuboid": null,
            "local_to_world_matrix": [
                [
                    -0.21325445175170898,
                    0.5241622924804688,
                    -0.8244858980178833,
                    0.0
                ],
                [
                    0.20168337225914001,
                    0.849339485168457,
                    0.4877973794937134,
                    0.0
                ],
                [
                    0.9559534788131714,
                    -0.06226027011871338,
                    -0.28684020042419434,
                    0.0
                ],
                [
                    0.20406024158000946,
                    0.34054839611053467,
                    0.22027677297592163,
                    1.0
                ]
            ],
            "location": [
                -0.34054839611053467,
                0.22027677297592163,
                -0.20406024158000946
            ],
            "location_world": [
                0.20406024158000946,
                0.34054839611053467,
                0.22027677297592163
            ],
            "name": "google_Reebok_SOMERSET_RUN_0",
            "projected_cuboid": [
                [
                    -276.6975164413452,
                    97.52795100212097
                ],
                [
                    -634.4671249389648,
                    -134.58523154258728
                ],
                [
                    -1097.4611043930054,
                    -418.10500621795654
                ],
                [
                    -663.4681224822998,
                    -130.41266798973083
                ],
                [
                    -114.05143141746521,
                    -78.93845438957214
                ],
                [
                    -474.5945930480957,
                    -266.16400480270386
                ],
                [
                    -819.926381111145,
                    -581.3705921173096
                ],
                [
                    -354.1069030761719,
                    -382.4821710586548
                ],
                [
                    -533.711314201355,
                    -223.67429733276367
                ]
            ],
            "provenance": "visii",
            "quaternion_xyzw": [
                -0.4857967495918274,
                0.8613816499710083,
                -0.14178478717803955,
                -0.04382316768169403
            ],
            "quaternion_xyzw_world": [
                0.2367732673883438,
                0.7663931846618652,
                0.1388116180896759,
                0.5807852149009705
            ],
            "segmentation_id": 1,
            "visibility": 0
        },
        {
            "bounding_box_minx_maxx_miny_maxy": [
                -1,
                -1,
                -1,
                -1
            ],
            "class": "Breyer",
            "local_cuboid": null,
            "local_to_world_matrix": [
                [
                    -0.565956711769104,
                    0.00453263521194458,
                    -0.8244225978851318,
                    0.0
                ],
                [
                    0.3467646837234497,
                    -0.9059197902679443,
                    -0.24303066730499268,
                    0.0
                ],
                [
                    -0.747962236404419,
                    -0.42342543601989746,
                    0.5111393928527832,
                    0.0
                ],
                [
                    0.3691193759441376,
                    0.4295812249183655,
                    -0.07700498402118683,
                    1.0
                ]
            ],
            "location": [
                -0.4295812249183655,
                -0.07700498402118683,
                -0.3691193759441376
            ],
            "location_world": [
                0.3691193759441376,
                0.4295812249183655,
                -0.07700498402118683
            ],
            "name": "google_Breyer_Horse_Of_The_Year_2015_1",
            "projected_cuboid": [
                [
                    -1039.8927927017212,
                    550.4857301712036
                ],
                [
                    -753.7989616394043,
                    562.7128481864929
                ],
                [
                    -512.9883885383606,
                    598.9880561828613
                ],
                [
                    -671.6467142105103,
                    593.9692258834839
                ],
                [
                    -495.75895071029663,
                    54.7044575214386
                ],
                [
                    -355.50087690353394,
                    92.0434296131134
                ],
                [
                    -287.7020835876465,
                    238.62910270690918
                ],
                [
                    -387.037992477417,
                    218.22279691696167
                ],
                [
                    -504.4255256652832,
                    328.48209142684937
                ]
            ],
            "provenance": "visii",
            "quaternion_xyzw": [
                0.3501913249492645,
                0.05818036198616028,
                0.7063153982162476,
                -0.612453818321228
            ],
            "quaternion_xyzw_world": [
                -0.4551987648010254,
                -0.1929362267255783,
                0.8635704517364502,
                -0.09907473623752594
            ],
            "segmentation_id": 2,
            "visibility": 0
        },
        {
            "bounding_box_minx_maxx_miny_maxy": [
                0,
                28,
                53,
                111
            ],
            "class": "Smith",
            "local_cuboid": null,
            "local_to_world_matrix": [
                [
                    -0.78676438331604,
                    -0.043725043535232544,
                    0.615702748298645,
                    0.0
                ],
                [
                    -0.6054608821868896,
                    -0.13937973976135254,
                    -0.7835753560066223,
                    0.0
                ],
                [
                    0.12007835507392883,
                    -0.9892731308937073,
                    0.08318519592285156,
                    0.0
                ],
                [
                    1.7103407382965088,
                    0.8219221234321594,
                    0.3700607120990753,
                    1.0
                ]
            ],
            "location": [
                -0.8219221234321594,
                0.3700607120990753,
                -1.7103407382965088
            ],
            "location_world": [
                1.7103407382965088,
                0.8219221234321594,
                0.3700607120990753
            ],
            "name": "google_Smith_Hawken_Woven_BasketTray_Organizer_with_3_Compartments_95_x_9_x_13_2",
            "projected_cuboid": [
                [
                    46.5242862701416,
                    32.29919075965881
                ],
                [
                    39.92380201816559,
                    89.9231880903244
                ],
                [
                    -72.17726111412048,
                    95.50480544567108
                ],
                [
                    -54.84214425086975,
                    36.22420132160187
                ],
                [
                    71.08351588249207,
                    132.02407956123352
                ],
                [
                    67.63669848442078,
                    189.2004907131195
                ],
                [
                    -26.042819023132324,
                    195.69414854049683
                ],
                [
                    -14.978140592575073,
                    137.03840970993042
                ],
                [
                    9.236305952072144,
                    116.25827848911285
                ]
            ],
            "provenance": "visii",
            "quaternion_xyzw": [
                0.6977425813674927,
                0.27054476737976074,
                0.6363512873649597,
                0.18713051080703735
            ],
            "quaternion_xyzw_world": [
                0.2595332860946655,
                -0.6253398060798645,
                0.7087540626525879,
                0.19814202189445496
            ],
            "segmentation_id": 3,
            "visibility": 1
        },
        {
            "bounding_box_minx_maxx_miny_maxy": [
                306,
                383,
                1,
                24
            ],
            "class": "Paul",
            "local_cuboid": null,
            "local_to_world_matrix": [
                [
                    0.9346792697906494,
                    0.07153327763080597,
                    0.3482207655906677,
                    0.0
                ],
                [
                    -0.351095974445343,
                    0.33932721614837646,
                    0.8726904988288879,
                    0.0
                ],
                [
                    -0.05573438107967377,
                    -0.9379445910453796,
                    0.3422771692276001,
                    0.0
                ],
                [
                    1.6208220720291138,
                    -0.1683061420917511,
                    0.6536890268325806,
                    1.0
                ]
            ],
            "location": [
                0.1683061420917511,
                0.6536890268325806,
                -1.6208220720291138
            ],
            "location_world": [
                1.6208220720291138,
                -0.1683061420917511,
                0.6536890268325806
            ],
            "name": "google_Paul_Frank_Dot_Lunch_Box_3",
            "projected_cuboid": [
                [
                    386.11212372779846,
                    -2.41696834564209
                ],
                [
                    376.216858625412,
                    -41.19649529457092
                ],
                [
                    299.14185404777527,
                    -11.232763528823853
                ],
                [
                    310.6207847595215,
                    26.618480682373047
                ],
                [
                    415.9535765647888,
                    -6.928145885467529
                ],
                [
                    405.1678776741028,
                    -52.336186170578
                ],
                [
                    315.0103688240051,
                    -17.287462949752808
                ],
                [
                    327.955961227417,
                    26.858076453208923
                ],
                [
                    353.5463213920593,
                    -9.227871894836426
                ]
            ],
            "provenance": "visii",
            "quaternion_xyzw": [
                0.003235824406147003,
                0.6871115565299988,
                0.25227823853492737,
                0.6813390851020813
            ],
            "quaternion_xyzw_world": [
                0.5597041249275208,
                -0.12487074732780457,
                0.13064329326152802,
                0.8087465167045593
            ],
            "segmentation_id": 4,
            "visibility": 1
        },
        {
            "bounding_box_minx_maxx_miny_maxy": [
                -1,
                -1,
                -1,
                -1
            ],
            "class": "Toys",
            "local_cuboid": null,
            "local_to_world_matrix": [
                [
                    0.24618619680404663,
                    0.666336715221405,
                    -0.7038379311561584,
                    0.0
                ],
                [
                    -0.8854971528053284,
                    0.4498838186264038,
                    0.11618709564208984,
                    0.0
                ],
                [
                    0.39406508207321167,
                    0.5946427583694458,
                    0.7007943391799927,
                    0.0
                ],
                [
                    1.499241590499878,
                    -0.504764199256897,
                    -0.7716405987739563,
                    1.0
                ]
            ],
            "location": [
                0.504764199256897,
                -0.7716405987739563,
                -1.499241590499878
            ],
            "location_world": [
                1.499241590499878,
                -0.504764199256897,
                -0.7716405987739563
            ],
            "name": "google_Toys_R_Us_Treat_Dispenser_Smart_Puzzle_Foobler_4",
            "projected_cuboid": [
                [
                    395.3561782836914,
                    516.6183114051819
                ],
                [
                    380.80549240112305,
                    533.5273742675781
                ],
                [
                    424.2406487464905,
                    590.111255645752
                ],
                [
                    435.61458587646484,
                    567.696750164032
                ],
                [
                    437.4758005142212,
                    482.0760488510132
                ],
                [
                    426.44697427749634,
                    496.22559547424316
                ],
                [
                    473.00851345062256,
                    552.7383685112
                ],
                [
                    480.3697466850281,
                    533.0619812011719
                ],
                [
                    431.2014579772949,
                    533.291757106781
                ]
            ],
            "provenance": "visii",
            "quaternion_xyzw": [
                -0.3910055160522461,
                0.7376633882522583,
                0.5376068353652954,
                -0.11809469759464264
            ],
            "quaternion_xyzw_world": [
                -0.1545218676328659,
                0.3545783460140228,
                0.5011796951293945,
                0.7740905284881592
            ],
            "segmentation_id": 5,
            "visibility": 0
        },
        {
            "bounding_box_minx_maxx_miny_maxy": [
                -1,
                -1,
                -1,
                -1
            ],
            "class": "Tag",
            "local_cuboid": null,
            "local_to_world_matrix": [
                [
                    0.8234071731567383,
                    0.12561209499835968,
                    -0.5533735156059265,
                    0.0
                ],
                [
                    -0.5351911783218384,
                    0.4960319995880127,
                    -0.6837562322616577,
                    0.0
                ],
                [
                    0.18860290944576263,
                    0.8591704368591309,
                    0.4756627678871155,
                    0.0
                ],
                [
                    0.23456749320030212,
                    -0.24909672141075134,
                    0.1710294634103775,
                    1.0
                ]
            ],
            "location": [
                0.24909672141075134,
                0.1710294634103775,
                -0.23456749320030212
            ],
            "location_world": [
                0.23456749320030212,
                -0.24909672141075134,
                0.1710294634103775
            ],
            "name": "google_Tag_Dishtowel_Basket_Weave_Red_18_x_26_5",
            "projected_cuboid": [
                [
                    680.2703738212585,
                    -105.83764314651489
                ],
                [
                    615.5705451965332,
                    102.23783552646637
                ],
                [
                    700.0789642333984,
                    139.52484726905823
                ],
                [
                    737.2224926948547,
                    -84.94719862937927
                ],
                [
                    994.7734475135803,
                    -564.3116235733032
                ],
                [
                    1207.8886032104492,
                    -613.9929890632629
                ],
                [
                    1447.039008140564,
                    -571.5351700782776
                ],
                [
                    1096.1343050003052,
                    -543.777585029602
                ],
                [
                    844.6000218391418,
                    -205.64329624176025
                ]
            ],
            "provenance": "visii",
            "quaternion_xyzw": [
                -0.6608228087425232,
                0.39700719714164734,
                0.6365464329719543,
                -0.02252056449651718
            ],
            "quaternion_xyzw_world": [
                -0.461441308259964,
                0.2219020426273346,
                0.19762568175792694,
                0.8359279036521912
            ],
            "segmentation_id": 6,
            "visibility": 0
        },
        {
            "bounding_box_minx_maxx_miny_maxy": [
                450,
                499,
                196,
                289
            ],
            "class": "FRACTION",
            "local_cuboid": null,
            "local_to_world_matrix": [
                [
                    -0.4324653148651123,
                    -0.6449674367904663,
                    -0.6300721764564514,
                    0.0
                ],
                [
                    -0.26139944791793823,
                    0.7584718465805054,
                    -0.5969847440719604,
                    0.0
                ],
                [
                    0.8629277348518372,
                    -0.0934746265411377,
                    -0.4966069459915161,
                    0.0
                ],
                [
                    1.1752375364303589,
                    -0.46441230177879333,
                    0.011272803880274296,
                    1.0
                ]
            ],
            "location": [
                0.46441230177879333,
                0.011272803880274296,
                -1.1752375364303589
            ],
            "location_world": [
                1.1752375364303589,
                -0.46441230177879333,
                0.011272803880274296
            ],
            "name": "google_FRACTION_FUN_n4h4qte23QR_6",
            "projected_cuboid": [
                [
                    550.1420497894287,
                    254.62022423744202
                ],
                [
                    487.7762198448181,
                    314.0592575073242
                ],
                [
                    493.6310052871704,
                    304.4387996196747
                ],
                [
                    557.775616645813,
                    243.47642064094543
                ],
                [
                    478.8554012775421,
                    202.11991667747498
                ],
                [
                    417.46851801872253,
                    255.76946139335632
                ],
                [
                    420.7145571708679,
                    244.90898847579956
                ],
                [
                    483.84562134742737,
                    190.05557894706726
                ],
                [
                    485.73899269104004,
                    249.78794157505035
                ]
            ],
            "provenance": "visii",
            "quaternion_xyzw": [
                -0.8810334801673889,
                0.3940100073814392,
                -0.14923948049545288,
                -0.2150900959968567
            ],
            "quaternion_xyzw_world": [
                -0.27643704414367676,
                0.8196865320205688,
                -0.21058641374111176,
                0.4553569555282593
            ],
            "segmentation_id": 7,
            "visibility": 1
        },
        {
            "bounding_box_minx_maxx_miny_maxy": [
                422,
                499,
                48,
                186
            ],
            "class": "FAIRY",
            "local_cuboid": null,
            "local_to_world_matrix": [
                [
                    -0.6288512945175171,
                    -0.6733522415161133,
                    0.3887709379196167,
                    0.0
                ],
                [
                    -0.7767752408981323,
                    0.5660339593887329,
                    -0.27609026432037354,
                    0.0
                ],
                [
                    -0.03415156900882721,
                    -0.47560733556747437,
                    -0.8789944648742676,
                    0.0
                ],
                [
                    0.8004825115203857,
                    -0.3601174056529999,
                    0.2854022681713104,
                    1.0
                ]
            ],
            "location": [
                0.3601174056529999,
                0.2854022681713104,
                -0.8004825115203857
            ],
            "location_world": [
                0.8004825115203857,
                -0.3601174056529999,
                0.2854022681713104
            ],
            "name": "google_FAIRY_TALE_BLOCKS_7",
            "projected_cuboid": [
                [
                    711.5343809127808,
                    121.29954993724823
                ],
                [
                    718.8479900360107,
                    150.18899738788605
                ],
                [
                    609.6525192260742,
                    -39.73037004470825
                ],
                [
                    629.6528577804565,
                    -20.964324474334717
                ],
                [
                    534.2373847961426,
                    201.61491632461548
                ],
                [
                    492.4986958503723,
                    246.1884319782257
                ],
                [
                    407.47565031051636,
                    93.4966653585434
                ],
                [
                    466.7360186576843,
                    81.31881058216095
                ],
                [
                    563.5621547698975,
                    107.76908695697784
                ]
            ],
            "provenance": "visii",
            "quaternion_xyzw": [
                -0.69197016954422,
                0.06404285877943039,
                -0.3990268409252167,
                -0.5982084274291992
            ],
            "quaternion_xyzw_world": [
                -0.41355448961257935,
                0.8766241669654846,
                -0.21437282860279083,
                -0.12061113119125366
            ],
            "segmentation_id": 8,
            "visibility": 1
        },
        {
            "bounding_box_minx_maxx_miny_maxy": [
                -1,
                -1,
                -1,
                -1
            ],
            "class": "Great",
            "local_cuboid": null,
            "local_to_world_matrix": [
                [
                    -0.009291410446166992,
                    0.8657814264297485,
                    -0.5003362894058228,
                    0.0
                ],
                [
                    -0.9954599142074585,
                    -0.05540883541107178,
                    -0.07739338278770447,
                    0.0
                ],
                [
                    -0.09472872316837311,
                    0.49734553694725037,
                    0.8623653054237366,
                    0.0
                ],
                [
                    1.0680475234985352,
                    0.6141671538352966,
                    -0.5179067850112915,
                    1.0
                ]
            ],
            "location": [
                -0.6141671538352966,
                -0.5179067850112915,
                -1.0680475234985352
            ],
            "location_world": [
                1.0680475234985352,
                0.6141671538352966,
                -0.5179067850112915
            ],
            "name": "google_Great_Jones_Wingtip_kAqSg6EgG0I_8",
            "projected_cuboid": [
                [
                    -112.24827170372009,
                    466.88729524612427
                ],
                [
                    -225.4796326160431,
                    557.7784776687622
                ],
                [
                    -182.44019150733948,
                    619.0344095230103
                ],
                [
                    -81.13792538642883,
                    513.3857131004333
                ],
                [
                    -64.02435898780823,
                    439.01219964027405
                ],
                [
                    -160.53038835525513,
                    520.2064514160156
                ],
                [
                    -118.30586194992065,
                    581.8362832069397
                ],
                [
                    -33.36477279663086,
                    485.71667075157166
                ],
                [
                    -114.85126614570618,
                    516.2820816040039
                ]
            ],
            "provenance": "visii",
            "quaternion_xyzw": [
                -0.17094099521636963,
                0.6507033705711365,
                0.7137758731842041,
                -0.19464969635009766
            ],
            "quaternion_xyzw_world": [
                -0.21433158218860626,
                0.15125912427902222,
                0.6940939426422119,
                0.6703852415084839
            ],
            "segmentation_id": 9,
            "visibility": 0
        },
        {
            "bounding_box_minx_maxx_miny_maxy": [
                -1,
                -1,
                -1,
                -1
            ],
            "class": "Ecoforms",
            "local_cuboid": null,
            "local_to_world_matrix": [
                [
                    0.9304937720298767,
                    0.2992759346961975,
                    0.2112232893705368,
                    0.0
                ],
                [
                    0.3217124342918396,
                    -0.3919318914413452,
                    -0.8619112968444824,
                    0.0
                ],
                [
                    -0.1751641482114792,
                    0.8699562549591064,
                    -0.46097099781036377,
                    0.0
                ],
                [
                    1.7100422382354736,
                    0.13259543478488922,
                    -0.5473827123641968,
                    1.0
                ]
            ],
            "location": [
                -0.13259543478488922,
                -0.5473827123641968,
                -1.7100422382354736
            ],
            "location_world": [
                1.7100422382354736,
                0.13259543478488922,
                -0.5473827123641968
            ],
            "name": "google_Ecoforms_Plant_Container_Quadra_Sand_QP6_9",
            "projected_cuboid": [
                [
                    130.2577555179596,
                    431.5906763076782
                ],
                [
                    159.31998193264008,
                    480.3798198699951
                ],
                [
                    209.16031301021576,
                    451.0279893875122
                ],
                [
                    182.30770528316498,
                    402.03794836997986
                ],
                [
                    138.6958360671997,
                    467.73457527160645
                ],
                [
                    170.61267793178558,
                    520.4874277114868
                ],
                [
                    225.59502720832825,
                    487.271785736084
                ],
                [
                    196.38454914093018,
                    434.22067165374756
                ],
                [
                    176.7110973596573,
                    458.72145891189575
                ]
            ],
            "provenance": "visii",
            "quaternion_xyzw": [
                -0.5889549255371094,
                -0.2560276687145233,
                0.764256477355957,
                -0.05911250412464142
            ],
            "quaternion_xyzw_world": [
                -0.8341757655143738,
                -0.18610836565494537,
                -0.010806813836097717,
                0.5190355777740479
            ],
            "segmentation_id": 10,
            "visibility": 0
        },
        {
            "bounding_box_minx_maxx_miny_maxy": [
                85,
                210,
                276,
                500
            ],
            "class": "ReadytoUse",
            "local_cuboid": null,
            "local_to_world_matrix": [
                [
                    0.4950132369995117,
                    0.02403898537158966,
                    -0.8685528635978699,
                    0.0
                ],
                [
                    0.3544931411743164,
                    -0.9182261228561401,
                    0.17662203311920166,
                    0.0
                ],
                [
                    -0.7932820916175842,
                    -0.39532625675201416,
                    -0.46305572986602783,
                    0.0
                ],
                [
                    0.5001816749572754,
                    0.10958535969257355,
                    -0.0742536187171936,
                    1.0
                ]
            ],
            "location": [
                -0.10958535969257355,
                -0.0742536187171936,
                -0.5001816749572754
            ],
            "location_world": [
                0.5001816749572754,
                0.10958535969257355,
                -0.0742536187171936
            ],
            "name": "google_ReadytoUse_Rolled_Fondant_Pure_White_24_oz_box_10",
            "projected_cuboid": [
                [
                    145.79740166664124,
                    575.9118795394897
                ],
                [
                    217.48262643814087,
                    548.9744544029236
                ],
                [
                    150.8794128894806,
                    387.2746229171753
                ],
                [
                    95.3623354434967,
                    401.90088748931885
                ],
                [
                    132.02102482318878,
                    441.06221199035645
                ],
                [
                    216.92238748073578,
                    416.2293076515198
                ],
                [
                    142.09456741809845,
                    271.2867259979248
                ],
                [
                    78.99588346481323,
                    283.4438979625702
                ],
                [
                    143.75156164169312,
                    407.6045751571655
                ]
            ],
            "provenance": "visii",
            "quaternion_xyzw": [
                0.03891293331980705,
                0.31913119554519653,
                -0.6404488682746887,
                0.6974713206291199
            ],
            "quaternion_xyzw_world": [
                0.8479821681976318,
                0.11159790307283401,
                -0.48993805050849915,
                0.16862037777900696
            ],
            "segmentation_id": 11,
            "visibility": 1
        },
        {
            "bounding_box_minx_maxx_miny_maxy": [
                415,
                499,
                418,
                500
            ],
            "class": "Dog",
            "local_cuboid": null,
            "local_to_world_matrix": [
                [
                    0.4557833671569824,
                    -0.4941887855529785,
                    0.740296483039856,
                    0.0
                ],
                [
                    0.2510315179824829,
                    -0.7265772819519043,
                    -0.6395846605300903,
                    0.0
                ],
                [
                    0.853958249092102,
                    0.4773498475551605,
                    -0.20710492134094238,
                    0.0
                ],
                [
                    0.15887422859668732,
                    -0.1673128604888916,
                    -0.15647347271442413,
                    1.0
                ]
            ],
            "location": [
                0.1673128604888916,
                -0.15647347271442413,
                -0.15887422859668732
            ],
            "location_world": [
                0.15887422859668732,
                -0.1673128604888916,
                -0.15647347271442413
            ],
            "name": "google_Dog_11",
            "projected_cuboid": [
                [
                    356.49654269218445,
                    335.416316986084
                ],
                [
                    545.0342893600464,
                    502.3379325866699
                ],
                [
                    1000.2752542495728,
                    578.6145925521851
                ],
                [
                    754.7385692596436,
                    280.7236611843109
                ],
                [
                    128.47822904586792,
                    778.9256572723389
                ],
                [
                    418.7086522579193,
                    935.6303215026855
                ],
                [
                    1077.8632164001465,
                    1637.9852294921875
                ],
                [
                    566.1559104919434,
                    1554.5989274978638
                ],
                [
                    548.6482381820679,
                    682.3840141296387
                ]
            ],
            "provenance": "visii",
            "quaternion_xyzw": [
                0.8642528057098389,
                0.42431849241256714,
                -0.2699248492717743,
                -0.012706547975540161
            ],
            "quaternion_xyzw_world": [
                0.7728947997093201,
                -0.07865146547555923,
                0.5156764984130859,
                -0.3612828552722931
            ],
            "segmentation_id": 12,
            "visibility": 1
        },
        {
            "bounding_box_minx_maxx_miny_maxy": [
                -1,
                -1,
                -1,
                -1
            ],
            "class": "Black",
            "local_cuboid": null,
            "local_to_world_matrix": [
                [
                    -0.6498430967330933,
                    0.45170101523399353,
                    -0.6112856268882751,
                    0.0
                ],
                [
                    -0.4887959659099579,
                    -0.8642446994781494,
                    -0.11899428069591522,
                    0.0
                ],
                [
                    -0.5820501446723938,
                    0.2214663177728653,
                    0.782413125038147,
                    0.0
                ],
                [
                    0.23388245701789856,
                    -0.36327335238456726,
                    -0.02796575427055359,
                    1.0
                ]
            ],
            "location": [
                0.36327335238456726,
                -0.02796575427055359,
                -0.23388245701789856
            ],
            "location_world": [
                0.23388245701789856,
                -0.36327335238456726,
                -0.02796575427055359
            ],
            "name": "google_Black_Elderberry_Syrup_54_oz_Gaia_Herbs_12",
            "projected_cuboid": [
                [
                    1465.8150672912598,
                    -47.640323638916016
                ],
                [
                    2032.1826934814453,
                    -85.02897620201111
                ],
                [
                    1379.4305324554443,
                    396.9449996948242
                ],
                [
                    1103.308916091919,
                    360.00320315361023
                ],
                [
                    1303.7611246109009,
                    -102.60921716690063
                ],
                [
                    1702.7034759521484,
                    -141.29722118377686
                ],
                [
                    1268.6923742294312,
                    285.46085953712463
                ],
                [
                    1042.9656505584717,
                    265.7226622104645
                ],
                [
                    1343.4169292449951,
                    159.19026732444763
                ]
            ],
            "provenance": "visii",
            "quaternion_xyzw": [
                0.14598208665847778,
                0.43320220708847046,
                0.7336118817329407,
                -0.5028306841850281
            ],
            "quaternion_xyzw_world": [
                -0.32862913608551025,
                0.028219465166330338,
                0.9078134298324585,
                0.25900062918663025
            ],
            "segmentation_id": 13,
            "visibility": 0
        },
        {
            "bounding_box_minx_maxx_miny_maxy": [
                245,
                323,
                112,
                153
            ],
