{
    "camera_data": {
        "camera_look_at": {
            "at": [
                1.0,
                0.0,
                0.0
            ],
            "eye": [
                0.0,
                0.0,
                0.0
            ],
            "up": [
                0.0,
                0.0,
                1.0
            ]
        },
        "camera_view_matrix": [
            [
                0.0,
                0.0,
                -1.0,
                0.0
            ],
            [
                -1.0,
                0.0,
                0.0,
                0.0
            ],
            [
                0.0,
                1.0,
                0.0,
                0.0
            ],
            [
                0.0,
                0.0,
                0.0,
                1.0
            ]
        ],
        "height": 500,
        "intrinsics": {
            "cx": 250.0,
            "cy": 250.0,
            "fx": 603.5535278320312,
            "fy": 603.5535278320312
        },
        "location_world": [
            0.0,
            0.0,
            0.0
        ],
        "quaternion_world_xyzw": [
            0.5,
            -0.5,
            -0.5,
            0.5
        ],
        "width": 500
    },
    "objects": [
        {
            "bounding_box_minx_maxx_miny_maxy": [
                -1,
                -1,
                -1,
                -1
            ],
            "class": "Reebok",
            "local_cuboid": null,
            "local_to_world_matrix": [
                [
                    0.49917763471603394,
                    -0.1463049352169037,
                    -0.8540589213371277,
                    0.0
                ],
                [
                    0.769019603729248,
                    0.5289915204048157,
                    0.3588549792766571,
                    0.0
                ],
                [
                    0.3992876410484314,
                    -0.8359203338623047,
                    0.3765721321105957,
                    0.0
                ],
                [
                    0.2047656625509262,
                    0.28783586621284485,
                    0.280527800321579,
                    1.0
                ]
            ],
            "location": [
                -0.28783586621284485,
                0.280527800321579,
                -0.2047656625509262
            ],
            "location_world": [
                0.2047656625509262,
                0.28783586621284485,
                0.280527800321579
            ],
            "name": "google_Reebok_SOMERSET_RUN_0",
            "projected_cuboid": [
                [
                    -130.804181098938,
                    -559.1727495193481
                ],
                [
                    -150.54741501808167,
                    -256.11478090286255
                ],
                [
                    -373.89564514160156,
                    -247.64549732208252
                ],
                [
                    -764.2457485198975,
                    -651.6085267066956
                ],
                [
                    -415.52191972732544,
                    -1499.455451965332
                ],
                [
                    -247.54133820533752,
                    -514.5809650421143
                ],
                [
                    -529.9776196479797,
                    -545.9124445915222
                ],
                [
                    -1812.817096710205,
                    -2354.3407917022705
                ],
                [
                    -383.9750289916992,
                    -550.7625341415405
                ]
            ],
            "provenance": "visii",
            "quaternion_xyzw": [
                -0.5446874499320984,
                0.63479083776474,
                -0.15455777943134308,
                0.5258023142814636
            ],
            "quaternion_xyzw_world": [
                0.38523176312446594,
                0.4041168689727783,
                -0.29512834548950195,
                0.7753614187240601
            ],
            "segmentation_id": 1,
            "visibility": 0
        },
        {
            "bounding_box_minx_maxx_miny_maxy": [
                -1,
                -1,
                -1,
                -1
            ],
            "class": "Breyer",
            "local_cuboid": null,
            "local_to_world_matrix": [
                [
                    -0.5387470722198486,
                    -0.6864159107208252,
                    -0.48845145106315613,
                    0.0
                ],
                [
                    0.8332586288452148,
                    -0.34866440296173096,
                    -0.42908424139022827,
                    0.0
                ],
                [
                    0.12422463297843933,
                    -0.6381742358207703,
                    0.7598038911819458,
                    0.0
                ],
                [
                    0.40748342871665955,
                    0.4237020015716553,
                    -0.0972411185503006,
                    1.0
                ]
            ],
            "location": [
                -0.4237020015716553,
                -0.0972411185503006,
                -0.40748342871665955
            ],
            "location_world": [
                0.40748342871665955,
                0.4237020015716553,
                -0.0972411185503006
            ],
            "name": "google_Breyer_Horse_Of_The_Year_2015_1",
            "projected_cuboid": [
                [
                    -193.75699758529663,
                    299.8076379299164
                ],
                [
                    -108.52017998695374,
                    331.7562937736511
                ],
                [
                    -284.67267751693726,
                    523.9081382751465
                ],
                [
                    -400.8980393409729,
                    518.4616446495056
                ],
                [
                    -280.08055686950684,
                    141.3452923297882
                ],
                [
                    -207.3419690132141,
                    180.32987415790558
                ],
                [
                    -343.2394862174988,
                    318.6693787574768
                ],
                [
                    -433.5665702819824,
                    292.8108870983124
                ],
                [
                    -282.11647272109985,
                    310.9568953514099
                ]
            ],
            "provenance": "visii",
            "quaternion_xyzw": [
                0.7482855319976807,
                -0.046702414751052856,
                0.3932059705257416,
                -0.5322375297546387
            ],
            "quaternion_xyzw_world": [
                -0.11193019896745682,
                -0.3279781937599182,
                0.8135132789611816,
                -0.4670097529888153
            ],
            "segmentation_id": 2,
            "visibility": 0
        },
        {
            "bounding_box_minx_maxx_miny_maxy": [
                0,
                56,
                81,
                196
            ],
            "class": "Smith",
            "local_cuboid": null,
            "local_to_world_matrix": [
                [
                    -0.900435209274292,
                    -0.1024264544248581,
                    0.42275914549827576,
                    0.0
                ],
                [
                    -0.405364453792572,
                    -0.15494942665100098,
                    -0.9009274840354919,
                    0.0
                ],
                [
                    0.1577850878238678,
                    -0.9825983643531799,
                    0.09800189733505249,
                    0.0
                ],
                [
                    1.744530439376831,
                    0.8323445320129395,
                    0.3201518952846527,
                    1.0
                ]
            ],
            "location": [
                -0.8323445320129395,
                0.3201518952846527,
                -1.744530439376831
            ],
            "location_world": [
                1.744530439376831,
                0.8323445320129395,
                0.3201518952846527
            ],
            "name": "google_Smith_Hawken_Woven_BasketTray_Organizer_with_3_Compartments_95_x_9_x_13_2",
            "projected_cuboid": [
                [
                    44.920071959495544,
                    55.51278591156006
                ],
                [
                    46.62005603313446,
                    131.5951943397522
                ],
                [
                    -63.12039494514465,
                    138.69895040988922
                ],
                [
                    -57.860493659973145,
                    60.19027531147003
                ],
                [
                    67.0495480298996,
                    133.02652537822723
                ],
                [
                    69.67540085315704,
                    200.3510296344757
                ],
                [
                    -20.329266786575317,
                    207.78238773345947
                ],
                [
                    -18.21950078010559,
                    138.6057287454605
                ],
                [
                    10.651424527168274,
                    135.4842185974121
                ]
            ],
            "provenance": "visii",
            "quaternion_xyzw": [
                0.7350406646728516,
                0.1964886486530304,
                0.6404521465301514,
                0.10453930497169495
            ],
            "quaternion_xyzw_world": [
                0.19780822098255157,
                -0.6417717337608337,
                0.7337210774421692,
                0.10321974754333496
            ],
            "segmentation_id": 3,
            "visibility": 1
        },
        {
            "bounding_box_minx_maxx_miny_maxy": [
                242,
                343,
                1,
                50
            ],
            "class": "Paul",
            "local_cuboid": null,
            "local_to_world_matrix": [
                [
                    -0.4070475101470947,
                    0.8304780721664429,
                    -0.3802875876426697,
                    0.0
                ],
                [
                    -0.45762860774993896,
                    0.17489641904830933,
                    0.8717725872993469,
                    0.0
                ],
                [
                    0.7904989123344421,
                    0.5288832783699036,
                    0.3088592290878296,
                    0.0
                ],
                [
                    1.6561170816421509,
                    -0.17455200850963593,
                    0.6172004342079163,
                    1.0
                ]
            ],
            "location": [
                0.17455200850963593,
                0.6172004342079163,
                -1.6561170816421509
            ],
            "location_world": [
                1.6561170816421509,
                -0.17455200850963593,
                0.6172004342079163
            ],
            "name": "google_Paul_Frank_Dot_Lunch_Box_3",
            "projected_cuboid": [
                [
                    233.83642733097076,
                    52.78556048870087
                ],
                [
                    226.91380977630615,
                    15.008136630058289
                ],
                [
                    271.1801528930664,
                    15.10407030582428
                ],
                [
                    277.53946185112,
                    57.13757872581482
                ],
                [
                    303.5964071750641,
                    32.2829931974411
                ],
                [
                    298.9153265953064,
                    -3.868192434310913
                ],
                [
                    348.203182220459,
                    -5.83338737487793
                ],
                [
                    351.9757091999054,
                    34.197449684143066
                ],
                [
                    288.9651358127594,
                    24.529173970222473
                ]
            ],
            "provenance": "visii",
            "quaternion_xyzw": [
                -0.14853310585021973,
                0.9344449043273926,
                0.20506498217582703,
                -0.2503975033760071
            ],
            "quaternion_xyzw_world": [
                0.16522465646266937,
                0.5641552805900574,
                0.6206871867179871,
                0.5188227891921997
            ],
            "segmentation_id": 4,
            "visibility": 1
        },
        {
            "bounding_box_minx_maxx_miny_maxy": [
                -1,
                -1,
                -1,
                -1
            ],
            "class": "Toys",
            "local_cuboid": null,
            "local_to_world_matrix": [
                [
                    -0.7485389709472656,
                    0.043479517102241516,
                    0.6616644263267517,
                    0.0
                ],
                [
                    0.4605313539505005,
                    -0.6838351488113403,
                    0.565933883190155,
                    0.0
                ],
                [
                    0.47707563638687134,
                    0.7283404469490051,
                    0.49185287952423096,
                    0.0
                ],
                [
                    1.457199215888977,
                    -0.7466891407966614,
                    -0.6764811277389526,
                    1.0
                ]
            ],
            "location": [
                0.7466891407966614,
                -0.6764811277389526,
                -1.457199215888977
            ],
            "location_world": [
                1.457199215888977,
                -0.7466891407966614,
                -0.6764811277389526
            ],
            "name": "google_Toys_R_Us_Treat_Dispenser_Smart_Puzzle_Foobler_4",
            "projected_cuboid": [
                [
                    493.16245317459106,
                    499.2220997810364
                ],
                [
                    523.8573551177979,
                    452.6463747024536
                ],
                [
                    584.8502516746521,
                    494.7388470172882
                ],
                [
                    555.6773543357849,
                    546.0022687911987
                ],
                [
                    477.641761302948,
                    520.4242467880249
                ],
                [
                    506.8248510360718,
                    476.24510526657104
                ],
                [
                    562.457799911499,
                    516.3077712059021
                ],
                [
                    534.4955921173096,
                    564.5918846130371
                ],
                [
                    529.1261672973633,
                    508.08942317962646
                ]
            ],
            "provenance": "visii",
            "quaternion_xyzw": [
                0.4657420516014099,
                0.7222342491149902,
                0.010841965675354004,
                -0.5112189054489136
            ],
            "quaternion_xyzw_world": [
                0.3329577147960663,
                0.37843456864356995,
                0.8550185561180115,
                -0.12194233387708664
            ],
            "segmentation_id": 5,
            "visibility": 0
        },
        {
            "bounding_box_minx_maxx_miny_maxy": [
                -1,
                -1,
                -1,
                -1
            ],
            "class": "Tag",
            "local_cuboid": null,
            "local_to_world_matrix": [
                [
                    -0.09151613712310791,
                    0.9444853067398071,
                    -0.3155507445335388,
                    0.0
                ],
                [
                    -0.4851081073284149,
                    0.23445236682891846,
                    0.842438280582428,
                    0.0
                ],
                [
                    0.8696522116661072,
                    0.23017293214797974,
                    0.4367212653160095,
                    0.0
                ],
                [
                    0.25658848881721497,
                    -0.21886120736598969,
                    0.1430492103099823,
                    1.0
                ]
            ],
            "location": [
                0.21886120736598969,
                0.1430492103099823,
                -0.25658848881721497
            ],
            "location_world": [
                0.25658848881721497,
                -0.21886120736598969,
                0.1430492103099823
            ],
            "name": "google_Tag_Dishtowel_Basket_Weave_Red_18_x_26_5",
            "projected_cuboid": [
                [
                    533.8153839111328,
                    190.33166766166687
                ],
                [
                    529.8136472702026,
                    -372.15203046798706
                ],
                [
                    599.0933179855347,
                    -422.4397540092468
                ],
                [
                    577.8458118438721,
                    214.49539065361023
                ],
                [
                    797.9208827018738,
                    100.53284466266632
                ],
                [
                    919.4966554641724,
                    -467.7152633666992
                ],
                [
                    1040.3859615325928,
                    -528.1603336334229
                ],
                [
                    864.7526502609253,
                    115.0411069393158
                ],
                [
                    727.5776267051697,
                    -84.48997139930725
                ]
            ],
            "provenance": "visii",
            "quaternion_xyzw": [
                -0.14381290972232819,
                0.956108808517456,
                0.24103671312332153,
                -0.08411414921283722
            ],
            "quaternion_xyzw_world": [
                0.24357247352600098,
                0.4714995324611664,
                0.5687233805656433,
                0.6284221410751343
            ],
            "segmentation_id": 6,
            "visibility": 0
        },
        {
            "bounding_box_minx_maxx_miny_maxy": [
                476,
                499,
                198,
                253
            ],
            "class": "FRACTION",
            "local_cuboid": null,
            "local_to_world_matrix": [
                [
                    -0.4085984230041504,
                    -0.7844271063804626,
                    0.4666063189506531,
                    0.0
                ],
                [
                    0.21168828010559082,
                    -0.5787363052368164,
                    -0.7875610589981079,
                    0.0
                ],
                [
                    0.8878262639045715,
                    -0.22302106022834778,
                    0.40252476930618286,
                    0.0
                ],
                [
                    1.2795521020889282,
                    -0.6034325361251831,
                    0.04590684175491333,
                    1.0
                ]
            ],
            "location": [
                0.6034325361251831,
                0.04590684175491333,
                -1.2795521020889282
            ],
            "location_world": [
                1.2795521020889282,
                -0.6034325361251831,
                0.04590684175491333
            ],
            "name": "google_FRACTION_FUN_n4h4qte23QR_6",
            "projected_cuboid": [
                [
                    549.7888326644897,
                    164.51331973075867
                ],
                [
                    591.2917852401733,
                    236.1588180065155
                ],
                [
                    597.1266031265259,
                    244.15063858032227
                ],
                [
                    554.4960498809814,
                    170.4905927181244
                ],
                [
                    471.53979539871216,
                    206.07784390449524
                ],
                [
                    513.1608247756958,
                    272.78050780296326
                ],
                [
                    516.4083242416382,
                    281.4100980758667
                ],
                [
                    473.63847494125366,
                    212.9722684621811
                ],
                [
                    532.6312780380249,
                    224.59827363491058
                ]
            ],
            "provenance": "visii",
            "quaternion_xyzw": [
                0.9300287961959839,
                0.2809973955154419,
                0.16978490352630615,
                -0.1651059240102768
            ],
            "quaternion_xyzw_world": [
                0.4380676746368408,
                -0.32685521245002747,
                0.772958517074585,
                -0.3221762180328369
            ],
            "segmentation_id": 7,
            "visibility": 1
        },
        {
            "bounding_box_minx_maxx_miny_maxy": [
                402,
                499,
                51,
                197
            ],
            "class": "FAIRY",
            "local_cuboid": null,
            "local_to_world_matrix": [
                [
                    -0.8594999313354492,
                    -0.4895789623260498,
                    0.1468750536441803,
                    0.0
                ],
                [
                    -0.5022279024124146,
                    0.7554905414581299,
                    -0.4207150638103485,
                    0.0
                ],
                [
                    0.09501053392887115,
                    -0.4353693425655365,
                    -0.8952243328094482,
                    0.0
                ],
                [
                    0.7332589030265808,
                    -0.3331945836544037,
                    0.25893518328666687,
                    1.0
                ]
            ],
            "location": [
                0.3331945836544037,
                0.25893518328666687,
                -0.7332589030265808
            ],
            "location_world": [
                0.7332589030265808,
                -0.3331945836544037,
                0.25893518328666687
            ],
            "name": "google_FAIRY_TALE_BLOCKS_7",
            "projected_cuboid": [
                [
                    749.9799728393555,
                    137.3445987701416
                ],
                [
                    656.494140625,
                    227.39453613758087
                ],
                [
                    567.1364665031433,
                    11.138468980789185
                ],
                [
                    680.6527376174927,
                    -40.11383652687073
                ],
                [
                    556.1708211898804,
                    186.91110610961914
                ],
                [
                    455.2568197250366,
                    261.1207664012909
                ],
                [
                    385.00216603279114,
                    105.3847074508667
                ],
                [
                    498.60405921936035,
                    52.328094840049744
                ],
                [
                    560.299277305603,
                    120.73485553264618
                ]
            ],
            "provenance": "visii",
            "quaternion_xyzw": [
                -0.7080439329147339,
                0.21489328145980835,
                -0.45719948410987854,
                -0.4934200346469879
            ],
            "quaternion_xyzw_world": [
                -0.26468557119369507,
                0.9367783665657043,
                -0.2284650355577469,
                -0.013841195032000542
            ],
            "segmentation_id": 8,
            "visibility": 1
        },
        {
            "bounding_box_minx_maxx_miny_maxy": [
                -1,
                -1,
                -1,
                -1
            ],
            "class": "Great",
            "local_cuboid": null,
            "local_to_world_matrix": [
                [
                    0.6235007047653198,
                    -0.7626887559890747,
                    -0.1719089299440384,
                    0.0
                ],
                [
                    0.45217177271842957,
                    0.5311565399169922,
                    -0.7165287733078003,
                    0.0
                ],
                [
                    0.6377990245819092,
                    0.3690238296985626,
                    0.6760427951812744,
                    0.0
                ],
                [
                    1.143846035003662,
                    0.5701505541801453,
                    -0.5511441230773926,
                    1.0
                ]
            ],
            "location": [
                -0.5701505541801453,
                -0.5511441230773926,
                -1.143846035003662
            ],
            "location_world": [
                1.143846035003662,
                0.5701505541801453,
                -0.5511441230773926
            ],
            "name": "google_Great_Jones_Wingtip_kAqSg6EgG0I_8",
            "projected_cuboid": [
                [
                    1.097068190574646,
                    440.1945173740387
                ],
                [
                    -48.01952838897705,
                    521.99387550354
                ],
                [
                    -45.04641890525818,
                    574.9475955963135
                ],
                [
                    7.664740085601807,
                    494.5355951786041
                ],
                [
                    -60.52640080451965,
                    441.6791796684265
                ],
                [
                    -105.42041063308716,
                    527.8421640396118
                ],
                [
                    -105.80238699913025,
                    584.2690467834473
                ],
                [
                    -57.82443284988403,
                    499.75305795669556
                ],
                [
                    -52.334219217300415,
                    512.2069120407104
                ]
            ],
            "provenance": "visii",
            "quaternion_xyzw": [
                -0.8827537894248962,
                0.1991114318370819,
                0.28108760714530945,
                0.3195156455039978
            ],
            "quaternion_xyzw_world": [
                -0.3226071298122406,
                0.24063093960285187,
                -0.36103516817092896,
                0.8412342071533203
            ],
            "segmentation_id": 9,
            "visibility": 0
        },
        {
            "bounding_box_minx_maxx_miny_maxy": [
                -1,
                -1,
                -1,
                -1
            ],
            "class": "Ecoforms",
            "local_cuboid": null,
            "local_to_world_matrix": [
                [
                    -0.7916579246520996,
                    0.2484457641839981,
                    -0.5581694841384888,
                    0.0
                ],
                [
                    -0.6033052206039429,
                    -0.1736745834350586,
                    0.7783703804016113,
                    0.0
                ],
                [
                    0.09644302725791931,
                    0.9529492855072021,
                    0.28737908601760864,
                    0.0
                ],
                [
                    1.678702712059021,
                    0.08253102004528046,
                    -0.5662951469421387,
                    1.0
                ]
            ],
            "location": [
                -0.08253102004528046,
                -0.5662951469421387,
                -1.678702712059021
            ],
            "location_world": [
                1.678702712059021,
                0.08253102004528046,
                -0.5662951469421387
            ],
            "name": "google_Ecoforms_Plant_Container_Quadra_Sand_QP6_9",
            "projected_cuboid": [
                [
                    148.06532859802246,
                    482.11008310317993
                ],
                [
                    153.3377766609192,
                    441.9795870780945
                ],
                [
                    215.01502394676208,
                    462.90409564971924
                ],
                [
                    205.4310142993927,
                    501.98209285736084
                ],
                [
                    172.08699882030487,
                    427.88636684417725
                ],
                [
                    178.50418388843536,
                    387.65525817871094
                ],
                [
                    234.94470119476318,
                    406.201034784317
                ],
                [
                    224.89598393440247,
                    445.61874866485596
                ],
                [
                    191.7591094970703,
                    443.93351674079895
                ]
            ],
            "provenance": "visii",
            "quaternion_xyzw": [
                -0.1319347620010376,
                0.7285704016685486,
                0.3056274354457855,
                -0.598640501499176
            ],
            "quaternion_xyzw_world": [
                -0.15381614863872528,
                0.5767590999603271,
                0.7504518032073975,
                0.28374606370925903
            ],
            "segmentation_id": 10,
            "visibility": 0
        },
        {
            "bounding_box_minx_maxx_miny_maxy": [
                142,
                294,
                353,
                500
            ],
            "class": "ReadytoUse",
            "local_cuboid": null,
            "local_to_world_matrix": [
                [
                    -0.2758033275604248,
                    0.6934951543807983,
                    0.6655802726745605,
                    0.0
                ],
                [
                    -0.011013180017471313,
                    -0.6946715116500854,
                    0.7192428112030029,
                    0.0
                ],
                [
                    0.9611510038375854,
                    0.19103947281837463,
                    0.19923031330108643,
                    0.0
                ],
                [
                    0.4404321610927582,
                    0.01525389775633812,
                    -0.18554966151714325,
                    1.0
                ]
            ],
            "location": [
                -0.01525389775633812,
                -0.18554966151714325,
                -0.4404321610927582
            ],
            "location_world": [
                0.4404321610927582,
                0.01525389775633812,
                -0.18554966151714325
            ],
            "name": "google_ReadytoUse_Rolled_Fondant_Pure_White_24_oz_box_10",
            "projected_cuboid": [
                [
                    140.24236798286438,
                    383.1303119659424
                ],
                [
                    175.31493306159973,
                    346.835196018219
                ],
                [
                    192.64844059944153,
                    431.80012702941895
                ],
                [
                    144.1442221403122,
                    481.863796710968
                ],
                [
                    228.37771475315094,
                    454.80287075042725
                ],
                [
                    261.62615418434143,
                    420.5377995967865
                ],
                [
                    308.3025813102722,
                    525.4067778587341
                ],
                [
                    263.2192373275757,
                    571.6878175735474
                ],
                [
                    213.87338638305664,
                    445.4649090766907
                ]
            ],
            "provenance": "visii",
            "quaternion_xyzw": [
                0.37027454376220703,
                0.9184074401855469,
                0.05723044276237488,
                -0.12707944214344025
            ],
            "quaternion_xyzw_world": [
                0.5521860718727112,
                0.3089909255504608,
                0.7364959716796875,
                0.23914194107055664
            ],
            "segmentation_id": 11,
            "visibility": 1
        },
        {
            "bounding_box_minx_maxx_miny_maxy": [
                330,
                499,
                318,
                500
            ],
            "class": "Dog",
            "local_cuboid": null,
            "local_to_world_matrix": [
                [
                    -0.26354479789733887,
                    -0.34902238845825195,
                    0.8992927670478821,
                    0.0
                ],
                [
                    0.6164608597755432,
                    0.6561157703399658,
                    0.435302197933197,
                    0.0
                ],
                [
                    -0.7419703602790833,
                    0.6691004633903503,
                    0.04224276542663574,
                    0.0
                ],
                [
                    0.2745112478733063,
                    -0.16825668513774872,
                    -0.08428133279085159,
                    1.0
                ]
            ],
            "location": [
                0.16825668513774872,
                -0.08428133279085159,
                -0.2745112478733063
            ],
            "location_world": [
                0.2745112478733063,
                -0.16825668513774872,
                -0.08428133279085159
            ],
            "name": "google_Dog_11",
            "projected_cuboid": [
                [
                    2401.8197059631348,
                    401.427298784256
                ],
                [
                    308.3363175392151,
                    -31.336575746536255
                ],
                [
                    547.0247268676758,
                    123.73079359531403
                ],
                [
                    1125.762701034546,
                    308.5017800331116
                ],
                [
                    589.2764329910278,
                    1573.341727256775
                ],
                [
                    63.63856792449951,
                    636.5365386009216
                ],
                [
                    361.92911863327026,
                    492.7579164505005
                ],
                [
                    711.7886543273926,
                    803.025484085083
                ],
                [
                    557.5255155563354,
                    484.00062322616577
                ]
            ],
            "provenance": "visii",
            "quaternion_xyzw": [
                -0.20721346139907837,
                -0.2933894097805023,
                0.48929688334465027,
                0.7947161197662354
            ],
            "quaternion_xyzw_world": [
                -0.097591832280159,
                -0.6850944757461548,
                -0.4030110836029053,
                0.5989185571670532
            ],
            "segmentation_id": 12,
            "visibility": 1
        },
        {
            "bounding_box_minx_maxx_miny_maxy": [
                -1,
                -1,
                -1,
                -1
            ],
            "class": "Black",
            "local_cuboid": null,
            "local_to_world_matrix": [
                [
                    -0.20974290370941162,
                    -0.9676458835601807,
                    -0.14024707674980164,
                    0.0
                ],
                [
                    0.09516879916191101,
                    -0.16296052932739258,
                    0.9820319414138794,
                    0.0
                ],
                [
                    -0.9731138944625854,
                    0.1926271617412567,
                    0.12626957893371582,
                    0.0
                ],
                [
                    0.27006882429122925,
                    -0.38963794708251953,
                    0.1984899938106537,
                    1.0
                ]
            ],
            "location": [
                0.38963794708251953,
                0.1984899938106537,
                -0.27006882429122925
            ],
            "location_world": [
                0.27006882429122925,
                -0.38963794708251953,
                0.1984899938106537
            ],
            "name": "google_Black_Elderberry_Syrup_54_oz_Gaia_Herbs_12",
            "projected_cuboid": [
                [
                    2183.128595352173,
                    -674.1092801094055
                ],
                [
                    2142.8701877593994,
                    -911.4536046981812
                ],
                [
                    1204.5406103134155,
                    -255.47391176223755
                ],
                [
                    1202.8412818908691,
                    -132.2948932647705
                ],
                [
                    1754.9418210983276,
                    -626.8635392189026
                ],
                [
                    1735.681176185608,
                    -845.4759120941162
                ],
                [
                    1043.8649654388428,
                    -251.09493732452393
                ],
                [
                    1038.933515548706,
                    -133.2281529903412
                ],
                [
                    1386.710524559021,
                    -378.3952593803406
                ]
            ],
            "provenance": "visii",
            "quaternion_xyzw": [
                0.055901721119880676,
                0.10157762467861176,
                0.07654424011707306,
                -0.9903019666671753
            ],
            "quaternion_xyzw_world": [
                -0.45468342304229736,
                0.47971680760383606,
                0.6121627688407898,
                -0.434040904045105
            ],
            "segmentation_id": 13,
            "visibility": 0
        },
        {
            "bounding_box_minx_maxx_miny_maxy": [
                251,
                328,
                60,
                102
            ],
            "class": "Razer",
