{
    "camera_data": {
        "camera_look_at": {
            "at": [
                1.0,
                0.0,
                0.0
            ],
            "eye": [
                0.0,
                0.0,
                0.0
            ],
            "up": [
                0.0,
                0.0,
                1.0
            ]
        },
        "camera_view_matrix": [
            [
                0.0,
                0.0,
                -1.0,
                0.0
            ],
            [
                -1.0,
                0.0,
                0.0,
                0.0
            ],
            [
                0.0,
                1.0,
                0.0,
                0.0
            ],
            [
                0.0,
                0.0,
                0.0,
                1.0
            ]
        ],
        "height": 500,
        "intrinsics": {
            "cx": 250.0,
            "cy": 250.0,
            "fx": 603.5535278320312,
            "fy": 603.5535278320312
        },
        "location_world": [
            0.0,
            0.0,
            0.0
        ],
        "quaternion_world_xyzw": [
            0.5,
            -0.5,
            -0.5,
            0.5
        ],
        "width": 500
    },
    "objects": [
        {
            "bounding_box_minx_maxx_miny_maxy": [
                -1,
                -1,
                -1,
                -1
            ],
            "class": "Reebok",
            "local_cuboid": null,
            "local_to_world_matrix": [
                [
                    0.013688087463378906,
                    0.6623663306236267,
                    -0.7490552663803101,
                    0.0
                ],
                [
                    -0.7652696967124939,
                    0.48909515142440796,
                    0.41850727796554565,
                    0.0
                ],
                [
                    0.6435644626617432,
                    0.5675005912780762,
                    0.5135835409164429,
                    0.0
                ],
                [
                    0.3485325276851654,
                    0.4254772663116455,
                    0.169986754655838,
                    1.0
                ]
            ],
            "location": [
                -0.4254772663116455,
                0.169986754655838,
                -0.3485325276851654
            ],
            "location_world": [
                0.3485325276851654,
                0.4254772663116455,
                0.169986754655838
            ],
            "name": "google_Reebok_SOMERSET_RUN_0",
            "projected_cuboid": [
                [
                    -264.73480463027954,
                    108.07633399963379
                ],
                [
                    -911.0556840896606,
                    -230.6985855102539
                ],
                [
                    -1109.048843383789,
                    -230.39785027503967
                ],
                [
                    -261.90268993377686,
                    163.1072461605072
                ],
                [
                    -181.79702758789062,
                    12.19072937965393
                ],
                [
                    -771.5085744857788,
                    -397.4348306655884
                ],
                [
                    -926.5742301940918,
                    -449.9738812446594
                ],
                [
                    -165.47560691833496,
                    51.82251334190369
                ],
                [
                    -466.9218063354492,
                    -62.403857707977295
                ]
            ],
            "provenance": "visii",
            "quaternion_xyzw": [
                -0.3750636577606201,
                0.8252936601638794,
                0.38739344477653503,
                -0.16776223480701447
            ],
            "quaternion_xyzw_world": [
                -0.0524628683924675,
                0.4903630316257477,
                0.5026928186416626,
                0.7099942564964294
            ],
            "segmentation_id": 1,
            "visibility": 0
        },
        {
            "bounding_box_minx_maxx_miny_maxy": [
                -1,
                -1,
                -1,
                -1
            ],
            "class": "Breyer",
            "local_cuboid": null,
            "local_to_world_matrix": [
                [
                    -0.8411369323730469,
                    0.5395578145980835,
                    -0.03696100413799286,
                    0.0
                ],
                [
                    -0.5318025350570679,
                    -0.8127450942993164,
                    0.2379741668701172,
                    0.0
                ],
                [
                    0.09836095571517944,
                    0.21982479095458984,
                    0.9705679416656494,
                    0.0
                ],
                [
                    0.3322226405143738,
                    0.4426838457584381,
                    -0.2692338824272156,
                    1.0
                ]
            ],
            "location": [
                -0.4426838457584381,
                -0.2692338824272156,
                -0.3322226405143738
            ],
            "location_world": [
                0.3322226405143738,
                0.4426838457584381,
                -0.2692338824272156
            ],
            "name": "google_Breyer_Horse_Of_The_Year_2015_1",
            "projected_cuboid": [
                [
                    -1041.4671897888184,
                    551.5834093093872
                ],
                [
                    -1090.692400932312,
                    555.7850003242493
                ],
                [
                    -1090.1193618774414,
                    994.6547150611877
                ],
                [
                    -1037.9464626312256,
                    935.3806376457214
                ],
                [
                    -324.3989944458008,
                    411.4249348640442
                ],
                [
                    -299.2442846298218,
                    403.57089042663574
                ],
                [
                    -269.81431245803833,
                    628.4136772155762
                ],
                [
                    -297.88219928741455,
                    620.8609342575073
                ],
                [
                    -570.0376629829407,
                    598.5217094421387
                ]
            ],
            "provenance": "visii",
            "quaternion_xyzw": [
                0.28320884704589844,
                0.6848162412643433,
                0.5484575033187866,
                -0.3873162269592285
            ],
            "quaternion_xyzw_world": [
                0.016125639900565147,
                0.12023302167654037,
                0.9518994092941284,
                0.28137436509132385
            ],
            "segmentation_id": 2,
            "visibility": 0
        },
        {
            "bounding_box_minx_maxx_miny_maxy": [
                42,
                141,
                1,
                132
            ],
            "class": "Smith",
            "local_cuboid": null,
            "local_to_world_matrix": [
                [
                    0.3821072578430176,
                    0.041091710329055786,
                    0.9232039451599121,
                    0.0
                ],
                [
                    -0.7557668685913086,
                    -0.5610024929046631,
                    0.33777645230293274,
                    0.0
                ],
                [
                    0.5317994356155396,
                    -0.8267937898635864,
                    -0.18330740928649902,
                    0.0
                ],
                [
                    1.6530739068984985,
                    0.5944045782089233,
                    0.5419059991836548,
                    1.0
                ]
            ],
            "location": [
                -0.5944045782089233,
                0.5419059991836548,
                -1.6530739068984985
            ],
            "location_world": [
                1.6530739068984985,
                0.5944045782089233,
                0.5419059991836548
            ],
            "name": "google_Smith_Hawken_Woven_BasketTray_Organizer_with_3_Compartments_95_x_9_x_13_2",
            "projected_cuboid": [
                [
                    110.78651249408722,
                    61.00526452064514
                ],
                [
                    144.74786818027496,
                    10.553747415542603
                ],
                [
                    53.0422180891037,
                    -28.76874804496765
                ],
                [
                    26.214852929115295,
                    29.84432876110077
                ],
                [
                    105.17719388008118,
                    156.81689977645874
                ],
                [
                    141.33897423744202,
                    113.53012919425964
                ],
                [
                    40.813833475112915,
                    80.45320212841034
                ],
                [
                    13.20311427116394,
                    131.23950362205505
                ],
                [
                    80.6172788143158,
                    69.3904310464859
                ]
            ],
            "provenance": "visii",
            "quaternion_xyzw": [
                0.5368732213973999,
                0.691134512424469,
                0.2070724070072174,
                0.4372885823249817
            ],
            "quaternion_xyzw_world": [
                0.7291119694709778,
                -0.245049849152565,
                0.4988957345485687,
                0.3993111550807953
            ],
            "segmentation_id": 3,
            "visibility": 1
        },
        {
            "bounding_box_minx_maxx_miny_maxy": [
                269,
                320,
                1,
                83
            ],
            "class": "Paul",
            "local_cuboid": null,
            "local_to_world_matrix": [
                [
                    0.5330780744552612,
                    -0.20945949852466583,
                    -0.8197283744812012,
                    0.0
                ],
                [
                    -0.15459467470645905,
                    -0.9766736030578613,
                    0.14902806282043457,
                    0.0
                ],
                [
                    -0.8318222761154175,
                    0.04728204756975174,
                    -0.5530246496200562,
                    0.0
                ],
                [
                    1.5432096719741821,
                    -0.12174135446548462,
                    0.5207414031028748,
                    1.0
                ]
            ],
            "location": [
                0.12174135446548462,
                0.5207414031028748,
                -1.5432096719741821
            ],
            "location_world": [
                1.5432096719741821,
                -0.12174135446548462,
                0.5207414031028748
            ],
            "name": "google_Paul_Frank_Dot_Lunch_Box_3",
            "projected_cuboid": [
                [
                    286.22549772262573,
                    133.41034948825836
                ],
                [
                    331.6974639892578,
                    125.15988945960999
                ],
                [
                    325.99976658821106,
                    91.92582964897156
                ],
                [
                    285.997211933136,
                    99.53641891479492
                ],
                [
                    264.3297612667084,
                    19.565895199775696
                ],
                [
                    314.5347833633423,
                    8.911177515983582
                ],
                [
                    310.5521500110626,
                    -12.19242811203003
                ],
                [
                    266.9321894645691,
                    -2.6880502700805664
                ],
                [
                    298.5397279262543,
                    59.705838561058044
                ]
            ],
            "provenance": "visii",
            "quaternion_xyzw": [
                0.239065483212471,
                0.16412365436553955,
                -0.6069049835205078,
                0.7399847507476807
            ],
            "quaternion_xyzw_world": [
                0.8750394582748413,
                -0.10401079058647156,
                -0.47185033559799194,
                0.029068976640701294
            ],
            "segmentation_id": 4,
            "visibility": 1
        },
        {
            "bounding_box_minx_maxx_miny_maxy": [
                130,
                182,
                399,
                452
            ],
            "class": "Toys",
            "local_cuboid": null,
            "local_to_world_matrix": [
                [
                    -0.5111075639724731,
                    -0.4617556929588318,
                    0.7249488830566406,
                    0.0
                ],
                [
                    -0.6632105708122253,
                    0.7483775615692139,
                    0.009098142385482788,
                    0.0
                ],
                [
                    -0.5467365980148315,
                    -0.47614359855651855,
                    -0.6887426376342773,
                    0.0
                ],
                [
                    1.8216967582702637,
                    0.3124157786369324,
                    -0.46357592940330505,
                    1.0
                ]
            ],
            "location": [
                -0.3124157786369324,
                -0.46357592940330505,
                -1.8216967582702637
            ],
            "location_world": [
                1.8216967582702637,
                0.3124157786369324,
                -0.46357592940330505
            ],
            "name": "google_Toys_R_Us_Treat_Dispenser_Smart_Puzzle_Foobler_4",
            "projected_cuboid": [
                [
                    199.6012181043625,
                    427.2974133491516
                ],
                [
                    154.27692234516144,
                    437.77042627334595
                ],
                [
                    133.44159722328186,
                    391.821026802063
                ],
                [
                    177.8515875339508,
                    384.38570499420166
                ],
                [
                    178.19750308990479,
                    456.6549062728882
                ],
                [
                    133.6839199066162,
                    468.38393807411194
                ],
                [
                    114.71322178840637,
                    423.02292585372925
                ],
                [
                    158.28639268875122,
                    414.2296314239502
                ],
                [
                    156.4309298992157,
                    425.12357234954834
                ]
            ],
            "provenance": "visii",
            "quaternion_xyzw": [
                -0.4758993983268738,
                0.012307614088058472,
                -0.5186238288879395,
                -0.7102096080780029
            ],
            "quaternion_xyzw_world": [
                -0.3275887370109558,
                0.8585202097892761,
                -0.1360030472278595,
                -0.37031319737434387
            ],
            "segmentation_id": 5,
            "visibility": 1
        },
        {
            "bounding_box_minx_maxx_miny_maxy": [
                -1,
                -1,
                -1,
                -1
            ],
            "class": "Tag",
            "local_cuboid": null,
            "local_to_world_matrix": [
                [
                    -0.27892839908599854,
                    0.4971257448196411,
                    -0.8216233253479004,
                    0.0
                ],
                [
                    -0.5206468105316162,
                    0.6406352519989014,
                    0.5643698573112488,
                    0.0
                ],
                [
                    0.8069236278533936,
                    0.5851944088935852,
                    0.08013558387756348,
                    0.0
                ],
                [
                    0.23548652231693268,
                    -0.2965160012245178,
                    0.23906828463077545,
                    1.0
                ]
            ],
            "location": [
                0.2965160012245178,
                0.23906828463077545,
                -0.23548652231693268
            ],
            "location_world": [
                0.23548652231693268,
                -0.2965160012245178,
                0.23906828463077545
            ],
            "name": "google_Tag_Dishtowel_Basket_Weave_Red_18_x_26_5",
            "projected_cuboid": [
                [
                    869.5627450942993,
                    36.833032965660095
                ],
                [
                    786.2608432769775,
                    -550.2090454101562
                ],
                [
                    967.5071239471436,
                    -687.9661083221436
                ],
                [
                    978.7023067474365,
                    21.015673875808716
                ],
                [
                    931.8772554397583,
                    -176.92628502845764
                ],
                [
                    899.3726372718811,
                    -755.2070617675781
                ],
                [
                    1053.2453060150146,
                    -889.0067338943481
                ],
                [
                    1030.2727222442627,
                    -209.1793417930603
                ],
                [
                    942.6628351211548,
                    -331.6227197647095
                ]
            ],
            "provenance": "visii",
            "quaternion_xyzw": [
                -0.43169087171554565,
                0.8468204140663147,
                0.17736415565013885,
                -0.2551080584526062
            ],
            "quaternion_xyzw_world": [
                -0.008671327494084835,
                0.6781275868415833,
                0.42380085587501526,
                0.6003836989402771
            ],
            "segmentation_id": 6,
            "visibility": 0
        },
        {
            "bounding_box_minx_maxx_miny_maxy": [
                440,
                499,
                59,
                134
            ],
            "class": "FRACTION",
            "local_cuboid": null,
            "local_to_world_matrix": [
                [
                    0.15513432025909424,
                    -0.9874849319458008,
                    -0.028403550386428833,
                    0.0
                ],
                [
                    0.3661395013332367,
                    0.08417713642120361,
                    -0.926744818687439,
                    0.0
                ],
                [
                    0.9175375699996948,
                    0.13337025046348572,
                    0.37461602687835693,
                    0.0
                ],
                [
                    1.6210438013076782,
                    -0.6148515343666077,
                    0.41033458709716797,
                    1.0
                ]
            ],
            "location": [
                0.6148515343666077,
                0.41033458709716797,
                -1.6210438013076782
            ],
            "location_world": [
                1.6210438013076782,
                -0.6148515343666077,
                0.41033458709716797
            ],
            "name": "google_FRACTION_FUN_n4h4qte23QR_6",
            "projected_cuboid": [
                [
                    508.8484287261963,
                    61.64306402206421
                ],
                [
                    492.7402436733246,
                    131.16401433944702
                ],
                [
                    500.6943941116333,
                    134.23487544059753
                ],
                [
                    517.5513029098511,
                    63.101112842559814
                ],
                [
                    448.4783411026001,
                    56.60754442214966
                ],
                [
                    434.59516763687134,
                    127.45893001556396
                ],
                [
                    441.2582516670227,
                    130.48994541168213
                ],
                [
                    455.7894468307495,
                    57.96214938163757
                ],
                [
                    475.03381967544556,
                    96.08638286590576
                ]
            ],
            "provenance": "visii",
            "quaternion_xyzw": [
                -0.9787450432777405,
                0.028756380081176758,
                0.07369248569011688,
                0.18921054899692535
            ],
            "quaternion_xyzw_world": [
                -0.41723528504371643,
                0.3722991943359375,
                -0.5327533483505249,
                0.6352022290229797
            ],
            "segmentation_id": 7,
            "visibility": 1
        },
        {
            "bounding_box_minx_maxx_miny_maxy": [
                424,
                499,
                1,
                50
            ],
            "class": "FAIRY",
            "local_cuboid": null,
            "local_to_world_matrix": [
                [
                    -0.2913283109664917,
                    -0.10517287254333496,
                    0.9508240818977356,
                    0.0
                ],
                [
                    0.387793630361557,
                    -0.9215917587280273,
                    0.01687881350517273,
                    0.0
                ],
                [
                    0.8744964003562927,
                    0.3736408054828644,
                    0.30927109718322754,
                    0.0
                ],
                [
                    0.9730845093727112,
                    -0.428679496049881,
                    0.459411084651947,
                    1.0
                ]
            ],
            "location": [
                0.428679496049881,
                0.459411084651947,
                -0.9730845093727112
            ],
            "location_world": [
                0.9730845093727112,
                -0.428679496049881,
                0.459411084651947
            ],
            "name": "google_FAIRY_TALE_BLOCKS_7",
            "projected_cuboid": [
                [
                    381.9894790649414,
                    -110.07183790206909
                ],
                [
                    495.1125383377075,
                    -81.07772469520569
                ],
                [
                    594.4207906723022,
                    -104.3015718460083
                ],
                [
                    467.89857745170593,
                    -142.38065481185913
                ],
                [
                    360.0863814353943,
                    35.78566014766693
                ],
                [
                    468.50067377090454,
                    51.17225646972656
                ],
                [
                    556.1541318893433,
                    53.86286973953247
                ],
                [
                    435.0588917732239,
                    35.63001751899719
                ],
                [
                    468.2517349720001,
                    -28.87648344039917
                ]
            ],
            "provenance": "visii",
            "quaternion_xyzw": [
                0.700498104095459,
                0.6682443618774414,
                -0.029376447200775146,
                -0.24877463281154633
            ],
            "quaternion_xyzw_world": [
                0.5746721625328064,
                0.12294868379831314,
                0.7940703630447388,
                -0.15520240366458893
            ],
            "segmentation_id": 8,
            "visibility": 1
        },
        {
            "bounding_box_minx_maxx_miny_maxy": [
                -1,
                -1,
                -1,
                -1
            ],
            "class": "Great",
            "local_cuboid": null,
            "local_to_world_matrix": [
                [
                    0.28026092052459717,
                    0.8975761532783508,
                    0.3403104543685913,
                    0.0
                ],
                [
                    0.736652672290802,
                    -0.42840826511383057,
                    0.523268461227417,
                    0.0
                ],
                [
                    0.6154649257659912,
                    0.10403876006603241,
                    -0.7812678813934326,
                    0.0
                ],
                [
                    1.4196200370788574,
                    -0.6675228476524353,
                    -0.314640611410141,
                    1.0
                ]
            ],
            "location": [
                0.6675228476524353,
                -0.314640611410141,
                -1.4196200370788574
            ],
            "location_world": [
                1.4196200370788574,
                -0.6675228476524353,
                -0.314640611410141
            ],
            "name": "google_Great_Jones_Wingtip_kAqSg6EgG0I_8",
            "projected_cuboid": [
                [
                    483.97311568260193,
                    452.41087675094604
                ],
                [
                    500.5767345428467,
                    362.86842823028564
                ],
                [
                    516.5005922317505,
                    333.3658277988434
                ],
                [
                    501.788854598999,
                    422.5197732448578
                ],
                [
                    533.6827039718628,
                    473.8662838935852
                ],
                [
                    543.42120885849,
                    379.4631361961365
                ],
                [
                    561.6464018821716,
                    350.1197397708893
                ],
                [
                    554.628849029541,
                    444.41738724708557
                ],
                [
                    524.5274901390076,
                    399.00320768356323
                ]
            ],
            "provenance": "visii",
            "quaternion_xyzw": [
                0.22057905793190002,
                0.8712505102157593,
                -0.4355579614639282,
                0.05056591331958771
            ],
            "quaternion_xyzw_world": [
                0.7889767289161682,
                0.5178317427635193,
                0.3028528392314911,
                0.13283969461917877
            ],
            "segmentation_id": 9,
            "visibility": 0
        },
        {
            "bounding_box_minx_maxx_miny_maxy": [
                220,
                259,
                327,
                380
            ],
            "class": "Ecoforms",
            "local_cuboid": null,
            "local_to_world_matrix": [
                [
                    -0.20078253746032715,
                    -0.8725368976593018,
                    -0.4453828036785126,
                    0.0
                ],
                [
                    0.8560726642608643,
                    0.06475412845611572,
                    -0.5127831101417542,
                    0.0
                ],
                [
                    0.4762625992298126,
                    -0.4842379093170166,
                    0.7339534163475037,
                    0.0
                ],
                [
                    1.8215761184692383,
                    0.03763492405414581,
                    -0.346005916595459,
                    1.0
                ]
            ],
            "location": [
                -0.03763492405414581,
                -0.346005916595459,
                -1.8215761184692383
            ],
            "location_world": [
                1.8215761184692383,
                0.03763492405414581,
                -0.346005916595459
            ],
            "name": "google_Ecoforms_Plant_Container_Quadra_Sand_QP6_9",
            "projected_cuboid": [
                [
                    294.5893108844757,
                    322.3523497581482
                ],
                [
                    287.11095452308655,
                    346.31597995758057
                ],
                [
                    262.54695653915405,
                    390.0473415851593
                ],
                [
                    268.05102825164795,
                    369.1019117832184
                ],
                [
                    239.16923999786377,
                    293.03303360939026
                ],
                [
                    236.33858561515808,
                    318.92257928848267
                ],
                [
                    210.14289557933807,
                    360.6404960155487
                ],
                [
                    210.67914366722107,
                    337.4294340610504
                ],
                [
                    250.9971261024475,
                    342.1171307563782
                ]
            ],
            "provenance": "visii",
            "quaternion_xyzw": [
                -0.8458106517791748,
                0.1507834494113922,
                -0.20247450470924377,
                0.46997106075286865
            ],
            "quaternion_xyzw_world": [
                -0.011290816590189934,
                0.36454877257347107,
                -0.6837363839149475,
                0.632045328617096
            ],
            "segmentation_id": 10,
            "visibility": 1
        },
        {
            "bounding_box_minx_maxx_miny_maxy": [
                0,
                58,
                1,
                175
            ],
            "class": "ReadytoUse",
            "local_cuboid": null,
            "local_to_world_matrix": [
                [
                    -0.8446223735809326,
                    0.03923403471708298,
                    -0.5339231491088867,
                    0.0
                ],
                [
                    0.1588996946811676,
                    -0.9339978694915771,
                    -0.31999868154525757,
                    0.0
                ],
                [
                    -0.5112378597259521,
                    -0.3551182150840759,
                    0.7826409935951233,
                    0.0
                ],
                [
                    0.6023653149604797,
                    0.2593495547771454,
                    0.09504871815443039,
                    1.0
                ]
            ],
            "location": [
                -0.2593495547771454,
                0.09504871815443039,
                -0.6023653149604797
            ],
            "location_world": [
                0.6023653149604797,
                0.2593495547771454,
                0.09504871815443039
            ],
            "name": "google_ReadytoUse_Rolled_Fondant_Pure_White_24_oz_box_10",
            "projected_cuboid": [
                [
                    -44.27245259284973,
                    -15.165477991104126
                ],
                [
                    19.6915864944458,
                    9.485498070716858
                ],
                [
                    -9.657710790634155,
                    190.37699699401855
                ],
                [
                    -63.96237015724182,
                    172.19001054763794
                ],
                [
                    14.478817582130432,
                    -36.37722134590149
                ],
                [
                    66.14026427268982,
                    -15.868693590164185
                ],
                [
                    35.288006067276,
                    140.08581638336182
                ],
                [
                    -9.891211986541748,
                    124.17037785053253
                ],
                [
                    2.5048404932022095,
                    76.11404359340668
                ]
            ],
            "provenance": "visii",
            "quaternion_xyzw": [
                0.4386133849620819,
                0.22803372144699097,
                0.6838257312774658,
                -0.5366575121879578
            ],
            "quaternion_xyzw_world": [
                -0.27691808342933655,
                -0.1788739413022995,
                0.9435651898384094,
                -0.031705718487501144
            ],
            "segmentation_id": 11,
            "visibility": 1
        },
        {
            "bounding_box_minx_maxx_miny_maxy": [
                -1,
                -1,
                -1,
                -1
            ],
            "class": "Dog",
            "local_cuboid": null,
            "local_to_world_matrix": [
                [
                    -0.5249369144439697,
                    -0.5545865297317505,
                    -0.6456586122512817,
                    0.0
                ],
                [
                    0.07330623269081116,
                    -0.7852199077606201,
                    0.6148625016212463,
                    0.0
                ],
                [
                    -0.8479784727096558,
                    0.2754332423210144,
                    0.4528455138206482,
                    0.0
                ],
                [
                    0.3278661072254181,
                    0.09914183616638184,
                    -0.36200985312461853,
                    1.0
                ]
            ],
            "location": [
                -0.09914183616638184,
                -0.36200985312461853,
                -0.3278661072254181
            ],
            "location_world": [
                0.3278661072254181,
                0.09914183616638184,
                -0.36200985312461853
            ],
            "name": "google_Dog_11",
            "projected_cuboid": [
                [
                    -830.5877447128296,
                    2968.9366817474365
                ],
                [
                    163.52054476737976,
                    1943.7705278396606
                ],
                [
                    338.6795222759247,
                    1093.4867858886719
                ],
                [
                    2.620220184326172,
                    1404.7516584396362
                ],
                [
                    -575.7879018783569,
                    977.8578281402588
                ],
                [
                    -134.33459401130676,
                    627.2616386413574
                ],
                [
                    114.362433552742,
                    603.7166118621826
                ],
                [
                    -122.22880125045776,
                    797.8498339653015
                ],
                [
                    -61.11374497413635,
                    1042.9353713989258
                ]
            ],
            "provenance": "visii",
            "quaternion_xyzw": [
                0.15144766867160797,
                0.23037876188755035,
                0.4118644893169403,
                -0.868537187576294
            ],
            "quaternion_xyzw_world": [
                -0.44928762316703796,
                0.2678019106388092,
                0.8311140537261963,
                -0.18887081742286682
            ],
            "segmentation_id": 12,
            "visibility": 0
        },
        {
            "bounding_box_minx_maxx_miny_maxy": [
                -1,
                -1,
                -1,
                -1
            ],
            "class": "Black",
            "local_cuboid": null,
            "local_to_world_matrix": [
                [
                    0.16488242149353027,
                    -0.7252374291419983,
                    0.6684645414352417,
                    0.0
                ],
                [
                    -0.5139885544776917,
                    -0.6416201591491699,
                    -0.5693330764770508,
                    0.0
                ],
                [
                    0.841801643371582,
                    -0.24970991909503937,
                    -0.47855591773986816,
                    0.0
                ],
                [
                    0.16291533410549164,
                    -0.26230883598327637,
                    -0.20547761023044586,
                    1.0
                ]
            ],
            "location": [
                0.26230883598327637,
                -0.20547761023044586,
                -0.16291533410549164
            ],
            "location_world": [
                0.16291533410549164,
                -0.26230883598327637,
                -0.20547761023044586
            ],
            "name": "google_Black_Elderberry_Syrup_54_oz_Gaia_Herbs_12",
            "projected_cuboid": [
                [
                    844.2749977111816,
                    723.0433225631714
                ],
                [
                    993.3279156684875,
                    849.3003845214844
                ],
                [
                    1445.444107055664,
                    1054.5594692230225
                ],
                [
                    1121.7021942138672,
                    809.8511099815369
                ],
                [
                    778.6039113998413,
                    816.1086440086365
                ],
                [
                    925.4303574562073,
                    957.5088620185852
                ],
                [
                    1349.3387699127197,
                    1268.693447113037
                ],
                [
                    1024.842381477356,
                    973.1878042221069
                ],
                [
                    1005.5258274078369,
                    897.252082824707
                ]
            ],
            "provenance": "visii",
            "quaternion_xyzw": [
                0.8854902982711792,
                0.369875431060791,
                0.02394920587539673,
                0.2802245020866394
            ],
            "quaternion_xyzw_world": [
                0.7558205127716064,
                -0.40989428758621216,
                0.49954524636268616,
                -0.10572057962417603
            ],
            "segmentation_id": 13,
            "visibility": 0
        },
        {
            "bounding_box_minx_maxx_miny_maxy": [
                403,
                422,
                267,
                298
            ],
            "class": "Razer",
