{
    "camera_data": {
        "camera_look_at": {
            "at": [
                1.0,
                0.0,
                0.0
            ],
            "eye": [
                0.0,
                0.0,
                0.0
            ],
            "up": [
                0.0,
                0.0,
                1.0
            ]
        },
        "camera_view_matrix": [
            [
                0.0,
                0.0,
                -1.0,
                0.0
            ],
            [
                -1.0,
                0.0,
                0.0,
                0.0
            ],
            [
                0.0,
                1.0,
                0.0,
                0.0
            ],
            [
                0.0,
                0.0,
                0.0,
                1.0
            ]
        ],
        "height": 500,
        "intrinsics": {
            "cx": 250.0,
            "cy": 250.0,
            "fx": 603.5535278320312,
            "fy": 603.5535278320312
        },
        "location_world": [
            0.0,
            0.0,
            0.0
        ],
        "quaternion_world_xyzw": [
            0.5,
            -0.5,
            -0.5,
            0.5
        ],
        "width": 500
    },
    "objects": [
        {
            "bounding_box_minx_maxx_miny_maxy": [
                -1,
                -1,
                -1,
                -1
            ],
            "class": "Reebok",
            "local_cuboid": null,
            "local_to_world_matrix": [
                [
                    0.07361036539077759,
                    0.8091719150543213,
                    -0.5829430222511292,
                    0.0
                ],
                [
                    -0.9212601184844971,
                    0.2790217995643616,
                    0.270973801612854,
                    0.0
                ],
                [
                    0.38191819190979004,
                    0.5170955657958984,
                    0.765996515750885,
                    0.0
                ],
                [
                    0.36762797832489014,
                    0.44691354036331177,
                    0.16569802165031433,
                    1.0
                ]
            ],
            "location": [
                -0.44691354036331177,
                0.16569802165031433,
                -0.36762797832489014
            ],
            "location_world": [
                0.36762797832489014,
                0.44691354036331177,
                0.16569802165031433
            ],
            "name": "google_Reebok_SOMERSET_RUN_0",
            "projected_cuboid": [
                [
                    -310.60099601745605,
                    50.621092319488525
                ],
                [
                    -1023.0242013931274,
                    -310.57846546173096
                ],
                [
                    -1108.3128452301025,
                    -188.97515535354614
                ],
                [
                    -288.1438732147217,
                    139.12233710289001
                ],
                [
                    -217.603862285614,
                    -25.611966848373413
                ],
                [
                    -859.8718643188477,
                    -473.0825424194336
                ],
                [
                    -916.6239500045776,
                    -378.5701394081116
                ],
                [
                    -186.49691343307495,
                    57.581186294555664
                ],
                [
                    -488.36249113082886,
                    -75.27130842208862
                ]
            ],
            "provenance": "visii",
            "quaternion_xyzw": [
                -0.27466917037963867,
                0.784548282623291,
                0.5376522541046143,
                -0.14131861925125122
            ],
            "quaternion_xyzw_world": [
                -0.08454590290784836,
                0.33144187927246094,
                0.5944250226020813,
                0.7277755737304688
            ],
            "segmentation_id": 1,
            "visibility": 0
        },
        {
            "bounding_box_minx_maxx_miny_maxy": [
                -1,
                -1,
                -1,
                -1
            ],
            "class": "Breyer",
            "local_cuboid": null,
            "local_to_world_matrix": [
                [
                    -0.9227085113525391,
                    0.3480827510356903,
                    0.16567346453666687,
                    0.0
                ],
                [
                    -0.38479527831077576,
                    -0.8575824499130249,
                    -0.3412990868091583,
                    0.0
                ],
                [
                    0.02327830344438553,
                    -0.3786698877811432,
                    0.9252390265464783,
                    0.0
                ],
                [
                    0.32697445154190063,
                    0.39812183380126953,
                    -0.29334935545921326,
                    1.0
                ]
            ],
            "location": [
                -0.39812183380126953,
                -0.29334935545921326,
                -0.32697445154190063
            ],
            "location_world": [
                0.32697445154190063,
                0.39812183380126953,
                -0.29334935545921326
            ],
            "name": "google_Breyer_Horse_Of_The_Year_2015_1",
            "projected_cuboid": [
                [
                    -795.2282428741455,
                    575.2863883972168
                ],
                [
                    -763.3579969406128,
                    666.7447090148926
                ],
                [
                    -951.4594078063965,
                    1090.5883312225342
                ],
                [
                    -965.4765129089355,
                    956.3432335853577
                ],
                [
                    -184.29547548294067,
                    471.1771309375763
                ],
                [
                    -136.40031218528748,
                    510.9574794769287
                ],
                [
                    -223.32537174224854,
                    717.5300121307373
                ],
                [
                    -267.23039150238037,
                    667.0247316360474
                ],
                [
                    -426.7485737800598,
                    666.934609413147
                ]
            ],
            "provenance": "visii",
            "quaternion_xyzw": [
                0.5041068196296692,
                0.507459819316864,
                0.645388126373291,
                -0.2680204510688782
            ],
            "quaternion_xyzw_world": [
                0.049079008400440216,
                -0.187007337808609,
                0.9624876379966736,
                0.19036038219928741
            ],
            "segmentation_id": 2,
            "visibility": 0
        },
        {
            "bounding_box_minx_maxx_miny_maxy": [
                51,
                165,
                1,
                117
            ],
            "class": "Smith",
            "local_cuboid": null,
            "local_to_world_matrix": [
                [
                    0.44835180044174194,
                    0.07556113600730896,
                    0.8906577229499817,
                    0.0
                ],
                [
                    -0.7061449289321899,
                    -0.5809738636016846,
                    0.404757559299469,
                    0.0
                ],
                [
                    0.548032820224762,
                    -0.8104072213172913,
                    -0.2071235179901123,
                    0.0
                ],
                [
                    1.6455721855163574,
                    0.518469512462616,
                    0.5835645198822021,
                    1.0
                ]
            ],
            "location": [
                -0.518469512462616,
                0.5835645198822021,
                -1.6455721855163574
            ],
            "location_world": [
                1.6455721855163574,
                0.518469512462616,
                0.5835645198822021
            ],
            "name": "google_Smith_Hawken_Woven_BasketTray_Organizer_with_3_Compartments_95_x_9_x_13_2",
            "projected_cuboid": [
                [
                    130.19879162311554,
                    54.89632487297058
                ],
                [
                    168.58676075935364,
                    -0.2308189868927002
                ],
                [
                    80.96979558467865,
                    -43.263524770736694
                ],
                [
                    48.23119938373566,
                    20.628586411476135
                ],
                [
                    128.57787311077118,
                    144.87619698047638
                ],
                [
                    170.61060667037964,
                    94.3358838558197
                ],
                [
                    73.59054684638977,
                    56.02586269378662
                ],
                [
                    38.46621513366699,
                    115.26079475879669
                ],
                [
                    105.93131184577942,
                    55.38049340248108
                ]
            ],
            "provenance": "visii",
            "quaternion_xyzw": [
                0.5166512727737427,
                0.7121010422706604,
                0.17519330978393555,
                0.4419173002243042
            ],
            "quaternion_xyzw_world": [
                0.7477381229400635,
                -0.2108304351568222,
                0.4810141623020172,
                0.40628018975257874
            ],
            "segmentation_id": 3,
            "visibility": 1
        },
        {
            "bounding_box_minx_maxx_miny_maxy": [
                253,
                314,
                4,
                123
            ],
            "class": "Paul",
            "local_cuboid": null,
            "local_to_world_matrix": [
                [
                    0.6362032890319824,
                    0.002385944128036499,
                    -0.771517813205719,
                    0.0
                ],
                [
                    -0.40284299850463867,
                    -0.85182785987854,
                    -0.33482372760772705,
                    0.0
                ],
                [
                    -0.6579992175102234,
                    0.5238164663314819,
                    -0.5409746170043945,
                    0.0
                ],
                [
                    1.527237892150879,
                    -0.12239859253168106,
                    0.4983420968055725,
                    1.0
                ]
            ],
            "location": [
                0.12239859253168106,
                0.4983420968055725,
                -1.527237892150879
            ],
            "location_world": [
                1.527237892150879,
                -0.12239859253168106,
                0.4983420968055725
            ],
            "name": "google_Paul_Frank_Dot_Lunch_Box_3",
            "projected_cuboid": [
                [
                    231.4961552619934,
                    132.208913564682
                ],
                [
                    269.5503532886505,
                    143.8228189945221
                ],
                [
                    313.8207197189331,
                    106.36115074157715
                ],
                [
                    278.1456708908081,
                    96.83029353618622
                ],
                [
                    229.42295670509338,
                    23.736566305160522
                ],
                [
                    272.430419921875,
                    33.168599009513855
                ],
                [
                    321.6090202331543,
                    3.17247211933136
                ],
                [
                    281.6231846809387,
                    -4.387080669403076
                ],
                [
                    275.6461501121521,
                    68.98863613605499
                ]
            ],
            "provenance": "visii",
            "quaternion_xyzw": [
                0.4106210768222809,
                0.04889547824859619,
                -0.7062593102455139,
                0.5746280550956726
            ],
            "quaternion_xyzw_world": [
                0.8702019453048706,
                -0.1150471642613411,
                -0.4106854200363159,
                -0.246678426861763
            ],
            "segmentation_id": 4,
            "visibility": 1
        },
        {
            "bounding_box_minx_maxx_miny_maxy": [
                50,
                95,
                354,
                411
            ],
            "class": "Toys",
            "local_cuboid": null,
            "local_to_world_matrix": [
                [
                    -0.6271243095397949,
                    0.514126718044281,
                    -0.58514004945755,
                    0.0
                ],
                [
                    0.05217224359512329,
                    -0.7218079566955566,
                    -0.6901241540908813,
                    0.0
                ],
                [
                    -0.7771700024604797,
                    -0.4633216857910156,
                    0.4258401393890381,
                    0.0
                ],
                [
                    1.7239892482757568,
                    0.5063719749450684,
                    -0.39581063389778137,
                    1.0
                ]
            ],
            "location": [
                -0.5063719749450684,
                -0.39581063389778137,
                -1.7239892482757568
            ],
            "location_world": [
                1.7239892482757568,
                0.5063719749450684,
                -0.39581063389778137
            ],
            "name": "google_Toys_R_Us_Treat_Dispenser_Smart_Puzzle_Foobler_4",
            "projected_cuboid": [
                [
                    43.69214177131653,
                    375.44751167297363
                ],
                [
                    87.7259224653244,
                    415.88765382766724
                ],
                [
                    73.698490858078,
                    427.5915324687958
                ],
                [
                    32.73917734622955,
                    390.09296894073486
                ],
                [
                    84.93980765342712,
                    334.9362015724182
                ],
                [
                    126.19563937187195,
                    373.2050359249115
                ],
                [
                    110.35184562206268,
                    387.1350288391113
                ],
                [
                    71.8061625957489,
                    351.51010751724243
                ],
                [
                    79.26803827285767,
                    381.6850483417511
                ]
            ],
            "provenance": "visii",
            "quaternion_xyzw": [
                0.315763920545578,
                0.10820421576499939,
                0.8633395433425903,
                -0.37845709919929504
            ],
            "quaternion_xyzw_world": [
                -0.4089142680168152,
                -0.34622108936309814,
                0.8328824043273926,
                0.13866136968135834
            ],
            "segmentation_id": 5,
            "visibility": 1
        },
        {
            "bounding_box_minx_maxx_miny_maxy": [
                -1,
                -1,
                -1,
                -1
            ],
            "class": "Tag",
            "local_cuboid": null,
            "local_to_world_matrix": [
                [
                    0.8399168252944946,
                    0.07845919579267502,
                    -0.5370139479637146,
                    0.0
                ],
                [
                    -0.2777450978755951,
                    0.9122391939163208,
                    -0.30112677812576294,
                    0.0
                ],
                [
                    0.46625903248786926,
                    0.40207439661026,
                    0.7879966497421265,
                    0.0
                ],
                [
                    0.23170927166938782,
                    -0.3140270411968231,
                    0.2536817789077759,
                    1.0
                ]
            ],
            "location": [
                0.3140270411968231,
                0.2536817789077759,
                -0.23170927166938782
            ],
            "location_world": [
                0.23170927166938782,
                -0.3140270411968231,
                0.2536817789077759
            ],
            "name": "google_Tag_Dishtowel_Basket_Weave_Red_18_x_26_5",
            "projected_cuboid": [
                [
                    935.8031749725342,
                    -214.20082449913025
                ],
                [
                    643.4996128082275,
                    -171.32887244224548
                ],
                [
                    698.3451843261719,
                    -135.40193438529968
                ],
                [
                    994.2272305488586,
                    -187.2800886631012
                ],
                [
                    1445.4355239868164,
                    -797.9305982589722
                ],
                [
                    1091.4008617401123,
                    -974.9994277954102
                ],
                [
                    1264.8504972457886,
                    -1001.1047124862671
                ],
                [
                    1590.432047843933,
                    -800.2883195877075
                ],
                [
                    1023.3862400054932,
                    -423.65241050720215
                ]
            ],
            "provenance": "visii",
            "quaternion_xyzw": [
                -0.6497935652732849,
                0.5575821995735168,
                0.47784075140953064,
                0.1963130235671997
            ],
            "quaternion_xyzw_world": [
                -0.1868695467710495,
                0.2666110098361969,
                0.09465817362070084,
                0.9407647848129272
            ],
            "segmentation_id": 6,
            "visibility": 0
        },
        {
            "bounding_box_minx_maxx_miny_maxy": [
                390,
                485,
                1,
                68
            ],
            "class": "FRACTION",
            "local_cuboid": null,
            "local_to_world_matrix": [
                [
                    -0.5073572397232056,
                    -0.6936050653457642,
                    0.511371374130249,
                    0.0
                ],
                [
                    -0.4439753592014313,
                    0.7189943790435791,
                    0.5347269177436829,
                    0.0
                ],
                [
                    -0.7385624647140503,
                    0.04426126182079315,
                    -0.672730565071106,
                    0.0
                ],
                [
                    1.5695176124572754,
                    -0.4873616695404053,
                    0.5952736735343933,
                    1.0
                ]
            ],
            "location": [
                0.4873616695404053,
                0.5952736735343933,
                -1.5695176124572754
            ],
            "location_world": [
                1.5695176124572754,
                -0.4873616695404053,
                0.5952736735343933
            ],
            "name": "google_FRACTION_FUN_n4h4qte23QR_6",
            "projected_cuboid": [
                [
                    491.51110649108887,
                    29.75805103778839
                ],
                [
                    448.9139914512634,
                    -25.067269802093506
                ],
                [
                    445.36522030830383,
                    -31.057029962539673
                ],
                [
                    487.2734546661377,
                    22.957831621170044
                ],
                [
                    433.1207871437073,
                    75.11654496192932
                ],
                [
                    389.79801535606384,
                    25.930166244506836
                ],
                [
                    387.66610622406006,
                    19.229918718338013
                ],
                [
                    430.25094270706177,
                    67.7955150604248
                ],
                [
                    438.96612524986267,
                    24.43091571331024
                ]
            ],
            "provenance": "visii",
            "quaternion_xyzw": [
                -0.32415878772735596,
                0.16012448072433472,
                -0.3571520745754242,
                -0.8612337708473206
            ],
            "quaternion_xyzw_world": [
                -0.3340579867362976,
                0.8513345718383789,
                0.17002369463443756,
                -0.36705130338668823
            ],
            "segmentation_id": 7,
            "visibility": 1
        },
        {
            "bounding_box_minx_maxx_miny_maxy": [
                435,
                499,
                1,
                27
            ],
            "class": "FAIRY",
            "local_cuboid": null,
            "local_to_world_matrix": [
                [
                    -0.6879134178161621,
                    -0.16906821727752686,
                    0.7058270573616028,
                    0.0
                ],
                [
                    0.7206756472587585,
                    -0.2743968963623047,
                    0.6366581320762634,
                    0.0
                ],
                [
                    0.08603787422180176,
                    0.9466376900672913,
                    0.3106040954589844,
                    0.0
                ],
                [
                    1.0218515396118164,
                    -0.4536163806915283,
                    0.5071310997009277,
                    1.0
                ]
            ],
            "location": [
                0.4536163806915283,
                0.5071310997009277,
                -1.0218515396118164
            ],
            "location_world": [
                1.0218515396118164,
                -0.4536163806915283,
                0.5071310997009277
            ],
            "name": "google_FAIRY_TALE_BLOCKS_7",
            "projected_cuboid": [
                [
                    409.4216823577881,
                    -157.1037471294403
                ],
                [
                    422.2143292427063,
                    -180.02158403396606
                ],
                [
                    548.9754676818848,
                    -147.4820077419281
                ],
                [
                    564.692497253418,
                    -116.64757132530212
                ],
                [
                    358.52259397506714,
                    12.645542621612549
                ],
                [
                    377.49117612838745,
                    -33.62414240837097
                ],
                [
                    485.5700433254242,
                    -3.3592581748962402
                ],
                [
                    486.6596460342407,
                    49.50658977031708
                ],
                [
                    453.8148045539856,
                    -67.47350096702576
                ]
            ],
            "provenance": "visii",
            "quaternion_xyzw": [
                0.3932073712348938,
                0.623223066329956,
                -0.16449619829654694,
                -0.6556844711303711
            ],
            "quaternion_xyzw_world": [
                0.26262107491493225,
                0.5250982046127319,
                0.75380939245224,
                -0.2950825095176697
            ],
            "segmentation_id": 8,
            "visibility": 1
        },
        {
            "bounding_box_minx_maxx_miny_maxy": [
                456,
                499,
                372,
                457
            ],
            "class": "Great",
            "local_cuboid": null,
            "local_to_world_matrix": [
                [
                    0.8900431394577026,
                    0.33681684732437134,
                    0.30720943212509155,
                    0.0
                ],
                [
                    0.18385356664657593,
                    0.351448118686676,
                    -0.9179772138595581,
                    0.0
                ],
                [
                    -0.4171583652496338,
                    0.8735208511352539,
                    0.2508789896965027,
                    0.0
                ],
                [
                    1.5772467851638794,
                    -0.6861755847930908,
                    -0.408515602350235,
                    1.0
                ]
            ],
            "location": [
                0.6861755847930908,
                -0.408515602350235,
                -1.5772467851638794
            ],
            "location_world": [
                1.5772467851638794,
                -0.6861755847930908,
                -0.408515602350235
            ],
            "name": "google_Great_Jones_Wingtip_kAqSg6EgG0I_8",
            "projected_cuboid": [
                [
                    492.4827218055725,
                    335.493266582489
                ],
                [
                    442.67141819000244,
                    439.9538040161133
                ],
                [
                    473.3728766441345,
                    444.91297006607056
                ],
                [
                    522.8073596954346,
                    343.73199939727783
                ],
                [
                    524.600625038147,
                    355.5338978767395
                ],
                [
                    470.29998898506165,
                    466.0866856575012
                ],
                [
                    502.1122694015503,
                    470.5646336078644
                ],
                [
                    555.9115409851074,
                    363.68244886398315
                ],
                [
                    497.3064064979553,
                    403.1550884246826
                ]
            ],
            "provenance": "visii",
            "quaternion_xyzw": [
                -0.539444625377655,
                0.020501967519521713,
                0.8173054456710815,
                0.20147228240966797
            ],
            "quaternion_xyzw_world": [
                -0.5673878788948059,
                -0.22941555082798004,
                0.048445217311382294,
                0.7893621325492859
            ],
            "segmentation_id": 9,
            "visibility": 1
        },
        {
            "bounding_box_minx_maxx_miny_maxy": [
                -1,
                -1,
                -1,
                -1
            ],
            "class": "Ecoforms",
            "local_cuboid": null,
            "local_to_world_matrix": [
                [
                    0.002061128616333008,
                    -0.0581265389919281,
                    -0.9983071088790894,
                    0.0
                ],
                [
                    0.7138082981109619,
                    -0.6990699768066406,
                    0.04217714071273804,
                    0.0
                ],
                [
                    -0.7003381252288818,
                    -0.7126867771148682,
                    0.040050387382507324,
                    0.0
                ],
                [
                    1.7855050563812256,
                    -0.0017636425327509642,
                    -0.2940507233142853,
                    1.0
                ]
            ],
            "location": [
                0.0017636425327509642,
                -0.2940507233142853,
                -1.7855050563812256
            ],
            "location_world": [
                1.7855050563812256,
                -0.0017636425327509642,
                -0.2940507233142853
            ],
            "name": "google_Ecoforms_Plant_Container_Quadra_Sand_QP6_9",
            "projected_cuboid": [
                [
                    272.9841470718384,
                    395.71136236190796
                ],
                [
                    317.4089789390564,
                    381.5283179283142
                ],
                [
                    274.00869131088257,
                    375.3511309623718
                ],
                [
                    229.20724749565125,
                    388.07177543640137
                ],
                [
                    268.8145041465759,
                    324.0380883216858
                ],
                [
                    313.57547640800476,
                    315.4577910900116
                ],
                [
                    270.4101800918579,
                    313.48717212677
                ],
                [
                    225.3141552209854,
                    321.32211327552795
                ],
                [
                    271.60272002220154,
                    351.5828847885132
                ]
            ],
            "provenance": "visii",
            "quaternion_xyzw": [
                0.2808964252471924,
                -0.26632335782051086,
                0.6324623823165894,
                -0.6709399223327637
            ],
            "quaternion_xyzw_world": [
                -0.6444146037101746,
                -0.2543710768222809,
                0.6589877009391785,
                -0.29284870624542236
            ],
            "segmentation_id": 10,
            "visibility": 0
        },
        {
            "bounding_box_minx_maxx_miny_maxy": [
                0,
                55,
                1,
                171
            ],
            "class": "ReadytoUse",
            "local_cuboid": null,
            "local_to_world_matrix": [
                [
                    0.016558527946472168,
                    0.8546802401542664,
                    0.5188906788825989,
                    0.0
                ],
                [
                    -0.5878711342811584,
                    0.4281081557273865,
                    -0.6863898038864136,
                    0.0
                ],
                [
                    -0.8087851405143738,
                    -0.2936752438545227,
                    0.5095306634902954,
                    0.0
                ],
                [
                    0.6030339002609253,
                    0.26383399963378906,
                    0.12246596813201904,
                    1.0
                ]
            ],
            "location": [
                -0.26383399963378906,
                0.12246596813201904,
                -0.6030339002609253
            ],
            "location_world": [
                0.6030339002609253,
                0.26383399963378906,
                0.12246596813201904
            ],
            "name": "google_ReadytoUse_Rolled_Fondant_Pure_White_24_oz_box_10",
            "projected_cuboid": [
                [
                    -69.99298930168152,
                    -71.41953706741333
                ],
                [
                    -118.3914840221405,
                    -46.99599742889404
                ],
                [
                    -83.86445045471191,
                    109.68634486198425
                ],
                [
                    -47.752559185028076,
                    83.33359658718109
                ],
                [
                    59.41380560398102,
                    6.611838936805725
                ],
                [
                    19.082143902778625,
                    36.139026284217834
                ],
                [
                    21.813035011291504,
                    174.05879497528076
                ],
                [
                    53.09237539768219,
                    144.60434019565582
                ],
                [
                    -19.56191658973694,
                    63.42710554599762
                ]
            ],
            "provenance": "visii",
            "quaternion_xyzw": [
                0.07570414245128632,
                0.2997937798500061,
                0.9151304960250854,
                0.2587059438228607
            ],
            "quaternion_xyzw_world": [
                -0.14046329259872437,
                -0.4748733937740326,
                0.515961229801178,
                0.6989630460739136
            ],
            "segmentation_id": 11,
            "visibility": 1
        },
        {
            "bounding_box_minx_maxx_miny_maxy": [
                -1,
                -1,
                -1,
                -1
            ],
            "class": "Dog",
            "local_cuboid": null,
            "local_to_world_matrix": [
                [
                    -0.23578345775604248,
                    -0.09268561750650406,
                    -0.967375636100769,
                    0.0
                ],
                [
                    0.052162714302539825,
                    -0.995213508605957,
                    0.08263891190290451,
                    0.0
                ],
                [
                    -0.9704047441482544,
                    -0.03097604773938656,
                    0.23948955535888672,
                    0.0
                ],
                [
                    0.32225966453552246,
                    0.16991958022117615,
                    -0.3128761351108551,
                    1.0
                ]
            ],
            "location": [
                -0.16991958022117615,
                -0.3128761351108551,
                -0.32225966453552246
            ],
            "location_world": [
                0.32225966453552246,
                0.16991958022117615,
                -0.3128761351108551
            ],
            "name": "google_Dog_11",
            "projected_cuboid": [
                [
                    -1287.4181270599365,
                    2682.3604106903076
                ],
                [
                    -89.84190225601196,
                    2371.462106704712
                ],
                [
                    117.34560132026672,
                    1096.6343879699707
                ],
                [
                    -273.33080768585205,
                    1157.1018695831299
                ],
                [
                    -815.8526420593262,
                    902.0146131515503
                ],
                [
                    -54.884374141693115,
                    804.7426342964172
                ],
                [
                    101.17772221565247,
                    583.0190181732178
                ],
                [
                    -227.8650403022766,
                    619.3873882293701
                ],
                [
                    -195.40724158287048,
                    1031.409502029419
                ]
            ],
            "provenance": "visii",
            "quaternion_xyzw": [
                0.09955154359340668,
                0.06990823149681091,
                0.669903039932251,
                -0.7324154376983643
            ],
            "quaternion_xyzw_world": [
                -0.616429328918457,
                0.016434527933597565,
                0.7858890891075134,
                -0.04607785493135452
            ],
            "segmentation_id": 12,
            "visibility": 0
        },
        {
            "bounding_box_minx_maxx_miny_maxy": [
                -1,
                -1,
                -1,
                -1
            ],
            "class": "Black",
            "local_cuboid": null,
            "local_to_world_matrix": [
                [
                    -0.09808969497680664,
                    -0.9271740913391113,
                    0.3615613877773285,
                    0.0
                ],
                [
                    -0.7754944562911987,
                    -0.15647876262664795,
                    -0.6116558313369751,
                    0.0
                ],
                [
                    0.6236881017684937,
                    -0.3403860032558441,
                    -0.7036693096160889,
                    0.0
                ],
                [
                    0.17300261557102203,
                    -0.2523830235004425,
                    -0.17818590998649597,
                    1.0
                ]
            ],
            "location": [
                0.2523830235004425,
                -0.17818590998649597,
                -0.17300261557102203
            ],
            "location_world": [
                0.17300261557102203,
                -0.2523830235004425,
                -0.17818590998649597
            ],
            "name": "google_Black_Elderberry_Syrup_54_oz_Gaia_Herbs_12",
            "projected_cuboid": [
                [
                    938.6488199234009,
                    786.0696911811829
                ],
                [
                    1094.8103666305542,
                    981.0922145843506
                ],
                [
                    1411.4614725112915,
                    1011.8961334228516
                ],
                [
                    1106.9931983947754,
                    718.1780338287354
                ],
                [
                    814.769983291626,
                    818.7878131866455
                ],
                [
                    944.0157413482666,
                    1015.479564666748
                ],
                [
                    1159.8145961761475,
                    1065.5066967010498
                ],
                [
                    921.9549894332886,
                    767.7098512649536
                ],
                [
                    1016.1182880401611,
                    883.950412273407
                ]
            ],
            "provenance": "visii",
            "quaternion_xyzw": [
                0.8891735076904297,
                0.1456521600484848,
                0.12328183650970459,
                0.4158816337585449
            ],
            "quaternion_xyzw_world": [
                0.663712739944458,
                -0.6413424015045166,
                0.3711129128932953,
                -0.1021789163351059
            ],
            "segmentation_id": 13,
            "visibility": 0
        },
        {
            "bounding_box_minx_maxx_miny_maxy": [
                384,
                495,
                276,
                351
            ],
            "class": "Razer",
