{
    "camera_data": {
        "camera_look_at": {
            "at": [
                1.0,
                0.0,
                0.0
            ],
            "eye": [
                0.0,
                0.0,
                0.0
            ],
            "up": [
                0.0,
                0.0,
                1.0
            ]
        },
        "camera_view_matrix": [
            [
                0.0,
                0.0,
                -1.0,
                0.0
            ],
            [
                -1.0,
                0.0,
                0.0,
                0.0
            ],
            [
                0.0,
                1.0,
                0.0,
                0.0
            ],
            [
                0.0,
                0.0,
                0.0,
                1.0
            ]
        ],
        "height": 500,
        "intrinsics": {
            "cx": 250.0,
            "cy": 250.0,
            "fx": 603.5535278320312,
            "fy": 603.5535278320312
        },
        "location_world": [
            0.0,
            0.0,
            0.0
        ],
        "quaternion_world_xyzw": [
            0.5,
            -0.5,
            -0.5,
            0.5
        ],
        "width": 500
    },
    "objects": [
        {
            "bounding_box_minx_maxx_miny_maxy": [
                -1,
                -1,
                -1,
                -1
            ],
            "class": "Reebok",
            "local_cuboid": null,
            "local_to_world_matrix": [
                [
                    0.5118169188499451,
                    -0.4323224425315857,
                    -0.7423884868621826,
                    0.0
                ],
                [
                    0.8460028767585754,
                    0.4039238691329956,
                    0.3480296730995178,
                    0.0
                ],
                [
                    0.14940735697746277,
                    -0.8061903119087219,
                    0.5724811553955078,
                    0.0
                ],
                [
                    0.2225336879491806,
                    0.2579936683177948,
                    0.3001677393913269,
                    1.0
                ]
            ],
            "location": [
                -0.2579936683177948,
                0.3001677393913269,
                -0.2225336879491806
            ],
            "location_world": [
                0.2225336879491806,
                0.2579936683177948,
                0.3001677393913269
            ],
            "name": "google_Reebok_SOMERSET_RUN_0",
            "projected_cuboid": [
                [
                    -87.11567521095276,
                    -890.0514841079712
                ],
                [
                    -56.23951554298401,
                    -327.5471329689026
                ],
                [
                    -220.97960114479065,
                    -247.32285737991333
                ],
                [
                    -575.7642388343811,
                    -730.6185960769653
                ],
                [
                    -648.4554409980774,
                    -2225.919723510742
                ],
                [
                    -197.06562161445618,
                    -578.2917141914368
                ],
                [
                    -399.4849920272827,
                    -497.17003107070923
                ],
                [
                    -1680.9370517730713,
                    -2266.496181488037
                ],
                [
                    -301.5668988227844,
                    -620.3261613845825
                ]
            ],
            "provenance": "visii",
            "quaternion_xyzw": [
                -0.5553603172302246,
                0.5160219669342041,
                -0.1325145959854126,
                0.6385422348976135
            ],
            "quaternion_xyzw_world": [
                0.3658592402935028,
                0.2826772928237915,
                -0.4051975905895233,
                0.7887049317359924
            ],
            "segmentation_id": 1,
            "visibility": 0
        },
        {
            "bounding_box_minx_maxx_miny_maxy": [
                -1,
                -1,
                -1,
                -1
            ],
            "class": "Breyer",
            "local_cuboid": null,
            "local_to_world_matrix": [
                [
                    -0.47248339653015137,
                    -0.7189761996269226,
                    -0.5097379088401794,
                    0.0
                ],
                [
                    0.8199946284294128,
                    -0.14660823345184326,
                    -0.553276538848877,
                    0.0
                ],
                [
                    0.32306092977523804,
                    -0.6793962717056274,
                    0.658826470375061,
                    0.0
                ],
                [
                    0.40663641691207886,
                    0.41192060708999634,
                    -0.10603892058134079,
                    1.0
                ]
            ],
            "location": [
                -0.41192060708999634,
                -0.10603892058134079,
                -0.40663641691207886
            ],
            "location_world": [
                0.40663641691207886,
                0.41192060708999634,
                -0.10603892058134079
            ],
            "name": "google_Breyer_Horse_Of_The_Year_2015_1",
            "projected_cuboid": [
                [
                    -108.2640290260315,
                    332.7292203903198
                ],
                [
                    -56.93042278289795,
                    368.4628903865814
                ],
                [
                    -262.1336579322815,
                    544.1268086433411
                ],
                [
                    -350.2683639526367,
                    528.0490517616272
                ],
                [
                    -232.72749781608582,
                    169.66849565505981
                ],
                [
                    -180.87083101272583,
                    212.47588098049164
                ],
                [
                    -352.81068086624146,
                    333.15932750701904
                ],
                [
                    -428.8747310638428,
                    298.47538471221924
                ],
                [
                    -245.55161595344543,
                    332.9707086086273
                ]
            ],
            "provenance": "visii",
            "quaternion_xyzw": [
                -0.8054988384246826,
                0.1127033531665802,
                -0.35750505328178406,
                0.45897677540779114
            ],
            "quaternion_xyzw_world": [
                0.06184316426515579,
                0.40836524963378906,
                -0.754638671875,
                0.5098369717597961
            ],
            "segmentation_id": 2,
            "visibility": 0
        },
        {
            "bounding_box_minx_maxx_miny_maxy": [
                0,
                58,
                100,
                204
            ],
            "class": "Smith",
            "local_cuboid": null,
            "local_to_world_matrix": [
                [
                    -0.9531333446502686,
                    -0.07062193006277084,
                    0.2941931486129761,
                    0.0
                ],
                [
                    -0.30119237303733826,
                    0.12943804264068604,
                    -0.9447375535964966,
                    0.0
                ],
                [
                    0.028639405965805054,
                    -0.9890694618225098,
                    -0.14464259147644043,
                    0.0
                ],
                [
                    1.7639799118041992,
                    0.8158829212188721,
                    0.2997816205024719,
                    1.0
                ]
            ],
            "location": [
                -0.8158829212188721,
                0.2997816205024719,
                -1.7639799118041992
            ],
            "location_world": [
                1.7639799118041992,
                0.8158829212188721,
                0.2997816205024719
            ],
            "name": "google_Smith_Hawken_Woven_BasketTray_Organizer_with_3_Compartments_95_x_9_x_13_2",
            "projected_cuboid": [
                [
                    58.403611183166504,
                    88.89903128147125
                ],
                [
                    36.01078689098358,
                    174.90243911743164
                ],
                [
                    -68.28197836875916,
                    159.43360328674316
                ],
                [
                    -40.826618671417236,
                    73.75971972942352
                ],
                [
                    83.86941254138947,
                    149.1309106349945
                ],
                [
                    66.55339896678925,
                    222.06711769104004
                ],
                [
                    -18.720775842666626,
                    209.5920741558075
                ],
                [
                    2.010226249694824,
                    136.8614137172699
                ],
                [
                    17.022162675857544,
                    153.65737676620483
                ]
            ],
            "provenance": "visii",
            "quaternion_xyzw": [
                -0.7148424386978149,
                -0.05761939287185669,
                -0.6792415380477905,
                -0.15592065453529358
            ],
            "quaternion_xyzw_world": [
                -0.12457048892974854,
                0.7461926341056824,
                -0.6478913426399231,
                -0.08896956592798233
            ],
            "segmentation_id": 3,
            "visibility": 1
        },
        {
            "bounding_box_minx_maxx_miny_maxy": [
                340,
                387,
                37,
                85
            ],
            "class": "Paul",
            "local_cuboid": null,
            "local_to_world_matrix": [
                [
                    0.8700999021530151,
                    0.25684982538223267,
                    0.4206593334674835,
                    0.0
                ],
                [
                    -0.24106913805007935,
                    -0.5226486921310425,
                    0.8177554607391357,
                    0.0
                ],
                [
                    0.42989739775657654,
                    -0.8129369020462036,
                    -0.3928380012512207,
                    0.0
                ],
                [
                    1.685658574104309,
                    -0.18103307485580444,
                    0.6142501831054688,
                    1.0
                ]
            ],
            "location": [
                0.18103307485580444,
                0.6142501831054688,
                -1.685658574104309
            ],
            "location_world": [
                1.685658574104309,
                -0.18103307485580444,
                0.6142501831054688
            ],
            "name": "google_Paul_Frank_Dot_Lunch_Box_3",
            "projected_cuboid": [
                [
                    346.98742628097534,
                    81.3663899898529
                ],
                [
                    366.3620948791504,
                    50.81932246685028
                ],
                [
                    309.16881561279297,
                    8.929580450057983
                ],
                [
                    289.54896330833435,
                    41.75765812397003
                ],
                [
                    384.4337463378906,
                    98.12766313552856
                ],
                [
                    407.07409381866455,
                    63.62113356590271
                ],
                [
                    344.07493472099304,
                    16.389861702919006
                ],
                [
                    321.0436999797821,
                    53.84434759616852
                ],
                [
                    345.68002820014954,
                    52.199870347976685
                ]
            ],
            "provenance": "visii",
            "quaternion_xyzw": [
                0.29803192615509033,
                0.7912810444831848,
                -0.04795035719871521,
                0.5317443013191223
            ],
            "quaternion_xyzw_world": [
                0.8345038294792175,
                0.0047275652177631855,
                0.25480911135673523,
                0.488521546125412
            ],
            "segmentation_id": 4,
            "visibility": 1
        },
        {
            "bounding_box_minx_maxx_miny_maxy": [
                -1,
                -1,
                -1,
                -1
            ],
            "class": "Toys",
            "local_cuboid": null,
            "local_to_world_matrix": [
                [
                    0.3663904666900635,
                    -0.7564465403556824,
                    -0.5417996048927307,
                    0.0
                ],
                [
                    -0.7807124257087708,
                    -0.5667186975479126,
                    0.26328331232070923,
                    0.0
                ],
                [
                    -0.5062076449394226,
                    0.32652515172958374,
                    -0.7982075214385986,
                    0.0
                ],
                [
                    1.4155348539352417,
                    -0.7154855728149414,
                    -0.6322668194770813,
                    1.0
                ]
            ],
            "location": [
                0.7154855728149414,
                -0.6322668194770813,
                -1.4155348539352417
            ],
            "location_world": [
                1.4155348539352417,
                -0.7154855728149414,
                -0.6322668194770813
            ],
            "name": "google_Toys_R_Us_Treat_Dispenser_Smart_Puzzle_Foobler_4",
            "projected_cuboid": [
                [
                    537.8737449645996,
                    595.6761837005615
                ],
                [
                    604.6600937843323,
                    608.7518930435181
                ],
                [
                    606.6056489944458,
                    535.1879000663757
                ],
                [
                    543.1134700775146,
                    528.6648273468018
                ],
                [
                    498.2123076915741,
                    573.0425715446472
                ],
                [
                    564.2147064208984,
                    584.5348238945007
                ],
                [
                    568.6107277870178,
                    509.24599170684814
                ],
                [
                    505.78606128692627,
                    504.6212673187256
                ],
                [
                    552.6887774467468,
                    554.0174841880798
                ]
            ],
            "provenance": "visii",
            "quaternion_xyzw": [
                0.49672818183898926,
                0.012541621923446655,
                -0.3487398326396942,
                0.7946599125862122
            ],
            "quaternion_xyzw_world": [
                0.8263347744941711,
                -0.4650533199310303,
                -0.31706497073173523,
                -0.019133247435092926
            ],
            "segmentation_id": 5,
            "visibility": 0
        },
        {
            "bounding_box_minx_maxx_miny_maxy": [
                469,
                499,
                58,
                153
            ],
            "class": "Tag",
            "local_cuboid": null,
            "local_to_world_matrix": [
                [
                    -0.7379827499389648,
                    0.6720139980316162,
                    0.06147089600563049,
                    0.0
                ],
                [
                    -0.16985192894935608,
                    -0.2731374502182007,
                    0.9468612670898438,
                    0.0
                ],
                [
                    0.6530940532684326,
                    0.6883262395858765,
                    0.3157135844230652,
                    0.0
                ],
                [
                    0.2777279317378998,
                    -0.1933867335319519,
                    0.14163461327552795,
                    1.0
                ]
            ],
            "location": [
                0.1933867335319519,
                0.14163461327552795,
                -0.2777279317378998
            ],
            "location_world": [
                0.2777279317378998,
                -0.1933867335319519,
                0.14163461327552795
            ],
            "name": "google_Tag_Dishtowel_Basket_Weave_Red_18_x_26_5",
            "projected_cuboid": [
                [
                    438.44160437583923,
                    138.7861967086792
                ],
                [
                    648.9298939704895,
                    -492.4548268318176
                ],
                [
                    769.6517705917358,
                    -545.0209975242615
                ],
                [
                    518.3985829353333,
                    156.29419684410095
                ],
                [
                    556.9956302642822,
                    191.79585576057434
                ],
                [
                    704.0835618972778,
                    -202.27518677711487
                ],
                [
                    781.3923954963684,
                    -213.65734934806824
                ],
                [
                    616.5332794189453,
                    206.54037594795227
                ],
                [
                    628.7373900413513,
                    -56.776851415634155
                ]
            ],
            "provenance": "visii",
            "quaternion_xyzw": [
                0.09249156713485718,
                0.9044293165206909,
                0.1342187374830246,
                -0.3942566215991974
            ],
            "quaternion_xyzw_world": [
                0.23422273993492126,
                0.5359877943992615,
                0.7626981139183044,
                0.2759499251842499
            ],
            "segmentation_id": 6,
            "visibility": 1
        },
        {
            "bounding_box_minx_maxx_miny_maxy": [
                451,
                482,
                200,
                214
            ],
            "class": "FRACTION",
            "local_cuboid": null,
            "local_to_world_matrix": [
                [
                    -0.9921872615814209,
                    -0.06772933155298233,
                    0.1047724038362503,
                    0.0
                ],
                [
                    0.043817173689603806,
                    -0.9754871129989624,
                    -0.21565066277980804,
                    0.0
                ],
                [
                    0.11680999398231506,
                    -0.20937500894069672,
                    0.970833420753479,
                    0.0
                ],
                [
                    1.415833830833435,
                    -0.5897874236106873,
                    0.06806342303752899,
                    1.0
                ]
            ],
            "location": [
                0.5897874236106873,
                0.06806342303752899,
                -1.415833830833435
            ],
            "location_world": [
                1.415833830833435,
                -0.5897874236106873,
                0.06806342303752899
            ],
            "name": "google_FRACTION_FUN_n4h4qte23QR_6",
            "projected_cuboid": [
                [
                    482.6532006263733,
                    186.41090393066406
                ],
                [
                    564.4276142120361,
                    205.20108938217163
                ],
                [
                    561.4831447601318,
                    224.275603890419
                ],
                [
                    479.3747067451477,
                    205.53220808506012
                ],
                [
                    450.9986340999603,
                    201.1280655860901
                ],
                [
                    523.546040058136,
                    217.67756342887878
                ],
                [
                    520.8025574684143,
                    234.59424078464508
                ],
                [
                    447.99238443374634,
                    218.08183193206787
                ],
                [
                    502.9178857803345,
                    212.00565993785858
                ]
            ],
            "provenance": "visii",
            "quaternion_xyzw": [
                0.5916481614112854,
                0.45646193623542786,
                0.5077182650566101,
                -0.428739070892334
            ],
            "quaternion_xyzw_world": [
                0.055826373398303986,
                -0.10708270221948624,
                0.9922837018966675,
                -0.028103480115532875
            ],
            "segmentation_id": 7,
            "visibility": 1
        },
        {
            "bounding_box_minx_maxx_miny_maxy": [
                402,
                499,
                64,
                220
            ],
            "class": "FAIRY",
            "local_cuboid": null,
            "local_to_world_matrix": [
                [
                    -0.9282194375991821,
                    -0.3716350793838501,
                    -0.01720629632472992,
                    0.0
                ],
                [
                    -0.34343767166137695,
                    0.8737385272979736,
                    -0.34442922472953796,
                    0.0
                ],
                [
                    0.14303579926490784,
                    -0.31379660964012146,
                    -0.9386545419692993,
                    0.0
                ],
                [
                    0.699238657951355,
                    -0.32484471797943115,
                    0.23030264675617218,
                    1.0
                ]
            ],
            "location": [
                0.32484471797943115,
                0.23030264675617218,
                -0.699238657951355
            ],
            "location_world": [
                0.699238657951355,
                -0.32484471797943115,
                0.23030264675617218
            ],
            "name": "google_FAIRY_TALE_BLOCKS_7",
            "projected_cuboid": [
                [
                    758.5033774375916,
                    191.20913743972778
                ],
                [
                    594.5041179656982,
                    278.4797251224518
                ],
                [
                    536.4100933074951,
                    45.27914524078369
                ],
                [
                    717.1333432197571,
                    -12.67772912979126
                ],
                [
                    564.9261474609375,
                    203.49310338497162
                ],
                [
                    426.0352849960327,
                    267.07860827445984
                ],
                [
                    378.3320486545563,
                    103.21468114852905
                ],
                [
                    527.4372100830078,
                    54.63030934333801
                ],
                [
                    554.1885495185852,
                    143.91842484474182
                ]
            ],
            "provenance": "visii",
            "quaternion_xyzw": [
                -0.6817440986633301,
                0.32671526074409485,
                -0.45545536279678345,
                -0.4701515734195709
            ],
            "quaternion_xyzw_world": [
                -0.18486252427101135,
                0.9670331478118896,
                -0.17016631364822388,
                0.04142621532082558
            ],
            "segmentation_id": 8,
            "visibility": 1
        },
        {
            "bounding_box_minx_maxx_miny_maxy": [
                0,
                23,
                437,
                494
            ],
            "class": "Great",
            "local_cuboid": null,
            "local_to_world_matrix": [
                [
                    0.4745296835899353,
                    -0.8668516874313354,
                    -0.15293696522712708,
                    0.0
                ],
                [
                    -0.2931465208530426,
                    -0.31945598125457764,
                    0.9011175632476807,
                    0.0
                ],
                [
                    -0.8299919366836548,
                    -0.38277408480644226,
                    -0.40570592880249023,
                    0.0
                ],
                [
                    1.2141999006271362,
                    0.5358044505119324,
                    -0.49657532572746277,
                    1.0
                ]
            ],
            "location": [
                -0.5358044505119324,
                -0.49657532572746277,
                -1.2141999006271362
            ],
            "location_world": [
                1.2141999006271362,
                0.5358044505119324,
                -0.49657532572746277
            ],
            "name": "google_Great_Jones_Wingtip_kAqSg6EgG0I_8",
            "projected_cuboid": [
                [
                    -0.11277198791503906,
                    600.3252267837524
                ],
                [
                    33.765822649002075,
                    475.2390384674072
                ],
                [
                    28.858646750450134,
                    434.13543701171875
                ],
                [
                    -2.184748649597168,
                    552.964448928833
                ],
                [
                    -62.79337406158447,
                    607.545018196106
                ],
                [
                    -32.68009424209595,
                    476.7867624759674
                ],
                [
                    -32.321810722351074,
                    433.65544080734253
                ],
                [
                    -60.157209634780884,
                    557.6050877571106
                ],
                [
                    -15.873312950134277,
                    518.7702178955078
                ]
            ],
            "provenance": "visii",
            "quaternion_xyzw": [
                0.1842159628868103,
                0.2259833812713623,
                -0.12452173233032227,
                0.9484145641326904
            ],
            "quaternion_xyzw_world": [
                0.741567850112915,
                -0.39106273651123047,
                -0.33136850595474243,
                0.43283015489578247
            ],
            "segmentation_id": 9,
            "visibility": 1
        },
        {
            "bounding_box_minx_maxx_miny_maxy": [
                157,
                180,
                476,
                500
            ],
            "class": "Ecoforms",
            "local_cuboid": null,
            "local_to_world_matrix": [
                [
                    -0.4742391109466553,
                    0.49868306517601013,
                    0.7255429625511169,
                    0.0
                ],
                [
                    0.8632203340530396,
                    0.10139179229736328,
                    0.49454057216644287,
                    0.0
                ],
                [
                    0.17305487394332886,
                    0.8608338832855225,
                    -0.4785573482513428,
                    0.0
                ],
                [
                    1.6650704145431519,
                    0.05896805599331856,
                    -0.574073314666748,
                    1.0
                ]
            ],
            "location": [
                -0.05896805599331856,
                -0.574073314666748,
                -1.6650704145431519
            ],
            "location_world": [
                1.6650704145431519,
                0.05896805599331856,
                -0.574073314666748
            ],
            "name": "google_Ecoforms_Plant_Container_Quadra_Sand_QP6_9",
            "projected_cuboid": [
                [
                    156.8729430437088,
                    493.69317293167114
                ],
                [
                    158.98093581199646,
                    437.8091096878052
                ],
                [
                    208.8647484779358,
                    412.428617477417
                ],
                [
                    212.04033493995667,
                    466.6638374328613
                ],
                [
                    196.51469588279724,
                    530.7149887084961
                ],
                [
                    194.9462890625,
                    474.2646813392639
                ],
                [
                    242.90281534194946,
                    450.7557451725006
                ],
                [
                    249.3334412574768,
                    505.84739446640015
                ],
                [
                    202.7718722820282,
                    470.7850515842438
                ]
            ],
            "provenance": "visii",
            "quaternion_xyzw": [
                0.21203261613845825,
                0.7359141111373901,
                -0.4558200240135193,
                -0.4535423517227173
            ],
            "quaternion_xyzw_world": [
                0.4751121997833252,
                0.716621994972229,
                0.4728345274925232,
                -0.19274041056632996
            ],
            "segmentation_id": 10,
            "visibility": 1
        },
        {
            "bounding_box_minx_maxx_miny_maxy": [
                176,
                284,
                350,
                500
            ],
            "class": "ReadytoUse",
            "local_cuboid": null,
            "local_to_world_matrix": [
                [
                    -0.8946081399917603,
                    0.14485293626785278,
                    -0.42272189259529114,
                    0.0
                ],
                [
                    -0.23342695832252502,
                    -0.9581565856933594,
                    0.16567358374595642,
                    0.0
                ],
                [
                    -0.3810354769229889,
                    0.24688765406608582,
                    0.8909873366355896,
                    0.0
                ],
                [
                    0.41448545455932617,
                    -0.035207975655794144,
                    -0.2411559671163559,
                    1.0
                ]
            ],
            "location": [
                0.035207975655794144,
                -0.2411559671163559,
                -0.41448545455932617
            ],
            "location_world": [
                0.41448545455932617,
                -0.035207975655794144,
                -0.2411559671163559
            ],
            "name": "google_ReadytoUse_Rolled_Fondant_Pure_White_24_oz_box_10",
            "projected_cuboid": [
                [
                    172.46666550636292,
                    491.18515849113464
                ],
                [
                    267.2748267650604,
                    483.79045724868774
                ],
                [
                    335.031658411026,
                    697.2383260726929
                ],
                [
                    254.74801659584045,
                    696.6471672058105
                ],
                [
                    218.93179416656494,
                    351.63095593452454
                ],
                [
                    289.2170250415802,
                    342.24361181259155
                ],
                [
                    338.01376819610596,
                    525.1803398132324
                ],
                [
                    276.06239914894104,
                    528.8795232772827
                ],
                [
                    272.7286219596863,
                    511.77406311035156
                ]
            ],
            "provenance": "visii",
            "quaternion_xyzw": [
                0.2776859402656555,
                0.4820505678653717,
                0.5831412076950073,
                -0.5920000076293945
            ],
            "quaternion_xyzw_world": [
                -0.2077023684978485,
                0.1066117063164711,
                0.9674388766288757,
                0.09775292128324509
            ],
            "segmentation_id": 11,
            "visibility": 1
        },
        {
            "bounding_box_minx_maxx_miny_maxy": [
                227,
                499,
                138,
                500
            ],
            "class": "Dog",
            "local_cuboid": null,
            "local_to_world_matrix": [
                [
                    -0.5093003511428833,
                    -0.5065632462501526,
                    0.6957059502601624,
                    0.0
                ],
                [
                    -0.21817553043365479,
                    0.8579981327056885,
                    0.46501463651657104,
                    0.0
                ],
                [
                    -0.8324736952781677,
                    0.08504612743854523,
                    -0.5474984645843506,
                    0.0
                ],
                [
                    0.3404204249382019,
                    -0.07617790251970291,
                    -0.023270074278116226,
                    1.0
                ]
            ],
            "location": [
                0.07617790251970291,
                -0.023270074278116226,
                -0.3404204249382019
            ],
            "location_world": [
                0.3404204249382019,
                -0.07617790251970291,
                -0.023270074278116226
            ],
            "name": "google_Dog_11",
            "projected_cuboid": [
                [
                    1141.8943405151367,
                    667.7662134170532
                ],
                [
                    500.23365020751953,
                    291.5832996368408
                ],
                [
                    379.76187467575073,
                    11.428043246269226
                ],
                [
                    683.2297444343567,
                    217.6787108182907
                ],
                [
                    443.7373876571655,
                    858.0440282821655
                ],
                [
                    26.034533977508545,
                    728.0542850494385
                ],
                [
                    151.44172310829163,
                    343.87579560279846
                ],
                [
                    391.3753032684326,
                    459.61838960647583
                ],
                [
                    411.30518913269043,
                    428.8543462753296
                ]
            ],
            "provenance": "visii",
            "quaternion_xyzw": [
                -0.22862353920936584,
                0.17746663093566895,
                -0.4639223515987396,
                -0.837265133857727
            ],
            "quaternion_xyzw_world": [
                -0.21224983036518097,
                0.8536388278007507,
                0.16109293699264526,
                -0.44754865765571594
            ],
            "segmentation_id": 12,
            "visibility": 1
        },
        {
            "bounding_box_minx_maxx_miny_maxy": [
                -1,
                -1,
                -1,
                -1
            ],
            "class": "Black",
            "local_cuboid": null,
            "local_to_world_matrix": [
                [
                    0.3059864044189453,
                    0.9127294421195984,
                    0.2707347571849823,
                    0.0
                ],
                [
                    -0.9097737669944763,
                    0.36411863565444946,
                    -0.19932205975055695,
                    0.0
                ],
                [
                    -0.2805067002773285,
                    -0.1853175312280655,
                    0.9417926669120789,
                    0.0
                ],
                [
                    0.26938897371292114,
                    -0.39930257201194763,
                    0.29688549041748047,
                    1.0
                ]
            ],
            "location": [
                0.39930257201194763,
                0.29688549041748047,
                -0.26938897371292114
            ],
            "location_world": [
                0.26938897371292114,
                -0.39930257201194763,
                0.29688549041748047
            ],
            "name": "google_Black_Elderberry_Syrup_54_oz_Gaia_Herbs_12",
            "projected_cuboid": [
                [
                    1188.3735656738281,
                    -771.2198495864868
                ],
                [
                    1366.2970066070557,
                    -998.2129335403442
                ],
                [
                    1120.8443641662598,
                    -467.6876664161682
                ],
                [
                    1009.9284648895264,
                    -364.4968867301941
                ],
                [
                    1382.3572397232056,
                    -805.7280778884888
                ],
                [
                    1630.4094791412354,
                    -1062.8857612609863
                ],
                [
                    1320.6114768981934,
                    -481.42343759536743
                ],
                [
                    1165.6001806259155,
                    -369.39018964767456
                ],
                [
                    1250.4383325576782,
                    -635.2052688598633
                ]
            ],
            "provenance": "visii",
            "quaternion_xyzw": [
                -0.03900623321533203,
                0.5985191464424133,
                0.773394763469696,
                0.20521646738052368
            ],
            "quaternion_xyzw_world": [
                -0.00433271424844861,
                -0.17054295539855957,
                0.5638456344604492,
                0.8080683350563049
            ],
            "segmentation_id": 13,
            "visibility": 0
        },
        {
            "bounding_box_minx_maxx_miny_maxy": [
                -1,
                -1,
                -1,
