{
    "camera_data": {
        "camera_look_at": {
            "at": [
                1.0,
                0.0,
                0.0
            ],
            "eye": [
                0.0,
                0.0,
                0.0
            ],
            "up": [
                0.0,
                0.0,
                1.0
            ]
        },
        "camera_view_matrix": [
            [
                0.0,
                0.0,
                -1.0,
                0.0
            ],
            [
                -1.0,
                0.0,
                0.0,
                0.0
            ],
            [
                0.0,
                1.0,
                0.0,
                0.0
            ],
            [
                0.0,
                0.0,
                0.0,
                1.0
            ]
        ],
        "height": 500,
        "intrinsics": {
            "cx": 250.0,
            "cy": 250.0,
            "fx": 603.5535278320312,
            "fy": 603.5535278320312
        },
        "location_world": [
            0.0,
            0.0,
            0.0
        ],
        "quaternion_world_xyzw": [
            0.5,
            -0.5,
            -0.5,
            0.5
        ],
        "width": 500
    },
    "objects": [
        {
            "bounding_box_minx_maxx_miny_maxy": [
                -1,
                -1,
                -1,
                -1
            ],
            "class": "Reebok",
            "local_cuboid": null,
            "local_to_world_matrix": [
                [
                    0.347858726978302,
                    0.16922566294670105,
                    -0.9221479892730713,
                    0.0
                ],
                [
                    0.9118956327438354,
                    -0.28957200050354004,
                    0.2908512055873871,
                    0.0
                ],
                [
                    -0.21780869364738464,
                    -0.9420778751373291,
                    -0.25504636764526367,
                    0.0
                ],
                [
                    0.25522422790527344,
                    0.19924652576446533,
                    0.3110845983028412,
                    1.0
                ]
            ],
            "location": [
                -0.19924652576446533,
                0.3110845983028412,
                -0.25522422790527344
            ],
            "location_world": [
                0.25522422790527344,
                0.19924652576446533,
                0.3110845983028412
            ],
            "name": "google_Reebok_SOMERSET_RUN_0",
            "projected_cuboid": [
                [
                    -487.56515979766846,
                    -721.4073538780212
                ],
                [
                    159.93455052375793,
                    -178.65386605262756
                ],
                [
                    3.82116436958313,
                    -195.87808847427368
                ],
                [
                    -822.5182294845581,
                    -674.0751266479492
                ],
                [
                    -714.3640518188477,
                    -2035.0406169891357
                ],
                [
                    183.18484723567963,
                    -410.3717803955078
                ],
                [
                    8.868247270584106,
                    -413.5493040084839
                ],
                [
                    -1121.917963027954,
                    -1644.2863941192627
                ],
                [
                    -109.95239019393921,
                    -487.2346520423889
                ]
            ],
            "provenance": "visii",
            "quaternion_xyzw": [
                -0.2837756276130676,
                0.5572854280471802,
                -0.5234938263893127,
                0.5786696672439575
            ],
            "quaternion_xyzw_world": [
                0.6878366470336914,
                0.3929426074028015,
                -0.41432684659957886,
                0.4481184482574463
            ],
            "segmentation_id": 1,
            "visibility": 0
        },
        {
            "bounding_box_minx_maxx_miny_maxy": [
                -1,
                -1,
                -1,
                -1
            ],
            "class": "Breyer",
            "local_cuboid": null,
            "local_to_world_matrix": [
                [
                    -0.9647567272186279,
                    -0.028901539742946625,
                    0.2615516781806946,
                    0.0
                ],
                [
                    -0.05687877535820007,
                    -0.94754958152771,
                    -0.3145069479942322,
                    0.0
                ],
                [
                    0.2569229006767273,
                    -0.31829941272735596,
                    0.912510871887207,
                    0.0
                ],
                [
                    0.3982706367969513,
                    0.3847219944000244,
                    -0.12210704386234283,
                    1.0
                ]
            ],
            "location": [
                -0.3847219944000244,
                -0.12210704386234283,
                -0.3982706367969513
            ],
            "location_world": [
                0.3982706367969513,
                0.3847219944000244,
                -0.12210704386234283
            ],
            "name": "google_Breyer_Horse_Of_The_Year_2015_1",
            "projected_cuboid": [
                [
                    -405.49641847610474,
                    147.44190871715546
                ],
                [
                    -309.8856806755066,
                    180.34657835960388
                ],
                [
                    -491.5851354598999,
                    468.5348868370056
                ],
                [
                    -598.2481241226196,
                    427.8096556663513
                ],
                [
                    -146.5246081352234,
                    255.58874011039734
                ],
                [
                    -88.43499422073364,
                    275.6948173046112
                ],
                [
                    -172.87877202033997,
                    444.3478584289551
                ],
                [
                    -234.9114716053009,
                    421.6024875640869
                ],
                [
                    -263.97770643234253,
                    328.07207107543945
                ]
            ],
            "provenance": "visii",
            "quaternion_xyzw": [
                0.6325210332870483,
                0.477889746427536,
                0.50711989402771,
                -0.33818328380584717
            ],
            "quaternion_xyzw_world": [
                0.13255378603935242,
                -0.16178397834300995,
                0.9778569936752319,
                0.007152691017836332
            ],
            "segmentation_id": 2,
            "visibility": 0
        },
        {
            "bounding_box_minx_maxx_miny_maxy": [
                -1,
                -1,
                -1,
                -1
            ],
            "class": "Smith",
            "local_cuboid": null,
            "local_to_world_matrix": [
                [
                    -0.9759669303894043,
                    -0.11676409840583801,
                    0.18399856984615326,
                    0.0
                ],
                [
                    -0.07814255356788635,
                    -0.6006733179092407,
                    -0.7956669926643372,
                    0.0
                ],
                [
                    0.20342828333377838,
                    -0.7909224629402161,
                    0.5771124362945557,
                    0.0
                ],
                [
                    1.7832216024398804,
                    0.7289209365844727,
                    0.34573063254356384,
                    1.0
                ]
            ],
            "location": [
                -0.7289209365844727,
                0.34573063254356384,
                -1.7832216024398804
            ],
            "location_world": [
                1.7832216024398804,
                0.7289209365844727,
                0.34573063254356384
            ],
            "name": "google_Smith_Hawken_Woven_BasketTray_Organizer_with_3_Compartments_95_x_9_x_13_2",
            "projected_cuboid": [
                [
                    42.87199676036835,
                    19.6714848279953
                ],
                [
                    96.84856235980988,
                    91.70642495155334
                ],
                [
                    11.29758358001709,
                    144.88844573497772
                ],
                [
                    -43.43914985656738,
                    69.7573572397232
                ],
                [
                    66.33785367012024,
                    79.5220285654068
                ],
                [
                    111.06787621974945,
                    139.5033299922943
                ],
                [
                    41.36599600315094,
                    184.42115187644958
                ],
                [
                    -3.8935840129852295,
                    122.3161518573761
                ],
                [
                    42.06135869026184,
                    108.35310816764832
                ]
            ],
            "provenance": "visii",
            "quaternion_xyzw": [
                0.7272997498512268,
                0.2697208523750305,
                0.6073456406593323,
                -0.1715145707130432
            ],
            "quaternion_xyzw_world": [
                0.10908019542694092,
                -0.4467049539089203,
                0.8879404067993164,
                -0.010873914696276188
            ],
            "segmentation_id": 3,
            "visibility": 0
        },
        {
            "bounding_box_minx_maxx_miny_maxy": [
                248,
                293,
                1,
                29
            ],
            "class": "Paul",
            "local_cuboid": null,
            "local_to_world_matrix": [
                [
                    -0.8256475925445557,
                    -0.3983718156814575,
                    -0.39950743317604065,
                    0.0
                ],
                [
                    -0.1270701289176941,
                    -0.5586134195327759,
                    0.8196367025375366,
                    0.0
                ],
                [
                    -0.5496903657913208,
                    0.7274963855743408,
                    0.4105965495109558,
                    0.0
                ],
                [
                    1.747722864151001,
                    -0.1969163864850998,
                    0.6373411417007446,
                    1.0
                ]
            ],
            "location": [
                0.1969163864850998,
                0.6373411417007446,
                -1.747722864151001
            ],
            "location_world": [
                1.747722864151001,
                -0.1969163864850998,
                0.6373411417007446
            ],
            "name": "google_Paul_Frank_Dot_Lunch_Box_3",
            "projected_cuboid": [
                [
                    270.1488435268402,
                    -2.713024616241455
                ],
                [
                    294.52264308929443,
                    -40.51050543785095
                ],
                [
                    353.4800410270691,
                    17.437055706977844
                ],
                [
                    330.5041790008545,
                    51.82166397571564
                ],
                [
                    231.12644255161285,
                    -7.642179727554321
                ],
                [
                    252.11039185523987,
                    -40.70401191711426
                ],
                [
                    307.0588409900665,
                    10.441437363624573
                ],
                [
                    287.10708022117615,
                    40.86326062679291
                ],
                [
                    290.4198169708252,
                    4.511401057243347
                ]
            ],
            "provenance": "visii",
            "quaternion_xyzw": [
                0.08521267771720886,
                0.4667907953262329,
                0.28795915842056274,
                -0.8318201303482056
            ],
            "quaternion_xyzw_world": [
                -0.2838878929615021,
                0.46271955966949463,
                0.8358913660049438,
                -0.08114142715930939
            ],
            "segmentation_id": 4,
            "visibility": 1
        },
        {
            "bounding_box_minx_maxx_miny_maxy": [
                433,
                494,
                439,
                500
            ],
            "class": "Toys",
            "local_cuboid": null,
            "local_to_world_matrix": [
                [
                    0.6966435313224792,
                    0.6698991656303406,
                    0.256754606962204,
                    0.0
                ],
                [
                    0.5324510931968689,
                    -0.722644567489624,
                    0.4407727122306824,
                    0.0
                ],
                [
                    0.4808156192302704,
                    -0.17035220563411713,
                    -0.8601142168045044,
                    0.0
                ],
                [
                    1.3226486444473267,
                    -0.4552381634712219,
                    -0.4382581412792206,
                    1.0
                ]
            ],
            "location": [
                0.4552381634712219,
                -0.4382581412792206,
                -1.3226486444473267
            ],
            "location_world": [
                1.3226486444473267,
                -0.4552381634712219,
                -0.4382581412792206
            ],
            "name": "google_Toys_R_Us_Treat_Dispenser_Smart_Puzzle_Foobler_4",
            "projected_cuboid": [
                [
                    410.1523756980896,
                    500.2191662788391
                ],
                [
                    446.3645815849304,
                    459.0141177177429
                ],
                [
                    445.45501470565796,
                    413.69304060935974
                ],
                [
                    407.1863889694214,
                    454.3937146663666
                ],
                [
                    471.479594707489,
                    539.3627882003784
                ],
                [
                    506.88064098358154,
                    492.62893199920654
                ],
                [
                    509.305477142334,
                    445.47170400619507
                ],
                [
                    471.9388484954834,
                    491.8666481971741
                ],
                [
                    457.91247487068176,
                    473.848432302475
                ]
            ],
            "provenance": "visii",
            "quaternion_xyzw": [
                0.30419719219207764,
                0.8049048781394958,
                -0.43252480030059814,
                0.2692851424217224
            ],
            "quaternion_xyzw_world": [
                0.905456006526947,
                0.331973671913147,
                0.20364606380462646,
                0.16873401403427124
            ],
            "segmentation_id": 5,
            "visibility": 1
        },
        {
            "bounding_box_minx_maxx_miny_maxy": [
                448,
                499,
                1,
                73
            ],
            "class": "Tag",
            "local_cuboid": null,
            "local_to_world_matrix": [
                [
                    -0.22939765453338623,
                    -0.6440219879150391,
                    0.7298029661178589,
                    0.0
                ],
                [
                    0.7161728143692017,
                    -0.6194493770599365,
                    -0.32152608036994934,
                    0.0
                ],
                [
                    0.6591458320617676,
                    0.4489077031612396,
                    0.6033313274383545,
                    0.0
                ],
                [
                    0.30586400628089905,
                    -0.15708066523075104,
                    0.21168670058250427,
                    1.0
                ]
            ],
            "location": [
                0.15708066523075104,
                0.21168670058250427,
                -0.30586400628089905
            ],
            "location_world": [
                0.30586400628089905,
                -0.15708066523075104,
                0.21168670058250427
            ],
            "name": "google_Tag_Dishtowel_Basket_Weave_Red_18_x_26_5",
            "projected_cuboid": [
                [
                    581.4396142959595,
                    -638.1595730781555
                ],
                [
                    662.4403595924377,
                    -145.55802941322327
                ],
                [
                    713.6131525039673,
                    -135.8087956905365
                ],
                [
                    665.5410528182983,
                    -676.1857271194458
                ],
                [
                    282.3125422000885,
                    -223.50725531578064
                ],
                [
                    471.58199548721313,
                    64.21594321727753
                ],
                [
                    507.1331262588501,
                    84.82092618942261
                ],
                [
                    324.4127035140991,
                    -216.01137518882751
                ],
                [
                    533.5716009140015,
                    -172.41746187210083
                ]
            ],
            "provenance": "visii",
            "quaternion_xyzw": [
                0.8100453615188599,
                0.4164125621318817,
                -0.06774622201919556,
                -0.40723153948783875
            ],
            "quaternion_xyzw_world": [
                0.4434863030910492,
                0.04067248851060867,
                0.7829716205596924,
                -0.4343052804470062
            ],
            "segmentation_id": 6,
            "visibility": 1
        },
        {
            "bounding_box_minx_maxx_miny_maxy": [
                -1,
                -1,
                -1,
                -1
            ],
            "class": "FRACTION",
            "local_cuboid": null,
            "local_to_world_matrix": [
                [
                    -0.7279781103134155,
                    0.0038167089223861694,
                    0.6855897903442383,
                    0.0
                ],
                [
                    -0.09686998277902603,
                    0.9893800020217896,
                    -0.10836713761091232,
                    0.0
                ],
                [
                    -0.6787223815917969,
                    -0.1453019678592682,
                    -0.7198772430419922,
                    0.0
                ],
                [
                    1.712007999420166,
                    -0.6142414212226868,
                    -0.07075314968824387,
                    1.0
                ]
            ],
            "location": [
                0.6142414212226868,
                -0.07075314968824387,
                -1.712007999420166
            ],
            "location_world": [
                1.712007999420166,
                -0.6142414212226868,
                -0.07075314968824387
            ],
            "name": "google_FRACTION_FUN_n4h4qte23QR_6",
            "projected_cuboid": [
                [
                    514.6772265434265,
                    261.8632912635803
                ],
                [
                    447.51113653182983,
                    269.68511939048767
                ],
                [
                    441.5871500968933,
                    257.7212154865265
                ],
                [
                    507.6143741607666,
                    250.17189979553223
                ],
                [
                    495.67633867263794,
                    302.30048298835754
                ],
                [
                    433.24142694473267,
                    309.9745512008667
                ],
                [
                    427.98519134521484,
                    298.19655418395996
                ],
                [
                    489.43454027175903,
                    290.7711863517761
                ],
                [
                    469.55710649490356,
                    280.77349066734314
                ]
            ],
            "provenance": "visii",
            "quaternion_xyzw": [
                -0.326277494430542,
                0.23276983201503754,
                -0.6691237092018127,
                -0.6258072257041931
            ],
            "quaternion_xyzw_world": [
                -0.025095567107200623,
                0.9269891381263733,
                -0.06841210275888443,
                -0.36794179677963257
            ],
            "segmentation_id": 7,
            "visibility": 0
        },
        {
            "bounding_box_minx_maxx_miny_maxy": [
                438,
                499,
                19,
                215
            ],
            "class": "FAIRY",
            "local_cuboid": null,
            "local_to_world_matrix": [
                [
                    -0.8257176876068115,
                    -0.15479776263237,
                    -0.5424277782440186,
                    0.0
                ],
                [
                    -0.03065125271677971,
                    0.9725010991096497,
                    -0.23087258636951447,
                    0.0
                ],
                [
                    0.5632501840591431,
                    -0.17400948703289032,
                    -0.8077560663223267,
                    0.0
                ],
                [
                    0.6496507525444031,
                    -0.29370927810668945,
                    0.232506662607193,
                    1.0
                ]
            ],
            "location": [
                0.29370927810668945,
                0.232506662607193,
                -0.6496507525444031
            ],
            "location_world": [
                0.6496507525444031,
                -0.29370927810668945,
                0.232506662607193
            ],
            "name": "google_FAIRY_TALE_BLOCKS_7",
            "projected_cuboid": [
                [
                    678.8467168807983,
                    236.32900416851044
                ],
                [
                    451.3118863105774,
                    291.4172112941742
                ],
                [
                    454.7504484653473,
                    100.59748589992523
                ],
                [
                    734.1407537460327,
                    35.75645387172699
                ],
                [
                    553.0296564102173,
                    147.46388792991638
                ],
                [
                    377.6346743106842,
                    188.8180375099182
                ],
                [
                    367.74206161499023,
                    32.9715758562088
                ],
                [
                    572.4219083786011,
                    -13.5861337184906
                ],
                [
                    515.5662298202515,
                    129.59876656532288
                ]
            ],
            "provenance": "visii",
            "quaternion_xyzw": [
                -0.6980187296867371,
                0.5425817966461182,
                -0.3580588698387146,
                -0.3002811074256897
            ],
            "quaternion_xyzw_world": [
                -0.04882960394024849,
                0.9494702219963074,
                -0.1066073626279831,
                0.2911302447319031
            ],
            "segmentation_id": 8,
            "visibility": 1
        },
        {
            "bounding_box_minx_maxx_miny_maxy": [
                0,
                82,
                410,
                500
            ],
            "class": "Great",
            "local_cuboid": null,
            "local_to_world_matrix": [
                [
                    0.2958502173423767,
                    0.633131206035614,
                    -0.7152745127677917,
                    0.0
                ],
                [
                    0.10623562335968018,
                    -0.7659577131271362,
                    -0.6340528726577759,
                    0.0
                ],
                [
                    -0.9493085741996765,
                    0.11159706115722656,
                    -0.2938699722290039,
                    0.0
                ],
                [
                    1.3463047742843628,
                    0.49472883343696594,
                    -0.401021808385849,
                    1.0
                ]
            ],
            "location": [
                -0.49472883343696594,
                -0.401021808385849,
                -1.3463047742843628
            ],
            "location_world": [
                1.3463047742843628,
                0.49472883343696594,
                -0.401021808385849
            ],
            "name": "google_Great_Jones_Wingtip_kAqSg6EgG0I_8",
            "projected_cuboid": [
                [
                    -72.76055216789246,
                    432.9107403755188
                ],
                [
                    49.110934138298035,
                    522.0600366592407
                ],
                [
                    70.39040327072144,
                    486.13792657852173
                ],
                [
                    -41.18221998214722,
                    403.25450897216797
                ],
                [
                    -46.30574584007263,
                    398.06169271469116
                ],
                [
                    78.09630036354065,
                    490.5128479003906
                ],
                [
                    97.5714772939682,
                    456.24256134033203
                ],
                [
                    -16.1111056804657,
                    370.527446269989
                ],
                [
                    15.971064567565918,
                    445.06508111953735
                ]
            ],
            "provenance": "visii",
            "quaternion_xyzw": [
                0.11359266936779022,
                0.11154580116271973,
                -0.8967291712760925,
                0.4129541516304016
            ],
            "quaternion_xyzw_world": [
                0.7674108743667603,
                0.24086406826972961,
                -0.5422724485397339,
                -0.24291092157363892
            ],
            "segmentation_id": 9,
            "visibility": 1
        },
        {
            "bounding_box_minx_maxx_miny_maxy": [
                166,
                255,
                446,
                500
            ],
            "class": "Ecoforms",
            "local_cuboid": null,
            "local_to_world_matrix": [
                [
                    -0.31942880153656006,
                    -0.4008934795856476,
                    -0.8586324453353882,
                    0.0
                ],
                [
                    -0.9443546533584595,
                    0.20971828699111938,
                    0.2534021735191345,
                    0.0
                ],
                [
                    0.07848367094993591,
                    0.8917974829673767,
                    -0.4455757141113281,
                    0.0
                ],
                [
                    1.642463207244873,
                    0.018616613000631332,
                    -0.5916652679443359,
                    1.0
                ]
            ],
            "location": [
                -0.018616613000631332,
                -0.5916652679443359,
                -1.642463207244873
            ],
            "location_world": [
                1.642463207244873,
                0.018616613000631332,
                -0.5916652679443359
            ],
            "name": "google_Ecoforms_Plant_Container_Quadra_Sand_QP6_9",
            "projected_cuboid": [
                [
                    210.99886298179626,
                    521.8416452407837
                ],
                [
                    190.7656341791153,
                    534.6909761428833
                ],
                [
                    249.8370260000229,
                    507.3930025100708
                ],
                [
                    263.99528980255127,
                    497.3239302635193
                ],
                [
                    186.39880418777466,
                    456.98562264442444
                ],
                [
                    164.1693115234375,
                    462.0506763458252
                ],
                [
                    220.74967622756958,
                    435.19431352615356
                ],
                [
                    237.38247156143188,
                    432.826966047287
                ],
                [
                    215.67918360233307,
                    480.2515506744385
                ]
            ],
            "provenance": "visii",
            "quaternion_xyzw": [
                -0.5536187887191772,
                0.4824397563934326,
                0.2584669589996338,
                -0.6276567578315735
            ],
            "quaternion_xyzw_world": [
                -0.47865137457847595,
                0.7026241421699524,
                0.4074723422527313,
                0.3334343731403351
            ],
            "segmentation_id": 10,
            "visibility": 1
        },
        {
            "bounding_box_minx_maxx_miny_maxy": [
                -1,
                -1,
                -1,
                -1
            ],
            "class": "ReadytoUse",
            "local_cuboid": null,
            "local_to_world_matrix": [
                [
                    0.7945797443389893,
                    -0.561269998550415,
                    0.23155811429023743,
                    0.0
                ],
                [
                    -0.5667247772216797,
                    -0.8224579095840454,
                    -0.04885444790124893,
                    0.0
                ],
                [
                    0.21786725521087646,
                    -0.09241094440221786,
                    -0.971593976020813,
                    0.0
                ],
                [
                    0.37818241119384766,
                    -0.10693852603435516,
                    -0.35514283180236816,
                    1.0
                ]
            ],
            "location": [
                0.10693852603435516,
                -0.35514283180236816,
                -0.37818241119384766
            ],
            "location_world": [
                0.37818241119384766,
                -0.10693852603435516,
                -0.35514283180236816
            ],
            "name": "google_ReadytoUse_Rolled_Fondant_Pure_White_24_oz_box_10",
            "projected_cuboid": [
                [
                    422.4967062473297,
                    887.4112367630005
                ],
                [
                    487.4759316444397,
                    930.142343044281
                ],
                [
                    485.8251214027405,
                    750.9350180625916
                ],
                [
                    415.5271649360657,
                    715.9695029258728
                ],
                [
                    357.96961188316345,
                    1094.1572189331055
                ],
                [
                    435.6752038002014,
                    1164.9372577667236
                ],
                [
                    427.4907112121582,
                    958.1804871559143
                ],
                [
                    342.13802218437195,
                    896.5834975242615
                ],
                [
                    424.4857430458069,
                    915.5977368354797
                ]
            ],
            "provenance": "visii",
            "quaternion_xyzw": [
                0.6760162711143494,
                0.3897893726825714,
                -0.2596716284751892,
                0.5688911080360413
            ],
            "quaternion_xyzw_world": [
                0.9471842050552368,
                -0.2977231740951538,
                0.11862143129110336,
                0.01149631105363369
            ],
            "segmentation_id": 11,
            "visibility": 0
        },
        {
            "bounding_box_minx_maxx_miny_maxy": [
                0,
                267,
                1,
                365
            ],
            "class": "Dog",
            "local_cuboid": null,
            "local_to_world_matrix": [
                [
                    0.8869198560714722,
                    -0.4614468812942505,
                    0.020975127816200256,
                    0.0
                ],
                [
                    0.4445594549179077,
                    0.840366780757904,
                    -0.31008151173591614,
                    0.0
                ],
                [
                    0.12545934319496155,
                    0.2843421399593353,
                    0.9504785537719727,
                    0.0
                ],
                [
                    0.3123096227645874,
                    0.09229324012994766,
                    -0.04670943319797516,
                    1.0
                ]
            ],
            "location": [
                -0.09229324012994766,
                -0.04670943319797516,
                -0.3123096227645874
            ],
            "location_world": [
                0.3123096227645874,
                0.09229324012994766,
                -0.04670943319797516
            ],
            "name": "google_Dog_11",
            "projected_cuboid": [
                [
                    225.05314648151398,
                    -11.576533317565918
                ],
                [
                    34.2462956905365,
                    105.12581467628479
                ],
                [
                    97.00165688991547,
                    346.2918698787689
                ],
                [
                    314.29004669189453,
                    274.87820386886597
                ],
                [
                    -131.76634907722473,
                    -271.90661430358887
                ],
                [
                    -357.56123065948486,
                    8.53632390499115
                ],
                [
                    -282.4936509132385,
                    436.1371397972107
                ],
                [
                    12.85526156425476,
                    322.1368193626404
                ],
                [
                    28.67451310157776,
                    161.6516411304474
                ]
            ],
            "provenance": "visii",
            "quaternion_xyzw": [
                -0.6886558532714844,
                0.29746049642562866,
                0.4251985549926758,
                0.5064350962638855
            ],
            "quaternion_xyzw_world": [
                -0.15497943758964539,
                0.027241354808211327,
                -0.2362159639596939,
                0.9588750004768372
            ],
            "segmentation_id": 12,
            "visibility": 1
        },
        {
            "bounding_box_minx_maxx_miny_maxy": [
                -1,
                -1,
                -1,
                -1
            ],
            "class": "Black",
            "local_cuboid": null,
            "local_to_world_matrix": [
                [
                    -0.6088361740112305,
                    -0.46813836693763733,
                    0.6404414176940918,
                    0.0
                ],
                [
                    -0.787413477897644,
                    0.25848621129989624,
                    -0.5596114993095398,
                    0.0
                ],
                [
                    0.09643033146858215,
                    -0.8450037837028503,
                    -0.5259941816329956,
                    0.0
                ],
                [
                    0.27629178762435913,
                    -0.3893525302410126,
                    0.4813597500324249,
                    1.0
                ]
            ],
            "location": [
                0.3893525302410126,
                0.4813597500324249,
                -0.27629178762435913
            ],
            "location_world": [
                0.27629178762435913,
                -0.3893525302410126,
                0.4813597500324249
            ],
            "name": "google_Black_Elderberry_Syrup_54_oz_Gaia_Herbs_12",
            "projected_cuboid": [
                [
                    1336.1326456069946,
                    -646.3045477867126
                ],
                [
                    1501.631736755371,
                    -733.4075570106506
                ],
                [
                    1261.9123458862305,
                    -987.2807264328003
                ],
                [
                    1127.732515335083,
                    -853.9988994598389
                ],
                [
                    1173.2048988342285,
                    -485.37564277648926
                ],
                [
                    1291.812777519226,
                    -535.5020761489868
                ],
                [
                    1072.0702409744263,
                    -746.4821934700012
                ],
                [
                    980.4822206497192,
                    -663.1733775138855
                ],
                [
                    1210.0985050201416,
                    -694.1183805465698
                ]
            ],
            "provenance": "visii",
            "quaternion_xyzw": [
                -0.7287284135818481,
                -0.13103482127189636,
                -0.4987591803073883,
                -0.45058202743530273
            ],
            "quaternion_xyzw_world": [
                -0.4057930111885071,
                0.773517370223999,
                -0.45397019386291504,
                -0.17582380771636963
            ],
            "segmentation_id": 13,
            "visibility": 0
        },
        {
            "bounding_box_minx_maxx_miny_maxy": [
                -1,
                -1,
                -1,
                -1
            ],
