{
    "camera_data": {
        "camera_look_at": {
            "at": [
                1.0,
                0.0,
                0.0
            ],
            "eye": [
                0.0,
                0.0,
                0.0
            ],
            "up": [
                0.0,
                0.0,
                1.0
            ]
        },
        "camera_view_matrix": [
            [
                0.0,
                0.0,
                -1.0,
                0.0
            ],
            [
                -1.0,
                0.0,
                0.0,
                0.0
            ],
            [
                0.0,
                1.0,
                0.0,
                0.0
            ],
            [
                0.0,
                0.0,
                0.0,
                1.0
            ]
        ],
        "height": 500,
        "intrinsics": {
            "cx": 250.0,
            "cy": 250.0,
            "fx": 603.5535278320312,
            "fy": 603.5535278320312
        },
        "location_world": [
            0.0,
            0.0,
            0.0
        ],
        "quaternion_world_xyzw": [
            0.5,
            -0.5,
            -0.5,
            0.5
        ],
        "width": 500
    },
    "objects": [
        {
            "bounding_box_minx_maxx_miny_maxy": [
                -1,
                -1,
                -1,
                -1
            ],
            "class": "Reebok",
            "local_cuboid": null,
            "local_to_world_matrix": [
                [
                    -0.6070050001144409,
                    -0.08210737258195877,
                    0.7904450297355652,
                    0.0
                ],
                [
                    0.07619243115186691,
                    -0.9960790872573853,
                    -0.04495726525783539,
                    0.0
                ],
                [
                    0.7910371422767639,
                    0.03293664753437042,
                    0.6108809113502502,
                    0.0
                ],
                [
                    0.3079937696456909,
                    0.1251596063375473,
                    0.29617631435394287,
                    1.0
                ]
            ],
            "location": [
                -0.1251596063375473,
                0.29617631435394287,
                -0.3079937696456909
            ],
            "location_world": [
                0.3079937696456909,
                0.1251596063375473,
                0.29617631435394287
            ],
            "name": "google_Reebok_SOMERSET_RUN_0",
            "projected_cuboid": [
                [
                    -210.1302444934845,
                    -462.3669981956482
                ],
                [
                    284.2229902744293,
                    -399.11186695098877
                ],
                [
                    303.36183309555054,
                    -458.1263065338135
                ],
                [
                    -362.312912940979,
                    -548.5237836837769
                ],
                [
                    -148.80970120429993,
                    -219.61918473243713
                ],
                [
                    266.391783952713,
                    -178.25797200202942
                ],
                [
                    277.1846652030945,
                    -168.4226095676422
                ],
                [
                    -252.48348712921143,
                    -220.5965518951416
                ],
                [
                    33.17190706729889,
                    -315.6090974807739
                ]
            ],
            "provenance": "visii",
            "quaternion_xyzw": [
                0.6924777626991272,
                0.6449753046035767,
                0.20725153386592865,
                -0.24804888665676117
            ],
            "quaternion_xyzw_world": [
                0.4410763084888458,
                -0.0033525575418025255,
                0.8963767290115356,
                -0.04414990916848183
            ],
            "segmentation_id": 1,
            "visibility": 0
        },
        {
            "bounding_box_minx_maxx_miny_maxy": [
                -1,
                -1,
                -1,
                -1
            ],
            "class": "Breyer",
            "local_cuboid": null,
            "local_to_world_matrix": [
                [
                    0.11398988962173462,
                    0.7885652184486389,
                    0.6042940020561218,
                    0.0
                ],
                [
                    -0.694901168346405,
                    0.49799102544784546,
                    -0.5187652707099915,
                    0.0
                ],
                [
                    -0.710013210773468,
                    -0.36079058051109314,
                    0.6047407984733582,
                    0.0
                ],
                [
                    0.3923826217651367,
                    0.19674529135227203,
                    -0.2715594470500946,
                    1.0
                ]
            ],
            "location": [
                -0.19674529135227203,
                -0.2715594470500946,
                -0.3923826217651367
            ],
            "location_world": [
                0.3923826217651367,
                0.19674529135227203,
                -0.2715594470500946
            ],
            "name": "google_Breyer_Horse_Of_The_Year_2015_1",
            "projected_cuboid": [
                [
                    -179.86539006233215,
                    436.22535467147827
                ],
                [
                    -306.7196011543274,
                    529.8953652381897
                ],
                [
                    -235.4036569595337,
                    596.6888070106506
                ],
                [
                    -148.0749547481537,
                    520.8404064178467
                ],
                [
                    164.83497619628906,
                    747.8319406509399
                ],
                [
                    80.53512871265411,
                    902.2675156593323
                ],
                [
                    38.48735988140106,
                    859.9217534065247
                ],
                [
                    103.84556651115417,
                    752.3013353347778
                ],
                [
                    -63.76749277114868,
                    661.5042686462402
                ]
            ],
            "provenance": "visii",
            "quaternion_xyzw": [
                0.07104015350341797,
                0.37409451603889465,
                0.8685251474380493,
                0.3172864317893982
            ],
            "quaternion_xyzw_world": [
                -0.053052015602588654,
                -0.4413786232471466,
                0.4981866776943207,
                0.7444329857826233
            ],
            "segmentation_id": 2,
            "visibility": 0
        },
        {
            "bounding_box_minx_maxx_miny_maxy": [
                0,
                93,
                1,
                129
            ],
            "class": "Smith",
            "local_cuboid": null,
            "local_to_world_matrix": [
                [
                    -0.9498928785324097,
                    0.28732433915138245,
                    0.12308196723461151,
                    0.0
                ],
                [
                    -0.13582032918930054,
                    -0.7340501546859741,
                    0.6653751134872437,
                    0.0
                ],
                [
                    0.28152668476104736,
                    0.615317702293396,
                    0.7362926602363586,
                    0.0
                ],
                [
                    1.7645998001098633,
                    0.604623556137085,
                    0.4523135721683502,
                    1.0
                ]
            ],
            "location": [
                -0.604623556137085,
                0.4523135721683502,
                -1.7645998001098633
            ],
            "location_world": [
                1.7645998001098633,
                0.604623556137085,
                0.4523135721683502
            ],
            "name": "google_Smith_Hawken_Woven_BasketTray_Organizer_with_3_Compartments_95_x_9_x_13_2",
            "projected_cuboid": [
                [
                    -78.42788100242615,
                    40.5365526676178
                ],
                [
                    -16.32663607597351,
                    -26.491254568099976
                ],
                [
                    34.20950472354889,
                    36.00606322288513
                ],
                [
                    -31.90481662750244,
                    104.82488572597504
                ],
                [
                    7.849961519241333,
                    89.10767734050751
                ],
                [
                    60.79460680484772,
                    34.44713354110718
                ],
                [
                    105.34688830375671,
                    88.18648755550385
                ],
                [
                    49.55466091632843,
                    144.0018117427826
                ],
                [
                    19.372805953025818,
                    65.8947229385376
                ]
            ],
            "provenance": "visii",
            "quaternion_xyzw": [
                0.28671741485595703,
                0.7473664283752441,
                0.2917287349700928,
                -0.5235753059387207
            ],
            "quaternion_xyzw_world": [
                0.10938988626003265,
                0.34624776244163513,
                0.9246939420700073,
                0.11440127342939377
            ],
            "segmentation_id": 3,
            "visibility": 1
        },
        {
            "bounding_box_minx_maxx_miny_maxy": [
                311,
                375,
                1,
                47
            ],
            "class": "Paul",
            "local_cuboid": null,
            "local_to_world_matrix": [
                [
                    0.9508877992630005,
                    -0.19225192070007324,
                    0.24259358644485474,
                    0.0
                ],
                [
                    -0.28821036219596863,
                    -0.2640371322631836,
                    0.9204451441764832,
                    0.0
                ],
                [
                    -0.1129036545753479,
                    -0.945158064365387,
                    -0.3064786195755005,
                    0.0
                ],
                [
                    1.7372959852218628,
                    -0.19245202839374542,
                    0.6864601969718933,
                    1.0
                ]
            ],
            "location": [
                0.19245202839374542,
                0.6864601969718933,
                -1.7372959852218628
            ],
            "location_world": [
                1.7372959852218628,
                -0.19245202839374542,
                0.6864601969718933
            ],
            "name": "google_Paul_Frank_Dot_Lunch_Box_3",
            "projected_cuboid": [
                [
                    387.7883553504944,
                    55.22596836090088
                ],
                [
                    399.5850682258606,
                    18.979132175445557
                ],
                [
                    325.81597566604614,
                    -0.9775161743164062
                ],
                [
                    315.4052197933197,
                    35.09429097175598
                ],
                [
                    390.252947807312,
                    48.84697496891022
                ],
                [
                    403.97971868515015,
                    6.693482398986816
                ],
                [
                    318.56751441955566,
                    -16.19189977645874
                ],
                [
                    306.69349431991577,
                    25.72047710418701
                ],
                [
                    355.74057698249817,
                    22.161036729812622
                ]
            ],
            "provenance": "visii",
            "quaternion_xyzw": [
                0.19931328296661377,
                0.6354702115058899,
                -0.0071868896484375,
                0.745922327041626
            ],
            "quaternion_xyzw_world": [
                0.793946385383606,
                -0.15128926932811737,
                0.0408371202647686,
                0.5874462127685547
            ],
            "segmentation_id": 4,
            "visibility": 1
        },
        {
            "bounding_box_minx_maxx_miny_maxy": [
                -1,
                -1,
                -1,
                -1
            ],
            "class": "Toys",
            "local_cuboid": null,
            "local_to_world_matrix": [
                [
                    0.09896987676620483,
                    -0.3246181607246399,
                    0.9406529664993286,
                    0.0
                ],
                [
                    -0.45719456672668457,
                    0.8247796297073364,
                    0.332733690738678,
                    0.0
                ],
                [
                    -0.8838428258895874,
                    -0.4629920721054077,
                    -0.06678533554077148,
                    0.0
                ],
                [
                    1.5601886510849,
                    -0.07306874543428421,
                    -0.2740941047668457,
                    1.0
                ]
            ],
            "location": [
                0.07306874543428421,
                -0.2740941047668457,
                -1.5601886510849
            ],
            "location_world": [
                1.5601886510849,
                -0.07306874543428421,
                -0.2740941047668457
            ],
            "name": "google_Toys_R_Us_Treat_Dispenser_Smart_Puzzle_Foobler_4",
            "projected_cuboid": [
                [
                    345.6954061985016,
                    347.5587069988251
                ],
                [
                    295.67644000053406,
                    330.3492069244385
                ],
                [
                    263.65599036216736,
                    319.20304894447327
                ],
                [
                    310.8484148979187,
                    335.44573187828064
                ],
                [
                    325.8289098739624,
                    409.07925367355347
                ],
                [
                    274.24392104148865,
                    394.8119282722473
                ],
                [
                    243.81610751152039,
                    377.79122591018677
                ],
                [
                    292.3429310321808,
                    391.5940821170807
                ],
                [
                    293.9032018184662,
                    362.92797327041626
                ]
            ],
            "provenance": "visii",
            "quaternion_xyzw": [
                0.16434846818447113,
                0.17626170814037323,
                0.5537352561950684,
                0.7970563173294067
            ],
            "quaternion_xyzw_world": [
                0.2919655740261078,
                -0.6694391369819641,
                0.04864459112286568,
                0.6813523769378662
            ],
            "segmentation_id": 5,
            "visibility": 0
        },
        {
            "bounding_box_minx_maxx_miny_maxy": [
                -1,
                -1,
                -1,
                -1
            ],
            "class": "Tag",
            "local_cuboid": null,
            "local_to_world_matrix": [
                [
                    -0.6860679388046265,
                    -0.6800630688667297,
                    -0.2585058808326721,
                    0.0
                ],
                [
                    -0.47010356187820435,
                    0.6855589151382446,
                    -0.5558881759643555,
                    0.0
                ],
                [
                    0.5552600026130676,
                    -0.25985246896743774,
                    -0.7900400161743164,
                    0.0
                ],
                [
                    0.31975144147872925,
                    -0.12940581142902374,
                    0.29602673649787903,
                    1.0
                ]
            ],
            "location": [
                0.12940581142902374,
                0.29602673649787903,
                -0.31975144147872925
            ],
            "location_world": [
                0.31975144147872925,
                -0.12940581142902374,
                0.29602673649787903
            ],
            "name": "google_Tag_Dishtowel_Basket_Weave_Red_18_x_26_5",
            "projected_cuboid": [
                [
                    746.8857765197754,
                    -310.01007556915283
                ],
                [
                    561.1166954040527,
                    -235.52483320236206
                ],
                [
                    563.8010501861572,
                    -361.4150881767273
                ],
                [
                    760.0103616714478,
                    -396.8467116355896
                ],
                [
                    463.7795686721802,
                    -224.03177618980408
                ],
                [
                    250.9547770023346,
                    -147.4922001361847
                ],
                [
                    234.1216653585434,
                    -222.6136326789856
                ],
                [
                    460.71141958236694,
                    -283.5763096809387
                ],
                [
                    495.1362907886505,
                    -267.1014070510864
                ]
            ],
            "provenance": "visii",
            "quaternion_xyzw": [
                -0.8353459239006042,
                0.2825370728969574,
                -0.2830923795700073,
                -0.37713223695755005
            ],
            "quaternion_xyzw_world": [
                -0.3234243392944336,
                0.8890538215637207,
                -0.22938449680805206,
                0.22882919013500214
            ],
            "segmentation_id": 6,
            "visibility": 0
        },
        {
            "bounding_box_minx_maxx_miny_maxy": [
                480,
                495,
                299,
                323
            ],
            "class": "FRACTION",
            "local_cuboid": null,
            "local_to_world_matrix": [
                [
                    -0.7247713804244995,
                    0.5271362066268921,
                    -0.44365978240966797,
                    0.0
                ],
                [
                    0.6354955434799194,
                    0.7602308988571167,
                    -0.13488644361495972,
                    0.0
                ],
                [
                    0.2661803364753723,
                    -0.37970560789108276,
                    -0.885986328125,
                    0.0
                ],
                [
                    1.4476583003997803,
                    -0.47192010283470154,
                    -0.16280540823936462,
                    1.0
                ]
            ],
            "location": [
                0.47192010283470154,
                -0.16280540823936462,
                -1.4476583003997803
            ],
            "location_world": [
                1.4476583003997803,
                -0.47192010283470154,
                -0.16280540823936462
            ],
            "name": "google_FRACTION_FUN_n4h4qte23QR_6",
            "projected_cuboid": [
                [
                    482.3648929595947,
                    352.8725504875183
                ],
                [
                    403.57381105422974,
                    354.955792427063
                ],
                [
                    397.8652060031891,
                    339.590847492218
                ],
                [
                    476.8316447734833,
                    336.0944390296936
                ],
                [
                    500.2990961074829,
                    311.8728697299957
                ],
                [
                    426.46610736846924,
                    316.9023394584656
                ],
                [
                    421.3886857032776,
                    302.49667167663574
                ],
                [
                    495.3940510749817,
                    296.23350501060486
                ],
                [
                    449.4067430496216,
                    325.64401626586914
                ]
            ],
            "provenance": "visii",
            "quaternion_xyzw": [
                -0.467421293258667,
                0.6439002752304077,
                -0.5907288789749146,
                -0.1339748352766037
            ],
            "quaternion_xyzw_world": [
                0.3166165053844452,
                0.9180126190185547,
                -0.14013752341270447,
                0.19330891966819763
            ],
            "segmentation_id": 7,
            "visibility": 1
        },
        {
            "bounding_box_minx_maxx_miny_maxy": [
                356,
                499,
                1,
                125
            ],
            "class": "FAIRY",
            "local_cuboid": null,
            "local_to_world_matrix": [
                [
                    -0.4578068256378174,
                    0.5323789119720459,
                    -0.7120293378829956,
                    0.0
                ],
                [
                    0.7790553569793701,
                    0.6260979771614075,
                    -0.032773226499557495,
                    0.0
                ],
                [
                    0.42835235595703125,
                    -0.5697140693664551,
                    -0.7013845443725586,
                    0.0
                ],
                [
                    0.5996395945549011,
                    -0.23954759538173676,
                    0.33222663402557373,
                    1.0
                ]
            ],
            "location": [
                0.23954759538173676,
                0.33222663402557373,
                -0.5996395945549011
            ],
            "location_world": [
                0.5996395945549011,
                -0.23954759538173676,
                0.33222663402557373
            ],
            "name": "google_FAIRY_TALE_BLOCKS_7",
            "projected_cuboid": [
                [
                    682.4707388877869,
                    146.88025414943695
                ],
                [
                    426.9457459449768,
                    182.6695203781128
                ],
                [
                    334.3476355075836,
                    26.47349238395691
                ],
                [
                    601.9353866577148,
                    -90.50390124320984
                ],
                [
                    729.5883893966675,
                    0.7345378398895264
                ],
                [
                    496.5783357620239,
                    67.0778751373291
                ],
                [
                    426.57455801963806,
                    -80.33978939056396
                ],
                [
                    673.720121383667,
                    -213.21973204612732
                ],
                [
                    532.3467254638672,
                    13.5793536901474
                ]
            ],
            "provenance": "visii",
            "quaternion_xyzw": [
                -0.4818575382232666,
                0.6942546367645264,
                -0.5331040620803833,
                0.040297627449035645
            ],
            "quaternion_xyzw_world": [
                0.39289939403533936,
                0.8344593048095703,
                -0.1805022954940796,
                0.34165287017822266
            ],
            "segmentation_id": 8,
            "visibility": 1
        },
        {
            "bounding_box_minx_maxx_miny_maxy": [
                -1,
                -1,
                -1,
                -1
            ],
            "class": "Great",
            "local_cuboid": null,
            "local_to_world_matrix": [
                [
                    -0.41872739791870117,
                    0.8942758440971375,
                    0.1579177975654602,
                    0.0
                ],
                [
                    -0.8873693346977234,
                    -0.3659738302230835,
                    -0.28042617440223694,
                    0.0
                ],
                [
                    -0.19298458099365234,
                    -0.2575535476207733,
                    0.9467962384223938,
                    0.0
                ],
                [
                    1.5267384052276611,
                    0.558847188949585,
                    -0.2258596122264862,
                    1.0
                ]
            ],
            "location": [
                -0.558847188949585,
                -0.2258596122264862,
                -1.5267384052276611
            ],
            "location_world": [
                1.5267384052276611,
                0.558847188949585,
                -0.2258596122264862
            ],
            "name": "google_Great_Jones_Wingtip_kAqSg6EgG0I_8",
            "projected_cuboid": [
                [
                    12.904807925224304,
                    274.4571566581726
                ],
                [
                    15.342608094215393,
                    318.8171088695526
                ],
                [
                    6.163835525512695,
                    365.32342433929443
                ],
                [
                    5.306422710418701,
                    313.7143552303314
                ],
                [
                    55.558234453201294,
                    280.13548254966736
                ],
                [
                    66.41219556331635,
                    324.13989305496216
                ],
                [
                    56.74220621585846,
                    369.02886629104614
                ],
                [
                    47.61497676372528,
                    318.2358741760254
                ],
                [
                    33.317193388938904,
                    318.4933662414551
                ]
            ],
            "provenance": "visii",
            "quaternion_xyzw": [
                0.21975311636924744,
                0.5960001945495605,
                0.7693644762039185,
                -0.06760647892951965
            ],
            "quaternion_xyzw_world": [
                -0.010608779266476631,
                -0.16275544464588165,
                0.826362133026123,
                0.539002537727356
            ],
            "segmentation_id": 9,
            "visibility": 0
        },
        {
            "bounding_box_minx_maxx_miny_maxy": [
                182,
                259,
                427,
                500
            ],
            "class": "Ecoforms",
            "local_cuboid": null,
            "local_to_world_matrix": [
                [
                    0.9783497452735901,
                    -0.12695986032485962,
                    -0.16344088315963745,
                    0.0
                ],
                [
                    -0.18875378370285034,
                    -0.2235097885131836,
                    -0.9562507271766663,
                    0.0
                ],
                [
                    0.08487483859062195,
                    0.9663978219032288,
                    -0.24263489246368408,
                    0.0
                ],
                [
                    1.6507086753845215,
                    -0.011694428510963917,
                    -0.5561916828155518,
                    1.0
                ]
            ],
            "location": [
                0.011694428510963917,
                -0.5561916828155518,
                -1.6507086753845215
            ],
            "location_world": [
                1.6507086753845215,
                -0.011694428510963917,
                -0.5561916828155518
            ],
            "name": "google_Ecoforms_Plant_Container_Quadra_Sand_QP6_9",
            "projected_cuboid": [
                [
                    195.51782310009003,
                    427.30116844177246
                ],
                [
                    209.13398265838623,
                    494.01992559432983
                ],
                [
                    265.7524645328522,
                    481.74208402633667
                ],
                [
                    250.87234377861023,
                    414.7317409515381
                ],
                [
                    179.96013164520264,
                    436.2597465515137
                ],
                [
                    194.8489248752594,
                    511.18171215057373
                ],
                [
                    258.1835687160492,
                    497.5782036781311
                ],
                [
                    241.7168915271759,
                    422.28585481643677
                ],
                [
                    224.6164083480835,
                    459.9339962005615
                ]
            ],
            "provenance": "visii",
            "quaternion_xyzw": [
                -0.7362210154533386,
                -0.020397670567035675,
                0.6603817343711853,
                -0.14648745954036713
            ],
            "quaternion_xyzw_world": [
                -0.7817439436912537,
                0.10096453130245209,
                0.025125248357653618,
                0.6148588061332703
            ],
            "segmentation_id": 10,
            "visibility": 1
        },
        {
            "bounding_box_minx_maxx_miny_maxy": [
                -1,
                -1,
                -1,
                -1
            ],
            "class": "ReadytoUse",
            "local_cuboid": null,
            "local_to_world_matrix": [
                [
                    -0.8494037389755249,
                    0.2987135648727417,
                    -0.435067355632782,
                    0.0
                ],
                [
                    -0.40392225980758667,
                    -0.8985418081283569,
                    0.17166636884212494,
                    0.0
                ],
                [
                    -0.33964717388153076,
                    0.3215474486351013,
                    0.8838818073272705,
                    0.0
                ],
                [
                    0.2909224033355713,
                    -0.14532727003097534,
                    -0.5123752355575562,
                    1.0
                ]
            ],
            "location": [
                0.14532727003097534,
                -0.5123752355575562,
                -0.2909224033355713
            ],
            "location_world": [
                0.2909224033355713,
                -0.14532727003097534,
                -0.5123752355575562
            ],
            "name": "google_ReadytoUse_Rolled_Fondant_Pure_White_24_oz_box_10",
            "projected_cuboid": [
                [
                    409.95675325393677,
                    1487.687349319458
                ],
                [
                    583.0614566802979,
                    1600.7235050201416
                ],
                [
                    642.5446271896362,
                    1655.616283416748
                ],
                [
                    504.47309017181396,
                    1564.1790628433228
                ],
                [
                    428.252637386322,
                    946.5413689613342
                ],
                [
                    537.7551317214966,
                    978.223443031311
                ],
                [
                    586.5660905838013,
                    1123.1986284255981
                ],
                [
                    492.1019673347473,
                    1088.5064601898193
                ],
                [
                    521.9454765319824,
                    1256.563425064087
                ]
            ],
            "provenance": "visii",
            "quaternion_xyzw": [
                0.217929407954216,
                0.5316795706748962,
                0.6055357456207275,
                -0.5505905747413635
            ],
            "quaternion_xyzw_world": [
                -0.20325867831707,
                0.12940248847007751,
                0.9528676867485046,
                0.18434768915176392
            ],
            "segmentation_id": 11,
            "visibility": 0
        },
        {
            "bounding_box_minx_maxx_miny_maxy": [
                122,
                490,
                112,
                426
            ],
            "class": "Dog",
            "local_cuboid": null,
            "local_to_world_matrix": [
                [
                    -0.006143927574157715,
                    0.16212108731269836,
                    0.9867517948150635,
                    0.0
                ],
                [
                    -0.9145255088806152,
                    0.39822709560394287,
                    -0.07112202048301697,
                    0.0
                ],
                [
                    -0.4044816792011261,
                    -0.9028465747833252,
                    0.14581716060638428,
                    0.0
                ],
                [
                    0.430664986371994,
                    0.04130782559514046,
                    -0.031992681324481964,
                    1.0
                ]
            ],
            "location": [
                -0.04130782559514046,
                -0.031992681324481964,
                -0.430664986371994
            ],
            "location_world": [
                0.430664986371994,
                0.04130782559514046,
                -0.031992681324481964
            ],
            "name": "google_Dog_11",
            "projected_cuboid": [
                [
                    467.35578775405884,
                    82.39738643169403
                ],
                [
                    438.00997734069824,
                    4.504308104515076
                ],
                [
                    78.62487435340881,
                    112.90907859802246
                ],
                [
                    222.27372229099274,
                    142.7355408668518
                ],
                [
                    518.7867879867554,
                    400.3128409385681
                ],
                [
                    522.620677947998,
                    526.9603729248047
                ],
                [
                    144.99199390411377,
                    513.117790222168
                ],
                [
                    266.3475573062897,
                    410.82143783569336
                ],
                [
                    324.408620595932,
                    273.3936309814453
                ]
            ],
            "provenance": "visii",
            "quaternion_xyzw": [
                0.3551476001739502,
                0.4142817258834839,
                0.6398681402206421,
                0.541118860244751
            ],
            "quaternion_xyzw_world": [
                0.33534005284309387,
                -0.5609264373779297,
                0.4340892732143402,
                0.6200605630874634
            ],
            "segmentation_id": 12,
            "visibility": 1
        },
        {
            "bounding_box_minx_maxx_miny_maxy": [
                -1,
                -1,
                -1,
                -1
            ],
            "class": "Black",
            "local_cuboid": null,
            "local_to_world_matrix": [
                [
                    0.44482022523880005,
                    1.8656253814697266e-05,
                    0.8956198692321777,
                    0.0
                ],
                [
                    0.7676202654838562,
                    -0.5151869058609009,
                    -0.3812369704246521,
                    0.0
                ],
                [
                    0.4614045321941376,
                    0.8570778965950012,
                    -0.22917985916137695,
                    0.0
                ],
                [
                    0.3067508935928345,
                    -0.36920076608657837,
                    0.4153345823287964,
                    1.0
                ]
            ],
            "location": [
                0.36920076608657837,
                0.4153345823287964,
                -0.3067508935928345
            ],
            "location_world": [
                0.3067508935928345,
                -0.36920076608657837,
                0.4153345823287964
            ],
            "name": "google_Black_Elderberry_Syrup_54_oz_Gaia_Herbs_12",
            "projected_cuboid": [
                [
                    630.968987941742,
                    -445.0969696044922
                ],
                [
                    633.6416006088257,
                    -334.79219675064087
                ],
                [
                    928.1098246574402,
                    -507.89541006088257
                ],
                [
                    969.8392748832703,
                    -669.5410013198853
                ],
                [
                    659.5882177352905,
                    -406.02660179138184
                ],
                [
                    659.0545177459717,
                    -293.03455352783203
                ],
                [
                    982.5226664543152,
                    -471.200168132782
                ],
                [
                    1037.255048751831,
                    -641.8502926826477
                ],
                [
                    794.6025729179382,
                    -457.2470188140869
                ]
            ],
            "provenance": "visii",
            "quaternion_xyzw": [
                0.678716242313385,
                0.5196600556373596,
                -0.47954434156417847,
                -0.19833044707775116
            ],
            "quaternion_xyzw_world": [
                0.7397950887680054,
                0.2594093084335327,
                0.45858117938041687,
                -0.4184654951095581
            ],
            "segmentation_id": 13,
            "visibility": 0
        },
        {
            "bounding_box_minx_maxx_miny_maxy": [
                -1,
                -1,
                -1,
                -1
            ],
            "class": "Razer",
