{
    "camera_data": {
        "camera_look_at": {
            "at": [
                1.0,
                0.0,
                0.0
            ],
            "eye": [
                0.0,
                0.0,
                0.0
            ],
            "up": [
                0.0,
                0.0,
                1.0
            ]
        },
        "camera_view_matrix": [
            [
                0.0,
                0.0,
                -1.0,
                0.0
            ],
            [
                -1.0,
                0.0,
                0.0,
                0.0
            ],
            [
                0.0,
                1.0,
                0.0,
                0.0
            ],
            [
                0.0,
                0.0,
                0.0,
                1.0
            ]
        ],
        "height": 500,
        "intrinsics": {
            "cx": 250.0,
            "cy": 250.0,
            "fx": 603.5535278320312,
            "fy": 603.5535278320312
        },
        "location_world": [
            0.0,
            0.0,
            0.0
        ],
        "quaternion_world_xyzw": [
            0.5,
            -0.5,
            -0.5,
            0.5
        ],
        "width": 500
    },
    "objects": [
        {
            "bounding_box_minx_maxx_miny_maxy": [
                -1,
                -1,
                -1,
                -1
            ],
            "class": "Reebok",
            "local_cuboid": null,
            "local_to_world_matrix": [
                [
                    0.6626118421554565,
                    0.735201358795166,
                    0.14291435480117798,
                    0.0
                ],
                [
                    0.6993778944015503,
                    -0.6756504774093628,
                    0.23316746950149536,
                    0.0
                ],
                [
                    0.26798519492149353,
                    -0.05454837530851364,
                    -0.9618775844573975,
                    0.0
                ],
                [
                    0.27342888712882996,
                    0.17432165145874023,
                    0.3108249008655548,
                    1.0
                ]
            ],
            "location": [
                -0.17432165145874023,
                0.3108249008655548,
                -0.27342888712882996
            ],
            "location_world": [
                0.27342888712882996,
                0.17432165145874023,
                0.3108249008655548
            ],
            "name": "google_Reebok_SOMERSET_RUN_0",
            "projected_cuboid": [
                [
                    -527.0016193389893,
                    -186.33002042770386
                ],
                [
                    99.654421210289,
                    -78.00328731536865
                ],
                [
                    79.0785700082779,
                    -265.863299369812
                ],
                [
                    -661.3243222236633,
                    -574.8328566551208
                ],
                [
                    -575.7189393043518,
                    -325.2949118614197
                ],
                [
                    204.78317141532898,
                    -118.04983019828796
                ],
                [
                    189.32698667049408,
                    -351.11886262893677
                ],
                [
                    -796.546220779419,
                    -963.5447263717651
                ],
                [
                    -107.61579871177673,
                    -282.80824422836304
                ]
            ],
            "provenance": "visii",
            "quaternion_xyzw": [
                0.27368611097335815,
                0.7477222084999084,
                -0.555438756942749,
                0.23978161811828613
            ],
            "quaternion_xyzw_world": [
                0.9083143472671509,
                0.3948465883731842,
                0.11309398710727692,
                0.07918950170278549
            ],
            "segmentation_id": 1,
            "visibility": 0
        },
        {
            "bounding_box_minx_maxx_miny_maxy": [
                -1,
                -1,
                -1,
                -1
            ],
            "class": "Breyer",
            "local_cuboid": null,
            "local_to_world_matrix": [
                [
                    -0.7252192497253418,
                    0.4345732033252716,
                    0.5340442657470703,
                    0.0
                ],
                [
                    -0.41608014702796936,
                    -0.8946083784103394,
                    0.16295182704925537,
                    0.0
                ],
                [
                    0.5485749244689941,
                    -0.10402941703796387,
                    0.8296043872833252,
                    0.0
                ],
                [
                    0.3925214409828186,
                    0.3427875339984894,
                    -0.15524069964885712,
                    1.0
                ]
            ],
            "location": [
                -0.3427875339984894,
                -0.15524069964885712,
                -0.3925214409828186
            ],
            "location_world": [
                0.3925214409828186,
                0.3427875339984894,
                -0.15524069964885712
            ],
            "name": "google_Breyer_Horse_Of_The_Year_2015_1",
            "projected_cuboid": [
                [
                    -348.98877143859863,
                    203.75588536262512
                ],
                [
                    -304.49289083480835,
                    185.7578456401825
                ],
                [
                    -496.41144275665283,
                    429.1909635066986
                ],
                [
                    -538.1690263748169,
                    433.5222840309143
                ],
                [
                    -65.76278805732727,
                    348.42532873153687
                ],
                [
                    -22.478938102722168,
                    342.3445522785187
                ],
                [
                    -93.08236837387085,
                    525.742769241333
                ],
                [
                    -140.37516713142395,
                    523.7923860549927
                ],
                [
                    -212.18466758728027,
                    375.88587403297424
                ]
            ],
            "provenance": "visii",
            "quaternion_xyzw": [
                0.487608939409256,
                0.732478678226471,
                0.4251607060432434,
                -0.21201634407043457
            ],
            "quaternion_xyzw_world": [
                0.29145529866218567,
                0.015862686559557915,
                0.9286323189735413,
                0.2290070354938507
            ],
            "segmentation_id": 2,
            "visibility": 0
        },
        {
            "bounding_box_minx_maxx_miny_maxy": [
                0,
                97,
                23,
                152
            ],
            "class": "Smith",
            "local_cuboid": null,
            "local_to_world_matrix": [
                [
                    -0.9692482948303223,
                    -0.008274294435977936,
                    0.24594737589359283,
                    0.0
                ],
                [
                    -0.07163980603218079,
                    -0.9466598033905029,
                    -0.3141716420650482,
                    0.0
                ],
                [
                    0.23542793095111847,
                    -0.3221298158168793,
                    0.9169548153877258,
                    0.0
                ],
                [
                    1.7768527269363403,
                    0.6858289241790771,
                    0.3821888566017151,
                    1.0
                ]
            ],
            "location": [
                -0.6858289241790771,
                0.3821888566017151,
                -1.7768527269363403
            ],
            "location_world": [
                1.7768527269363403,
                0.6858289241790771,
                0.3821888566017151
            ],
            "name": "google_Smith_Hawken_Woven_BasketTray_Organizer_with_3_Compartments_95_x_9_x_13_2",
            "projected_cuboid": [
                [
                    -10.05139946937561,
                    -7.359415292739868
                ],
                [
                    75.8654773235321,
                    19.24934983253479
                ],
                [
                    36.15206480026245,
                    103.44496369361877
                ],
                [
                    -52.68344283103943,
                    74.82790946960449
                ],
                [
                    33.973127603530884,
                    63.541486859321594
                ],
                [
                    105.31933605670929,
                    86.16423606872559
                ],
                [
                    73.71269166469574,
                    157.3857069015503
                ],
                [
                    0.36200881004333496,
                    133.36333632469177
                ],
                [
                    34.93271768093109,
                    81.11415803432465
                ]
            ],
            "provenance": "visii",
            "quaternion_xyzw": [
                0.6240741014480591,
                0.4777505099773407,
                0.5173174738883972,
                -0.33862772583961487
            ],
            "quaternion_xyzw_world": [
                0.12293970584869385,
                -0.16250669956207275,
                0.9788849353790283,
                0.01618308387696743
            ],
            "segmentation_id": 3,
            "visibility": 1
        },
        {
            "bounding_box_minx_maxx_miny_maxy": [
                255,
                276,
                1,
                24
            ],
            "class": "Paul",
            "local_cuboid": null,
            "local_to_world_matrix": [
                [
                    -0.594871997833252,
                    0.7977139949798584,
                    0.09889262914657593,
                    0.0
                ],
                [
                    -0.4189091920852661,
                    -0.4126615524291992,
                    0.8088421821594238,
                    0.0
                ],
                [
                    0.6860339045524597,
                    0.43973052501678467,
                    0.5796504020690918,
                    0.0
                ],
                [
                    1.7785756587982178,
                    -0.20451967418193817,
                    0.649502694606781,
                    1.0
                ]
            ],
            "location": [
                0.20451967418193817,
                0.649502694606781,
                -1.7785756587982178
            ],
            "location_world": [
                1.7785756587982178,
                -0.20451967418193817,
                0.649502694606781
            ],
            "name": "google_Paul_Frank_Dot_Lunch_Box_3",
            "projected_cuboid": [
                [
                    241.9171929359436,
                    8.343115448951721
                ],
                [
                    256.35483860969543,
                    -26.2947678565979
                ],
                [
                    293.6732769012451,
                    -4.1186511516571045
                ],
                [
                    276.9218385219574,
                    33.13817083835602
                ],
                [
                    304.75911498069763,
                    34.6343070268631
                ],
                [
                    319.487065076828,
                    3.316059708595276
                ],
                [
                    359.0964376926422,
                    26.16742253303528
                ],
                [
                    342.1679437160492,
                    59.58881974220276
                ],
                [
                    299.7548282146454,
                    17.140835523605347
                ]
            ],
            "provenance": "visii",
            "quaternion_xyzw": [
                0.1409589797258377,
                0.9072747826576233,
                0.27515357732772827,
                -0.2850852608680725
            ],
            "quaternion_xyzw_world": [
                0.2439974844455719,
                0.3881237208843231,
                0.8042362928390503,
                0.37819206714630127
            ],
            "segmentation_id": 4,
            "visibility": 1
        },
        {
            "bounding_box_minx_maxx_miny_maxy": [
                354,
                422,
                389,
                449
            ],
            "class": "Toys",
            "local_cuboid": null,
            "local_to_world_matrix": [
                [
                    0.04983019828796387,
                    0.1527690291404724,
                    0.9870049357414246,
                    0.0
                ],
                [
                    0.7113041281700134,
                    0.6882990002632141,
                    -0.14244630932807922,
                    0.0
                ],
                [
                    -0.7011159062385559,
                    0.7091587781906128,
                    -0.07436716556549072,
                    0.0
                ],
                [
                    1.3242835998535156,
                    -0.35130077600479126,
                    -0.36425846815109253,
                    1.0
                ]
            ],
            "location": [
                0.35130077600479126,
                -0.36425846815109253,
                -1.3242835998535156
            ],
            "location_world": [
                1.3242835998535156,
                -0.35130077600479126,
                -0.36425846815109253
            ],
            "name": "google_Toys_R_Us_Treat_Dispenser_Smart_Puzzle_Foobler_4",
            "projected_cuboid": [
                [
                    396.8457877635956,
                    399.29109811782837
                ],
                [
                    334.10751819610596,
                    396.8513011932373
                ],
                [
                    375.0596344470978,
                    380.44536113739014
                ],
                [
                    436.0177218914032,
                    381.2686800956726
                ],
                [
                    410.1414680480957,
                    479.8693060874939
                ],
                [
                    345.8733558654785,
                    470.45576572418213
                ],
                [
                    386.1345052719116,
                    448.1993019580841
                ],
                [
                    448.42177629470825,
                    454.88765835762024
                ],
                [
                    391.0489082336426,
                    425.7599413394928
                ]
            ],
            "provenance": "visii",
            "quaternion_xyzw": [
                -0.268589586019516,
                -0.2780318558216095,
                0.7064579725265503,
                0.5928534269332886
            ],
            "quaternion_xyzw_world": [
                -0.3301129937171936,
                -0.6543768048286438,
                -0.21650844812393188,
                0.6449345350265503
            ],
            "segmentation_id": 5,
            "visibility": 1
        },
        {
            "bounding_box_minx_maxx_miny_maxy": [
                361,
                476,
                1,
                20
            ],
            "class": "Tag",
            "local_cuboid": null,
            "local_to_world_matrix": [
                [
                    0.19304078817367554,
                    -0.9507883787155151,
                    0.24235641956329346,
                    0.0
                ],
                [
                    0.5739717483520508,
                    -0.09090662002563477,
                    -0.8138134479522705,
                    0.0
                ],
                [
                    0.795796275138855,
                    0.29620489478111267,
                    0.52817702293396,
                    0.0
                ],
                [
                    0.31707194447517395,
                    -0.1445310413837433,
                    0.25063756108283997,
                    1.0
                ]
            ],
            "location": [
                0.1445310413837433,
                0.25063756108283997,
                -0.31707194447517395
            ],
            "location_world": [
                0.31707194447517395,
                -0.1445310413837433,
                0.25063756108283997
            ],
            "name": "google_Tag_Dishtowel_Basket_Weave_Red_18_x_26_5",
            "projected_cuboid": [
                [
                    669.400691986084,
                    -538.6815667152405
                ],
                [
                    568.2211518287659,
                    -24.849504232406616
                ],
                [
                    605.8376431465149,
                    -16.13709330558777
                ],
                [
                    736.4206314086914,
                    -579.0671110153198
                ],
                [
                    347.84433245658875,
                    -542.5781011581421
                ],
                [
                    347.08184003829956,
                    15.379354357719421
                ],
                [
                    371.37266993522644,
                    27.909621596336365
                ],
                [
                    386.1311972141266,
                    -589.116096496582
                ],
                [
                    503.92550230026245,
                    -224.09111261367798
                ]
            ],
            "provenance": "visii",
            "quaternion_xyzw": [
                -0.9434508681297302,
                -0.08830958604812622,
                0.12964260578155518,
                0.2920525074005127
            ],
            "quaternion_xyzw_world": [
                -0.43467527627944946,
                0.21672309935092926,
                -0.597085177898407,
                0.6384181976318359
            ],
            "segmentation_id": 6,
            "visibility": 1
        },
        {
            "bounding_box_minx_maxx_miny_maxy": [
                436,
                468,
                310,
                338
            ],
            "class": "FRACTION",
            "local_cuboid": null,
            "local_to_world_matrix": [
                [
                    0.9063913822174072,
                    0.12436464428901672,
                    0.40371784567832947,
                    0.0
                ],
                [
                    0.34460482001304626,
                    -0.7704447507858276,
                    -0.5363417863845825,
                    0.0
                ],
                [
                    0.24434033036231995,
                    0.6252586841583252,
                    -0.7411811351776123,
                    0.0
                ],
                [
                    1.888278603553772,
                    -0.5929206013679504,
                    -0.17735245823860168,
                    1.0
                ]
            ],
            "location": [
                0.5929206013679504,
                -0.17735245823860168,
                -1.888278603553772
            ],
            "location_world": [
                1.888278603553772,
                -0.5929206013679504,
                -0.17735245823860168
            ],
            "name": "google_FRACTION_FUN_n4h4qte23QR_6",
            "projected_cuboid": [
                [
                    399.45703744888306,
                    288.3833050727844
                ],
                [
                    438.3503794670105,
                    317.5869584083557
                ],
                [
                    447.6191997528076,
                    308.15547704696655
                ],
                [
                    408.82301330566406,
                    278.4726321697235
                ],
                [
                    420.09639739990234,
                    315.682053565979
                ],
                [
                    461.5978002548218,
                    346.4287221431732
                ],
                [
                    471.80092334747314,
                    336.35154366493225
                ],
                [
                    430.4239749908447,
                    305.0498962402344
                ],
                [
                    434.63271856307983,
                    311.7068409919739
                ]
            ],
            "provenance": "visii",
            "quaternion_xyzw": [
                0.6434899568557739,
                0.4561696946620941,
                -0.5950559377670288,
                0.15407243371009827
            ],
            "quaternion_xyzw_world": [
                0.9243940114974976,
                0.12683159112930298,
                0.17526568472385406,
                -0.3141518831253052
            ],
            "segmentation_id": 7,
            "visibility": 1
        },
        {
            "bounding_box_minx_maxx_miny_maxy": [
                380,
                499,
                1,
                194
            ],
            "class": "FAIRY",
            "local_cuboid": null,
            "local_to_world_matrix": [
                [
                    -0.7981777191162109,
                    -0.11549611389636993,
                    -0.591247022151947,
                    0.0
                ],
                [
                    0.049710243940353394,
                    0.96547532081604,
                    -0.25570741295814514,
                    0.0
                ],
                [
                    0.6003676056861877,
                    -0.233490988612175,
                    -0.7648794651031494,
                    0.0
                ],
                [
                    0.6351919770240784,
                    -0.28159844875335693,
                    0.2690785527229309,
                    1.0
                ]
            ],
            "location": [
                0.28159844875335693,
                0.2690785527229309,
                -0.6351919770240784
            ],
            "location_world": [
                0.6351919770240784,
                -0.28159844875335693,
                0.2690785527229309
            ],
            "name": "google_FAIRY_TALE_BLOCKS_7",
            "projected_cuboid": [
                [
                    683.2624673843384,
                    196.599081158638
                ],
                [
                    446.4561939239502,
                    258.12238454818726
                ],
                [
                    437.0037317276001,
                    70.22428512573242
                ],
                [
                    733.514666557312,
                    -11.549830436706543
                ],
                [
                    563.6997818946838,
                    106.18489980697632
                ],
                [
                    382.26208090782166,
                    155.15437722206116
                ],
                [
                    363.71612548828125,
                    -1.184403896331787
                ],
                [
                    578.251838684082,
                    -62.011390924453735
                ],
                [
                    514.7294998168945,
                    92.28543937206268
                ]
            ],
            "provenance": "visii",
            "quaternion_xyzw": [
                -0.7020632028579712,
                0.5543383359909058,
                -0.36737027764320374,
                -0.2546669542789459
            ],
            "quaternion_xyzw_world": [
                -0.017510782927274704,
                0.9392194151878357,
                -0.13021409511566162,
                0.31718218326568604
            ],
            "segmentation_id": 8,
            "visibility": 1
        },
        {
            "bounding_box_minx_maxx_miny_maxy": [
                -1,
                -1,
                -1,
                -1
            ],
            "class": "Great",
            "local_cuboid": null,
            "local_to_world_matrix": [
                [
                    0.7150050401687622,
                    -0.6269686818122864,
                    -0.3093186318874359,
                    0.0
                ],
                [
                    -0.07047796249389648,
                    0.375545859336853,
                    -0.9241201877593994,
                    0.0
                ],
                [
                    0.695557713508606,
                    0.6825507879257202,
                    0.22432971000671387,
                    0.0
                ],
                [
                    1.4048370122909546,
                    0.5077000856399536,
                    -0.36821994185447693,
                    1.0
                ]
            ],
            "location": [
                -0.5077000856399536,
                -0.36821994185447693,
                -1.4048370122909546
            ],
            "location_world": [
                1.4048370122909546,
                0.5077000856399536,
                -0.36821994185447693
            ],
            "name": "google_Great_Jones_Wingtip_kAqSg6EgG0I_8",
            "projected_cuboid": [
                [
                    56.56541883945465,
                    334.8217308521271
                ],
                [
                    7.0008039474487305,
                    451.10082626342773
                ],
                [
                    26.275113224983215,
                    472.94068336486816
                ],
                [
                    78.24243605136871,
                    350.0117063522339
                ],
                [
                    17.06428825855255,
                    325.18619298934937
                ],
                [
                    -35.85723042488098,
                    447.77074456214905
                ],
                [
                    -17.954766750335693,
                    470.69892287254333
                ],
                [
                    37.723228335380554,
                    340.7002389431
                ],
                [
                    21.635308861732483,
                    398.5119163990021
                ]
            ],
            "provenance": "visii",
            "quaternion_xyzw": [
                -0.9009226560592651,
                0.1900453269481659,
                0.38781237602233887,
                0.04269282519817352
            ],
            "quaternion_xyzw_world": [
                -0.5279984474182129,
                0.3302313983440399,
                -0.18287891149520874,
                0.7607365846633911
            ],
            "segmentation_id": 9,
            "visibility": 0
        },
        {
            "bounding_box_minx_maxx_miny_maxy": [
                174,
                265,
                454,
                500
            ],
            "class": "Ecoforms",
            "local_cuboid": null,
            "local_to_world_matrix": [
                [
                    -0.19519948959350586,
                    0.4626571536064148,
                    0.864780604839325,
                    0.0
                ],
                [
                    0.8125225901603699,
                    0.5701051950454712,
                    -0.12160217761993408,
                    0.0
                ],
                [
                    -0.5492760539054871,
                    0.6789171099662781,
                    -0.4872037172317505,
                    0.0
                ],
                [
                    1.6318923234939575,
                    0.003703625872731209,
                    -0.6016485691070557,
                    1.0
                ]
            ],
            "location": [
                -0.003703625872731209,
                -0.6016485691070557,
                -1.6318923234939575
            ],
            "location_world": [
                1.6318923234939575,
                0.003703625872731209,
                -0.6016485691070557
            ],
            "name": "google_Ecoforms_Plant_Container_Quadra_Sand_QP6_9",
            "projected_cuboid": [
                [
                    204.8868089914322,
                    496.66279554367065
                ],
                [
                    168.30885410308838,
                    481.5494120121002
                ],
                [
                    213.62848579883575,
                    439.5587742328644
                ],
                [
                    252.56004929542542,
                    449.5384097099304
                ],
                [
                    241.91708862781525,
                    557.5724244117737
                ],
                [
                    202.6718258857727,
                    537.0479822158813
                ],
                [
                    245.1757937669754,
                    492.9870069026947
                ],
                [
                    286.2856090068817,
                    507.9772472381592
                ],
                [
                    226.8366515636444,
                    494.6601390838623
                ]
            ],
            "provenance": "visii",
            "quaternion_xyzw": [
                0.1655815839767456,
                0.44490981101989746,
                -0.730331301689148,
                -0.4911763072013855
            ],
            "quaternion_xyzw_world": [
                0.42482319474220276,
                0.750417947769165,
                0.18566817045211792,
                -0.4710896909236908
            ],
            "segmentation_id": 10,
            "visibility": 1
        },
        {
            "bounding_box_minx_maxx_miny_maxy": [
                -1,
                -1,
                -1,
                -1
            ],
            "class": "ReadytoUse",
            "local_cuboid": null,
            "local_to_world_matrix": [
                [
                    0.19536644220352173,
                    -0.3455337584018707,
                    0.9178444147109985,
                    0.0
                ],
                [
                    0.12441467493772507,
                    -0.9195852279663086,
                    -0.3726712465286255,
                    0.0
                ],
                [
                    0.9728066921234131,
                    0.18700075149536133,
                    -0.13666653633117676,
                    0.0
                ],
                [
                    0.3497532308101654,
                    -0.12045817822217941,
                    -0.40978458523750305,
                    1.0
                ]
            ],
            "location": [
                0.12045817822217941,
                -0.40978458523750305,
                -0.3497532308101654
            ],
            "location_world": [
                0.3497532308101654,
                -0.12045817822217941,
                -0.40978458523750305
            ],
            "name": "google_ReadytoUse_Rolled_Fondant_Pure_White_24_oz_box_10",
            "projected_cuboid": [
                [
                    350.77720880508423,
                    675.0425100326538
                ],
                [
                    401.1791944503784,
                    691.0272240638733
                ],
                [
                    521.4031934738159,
                    851.312518119812
                ],
                [
                    449.9860405921936,
                    830.7451605796814
                ],
                [
                    304.7100603580475,
                    830.42311668396
                ],
                [
                    358.0424189567566,
                    845.2796936035156
                ],
                [
                    465.8878445625305,
                    1090.9874439239502
                ],
                [
                    388.3858919143677,
                    1073.3352899551392
                ],
                [
                    396.2193727493286,
                    839.2446637153625
                ]
            ],
            "provenance": "visii",
            "quaternion_xyzw": [
                0.8202152252197266,
                0.5600450038909912,
                -0.11654478311538696,
                0.0037343502044677734
            ],
            "quaternion_xyzw_world": [
                0.7502696514129639,
                -0.07367987185716629,
                0.6299905180931091,
                -0.1864902824163437
            ],
            "segmentation_id": 11,
            "visibility": 0
        },
        {
            "bounding_box_minx_maxx_miny_maxy": [
                0,
                174,
                172,
                500
            ],
            "class": "Dog",
            "local_cuboid": null,
            "local_to_world_matrix": [
                [
                    -0.27228426933288574,
                    -0.14167475700378418,
                    -0.9517297148704529,
                    0.0
                ],
                [
                    0.025367088615894318,
                    0.9877004027366638,
                    -0.15428674221038818,
                    0.0
                ],
                [
                    0.9618824124336243,
                    -0.06615246087312698,
                    -0.2653414011001587,
                    0.0
                ],
                [
                    0.3257748484611511,
                    0.14925558865070343,
                    -0.056344352662563324,
                    1.0
                ]
            ],
            "location": [
                -0.14925558865070343,
                -0.056344352662563324,
                -0.3257748484611511
            ],
            "location_world": [
                0.3257748484611511,
                0.14925558865070343,
                -0.056344352662563324
            ],
            "name": "google_Dog_11",
            "projected_cuboid": [
                [
                    215.0888442993164,
                    509.54747200012207
                ],
                [
                    -12.133181095123291,
                    542.5809621810913
                ],
                [
                    -208.78541469573975,
                    624.2403984069824
                ],
                [
                    164.79337215423584,
                    570.79017162323
                ],
                [
                    182.79914557933807,
                    235.48062145709991
                ],
                [
                    -18.086344003677368,
                    267.0750021934509
                ],
                [
                    -183.32478404045105,
                    187.32640147209167
                ],
                [
                    124.00513887405396,
                    137.58212327957153
                ],
                [
                    45.16617953777313,
                    372.12076783180237
                ]
            ],
            "provenance": "visii",
            "quaternion_xyzw": [
                -0.7513061761856079,
                0.6453527212142944,
                -0.11261611431837082,
                -0.07985235750675201
            ],
            "quaternion_xyzw_world": [
                -0.03659482300281525,
                0.7945637106895447,
                -0.06935856491327286,
                0.6020952463150024
            ],
            "segmentation_id": 12,
            "visibility": 1
        },
        {
            "bounding_box_minx_maxx_miny_maxy": [
                -1,
                -1,
                -1,
                -1
            ],
            "class": "Black",
            "local_cuboid": null,
            "local_to_world_matrix": [
                [
                    0.7423803806304932,
                    -0.6609148979187012,
                    -0.10983104258775711,
                    0.0
                ],
                [
                    -0.6197768449783325,
                    -0.7397239208221436,
                    0.2620786726474762,
                    0.0
                ],
                [
                    -0.2544563412666321,
                    -0.12649130821228027,
                    -0.9587762355804443,
                    0.0
                ],
                [
                    0.28260159492492676,
                    -0.3688831925392151,
                    0.5382021069526672,
                    1.0
                ]
            ],
            "location": [
                0.3688831925392151,
                0.5382021069526672,
                -0.28260159492492676
            ],
            "location_world": [
                0.28260159492492676,
                -0.3688831925392151,
                0.5382021069526672
            ],
            "name": "google_Black_Elderberry_Syrup_54_oz_Gaia_Herbs_12",
            "projected_cuboid": [
                [
                    1063.2438659667969,
                    -571.5581178665161
                ],
                [
                    1289.209485054016,
                    -730.2134037017822
                ],
                [
                    1115.9920692443848,
                    -897.5721597671509
                ],
                [
                    935.6245398521423,
                    -738.0757331848145
                ],
                [
                    1111.4521026611328,
                    -730.6984066963196
                ],
                [
                    1392.475962638855,
                    -950.2707719802856
                ],
                [
                    1173.344612121582,
                    -1113.4042739868164
                ],
                [
                    958.1146836280823,
                    -901.4588594436646
                ],
                [
                    1113.905668258667,
                    -820.8824396133423
                ]
            ],
            "provenance": "visii",
            "quaternion_xyzw": [
                0.5348784327507019,
                0.29440930485725403,
                -0.2878640294075012,
                0.7378092408180237
            ],
            "quaternion_xyzw_world": [
                0.9274805188179016,
                -0.34520718455314636,
                -0.0981927290558815,
                0.10473804175853729
            ],
            "segmentation_id": 13,
            "visibility": 0
        },
        {
            "bounding_box_minx_maxx_miny_maxy": [
                -1,
                -1,
                -1,
                -1
            ],
