{
    "camera_data": {
        "camera_look_at": {
            "at": [
                1.0,
                0.0,
                0.0
            ],
            "eye": [
                0.0,
                0.0,
                0.0
            ],
            "up": [
                0.0,
                0.0,
                1.0
            ]
        },
        "camera_view_matrix": [
            [
                0.0,
                0.0,
                -1.0,
                0.0
            ],
            [
                -1.0,
                0.0,
                0.0,
                0.0
            ],
            [
                0.0,
                1.0,
                0.0,
                0.0
            ],
            [
                0.0,
                0.0,
                0.0,
                1.0
            ]
        ],
        "height": 500,
        "intrinsics": {
            "cx": 250.0,
            "cy": 250.0,
            "fx": 603.5535278320312,
            "fy": 603.5535278320312
        },
        "location_world": [
            0.0,
            0.0,
            0.0
        ],
        "quaternion_world_xyzw": [
            0.5,
            -0.5,
            -0.5,
            0.5
        ],
        "width": 500
    },
    "objects": [
        {
            "bounding_box_minx_maxx_miny_maxy": [
                -1,
                -1,
                -1,
                -1
            ],
            "class": "Reebok",
            "local_cuboid": null,
            "local_to_world_matrix": [
                [
                    -0.7277054786682129,
                    0.6819154024124146,
                    0.07373504340648651,
                    0.0
                ],
                [
                    -0.65123450756073,
                    -0.6531933546066284,
                    -0.3863065540790558,
                    0.0
                ],
                [
                    -0.21526511013507843,
                    -0.32913604378700256,
                    0.9194185137748718,
                    0.0
                ],
                [
                    0.33404576778411865,
                    0.10291411727666855,
                    0.3000132143497467,
                    1.0
                ]
            ],
            "location": [
                -0.10291411727666855,
                0.3000132143497467,
                -0.33404576778411865
            ],
            "location_world": [
                0.33404576778411865,
                0.10291411727666855,
                0.3000132143497467
            ],
            "name": "google_Reebok_SOMERSET_RUN_0",
            "projected_cuboid": [
                [
                    -80.28966188430786,
                    -526.4074206352234
                ],
                [
                    223.200723528862,
                    -988.005518913269
                ],
                [
                    109.95054244995117,
                    -505.71298599243164
                ],
                [
                    -118.42483282089233,
                    -310.52905321121216
                ],
                [
                    84.88641679286957,
                    -371.9809055328369
                ],
                [
                    414.0903949737549,
                    -569.3580508232117
                ],
                [
                    317.02911853790283,
                    -265.9881114959717
                ],
                [
                    44.63416337966919,
                    -201.9946575164795
                ],
                [
                    92.59180724620819,
                    -413.09380531311035
                ]
            ],
            "provenance": "visii",
            "quaternion_xyzw": [
                0.349687784910202,
                0.5196979641914368,
                0.755560576915741,
                -0.19173118472099304
            ],
            "quaternion_xyzw_world": [
                -0.03895299509167671,
                -0.19690962135791779,
                0.9083387851715088,
                0.36691978573799133
            ],
            "segmentation_id": 1,
            "visibility": 0
        },
        {
            "bounding_box_minx_maxx_miny_maxy": [
                -1,
                -1,
                -1,
                -1
            ],
            "class": "Breyer",
            "local_cuboid": null,
            "local_to_world_matrix": [
                [
                    -0.09885525703430176,
                    0.8654582500457764,
                    -0.491131067276001,
                    0.0
                ],
                [
                    0.3130129277706146,
                    -0.4414517879486084,
                    -0.8409181237220764,
                    0.0
                ],
                [
                    -0.9445902109146118,
                    -0.2368595004081726,
                    -0.22725987434387207,
                    0.0
                ],
                [
                    0.45254960656166077,
                    0.0453757718205452,
                    -0.32345500588417053,
                    1.0
                ]
            ],
            "location": [
                -0.0453757718205452,
                -0.32345500588417053,
                -0.45254960656166077
            ],
            "location_world": [
                0.45254960656166077,
                0.0453757718205452,
                -0.32345500588417053
            ],
            "name": "google_Breyer_Horse_Of_The_Year_2015_1",
            "projected_cuboid": [
                [
                    -1.2955665588378906,
                    1078.119397163391
                ],
                [
                    63.4906142950058,
                    1124.7384548187256
                ],
                [
                    74.74790513515472,
                    798.2342839241028
                ],
                [
                    32.032519578933716,
                    753.5727024078369
                ],
                [
                    403.9531946182251,
                    797.9606986045837
                ],
                [
                    442.0902729034424,
                    856.6769361495972
                ],
                [
                    337.44102716445923,
                    627.5661587715149
                ],
                [
                    307.24722146987915,
                    578.3914923667908
                ],
                [
                    209.21263098716736,
                    798.1224656105042
                ]
            ],
            "provenance": "visii",
            "quaternion_xyzw": [
                -0.08784891664981842,
                0.14137712121009827,
                -0.9553751945495605,
                0.2440357655286789
            ],
            "quaternion_xyzw_world": [
                0.6264695525169373,
                0.4702827036380768,
                -0.5729413628578186,
                -0.2410566657781601
            ],
            "segmentation_id": 2,
            "visibility": 0
        },
        {
            "bounding_box_minx_maxx_miny_maxy": [
                0,
                6,
                88,
                90
            ],
            "class": "Smith",
            "local_cuboid": null,
            "local_to_world_matrix": [
                [
                    -0.8481911420822144,
                    0.5251471996307373,
                    0.06922617554664612,
                    0.0
                ],
                [
                    0.1348598152399063,
                    0.08771330118179321,
                    0.9869747757911682,
                    0.0
                ],
                [
                    0.5122349262237549,
                    0.8464791178703308,
                    -0.1452188491821289,
                    0.0
                ],
                [
                    1.704038381576538,
                    0.5065848231315613,
                    0.5311700105667114,
                    1.0
                ]
            ],
            "location": [
                -0.5065848231315613,
                0.5311700105667114,
                -1.704038381576538
            ],
            "location_world": [
                1.704038381576538,
                0.5065848231315613,
                0.5311700105667114
            ],
            "name": "google_Smith_Hawken_Woven_BasketTray_Organizer_with_3_Compartments_95_x_9_x_13_2",
            "projected_cuboid": [
                [
                    -45.195937156677246,
                    114.37717080116272
                ],
                [
                    -47.17749357223511,
                    27.233481407165527
                ],
                [
                    14.285027980804443,
                    -7.339835166931152
                ],
                [
                    17.836034297943115,
                    86.84350550174713
                ],
                [
                    58.31621587276459,
                    142.9886519908905
                ],
                [
                    54.84957993030548,
                    68.60435009002686
                ],
                [
                    113.77175152301788,
                    42.71383583545685
                ],
                [
                    118.6099499464035,
                    122.1759170293808
                ],
                [
                    38.839876651763916,
                    76.49348676204681
                ]
            ],
            "provenance": "visii",
            "quaternion_xyzw": [
                -0.005315244197845459,
                0.869533896446228,
                -0.08052553236484528,
                -0.4872352182865143
            ],
            "quaternion_xyzw_world": [
                0.22875449061393738,
                0.7213049530982971,
                0.6354641914367676,
                0.15354420244693756
            ],
            "segmentation_id": 3,
            "visibility": 1
        },
        {
            "bounding_box_minx_maxx_miny_maxy": [
                266,
                367,
                1,
                68
            ],
            "class": "Paul",
            "local_cuboid": null,
            "local_to_world_matrix": [
                [
                    0.24874472618103027,
                    -0.9053627848625183,
                    0.34415748715400696,
                    0.0
                ],
                [
                    -0.9290115237236023,
                    -0.12250590324401855,
                    0.34918469190597534,
                    0.0
                ],
                [
                    -0.2739775478839874,
                    -0.40658408403396606,
                    -0.8715651035308838,
                    0.0
                ],
                [
                    1.7061936855316162,
                    -0.14941835403442383,
                    0.7193193435668945,
                    1.0
                ]
            ],
            "location": [
                0.14941835403442383,
                0.7193193435668945,
                -1.7061936855316162
            ],
            "location_world": [
                1.7061936855316162,
                -0.14941835403442383,
                0.7193193435668945
            ],
            "name": "google_Paul_Frank_Dot_Lunch_Box_3",
            "projected_cuboid": [
                [
                    374.7960329055786,
                    59.8064661026001
                ],
                [
                    387.4037265777588,
                    34.08031165599823
                ],
                [
                    348.5182821750641,
                    -30.0617516040802
                ],
                [
                    338.5376036167145,
                    -1.6553103923797607
                ],
                [
                    293.0135726928711,
                    85.25995910167694
                ],
                [
                    300.8941113948822,
                    60.08920073509216
                ],
                [
                    263.8268172740936,
                    -7.660269737243652
                ],
                [
                    258.3930194377899,
                    20.523011684417725
                ],
                [
                    321.00486755371094,
                    27.10263431072235
                ]
            ],
            "provenance": "visii",
            "quaternion_xyzw": [
                0.5661714673042297,
                0.20606093108654022,
                0.06969591975212097,
                0.7950668334960938
            ],
            "quaternion_xyzw_world": [
                0.7488016486167908,
                -0.6124366521835327,
                0.023430757224559784,
                0.252326101064682
            ],
            "segmentation_id": 4,
            "visibility": 1
        },
        {
            "bounding_box_minx_maxx_miny_maxy": [
                182,
                231,
                265,
                315
            ],
            "class": "Toys",
            "local_cuboid": null,
            "local_to_world_matrix": [
                [
                    -0.16844475269317627,
                    -0.7768188118934631,
                    -0.6067774891853333,
                    0.0
                ],
                [
                    0.9231645464897156,
                    -0.34010934829711914,
                    0.1791449934244156,
                    0.0
                ],
                [
                    -0.3455338478088379,
                    -0.5299794673919678,
                    0.7744211554527283,
                    0.0
                ],
                [
                    1.9019166231155396,
                    0.1732722520828247,
                    -0.18159636855125427,
                    1.0
                ]
            ],
            "location": [
                -0.1732722520828247,
                -0.18159636855125427,
                -1.9019166231155396
            ],
            "location_world": [
                1.9019166231155396,
                0.1732722520828247,
                -0.18159636855125427
            ],
            "name": "google_Toys_R_Us_Treat_Dispenser_Smart_Puzzle_Foobler_4",
            "projected_cuboid": [
                [
                    230.14436662197113,
                    292.2351062297821
                ],
                [
                    248.1909841299057,
                    280.36192059516907
                ],
                [
                    223.19506108760834,
                    316.13677740097046
                ],
                [
                    203.72122526168823,
                    330.45971393585205
                ],
                [
                    189.92780148983002,
                    259.9814236164093
                ],
                [
                    210.68710088729858,
                    250.63899159431458
                ],
                [
                    187.02051043510437,
                    286.73797845840454
                ],
                [
                    165.03459215164185,
                    298.59328269958496
                ],
                [
                    207.31106400489807,
                    289.32446241378784
                ]
            ],
            "provenance": "visii",
            "quaternion_xyzw": [
                -0.5594953298568726,
                0.11915567517280579,
                -0.31207776069641113,
                0.7585344314575195
            ],
            "quaternion_xyzw_world": [
                0.31513625383377075,
                0.11609717458486557,
                -0.7554758787155151,
                0.5625538229942322
            ],
            "segmentation_id": 5,
            "visibility": 1
        },
        {
            "bounding_box_minx_maxx_miny_maxy": [
                419,
                483,
                1,
                38
            ],
            "class": "Tag",
            "local_cuboid": null,
            "local_to_world_matrix": [
                [
                    -0.032335638999938965,
                    -0.7297632694244385,
                    0.6829347610473633,
                    0.0
                ],
                [
                    -0.955794095993042,
                    0.2223767638206482,
                    0.1923699826002121,
                    0.0
                ],
                [
                    -0.29225337505340576,
                    -0.6465246081352234,
                    -0.7046940326690674,
                    0.0
                ],
                [
                    0.31330886483192444,
                    -0.1522742509841919,
                    0.24114632606506348,
                    1.0
                ]
            ],
            "location": [
                0.1522742509841919,
                0.24114632606506348,
                -0.31330886483192444
            ],
            "location_world": [
                0.31330886483192444,
                -0.1522742509841919,
                0.24114632606506348
            ],
            "name": "google_Tag_Dishtowel_Basket_Weave_Red_18_x_26_5",
            "projected_cuboid": [
                [
                    635.1427435874939,
                    -119.70087885856628
                ],
                [
                    923.3340620994568,
                    -698.1310844421387
                ],
                [
                    820.6810355186462,
                    -724.0525484085083
                ],
                [
                    593.6193466186523,
                    -145.90418338775635
                ],
                [
                    450.10221004486084,
                    53.588271141052246
                ],
                [
                    518.3910727500916,
                    -310.16433238983154
                ],
                [
                    438.64041566848755,
                    -354.6828627586365
                ],
                [
                    413.52301836013794,
                    23.59411120414734
                ],
                [
                    569.875180721283,
                    -197.74922728538513
                ]
            ],
            "provenance": "visii",
            "quaternion_xyzw": [
                -0.5579291582107544,
                -0.20636940002441406,
                -0.30418747663497925,
                -0.7440407276153564
            ],
            "quaternion_xyzw_world": [
                -0.6020759344100952,
                0.6998940110206604,
                -0.16222265362739563,
                -0.3483342230319977
            ],
            "segmentation_id": 6,
            "visibility": 1
        },
        {
            "bounding_box_minx_maxx_miny_maxy": [
                91,
                193,
                180,
                248
            ],
            "class": "FRACTION",
            "local_cuboid": null,
            "local_to_world_matrix": [
                [
                    -0.542631983757019,
                    -0.8345317244529724,
                    -0.09543214738368988,
                    0.0
                ],
                [
                    -0.6851817965507507,
                    0.3740510940551758,
                    0.6249893307685852,
                    0.0
                ],
                [
                    -0.4858769178390503,
                    0.40452760457992554,
                    -0.7747780084609985,
                    0.0
                ],
                [
                    1.2753825187683105,
                    0.22046877443790436,
                    0.08478590101003647,
                    1.0
                ]
            ],
            "location": [
                -0.22046877443790436,
                0.08478590101003647,
                -1.2753825187683105
            ],
            "location_world": [
                1.2753825187683105,
                0.22046877443790436,
                0.08478590101003647
            ],
            "name": "google_FRACTION_FUN_n4h4qte23QR_6",
            "projected_cuboid": [
                [
                    188.40625882148743,
                    257.86691904067993
                ],
                [
                    144.01647448539734,
                    196.27173244953156
                ],
                [
                    155.14729917049408,
                    179.6492338180542
                ],
                [
                    197.69057631492615,
                    241.89716577529907
                ],
                [
                    128.1159222126007,
                    249.93516504764557
                ],
                [
                    80.82056045532227,
                    192.24296510219574
                ],
                [
                    92.17901527881622,
                    176.9445538520813
                ],
                [
                    137.688547372818,
                    235.18097400665283
                ],
                [
                    140.54489135742188,
                    217.61786937713623
                ]
            ],
            "provenance": "visii",
            "quaternion_xyzw": [
                -0.4253426194190979,
                0.27594414353370667,
                -0.08117246627807617,
                -0.8581080436706543
            ],
            "quaternion_xyzw_world": [
                -0.46316707134246826,
                0.8202836513519287,
                0.31376856565475464,
                -0.11899688094854355
            ],
            "segmentation_id": 7,
            "visibility": 1
        },
        {
            "bounding_box_minx_maxx_miny_maxy": [
                354,
                488,
                1,
                54
            ],
            "class": "FAIRY",
            "local_cuboid": null,
            "local_to_world_matrix": [
                [
                    -0.0018759965896606445,
                    0.9718255400657654,
                    -0.23569390177726746,
                    0.0
                ],
                [
                    0.9671792387962341,
                    -0.05812394618988037,
                    -0.24735787510871887,
                    0.0
                ],
                [
                    -0.2540881335735321,
                    -0.22842228412628174,
                    -0.9398205280303955,
                    0.0
                ],
                [
                    0.5728204250335693,
                    -0.19927576184272766,
                    0.4074092507362366,
                    1.0
                ]
            ],
            "location": [
                0.19927576184272766,
                0.4074092507362366,
                -0.5728204250335693
            ],
            "location_world": [
                0.5728204250335693,
                -0.19927576184272766,
                0.4074092507362366
            ],
            "name": "google_FAIRY_TALE_BLOCKS_7",
            "projected_cuboid": [
                [
                    439.0948414802551,
                    -63.12739849090576
                ],
                [
                    378.2709538936615,
                    122.93294072151184
                ],
                [
                    324.0017890930176,
                    -47.379910945892334
                ],
                [
                    345.76475620269775,
                    -307.9439401626587
                ],
                [
                    813.1186366081238,
                    -153.51831912994385
                ],
                [
                    603.5841703414917,
                    68.35760176181793
                ],
                [
                    531.1362743377686,
                    -97.43043780326843
                ],
                [
                    672.227144241333,
                    -386.5612745285034
                ],
                [
                    498.3642101287842,
                    -85.21658182144165
                ]
            ],
            "provenance": "visii",
            "quaternion_xyzw": [
                -0.07321915030479431,
                0.6062960028648376,
                -0.7863318920135498,
                0.09341404587030411
            ],
            "quaternion_xyzw_world": [
                0.7064114212989807,
                0.6862165331840515,
                -0.17333455383777618,
                -0.00670132739469409
            ],
            "segmentation_id": 8,
            "visibility": 1
        },
        {
            "bounding_box_minx_maxx_miny_maxy": [
                23,
                63,
                279,
                303
            ],
            "class": "Great",
            "local_cuboid": null,
            "local_to_world_matrix": [
                [
                    -0.6457775831222534,
                    0.15185388922691345,
                    -0.7482724189758301,
                    0.0
                ],
                [
                    -0.7608665227890015,
                    -0.20970726013183594,
                    0.614088773727417,
                    0.0
                ],
                [
                    -0.06366637349128723,
                    0.965900182723999,
                    0.25096482038497925,
                    0.0
                ],
                [
                    1.6439520120620728,
                    0.4968677759170532,
                    -0.18176525831222534,
                    1.0
                ]
            ],
            "location": [
                -0.4968677759170532,
                -0.18176525831222534,
                -1.6439520120620728
            ],
            "location_world": [
                1.6439520120620728,
                0.4968677759170532,
                -0.18176525831222534
            ],
            "name": "google_Great_Jones_Wingtip_kAqSg6EgG0I_8",
            "projected_cuboid": [
                [
                    22.598326206207275,
                    352.02062129974365
                ],
                [
                    12.819275259971619,
                    290.33708572387695
                ],
                [
                    58.49161744117737,
                    301.7081618309021
                ],
                [
                    61.950549483299255,
                    361.56970262527466
                ],
                [
                    37.40870952606201,
                    319.88489627838135
                ],
                [
                    30.34435212612152,
                    256.1434507369995
                ],
                [
                    73.83386790752411,
                    267.1498954296112
                ],
                [
                    75.12961328029633,
                    329.1819989681244
                ],
                [
                    46.979814767837524,
                    311.6331100463867
                ]
            ],
            "provenance": "visii",
            "quaternion_xyzw": [
                -0.20639216899871826,
                0.6523565053939819,
                0.3877600431442261,
                -0.6176369190216064
            ],
            "quaternion_xyzw_world": [
                -0.27971628308296204,
                0.5443127751350403,
                0.7256806492805481,
                0.3144359588623047
            ],
            "segmentation_id": 9,
            "visibility": 1
        },
        {
            "bounding_box_minx_maxx_miny_maxy": [
                198,
                277,
                395,
                484
            ],
            "class": "Ecoforms",
            "local_cuboid": null,
            "local_to_world_matrix": [
                [
                    0.07536959648132324,
                    -0.8963310122489929,
                    -0.4369328022003174,
                    0.0
                ],
                [
                    -0.9896697402000427,
                    -0.12083137035369873,
                    0.07716012001037598,
                    0.0
                ],
                [
                    -0.12195616960525513,
                    0.42660361528396606,
                    -0.8961787223815918,
                    0.0
                ],
                [
                    1.7212532758712769,
                    -0.014072168618440628,
                    -0.44326668977737427,
                    1.0
                ]
            ],
            "location": [
                0.014072168618440628,
                -0.44326668977737427,
                -1.7212532758712769
            ],
            "location_world": [
                1.7212532758712769,
                -0.014072168618440628,
                -0.44326668977737427
            ],
            "name": "google_Ecoforms_Plant_Container_Quadra_Sand_QP6_9",
            "projected_cuboid": [
                [
                    255.3369104862213,
                    465.4207229614258
                ],
                [
                    264.5513713359833,
                    485.05204916000366
                ],
                [
                    290.91835021972656,
                    426.3218641281128
                ],
                [
                    279.0854871273041,
                    412.97563910484314
                ],
                [
                    197.77238368988037,
                    439.06790018081665
                ],
                [
                    200.2972662448883,
                    455.77502250671387
                ],
                [
                    227.712944149971,
                    396.8961536884308
                ],
                [
                    222.36371040344238,
                    386.50619983673096
                ],
                [
                    242.25936830043793,
                    432.98035860061646
                ]
            ],
            "provenance": "visii",
            "quaternion_xyzw": [
                0.651386022567749,
                -0.12131880223751068,
                -0.19265584647655487,
                0.723783016204834
            ],
            "quaternion_xyzw_world": [
                0.7232530117034912,
                -0.651915967464447,
                -0.19318583607673645,
                -0.1207888126373291
            ],
            "segmentation_id": 10,
            "visibility": 1
        },
        {
            "bounding_box_minx_maxx_miny_maxy": [
                -1,
                -1,
                -1,
                -1
            ],
            "class": "ReadytoUse",
            "local_cuboid": null,
            "local_to_world_matrix": [
                [
                    -0.5534497499465942,
                    0.8316816091537476,
                    0.04471099376678467,
                    0.0
                ],
                [
                    -0.3793679475784302,
                    -0.20393598079681396,
                    -0.90249103307724,
                    0.0
                ],
                [
                    -0.7414669990539551,
                    -0.5164453387260437,
                    0.42838168144226074,
                    0.0
                ],
                [
                    0.2667147219181061,
                    -0.18921928107738495,
                    -0.49275681376457214,
                    1.0
                ]
            ],
            "location": [
                0.18921928107738495,
                -0.49275681376457214,
                -0.2667147219181061
            ],
            "location_world": [
                0.2667147219181061,
                -0.18921928107738495,
                -0.49275681376457214
            ],
            "name": "google_ReadytoUse_Rolled_Fondant_Pure_White_24_oz_box_10",
            "projected_cuboid": [
                [
                    1385.331392288208,
                    2283.2820415496826
                ],
                [
                    1660.6897115707397,
                    2937.6566410064697
                ],
                [
                    637.7588510513306,
                    1630.9993267059326
                ],
                [
                    583.022952079773,
                    1414.5174026489258
                ],
                [
                    1302.1047115325928,
                    1560.0069761276245
                ],
                [
                    1456.51376247406,
                    1868.0074214935303
                ],
                [
                    757.8348517417908,
                    1322.8991031646729
                ],
                [
                    707.773745059967,
                    1172.0023155212402
                ],
                [
                    938.1670951843262,
                    1598.8976955413818
                ]
            ],
            "provenance": "visii",
            "quaternion_xyzw": [
                0.286941796541214,
                0.21663537621498108,
                0.9321533441543579,
                -0.0427035391330719
            ],
            "quaternion_xyzw_world": [
                -0.23563987016677856,
                -0.47987812757492065,
                0.7392170429229736,
                0.40957170724868774
            ],
            "segmentation_id": 11,
            "visibility": 0
        },
        {
            "bounding_box_minx_maxx_miny_maxy": [
                449,
                499,
                117,
                192
            ],
            "class": "Dog",
            "local_cuboid": null,
            "local_to_world_matrix": [
                [
                    -0.9632761478424072,
                    -0.09738565236330032,
                    0.25023016333580017,
                    0.0
                ],
                [
                    -0.16399970650672913,
                    -0.5245121717453003,
                    -0.8354586362838745,
                    0.0
                ],
                [
                    0.21261045336723328,
                    -0.8458150625228882,
                    0.48927879333496094,
                    0.0
                ],
                [
                    0.4454902708530426,
                    -0.21987752616405487,
                    0.028012694790959358,
                    1.0
                ]
            ],
            "location": [
                0.21987752616405487,
                0.028012694790959358,
                -0.4454902708530426
            ],
            "location_world": [
                0.4454902708530426,
                -0.21987752616405487,
                0.028012694790959358
            ],
            "name": "google_Dog_11",
            "projected_cuboid": [
                [
                    795.3604459762573,
                    -110.67208647727966
                ],
                [
                    1006.1981678009033,
                    120.46153843402863
                ],
                [
                    785.7259511947632,
                    289.2676293849945
                ],
                [
                    568.5349106788635,
                    15.01515507698059
                ],
                [
                    574.099063873291,
                    78.1426876783371
                ],
                [
                    692.3615336418152,
                    230.41869699954987
                ],
                [
                    538.5632514953613,
                    337.94158697128296
                ],
                [
                    419.74762082099915,
                    168.59152913093567
                ],
                [
                    646.1389064788818,
                    150.0115990638733
                ]
            ],
            "provenance": "visii",
            "quaternion_xyzw": [
                0.7323685884475708,
                0.2644646465778351,
                0.6175481081008911,
                -0.11103668808937073
            ],
            "quaternion_xyzw_world": [
                0.13412420451641083,
                -0.48720765113830566,
                0.8627089858055115,
                0.019303742796182632
            ],
            "segmentation_id": 12,
            "visibility": 1
        },
        {
            "bounding_box_minx_maxx_miny_maxy": [
                -1,
                -1,
                -1,
                -1
            ],
            "class": "Black",
            "local_cuboid": null,
            "local_to_world_matrix": [
                [
                    0.8415744304656982,
                    -0.07567721605300903,
                    -0.5348134636878967,
                    0.0
                ],
                [
                    -0.33788129687309265,
                    0.6987369060516357,
                    -0.6305577158927917,
                    0.0
                ],
                [
                    0.42141273617744446,
                    0.7113646864891052,
                    0.5624691843986511,
                    0.0
                ],
                [
                    0.3366469442844391,
                    -0.4090029299259186,
                    0.2870499789714813,
                    1.0
                ]
            ],
            "location": [
                0.4090029299259186,
                0.2870499789714813,
                -0.3366469442844391
            ],
            "location_world": [
                0.3366469442844391,
                -0.4090029299259186,
                0.2870499789714813
            ],
            "name": "google_Black_Elderberry_Syrup_54_oz_Gaia_Herbs_12",
            "projected_cuboid": [
                [
                    709.2486619949341,
                    -270.0250744819641
                ],
                [
                    671.0050702095032,
                    -240.63152074813843
                ],
                [
                    922.064483165741,
                    -185.71549654006958
                ],
                [
                    953.0943632125854,
                    -222.91609644889832
                ],
                [
                    759.9917650222778,
                    -383.24272632598877
                ],
                [
                    719.4782495498657,
                    -356.1779856681824
                ],
                [
                    1020.2224254608154,
                    -315.8853054046631
                ],
                [
                    1049.8021841049194,
                    -350.574254989624
                ],
                [
                    837.3831510543823,
                    -288.92141580581665
                ]
            ],
            "provenance": "visii",
            "quaternion_xyzw": [
                -0.7293229103088379,
                0.42284095287323,
                0.5323222279548645,
                0.07698507606983185
            ],
            "quaternion_xyzw_world": [
                -0.3809095621109009,
                0.27142828702926636,
                0.07442758232355118,
                0.8807355761528015
            ],
            "segmentation_id": 13,
            "visibility": 0
        },
        {
            "bounding_box_minx_maxx_miny_maxy": [
                -1,
                -1,
                -1,
