{
    "camera_data": {
        "camera_look_at": {
            "at": [
                1.0,
                0.0,
                0.0
            ],
            "eye": [
                0.0,
                0.0,
                0.0
            ],
            "up": [
                0.0,
                0.0,
                1.0
            ]
        },
        "camera_view_matrix": [
            [
                0.0,
                0.0,
                -1.0,
                0.0
            ],
            [
                -1.0,
                0.0,
                0.0,
                0.0
            ],
            [
                0.0,
                1.0,
                0.0,
                0.0
            ],
            [
                0.0,
                0.0,
                0.0,
                1.0
            ]
        ],
        "height": 500,
        "intrinsics": {
            "cx": 250.0,
            "cy": 250.0,
            "fx": 603.5535278320312,
            "fy": 603.5535278320312
        },
        "location_world": [
            0.0,
            0.0,
            0.0
        ],
        "quaternion_world_xyzw": [
            0.5,
            -0.5,
            -0.5,
            0.5
        ],
        "width": 500
    },
    "objects": [
        {
            "bounding_box_minx_maxx_miny_maxy": [
                -1,
                -1,
                -1,
                -1
            ],
            "class": "Reebok",
            "local_cuboid": null,
            "local_to_world_matrix": [
                [
                    0.08705967664718628,
                    0.8134377002716064,
                    -0.5750998854637146,
                    0.0
                ],
                [
                    -0.9028780460357666,
                    -0.17953205108642578,
                    -0.3906145989894867,
                    0.0
                ],
                [
                    -0.42098939418792725,
                    0.5532518625259399,
                    0.7188048362731934,
                    0.0
                ],
                [
                    0.36086517572402954,
                    0.0768342912197113,
                    0.35221394896507263,
                    1.0
                ]
            ],
            "location": [
                -0.0768342912197113,
                0.35221394896507263,
                -0.36086517572402954
            ],
            "location_world": [
                0.36086517572402954,
                0.0768342912197113,
                0.35221394896507263
            ],
            "name": "google_Reebok_SOMERSET_RUN_0",
            "projected_cuboid": [
                [
                    -36.53040528297424,
                    -368.63595247268677
                ],
                [
                    -274.5271325111389,
                    -879.623532295227
                ],
                [
                    1.0042935609817505,
                    -427.9370307922363
                ],
                [
                    69.44315135478973,
                    -206.77030086517334
                ],
                [
                    83.20319652557373,
                    -471.656858921051
                ],
                [
                    12.583494186401367,
                    -1166.837453842163
                ],
                [
                    237.5362366437912,
                    -632.6387524604797
                ],
                [
                    179.32137846946716,
                    -296.21803760528564
                ],
                [
                    54.65462803840637,
                    -456.47257566452026
                ]
            ],
            "provenance": "visii",
            "quaternion_xyzw": [
                -0.19760285317897797,
                0.5004582405090332,
                0.8100991249084473,
                -0.2328825742006302
            ],
            "quaternion_xyzw_world": [
                -0.3700631260871887,
                0.06042233482003212,
                0.6729184985160828,
                0.6376388072967529
            ],
            "segmentation_id": 1,
            "visibility": 0
        },
        {
            "bounding_box_minx_maxx_miny_maxy": [
                -1,
                -1,
                -1,
                -1
            ],
            "class": "Breyer",
            "local_cuboid": null,
            "local_to_world_matrix": [
                [
                    -0.8218154907226562,
                    0.2641586661338806,
                    -0.5048161745071411,
                    0.0
                ],
                [
                    0.47931015491485596,
                    0.7995541095733643,
                    -0.3619047701358795,
                    0.0
                ],
                [
                    0.30802756547927856,
                    -0.5393825173377991,
                    -0.7836998701095581,
                    0.0
                ],
                [
                    0.44343438744544983,
                    -0.1503812074661255,
                    -0.32791757583618164,
                    1.0
                ]
            ],
            "location": [
                0.1503812074661255,
                -0.32791757583618164,
                -0.44343438744544983
            ],
            "location_world": [
                0.44343438744544983,
                -0.1503812074661255,
                -0.32791757583618164
            ],
            "name": "google_Breyer_Horse_Of_The_Year_2015_1",
            "projected_cuboid": [
                [
                    596.2647199630737,
                    1035.1626873016357
                ],
                [
                    505.2712559700012,
                    1013.007640838623
                ],
                [
                    401.3628363609314,
                    912.8605723381042
                ],
                [
                    496.5786039829254,
                    929.8903942108154
                ],
                [
                    545.831561088562,
                    652.2975564002991
                ],
                [
                    485.91089248657227,
                    654.7547578811646
                ],
                [
                    415.98400473594666,
                    558.4337711334229
                ],
                [
                    477.60269045829773,
                    550.695538520813
                ],
                [
                    489.73819613456726,
                    753.4672021865845
                ]
            ],
            "provenance": "visii",
            "quaternion_xyzw": [
                -0.5928266048431396,
                0.550063967704773,
                -0.574028730392456,
                -0.1283637285232544
            ],
            "quaternion_xyzw_world": [
                0.2014511674642563,
                0.9226415157318115,
                -0.24421381950378418,
                0.22024907171726227
            ],
            "segmentation_id": 2,
            "visibility": 0
        },
        {
            "bounding_box_minx_maxx_miny_maxy": [
                -1,
                -1,
                -1,
                -1
            ],
            "class": "Smith",
            "local_cuboid": null,
            "local_to_world_matrix": [
                [
                    -0.9223438501358032,
                    0.38551923632621765,
                    -0.02563200145959854,
                    0.0
                ],
                [
                    0.31805452704429626,
                    0.7952537536621094,
                    0.5161519646644592,
                    0.0
                ],
                [
                    0.21937045454978943,
                    0.46791714429855347,
                    -0.8561135530471802,
                    0.0
                ],
                [
                    1.6437256336212158,
                    0.4018554389476776,
                    0.6110125780105591,
                    1.0
                ]
            ],
            "location": [
                -0.4018554389476776,
                0.6110125780105591,
                -1.6437256336212158
            ],
            "location_world": [
                1.6437256336212158,
                0.4018554389476776,
                0.6110125780105591
            ],
            "name": "google_Smith_Hawken_Woven_BasketTray_Organizer_with_3_Compartments_95_x_9_x_13_2",
            "projected_cuboid": [
                [
                    50.88585615158081,
                    125.33168494701385
                ],
                [
                    -17.149627208709717,
                    80.93683421611786
                ],
                [
                    22.478878498077393,
                    -17.121046781539917
                ],
                [
                    95.5677181482315,
                    23.504331707954407
                ],
                [
                    133.06620717048645,
                    144.97536420822144
                ],
                [
                    73.36181402206421,
                    107.47408866882324
                ],
                [
                    108.7484359741211,
                    27.89302170276642
                ],
                [
                    172.0813512802124,
                    62.959685921669006
                ],
                [
                    82.89308845996857,
                    71.4326947927475
                ]
            ],
            "provenance": "visii",
            "quaternion_xyzw": [
                -0.28182411193847656,
                0.7281898260116577,
                -0.40311193466186523,
                -0.4773002862930298
            ],
            "quaternion_xyzw_world": [
                0.1860886663198471,
                0.9452130794525146,
                0.26027706265449524,
                0.06480085104703903
            ],
            "segmentation_id": 3,
            "visibility": 0
        },
        {
            "bounding_box_minx_maxx_miny_maxy": [
                232,
                327,
                1,
                68
            ],
            "class": "Paul",
            "local_cuboid": null,
            "local_to_world_matrix": [
                [
                    -0.3406280279159546,
                    -0.9401790499687195,
                    -0.006001576781272888,
                    0.0
                ],
                [
                    -0.9256042838096619,
                    0.3364540934562683,
                    -0.17336508631706238,
                    0.0
                ],
                [
                    0.16501347720623016,
                    -0.05349789559841156,
                    -0.9848394393920898,
                    0.0
                ],
                [
                    1.6901705265045166,
                    -0.07691817730665207,
                    0.7511507868766785,
                    1.0
                ]
            ],
            "location": [
                0.07691817730665207,
                0.7511507868766785,
                -1.6901705265045166
            ],
            "location_world": [
                1.6901705265045166,
                -0.07691817730665207,
                0.7511507868766785
            ],
            "name": "google_Paul_Frank_Dot_Lunch_Box_3",
            "projected_cuboid": [
                [
                    330.6982219219208,
                    65.02135097980499
                ],
                [
                    322.2164809703827,
                    60.622215270996094
                ],
                [
                    319.253146648407,
                    -30.38567304611206
                ],
                [
                    328.10109853744507,
                    -20.523816347122192
                ],
                [
                    244.73324418067932,
                    73.60236346721649
                ],
                [
                    231.70970380306244,
                    69.92976367473602
                ],
                [
                    226.84741020202637,
                    -16.019999980926514
                ],
                [
                    240.42250216007233,
                    -7.457971572875977
                ],
                [
                    279.5088589191437,
                    25.075063109397888
                ]
            ],
            "provenance": "visii",
            "quaternion_xyzw": [
                -0.7547446489334106,
                0.11343429982662201,
                -0.13054940104484558,
                -0.6328113079071045
            ],
            "quaternion_xyzw_world": [
                -0.571786105632782,
                0.8157697916030884,
                -0.06952420622110367,
                0.052409105002880096
            ],
            "segmentation_id": 4,
            "visibility": 1
        },
        {
            "bounding_box_minx_maxx_miny_maxy": [
                111,
                163,
                257,
                308
            ],
            "class": "Toys",
            "local_cuboid": null,
            "local_to_world_matrix": [
                [
                    -0.7174255847930908,
                    -0.31518349051475525,
                    0.6212567090988159,
                    0.0
                ],
                [
                    0.5937216281890869,
                    0.18986153602600098,
                    0.7819509506225586,
                    0.0
                ],
                [
                    -0.3644108176231384,
                    0.9298450946807861,
                    0.05091965198516846,
                    0.0
                ],
                [
                    1.8257811069488525,
                    0.26341119408607483,
                    -0.0984228104352951,
                    1.0
                ]
            ],
            "location": [
                -0.26341119408607483,
                -0.0984228104352951,
                -1.8257811069488525
            ],
            "location_world": [
                1.8257811069488525,
                0.26341119408607483,
                -0.0984228104352951
            ],
            "name": "google_Toys_R_Us_Treat_Dispenser_Smart_Puzzle_Foobler_4",
            "projected_cuboid": [
                [
                    117.23172664642334,
                    287.1572971343994
                ],
                [
                    114.10444974899292,
                    243.9604252576828
                ],
                [
                    165.71323573589325,
                    246.74341082572937
                ],
                [
                    171.47351801395416,
                    288.6870503425598
                ],
                [
                    108.97462069988251,
                    317.43767857551575
                ],
                [
                    106.4361184835434,
                    275.32467246055603
                ],
                [
                    155.29459714889526,
                    277.0371437072754
                ],
                [
                    160.18790006637573,
                    317.9524540901184
                ],
                [
                    137.63028383255005,
                    281.73375129699707
                ]
            ],
            "provenance": "visii",
            "quaternion_xyzw": [
                0.20543959736824036,
                0.5249658823013306,
                -0.25849390029907227,
                -0.7844656109809875
            ],
            "quaternion_xyzw_world": [
                0.10221688449382782,
                0.6812428832054138,
                0.6281886100769043,
                -0.361716628074646
            ],
            "segmentation_id": 5,
            "visibility": 1
        },
        {
            "bounding_box_minx_maxx_miny_maxy": [
                374,
                499,
                1,
                155
            ],
            "class": "Tag",
            "local_cuboid": null,
            "local_to_world_matrix": [
                [
                    -0.3769557476043701,
                    0.6746357083320618,
                    0.6346423625946045,
                    0.0
                ],
                [
                    -0.24172987043857574,
                    -0.7330974340438843,
                    0.6357158422470093,
                    0.0
                ],
                [
                    0.8941314220428467,
                    0.086224764585495,
                    0.43942493200302124,
                    0.0
                ],
                [
                    0.3109269142150879,
                    -0.18616631627082825,
                    0.17543219029903412,
                    1.0
                ]
            ],
            "location": [
                0.18616631627082825,
                0.17543219029903412,
                -0.3109269142150879
            ],
            "location_world": [
                0.3109269142150879,
                -0.18616631627082825,
                0.17543219029903412
            ],
            "name": "google_Tag_Dishtowel_Basket_Weave_Red_18_x_26_5",
            "projected_cuboid": [
                [
                    321.9063878059387,
                    -54.44994568824768
                ],
                [
                    702.0543813705444,
                    -432.4797987937927
                ],
                [
                    765.4833197593689,
                    -480.44514656066895
                ],
                [
                    335.1128101348877,
                    -55.244773626327515
                ],
                [
                    482.93089866638184,
                    156.45357966423035
                ],
                [
                    818.6914920806885,
                    -117.05949902534485
                ],
                [
                    880.7170391082764,
                    -124.02895092964172
                ],
                [
                    507.3661804199219,
                    173.4977662563324
                ],
                [
                    591.3810729980469,
                    -88.00292015075684
                ]
            ],
            "provenance": "visii",
            "quaternion_xyzw": [
                0.38202741742134094,
                0.895053505897522,
                0.1902553141117096,
                -0.12937232851982117
            ],
            "quaternion_xyzw_world": [
                0.4787266254425049,
                0.2260715216398239,
                0.7983542680740356,
                0.2869545519351959
            ],
            "segmentation_id": 6,
            "visibility": 1
        },
        {
            "bounding_box_minx_maxx_miny_maxy": [
                -1,
                -1,
                -1,
                -1
            ],
            "class": "FRACTION",
            "local_cuboid": null,
            "local_to_world_matrix": [
                [
                    0.49266529083251953,
                    -0.8340169191360474,
                    0.24838808178901672,
                    0.0
                ],
                [
                    0.2918996512889862,
                    0.4272761344909668,
                    0.8557043075561523,
                    0.0
                ],
                [
                    -0.8198021650314331,
                    -0.3490714132785797,
                    0.4539533853530884,
                    0.0
                ],
                [
                    1.1404156684875488,
                    0.5939069986343384,
                    -0.14614304900169373,
                    1.0
                ]
            ],
            "location": [
                -0.5939069986343384,
                -0.14614304900169373,
                -1.1404156684875488
            ],
            "location_world": [
                1.1404156684875488,
                0.5939069986343384,
                -0.14614304900169373
            ],
            "name": "google_FRACTION_FUN_n4h4qte23QR_6",
            "projected_cuboid": [
                [
                    -0.6821155548095703,
                    349.9194383621216
                ],
                [
                    -30.40868043899536,
                    262.10781931877136
                ],
                [
                    -29.714614152908325,
                    271.6544270515442
                ],
                [
                    -0.8780956268310547,
                    357.1951389312744
                ],
                [
                    -106.9163978099823,
                    383.66732001304626
                ],
                [
                    -133.61281156539917,
                    287.1849536895752
                ],
                [
                    -129.5720338821411,
                    296.6638207435608
                ],
                [
                    -103.56298089027405,
                    390.39748907089233
                ],
                [
                    -65.26485085487366,
                    323.2346773147583
                ]
            ],
            "provenance": "visii",
            "quaternion_xyzw": [
                -0.19906696677207947,
                0.22465814650058746,
                0.18033365905284882,
                0.936686098575592
            ],
            "quaternion_xyzw_world": [
                0.3909718096256256,
                -0.34664732217788696,
                -0.3653806149959564,
                0.7703724503517151
            ],
            "segmentation_id": 7,
            "visibility": 0
        },
        {
            "bounding_box_minx_maxx_miny_maxy": [
                -1,
                -1,
                -1,
                -1
            ],
            "class": "FAIRY",
            "local_cuboid": null,
            "local_to_world_matrix": [
                [
                    0.4712291359901428,
                    0.879952073097229,
                    -0.060228168964385986,
                    0.0
                ],
                [
                    0.6825599670410156,
                    -0.4070659875869751,
                    -0.6069672107696533,
                    0.0
                ],
                [
                    -0.5586189031600952,
                    0.24491126835346222,
                    -0.7924413681030273,
                    0.0
                ],
                [
                    0.5112369656562805,
                    -0.15174654126167297,
                    0.4558318555355072,
                    1.0
                ]
            ],
            "location": [
                0.15174654126167297,
                0.4558318555355072,
                -0.5112369656562805
            ],
            "location_world": [
                0.5112369656562805,
                -0.15174654126167297,
                0.4558318555355072
            ],
            "name": "google_FAIRY_TALE_BLOCKS_7",
            "projected_cuboid": [
                [
                    136.97871565818787,
                    -348.6472964286804
                ],
                [
                    296.68140411376953,
                    34.71726179122925
                ],
                [
                    337.80938386917114,
                    -86.23427152633667
                ],
                [
                    235.1342737674713,
                    -415.58730602264404
                ],
                [
                    633.9823603630066,
                    -679.8700094223022
                ],
                [
                    623.6065626144409,
                    -46.732932329177856
                ],
                [
                    598.6209511756897,
                    -174.97950792312622
                ],
                [
                    592.9723381996155,
                    -654.5553803443909
                ],
                [
                    416.30443930625916,
                    -243.56630444526672
                ]
            ],
            "provenance": "visii",
            "quaternion_xyzw": [
                0.20518051087856293,
                0.4226008355617523,
                -0.8725734949111938,
                0.13388392329216003
            ],
            "quaternion_xyzw_world": [
                0.8171194195747375,
                0.4780549705028534,
                -0.18933801352977753,
                -0.2606346309185028
            ],
            "segmentation_id": 8,
            "visibility": 0
        },
        {
            "bounding_box_minx_maxx_miny_maxy": [
                52,
                87,
                361,
                378
            ],
            "class": "Great",
            "local_cuboid": null,
            "local_to_world_matrix": [
                [
                    0.18995583057403564,
                    -0.47333961725234985,
                    -0.860154926776886,
                    0.0
                ],
                [
                    0.8110025525093079,
                    0.5694302320480347,
                    -0.13425394892692566,
                    0.0
                ],
                [
                    0.5533459782600403,
                    -0.6720854043960571,
                    0.4920462369918823,
                    0.0
                ],
                [
                    1.6863009929656982,
                    0.5106377005577087,
                    -0.3146229684352875,
                    1.0
                ]
            ],
            "location": [
                -0.5106377005577087,
                -0.3146229684352875,
                -1.6863009929656982
            ],
            "location_world": [
                1.6863009929656982,
                0.5106377005577087,
                -0.3146229684352875
            ],
            "name": "google_Great_Jones_Wingtip_kAqSg6EgG0I_8",
            "projected_cuboid": [
                [
                    132.10462033748627,
                    355.51828145980835
                ],
                [
                    91.07030928134918,
                    354.76627945899963
                ],
                [
                    60.28066575527191,
                    376.9078850746155
                ],
                [
                    97.99793362617493,
                    381.25813007354736
                ],
                [
                    110.84568500518799,
                    321.0777938365936
                ],
                [
                    72.23072648048401,
                    324.9898850917816
                ],
                [
                    40.42212665081024,
                    346.3512659072876
                ],
                [
                    75.4101425409317,
                    345.7695245742798
                ],
                [
                    84.00858938694,
                    350.70934891700745
                ]
            ],
            "provenance": "visii",
            "quaternion_xyzw": [
                -0.7350066900253296,
                0.48624902963638306,
                -0.1639881283044815,
                0.44320982694625854
            ],
            "quaternion_xyzw_world": [
                0.17922011017799377,
                0.4710170328617096,
                -0.4279778301715851,
                0.7502387166023254
            ],
            "segmentation_id": 9,
            "visibility": 1
        },
        {
            "bounding_box_minx_maxx_miny_maxy": [
                222,
                275,
                418,
                459
            ],
            "class": "Ecoforms",
            "local_cuboid": null,
            "local_to_world_matrix": [
                [
                    -0.170965313911438,
                    -0.042553097009658813,
                    0.9843577146530151,
                    0.0
                ],
                [
                    0.40758079290390015,
                    0.9065223932266235,
                    0.10997781157493591,
                    0.0
                ],
                [
                    -0.8970221281051636,
                    0.4200076758861542,
                    -0.13763999938964844,
                    0.0
                ],
                [
                    1.8075976371765137,
                    -0.02203606814146042,
                    -0.44185730814933777,
                    1.0
                ]
            ],
            "location": [
                0.02203606814146042,
                -0.44185730814933777,
                -1.8075976371765137
            ],
            "location_world": [
                1.8075976371765137,
                -0.02203606814146042,
                -0.44185730814933777
            ],
            "name": "google_Ecoforms_Plant_Container_Quadra_Sand_QP6_9",
            "projected_cuboid": [
                [
                    265.63480496406555,
                    393.9317464828491
                ],
                [
                    202.95323431491852,
                    379.77153062820435
                ],
                [
                    230.18251359462738,
                    361.4024519920349
                ],
                [
                    288.66153955459595,
                    373.5290765762329
                ],
                [
                    262.33142614364624,
                    460.277259349823
                ],
                [
                    200.99133253097534,
                    443.38226318359375
                ],
                [
                    227.9040813446045,
                    420.1715588569641
                ],
                [
                    285.21808981895447,
                    434.62830781936646
                ],
                [
                    245.34691870212555,
                    408.04097056388855
                ]
            ],
            "provenance": "visii",
            "quaternion_xyzw": [
                -0.09427770972251892,
                -0.20639920234680176,
                0.6603959202766418,
                0.7158129811286926
            ],
            "quaternion_xyzw_world": [
                -0.12262991815805435,
                -0.7441652417182922,
                -0.17804697155952454,
                0.632043719291687
            ],
            "segmentation_id": 10,
            "visibility": 1
        },
        {
            "bounding_box_minx_maxx_miny_maxy": [
                -1,
                -1,
                -1,
                -1
            ],
            "class": "ReadytoUse",
            "local_cuboid": null,
            "local_to_world_matrix": [
                [
                    -0.39773833751678467,
                    0.3252813220024109,
                    0.8579022884368896,
                    0.0
                ],
                [
                    -0.6224848628044128,
                    0.5912503004074097,
                    -0.5127725601196289,
                    0.0
                ],
                [
                    -0.6740303039550781,
                    -0.7379804849624634,
                    -0.03268027305603027,
                    0.0
                ],
                [
                    0.26327836513519287,
                    -0.22774159908294678,
                    -0.4635627865791321,
                    1.0
                ]
            ],
            "location": [
                0.22774159908294678,
                -0.4635627865791321,
                -0.26327836513519287
            ],
            "location_world": [
                0.26327836513519287,
                -0.22774159908294678,
                -0.4635627865791321
            ],
            "name": "google_ReadytoUse_Rolled_Fondant_Pure_White_24_oz_box_10",
            "projected_cuboid": [
                [
                    1737.728476524353,
                    1984.0058088302612
                ],
                [
                    1991.4664030075073,
                    2603.0993461608887
                ],
                [
                    771.6752886772156,
                    1393.4234380722046
                ],
                [
                    777.8753638267517,
                    1196.2733268737793
                ],
                [
                    1483.4097623825073,
                    1873.4474182128906
                ],
                [
                    1610.6873750686646,
                    2282.31143951416
                ],
                [
                    766.6856050491333,
                    1421.5800762176514
                ],
                [
                    772.3986506462097,
                    1253.0910968780518
                ],
                [
                    1097.6427793502808,
                    1613.2698059082031
                ]
            ],
            "provenance": "visii",
            "quaternion_xyzw": [
                0.3582809567451477,
                0.18606345355510712,
                0.7924777865409851,
                0.45715874433517456
            ],
            "quaternion_xyzw_world": [
                0.10451266914606094,
                -0.7109270095825195,
                0.4398317337036133,
                0.5387095212936401
            ],
            "segmentation_id": 11,
            "visibility": 0
        },
        {
            "bounding_box_minx_maxx_miny_maxy": [
                -1,
                -1,
                -1,
                -1
            ],
            "class": "Dog",
            "local_cuboid": null,
            "local_to_world_matrix": [
                [
                    -0.37753593921661377,
                    0.5302721261978149,
                    -0.7591298818588257,
                    0.0
                ],
                [
                    -0.05972641706466675,
                    -0.8320367336273193,
                    -0.5514959096908569,
                    0.0
                ],
                [
                    -0.9240667819976807,
                    -0.1628694087266922,
                    0.3457949757575989,
                    0.0
                ],
                [
                    0.6053760051727295,
                    -0.5062705874443054,
                    0.013402953743934631,
                    1.0
                ]
            ],
            "location": [
                0.5062705874443054,
                0.013402953743934631,
                -0.6053760051727295
            ],
            "location_world": [
                0.6053760051727295,
                -0.5062705874443054,
                0.013402953743934631
            ],
            "name": "google_Dog_11",
            "projected_cuboid": [
                [
                    880.3213238716125,
                    181.37317895889282
                ],
                [
                    1151.2207984924316,
                    346.35335206985474
                ],
                [
                    816.9588446617126,
                    389.3146514892578
                ],
                [
                    640.7266855239868,
                    277.1469056606293
                ],
                [
                    920.868456363678,
                    -32.16800093650818
                ],
                [
                    1141.0022974014282,
                    96.11892700195312
                ],
                [
                    855.2253246307373,
                    204.92398738861084
                ],
                [
                    701.9530534744263,
                    110.91946065425873
                ],
                [
                    864.5821213722229,
                    196.14343345165253
                ]
            ],
            "provenance": "visii",
            "quaternion_xyzw": [
                0.1558501124382019,
                0.11695027351379395,
                0.866867184638977,
                -0.45888417959213257
            ],
            "quaternion_xyzw_world": [
                -0.5264754891395569,
                -0.22344140708446503,
                0.7992758750915527,
                0.18454158306121826
            ],
            "segmentation_id": 12,
            "visibility": 0
        },
        {
            "bounding_box_minx_maxx_miny_maxy": [
                -1,
                -1,
                -1,
                -1
            ],
            "class": "Black",
            "local_cuboid": null,
            "local_to_world_matrix": [
                [
                    0.9248150587081909,
                    -0.0199224054813385,
                    0.3798949420452118,
                    0.0
                ],
                [
                    0.26455599069595337,
                    -0.6839194297790527,
                    -0.6799002885818481,
                    0.0
                ],
                [
                    0.27336278557777405,
                    0.729285478591919,
                    -0.6272283792495728,
                    0.0
                ],
                [
                    0.3639867305755615,
                    -0.38843047618865967,
                    0.1573415994644165,
                    1.0
                ]
            ],
            "location": [
                0.38843047618865967,
                0.1573415994644165,
                -0.3639867305755615
            ],
            "location_world": [
                0.3639867305755615,
                -0.38843047618865967,
                0.1573415994644165
            ],
            "name": "google_Black_Elderberry_Syrup_54_oz_Gaia_Herbs_12",
            "projected_cuboid": [
                [
                    625.8649826049805,
                    111.00095510482788
                ],
                [
                    668.1498289108276,
                    171.33942246437073
                ],
                [
                    870.1993227005005,
                    25.553733110427856
                ],
                [
                    831.7863941192627,
                    -46.99784517288208
                ],
                [
                    677.7664422988892,
                    126.58128142356873
                ],
                [
                    723.7465381622314,
                    194.56717371940613
                ],
                [
                    963.0923271179199,
                    29.14603054523468
                ],
                [
                    922.9281544685364,
                    -54.86094951629639
                ],
                [
                    777.5930762290955,
                    74.17213916778564
                ]
            ],
            "provenance": "visii",
            "quaternion_xyzw": [
                0.7023505568504333,
                0.3786621391773224,
                -0.5887731313705444,
                0.12909236550331116
            ],
            "quaternion_xyzw_world": [
                0.8994390964508057,
                0.06799615174531937,
                0.18157364428043365,
                -0.3916845917701721
            ],
            "segmentation_id": 13,
            "visibility": 0
        },
        {
            "bounding_box_minx_maxx_miny_maxy": [
                -1,
                -1,
                -1,
                -1
            ],
