{
    "camera_data": {
        "camera_look_at": {
            "at": [
                1.0,
                0.0,
                0.0
            ],
            "eye": [
                0.0,
                0.0,
                0.0
            ],
            "up": [
                0.0,
                0.0,
                1.0
            ]
        },
        "camera_view_matrix": [
            [
                0.0,
                0.0,
                -1.0,
                0.0
            ],
            [
                -1.0,
                0.0,
                0.0,
                0.0
            ],
            [
                0.0,
                1.0,
                0.0,
                0.0
            ],
            [
                0.0,
                0.0,
                0.0,
                1.0
            ]
        ],
        "height": 500,
        "intrinsics": {
            "cx": 250.0,
            "cy": 250.0,
            "fx": 603.5535278320312,
            "fy": 603.5535278320312
        },
        "location_world": [
            0.0,
            0.0,
            0.0
        ],
        "quaternion_world_xyzw": [
            0.5,
            -0.5,
            -0.5,
            0.5
        ],
        "width": 500
    },
    "objects": [
        {
            "bounding_box_minx_maxx_miny_maxy": [
                -1,
                -1,
                -1,
                -1
            ],
            "class": "Reebok",
            "local_cuboid": null,
            "local_to_world_matrix": [
                [
                    -0.2968097925186157,
                    0.934701144695282,
                    -0.19554483890533447,
                    0.0
                ],
                [
                    -0.8345710635185242,
                    -0.35342252254486084,
                    -0.4225916266441345,
                    0.0
                ],
                [
                    -0.46410679817199707,
                    0.03776676952838898,
                    0.8849737644195557,
                    0.0
                ],
                [
                    0.34812578558921814,
                    0.09178526699542999,
                    0.3239510655403137,
                    1.0
                ]
            ],
            "location": [
                -0.09178526699542999,
                0.3239510655403137,
                -0.34812578558921814
            ],
            "location_world": [
                0.34812578558921814,
                0.09178526699542999,
                0.3239510655403137
            ],
            "name": "google_Reebok_SOMERSET_RUN_0",
            "projected_cuboid": [
                [
                    -52.991509437561035,
                    -470.94929218292236
                ],
                [
                    -127.46182084083557,
                    -1123.485803604126
                ],
                [
                    -17.663568258285522,
                    -473.7297296524048
                ],
                [
                    -11.163175106048584,
                    -248.5862374305725
                ],
                [
                    117.42101609706879,
                    -445.94693183898926
                ],
                [
                    276.4236629009247,
                    -950.4803419113159
                ],
                [
                    281.45840764045715,
                    -428.7450313568115
                ],
                [
                    137.5207155942917,
                    -241.6432499885559
                ],
                [
                    73.41009378433228,
                    -454.99879121780396
                ]
            ],
            "provenance": "visii",
            "quaternion_xyzw": [
                0.07710979878902435,
                0.5118600130081177,
                0.8398511409759521,
                -0.16341210901737213
            ],
            "quaternion_xyzw_world": [
                -0.20714670419692993,
                -0.12084438651800156,
                0.7961165308952332,
                0.5555946230888367
            ],
            "segmentation_id": 1,
            "visibility": 0
        },
        {
            "bounding_box_minx_maxx_miny_maxy": [
                -1,
                -1,
                -1,
                -1
            ],
            "class": "Breyer",
            "local_cuboid": null,
            "local_to_world_matrix": [
                [
                    -0.5253031253814697,
                    0.6860132217407227,
                    -0.5034314393997192,
                    0.0
                ],
                [
                    0.7757238149642944,
                    0.1429154872894287,
                    -0.6146772503852844,
                    0.0
                ],
                [
                    -0.34972840547561646,
                    -0.7134153246879578,
                    -0.6072309017181396,
                    0.0
                ],
                [
                    0.44794508814811707,
                    -0.05351031944155693,
                    -0.3257092535495758,
                    1.0
                ]
            ],
            "location": [
                0.05351031944155693,
                -0.3257092535495758,
                -0.44794508814811707
            ],
            "location_world": [
                0.44794508814811707,
                -0.05351031944155693,
                -0.3257092535495758
            ],
            "name": "google_Breyer_Horse_Of_The_Year_2015_1",
            "projected_cuboid": [
                [
                    413.8528108596802,
                    1137.709379196167
                ],
                [
                    379.67270612716675,
                    1086.8263244628906
                ],
                [
                    203.44658195972443,
                    842.7572846412659
                ],
                [
                    211.28763258457184,
                    856.6466569900513
                ],
                [
                    587.4079465866089,
                    730.1582098007202
                ],
                [
                    545.7165837287903,
                    729.9809455871582
                ],
                [
                    392.85314083099365,
                    577.0159959793091
                ],
                [
                    416.0386919975281,
                    563.213586807251
                ],
                [
                    400.640070438385,
                    784.9289774894714
                ]
            ],
            "provenance": "visii",
            "quaternion_xyzw": [
                -0.3804391622543335,
                0.42473751306533813,
                -0.8140053749084473,
                0.11072276532649994
            ],
            "quaternion_xyzw_world": [
                0.4845132529735565,
                0.7542296648025513,
                -0.4402149021625519,
                0.050947025418281555
            ],
            "segmentation_id": 2,
            "visibility": 0
        },
        {
            "bounding_box_minx_maxx_miny_maxy": [
                0,
                98,
                1,
                84
            ],
            "class": "Smith",
            "local_cuboid": null,
            "local_to_world_matrix": [
                [
                    -0.8928492069244385,
                    0.4500914216041565,
                    -0.015429288148880005,
                    0.0
                ],
                [
                    0.23495477437973022,
                    0.4947623610496521,
                    0.8366639018058777,
                    0.0
                ],
                [
                    0.3842090666294098,
                    0.7433895468711853,
                    -0.5474992990493774,
                    0.0
                ],
                [
                    1.673559308052063,
                    0.45352301001548767,
                    0.5712289810180664,
                    1.0
                ]
            ],
            "location": [
                -0.45352301001548767,
                0.5712289810180664,
                -1.673559308052063
            ],
            "location_world": [
                1.673559308052063,
                0.45352301001548767,
                0.5712289810180664
            ],
            "name": "google_Smith_Hawken_Woven_BasketTray_Organizer_with_3_Compartments_95_x_9_x_13_2",
            "projected_cuboid": [
                [
                    -5.035698413848877,
                    131.26161694526672
                ],
                [
                    -42.37964749336243,
                    56.62289261817932
                ],
                [
                    16.22287929058075,
                    -13.89765739440918
                ],
                [
                    58.560967445373535,
                    63.062846660614014
                ],
                [
                    89.41511809825897,
                    149.55228567123413
                ],
                [
                    55.28019368648529,
                    86.56845986843109
                ],
                [
                    109.16745662689209,
                    29.88860011100769
                ],
                [
                    147.06310629844666,
                    94.57676112651825
                ],
                [
                    56.68957531452179,
                    76.47088170051575
                ]
            ],
            "provenance": "visii",
            "quaternion_xyzw": [
                -0.1560879349708557,
                0.8171542882919312,
                -0.23938381671905518,
                -0.5005905628204346
            ],
            "quaternion_xyzw_world": [
                0.1999298334121704,
                0.8566082715988159,
                0.46113651990890503,
                0.11663392931222916
            ],
            "segmentation_id": 3,
            "visibility": 1
        },
        {
            "bounding_box_minx_maxx_miny_maxy": [
                249,
                345,
                1,
                74
            ],
            "class": "Paul",
            "local_cuboid": null,
            "local_to_world_matrix": [
                [
                    -0.05173349380493164,
                    -0.9723473787307739,
                    0.22773784399032593,
                    0.0
                ],
                [
                    -0.9386236667633057,
                    -0.03053450584411621,
                    -0.34358906745910645,
                    0.0
                ],
                [
                    0.3410417437553406,
                    -0.23153512179851532,
                    -0.9110887050628662,
                    0.0
                ],
                [
                    1.6984416246414185,
                    -0.1131696105003357,
                    0.7341738939285278,
                    1.0
                ]
            ],
            "location": [
                0.1131696105003357,
                0.7341738939285278,
                -1.6984416246414185
            ],
            "location_world": [
                1.6984416246414185,
                -0.1131696105003357,
                0.7341738939285278
            ],
            "name": "google_Paul_Frank_Dot_Lunch_Box_3",
            "projected_cuboid": [
                [
                    347.34711050987244,
                    60.63300371170044
                ],
                [
                    354.23654317855835,
                    62.49213218688965
                ],
                [
                    339.50287103652954,
                    -24.307936429977417
                ],
                [
                    333.15715193748474,
                    -21.204590797424316
                ],
                [
                    262.3753249645233,
                    81.77165687084198
                ],
                [
                    264.2456591129303,
                    84.85130965709686
                ],
                [
                    245.32924592494965,
                    -0.16441941261291504
                ],
                [
                    244.46594715118408,
                    1.5219300985336304
                ],
                [
                    298.78607392311096,
                    31.69308602809906
                ]
            ],
            "provenance": "visii",
            "quaternion_xyzw": [
                -0.8150119781494141,
                -0.07922347635030746,
                -0.08689087629318237,
                -0.5673880577087402
            ],
            "quaternion_xyzw_world": [
                -0.6873663067817688,
                0.6950337290763855,
                -0.20686917006969452,
                0.04075482115149498
            ],
            "segmentation_id": 4,
            "visibility": 1
        },
        {
            "bounding_box_minx_maxx_miny_maxy": [
                166,
                213,
                256,
                302
            ],
            "class": "Toys",
            "local_cuboid": null,
            "local_to_world_matrix": [
                [
                    0.6954679489135742,
                    -0.4150286018848419,
                    -0.5865796804428101,
                    0.0
                ],
                [
                    0.6309013366699219,
                    0.7434186935424805,
                    0.22201862931251526,
                    0.0
                ],
                [
                    0.3439302146434784,
                    -0.5244807004928589,
                    0.7788658738136292,
                    0.0
                ],
                [
                    1.895086407661438,
                    0.2310715913772583,
                    -0.14774970710277557,
                    1.0
                ]
            ],
            "location": [
                -0.2310715913772583,
                -0.14774970710277557,
                -1.895086407661438
            ],
            "location_world": [
                1.895086407661438,
                0.2310715913772583,
                -0.14774970710277557
            ],
            "name": "google_Toys_R_Us_Treat_Dispenser_Smart_Puzzle_Foobler_4",
            "projected_cuboid": [
                [
                    231.05370998382568,
                    278.03096175193787
                ],
                [
                    198.26842844486237,
                    266.6442096233368
                ],
                [
                    172.581285238266,
                    303.2001256942749
                ],
                [
                    204.96463775634766,
                    316.7709708213806
                ],
                [
                    208.9482843875885,
                    249.9839812517166
                ],
                [
                    175.4518449306488,
                    239.36839401721954
                ],
                [
                    147.664874792099,
                    277.24403142929077
                ],
                [
                    180.64242601394653,
                    290.2235686779022
                ],
                [
                    190.04587829113007,
                    277.64394879341125
                ]
            ],
            "provenance": "visii",
            "quaternion_xyzw": [
                -0.6198669672012329,
                0.5364047288894653,
                0.06896128505468369,
                0.5685765147209167
            ],
            "quaternion_xyzw_world": [
                0.20807652175426483,
                0.2593669593334198,
                -0.29153871536254883,
                0.8969047665596008
            ],
            "segmentation_id": 5,
            "visibility": 1
        },
        {
            "bounding_box_minx_maxx_miny_maxy": [
                437,
                499,
                1,
                98
            ],
            "class": "Tag",
            "local_cuboid": null,
            "local_to_world_matrix": [
                [
                    0.21942174434661865,
                    0.22499611973762512,
                    0.9493317604064941,
                    0.0
                ],
                [
                    -0.8461722135543823,
                    -0.44046592712402344,
                    0.29997068643569946,
                    0.0
                ],
                [
                    0.4856404960155487,
                    -0.8691182732582092,
                    0.0937376618385315,
                    0.0
                ],
                [
                    0.31204739212989807,
                    -0.1696276068687439,
                    0.20807795226573944,
                    1.0
                ]
            ],
            "location": [
                0.1696276068687439,
                0.20807795226573944,
                -0.31204739212989807
            ],
            "location_world": [
                0.31204739212989807,
                -0.1696276068687439,
                0.20807795226573944
            ],
            "name": "google_Tag_Dishtowel_Basket_Weave_Red_18_x_26_5",
            "projected_cuboid": [
                [
                    424.99327659606934,
                    -97.71600365638733
                ],
                [
                    812.1414184570312,
                    -542.2526001930237
                ],
                [
                    774.3813991546631,
                    -591.5125608444214
                ],
                [
                    389.31089639663696,
                    -106.83107376098633
                ],
                [
                    497.63578176498413,
                    109.4074696302414
                ],
                [
                    1020.8536386489868,
                    -220.79196572303772
                ],
                [
                    993.9773082733154,
                    -251.5794038772583
                ],
                [
                    461.68437600135803,
                    108.36692154407501
                ],
                [
                    597.8730916976929,
                    -144.465833902359
                ]
            ],
            "provenance": "visii",
            "quaternion_xyzw": [
                0.49006980657577515,
                0.7089794278144836,
                0.3314306139945984,
                0.38384050130844116
            ],
            "quaternion_xyzw_world": [
                0.6257295608520508,
                -0.24818073213100433,
                0.573319673538208,
                0.46709033846855164
            ],
            "segmentation_id": 6,
            "visibility": 1
        },
        {
            "bounding_box_minx_maxx_miny_maxy": [
                0,
                60,
                221,
                327
            ],
            "class": "FRACTION",
            "local_cuboid": null,
            "local_to_world_matrix": [
                [
                    -0.34895753860473633,
                    0.9027493000030518,
                    -0.25153979659080505,
                    0.0
                ],
                [
                    0.013009607791900635,
                    0.27305328845977783,
                    0.9619109034538269,
                    0.0
                ],
                [
                    0.9370481967926025,
                    0.33239370584487915,
                    -0.10702836513519287,
                    0.0
                ],
                [
                    1.1249288320541382,
                    0.4626842737197876,
                    -0.051461122930049896,
                    1.0
                ]
            ],
            "location": [
                -0.4626842737197876,
                -0.051461122930049896,
                -1.1249288320541382
            ],
            "location_world": [
                1.1249288320541382,
                0.4626842737197876,
                -0.051461122930049896
            ],
            "name": "google_FRACTION_FUN_n4h4qte23QR_6",
            "projected_cuboid": [
                [
                    -32.28476643562317,
                    339.99425172805786
                ],
                [
                    -59.09830331802368,
                    243.18793416023254
                ],
                [
                    -62.65631318092346,
                    240.35102128982544
                ],
                [
                    -34.84430909156799,
                    340.78463912010193
                ],
                [
                    62.00888752937317,
                    313.1405711174011
                ],
                [
                    36.3701730966568,
                    221.33035957813263
                ],
                [
                    36.38666868209839,
                    217.86804497241974
                ],
                [
                    62.93684244155884,
                    312.9345178604126
                ],
                [
                    2.3891180753707886,
                    278.3297598361969
                ]
            ],
            "provenance": "visii",
            "quaternion_xyzw": [
                -0.13452504575252533,
                0.9748984575271606,
                -0.03078216314315796,
                -0.17472365498542786
            ],
            "quaternion_xyzw_world": [
                0.3482159972190857,
                0.6574646830558777,
                0.4921574592590332,
                0.45195886492729187
            ],
            "segmentation_id": 7,
            "visibility": 1
        },
        {
            "bounding_box_minx_maxx_miny_maxy": [
                359,
                376,
                1,
                7
            ],
            "class": "FAIRY",
            "local_cuboid": null,
            "local_to_world_matrix": [
                [
                    0.2360842227935791,
                    0.9646667838096619,
                    -0.11697179079055786,
                    0.0
                ],
                [
                    0.8492392897605896,
                    -0.2633293867111206,
                    -0.45765751600265503,
                    0.0
                ],
                [
                    -0.4722890853881836,
                    0.00870870053768158,
                    -0.8814008235931396,
                    0.0
                ],
                [
                    0.5533406138420105,
                    -0.1782212108373642,
                    0.4416114389896393,
                    1.0
                ]
            ],
            "location": [
                0.1782212108373642,
                0.4416114389896393,
                -0.5533406138420105
            ],
            "location_world": [
                0.5533406138420105,
                -0.1782212108373642,
                0.4416114389896393
            ],
            "name": "google_FAIRY_TALE_BLOCKS_7",
            "projected_cuboid": [
                [
                    285.09795665740967,
                    -231.48196935653687
                ],
                [
                    343.1117534637451,
                    76.32474601268768
                ],
                [
                    330.68758249282837,
                    -68.05306673049927
                ],
                [
                    279.7268033027649,
                    -375.9947419166565
                ],
                [
                    762.5148296356201,
                    -380.4592490196228
                ],
                [
                    624.7133612632751,
                    24.311482906341553
                ],
                [
                    564.5538568496704,
                    -124.7175931930542
                ],
                [
                    634.2024803161621,
                    -507.3705315589905
                ],
                [
                    462.76557445526123,
                    -163.60518336296082
                ]
            ],
            "provenance": "visii",
            "quaternion_xyzw": [
                0.07194051146507263,
                0.5086060166358948,
                -0.8506782054901123,
                0.111764095723629
            ],
            "quaternion_xyzw_world": [
                0.7714943885803223,
                0.58778977394104,
                -0.19094787538051605,
                -0.15112431347370148
            ],
            "segmentation_id": 8,
            "visibility": 1
        },
        {
            "bounding_box_minx_maxx_miny_maxy": [
                82,
                118,
                271,
                301
            ],
            "class": "Great",
            "local_cuboid": null,
            "local_to_world_matrix": [
                [
                    0.22766363620758057,
                    -0.6267619132995605,
                    0.7452105283737183,
                    0.0
                ],
                [
                    0.9673157930374146,
                    0.0578080415725708,
                    -0.24689766764640808,
                    0.0
                ],
                [
                    0.11166688799858093,
                    0.7770634889602661,
                    0.6194374561309814,
                    0.0
                ],
                [
                    1.6892520189285278,
                    0.4174704849720001,
                    -0.14629879593849182,
                    1.0
                ]
            ],
            "location": [
                -0.4174704849720001,
                -0.14629879593849182,
                -1.6892520189285278
            ],
            "location_world": [
                1.6892520189285278,
                0.4174704849720001,
                -0.14629879593849182
            ],
            "name": "google_Great_Jones_Wingtip_kAqSg6EgG0I_8",
            "projected_cuboid": [
                [
                    71.68185710906982,
                    248.41590225696564
                ],
                [
                    94.6967750787735,
                    273.5966145992279
                ],
                [
                    122.42354452610016,
                    296.70947790145874
                ],
                [
                    104.61588203907013,
                    275.82043409347534
                ],
                [
                    41.39108955860138,
                    280.9146046638489
                ],
                [
                    69.69104707241058,
                    301.1114299297333
                ],
                [
                    97.62828052043915,
                    324.7358798980713
                ],
                [
                    74.61963593959808,
                    309.04459953308105
                ],
                [
                    85.66425740718842,
                    289.54434394836426
                ]
            ],
            "provenance": "visii",
            "quaternion_xyzw": [
                -0.7045080661773682,
                -0.2439299374818802,
                0.35653501749038696,
                0.5630713701248169
            ],
            "quaternion_xyzw_world": [
                -0.370950847864151,
                -0.22951412200927734,
                -0.5774871706962585,
                0.6900922656059265
            ],
            "segmentation_id": 9,
            "visibility": 1
        },
        {
            "bounding_box_minx_maxx_miny_maxy": [
                185,
                246,
                365,
                458
            ],
            "class": "Ecoforms",
            "local_cuboid": null,
            "local_to_world_matrix": [
                [
                    -0.39244818687438965,
                    -0.22082726657390594,
                    0.892871618270874,
                    0.0
                ],
                [
                    0.6810186505317688,
                    0.582721471786499,
                    0.44345152378082275,
                    0.0
                ],
                [
                    -0.618221640586853,
                    0.7820940017700195,
                    -0.07830047607421875,
                    0.0
                ],
                [
                    1.7743769884109497,
                    -0.007655073888599873,
                    -0.43250778317451477,
                    1.0
                ]
            ],
            "location": [
                0.007655073888599873,
                -0.43250778317451477,
                -1.7743769884109497
            ],
            "location_world": [
                1.7743769884109497,
                -0.007655073888599873,
                -0.43250778317451477
            ],
            "name": "google_Ecoforms_Plant_Container_Quadra_Sand_QP6_9",
            "projected_cuboid": [
                [
                    231.6274791955948,
                    405.0898551940918
                ],
                [
                    193.6388909816742,
                    363.2850646972656
                ],
                [
                    241.0474568605423,
                    352.3145318031311
                ],
                [
                    280.3400158882141,
                    390.66553115844727
                ],
                [
                    217.01988577842712,
                    460.4784846305847
                ],
                [
                    181.6997081041336,
                    416.3891673088074
                ],
                [
                    227.88381576538086,
                    402.90701389312744
                ],
                [
                    264.5206153392792,
                    443.36777925491333
                ],
                [
                    229.5880913734436,
                    403.90074253082275
                ]
            ],
            "provenance": "visii",
            "quaternion_xyzw": [
                -0.19947057962417603,
                -0.3887166976928711,
                0.488349974155426,
                0.7553973197937012
            ],
            "quaternion_xyzw_world": [
                -0.160569965839386,
                -0.7164967060089111,
                -0.42761731147766113,
                0.5272505879402161
            ],
            "segmentation_id": 10,
            "visibility": 1
        },
        {
            "bounding_box_minx_maxx_miny_maxy": [
                -1,
                -1,
                -1,
                -1
            ],
            "class": "ReadytoUse",
            "local_cuboid": null,
            "local_to_world_matrix": [
                [
                    -0.4584016799926758,
                    0.6562731862068176,
                    0.5993107557296753,
                    0.0
                ],
                [
                    -0.4799620509147644,
                    0.3847407102584839,
                    -0.7884231209754944,
                    0.0
                ],
                [
                    -0.7480001449584961,
                    -0.6490609049797058,
                    0.1386205554008484,
                    0.0
                ],
                [
                    0.26430100202560425,
                    -0.20885470509529114,
                    -0.4793825149536133,
                    1.0
                ]
            ],
            "location": [
                0.20885470509529114,
                -0.4793825149536133,
                -0.26430100202560425
            ],
            "location_world": [
                0.26430100202560425,
                -0.20885470509529114,
                -0.4793825149536133
            ],
            "name": "google_ReadytoUse_Rolled_Fondant_Pure_White_24_oz_box_10",
            "projected_cuboid": [
                [
                    1673.036813735962,
                    2227.8971672058105
                ],
                [
                    1897.6889848709106,
                    2938.1308555603027
                ],
                [
                    678.7238121032715,
                    1491.8835163116455
                ],
                [
                    683.9547157287598,
                    1279.8218727111816
                ],
                [
                    1497.8128671646118,
                    1855.2223443984985
                ],
                [
                    1614.5166158676147,
                    2251.8720626831055
                ],
                [
                    765.2927041053772,
                    1401.845932006836
                ],
                [
                    762.8518342971802,
                    1235.6631755828857
                ],
                [
                    1040.6665802001953,
                    1652.4373292922974
                ]
            ],
            "provenance": "visii",
            "quaternion_xyzw": [
                0.30989906191825867,
                0.17309673130512238,
                0.8934059143066406,
                0.27536511421203613
            ],
            "quaternion_xyzw_world": [
                -0.06752248853445053,
                -0.6527866721153259,
                0.550518274307251,
                0.5159843564033508
            ],
            "segmentation_id": 11,
            "visibility": 0
        },
        {
            "bounding_box_minx_maxx_miny_maxy": [
                -1,
                -1,
                -1,
                -1
            ],
            "class": "Dog",
            "local_cuboid": null,
            "local_to_world_matrix": [
                [
                    -0.27453386783599854,
                    -0.3582726716995239,
                    -0.8923409581184387,
                    0.0
                ],
                [
                    0.676831841468811,
                    -0.731175422668457,
                    0.08533397316932678,
                    0.0
                ],
                [
                    -0.6830303072929382,
                    -0.5805376768112183,
                    0.4432222843170166,
                    0.0
                ],
                [
                    0.5151796936988831,
                    -0.3951214551925659,
                    0.02319992333650589,
                    1.0
                ]
            ],
            "location": [
                0.3951214551925659,
                0.02319992333650589,
                -0.5151796936988831
            ],
            "location_world": [
                0.5151796936988831,
                -0.3951214551925659,
                0.02319992333650589
            ],
            "name": "google_Dog_11",
            "projected_cuboid": [
                [
                    1282.2524309158325,
                    254.31397557258606
                ],
                [
                    1165.3921604156494,
                    229.60148751735687
                ],
                [
                    809.3525171279907,
                    332.3090970516205
                ],
                [
                    781.5608382225037,
                    379.81921434402466
                ],
                [
                    948.8229155540466,
                    -105.8998703956604
                ],
                [
                    936.371386051178,
                    -31.470656394958496
                ],
                [
                    668.6460375785828,
                    118.78572404384613
                ],
                [
                    607.8680753707886,
                    104.43057119846344
                ],
                [
                    863.6062145233154,
                    161.846861243248
                ]
            ],
            "provenance": "visii",
            "quaternion_xyzw": [
                0.38402754068374634,
                -0.10491809248924255,
                0.5566470623016357,
                -0.7291496992111206
            ],
            "quaternion_xyzw_world": [
                -0.5033436417579651,
                -0.1582215130329132,
                0.7824531197547913,
                -0.33072414994239807
            ],
            "segmentation_id": 12,
            "visibility": 0
        },
        {
            "bounding_box_minx_maxx_miny_maxy": [
                -1,
                -1,
                -1,
                -1
            ],
            "class": "Black",
            "local_cuboid": null,
            "local_to_world_matrix": [
                [
                    -0.5023849010467529,
                    -0.1913554072380066,
                    0.8432038426399231,
                    0.0
                ],
                [
                    -0.8532647490501404,
                    -0.04797554016113281,
                    -0.5192665457725525,
                    0.0
                ],
                [
                    0.13981753587722778,
                    -0.9803476929664612,
                    -0.1391746997833252,
                    0.0
                ],
                [
                    0.3553411662578583,
                    -0.4013616144657135,
                    0.2209576815366745,
                    1.0
                ]
            ],
            "location": [
                0.4013616144657135,
                0.2209576815366745,
                -0.3553411662578583
            ],
            "location_world": [
                0.3553411662578583,
                -0.4013616144657135,
                0.2209576815366745
            ],
            "name": "google_Black_Elderberry_Syrup_54_oz_Gaia_Herbs_12",
            "projected_cuboid": [
                [
                    1105.2443981170654,
                    -125.03549456596375
                ],
                [
                    1238.6362552642822,
                    -126.19581818580627
                ],
                [
                    1030.2743911743164,
                    -188.9611780643463
                ],
                [
                    918.1790351867676,
                    -179.09541726112366
                ],
                [
                    1030.2319526672363,
                    -29.08375859260559
                ],
                [
                    1142.7605152130127,
                    -16.891002655029297
                ],
                [
                    946.1122751235962,
                    -67.98985600471497
                ],
                [
                    852.9085516929626,
                    -74.28529858589172
                ],
                [
                    1030.2503108978271,
                    -98.15165400505066
                ]
            ],
            "provenance": "visii",
            "quaternion_xyzw": [
                -0.6801543235778809,
                -0.32756513357162476,
                -0.5449985265731812,
                -0.3647846281528473
            ],
            "quaternion_xyzw_world": [
                -0.4137527644634247,
                0.6311861872673035,
                -0.5939666628837585,
                -0.27859699726104736
            ],
            "segmentation_id": 13,
            "visibility": 0
        },
        {
            "bounding_box_minx_maxx_miny_maxy": [
                -1,
                -1,
                -1,
                -1
            ],
