{
    "camera_data": {
        "camera_look_at": {
            "at": [
                1.0,
                0.0,
                0.0
            ],
            "eye": [
                0.0,
                0.0,
                0.0
            ],
            "up": [
                0.0,
                0.0,
                1.0
            ]
        },
        "camera_view_matrix": [
            [
                0.0,
                0.0,
                -1.0,
                0.0
            ],
            [
                -1.0,
                0.0,
                0.0,
                0.0
            ],
            [
                0.0,
                1.0,
                0.0,
                0.0
            ],
            [
                0.0,
                0.0,
                0.0,
                1.0
            ]
        ],
        "height": 500,
        "intrinsics": {
            "cx": 250.0,
            "cy": 250.0,
            "fx": 603.5535278320312,
            "fy": 603.5535278320312
        },
        "location_world": [
            0.0,
            0.0,
            0.0
        ],
        "quaternion_world_xyzw": [
            0.5,
            -0.5,
            -0.5,
            0.5
        ],
        "width": 500
    },
    "objects": [
        {
            "bounding_box_minx_maxx_miny_maxy": [
                -1,
                -1,
                -1,
                -1
            ],
            "class": "Reebok",
            "local_cuboid": null,
            "local_to_world_matrix": [
                [
                    0.1869654655456543,
                    0.13114617764949799,
                    0.9735731482505798,
                    0.0
                ],
                [
                    0.38426703214645386,
                    -0.9218462705612183,
                    0.05038338899612427,
                    0.0
                ],
                [
                    0.9040922522544861,
                    0.3646920919418335,
                    -0.22274863719940186,
                    0.0
                ],
                [
                    0.29107481241226196,
                    0.1452803611755371,
                    0.30159658193588257,
                    1.0
                ]
            ],
            "location": [
                -0.1452803611755371,
                0.30159658193588257,
                -0.29107481241226196
            ],
            "location_world": [
                0.29107481241226196,
                0.1452803611755371,
                0.30159658193588257
            ],
            "name": "google_Reebok_SOMERSET_RUN_0",
            "projected_cuboid": [
                [
                    -318.5041546821594,
                    -307.1393370628357
                ],
                [
                    171.54952883720398,
                    -190.96878170967102
                ],
                [
                    219.96313333511353,
                    -363.9765977859497
                ],
                [
                    -457.59117603302,
                    -609.1710925102234
                ],
                [
                    -327.80909538269043,
                    -141.37673377990723
                ],
                [
                    188.03024291992188,
                    -61.86595559120178
                ],
                [
                    244.61694061756134,
                    -205.46534657478333
                ],
                [
                    -484.34317111968994,
                    -394.22959089279175
                ],
                [
                    -42.52225160598755,
                    -257.30955600738525
                ]
            ],
            "provenance": "visii",
            "quaternion_xyzw": [
                0.6562321782112122,
                0.722084105014801,
                -0.2101609706878662,
                -0.06153249740600586
            ],
            "quaternion_xyzw_world": [
                0.7634723782539368,
                0.16877271234989166,
                0.6148439049720764,
                -0.1029207855463028
            ],
            "segmentation_id": 1,
            "visibility": 0
        },
        {
            "bounding_box_minx_maxx_miny_maxy": [
                -1,
                -1,
                -1,
                -1
            ],
            "class": "Breyer",
            "local_cuboid": null,
            "local_to_world_matrix": [
                [
                    -0.24364221096038818,
                    0.46898213028907776,
                    0.8489370942115784,
                    0.0
                ],
                [
                    -0.7380841970443726,
                    -0.6575028896331787,
                    0.1513994336128235,
                    0.0
                ],
                [
                    0.6291821599006653,
                    -0.5896997451782227,
                    0.5063437223434448,
                    0.0
                ],
                [
                    0.3821181058883667,
                    0.26317450404167175,
                    -0.2194213569164276,
                    1.0
                ]
            ],
            "location": [
                -0.26317450404167175,
                -0.2194213569164276,
                -0.3821181058883667
            ],
            "location_world": [
                0.3821181058883667,
                0.26317450404167175,
                -0.2194213569164276
            ],
            "name": "google_Breyer_Horse_Of_The_Year_2015_1",
            "projected_cuboid": [
                [
                    -63.844501972198486,
                    309.27208065986633
                ],
                [
                    -41.36544466018677,
                    302.7908205986023
                ],
                [
                    -293.5170531272888,
                    461.2260162830353
                ],
                [
                    -292.8433418273926,
                    451.16961002349854
                ],
                [
                    95.08764743804932,
                    529.3933153152466
                ],
                [
                    129.02164459228516,
                    543.18767786026
                ],
                [
                    -43.36532950401306,
                    738.7338876724243
                ],
                [
                    -67.75638461112976,
                    702.2982835769653
                ],
                [
                    -54.59997057914734,
                    503.1358003616333
                ]
            ],
            "provenance": "visii",
            "quaternion_xyzw": [
                0.5021952986717224,
                0.749927282333374,
                0.41484951972961426,
                0.11536368727684021
            ],
            "quaternion_xyzw_world": [
                0.4763183891773224,
                -0.14124062657356262,
                0.7758042216300964,
                0.38897258043289185
            ],
            "segmentation_id": 2,
            "visibility": 0
        },
        {
            "bounding_box_minx_maxx_miny_maxy": [
                0,
                89,
                31,
                121
            ],
            "class": "Smith",
            "local_cuboid": null,
            "local_to_world_matrix": [
                [
                    -0.9906995296478271,
                    0.13606689870357513,
                    0.0010186396539211273,
                    0.0
                ],
                [
                    -0.13578371703624725,
                    -0.9890682697296143,
                    0.05750999227166176,
                    0.0
                ],
                [
                    0.008832708932459354,
                    0.05683678761124611,
                    0.9983444213867188,
                    0.0
                ],
                [
                    1.7722593545913696,
                    0.6452584862709045,
                    0.4157364070415497,
                    1.0
                ]
            ],
            "location": [
                -0.6452584862709045,
                0.4157364070415497,
                -1.7722593545913696
            ],
            "location_world": [
                1.7722593545913696,
                0.6452584862709045,
                0.4157364070415497
            ],
            "name": "google_Smith_Hawken_Woven_BasketTray_Organizer_with_3_Compartments_95_x_9_x_13_2",
            "projected_cuboid": [
                [
                    -54.61278557777405,
                    -3.110140562057495
                ],
                [
                    35.98834574222565,
                    -14.374852180480957
                ],
                [
                    41.513919830322266,
                    87.94406056404114
                ],
                [
                    -49.34054613113403,
                    97.00557589530945
                ],
                [
                    15.64401388168335,
                    42.89235174655914
                ],
                [
                    90.79070389270782,
                    34.53744947910309
                ],
                [
                    95.36240994930267,
                    118.00740659236908
                ],
                [
                    20.04396915435791,
                    124.89025294780731
                ],
                [
                    27.139827609062195,
                    62.91194260120392
                ]
            ],
            "provenance": "visii",
            "quaternion_xyzw": [
                0.4514576494693756,
                0.5482722520828247,
                0.5171374082565308,
                -0.47765326499938965
            ],
            "quaternion_xyzw_world": [
                0.002469603205099702,
                0.02866522967815399,
                0.9972602725028992,
                0.06814936548471451
            ],
            "segmentation_id": 3,
            "visibility": 1
        },
        {
            "bounding_box_minx_maxx_miny_maxy": [
                292,
                347,
                1,
                14
            ],
            "class": "Paul",
            "local_cuboid": null,
            "local_to_world_matrix": [
                [
                    0.5171960592269897,
                    0.7245607972145081,
                    0.4555434584617615,
                    0.0
                ],
                [
                    -0.3760935664176941,
                    -0.2857128381729126,
                    0.8814316391944885,
                    0.0
                ],
                [
                    0.7688054442405701,
                    -0.6271999478340149,
                    0.1247330904006958,
                    0.0
                ],
                [
                    1.7639707326889038,
                    -0.19993455708026886,
                    0.6677680611610413,
                    1.0
                ]
            ],
            "location": [
                0.19993455708026886,
                0.6677680611610413,
                -1.7639707326889038
            ],
            "location_world": [
                1.7639707326889038,
                -0.19993455708026886,
                0.6677680611610413
            ],
            "name": "google_Paul_Frank_Dot_Lunch_Box_3",
            "projected_cuboid": [
                [
                    319.6110427379608,
                    39.19351100921631
                ],
                [
                    330.380916595459,
                    6.048604846000671
                ],
                [
                    289.8193597793579,
                    -8.327841758728027
                ],
                [
                    278.9011001586914,
                    28.323620557785034
                ],
                [
                    385.4162096977234,
                    62.26100027561188
                ],
                [
                    398.41800928115845,
                    27.185574173927307
                ],
                [
                    361.80147528648376,
                    13.890385627746582
                ],
                [
                    348.31422567367554,
                    52.925825119018555
                ],
                [
                    338.68467807769775,
                    27.75438129901886
                ]
            ],
            "provenance": "visii",
            "quaternion_xyzw": [
                0.20175045728683472,
                0.9185311198234558,
                0.1363118290901184,
                0.3114745020866394
            ],
            "quaternion_xyzw_world": [
                0.6477221250534058,
                0.13449718058109283,
                0.47255948185920715,
                0.5822834968566895
            ],
            "segmentation_id": 4,
            "visibility": 1
        },
        {
            "bounding_box_minx_maxx_miny_maxy": [
                307,
                367,
                335,
                402
            ],
            "class": "Toys",
            "local_cuboid": null,
            "local_to_world_matrix": [
                [
                    0.791580080986023,
                    -0.1358586847782135,
                    0.595771312713623,
                    0.0
                ],
                [
                    0.3173042833805084,
                    0.9246106743812561,
                    -0.21074418723583221,
                    0.0
                ],
                [
                    -0.522225022315979,
                    0.3558616638183594,
                    0.7750118970870972,
                    0.0
                ],
                [
                    1.4321448802947998,
                    -0.23729144036769867,
                    -0.33078575134277344,
                    1.0
                ]
            ],
            "location": [
                0.23729144036769867,
                -0.33078575134277344,
                -1.4321448802947998
            ],
            "location_world": [
                1.4321448802947998,
                -0.23729144036769867,
                -0.33078575134277344
            ],
            "name": "google_Toys_R_Us_Treat_Dispenser_Smart_Puzzle_Foobler_4",
            "projected_cuboid": [
                [
                    364.8795783519745,
                    315.0116503238678
                ],
                [
                    301.2371361255646,
                    326.41977071762085
                ],
                [
                    320.2473819255829,
                    369.67790126800537
                ],
                [
                    381.049782037735,
                    360.3302240371704
                ],
                [
                    365.9716844558716,
                    365.23228883743286
                ],
                [
                    296.36210203170776,
                    375.838041305542
                ],
                [
                    317.32094287872314,
                    420.0548529624939
                ],
                [
                    383.54766368865967,
                    411.68397665023804
                ],
                [
                    341.04475378990173,
                    367.655873298645
                ]
            ],
            "provenance": "visii",
            "quaternion_xyzw": [
                -0.45397627353668213,
                0.1810884177684784,
                0.6318841576576233,
                0.6015271544456482
            ],
            "quaternion_xyzw_world": [
                -0.1516224592924118,
                -0.2991733253002167,
                -0.12126539647579193,
                0.9342380166053772
            ],
            "segmentation_id": 5,
            "visibility": 1
        },
        {
            "bounding_box_minx_maxx_miny_maxy": [
                -1,
                -1,
                -1,
                -1
            ],
            "class": "Tag",
            "local_cuboid": null,
            "local_to_world_matrix": [
                [
                    -0.17809081077575684,
                    -0.8130854368209839,
                    -0.5542343854904175,
                    0.0
                ],
                [
                    0.024935781955718994,
                    0.5593283176422119,
                    -0.828571081161499,
                    0.0
                ],
                [
                    0.9836980104446411,
                    -0.16138115525245667,
                    -0.07933628559112549,
                    0.0
                ],
                [
                    0.3202863931655884,
                    -0.12663055956363678,
                    0.2851185202598572,
                    1.0
                ]
            ],
            "location": [
                0.12663055956363678,
                0.2851185202598572,
                -0.3202863931655884
            ],
            "location_world": [
                0.3202863931655884,
                -0.12663055956363678,
                0.2851185202598572
            ],
            "name": "google_Tag_Dishtowel_Basket_Weave_Red_18_x_26_5",
            "projected_cuboid": [
                [
                    728.2581329345703,
                    -345.18665075302124
                ],
                [
                    490.3373122215271,
                    5.338609218597412
                ],
                [
                    506.06799125671387,
                    -27.31335163116455
                ],
                [
                    771.2838053703308,
                    -418.23410987854004
                ],
                [
                    460.5792164802551,
                    -451.3969421386719
                ],
                [
                    246.2186962366104,
                    -127.77814269065857
                ],
                [
                    235.80297827720642,
                    -170.98763585090637
                ],
                [
                    472.0805585384369,
                    -528.7240743637085
                ],
                [
                    481.34052753448486,
                    -257.843017578125
                ]
            ],
            "provenance": "visii",
            "quaternion_xyzw": [
                -0.952018141746521,
                0.2924216389656067,
                -0.08914534747600555,
                -0.014285579323768616
            ],
            "quaternion_xyzw_world": [
                -0.29236841201782227,
                0.6739353537559509,
                -0.3672281801700592,
                0.5705044269561768
            ],
            "segmentation_id": 6,
            "visibility": 0
        },
        {
            "bounding_box_minx_maxx_miny_maxy": [
                462,
                499,
                311,
                361
            ],
            "class": "FRACTION",
            "local_cuboid": null,
            "local_to_world_matrix": [
                [
                    -0.6870560646057129,
                    0.23476576805114746,
                    -0.6876329183578491,
                    0.0
                ],
                [
                    0.32449203729629517,
                    0.945887565612793,
                    -0.0012829452753067017,
                    0.0
                ],
                [
                    0.6501221656799316,
                    -0.22401286661624908,
                    -0.7260574102401733,
                    0.0
                ],
                [
                    1.6261955499649048,
                    -0.6715171933174133,
                    -0.2218472957611084,
                    1.0
                ]
            ],
            "location": [
                0.6715171933174133,
                -0.2218472957611084,
                -1.6261955499649048
            ],
            "location_world": [
                1.6261955499649048,
                -0.6715171933174133,
                -0.2218472957611084
            ],
            "name": "google_FRACTION_FUN_n4h4qte23QR_6",
            "projected_cuboid": [
                [
                    539.537250995636,
                    371.07521295547485
                ],
                [
                    462.1605575084686,
                    366.5929138660431
                ],
                [
                    462.23536133766174,
                    356.65419697761536
                ],
                [
                    541.0497188568115,
                    360.82231998443604
                ],
                [
                    533.5837602615356,
                    319.2521333694458
                ],
                [
                    461.7518484592438,
                    316.9010579586029
                ],
                [
                    461.8145823478699,
                    306.8351745605469
                ],
                [
                    534.8838567733765,
                    308.85353684425354
                ],
                [
                    498.8604784011841,
                    337.454617023468
                ]
            ],
            "provenance": "visii",
            "quaternion_xyzw": [
                -0.5951132774353027,
                0.6862224340438843,
                -0.382729172706604,
                -0.16869279742240906
            ],
            "quaternion_xyzw_world": [
                0.15257276594638824,
                0.9163788557052612,
                -0.0614636093378067,
                0.36495688557624817
            ],
            "segmentation_id": 7,
            "visibility": 1
        },
        {
            "bounding_box_minx_maxx_miny_maxy": [
                395,
                499,
                1,
                159
            ],
            "class": "FAIRY",
            "local_cuboid": null,
            "local_to_world_matrix": [
                [
                    -0.689978837966919,
                    0.2059789001941681,
                    -0.6939035058021545,
                    0.0
                ],
                [
                    0.43335244059562683,
                    0.8854132294654846,
                    -0.1680745780467987,
                    0.0
                ],
                [
                    0.5797715783119202,
                    -0.4166726768016815,
                    -0.7001779079437256,
                    0.0
                ],
                [
                    0.619438648223877,
                    -0.26305022835731506,
                    0.3019728660583496,
                    1.0
                ]
            ],
            "location": [
                0.26305022835731506,
                0.3019728660583496,
                -0.619438648223877
            ],
            "location_world": [
                0.619438648223877,
                -0.26305022835731506,
                0.3019728660583496
            ],
            "name": "google_FAIRY_TALE_BLOCKS_7",
            "projected_cuboid": [
                [
                    696.3144540786743,
                    168.6502993106842
                ],
                [
                    428.5002648830414,
                    218.95065903663635
                ],
                [
                    372.6240396499634,
                    52.60133743286133
                ],
                [
                    699.7243762016296,
                    -51.49981379508972
                ],
                [
                    637.7261281013489,
                    52.93421447277069
                ],
                [
                    428.8221001625061,
                    108.50213468074799
                ],
                [
                    385.5353593826294,
                    -39.28267955780029
                ],
                [
                    628.5215020179749,
                    -132.1968138217926
                ],
                [
                    523.148775100708,
                    52.79034376144409
                ]
            ],
            "provenance": "visii",
            "quaternion_xyzw": [
                -0.6208597421646118,
                0.6359394788742065,
                -0.44561249017715454,
                -0.10744187235832214
            ],
            "quaternion_xyzw_world": [
                0.17662516236305237,
                0.9049267768859863,
                -0.16154545545578003,
                0.35187241435050964
            ],
            "segmentation_id": 8,
            "visibility": 1
        },
        {
            "bounding_box_minx_maxx_miny_maxy": [
                -1,
                -1,
                -1,
                -1
            ],
            "class": "Great",
            "local_cuboid": null,
            "local_to_world_matrix": [
                [
                    -0.1890314817428589,
                    0.5610435009002686,
                    -0.805914044380188,
                    0.0
                ],
                [
                    -0.9629324674606323,
                    0.05491858720779419,
                    0.2640930712223053,
                    0.0
                ],
                [
                    0.192427396774292,
                    0.8259626626968384,
                    0.529865562915802,
                    0.0
                ],
                [
                    1.4623109102249146,
                    0.5396660566329956,
                    -0.2926265299320221,
                    1.0
                ]
            ],
            "location": [
                -0.5396660566329956,
                -0.2926265299320221,
                -1.4623109102249146
            ],
            "location_world": [
                1.4623109102249146,
                0.5396660566329956,
                -0.2926265299320221
            ],
            "name": "google_Great_Jones_Wingtip_kAqSg6EgG0I_8",
            "projected_cuboid": [
                [
                    6.115928292274475,
                    368.3304190635681
                ],
                [
                    -57.062357664108276,
                    357.6156198978424
                ],
                [
                    -18.664449453353882,
                    387.37010955810547
                ],
                [
                    38.17586600780487,
                    392.65117049217224
                ],
                [
                    32.1323424577713,
                    333.92471075057983
                ],
                [
                    -24.2442786693573,
                    315.68920612335205
                ],
                [
                    14.086157083511353,
                    344.2768454551697
                ],
                [
                    64.12766873836517,
                    357.4664294719696
                ],
                [
                    9.693548083305359,
                    357.53345489501953
                ]
            ],
            "provenance": "visii",
            "quaternion_xyzw": [
                -0.30302268266677856,
                0.7102048993110657,
                0.5254814028739929,
                -0.35728919506073
            ],
            "quaternion_xyzw_world": [
                -0.2377942055463791,
                0.4225176274776459,
                0.6449764370918274,
                0.590709924697876
            ],
            "segmentation_id": 9,
            "visibility": 0
        },
        {
            "bounding_box_minx_maxx_miny_maxy": [
                189,
                271,
                451,
                500
            ],
            "class": "Ecoforms",
            "local_cuboid": null,
            "local_to_world_matrix": [
                [
                    -0.140297532081604,
                    -0.5920109748840332,
                    -0.7936244010925293,
                    0.0
                ],
                [
                    -0.9549434185028076,
                    0.2926347851753235,
                    -0.049477845430374146,
                    0.0
                ],
                [
                    0.2615335285663605,
                    0.7509247064590454,
                    -0.6063928604125977,
                    0.0
                ],
                [
                    1.6253784894943237,
                    -0.008834307081997395,
                    -0.608829140663147,
                    1.0
                ]
            ],
            "location": [
                0.008834307081997395,
                -0.608829140663147,
                -1.6253784894943237
            ],
            "location_world": [
                1.6253784894943237,
                -0.008834307081997395,
                -0.608829140663147
            ],
            "name": "google_Ecoforms_Plant_Container_Quadra_Sand_QP6_9",
            "projected_cuboid": [
                [
                    238.3963018655777,
                    520.1025009155273
                ],
                [
                    215.59716761112213,
                    555.0594925880432
                ],
                [
                    264.8090124130249,
                    523.353099822998
                ],
                [
                    282.9509675502777,
                    490.8720552921295
                ],
                [
                    200.22174715995789,
                    464.6260142326355
                ],
                [
                    173.45140874385834,
                    492.66964197158813
                ],
                [
                    220.61417996883392,
                    459.73387360572815
                ],
                [
                    243.1155890226364,
                    434.43310260772705
                ],
                [
                    230.04207015037537,
                    491.7406141757965
                ]
            ],
            "provenance": "visii",
            "quaternion_xyzw": [
                -0.6897504329681396,
                0.3937146067619324,
                0.22132179141044617,
                -0.565906286239624
            ],
            "quaternion_xyzw_world": [
                -0.5416319370269775,
                0.7140247225761414,
                0.24559614062309265,
                0.3694402575492859
            ],
            "segmentation_id": 10,
            "visibility": 1
        },
        {
            "bounding_box_minx_maxx_miny_maxy": [
                -1,
                -1,
                -1,
                -1
            ],
            "class": "ReadytoUse",
            "local_cuboid": null,
            "local_to_world_matrix": [
                [
                    -0.8003383874893188,
                    0.00407535582780838,
                    0.5995347499847412,
                    0.0
                ],
                [
                    0.20829153060913086,
                    -0.9358001947402954,
                    0.28441619873046875,
                    0.0
                ],
                [
                    0.5622038841247559,
                    0.35250723361968994,
                    0.74810791015625,
                    0.0
                ],
                [
                    0.32005712389945984,
                    -0.13301138579845428,
                    -0.4615693986415863,
                    1.0
                ]
            ],
            "location": [
                0.13301138579845428,
                -0.4615693986415863,
                -0.32005712389945984
            ],
            "location_world": [
                0.32005712389945984,
                -0.13301138579845428,
                -0.4615693986415863
            ],
            "name": "google_ReadytoUse_Rolled_Fondant_Pure_White_24_oz_box_10",
            "projected_cuboid": [
                [
                    334.05691385269165,
                    761.3144516944885
                ],
                [
                    406.4304530620575,
                    724.5307564735413
                ],
                [
                    589.7459387779236,
                    1162.4271869659424
                ],
                [
                    498.65520000457764,
                    1229.1193008422852
                ],
                [
                    316.86118245124817,
                    748.7460374832153
                ],
                [
                    374.5778799057007,
                    719.8765277862549
                ],
                [
                    502.0917057991028,
                    1042.5848960876465
                ],
                [
                    432.91860818862915,
                    1088.0546569824219
                ],
                [
                    419.53641176223755,
                    904.3970704078674
                ]
            ],
            "provenance": "visii",
            "quaternion_xyzw": [
                0.5642942786216736,
                0.6802013516426086,
                0.19840313494205475,
                -0.423714816570282
            ],
            "quaternion_xyzw_world": [
                0.31118884682655334,
                0.17060934007167816,
                0.9333068132400513,
                -0.05470231547951698
            ],
            "segmentation_id": 11,
            "visibility": 0
        },
        {
            "bounding_box_minx_maxx_miny_maxy": [
                0,
                192,
                218,
                500
            ],
            "class": "Dog",
            "local_cuboid": null,
            "local_to_world_matrix": [
                [
                    -0.545333743095398,
                    -0.20108674466609955,
                    0.8137414455413818,
                    0.0
                ],
                [
                    -0.09729264676570892,
                    0.9794213771820068,
                    0.17682728171348572,
                    0.0
                ],
                [
                    -0.8325533866882324,
                    0.017258837819099426,
                    -0.5536757707595825,
                    0.0
                ],
                [
                    0.41766104102134705,
                    0.13661906123161316,
                    -0.051929689943790436,
                    1.0
                ]
            ],
            "location": [
                -0.13661906123161316,
                -0.051929689943790436,
                -0.41766104102134705
            ],
            "location_world": [
                0.41766104102134705,
                0.13661906123161316,
                -0.051929689943790436
            ],
            "name": "google_Dog_11",
            "projected_cuboid": [
                [
                    171.08100652694702,
                    503.1394362449646
                ],
                [
                    -454.9265503883362,
                    417.31470823287964
                ],
                [
                    -108.88174176216125,
                    143.0123746395111
                ],
                [
                    212.97526359558105,
                    203.2318413257599
                ],
                [
                    114.76421356201172,
                    757.0026516914368
                ],
                [
                    -254.55206632614136,
                    721.9239473342896
                ],
                [
                    -72.2213089466095,
                    413.9721393585205
                ],
                [
                    164.93280231952667,
                    448.5543370246887
                ],
                [
                    -0.627368688583374,
                    440.2104318141937
                ]
            ],
            "provenance": "visii",
            "quaternion_xyzw": [
                -0.2189212441444397,
                0.18920037150382996,
                -0.6030421257019043,
                -0.7433820962905884
            ],
            "quaternion_xyzw_world": [
                -0.08503037691116333,
                0.87727290391922,
                0.05530950427055359,
                -0.4691512882709503
            ],
            "segmentation_id": 12,
            "visibility": 1
        },
        {
            "bounding_box_minx_maxx_miny_maxy": [
                -1,
                -1,
                -1,
                -1
            ],
            "class": "Black",
            "local_cuboid": null,
            "local_to_world_matrix": [
                [
                    0.6264822483062744,
                    0.771376371383667,
                    -0.11179673671722412,
                    0.0
                ],
                [
                    -0.09266090393066406,
                    0.21612310409545898,
                    0.9719592332839966,
                    0.0
                ],
                [
                    0.773908257484436,
                    -0.5985560417175293,
                    0.20687377452850342,
                    0.0
                ],
                [
                    0.2909906506538391,
                    -0.35766565799713135,
                    0.5140742063522339,
                    1.0
                ]
            ],
            "location": [
                0.35766565799713135,
                0.5140742063522339,
                -0.2909906506538391
            ],
            "location_world": [
                0.2909906506538391,
                -0.35766565799713135,
                0.5140742063522339
            ],
            "name": "google_Black_Elderberry_Syrup_54_oz_Gaia_Herbs_12",
            "projected_cuboid": [
                [
                    860.64213514328,
                    -479.21645641326904
                ],
                [
                    850.2124547958374,
                    -571.5950727462769
                ],
                [
                    899.1490602493286,
                    -813.7825727462769
                ],
                [
                    912.4771356582642,
                    -683.8587522506714
                ],
                [
                    985.4829907417297,
                    -556.3939809799194
                ],
                [
                    975.864052772522,
                    -658.517599105835
                ],
                [
                    1083.4708213806152,
                    -968.8724279403687
                ],
                [
                    1094.869613647461,
                    -819.0113306045532
                ],
                [
                    947.4131464958191,
                    -669.8919534683228
                ]
            ],
            "provenance": "visii",
            "quaternion_xyzw": [
                -0.08742517232894897,
                0.9377158880233765,
                0.07985752820968628,
                0.32660168409347534
            ],
            "quaternion_xyzw_world": [
                0.5485174059867859,
                0.3093408942222595,
                0.3017732501029968,
                0.7158001065254211
            ],
            "segmentation_id": 13,
            "visibility": 0
        },
        {
            "bounding_box_minx_maxx_miny_maxy": [
                -1,
                -1,
                -1,
                -1
            ],
            "class": "Razer",
