{
    "camera_data": {
        "camera_look_at": {
            "at": [
                1.0,
                0.0,
                0.0
            ],
            "eye": [
                0.0,
                0.0,
                0.0
            ],
            "up": [
                0.0,
                0.0,
                1.0
            ]
        },
        "camera_view_matrix": [
            [
                0.0,
                0.0,
                -1.0,
                0.0
            ],
            [
                -1.0,
                0.0,
                0.0,
                0.0
            ],
            [
                0.0,
                1.0,
                0.0,
                0.0
            ],
            [
                0.0,
                0.0,
                0.0,
                1.0
            ]
        ],
        "height": 500,
        "intrinsics": {
            "cx": 250.0,
            "cy": 250.0,
            "fx": 603.5535278320312,
            "fy": 603.5535278320312
        },
        "location_world": [
            0.0,
            0.0,
            0.0
        ],
        "quaternion_world_xyzw": [
            0.5,
            -0.5,
            -0.5,
            0.5
        ],
        "width": 500
    },
    "objects": [
        {
            "bounding_box_minx_maxx_miny_maxy": [
                -1,
                -1,
                -1,
                -1
            ],
            "class": "Reebok",
            "local_cuboid": null,
            "local_to_world_matrix": [
                [
                    -0.9059149026870728,
                    0.22756122052669525,
                    0.3571193218231201,
                    0.0
                ],
                [
                    -0.3182433843612671,
                    -0.922211766242981,
                    -0.2196514904499054,
                    0.0
                ],
                [
                    0.2793554663658142,
                    -0.3126364052295685,
                    0.907865047454834,
                    0.0
                ],
                [
                    0.3217531442642212,
                    0.11320316791534424,
                    0.29595038294792175,
                    1.0
                ]
            ],
            "location": [
                -0.11320316791534424,
                0.29595038294792175,
                -0.3217531442642212
            ],
            "location_world": [
                0.3217531442642212,
                0.11320316791534424,
                0.29595038294792175
            ],
            "name": "google_Reebok_SOMERSET_RUN_0",
            "projected_cuboid": [
                [
                    -138.01923394203186,
                    -533.0268144607544
                ],
                [
                    356.1784327030182,
                    -666.0942435264587
                ],
                [
                    273.77045154571533,
                    -514.7686004638672
                ],
                [
                    -246.7632293701172,
                    -412.5281572341919
                ],
                [
                    -15.914201736450195,
                    -302.0097017288208
                ],
                [
                    369.1273331642151,
                    -337.17238903045654
                ],
                [
                    313.8292729854584,
                    -200.57091116905212
                ],
                [
                    -88.7073278427124,
                    -193.02159547805786
                ],
                [
                    80.10964095592499,
                    -372.53445386886597
                ]
            ],
            "provenance": "visii",
            "quaternion_xyzw": [
                0.5637919902801514,
                0.5672885775566101,
                0.5403372049331665,
                -0.2614535391330719
            ],
            "quaternion_xyzw_world": [
                0.16464489698410034,
                -0.13769356906414032,
                0.9664356708526611,
                0.14119011163711548
            ],
            "segmentation_id": 1,
            "visibility": 0
        },
        {
            "bounding_box_minx_maxx_miny_maxy": [
                -1,
                -1,
                -1,
                -1
            ],
            "class": "Breyer",
            "local_cuboid": null,
            "local_to_world_matrix": [
                [
                    0.19529098272323608,
                    0.9475260972976685,
                    -0.25309234857559204,
                    0.0
                ],
                [
                    -0.6098153591156006,
                    -0.0847933292388916,
                    -0.7879945039749146,
                    0.0
                ],
                [
                    -0.7681059241294861,
                    0.3082277774810791,
                    0.5612565875053406,
                    0.0
                ],
                [
                    0.43109989166259766,
                    0.12902872264385223,
                    -0.30127719044685364,
                    1.0
                ]
            ],
            "location": [
                -0.12902872264385223,
                -0.30127719044685364,
                -0.43109989166259766
            ],
            "location_world": [
                0.43109989166259766,
                0.12902872264385223,
                -0.30127719044685364
            ],
            "name": "google_Breyer_Horse_Of_The_Year_2015_1",
            "projected_cuboid": [
                [
                    -248.53944778442383,
                    641.7743563652039
                ],
                [
                    -294.86387968063354,
                    772.68385887146
                ],
                [
                    -80.7681679725647,
                    750.4690885543823
                ],
                [
                    -62.20093369483948,
                    654.1620492935181
                ],
                [
                    111.15963757038116,
                    583.9790105819702
                ],
                [
                    103.99699211120605,
                    729.257345199585
                ],
                [
                    221.89874947071075,
                    717.6433801651001
                ],
                [
                    217.2514647245407,
                    613.7818098068237
                ],
                [
                    -1.4108121395111084,
                    681.6295981407166
                ]
            ],
            "provenance": "visii",
            "quaternion_xyzw": [
                -0.1345013976097107,
                0.3128201365470886,
                0.9358987808227539,
                -0.09025698900222778
            ],
            "quaternion_xyzw_world": [
                -0.42391854524612427,
                -0.1991601586341858,
                0.6022372841835022,
                0.6464816927909851
            ],
            "segmentation_id": 2,
            "visibility": 0
        },
        {
            "bounding_box_minx_maxx_miny_maxy": [
                0,
                57,
                13,
                57
            ],
            "class": "Smith",
            "local_cuboid": null,
            "local_to_world_matrix": [
                [
                    -0.9214870929718018,
                    0.36797070503234863,
                    0.12433554232120514,
                    0.0
                ],
                [
                    0.046592459082603455,
                    -0.21308112144470215,
                    0.9759230613708496,
                    0.0
                ],
                [
                    0.3856046199798584,
                    0.9050934314727783,
                    0.17920666933059692,
                    0.0
                ],
                [
                    1.7375633716583252,
                    0.5591892600059509,
                    0.49141937494277954,
                    1.0
                ]
            ],
            "location": [
                -0.5591892600059509,
                0.49141937494277954,
                -1.7375633716583252
            ],
            "location_world": [
                1.7375633716583252,
                0.5591892600059509,
                0.49141937494277954
            ],
            "name": "google_Smith_Hawken_Woven_BasketTray_Organizer_with_3_Compartments_95_x_9_x_13_2",
            "projected_cuboid": [
                [
                    -74.282705783844,
                    92.92180836200714
                ],
                [
                    -52.27130651473999,
                    3.8280636072158813
                ],
                [
                    20.939737558364868,
                    6.083056330680847
                ],
                [
                    -1.967787742614746,
                    101.09205543994904
                ],
                [
                    19.60735023021698,
                    132.5368583202362
                ],
                [
                    37.42527961730957,
                    57.916492223739624
                ],
                [
                    102.76028513908386,
                    62.71389126777649
                ],
                [
                    84.38238501548767,
                    141.43913984298706
                ],
                [
                    20.194634795188904,
                    76.80164277553558
                ]
            ],
            "provenance": "visii",
            "quaternion_xyzw": [
                0.10211625695228577,
                0.8260596990585327,
                0.04013457149267197,
                -0.5527991652488708
            ],
            "quaternion_xyzw_world": [
                0.16762109100818634,
                0.6183040142059326,
                0.760554850101471,
                0.10563940554857254
            ],
            "segmentation_id": 3,
            "visibility": 1
        },
        {
            "bounding_box_minx_maxx_miny_maxy": [
                293,
                370,
                1,
                43
            ],
            "class": "Paul",
            "local_cuboid": null,
            "local_to_world_matrix": [
                [
                    0.6800096035003662,
                    -0.655426025390625,
                    0.32863903045654297,
                    0.0
                ],
                [
                    -0.5631494522094727,
                    -0.17986059188842773,
                    0.8065437078475952,
                    0.0
                ],
                [
                    -0.4695205092430115,
                    -0.7335304021835327,
                    -0.4914097785949707,
                    0.0
                ],
                [
                    1.714627742767334,
                    -0.18753500282764435,
                    0.703682541847229,
                    1.0
                ]
            ],
            "location": [
                0.18753500282764435,
                0.703682541847229,
                -1.714627742767334
            ],
            "location_world": [
                1.714627742767334,
                -0.18753500282764435,
                0.703682541847229
            ],
            "name": "google_Paul_Frank_Dot_Lunch_Box_3",
            "projected_cuboid": [
                [
                    401.98761224746704,
                    43.818533420562744
                ],
                [
                    414.5706295967102,
                    4.743456840515137
                ],
                [
                    346.56208753585815,
                    -18.986433744430542
                ],
                [
                    336.9787931442261,
                    18.55461299419403
                ],
                [
                    352.2208333015442,
                    53.72072756290436
                ],
                [
                    364.2852306365967,
                    10.34042239189148
                ],
                [
                    292.073518037796,
                    -16.43681526184082
                ],
                [
                    283.4535241127014,
                    25.072067975997925
                ],
                [
                    349.1978645324707,
                    14.878913760185242
                ]
            ],
            "provenance": "visii",
            "quaternion_xyzw": [
                0.30796176195144653,
                0.4127945005893707,
                0.04344761371612549,
                0.8560797572135925
            ],
            "quaternion_xyzw_world": [
                0.766694188117981,
                -0.3973473012447357,
                -0.04593796283006668,
                0.5021800398826599
            ],
            "segmentation_id": 4,
            "visibility": 1
        },
        {
            "bounding_box_minx_maxx_miny_maxy": [
                211,
                224,
                330,
                359
            ],
            "class": "Toys",
            "local_cuboid": null,
            "local_to_world_matrix": [
                [
                    0.8629735112190247,
                    -0.49956488609313965,
                    0.07557529211044312,
                    0.0
                ],
                [
                    -0.4355413317680359,
                    -0.6597269773483276,
                    0.6124247312545776,
                    0.0
                ],
                [
                    -0.2560868561267853,
                    -0.5614224672317505,
                    -0.7869080305099487,
                    0.0
                ],
                [
                    1.7154866456985474,
                    0.07414916902780533,
                    -0.2288660854101181,
                    1.0
                ]
            ],
            "location": [
                -0.07414916902780533,
                -0.2288660854101181,
                -1.7154866456985474
            ],
            "location_world": [
                1.7154866456985474,
                0.07414916902780533,
                -0.2288660854101181
            ],
            "name": "google_Toys_R_Us_Treat_Dispenser_Smart_Puzzle_Foobler_4",
            "projected_cuboid": [
                [
                    249.94993209838867,
                    382.79804587364197
                ],
                [
                    285.7973277568817,
                    354.72649335861206
                ],
                [
                    255.25733828544617,
                    310.69475412368774
                ],
                [
                    221.3132381439209,
                    339.78426456451416
                ],
                [
                    221.55094146728516,
                    397.88618683815
                ],
                [
                    259.22760367393494,
                    368.0780231952667
                ],
                [
                    226.80950164794922,
                    320.081502199173
                ],
                [
                    191.3047581911087,
                    351.10586881637573
                ],
                [
                    238.92982304096222,
                    352.9306948184967
                ]
            ],
            "provenance": "visii",
            "quaternion_xyzw": [
                0.3971943259239197,
                0.4628101587295532,
                -0.1898006796836853,
                0.7694277763366699
            ],
            "quaternion_xyzw_world": [
                0.9096164703369141,
                -0.25700563192367554,
                -0.049612000584602356,
                0.3226214647293091
            ],
            "segmentation_id": 5,
            "visibility": 1
        },
        {
            "bounding_box_minx_maxx_miny_maxy": [
                -1,
                -1,
                -1,
                -1
            ],
            "class": "Tag",
            "local_cuboid": null,
            "local_to_world_matrix": [
                [
                    -0.5859445333480835,
                    -0.8095427751541138,
                    0.03618624806404114,
                    0.0
                ],
                [
                    -0.8102923631668091,
                    0.5858556032180786,
                    -0.014127570204436779,
                    0.0
                ],
                [
                    -0.009763042442500591,
                    -0.037599410861730576,
                    -0.9992451667785645,
                    0.0
                ],
                [
                    0.31668904423713684,
                    -0.13864555954933167,
                    0.27217650413513184,
                    1.0
                ]
            ],
            "location": [
                0.13864555954933167,
                0.27217650413513184,
                -0.31668904423713684
            ],
            "location_world": [
                0.31668904423713684,
                -0.13864555954933167,
                0.27217650413513184
            ],
            "name": "google_Tag_Dishtowel_Basket_Weave_Red_18_x_26_5",
            "projected_cuboid": [
                [
                    713.3470773696899,
                    -154.7715961933136
                ],
                [
                    742.9185509681702,
                    -587.0910286903381
                ],
                [
                    737.3616695404053,
                    -707.281231880188
                ],
                [
                    710.7217311859131,
                    -212.56506443023682
                ],
                [
                    432.14696645736694,
                    -58.94869565963745
                ],
                [
                    255.7310163974762,
                    -266.0306692123413
                ],
                [
                    252.82058119773865,
                    -342.5441384315491
                ],
                [
                    430.2977919578552,
                    -104.29415106773376
                ],
                [
                    515.2766704559326,
                    -235.53168773651123
                ]
            ],
            "provenance": "visii",
            "quaternion_xyzw": [
                -0.6734068393707275,
                0.20406284928321838,
                -0.23148855566978455,
                -0.6717846393585205
            ],
            "quaternion_xyzw_world": [
                -0.45482003688812256,
                0.8903714418411255,
                -0.014523989520967007,
                -0.01290171965956688
            ],
            "segmentation_id": 6,
            "visibility": 0
        },
        {
            "bounding_box_minx_maxx_miny_maxy": [
                257,
                329,
                230,
                296
            ],
            "class": "FRACTION",
            "local_cuboid": null,
            "local_to_world_matrix": [
                [
                    0.5959303379058838,
                    0.7822456359863281,
                    -0.1815459132194519,
                    0.0
                ],
                [
                    0.012006372213363647,
                    0.21736985445022583,
                    0.9760155081748962,
                    0.0
                ],
                [
                    0.8029463887214661,
                    -0.5838169455528259,
                    0.12014532089233398,
                    0.0
                ],
                [
                    1.3404690027236938,
                    -0.0965544581413269,
                    -0.05632905662059784,
                    1.0
                ]
            ],
            "location": [
                0.0965544581413269,
                -0.05632905662059784,
                -1.3404690027236938
            ],
            "location_world": [
                1.3404690027236938,
                -0.0965544581413269,
                -0.05632905662059784
            ],
            "name": "google_FRACTION_FUN_n4h4qte23QR_6",
            "projected_cuboid": [
                [
                    281.3798487186432,
                    317.36814975738525
                ],
                [
                    263.9639377593994,
                    239.28560316562653
                ],
                [
                    253.24591994285583,
                    241.2935048341751
                ],
                [
                    271.08439803123474,
                    321.3522732257843
                ],
                [
                    346.4101552963257,
                    308.1698417663574
                ],
                [
                    327.5100290775299,
                    223.94856810569763
                ],
                [
                    317.6570236682892,
                    225.70082545280457
                ],
                [
                    337.056040763855,
                    312.2258484363556
                ],
                [
                    298.6015975475311,
                    273.8512456417084
                ]
            ],
            "provenance": "visii",
            "quaternion_xyzw": [
                -0.10569456219673157,
                0.9435580968856812,
                0.028651922941207886,
                0.3125793933868408
            ],
            "quaternion_xyzw_world": [
                0.5608955025672913,
                0.354010671377182,
                0.2769680321216583,
                0.6952419877052307
            ],
            "segmentation_id": 7,
            "visibility": 1
        },
        {
            "bounding_box_minx_maxx_miny_maxy": [
                358,
                499,
                1,
                95
            ],
            "class": "FAIRY",
            "local_cuboid": null,
            "local_to_world_matrix": [
                [
                    -0.2881664037704468,
                    0.8238149285316467,
                    -0.48814868927001953,
                    0.0
                ],
                [
                    0.9554876685142517,
                    0.28105419874191284,
                    -0.08973218500614166,
                    0.0
                ],
                [
                    0.06327353417873383,
                    -0.4922778606414795,
                    -0.8681354522705078,
                    0.0
                ],
                [
                    0.5858196020126343,
                    -0.21910609304904938,
                    0.3697531521320343,
                    1.0
                ]
            ],
            "location": [
                0.21910609304904938,
                0.3697531521320343,
                -0.5858196020126343
            ],
            "location_world": [
                0.5858196020126343,
                -0.21910609304904938,
                0.3697531521320343
            ],
            "name": "google_FAIRY_TALE_BLOCKS_7",
            "projected_cuboid": [
                [
                    613.659143447876,
                    74.54781234264374
                ],
                [
                    415.2222275733948,
                    159.66320037841797
                ],
                [
                    320.6900656223297,
                    -15.009522438049316
                ],
                [
                    469.19047832489014,
                    -207.46177434921265
                ],
                [
                    804.6963810920715,
                    -44.266581535339355
                ],
                [
                    561.3600015640259,
                    72.36120104789734
                ],
                [
                    478.6074757575989,
                    -87.28986978530884
                ],
                [
                    686.5242719650269,
                    -288.97637128829956
                ],
                [
                    528.4448862075806,
                    -27.567803859710693
                ]
            ],
            "provenance": "visii",
            "quaternion_xyzw": [
                -0.28687575459480286,
                0.6703276038169861,
                -0.6801238059997559,
                0.07612379640340805
            ],
            "quaternion_xyzw_world": [
                0.5698497295379639,
                0.7806016802787781,
                -0.18639789521694183,
                0.17660167813301086
            ],
            "segmentation_id": 8,
            "visibility": 1
        },
        {
            "bounding_box_minx_maxx_miny_maxy": [
                -1,
                -1,
                -1,
                -1
            ],
            "class": "Great",
            "local_cuboid": null,
            "local_to_world_matrix": [
                [
                    0.5049588680267334,
                    -0.3788245916366577,
                    0.77556973695755,
                    0.0
                ],
                [
                    -0.6244490146636963,
                    0.4599893093109131,
                    0.631247341632843,
                    0.0
                ],
                [
                    -0.5958858132362366,
                    -0.8030577301979065,
                    -0.0042809247970581055,
                    0.0
                ],
                [
                    1.590450406074524,
                    0.5408065319061279,
                    -0.20832471549510956,
                    1.0
                ]
            ],
            "location": [
                -0.5408065319061279,
                -0.20832471549510956,
                -1.590450406074524
            ],
            "location_world": [
                1.590450406074524,
                0.5408065319061279,
                -0.20832471549510956
            ],
            "name": "google_Great_Jones_Wingtip_kAqSg6EgG0I_8",
            "projected_cuboid": [
                [
                    119.40544843673706,
                    346.75121307373047
                ],
                [
                    42.29550063610077,
                    277.9286503791809
                ],
                [
                    15.308946371078491,
                    276.49107575416565
                ],
                [
                    92.43743121623993,
                    342.7586257457733
                ],
                [
                    98.82177412509918,
                    382.87240266799927
                ],
                [
                    15.741482377052307,
                    316.32000207901
                ],
                [
                    -11.051446199417114,
                    313.05116415023804
                ],
                [
                    71.78160548210144,
                    377.2697150707245
                ],
                [
                    58.01624059677124,
                    330.892950296402
                ]
            ],
            "provenance": "visii",
            "quaternion_xyzw": [
                0.19473791122436523,
                0.4051348567008972,
                0.3826924264431,
                0.8071489930152893
            ],
            "quaternion_xyzw_world": [
                0.5121646523475647,
                -0.48972222208976746,
                0.08770809322595596,
                0.700119137763977
            ],
            "segmentation_id": 9,
            "visibility": 0
        },
        {
            "bounding_box_minx_maxx_miny_maxy": [
                181,
                261,
                401,
                423
            ],
            "class": "Ecoforms",
            "local_cuboid": null,
            "local_to_world_matrix": [
                [
                    -0.17803311347961426,
                    0.1369377076625824,
                    0.9744497537612915,
                    0.0
                ],
                [
                    0.8136328458786011,
                    0.5774468183517456,
                    0.06750407814979553,
                    0.0
                ],
                [
                    -0.5534490346908569,
                    0.8048622608184814,
                    -0.21422171592712402,
                    0.0
                ],
                [
                    1.6808011531829834,
                    -0.012776385992765427,
                    -0.4930480718612671,
                    1.0
                ]
            ],
            "location": [
                0.012776385992765427,
                -0.4930480718612671,
                -1.6808011531829834
            ],
            "location_world": [
                1.6808011531829834,
                -0.012776385992765427,
                -0.4930480718612671
            ],
            "name": "google_Ecoforms_Plant_Container_Quadra_Sand_QP6_9",
            "projected_cuboid": [
                [
                    217.27311611175537,
                    429.0132224559784
                ],
                [
                    180.13548851013184,
                    407.5084924697876
                ],
                [
                    230.89350759983063,
                    386.5578770637512
                ],
                [
                    270.79707384109497,
                    404.75553274154663
                ],
                [
                    228.3012866973877,
                    498.349130153656
                ],
                [
                    190.8976137638092,
                    470.9002673625946
                ],
                [
                    240.12109637260437,
                    447.0188021659851
                ],
                [
                    280.07104992866516,
                    470.6079065799713
                ],
                [
                    229.68228161334991,
                    438.7923777103424
                ]
            ],
            "provenance": "visii",
            "quaternion_xyzw": [
                -0.24602290987968445,
                -0.403420627117157,
                0.6369620561599731,
                0.609100878238678
            ],
            "quaternion_xyzw_world": [
                -0.3386523723602295,
                -0.7017303109169006,
                -0.31079116463661194,
                0.5443326234817505
            ],
            "segmentation_id": 10,
            "visibility": 1
        },
        {
            "bounding_box_minx_maxx_miny_maxy": [
                -1,
                -1,
                -1,
                -1
            ],
            "class": "ReadytoUse",
            "local_cuboid": null,
            "local_to_world_matrix": [
                [
                    -0.6527942419052124,
                    0.6610579490661621,
                    -0.36994874477386475,
                    0.0
                ],
                [
                    -0.4515864849090576,
                    -0.7316856384277344,
                    -0.5105937123298645,
                    0.0
                ],
                [
                    -0.6082181930541992,
                    -0.16624875366687775,
                    0.7761649489402771,
                    0.0
                ],
                [
                    0.27768728137016296,
                    -0.1671140491962433,
                    -0.5062180757522583,
                    1.0
                ]
            ],
            "location": [
                0.1671140491962433,
                -0.5062180757522583,
                -0.27768728137016296
            ],
            "location_world": [
                0.27768728137016296,
                -0.1671140491962433,
                -0.5062180757522583
            ],
            "name": "google_ReadytoUse_Rolled_Fondant_Pure_White_24_oz_box_10",
            "projected_cuboid": [
                [
                    814.3259882926941,
                    1835.4461193084717
                ],
                [
                    1089.2376899719238,
                    2239.7046089172363
                ],
                [
                    635.4953646659851,
                    1688.6898279190063
                ],
                [
                    514.1322612762451,
                    1499.8804330825806
                ],
                [
                    830.7937979698181,
                    1158.1920385360718
                ],
                [
                    1000.3924369812012,
                    1331.2621116638184
                ],
                [
                    693.9937472343445,
                    1227.1450757980347
                ],
                [
                    598.0145931243896,
                    1115.123987197876
                ],
                [
                    732.9362630844116,
                    1424.0065813064575
                ]
            ],
            "provenance": "visii",
            "quaternion_xyzw": [
                0.24562042951583862,
                0.3681868314743042,
                0.8336471319198608,
                -0.3303658962249756
            ],
            "quaternion_xyzw_world": [
                -0.2751028835773468,
                -0.19035738706588745,
                0.8889101147651672,
                0.312923789024353
            ],
            "segmentation_id": 11,
            "visibility": 0
        },
        {
            "bounding_box_minx_maxx_miny_maxy": [
                220,
                499,
                164,
                459
            ],
            "class": "Dog",
            "local_cuboid": null,
            "local_to_world_matrix": [
                [
                    -0.20377135276794434,
                    -0.5714839100837708,
                    0.7949109077453613,
                    0.0
                ],
                [
                    -0.7961069941520691,
                    -0.3758516311645508,
                    -0.4742881655693054,
                    0.0
                ],
                [
                    0.5698165893554688,
                    -0.7294804453849792,
                    -0.3783745765686035,
                    0.0
                ],
                [
                    0.4292188882827759,
                    -0.04688685014843941,
                    -0.04264070466160774,
                    1.0
                ]
            ],
            "location": [
                0.04688685014843941,
                -0.04264070466160774,
                -0.4292188882827759
            ],
            "location_world": [
                0.4292188882827759,
                -0.04688685014843941,
                -0.04264070466160774
            ],
            "name": "google_Dog_11",
            "projected_cuboid": [
                [
                    479.45934534072876,
                    229.66673970222473
                ],
                [
                    651.0963439941406,
                    342.8579568862915
                ],
                [
                    523.4693884849548,
                    237.09510266780853
                ],
                [
                    350.62938928604126,
                    129.79471683502197
                ],
                [
                    337.38505840301514,
                    405.19803762435913
                ],
                [
                    449.6656060218811,
                    560.4333877563477
                ],
                [
                    277.47610211372375,
                    533.2850217819214
                ],
                [
                    189.46613371372223,
                    352.1898686885834
                ],
                [
                    400.79236030578613,
                    347.9178547859192
                ]
            ],
            "provenance": "visii",
            "quaternion_xyzw": [
                0.8086390495300293,
                0.36195459961891174,
                0.28852543234825134,
                0.3631044030189514
            ],
            "quaternion_xyzw_world": [
                0.6225863099098206,
                -0.5491571426391602,
                0.5480073690414429,
                0.10247264802455902
            ],
            "segmentation_id": 12,
            "visibility": 1
        },
        {
            "bounding_box_minx_maxx_miny_maxy": [
                -1,
                -1,
                -1,
                -1
            ],
            "class": "Black",
            "local_cuboid": null,
            "local_to_world_matrix": [
                [
                    0.16597676277160645,
                    -0.7991896867752075,
                    -0.577708899974823,
                    0.0
                ],
                [
                    -0.6285642385482788,
                    -0.5371415615081787,
                    0.5624821186065674,
                    0.0
                ],
                [
                    -0.75984126329422,
                    0.2697681486606598,
                    -0.5914950370788574,
                    0.0
                ],
                [
                    0.32564613223075867,
                    -0.4011367857456207,
                    0.3547832667827606,
                    1.0
                ]
            ],
            "location": [
                0.4011367857456207,
                0.3547832667827606,
                -0.32564613223075867
            ],
            "location_world": [
                0.32564613223075867,
                -0.4011367857456207,
                0.3547832667827606
            ],
            "name": "google_Black_Elderberry_Syrup_54_oz_Gaia_Herbs_12",
            "projected_cuboid": [
                [
                    1182.9097270965576,
                    -346.3566303253174
                ],
                [
                    1449.8863220214844,
                    -555.7941794395447
                ],
                [
                    1101.3541221618652,
                    -436.99097633361816
                ],
                [
                    955.8355808258057,
                    -306.3775300979614
                ],
                [
                    1101.270079612732,
                    -457.9455852508545
                ],
                [
                    1365.64040184021,
                    -699.3042230606079
                ],
                [
                    1036.901593208313,
                    -524.4343280792236
                ],
                [
                    894.3699598312378,
                    -380.6045651435852
                ],
                [
                    1101.318597793579,
                    -445.8686113357544
                ]
            ],
            "provenance": "visii",
            "quaternion_xyzw": [
                0.3452775776386261,
                -0.02937301993370056,
                -0.31550338864326477,
                0.8833901882171631
            ],
            "quaternion_xyzw_world": [
                0.7573990821838379,
                -0.4712687134742737,
                -0.44149452447891235,
                0.09661813080310822
            ],
            "segmentation_id": 13,
            "visibility": 0
        },
        {
            "bounding_box_minx_maxx_miny_maxy": [
                -1,
                -1,
                -1,
                -1
            ],
