{
    "camera_data": {
        "camera_look_at": {
            "at": [
                1.0,
                0.0,
                0.0
            ],
            "eye": [
                0.0,
                0.0,
                0.0
            ],
            "up": [
                0.0,
                0.0,
                1.0
            ]
        },
        "camera_view_matrix": [
            [
                0.0,
                0.0,
                -1.0,
                0.0
            ],
            [
                -1.0,
                0.0,
                0.0,
                0.0
            ],
            [
                0.0,
                1.0,
                0.0,
                0.0
            ],
            [
                0.0,
                0.0,
                0.0,
                1.0
            ]
        ],
        "height": 500,
        "intrinsics": {
            "cx": 250.0,
            "cy": 250.0,
            "fx": 603.5535278320312,
            "fy": 603.5535278320312
        },
        "location_world": [
            0.0,
            0.0,
            0.0
        ],
        "quaternion_world_xyzw": [
            0.5,
            -0.5,
            -0.5,
            0.5
        ],
        "width": 500
    },
    "objects": [
        {
            "bounding_box_minx_maxx_miny_maxy": [
                -1,
                -1,
                -1,
                -1
            ],
            "class": "Reebok",
            "local_cuboid": null,
            "local_to_world_matrix": [
                [
                    0.4143233895301819,
                    -0.44629669189453125,
                    -0.7931931614875793,
                    0.0
                ],
                [
                    0.9101296663284302,
                    0.20288217067718506,
                    0.3612516522407532,
                    0.0
                ],
                [
                    -0.0003007054328918457,
                    -0.8715836405754089,
                    0.4902467131614685,
                    0.0
                ],
                [
                    0.2390424907207489,
                    0.2244233340024948,
                    0.30558931827545166,
                    1.0
                ]
            ],
            "location": [
                -0.2244233340024948,
                0.30558931827545166,
                -0.2390424907207489
            ],
            "location_world": [
                0.2390424907207489,
                0.2244233340024948,
                0.30558931827545166
            ],
            "name": "google_Reebok_SOMERSET_RUN_0",
            "projected_cuboid": [
                [
                    -69.72295045852661,
                    -987.3522520065308
                ],
                [
                    54.98048663139343,
                    -315.42980670928955
                ],
                [
                    -99.40114617347717,
                    -228.53389382362366
                ],
                [
                    -542.3140525817871,
                    -721.1470007896423
                ],
                [
                    -620.0459599494934,
                    -2345.104932785034
                ],
                [
                    -58.33819508552551,
                    -546.1690425872803
                ],
                [
                    -233.40612649917603,
                    -447.6000666618347
                ],
                [
                    -1360.4530096054077,
                    -1927.3362159729004
                ],
                [
                    -189.17006254196167,
                    -593.4703350067139
                ]
            ],
            "provenance": "visii",
            "quaternion_xyzw": [
                -0.5207552909851074,
                0.47818779945373535,
                -0.21951782703399658,
                0.6722813844680786
            ],
            "quaternion_xyzw_world": [
                0.42461585998535156,
                0.27308976650238037,
                -0.46718335151672363,
                0.7258533239364624
            ],
            "segmentation_id": 1,
            "visibility": 0
        },
        {
            "bounding_box_minx_maxx_miny_maxy": [
                -1,
                -1,
                -1,
                -1
            ],
            "class": "Breyer",
            "local_cuboid": null,
            "local_to_world_matrix": [
                [
                    -0.5451866388320923,
                    -0.6888923048973083,
                    -0.477701872587204,
                    0.0
                ],
                [
                    0.6748978495597839,
                    -0.0226595401763916,
                    -0.7375631928443909,
                    0.0
                ],
                [
                    0.4972771108150482,
                    -0.7245095372200012,
                    0.4772855043411255,
                    0.0
                ],
                [
                    0.40424463152885437,
                    0.3956405520439148,
                    -0.11624862253665924,
                    1.0
                ]
            ],
            "location": [
                -0.3956405520439148,
                -0.11624862253665924,
                -0.40424463152885437
            ],
            "location_world": [
                0.40424463152885437,
                0.3956405520439148,
                -0.11624862253665924
            ],
            "name": "google_Breyer_Horse_Of_The_Year_2015_1",
            "projected_cuboid": [
                [
                    -57.50030279159546,
                    374.08921122550964
                ],
                [
                    -28.514206409454346,
                    421.4469790458679
                ],
                [
                    -270.7524299621582,
                    578.5096287727356
                ],
                [
                    -335.53504943847656,
                    538.8646721839905
                ],
                [
                    -166.259765625,
                    218.0667370557785
                ],
                [
                    -136.2459361553192,
                    265.61370491981506
                ],
                [
                    -332.9455852508545,
                    358.0739200115204
                ],
                [
                    -385.00159978866577,
                    310.4785978794098
                ],
                [
                    -208.93815159797668,
                    365.28411507606506
                ]
            ],
            "provenance": "visii",
            "quaternion_xyzw": [
                0.8549463152885437,
                -0.1330617070198059,
                0.3712795078754425,
                -0.3369169235229492
            ],
            "quaternion_xyzw_world": [
                0.006844095885753632,
                -0.5111852884292603,
                0.7150405049324036,
                -0.47682270407676697
            ],
            "segmentation_id": 2,
            "visibility": 0
        },
        {
            "bounding_box_minx_maxx_miny_maxy": [
                0,
                83,
                100,
                196
            ],
            "class": "Smith",
            "local_cuboid": null,
            "local_to_world_matrix": [
                [
                    -0.9812078475952148,
                    -0.17566891014575958,
                    0.07982312142848969,
                    0.0
                ],
                [
                    -0.07934276759624481,
                    -0.009768009185791016,
                    -0.9967995882034302,
                    0.0
                ],
                [
                    0.1758863776922226,
                    -0.9844008684158325,
                    -0.004353761672973633,
                    0.0
                ],
                [
                    1.7881532907485962,
                    0.7728612422943115,
                    0.30819812417030334,
                    1.0
                ]
            ],
            "location": [
                -0.7728612422943115,
                0.30819812417030334,
                -1.7881532907485962
            ],
            "location_world": [
                1.7881532907485962,
                0.7728612422943115,
                0.30819812417030334
            ],
            "name": "google_Smith_Hawken_Woven_BasketTray_Organizer_with_3_Compartments_95_x_9_x_13_2",
            "projected_cuboid": [
                [
                    77.18060910701752,
                    86.59961819648743
                ],
                [
                    75.95981657505035,
                    178.5360425710678
                ],
                [
                    -28.893589973449707,
                    175.9854555130005
                ],
                [
                    -26.31637454032898,
                    81.40143752098083
                ],
                [
                    88.51273357868195,
                    123.78248572349548
                ],
                [
                    87.62332797050476,
                    199.8472809791565
                ],
                [
                    2.034112811088562,
                    198.2736587524414
                ],
                [
                    3.829777240753174,
                    120.40524184703827
                ],
                [
                    36.63948178291321,
                    146.84712886810303
                ]
            ],
            "provenance": "visii",
            "quaternion_xyzw": [
                0.7662171125411987,
                0.029231607913970947,
                0.6413353681564331,
                0.027308344841003418
            ],
            "quaternion_xyzw_world": [
                0.09071085602045059,
                -0.7028146386146545,
                0.7047379016876221,
                -0.034170906990766525
            ],
            "segmentation_id": 3,
            "visibility": 1
        },
        {
            "bounding_box_minx_maxx_miny_maxy": [
                278,
                385,
                21,
                55
            ],
            "class": "Paul",
            "local_cuboid": null,
            "local_to_world_matrix": [
                [
                    0.3601686954498291,
                    -0.9263907670974731,
                    -0.10990282893180847,
                    0.0
                ],
                [
                    -0.2588582932949066,
                    -0.212427020072937,
                    0.9422670602798462,
                    0.0
                ],
                [
                    -0.8962538242340088,
                    -0.31092584133148193,
                    -0.3163135051727295,
                    0.0
                ],
                [
                    1.7173100709915161,
                    -0.18901678919792175,
                    0.6257541179656982,
                    1.0
                ]
            ],
            "location": [
                0.18901678919792175,
                0.6257541179656982,
                -1.7173100709915161
            ],
            "location_world": [
                1.7173100709915161,
                -0.18901678919792175,
                0.6257541179656982
            ],
            "name": "google_Paul_Frank_Dot_Lunch_Box_3",
            "projected_cuboid": [
                [
                    392.97446608543396,
                    62.89295852184296
                ],
                [
                    404.53052520751953,
                    19.728228449821472
                ],
                [
                    361.3091707229614,
                    21.778196096420288
                ],
                [
                    351.78279876708984,
                    59.86464023590088
                ],
                [
                    302.38160490989685,
                    39.0285849571228
                ],
                [
                    312.9470944404602,
                    -7.424473762512207
                ],
                [
                    278.749942779541,
                    -1.847386360168457
                ],
                [
                    270.05648612976074,
                    38.776710629463196
                ],
                [
                    334.35529470443726,
                    29.668644070625305
                ]
            ],
            "provenance": "visii",
            "quaternion_xyzw": [
                0.14821432530879974,
                0.17293237149715424,
                -0.08306023478507996,
                0.9701690673828125
            ],
            "quaternion_xyzw_world": [
                0.6871879696846008,
                -0.43119537830352783,
                -0.36604127287864685,
                0.4559134244918823
            ],
            "segmentation_id": 4,
            "visibility": 1
        },
        {
            "bounding_box_minx_maxx_miny_maxy": [
                -1,
                -1,
                -1,
                -1
            ],
            "class": "Toys",
            "local_cuboid": null,
            "local_to_world_matrix": [
                [
                    0.8635492920875549,
                    0.4917167127132416,
                    0.11179140210151672,
                    0.0
                ],
                [
                    0.5028927326202393,
                    -0.8561115264892578,
                    -0.11904564499855042,
                    0.0
                ],
                [
                    0.037169184535741806,
                    0.15902087092399597,
                    -0.9865752458572388,
                    0.0
                ],
                [
                    1.3680049180984497,
                    -0.5730218291282654,
                    -0.5416667461395264,
                    1.0
                ]
            ],
            "location": [
                0.5730218291282654,
                -0.5416667461395264,
                -1.3680049180984497
            ],
            "location_world": [
                1.3680049180984497,
                -0.5730218291282654,
                -0.5416667461395264
            ],
            "name": "google_Toys_R_Us_Treat_Dispenser_Smart_Puzzle_Foobler_4",
            "projected_cuboid": [
                [
                    441.4796233177185,
                    540.7191514968872
                ],
                [
                    485.2221608161926,
                    532.9833030700684
                ],
                [
                    496.1283206939697,
                    472.06491231918335
                ],
                [
                    452.81174778938293,
                    476.4551520347595
                ],
                [
                    497.8606700897217,
                    579.5798301696777
                ],
                [
                    542.7036285400391,
                    568.8406229019165
                ],
                [
                    554.9420118331909,
                    502.000093460083
                ],
                [
                    510.6468200683594,
                    508.6901783943176
                ],
                [
                    496.9296455383301,
                    521.7968225479126
                ]
            ],
            "provenance": "visii",
            "quaternion_xyzw": [
                0.4075837731361389,
                0.5936834216117859,
                -0.6272147297859192,
                0.29667678475379944
            ],
            "quaternion_xyzw_world": [
                0.9625793695449829,
                0.25831881165504456,
                0.038687873631715775,
                -0.0722191110253334
            ],
            "segmentation_id": 5,
            "visibility": 0
        },
        {
            "bounding_box_minx_maxx_miny_maxy": [
                383,
                499,
                1,
                109
            ],
            "class": "Tag",
            "local_cuboid": null,
            "local_to_world_matrix": [
                [
                    -0.6743890047073364,
                    0.033366888761520386,
                    0.7376219034194946,
                    0.0
                ],
                [
                    0.4246433973312378,
                    -0.799717903137207,
                    0.42441651225090027,
                    0.0
                ],
                [
                    0.604050874710083,
                    0.5994480848312378,
                    0.5251518487930298,
                    0.0
                ],
                [
                    0.2916650176048279,
                    -0.17338687181472778,
                    0.1747484803199768,
                    1.0
                ]
            ],
            "location": [
                0.17338687181472778,
                0.1747484803199768,
                -0.2916650176048279
            ],
            "location_world": [
                0.2916650176048279,
                -0.17338687181472778,
                0.1747484803199768
            ],
            "name": "google_Tag_Dishtowel_Basket_Weave_Red_18_x_26_5",
            "projected_cuboid": [
                [
                    415.438175201416,
                    -354.94112968444824
                ],
                [
                    730.7575941085815,
                    -354.3859124183655
                ],
                [
                    810.8794093132019,
                    -360.29767990112305
                ],
                [
                    502.53772735595703,
                    -364.0819191932678
                ],
                [
                    366.8426275253296,
                    98.51326048374176
                ],
                [
                    607.2369813919067,
                    -7.973849773406982
                ],
                [
                    657.7283143997192,
                    6.111577153205872
                ],
                [
                    417.116641998291,
                    124.7272938489914
                ],
                [
                    575.2367377281189,
                    -116.81458353996277
                ]
            ],
            "provenance": "visii",
            "quaternion_xyzw": [
                0.5353193879127502,
                0.7179543972015381,
                0.03499820828437805,
                -0.4435647428035736
            ],
            "quaternion_xyzw_world": [
                0.3873554468154907,
                0.2956007719039917,
                0.8659183979034424,
                -0.11296575516462326
            ],
            "segmentation_id": 6,
            "visibility": 1
        },
        {
            "bounding_box_minx_maxx_miny_maxy": [
                -1,
                -1,
                -1,
                -1
            ],
            "class": "FRACTION",
            "local_cuboid": null,
            "local_to_world_matrix": [
                [
                    -0.5163651704788208,
                    0.8119128346443176,
                    -0.2723313271999359,
                    0.0
                ],
                [
                    0.84202641248703,
                    0.53931725025177,
                    0.01132986694574356,
                    0.0
                ],
                [
                    0.15607185661792755,
                    -0.22345983982086182,
                    -0.9621367454528809,
                    0.0
                ],
                [
                    1.5083359479904175,
                    -0.6716725826263428,
                    0.04815039783716202,
                    1.0
                ]
            ],
            "location": [
                0.6716725826263428,
                0.04815039783716202,
                -1.5083359479904175
            ],
            "location_world": [
                1.5083359479904175,
                -0.6716725826263428,
                0.04815039783716202
            ],
            "name": "google_FRACTION_FUN_n4h4qte23QR_6",
            "projected_cuboid": [
                [
                    537.097692489624,
                    258.19459557533264
                ],
                [
                    467.8594768047333,
                    256.5177083015442
                ],
                [
                    464.9966359138489,
                    240.064799785614
                ],
                [
                    534.2472791671753,
                    239.85598981380463
                ],
                [
                    577.5325894355774,
                    238.24864625930786
                ],
                [
                    508.1866979598999,
                    238.60116302967072
                ],
                [
                    505.6511163711548,
                    222.98458218574524
                ],
                [
                    575.0445127487183,
                    220.94303369522095
                ],
                [
                    520.1113224029541,
                    239.17533457279205
                ]
            ],
            "provenance": "visii",
            "quaternion_xyzw": [
                -0.2884567081928253,
                0.7034406065940857,
                -0.6411924362182617,
                -0.1040974035859108
            ],
            "quaternion_xyzw_world": [
                0.47603946924209595,
                0.8685935735702515,
                -0.061055589467287064,
                0.12330369651317596
            ],
            "segmentation_id": 7,
            "visibility": 0
        },
        {
            "bounding_box_minx_maxx_miny_maxy": [
                394,
                435,
                96,
                170
            ],
            "class": "FAIRY",
            "local_cuboid": null,
            "local_to_world_matrix": [
                [
                    -0.9442735910415649,
                    -0.2382466346025467,
                    -0.227125346660614,
                    0.0
                ],
                [
                    -0.1824004203081131,
                    0.9531155824661255,
                    -0.2414555549621582,
                    0.0
                ],
                [
                    0.27400267124176025,
                    -0.1865723431110382,
                    -0.943458080291748,
                    0.0
                ],
                [
                    0.6687052845954895,
                    -0.3146691918373108,
                    0.20790229737758636,
                    1.0
                ]
            ],
            "location": [
                0.3146691918373108,
                0.20790229737758636,
                -0.6687052845954895
            ],
            "location_world": [
                0.6687052845954895,
                -0.3146691918373108,
                0.20790229737758636
            ],
            "name": "google_FAIRY_TALE_BLOCKS_7",
            "projected_cuboid": [
                [
                    735.8518838882446,
                    248.93486499786377
                ],
                [
                    516.5163278579712,
                    314.5309388637543
                ],
                [
                    499.75723028182983,
                    80.9108167886734
                ],
                [
                    743.809700012207,
                    27.97703444957733
                ],
                [
                    564.3525123596191,
                    210.20576357841492
                ],
                [
                    397.34378457069397,
                    254.85798716545105
                ],
                [
                    376.1611580848694,
                    88.26345205307007
                ],
                [
                    557.0532083511353,
                    50.191208720207214
                ],
                [
                    539.992094039917,
                    161.44561767578125
                ]
            ],
            "provenance": "visii",
            "quaternion_xyzw": [
                -0.6621376276016235,
                0.4456177055835724,
                -0.4269678592681885,
                -0.42508482933044434
            ],
            "quaternion_xyzw_world": [
                -0.1073184385895729,
                0.9799039959907532,
                -0.10920149087905884,
                0.12785130739212036
            ],
            "segmentation_id": 8,
            "visibility": 1
        },
        {
            "bounding_box_minx_maxx_miny_maxy": [
                0,
                60,
                427,
                500
            ],
            "class": "Great",
            "local_cuboid": null,
            "local_to_world_matrix": [
                [
                    -0.8293347358703613,
                    0.5504211187362671,
                    -0.09612803906202316,
                    0.0
                ],
                [
                    0.4567006826400757,
                    0.568638801574707,
                    -0.6841596364974976,
                    0.0
                ],
                [
                    -0.3219137489795685,
                    -0.6112990379333496,
                    -0.7229695320129395,
                    0.0
                ],
                [
                    1.2803747653961182,
                    0.5008431673049927,
                    -0.44056224822998047,
                    1.0
                ]
            ],
            "location": [
                -0.5008431673049927,
                -0.44056224822998047,
                -1.2803747653961182
            ],
            "location_world": [
                1.2803747653961182,
                0.5008431673049927,
                -0.44056224822998047
            ],
            "name": "google_Great_Jones_Wingtip_kAqSg6EgG0I_8",
            "projected_cuboid": [
                [
                    50.03857612609863,
                    475.7714569568634
                ],
                [
                    -11.898726224899292,
                    551.954984664917
                ],
                [
                    -36.6976261138916,
                    505.4701566696167
                ],
                [
                    20.251139998435974,
                    425.98938941955566
                ],
                [
                    95.50133347511292,
                    453.38356494903564
                ],
                [
                    33.00254046916962,
                    526.7473459243774
                ],
                [
                    8.66420567035675,
                    483.99093747138977
                ],
                [
                    66.57706201076508,
                    407.91332721710205
                ],
                [
                    27.127280831336975,
                    480.32301664352417
                ]
            ],
            "provenance": "visii",
            "quaternion_xyzw": [
                -0.4505065977573395,
                0.3688995838165283,
                -0.7994520664215088,
                -0.14776082336902618
            ],
            "quaternion_xyzw_world": [
                0.2850421369075775,
                0.883309543132782,
                -0.3666491210460663,
                -0.0639033392071724
            ],
            "segmentation_id": 9,
            "visibility": 1
        },
        {
            "bounding_box_minx_maxx_miny_maxy": [
                167,
                251,
                439,
                500
            ],
            "class": "Ecoforms",
            "local_cuboid": null,
            "local_to_world_matrix": [
                [
                    0.6976609230041504,
                    0.6394867300987244,
                    0.3229953944683075,
                    0.0
                ],
                [
                    0.4710983633995056,
                    -0.06982636451721191,
                    -0.8793126344680786,
                    0.0
                ],
                [
                    -0.53975510597229,
                    0.7656246423721313,
                    -0.3499763011932373,
                    0.0
                ],
                [
                    1.6516785621643066,
                    0.03582059219479561,
                    -0.581714391708374,
                    1.0
                ]
            ],
            "location": [
                -0.03582059219479561,
                -0.581714391708374,
                -1.6516785621643066
            ],
            "location_world": [
                1.6516785621643066,
                0.03582059219479561,
                -0.581714391708374
            ],
            "name": "google_Ecoforms_Plant_Container_Quadra_Sand_QP6_9",
            "projected_cuboid": [
                [
                    161.40156984329224,
                    450.78641176223755
                ],
                [
                    170.9410548210144,
                    500.3840923309326
                ],
                [
                    219.19667720794678,
                    467.27070212364197
                ],
                [
                    212.75895833969116,
                    418.59668493270874
                ],
                [
                    203.971266746521,
                    494.78399753570557
                ],
                [
                    211.8564397096634,
                    546.1008548736572
                ],
                [
                    261.7603838443756,
                    507.7384114265442
                ],
                [
                    257.2425305843353,
                    457.2211503982544
                ],
                [
                    212.3265564441681,
                    479.6854555606842
                ]
            ],
            "provenance": "visii",
            "quaternion_xyzw": [
                -0.4183511734008789,
                -0.23474401235580444,
                0.8744361400604248,
                0.07238064706325531
            ],
            "quaternion_xyzw_world": [
                -0.7275753617286682,
                -0.3816048204898834,
                0.07448016852140427,
                0.5652120113372803
            ],
            "segmentation_id": 10,
            "visibility": 1
        },
        {
            "bounding_box_minx_maxx_miny_maxy": [
                -1,
                -1,
                -1,
                -1
            ],
            "class": "ReadytoUse",
            "local_cuboid": null,
            "local_to_world_matrix": [
                [
                    0.2522714138031006,
                    -0.49985915422439575,
                    -0.8285529613494873,
                    0.0
                ],
                [
                    -0.1623690128326416,
                    -0.8659732341766357,
                    0.47299760580062866,
                    0.0
                ],
                [
                    -0.9539368152618408,
                    0.015207543969154358,
                    -0.29962193965911865,
                    0.0
                ],
                [
                    0.3974606990814209,
                    -0.07696734368801117,
                    -0.2988505959510803,
                    1.0
                ]
            ],
            "location": [
                0.07696734368801117,
                -0.2988505959510803,
                -0.3974606990814209
            ],
            "location_world": [
                0.3974606990814209,
                -0.07696734368801117,
                -0.2988505959510803
            ],
            "name": "google_ReadytoUse_Rolled_Fondant_Pure_White_24_oz_box_10",
            "projected_cuboid": [
                [
                    446.7869997024536,
                    1220.107913017273
                ],
                [
                    556.7017793655396,
                    1194.7476863861084
                ],
                [
                    439.7702217102051,
                    748.2768297195435
                ],
                [
                    374.5281994342804,
                    772.3916172981262
                ],
                [
                    310.5727732181549,
                    1082.1113586425781
                ],
                [
                    431.02043867111206,
                    1048.0985641479492
                ],
                [
                    358.0799102783203,
                    627.7858018875122
                ],
                [
                    289.33802247047424,
                    656.3074588775635
                ],
                [
                    393.882155418396,
                    866.8474555015564
                ]
            ],
            "provenance": "visii",
            "quaternion_xyzw": [
                0.13502287864685059,
                0.06928503513336182,
                -0.49524742364883423,
                0.8553937077522278
            ],
            "quaternion_xyzw_world": [
                0.7774745225906372,
                -0.21294207870960236,
                -0.5731666088104248,
                0.1472042053937912
            ],
            "segmentation_id": 11,
            "visibility": 0
        },
        {
            "bounding_box_minx_maxx_miny_maxy": [
                263,
                499,
                179,
                500
            ],
            "class": "Dog",
            "local_cuboid": null,
            "local_to_world_matrix": [
                [
                    -0.4764127731323242,
                    -0.3285301923751831,
                    0.815535843372345,
                    0.0
                ],
                [
                    -0.8600450754165649,
                    0.3668045997619629,
                    -0.3546503484249115,
                    0.0
                ],
                [
                    -0.18262892961502075,
                    -0.8703575134277344,
                    -0.45730113983154297,
                    0.0
                ],
                [
                    0.3285719156265259,
                    -0.03628614917397499,
                    -0.06425411254167557,
                    1.0
                ]
            ],
            "location": [
                0.03628614917397499,
                -0.06425411254167557,
                -0.3285719156265259
            ],
            "location_world": [
                0.3285719156265259,
                -0.03628614917397499,
                -0.06425411254167557
            ],
            "name": "google_Dog_11",
            "projected_cuboid": [
                [
                    790.897786617279,
                    299.7937798500061
                ],
                [
                    1083.247184753418,
                    607.8095436096191
                ],
                [
                    378.7522315979004,
                    252.84698605537415
                ],
                [
                    437.31385469436646,
                    138.26829195022583
                ],
                [
                    542.4872636795044,
                    555.025577545166
                ],
                [
                    563.6155605316162,
                    888.6870741844177
                ],
                [
                    179.40831184387207,
                    629.7394037246704
                ],
                [
                    293.00612211227417,
                    412.02831268310547
                ],
                [
                    491.6740655899048,
                    461.2480401992798
                ]
            ],
            "provenance": "visii",
            "quaternion_xyzw": [
                -0.6124850511550903,
                -0.18316009640693665,
                -0.5497156381607056,
                -0.5377054810523987
            ],
            "quaternion_xyzw_world": [
                -0.39181748032569885,
                0.7583730220794678,
                -0.40382763743400574,
                -0.3290480971336365
            ],
            "segmentation_id": 12,
            "visibility": 1
        },
        {
            "bounding_box_minx_maxx_miny_maxy": [
                -1,
                -1,
                -1,
                -1
            ],
            "class": "Black",
            "local_cuboid": null,
            "local_to_world_matrix": [
                [
                    -0.03287148475646973,
                    -0.4035849869251251,
                    -0.9143516421318054,
                    0.0
                ],
                [
                    0.9898474216461182,
                    0.11342930793762207,
                    -0.08565199375152588,
                    0.0
                ],
                [
                    0.13828223943710327,
                    -0.9078839421272278,
                    0.3957587480545044,
                    0.0
                ],
                [
                    0.26890408992767334,
                    -0.4076802730560303,
                    0.3928908109664917,
                    1.0
                ]
            ],
            "location": [
                0.4076802730560303,
                0.3928908109664917,
                -0.26890408992767334
            ],
            "location_world": [
                0.26890408992767334,
                -0.4076802730560303,
                0.3928908109664917
            ],
            "name": "google_Black_Elderberry_Syrup_54_oz_Gaia_Herbs_12",
            "projected_cuboid": [
                [
                    1542.7792072296143,
                    -745.3059554100037
                ],
                [
                    1291.7098999023438,
                    -552.1970391273499
                ],
                [
                    1094.5136547088623,
                    -489.73774909973145
                ],
                [
                    1318.371295928955,
                    -683.7748885154724
                ],
                [
                    1480.0771474838257,
                    -859.0896129608154
                ],
                [
                    1241.9763803482056,
                    -646.2650299072266
                ],
                [
                    1042.6814556121826,
                    -590.508759021759
                ],
                [
                    1252.1917819976807,
                    -807.5283765792847
                ],
                [
                    1274.6665477752686,
                    -662.316083908081
                ]
            ],
            "provenance": "visii",
            "quaternion_xyzw": [
                -0.6378713250160217,
                0.4028168022632599,
                -0.36870884895324707,
                0.5430586338043213
            ],
            "quaternion_xyzw_world": [
                0.33835649490356445,
                0.4331691563129425,
                -0.5734110474586487,
                0.6075189709663391
            ],
            "segmentation_id": 13,
            "visibility": 0
        },
        {
            "bounding_box_minx_maxx_miny_maxy": [
                254,
                281,
                12,
                25
            ],
