{
    "camera_data": {
        "camera_look_at": {
            "at": [
                1.0,
                0.0,
                0.0
            ],
            "eye": [
                0.0,
                0.0,
                0.0
            ],
            "up": [
                0.0,
                0.0,
                1.0
            ]
        },
        "camera_view_matrix": [
            [
                0.0,
                0.0,
                -1.0,
                0.0
            ],
            [
                -1.0,
                0.0,
                0.0,
                0.0
            ],
            [
                0.0,
                1.0,
                0.0,
                0.0
            ],
            [
                0.0,
                0.0,
                0.0,
                1.0
            ]
        ],
        "height": 500,
        "intrinsics": {
            "cx": 250.0,
            "cy": 250.0,
            "fx": 603.5535278320312,
            "fy": 603.5535278320312
        },
        "location_world": [
            0.0,
            0.0,
            0.0
        ],
        "quaternion_world_xyzw": [
            0.5,
            -0.5,
            -0.5,
            0.5
        ],
        "width": 500
    },
    "objects": [
        {
            "bounding_box_minx_maxx_miny_maxy": [
                -1,
                -1,
                -1,
                -1
            ],
            "class": "Reebok",
            "local_cuboid": null,
            "local_to_world_matrix": [
                [
                    0.6625820994377136,
                    -0.33784717321395874,
                    -0.668464183807373,
                    0.0
                ],
                [
                    -0.7200676798820496,
                    -0.04171407222747803,
                    -0.6926489472389221,
                    0.0
                ],
                [
                    0.20612511038780212,
                    0.9402762055397034,
                    -0.2709118127822876,
                    0.0
                ],
                [
                    0.38764509558677673,
                    0.05521718040108681,
                    0.4055505096912384,
                    1.0
                ]
            ],
            "location": [
                -0.05521718040108681,
                0.4055505096912384,
                -0.38764509558677673
            ],
            "location_world": [
                0.38764509558677673,
                0.05521718040108681,
                0.4055505096912384
            ],
            "name": "google_Reebok_SOMERSET_RUN_0",
            "projected_cuboid": [
                [
                    85.2317065000534,
                    -226.63697600364685
                ],
                [
                    5.629017949104309,
                    -162.89886832237244
                ],
                [
                    193.4315413236618,
                    -253.1869411468506
                ],
                [
                    202.01453566551208,
                    -283.9306592941284
                ],
                [
                    11.549651622772217,
                    -395.91217041015625
                ],
                [
                    -147.9501724243164,
                    -447.1285343170166
                ],
                [
                    82.18984305858612,
                    -592.7584171295166
                ],
                [
                    143.62961053848267,
                    -471.49980068206787
                ],
                [
                    84.29957926273346,
                    -338.8243317604065
                ]
            ],
            "provenance": "visii",
            "quaternion_xyzw": [
                -0.7477668523788452,
                0.20954060554504395,
                0.5358816981315613,
                -0.33131295442581177
            ],
            "quaternion_xyzw_world": [
                -0.7027104496955872,
                0.3763693869113922,
                0.1644841879606247,
                0.5809381008148193
            ],
            "segmentation_id": 1,
            "visibility": 0
        },
        {
            "bounding_box_minx_maxx_miny_maxy": [
                -1,
                -1,
                -1,
                -1
            ],
            "class": "Breyer",
            "local_cuboid": null,
            "local_to_world_matrix": [
                [
                    0.4484822750091553,
                    -0.7510156631469727,
                    -0.4846023619174957,
                    0.0
                ],
                [
                    0.8821160793304443,
                    0.28456735610961914,
                    0.375357061624527,
                    0.0
                ],
                [
                    -0.14399686455726624,
                    -0.5958164930343628,
                    0.7901061773300171,
                    0.0
                ],
                [
                    0.4195871651172638,
                    -0.326433002948761,
                    -0.3423275053501129,
                    1.0
                ]
            ],
            "location": [
                0.326433002948761,
                -0.3423275053501129,
                -0.4195871651172638
            ],
            "location_world": [
                0.4195871651172638,
                -0.326433002948761,
                -0.3423275053501129
            ],
            "name": "google_Breyer_Horse_Of_The_Year_2015_1",
            "projected_cuboid": [
                [
                    968.3927297592163,
                    651.986837387085
                ],
                [
                    871.807336807251,
                    582.2993516921997
                ],
                [
                    735.07159948349,
                    712.908685207367
                ],
                [
                    811.5607500076294,
                    793.8937544822693
                ],
                [
                    875.6051063537598,
                    572.5713968276978
                ],
                [
                    765.0039196014404,
                    494.45241689682007
                ],
                [
                    598.6855030059814,
                    663.8020277023315
                ],
                [
                    678.0093908309937,
                    761.6998553276062
                ],
                [
                    790.3817296028137,
                    657.6757431030273
                ]
            ],
            "provenance": "visii",
            "quaternion_xyzw": [
                -0.5549013018608093,
                0.34653452038764954,
                -0.06637847423553467,
                0.7533873319625854
            ],
            "quaternion_xyzw_world": [
                0.30569949746131897,
                0.10721351951360703,
                -0.5140662789344788,
                0.794222354888916
            ],
            "segmentation_id": 2,
            "visibility": 0
        },
        {
            "bounding_box_minx_maxx_miny_maxy": [
                163,
                187,
                82,
                100
            ],
            "class": "Smith",
            "local_cuboid": null,
            "local_to_world_matrix": [
                [
                    -0.5165989398956299,
                    0.8067718744277954,
                    0.2867835760116577,
                    0.0
                ],
                [
                    0.5480563640594482,
                    0.5689019560813904,
                    -0.6131759881973267,
                    0.0
                ],
                [
                    -0.6578449010848999,
                    -0.1595924347639084,
                    -0.7360506057739258,
                    0.0
                ],
                [
                    1.6147739887237549,
                    0.3106277585029602,
                    0.6964060664176941,
                    1.0
                ]
            ],
            "location": [
                -0.3106277585029602,
                0.6964060664176941,
                -1.6147739887237549
            ],
            "location_world": [
                1.6147739887237549,
                0.3106277585029602,
                0.6964060664176941
            ],
            "name": "google_Smith_Hawken_Woven_BasketTray_Organizer_with_3_Compartments_95_x_9_x_13_2",
            "projected_cuboid": [
                [
                    89.38075602054596,
                    -48.901647329330444
                ],
                [
                    42.89740324020386,
                    48.29417169094086
                ],
                [
                    49.64001476764679,
                    -4.329919815063477
                ],
                [
                    91.11188352108002,
                    -94.7960913181305
                ],
                [
                    230.2420735359192,
                    32.045528292655945
                ],
                [
                    176.75289511680603,
                    110.78889667987823
                ],
                [
                    169.47463154792786,
                    57.46634304523468
                ],
                [
                    216.5570855140686,
                    -17.367660999298096
                ],
                [
                    136.04736328125,
                    13.073578476905823
                ]
            ],
            "provenance": "visii",
            "quaternion_xyzw": [
                -0.19271692633628845,
                0.3659750819206238,
                -0.8771820068359375,
                -0.2438734769821167
            ],
            "quaternion_xyzw_world": [
                0.40328332781791687,
                0.839873731136322,
                -0.23002518713474274,
                -0.2811816930770874
            ],
            "segmentation_id": 3,
            "visibility": 1
        },
        {
            "bounding_box_minx_maxx_miny_maxy": [
                254,
                287,
                1,
                52
            ],
            "class": "Paul",
            "local_cuboid": null,
            "local_to_world_matrix": [
                [
                    -0.5785712003707886,
                    -0.6288983821868896,
                    -0.5193671584129333,
                    0.0
                ],
                [
                    -0.672074556350708,
                    0.7283846139907837,
                    -0.1333102285861969,
                    0.0
                ],
                [
                    0.4621376395225525,
                    0.2719240188598633,
                    -0.8440890312194824,
                    0.0
                ],
                [
                    1.6740516424179077,
                    -0.006581489462405443,
                    0.781600296497345,
                    1.0
                ]
            ],
            "location": [
                0.006581489462405443,
                0.781600296497345,
                -1.6740516424179077
            ],
            "location_world": [
                1.6740516424179077,
                -0.006581489462405443,
                0.781600296497345
            ],
            "name": "google_Paul_Frank_Dot_Lunch_Box_3",
            "projected_cuboid": [
                [
                    272.85414934158325,
                    68.2360827922821
                ],
                [
                    245.4117238521576,
                    65.53883850574493
                ],
                [
                    269.488126039505,
                    -22.844910621643066
                ],
                [
                    297.66279458999634,
                    -16.046851873397827
                ],
                [
                    218.20630133152008,
                    39.255961775779724
                ],
                [
                    190.88399410247803,
                    35.63013672828674
                ],
                [
                    209.40709114074707,
                    -46.764492988586426
                ],
                [
                    237.61744797229767,
                    -39.57521915435791
                ],
                [
                    241.38180911540985,
                    11.191040277481079
                ]
            ],
            "provenance": "visii",
            "quaternion_xyzw": [
                -0.745712161064148,
                0.4183087944984436,
                -0.10280346870422363,
                -0.508293867111206
            ],
            "quaternion_xyzw_world": [
                -0.366446852684021,
                0.8875591158866882,
                0.03904353827238083,
                0.27646180987358093
            ],
            "segmentation_id": 4,
            "visibility": 1
        },
        {
            "bounding_box_minx_maxx_miny_maxy": [
                52,
                101,
                230,
                267
            ],
            "class": "Toys",
            "local_cuboid": null,
            "local_to_world_matrix": [
                [
                    0.7970414161682129,
                    0.5466663837432861,
                    0.25667256116867065,
                    0.0
                ],
                [
                    0.17731139063835144,
                    -0.6181007623672485,
                    0.7658408880233765,
                    0.0
                ],
                [
                    0.5773089528083801,
                    -0.5648959875106812,
                    -0.589582085609436,
                    0.0
                ],
                [
                    1.874243140220642,
                    0.5920500755310059,
                    0.06848997622728348,
                    1.0
                ]
            ],
            "location": [
                -0.5920500755310059,
                0.06848997622728348,
                -1.874243140220642
            ],
            "location_world": [
                1.874243140220642,
                0.5920500755310059,
                0.06848997622728348
            ],
            "name": "google_Toys_R_Us_Treat_Dispenser_Smart_Puzzle_Foobler_4",
            "projected_cuboid": [
                [
                    71.3406503200531,
                    268.32079887390137
                ],
                [
                    101.90369188785553,
                    233.17110538482666
                ],
                [
                    68.33569705486298,
                    204.39554750919342
                ],
                [
                    35.887494683265686,
                    240.75670540332794
                ],
                [
                    86.71405911445618,
                    282.2166085243225
                ],
                [
                    119.02637779712677,
                    244.60509419441223
                ],
                [
                    84.02222394943237,
                    214.44106101989746
                ],
                [
                    49.587562680244446,
                    253.4472644329071
                ],
                [
                    77.3763507604599,
                    242.67719686031342
                ]
            ],
            "provenance": "visii",
            "quaternion_xyzw": [
                0.2572944164276123,
                0.8499730229377747,
                -0.22556404769420624,
                0.40058255195617676
            ],
            "quaternion_xyzw_world": [
                0.8667070269584656,
                0.20883002877235413,
                0.240560382604599,
                0.38384854793548584
            ],
            "segmentation_id": 5,
            "visibility": 1
        },
        {
            "bounding_box_minx_maxx_miny_maxy": [
                -1,
                -1,
                -1,
                -1
            ],
            "class": "Tag",
            "local_cuboid": null,
            "local_to_world_matrix": [
                [
                    -0.9768009185791016,
                    -0.07726284116506577,
                    0.1997286081314087,
                    0.0
                ],
                [
                    0.2093271017074585,
                    -0.14761686325073242,
                    0.966639518737793,
                    0.0
                ],
                [
                    -0.045202046632766724,
                    0.9860224723815918,
                    0.16036492586135864,
                    0.0
                ],
                [
                    0.31871044635772705,
                    -0.21062025427818298,
                    0.10753976553678513,
                    1.0
                ]
            ],
            "location": [
                0.21062025427818298,
                0.10753976553678513,
                -0.31871044635772705
            ],
            "location_world": [
                0.31871044635772705,
                -0.21062025427818298,
                0.10753976553678513
            ],
            "name": "google_Tag_Dishtowel_Basket_Weave_Red_18_x_26_5",
            "projected_cuboid": [
                [
                    726.8747091293335,
                    199.91007447242737
                ],
                [
                    717.2010540962219,
                    -316.7116045951843
                ],
                [
                    794.1513061523438,
                    -300.3019094467163
                ],
                [
                    821.5233683586121,
                    216.25570952892303
                ],
                [
                    494.6058392524719,
                    276.72576904296875
                ],
                [
                    515.3824090957642,
                    -46.235084533691406
                ],
                [
                    563.0307197570801,
                    -37.232041358947754
                ],
                [
                    548.4930276870728,
                    285.5443060398102
                ],
                [
                    617.0210838317871,
                    40.911853313446045
                ]
            ],
            "provenance": "visii",
            "quaternion_xyzw": [
                0.12788814306259155,
                0.6790019869804382,
                -0.018027186393737793,
                -0.722686767578125
            ],
            "quaternion_xyzw_world": [
                0.05111527442932129,
                0.6459138989448547,
                0.7557748556137085,
                -0.09480004012584686
            ],
            "segmentation_id": 6,
            "visibility": 0
        },
        {
            "bounding_box_minx_maxx_miny_maxy": [
                -1,
                -1,
                -1,
                -1
            ],
            "class": "FRACTION",
            "local_cuboid": null,
            "local_to_world_matrix": [
                [
                    -0.6646448373794556,
                    0.5840888023376465,
                    -0.4659263491630554,
                    0.0
                ],
                [
                    0.48564180731773376,
                    0.811622142791748,
                    0.3246867060661316,
                    0.0
                ],
                [
                    0.5678020119667053,
                    -0.010471999645233154,
                    -0.8230985403060913,
                    0.0
                ],
                [
                    1.3857502937316895,
                    0.6416947245597839,
                    -0.2313837856054306,
                    1.0
                ]
            ],
            "location": [
                -0.6416947245597839,
                -0.2313837856054306,
                -1.3857502937316895
            ],
            "location_world": [
                1.3857502937316895,
                0.6416947245597839,
                -0.2313837856054306
            ],
            "name": "google_FRACTION_FUN_n4h4qte23QR_6",
            "projected_cuboid": [
                [
                    -34.401893615722656,
                    406.5595865249634
                ],
                [
                    -81.97915554046631,
                    369.76855993270874
                ],
                [
                    -88.19004893302917,
                    356.0987114906311
                ],
                [
                    -40.135085582733154,
                    392.62375235557556
                ],
                [
                    32.27250277996063,
                    359.1266870498657
                ],
                [
                    -15.690743923187256,
                    328.0399441719055
                ],
                [
                    -20.31010389328003,
                    314.7421181201935
                ],
                [
                    28.202548623085022,
                    345.5079197883606
                ],
                [
                    -26.89385414123535,
                    357.63949155807495
                ]
            ],
            "provenance": "visii",
            "quaternion_xyzw": [
                -0.405902236700058,
                0.7868572473526001,
                -0.41581249237060547,
                -0.2078435719013214
            ],
            "quaternion_xyzw_world": [
                0.2944619953632355,
                0.9082077741622925,
                0.08649306744337082,
                0.284551739692688
            ],
            "segmentation_id": 7,
            "visibility": 0
        },
        {
            "bounding_box_minx_maxx_miny_maxy": [
                -1,
                -1,
                -1,
                -1
            ],
            "class": "FAIRY",
            "local_cuboid": null,
            "local_to_world_matrix": [
                [
                    0.36885565519332886,
                    0.8291151523590088,
                    -0.4201352000236511,
                    0.0
                ],
                [
                    -0.18219050765037537,
                    -0.37874674797058105,
                    -0.9073905944824219,
                    0.0
                ],
                [
                    -0.9114560484886169,
                    0.4112408459186554,
                    0.01135396957397461,
                    0.0
                ],
                [
                    0.36970919370651245,
                    -0.0959169790148735,
                    0.4278818368911743,
                    1.0
                ]
            ],
            "location": [
                0.0959169790148735,
                0.4278818368911743,
                -0.36970919370651245
            ],
            "location_world": [
                0.36970919370651245,
                -0.0959169790148735,
                0.4278818368911743
            ],
            "name": "google_FAIRY_TALE_BLOCKS_7",
            "projected_cuboid": [
                [
                    -131.09493255615234,
                    -1021.9829082489014
                ],
                [
                    93.08876097202301,
                    -577.0078897476196
                ],
                [
                    316.02486968040466,
                    -143.56568455696106
                ],
                [
                    171.01827263832092,
                    -430.39029836654663
                ],
                [
                    483.19682478904724,
                    -2255.7895183563232
                ],
                [
                    1225.367784500122,
                    -2006.2973499298096
                ],
                [
                    749.0664720535278,
                    -472.6100564002991
                ],
                [
                    506.0276389122009,
                    -789.0404462814331
                ],
                [
                    361.2264394760132,
                    -714.6890759468079
                ]
            ],
            "provenance": "visii",
            "quaternion_xyzw": [
                -0.2042175829410553,
                0.05066704750061035,
                0.9549819231033325,
                -0.20913535356521606
            ],
            "quaternion_xyzw_world": [
                -0.658833920955658,
                -0.24548093974590302,
                0.5052833557128906,
                0.5003656148910522
            ],
            "segmentation_id": 8,
            "visibility": 0
        },
        {
            "bounding_box_minx_maxx_miny_maxy": [
                -1,
                -1,
                -1,
                -1
            ],
            "class": "Great",
            "local_cuboid": null,
            "local_to_world_matrix": [
                [
                    -0.9247827529907227,
                    -0.30059942603111267,
                    -0.23327581584453583,
                    0.0
                ],
                [
                    0.26808688044548035,
                    -0.07969272136688232,
                    -0.9600932002067566,
                    0.0
                ],
                [
                    0.27001306414604187,
                    -0.9504154324531555,
                    0.15428483486175537,
                    0.0
                ],
                [
                    1.8541080951690674,
                    0.6018486618995667,
                    -0.4477244019508362,
                    1.0
                ]
            ],
            "location": [
                -0.6018486618995667,
                -0.4477244019508362,
                -1.8541080951690674
            ],
            "location_world": [
                1.8541080951690674,
                0.6018486618995667,
                -0.4477244019508362
            ],
            "name": "google_Great_Jones_Wingtip_kAqSg6EgG0I_8",
            "projected_cuboid": [
                [
                    85.09613573551178,
                    348.81168603897095
                ],
                [
                    100.45522451400757,
                    440.8217668533325
                ],
                [
                    62.59326636791229,
                    449.74106550216675
                ],
                [
                    45.16772925853729,
                    356.54985904693604
                ],
                [
                    83.3975225687027,
                    335.1784944534302
                ],
                [
                    98.02967309951782,
                    422.9799509048462
                ],
                [
                    62.12957203388214,
                    431.14668130874634
                ],
                [
                    45.64507305622101,
                    342.26489067077637
                ],
                [
                    73.13431799411774,
                    391.69472455978394
                ]
            ],
            "provenance": "visii",
            "quaternion_xyzw": [
                0.795409619808197,
                -0.048271775245666504,
                0.589381217956543,
                -0.1327529400587082
            ],
            "quaternion_xyzw_world": [
                0.012501852586865425,
                -0.6501548290252686,
                0.7346360087394714,
                -0.19352655112743378
            ],
            "segmentation_id": 9,
            "visibility": 0
        },
        {
            "bounding_box_minx_maxx_miny_maxy": [
                261,
                340,
                375,
                447
            ],
            "class": "Ecoforms",
            "local_cuboid": null,
            "local_to_world_matrix": [
                [
                    0.06681233644485474,
                    -0.22584378719329834,
                    0.9718697667121887,
                    0.0
                ],
                [
                    -0.8649972677230835,
                    -0.4985971450805664,
                    -0.056399017572402954,
                    0.0
                ],
                [
                    0.4973086714744568,
                    -0.836896538734436,
                    -0.2286667823791504,
                    0.0
                ],
                [
                    1.8259482383728027,
                    -0.07498914003372192,
                    -0.462446928024292,
                    1.0
                ]
            ],
            "location": [
                0.07498914003372192,
                -0.462446928024292,
                -1.8259482383728027
            ],
            "location_world": [
                1.8259482383728027,
                -0.07498914003372192,
                -0.462446928024292
            ],
            "name": "google_Ecoforms_Plant_Container_Quadra_Sand_QP6_9",
            "projected_cuboid": [
                [
                    307.4108958244324,
                    371.77956104278564
                ],
                [
                    343.75935792922974,
                    386.2300515174866
                ],
                [
                    299.60858821868896,
                    379.463791847229
                ],
                [
                    265.46159386634827,
                    364.96198177337646
                ],
                [
                    294.71102356910706,
                    428.79313230514526
                ],
                [
                    330.16645908355713,
                    448.4933018684387
                ],
                [
                    285.03677248954773,
                    444.6811079978943
                ],
                [
                    251.92153453826904,
                    424.44244027137756
                ],
                [
                    297.00541496276855,
                    405.6837260723114
                ]
            ],
            "provenance": "visii",
            "quaternion_xyzw": [
                0.6669991612434387,
                0.5511501431465149,
                0.28863757848739624,
                0.4099195599555969
            ],
            "quaternion_xyzw_world": [
                0.6697156429290771,
                -0.4072030782699585,
                0.5484336614608765,
                0.29135406017303467
            ],
            "segmentation_id": 10,
            "visibility": 1
        },
        {
            "bounding_box_minx_maxx_miny_maxy": [
                -1,
                -1,
                -1,
                -1
            ],
            "class": "ReadytoUse",
            "local_cuboid": null,
            "local_to_world_matrix": [
                [
                    -0.8998956680297852,
                    0.12808427214622498,
                    0.4168718755245209,
                    0.0
                ],
                [
                    -0.32961323857307434,
                    0.4261508584022522,
                    -0.8424668908119202,
                    0.0
                ],
                [
                    -0.2855570614337921,
                    -0.895538866519928,
                    -0.34127306938171387,
                    0.0
                ],
                [
                    0.25463300943374634,
                    -0.2639612853527069,
                    -0.42886894941329956,
                    1.0
                ]
            ],
            "location": [
                0.2639612853527069,
                -0.42886894941329956,
                -0.25463300943374634
            ],
            "location_world": [
                0.25463300943374634,
                -0.2639612853527069,
                -0.42886894941329956
            ],
            "name": "google_ReadytoUse_Rolled_Fondant_Pure_White_24_oz_box_10",
            "projected_cuboid": [
                [
                    1825.467586517334,
                    1911.2396240234375
                ],
                [
                    1914.9811267852783,
                    2271.915912628174
                ],
                [
                    1022.5086212158203,
                    1583.776354789734
                ],
                [
                    1023.1163501739502,
                    1360.0598573684692
                ],
                [
                    1220.306634902954,
                    1349.9215841293335
                ],
                [
                    1232.450008392334,
                    1518.823504447937
                ],
                [
                    773.1428146362305,
                    1200.9100914001465
                ],
                [
                    786.2509489059448,
                    1073.817491531372
                ],
                [
                    1138.0215883255005,
                    1447.2068548202515
                ]
            ],
            "provenance": "visii",
            "quaternion_xyzw": [
                -0.5976674556732178,
                0.0038813352584838867,
                -0.7510173320770264,
                -0.28062689304351807
            ],
            "quaternion_xyzw_world": [
                -0.06169784441590309,
                0.816596508026123,
                -0.5320882797241211,
                -0.21504773199558258
            ],
            "segmentation_id": 11,
            "visibility": 0
        },
        {
            "bounding_box_minx_maxx_miny_maxy": [
                -1,
                -1,
                -1,
                -1
            ],
            "class": "Dog",
            "local_cuboid": null,
            "local_to_world_matrix": [
                [
                    0.4775925278663635,
                    0.31016409397125244,
                    -0.8220119476318359,
                    0.0
                ],
                [
                    -0.800075888633728,
                    0.540123462677002,
                    -0.26104652881622314,
                    0.0
                ],
                [
                    0.363020658493042,
                    0.7823457717895508,
                    0.5061137676239014,
                    0.0
                ],
                [
                    0.7876143455505371,
                    -0.5970829129219055,
                    -0.00199783593416214,
                    1.0
                ]
            ],
            "location": [
                0.5970829129219055,
                -0.00199783593416214,
                -0.7876143455505371
            ],
            "location_world": [
                0.7876143455505371,
                -0.5970829129219055,
                -0.00199783593416214
            ],
            "name": "google_Dog_11",
            "projected_cuboid": [
                [
                    526.8751382827759,
                    234.3551516532898
                ],
                [
                    503.76951694488525,
                    266.43261313438416
                ],
                [
                    649.9408483505249,
                    347.1016585826874
                ],
                [
                    651.1591672897339,
                    299.41338300704956
                ],
                [
                    611.112117767334,
                    101.55223309993744
                ],
                [
                    601.6689538955688,
                    111.43088340759277
                ],
                [
                    783.1903100013733,
                    188.64604830741882
                ],
                [
                    759.9984407424927,
                    163.64026069641113
                ],
                [
                    629.22602891922,
                    216.1027491092682
                ]
            ],
            "provenance": "visii",
            "quaternion_xyzw": [
                -0.5731280446052551,
                0.594167172908783,
                0.5495884418487549,
                -0.1282270848751068
            ],
            "quaternion_xyzw_world": [
                -0.3283882439136505,
                0.3729668855667114,
                0.34942731261253357,
                0.7943282723426819
            ],
            "segmentation_id": 12,
            "visibility": 0
        },
        {
            "bounding_box_minx_maxx_miny_maxy": [
                -1,
                -1,
                -1,
                -1
            ],
            "class": "Black",
            "local_cuboid": null,
            "local_to_world_matrix": [
                [
                    -0.4345606565475464,
                    0.6057794094085693,
                    -0.666474461555481,
                    0.0
                ],
                [
                    0.5868011713027954,
                    0.7518130540847778,
                    0.3007349669933319,
                    0.0
                ],
                [
                    0.6832432746887207,
                    -0.2604004442691803,
                    -0.6821804046630859,
                    0.0
                ],
                [
                    0.3804601728916168,
                    -0.3625734746456146,
                    0.016942769289016724,
                    1.0
                ]
            ],
            "location": [
                0.3625734746456146,
                0.016942769289016724,
                -0.3804601728916168
            ],
            "location_world": [
                0.3804601728916168,
                -0.3625734746456146,
                0.016942769289016724
            ],
            "name": "google_Black_Elderberry_Syrup_54_oz_Gaia_Herbs_12",
            "projected_cuboid": [
                [
                    793.7318682670593,
                    397.53368496894836
                ],
                [
                    699.4898915290833,
                    364.8422956466675
                ],
                [
                    755.9438943862915,
                    239.36818540096283
                ],
                [
                    882.4062347412109,
                    268.896222114563
                ],
                [
                    809.2977404594421,
                    341.4056599140167
                ],
                [
                    718.5895442962646,
                    314.1282796859741
                ],
                [
                    776.2429118156433,
                    183.9916706085205
                ],
                [
                    896.2190747261047,
                    206.45514130592346
                ],
                [
                    785.3903770446777,
                    295.6836521625519
                ]
            ],
            "provenance": "visii",
            "quaternion_xyzw": [
                -0.44066110253334045,
                0.8046361804008484,
                -0.3942718505859375,
                -0.054111458361148834
            ],
            "quaternion_xyzw_world": [
                0.3520677387714386,
                0.8468403220176697,
                0.011907354928553104,
                0.39845699071884155
            ],
            "segmentation_id": 13,
            "visibility": 0
        },
        {
            "bounding_box_minx_maxx_miny_maxy": [
                -1,
                -1,
                -1,
                -1
            ],
            "class": "Razer",
