{
    "camera_data": {
        "camera_look_at": {
            "at": [
                1.0,
                0.0,
                0.0
            ],
            "eye": [
                0.0,
                0.0,
                0.0
            ],
            "up": [
                0.0,
                0.0,
                1.0
            ]
        },
        "camera_view_matrix": [
            [
                0.0,
                0.0,
                -1.0,
                0.0
            ],
            [
                -1.0,
                0.0,
                0.0,
                0.0
            ],
            [
                0.0,
                1.0,
                0.0,
                0.0
            ],
            [
                0.0,
                0.0,
                0.0,
                1.0
            ]
        ],
        "height": 500,
        "intrinsics": {
            "cx": 250.0,
            "cy": 250.0,
            "fx": 603.5535278320312,
            "fy": 603.5535278320312
        },
        "location_world": [
            0.0,
            0.0,
            0.0
        ],
        "quaternion_world_xyzw": [
            0.5,
            -0.5,
            -0.5,
            0.5
        ],
        "width": 500
    },
    "objects": [
        {
            "bounding_box_minx_maxx_miny_maxy": [
                -1,
                -1,
                -1,
                -1
            ],
            "class": "Reebok",
            "local_cuboid": null,
            "local_to_world_matrix": [
                [
                    -0.97104811668396,
                    0.22958078980445862,
                    0.06601694971323013,
                    0.0
                ],
                [
                    0.04293426126241684,
                    0.4395837187767029,
                    -0.8971748948097229,
                    0.0
                ],
                [
                    -0.23499411344528198,
                    -0.8683655858039856,
                    -0.4367138147354126,
                    0.0
                ],
                [
                    0.48155829310417175,
                    -0.00357356620952487,
                    0.4651867151260376,
                    1.0
                ]
            ],
            "location": [
                0.00357356620952487,
                0.4651867151260376,
                -0.48155829310417175
            ],
            "location_world": [
                0.48155829310417175,
                -0.00357356620952487,
                0.4651867151260376
            ],
            "name": "google_Reebok_SOMERSET_RUN_0",
            "projected_cuboid": [
                [
                    488.9877736568451,
                    -593.5631990432739
                ],
                [
                    290.2401089668274,
                    -176.908940076828
                ],
                [
                    147.19632267951965,
                    -220.6774652004242
                ],
                [
                    328.77442240715027,
                    -611.6059422492981
                ],
                [
                    467.9989814758301,
                    -400.74777603149414
                ],
                [
                    312.02787160873413,
                    -77.3983895778656
                ],
                [
                    196.77843153476715,
                    -117.33031272888184
                ],
                [
                    341.990202665329,
                    -424.9839782714844
                ],
                [
                    319.5522725582123,
                    -317.4229860305786
                ]
            ],
            "provenance": "visii",
            "quaternion_xyzw": [
                -0.5984563827514648,
                0.1560543179512024,
                -0.7683992981910706,
                -0.16449803113937378
            ],
            "quaternion_xyzw_world": [
                0.08074960857629776,
                0.8437039852142334,
                -0.5231516361236572,
                -0.08919332176446915
            ],
            "segmentation_id": 1,
            "visibility": 0
        },
        {
            "bounding_box_minx_maxx_miny_maxy": [
                -1,
                -1,
                -1,
                -1
            ],
            "class": "Breyer",
            "local_cuboid": null,
            "local_to_world_matrix": [
                [
                    -0.9172273874282837,
                    0.38655203580856323,
                    0.09628797322511673,
                    0.0
                ],
                [
                    0.3850594162940979,
                    0.7983599305152893,
                    0.46298015117645264,
                    0.0
                ],
                [
                    0.10209346562623978,
                    0.46173471212387085,
                    -0.8811230659484863,
                    0.0
                ],
                [
                    0.41738584637641907,
                    -0.49611788988113403,
                    -0.2761198878288269,
                    1.0
                ]
            ],
            "location": [
                0.49611788988113403,
                -0.2761198878288269,
                -0.41738584637641907
            ],
            "location_world": [
                0.41738584637641907,
                -0.49611788988113403,
                -0.2761198878288269
            ],
            "name": "google_Breyer_Horse_Of_The_Year_2015_1",
            "projected_cuboid": [
                [
                    1008.1865787506104,
                    1031.286597251892
                ],
                [
                    876.5408992767334,
                    932.5648546218872
                ],
                [
                    1038.806438446045,
                    713.721513748169
                ],
                [
                    1189.2521381378174,
                    801.4304041862488
                ],
                [
                    806.2283992767334,
                    743.5070276260376
                ],
                [
                    733.366072177887,
                    694.3626403808594
                ],
                [
                    827.2051811218262,
                    555.2080869674683
                ],
                [
                    906.3490033149719,
                    599.8270511627197
                ],
                [
                    894.4901823997498,
                    732.2036027908325
                ]
            ],
            "provenance": "visii",
            "quaternion_xyzw": [
                -0.251277357339859,
                0.6985029578208923,
                -0.45317721366882324,
                -0.493541955947876
            ],
            "quaternion_xyzw_world": [
                0.2034304440021515,
                0.9482497572898865,
                0.24379517138004303,
                0.0015305818524211645
            ],
            "segmentation_id": 2,
            "visibility": 0
        },
        {
            "bounding_box_minx_maxx_miny_maxy": [
                198,
                218,
                1,
                47
            ],
            "class": "Smith",
            "local_cuboid": null,
            "local_to_world_matrix": [
                [
                    0.8300309181213379,
                    0.3194643259048462,
                    -0.457155704498291,
                    0.0
                ],
                [
                    0.4452165365219116,
                    -0.8732270002365112,
                    0.19813546538352966,
                    0.0
                ],
                [
                    -0.3359032869338989,
                    -0.36799177527427673,
                    -0.8670362234115601,
                    0.0
                ],
                [
                    1.7141321897506714,
                    0.3233220875263214,
                    0.7296777963638306,
                    1.0
                ]
            ],
            "location": [
                -0.3233220875263214,
                0.7296777963638306,
                -1.7141321897506714
            ],
            "location_world": [
                1.7141321897506714,
                0.3233220875263214,
                0.7296777963638306
            ],
            "name": "google_Smith_Hawken_Woven_BasketTray_Organizer_with_3_Compartments_95_x_9_x_13_2",
            "projected_cuboid": [
                [
                    110.57490110397339,
                    113.38260769844055
                ],
                [
                    193.45831871032715,
                    105.11541366577148
                ],
                [
                    165.03295302391052,
                    38.69004547595978
                ],
                [
                    84.48870480060577,
                    42.327046394348145
                ],
                [
                    130.21451234817505,
                    14.19578492641449
                ],
                [
                    227.84169018268585,
                    11.739581823348999
                ],
                [
                    192.25019216537476,
                    -61.75649166107178
                ],
                [
                    97.76546061038971,
                    -65.04076719284058
                ],
                [
                    150.2554416656494,
                    28.294280171394348
                ]
            ],
            "provenance": "visii",
            "quaternion_xyzw": [
                0.19137468934059143,
                0.5435293912887573,
                -0.6035794019699097,
                0.5510387420654297
            ],
            "quaternion_xyzw_world": [
                0.9447610974311829,
                0.20234768092632294,
                -0.2098570168018341,
                0.14980699121952057
            ],
            "segmentation_id": 3,
            "visibility": 1
        },
        {
            "bounding_box_minx_maxx_miny_maxy": [
                255,
                337,
                26,
                112
            ],
            "class": "Paul",
            "local_cuboid": null,
            "local_to_world_matrix": [
                [
                    0.5608537197113037,
                    -0.7574583292007446,
                    -0.3342157006263733,
                    0.0
                ],
                [
                    0.8110662698745728,
                    0.5837081670761108,
                    0.038163766264915466,
                    0.0
                ],
                [
                    0.16617701947689056,
                    -0.2924753427505493,
                    0.941723644733429,
                    0.0
                ],
                [
                    1.8697545528411865,
                    -0.11858151853084564,
                    0.47507089376449585,
                    1.0
                ]
            ],
            "location": [
                0.11858151853084564,
                0.47507089376449585,
                -1.8697545528411865
            ],
            "location_world": [
                1.8697545528411865,
                -0.11858151853084564,
                0.47507089376449585
            ],
            "name": "google_Paul_Frank_Dot_Lunch_Box_3",
            "projected_cuboid": [
                [
                    349.0143418312073,
                    48.483073711395264
                ],
                [
                    325.9721100330353,
                    55.961787700653076
                ],
                [
                    306.83887004852295,
                    118.54906380176544
                ],
                [
                    329.4672667980194,
                    113.80179226398468
                ],
                [
                    289.93892669677734,
                    2.1888762712478638
                ],
                [
                    267.83719658851624,
                    12.41302490234375
                ],
                [
                    245.94922363758087,
                    79.11334931850433
                ],
                [
                    267.4439251422882,
                    71.99597358703613
                ],
                [
                    298.8288104534149,
                    63.39791417121887
                ]
            ],
            "provenance": "visii",
            "quaternion_xyzw": [
                -0.6865624189376831,
                0.3342463970184326,
                0.097725510597229,
                0.6382486820220947
            ],
            "quaternion_xyzw_world": [
                0.09410356730222702,
                0.14241734147071838,
                -0.4464195668697357,
                0.8783915042877197
            ],
            "segmentation_id": 4,
            "visibility": 1
        },
        {
            "bounding_box_minx_maxx_miny_maxy": [
                -1,
                -1,
                -1,
                -1
            ],
            "class": "Toys",
            "local_cuboid": null,
            "local_to_world_matrix": [
                [
                    0.09330397844314575,
                    -0.5503939986228943,
                    -0.8296751379966736,
                    0.0
                ],
                [
                    0.6540706753730774,
                    -0.5943868160247803,
                    0.4678631126880646,
                    0.0
                ],
                [
                    -0.7506570219993591,
                    -0.586319625377655,
                    0.30453789234161377,
                    0.0
                ],
                [
                    1.7759395837783813,
                    0.6313089728355408,
                    0.5042296648025513,
                    1.0
                ]
            ],
            "location": [
                -0.6313089728355408,
                0.5042296648025513,
                -1.7759395837783813
            ],
            "location_world": [
                1.7759395837783813,
                0.6313089728355408,
                0.5042296648025513
            ],
            "name": "google_Toys_R_Us_Treat_Dispenser_Smart_Puzzle_Foobler_4",
            "projected_cuboid": [
                [
                    46.83539271354675,
                    81.81095123291016
                ],
                [
                    90.86856245994568,
                    66.37218594551086
                ],
                [
                    71.24848663806915,
                    93.29260885715485
                ],
                [
                    29.002711176872253,
                    109.26887392997742
                ],
                [
                    12.947335839271545,
                    31.970620155334473
                ],
                [
                    59.35563147068024,
                    19.345566630363464
                ],
                [
                    41.575416922569275,
                    49.45757985115051
                ],
                [
                    -2.7634501457214355,
                    63.00029158592224
                ],
                [
                    44.05131936073303,
                    64.68616425991058
                ]
            ],
            "provenance": "visii",
            "quaternion_xyzw": [
                0.28804251551628113,
                -0.20421317219734192,
                0.4279018044471741,
                -0.8320027589797974
            ],
            "quaternion_xyzw_world": [
                -0.5880376100540161,
                -0.04407737776637077,
                0.6718669533729553,
                -0.4481782913208008
            ],
            "segmentation_id": 5,
            "visibility": 0
        },
        {
            "bounding_box_minx_maxx_miny_maxy": [
                -1,
                -1,
                -1,
                -1
            ],
            "class": "Tag",
            "local_cuboid": null,
            "local_to_world_matrix": [
                [
                    0.7518787384033203,
                    -0.018531009554862976,
                    0.6590409874916077,
                    0.0
                ],
                [
                    0.31310421228408813,
                    0.8897266387939453,
                    -0.33219319581985474,
                    0.0
                ],
                [
                    -0.5802105069160461,
                    0.45611751079559326,
                    0.6747686862945557,
                    0.0
                ],
                [
                    0.25001367926597595,
                    -0.3037518858909607,
                    -0.02022710256278515,
                    1.0
                ]
            ],
            "location": [
                0.3037518858909607,
                -0.02022710256278515,
                -0.25001367926597595
            ],
            "location_world": [
                0.25001367926597595,
                -0.3037518858909607,
                -0.02022710256278515
            ],
            "name": "google_Tag_Dishtowel_Basket_Weave_Red_18_x_26_5",
            "projected_cuboid": [
                [
                    1172.4830865859985,
                    19.908830523490906
                ],
                [
                    589.7326469421387,
                    212.2267633676529
                ],
                [
                    597.5079536437988,
                    254.91249561309814
                ],
                [
                    1139.8311853408813,
                    87.83438801765442
                ],
                [
                    2074.15509223938,
                    316.8925642967224
                ],
                [
                    795.9055304527283,
                    524.0059494972229
                ],
                [
                    789.4048094749451,
                    562.9456043243408
                ],
                [
                    1891.3047313690186,
                    402.92319655418396
                ],
                [
                    994.9348568916321,
                    271.59395813941956
                ]
            ],
            "provenance": "visii",
            "quaternion_xyzw": [
                -0.4388945698738098,
                0.13140156865119934,
                0.6880902647972107,
                0.5627051591873169
            ],
            "quaternion_xyzw_world": [
                -0.21643905341625214,
                -0.340249627828598,
                -0.09105396270751953,
                0.910545825958252
            ],
            "segmentation_id": 6,
            "visibility": 0
        },
        {
            "bounding_box_minx_maxx_miny_maxy": [
                189,
                255,
                272,
                324
            ],
            "class": "FRACTION",
            "local_cuboid": null,
            "local_to_world_matrix": [
                [
                    -0.6170698404312134,
                    0.26400619745254517,
                    -0.7412999868392944,
                    0.0
                ],
                [
                    0.525931179523468,
                    0.839099109172821,
                    -0.13895709812641144,
                    0.0
                ],
                [
                    0.5853385925292969,
                    -0.47561901807785034,
                    -0.6566318273544312,
                    0.0
                ],
                [
                    1.8388290405273438,
                    0.08871607482433319,
                    -0.13715581595897675,
                    1.0
                ]
            ],
            "location": [
                -0.08871607482433319,
                -0.13715581595897675,
                -1.8388290405273438
            ],
            "location_world": [
                1.8388290405273438,
                0.08871607482433319,
                -0.13715581595897675
            ],
            "name": "google_FRACTION_FUN_n4h4qte23QR_6",
            "projected_cuboid": [
                [
                    245.99657952785492,
                    324.6121108531952
                ],
                [
                    194.71514225006104,
                    329.14984226226807
                ],
                [
                    187.09099292755127,
                    320.79625129699707
                ],
                [
                    238.69282007217407,
                    315.7125413417816
                ],
                [
                    261.1653208732605,
                    278.3541977405548
                ],
                [
                    211.93374693393707,
                    284.9806249141693
                ],
                [
                    204.96104657649994,
                    276.5091061592102
                ],
                [
                    254.5008659362793,
                    269.3333625793457
                ],
                [
                    224.47073459625244,
                    299.3789315223694
                ]
            ],
            "provenance": "visii",
            "quaternion_xyzw": [
                -0.6042121648788452,
                0.653908908367157,
                -0.4521130323410034,
                -0.054078929126262665
            ],
            "quaternion_xyzw_world": [
                0.22386541962623596,
                0.8821565508842468,
                -0.174168661236763,
                0.37596461176872253
            ],
            "segmentation_id": 7,
            "visibility": 1
        },
        {
            "bounding_box_minx_maxx_miny_maxy": [
                -1,
                -1,
                -1,
                -1
            ],
            "class": "FAIRY",
            "local_cuboid": null,
            "local_to_world_matrix": [
                [
                    0.06773155927658081,
                    0.9759002923965454,
                    0.207439124584198,
                    0.0
                ],
                [
                    -0.179747074842453,
                    0.21645039319992065,
                    -0.9596042037010193,
                    0.0
                ],
                [
                    -0.9813783764839172,
                    0.027708888053894043,
                    0.19007575511932373,
                    0.0
                ],
                [
                    0.3302820324897766,
                    -0.04348496347665787,
                    0.33582088351249695,
                    1.0
                ]
            ],
            "location": [
                0.04348496347665787,
                0.33582088351249695,
                -0.3302820324897766
            ],
            "location_world": [
                0.3302820324897766,
                -0.04348496347665787,
                0.33582088351249695
            ],
            "name": "google_FAIRY_TALE_BLOCKS_7",
            "projected_cuboid": [
                [
                    16.396626830101013,
                    -1982.8667640686035
                ],
                [
                    -460.42633056640625,
                    -1491.7023181915283
                ],
                [
                    45.373231172561646,
                    -199.4396150112152
                ],
                [
                    167.76683926582336,
                    -563.7879967689514
                ],
                [
                    1135.8864307403564,
                    -2033.7157249450684
                ],
                [
                    1231.6080331802368,
                    -1469.077229499817
                ],
                [
                    523.216724395752,
                    -120.71171402931213
                ],
                [
                    585.7111215591431,
                    -513.5853290557861
                ],
                [
                    358.4597408771515,
                    -726.060688495636
                ]
            ],
            "provenance": "visii",
            "quaternion_xyzw": [
                -0.024111956357955933,
                0.0934315174818039,
                0.9895557761192322,
                0.10709084570407867
            ],
            "quaternion_xyzw_world": [
                -0.40657269954681396,
                -0.4895516037940979,
                0.4758922755718231,
                0.6070950627326965
            ],
            "segmentation_id": 8,
            "visibility": 0
        },
        {
            "bounding_box_minx_maxx_miny_maxy": [
                44,
                48,
                1,
                3
            ],
            "class": "Great",
            "local_cuboid": null,
            "local_to_world_matrix": [
                [
                    0.3343302607536316,
                    0.9411661028862,
                    0.04929196834564209,
                    0.0
                ],
                [
                    -0.5954264998435974,
                    0.1703932285308838,
                    0.7851327657699585,
                    0.0
                ],
                [
                    0.7305412888526917,
                    -0.2918434143066406,
                    0.6173628568649292,
                    0.0
                ],
                [
                    0.8016634583473206,
                    0.21552373468875885,
                    0.273453950881958,
                    1.0
                ]
            ],
            "location": [
                -0.21552373468875885,
                0.273453950881958,
                -0.8016634583473206
            ],
            "location_world": [
                0.8016634583473206,
                0.21552373468875885,
                0.273453950881958
            ],
            "name": "google_Great_Jones_Wingtip_kAqSg6EgG0I_8",
            "projected_cuboid": [
                [
                    123.95001947879791,
                    114.37591910362244
                ],
                [
                    55.46353757381439,
                    -99.14472699165344
                ],
                [
                    5.69780170917511,
                    -80.76414465904236
                ],
                [
                    90.54088592529297,
                    148.4457552433014
                ],
                [
                    184.94907021522522,
                    112.56729066371918
                ],
                [
                    127.82391905784607,
                    -111.6572618484497
                ],
                [
                    84.08789336681366,
                    -93.79258751869202
                ],
                [
                    155.90758621692657,
                    147.91211485862732
                ],
                [
                    107.63615369796753,
                    29.18146550655365
                ]
            ],
            "provenance": "visii",
            "quaternion_xyzw": [
                -0.032567091286182404,
                0.9296289682388306,
                0.32614871859550476,
                0.16839346289634705
            ],
            "quaternion_xyzw_world": [
                0.36965328454971313,
                0.23382695019245148,
                0.5274085998535156,
                0.7283691167831421
            ],
            "segmentation_id": 9,
            "visibility": 1
        },
        {
            "bounding_box_minx_maxx_miny_maxy": [
                272,
                344,
                404,
                500
            ],
            "class": "Ecoforms",
            "local_cuboid": null,
            "local_to_world_matrix": [
                [
                    0.8730049729347229,
                    0.04370667040348053,
                    0.4857489764690399,
                    0.0
                ],
                [
                    0.4681275486946106,
                    0.20430666208267212,
                    -0.8597182631492615,
                    0.0
                ],
                [
                    -0.13681718707084656,
                    0.9779307246208191,
                    0.15790045261383057,
                    0.0
                ],
                [
                    1.6712946891784668,
                    -0.2392035275697708,
                    -0.5698172450065613,
                    1.0
                ]
            ],
            "location": [
                0.2392035275697708,
                -0.5698172450065613,
                -1.6712946891784668
            ],
            "location_world": [
                1.6712946891784668,
                -0.2392035275697708,
                -0.5698172450065613
            ],
            "name": "google_Ecoforms_Plant_Container_Quadra_Sand_QP6_9",
            "projected_cuboid": [
                [
                    282.0926010608673,
                    398.602157831192
                ],
                [
                    267.2812044620514,
                    446.71112298965454
                ],
                [
                    322.3567008972168,
                    453.11814546585083
                ],
                [
                    339.83534574508667,
                    405.99143505096436
                ],
                [
                    288.90228271484375,
                    451.54428482055664
                ],
                [
                    272.1851170063019,
                    501.6927123069763
                ],
                [
                    332.7973186969757,
                    507.97533988952637
                ],
                [
                    352.7596890926361,
                    458.93827080726624
                ],
                [
                    307.03163146972656,
                    452.3971378803253
                ]
            ],
            "provenance": "visii",
            "quaternion_xyzw": [
                -0.647918701171875,
                -0.10859474539756775,
                0.7141852378845215,
                0.24155345559120178
            ],
            "quaternion_xyzw_world": [
                -0.6145725846290588,
                -0.2082073837518692,
                -0.14194083213806152,
                0.7475312948226929
            ],
            "segmentation_id": 10,
            "visibility": 1
        },
        {
            "bounding_box_minx_maxx_miny_maxy": [
                -1,
                -1,
                -1,
                -1
            ],
            "class": "ReadytoUse",
            "local_cuboid": null,
            "local_to_world_matrix": [
                [
                    -0.811118483543396,
                    -0.3181258738040924,
                    -0.49079814553260803,
                    0.0
                ],
                [
                    -0.06907684355974197,
                    0.8853725790977478,
                    -0.4597214162349701,
                    0.0
                ],
                [
                    0.5807884931564331,
                    -0.33898571133613586,
                    -0.7401171922683716,
                    0.0
                ],
                [
                    0.18186815083026886,
                    -0.3409815728664398,
                    -0.35396385192871094,
                    1.0
                ]
            ],
            "location": [
                0.3409815728664398,
                -0.35396385192871094,
                -0.18186815083026886
            ],
            "location_world": [
                0.18186815083026886,
                -0.3409815728664398,
                -0.35396385192871094
            ],
            "name": "google_ReadytoUse_Rolled_Fondant_Pure_White_24_oz_box_10",
            "projected_cuboid": [
                [
                    1390.8220529556274,
                    1541.601538658142
                ],
                [
                    1293.081283569336,
                    1620.273470878601
                ],
                [
                    1809.594988822937,
                    2069.74720954895
                ],
                [
                    1965.5301570892334,
                    1922.3896265029907
                ],
                [
                    980.140745639801,
                    1047.663927078247
                ],
                [
                    907.5877666473389,
                    1097.5234508514404
                ],
                [
                    1037.7857685089111,
                    1130.9545040130615
                ],
                [
                    1138.9321088790894,
                    1059.6559047698975
                ],
                [
                    1215.3170108795166,
                    1337.4567031860352
                ]
            ],
            "provenance": "visii",
            "quaternion_xyzw": [
                -0.7678925395011902,
                0.44803494215011597,
                -0.3744352459907532,
                -0.2634463906288147
            ],
            "quaternion_xyzw_world": [
                -0.10443434864282608,
                0.926904559135437,
                -0.21542324125766754,
                0.28902292251586914
            ],
            "segmentation_id": 11,
            "visibility": 0
        },
        {
            "bounding_box_minx_maxx_miny_maxy": [
                -1,
                -1,
                -1,
                -1
            ],
            "class": "Dog",
            "local_cuboid": null,
            "local_to_world_matrix": [
                [
                    -0.8552546501159668,
                    0.3602297902107239,
                    0.37252384424209595,
                    0.0
                ],
                [
                    0.511450469493866,
                    0.4710594415664673,
                    0.7186942100524902,
                    0.0
                ],
                [
                    0.08341416716575623,
                    0.8051940202713013,
                    -0.5871154069900513,
                    0.0
                ],
                [
                    0.9567946791648865,
                    0.5109082460403442,
                    -0.45263242721557617,
                    1.0
                ]
            ],
            "location": [
                -0.5109082460403442,
                -0.45263242721557617,
                -0.9567946791648865
            ],
            "location_world": [
                0.9567946791648865,
                0.5109082460403442,
                -0.45263242721557617
            ],
            "name": "google_Dog_11",
            "projected_cuboid": [
                [
                    -240.59966206550598,
                    683.1908822059631
                ],
                [
                    -247.3554015159607,
                    550.6099462509155
                ],
                [
                    -149.315744638443,
                    477.98192501068115
                ],
                [
                    -130.8731734752655,
                    604.7346591949463
                ],
                [
                    -96.17692232131958,
                    650.1688361167908
                ],
                [
                    -114.02696371078491,
                    543.9184308052063
                ],
                [
                    -31.630665063858032,
                    484.26806926727295
                ],
                [
                    -5.693525075912476,
                    586.6316556930542
                ],
                [
                    -121.09377980232239,
                    569.4302320480347
                ]
            ],
            "provenance": "visii",
            "quaternion_xyzw": [
                -0.033504366874694824,
                0.7352445125579834,
                -0.3735376000404358,
                -0.564590573310852
            ],
            "quaternion_xyzw_world": [
                0.25534358620643616,
                0.8534385561943054,
                0.4463965892791748,
                -0.084689661860466
            ],
            "segmentation_id": 12,
            "visibility": 0
        },
        {
            "bounding_box_minx_maxx_miny_maxy": [
                -1,
                -1,
                -1,
                -1
            ],
            "class": "Black",
            "local_cuboid": null,
            "local_to_world_matrix": [
                [
                    0.39349788427352905,
                    0.6715807914733887,
                    0.6278048753738403,
                    0.0
                ],
                [
                    0.912508487701416,
                    -0.20231449604034424,
                    -0.3555244207382202,
                    0.0
                ],
                [
                    -0.11174938082695007,
                    0.7127753496170044,
                    -0.6924334764480591,
                    0.0
                ],
                [
                    0.3931370973587036,
                    -0.4460683763027191,
                    0.05376284569501877,
                    1.0
                ]
            ],
            "location": [
                0.4460683763027191,
                0.05376284569501877,
                -0.3931370973587036
            ],
            "location_world": [
                0.3931370973587036,
                -0.4460683763027191,
                0.05376284569501877
            ],
            "name": "google_Black_Elderberry_Syrup_54_oz_Gaia_Herbs_12",
            "projected_cuboid": [
                [
                    780.512809753418,
                    280.59446811676025
                ],
                [
                    728.9849519729614,
                    307.16487765312195
                ],
                [
                    855.7051420211792,
                    164.41865265369415
                ],
                [
                    923.1234788894653,
                    118.59586834907532
                ],
                [
                    884.0956091880798,
                    346.53910994529724
                ],
                [
                    815.3923749923706,
                    365.57474732398987
                ],
                [
                    945.6535577774048,
                    212.66254782676697
                ],
                [
                    1031.0070514678955,
                    171.26642167568207
                ],
                [
                    868.1929707527161,
                    244.52649056911469
                ]
            ],
            "provenance": "visii",
            "quaternion_xyzw": [
                0.3782177269458771,
                0.5487046241760254,
                -0.7312412261962891,
                -0.145468607544899
            ],
            "quaternion_xyzw_world": [
                0.7563474774360657,
                0.5235983729362488,
                0.1705748736858368,
                -0.3531114459037781
            ],
            "segmentation_id": 13,
            "visibility": 0
        },
        {
            "bounding_box_minx_maxx_miny_maxy": [
                -1,
                -1,
                -1,
                -1
            ],
            "class": "Razer",
