{
    "camera_data": {
        "camera_look_at": {
            "at": [
                1.0,
                0.0,
                0.0
            ],
            "eye": [
                0.0,
                0.0,
                0.0
            ],
            "up": [
                0.0,
                0.0,
                1.0
            ]
        },
        "camera_view_matrix": [
            [
                0.0,
                0.0,
                -1.0,
                0.0
            ],
            [
                -1.0,
                0.0,
                0.0,
                0.0
            ],
            [
                0.0,
                1.0,
                0.0,
                0.0
            ],
            [
                0.0,
                0.0,
                0.0,
                1.0
            ]
        ],
        "height": 500,
        "intrinsics": {
            "cx": 250.0,
            "cy": 250.0,
            "fx": 603.5535278320312,
            "fy": 603.5535278320312
        },
        "location_world": [
            0.0,
            0.0,
            0.0
        ],
        "quaternion_world_xyzw": [
            0.5,
            -0.5,
            -0.5,
            0.5
        ],
        "width": 500
    },
    "objects": [
        {
            "bounding_box_minx_maxx_miny_maxy": [
                -1,
                -1,
                -1,
                -1
            ],
            "class": "Reebok",
            "local_cuboid": null,
            "local_to_world_matrix": [
                [
                    0.3796677589416504,
                    -0.874922513961792,
                    -0.3006041944026947,
                    0.0
                ],
                [
                    -0.60480797290802,
                    0.011135876178741455,
                    -0.7962934970855713,
                    0.0
                ],
                [
                    0.7000426054000854,
                    0.4841347932815552,
                    -0.5249321460723877,
                    0.0
                ],
                [
                    0.40032610297203064,
                    0.0482216514647007,
                    0.4326961040496826,
                    1.0
                ]
            ],
            "location": [
                -0.0482216514647007,
                0.4326961040496826,
                -0.40032610297203064
            ],
            "location_world": [
                0.40032610297203064,
                0.0482216514647007,
                0.4326961040496826
            ],
            "name": "google_Reebok_SOMERSET_RUN_0",
            "projected_cuboid": [
                [
                    195.5348551273346,
                    -231.00164532661438
                ],
                [
                    167.53187775611877,
                    -97.0715582370758
                ],
                [
                    249.22454357147217,
                    -292.1101450920105
                ],
                [
                    253.34864854812622,
                    -379.7145485877991
                ],
                [
                    82.65037834644318,
                    -305.89258670806885
                ],
                [
                    -2.3429691791534424,
                    -192.18739867210388
                ],
                [
                    43.85760426521301,
                    -442.63118505477905
                ],
                [
                    126.1344850063324,
                    -481.26375675201416
                ],
                [
                    145.59218287467957,
                    -300.68469047546387
                ]
            ],
            "provenance": "visii",
            "quaternion_xyzw": [
                0.9180493354797363,
                -0.08489198237657547,
                -0.23522770404815674,
                0.30764690041542053
            ],
            "quaternion_xyzw_world": [
                0.6880159974098206,
                -0.5376802682876587,
                0.14514140784740448,
                -0.4652610719203949
            ],
            "segmentation_id": 1,
            "visibility": 0
        },
        {
            "bounding_box_minx_maxx_miny_maxy": [
                -1,
                -1,
                -1,
                -1
            ],
            "class": "Breyer",
            "local_cuboid": null,
            "local_to_world_matrix": [
                [
                    0.6091463565826416,
                    -0.4398934841156006,
                    0.6598745584487915,
                    0.0
                ],
                [
                    0.09662388265132904,
                    0.8670313358306885,
                    0.4887949526309967,
                    0.0
                ],
                [
                    -0.7871496677398682,
                    -0.23398801684379578,
                    0.5706532001495361,
                    0.0
                ],
                [
                    0.40789029002189636,
                    -0.4027542769908905,
                    -0.34871551394462585,
                    1.0
                ]
            ],
            "location": [
                0.4027542769908905,
                -0.34871551394462585,
                -0.40789029002189636
            ],
            "location_world": [
                0.40789029002189636,
                -0.4027542769908905,
                -0.34871551394462585
            ],
            "name": "google_Breyer_Horse_Of_The_Year_2015_1",
            "projected_cuboid": [
                [
                    1112.7660274505615,
                    580.1233053207397
                ],
                [
                    1016.1087512969971,
                    528.0377268791199
                ],
                [
                    779.907763004303,
                    567.8863525390625
                ],
                [
                    849.3772745132446,
                    607.2739362716675
                ],
                [
                    1391.3990259170532,
                    1222.312331199646
                ],
                [
                    1226.226568222046,
                    1120.9120750427246
                ],
                [
                    818.6423778533936,
                    968.0699110031128
                ],
                [
                    917.8383350372314,
                    1030.580997467041
                ],
                [
                    968.7883257865906,
                    770.028829574585
                ]
            ],
            "provenance": "visii",
            "quaternion_xyzw": [
                -0.20245303213596344,
                0.25580841302871704,
                0.46326592564582825,
                0.8239900469779968
            ],
            "quaternion_xyzw_world": [
                0.2070397585630417,
                -0.4144972264766693,
                -0.1536843478679657,
                0.872758686542511
            ],
            "segmentation_id": 2,
            "visibility": 0
        },
        {
            "bounding_box_minx_maxx_miny_maxy": [
                66,
                209,
                1,
                66
            ],
            "class": "Smith",
            "local_cuboid": null,
            "local_to_world_matrix": [
                [
                    -0.06321573257446289,
                    0.9963793158531189,
                    0.05685067176818848,
                    0.0
                ],
                [
                    0.6419692635536194,
                    0.08421283960342407,
                    -0.7620916366577148,
                    0.0
                ],
                [
                    -0.7641199231147766,
                    -0.01167982816696167,
                    -0.6449685096740723,
                    0.0
                ],
                [
                    1.6323610544204712,
                    0.2731405198574066,
                    0.7155632376670837,
                    1.0
                ]
            ],
            "location": [
                -0.2731405198574066,
                0.7155632376670837,
                -1.6323610544204712
            ],
            "location_world": [
                1.6323610544204712,
                0.2731405198574066,
                0.7155632376670837
            ],
            "name": "google_Smith_Hawken_Woven_BasketTray_Organizer_with_3_Compartments_95_x_9_x_13_2",
            "projected_cuboid": [
                [
                    51.17201805114746,
                    -45.586198568344116
                ],
                [
                    64.38365578651428,
                    66.16191565990448
                ],
                [
                    85.66205203533173,
                    26.883885264396667
                ],
                [
                    76.50373876094818,
                    -74.15801286697388
                ],
                [
                    214.68624472618103,
                    -31.470924615859985
                ],
                [
                    209.9161446094513,
                    77.06522941589355
                ],
                [
                    213.58942985534668,
                    37.00856864452362
                ],
                [
                    218.12079846858978,
                    -61.48326396942139
                ],
                [
                    142.83326268196106,
                    1.0266304016113281
                ]
            ],
            "provenance": "visii",
            "quaternion_xyzw": [
                -0.019952386617660522,
                0.3428438901901245,
                -0.9384282827377319,
                -0.0375797301530838
            ],
            "quaternion_xyzw_world": [
                0.6118700504302979,
                0.6694021821022034,
                -0.28897854685783386,
                -0.30660587549209595
            ],
            "segmentation_id": 3,
            "visibility": 1
        },
        {
            "bounding_box_minx_maxx_miny_maxy": [
                -1,
                -1,
                -1,
                -1
            ],
            "class": "Paul",
            "local_cuboid": null,
            "local_to_world_matrix": [
                [
                    -0.4738287925720215,
                    -0.293183296918869,
                    -0.8303796648979187,
                    0.0
                ],
                [
                    0.2312772125005722,
                    0.8684203624725342,
                    -0.4385851323604584,
                    0.0
                ],
                [
                    0.8497044444084167,
                    -0.39986202120780945,
                    -0.3436760902404785,
                    0.0
                ],
                [
                    1.6892595291137695,
                    0.026355933398008347,
                    0.7389425039291382,
                    1.0
                ]
            ],
            "location": [
                -0.026355933398008347,
                0.7389425039291382,
                -1.6892595291137695
            ],
            "location_world": [
                1.6892595291137695,
                0.026355933398008347,
                0.7389425039291382
            ],
            "name": "google_Paul_Frank_Dot_Lunch_Box_3",
            "projected_cuboid": [
                [
                    300.65271258354187,
                    59.027016162872314
                ],
                [
                    269.1580057144165,
                    77.18120515346527
                ],
                [
                    237.29737102985382,
                    27.028605341911316
                ],
                [
                    272.14643359184265,
                    5.881309509277344
                ],
                [
                    273.3108699321747,
                    3.148004412651062
                ],
                [
                    244.16878819465637,
                    20.857974886894226
                ],
                [
                    211.76952123641968,
                    -32.041311264038086
                ],
                [
                    243.7506914138794,
                    -52.51854658126831
                ],
                [
                    256.80011510849,
                    14.09633457660675
                ]
            ],
            "provenance": "visii",
            "quaternion_xyzw": [
                -0.803348183631897,
                0.5286625623703003,
                -0.27189043164253235,
                -0.034978196024894714
            ],
            "quaternion_xyzw_world": [
                -0.018886711448431015,
                0.8194396495819092,
                -0.25579893589019775,
                0.5125710368156433
            ],
            "segmentation_id": 4,
            "visibility": 0
        },
        {
            "bounding_box_minx_maxx_miny_maxy": [
                -1,
                -1,
                -1,
                -1
            ],
            "class": "Toys",
            "local_cuboid": null,
            "local_to_world_matrix": [
                [
                    -0.6462528705596924,
                    0.06320160627365112,
                    0.7605017423629761,
                    0.0
                ],
                [
                    -0.7546675205230713,
                    -0.2008730173110962,
                    -0.6246016025543213,
                    0.0
                ],
                [
                    0.11328840255737305,
                    -0.977576494216919,
                    0.17751085758209229,
                    0.0
                ],
                [
                    1.8548821210861206,
                    0.7431062459945679,
                    0.15194004774093628,
                    1.0
                ]
            ],
            "location": [
                -0.7431062459945679,
                0.15194004774093628,
                -1.8548821210861206
            ],
            "location_world": [
                1.8548821210861206,
                0.7431062459945679,
                0.15194004774093628
            ],
            "name": "google_Toys_R_Us_Treat_Dispenser_Smart_Puzzle_Foobler_4",
            "projected_cuboid": [
                [
                    53.08695137500763,
                    158.1849306821823
                ],
                [
                    50.69957673549652,
                    185.02694368362427
                ],
                [
                    -3.117084503173828,
                    193.79234313964844
                ],
                [
                    2.647772431373596,
                    166.15337133407593
                ],
                [
                    66.00958108901978,
                    198.6822634935379
                ],
                [
                    64.55537676811218,
                    226.60769522190094
                ],
                [
                    13.782888650894165,
                    235.28990149497986
                ],
                [
                    18.254131078720093,
                    206.60343766212463
                ],
                [
                    33.61177444458008,
                    196.39047980308533
                ]
            ],
            "provenance": "visii",
            "quaternion_xyzw": [
                0.6470487713813782,
                0.37144598364830017,
                0.6273984313011169,
                0.22299575805664062
            ],
            "quaternion_xyzw_world": [
                0.3070460855960846,
                -0.5629984736442566,
                0.7114486694335938,
                0.2873956859111786
            ],
            "segmentation_id": 5,
            "visibility": 0
        },
        {
            "bounding_box_minx_maxx_miny_maxy": [
                488,
                499,
                1,
                91
            ],
            "class": "Tag",
            "local_cuboid": null,
            "local_to_world_matrix": [
                [
                    -0.7309050559997559,
                    -0.6724550127983093,
                    0.11654168367385864,
                    0.0
                ],
                [
                    0.10993528366088867,
                    0.05252575874328613,
                    0.9925498962402344,
                    0.0
                ],
                [
                    -0.6735665798187256,
                    0.7382718324661255,
                    0.035535216331481934,
                    0.0
                ],
                [
                    0.3300967812538147,
                    -0.22930380702018738,
                    0.07248205691576004,
                    1.0
                ]
            ],
            "location": [
                0.22930380702018738,
                0.07248205691576004,
                -0.3300967812538147
            ],
            "location_world": [
                0.3300967812538147,
                -0.22930380702018738,
                0.07248205691576004
            ],
            "name": "google_Tag_Dishtowel_Basket_Weave_Red_18_x_26_5",
            "projected_cuboid": [
                [
                    945.457935333252,
                    333.65046977996826
                ],
                [
                    847.4939465522766,
                    -217.27654337882996
                ],
                [
                    852.8491854667664,
                    -175.53797364234924
                ],
                [
                    942.3361420631409,
                    328.88296246528625
                ],
                [
                    507.93206691741943,
                    338.0529284477234
                ],
                [
                    471.28692269325256,
                    -33.37588906288147
                ],
                [
                    496.7835545539856,
                    -15.120238065719604
                ],
                [
                    532.8831672668457,
                    334.57785844802856
                ],
                [
                    659.9408388137817,
                    111.70777678489685
                ]
            ],
            "provenance": "visii",
            "quaternion_xyzw": [
                0.03980746865272522,
                0.4020349085330963,
                -0.04626467823982239,
                -0.9135879278182983
            ],
            "quaternion_xyzw_world": [
                -0.21274042129516602,
                0.6610400080680847,
                0.6545827984809875,
                -0.2988125681877136
            ],
            "segmentation_id": 6,
            "visibility": 1
        },
        {
            "bounding_box_minx_maxx_miny_maxy": [
                0,
                40,
                312,
                379
            ],
            "class": "FRACTION",
            "local_cuboid": null,
            "local_to_world_matrix": [
                [
                    0.06746608018875122,
                    -0.5558211207389832,
                    0.8285597562789917,
                    0.0
                ],
                [
                    -0.8841320872306824,
                    0.35152268409729004,
                    0.30780231952667236,
                    0.0
                ],
                [
                    -0.4623405933380127,
                    -0.7533224821090698,
                    -0.46770334243774414,
                    0.0
                ],
                [
                    1.4792797565460205,
                    0.629074215888977,
                    -0.22775916755199432,
                    1.0
                ]
            ],
            "location": [
                -0.629074215888977,
                -0.22775916755199432,
                -1.4792797565460205
            ],
            "location_world": [
                1.4792797565460205,
                0.629074215888977,
                -0.22775916755199432
            ],
            "name": "google_FRACTION_FUN_n4h4qte23QR_6",
            "projected_cuboid": [
                [
                    49.585774540901184,
                    329.8189640045166
                ],
                [
                    -3.7292540073394775,
                    314.0438199043274
                ],
                [
                    -14.269322156906128,
                    304.2994737625122
                ],
                [
                    39.48134183883667,
                    320.9097385406494
                ],
                [
                    9.800851345062256,
                    387.44229078292847
                ],
                [
                    -48.832446336746216,
                    378.5673975944519
                ],
                [
                    -58.80507826805115,
                    367.8002059459686
                ],
                [
                    0.13700127601623535,
                    377.71618366241455
                ],
                [
                    -1.6805529594421387,
                    347.7832078933716
                ]
            ],
            "provenance": "visii",
            "quaternion_xyzw": [
                -0.4431924521923065,
                -0.26909139752388,
                -0.38688406348228455,
                -0.7625555992126465
            ],
            "quaternion_xyzw_world": [
                -0.543977677822113,
                0.6617703437805176,
                -0.1683061718940735,
                -0.48766928911209106
            ],
            "segmentation_id": 7,
            "visibility": 1
        },
        {
            "bounding_box_minx_maxx_miny_maxy": [
                -1,
                -1,
                -1,
                -1
            ],
            "class": "FAIRY",
            "local_cuboid": null,
            "local_to_world_matrix": [
                [
                    0.18448376655578613,
                    0.8764188289642334,
                    -0.4448101222515106,
                    0.0
                ],
                [
                    -0.507293701171875,
                    -0.3027200698852539,
                    -0.8068544268608093,
                    0.0
                ],
                [
                    -0.8417950868606567,
                    0.3745010495185852,
                    0.38875454664230347,
                    0.0
                ],
                [
                    0.3183910846710205,
                    -0.07835038751363754,
                    0.3921561539173126,
                    1.0
                ]
            ],
            "location": [
                0.07835038751363754,
                0.3921561539173126,
                -0.3183910846710205
            ],
            "location_world": [
                0.3183910846710205,
                -0.07835038751363754,
                0.3921561539173126
            ],
            "name": "google_FAIRY_TALE_BLOCKS_7",
            "projected_cuboid": [
                [
                    -172.30576276779175,
                    -1199.883222579956
                ],
                [
                    -269.0777778625488,
                    -1962.8026485443115
                ],
                [
                    270.4637944698334,
                    -255.96624612808228
                ],
                [
                    145.2169418334961,
                    -405.35420179367065
                ],
                [
                    465.7403230667114,
                    -1958.010196685791
                ],
                [
                    2370.699882507324,
                    -6086.307048797607
                ],
                [
                    848.0587601661682,
                    -648.2380032539368
                ],
                [
                    493.0497407913208,
                    -671.1037158966064
                ],
                [
                    346.57514095306396,
                    -919.3578958511353
                ]
            ],
            "provenance": "visii",
            "quaternion_xyzw": [
                -0.14886289834976196,
                0.23862597346305847,
                0.9387582540512085,
                -0.1990741789340973
            ],
            "quaternion_xyzw_world": [
                -0.5240346789360046,
                -0.17609764635562897,
                0.6137977838516235,
                0.5635864734649658
            ],
            "segmentation_id": 8,
            "visibility": 0
        },
        {
            "bounding_box_minx_maxx_miny_maxy": [
                -1,
                -1,
                -1,
                -1
            ],
            "class": "Great",
            "local_cuboid": null,
            "local_to_world_matrix": [
                [
                    0.1581709384918213,
                    -0.8456568717956543,
                    0.5097514390945435,
                    0.0
                ],
                [
                    -0.698858380317688,
                    0.2688255310058594,
                    0.6628196239471436,
                    0.0
                ],
                [
                    -0.6975520849227905,
                    -0.4610828161239624,
                    -0.5484739542007446,
                    0.0
                ],
                [
                    1.4217257499694824,
                    0.4764844477176666,
                    0.18054383993148804,
                    1.0
                ]
            ],
            "location": [
                -0.4764844477176666,
                0.18054383993148804,
                -1.4217257499694824
            ],
            "location_world": [
                1.4217257499694824,
                0.4764844477176666,
                0.18054383993148804
            ],
            "name": "google_Great_Jones_Wingtip_kAqSg6EgG0I_8",
            "projected_cuboid": [
                [
                    111.50375008583069,
                    232.20035433769226
                ],
                [
                    46.43815755844116,
                    128.59207391738892
                ],
                [
                    34.708067774772644,
                    107.3903739452362
                ],
                [
                    98.08200597763062,
                    208.66230130195618
                ],
                [
                    70.45881450176239,
                    255.70648908615112
                ],
                [
                    -2.850174903869629,
                    154.7951102256775
                ],
                [
                    -11.739552021026611,
                    131.71298801898956
                ],
                [
                    59.0214878320694,
                    230.6709885597229
                ],
                [
                    53.36669087409973,
                    184.79788303375244
                ]
            ],
            "provenance": "visii",
            "quaternion_xyzw": [
                -0.34831205010414124,
                -0.17292389273643494,
                -0.21741417050361633,
                -0.8952693343162537
            ],
            "quaternion_xyzw_world": [
                -0.5995455384254456,
                0.644035816192627,
                0.07830961048603058,
                -0.46864765882492065
            ],
            "segmentation_id": 9,
            "visibility": 0
        },
        {
            "bounding_box_minx_maxx_miny_maxy": [
                268,
                345,
                383,
                453
            ],
            "class": "Ecoforms",
            "local_cuboid": null,
            "local_to_world_matrix": [
                [
                    0.2198859453201294,
                    -0.18520870804786682,
                    0.9577828645706177,
                    0.0
                ],
                [
                    -0.6017500162124634,
                    -0.7985188961029053,
                    -0.016262859106063843,
                    0.0
                ],
                [
                    0.7678197622299194,
                    -0.5727697610855103,
                    -0.2870323657989502,
                    0.0
                ],
                [
                    1.7906575202941895,
                    -0.11215928196907043,
                    -0.48042038083076477,
                    1.0
                ]
            ],
            "location": [
                0.11215928196907043,
                -0.48042038083076477,
                -1.7906575202941895
            ],
            "location_world": [
                1.7906575202941895,
                -0.11215928196907043,
                -0.48042038083076477
            ],
            "name": "google_Ecoforms_Plant_Container_Quadra_Sand_QP6_9",
            "projected_cuboid": [
                [
                    295.4216003417969,
                    381.7470967769623
                ],
                [
                    346.8250036239624,
                    390.73967933654785
                ],
                [
                    320.75825333595276,
                    384.4786286354065
                ],
                [
                    267.39150285720825,
                    375.2467632293701
                ],
                [
                    285.5164408683777,
                    440.81491231918335
                ],
                [
                    337.47267723083496,
                    453.68093252182007
                ],
                [
                    310.0621700286865,
                    452.0227611064911
                ],
                [
                    256.14258646965027,
                    438.34930658340454
                ],
                [
                    302.17835307121277,
                    414.17980194091797
                ]
            ],
            "provenance": "visii",
            "quaternion_xyzw": [
                0.7016571760177612,
                0.6257691383361816,
                0.12573227286338806,
                0.31667256355285645
            ],
            "quaternion_xyzw_world": [
                0.7591833472251892,
                -0.25914645195007324,
                0.5682430267333984,
                0.18325841426849365
            ],
            "segmentation_id": 10,
            "visibility": 1
        },
        {
            "bounding_box_minx_maxx_miny_maxy": [
                -1,
                -1,
                -1,
                -1
            ],
            "class": "ReadytoUse",
            "local_cuboid": null,
            "local_to_world_matrix": [
                [
                    -0.9907891750335693,
                    0.09174616634845734,
                    0.09960030764341354,
                    0.0
                ],
                [
                    -0.02732979878783226,
                    0.584900438785553,
                    -0.8106446266174316,
                    0.0
                ],
                [
                    -0.13262978196144104,
                    -0.8058996200561523,
                    -0.5770057439804077,
                    0.0
                ],
                [
                    0.24240456521511078,
                    -0.27882954478263855,
                    -0.4121037721633911,
                    1.0
                ]
            ],
            "location": [
                0.27882954478263855,
                -0.4121037721633911,
                -0.24240456521511078
            ],
            "location_world": [
                0.24240456521511078,
                -0.27882954478263855,
                -0.4121037721633911
            ],
            "name": "google_ReadytoUse_Rolled_Fondant_Pure_White_24_oz_box_10",
            "projected_cuboid": [
                [
                    1841.3166999816895,
                    2066.3390159606934
                ],
                [
                    1745.8709478378296,
                    2232.515573501587
                ],
                [
                    1110.1410388946533,
                    1665.1173830032349
                ],
                [
                    1198.5843181610107,
                    1523.4136581420898
                ],
                [
                    1183.0570697784424,
                    1313.6605024337769
                ],
                [
                    1125.5688667297363,
                    1404.6423435211182
                ],
                [
                    789.3339991569519,
                    1124.845266342163
                ],
                [
                    844.073235988617,
                    1041.8049097061157
                ],
                [
                    1154.4383764266968,
                    1451.6031742095947
                ]
            ],
            "provenance": "visii",
            "quaternion_xyzw": [
                -0.6297358274459839,
                0.19266030192375183,
                -0.7132707238197327,
                -0.23991623520851135
            ],
            "quaternion_xyzw_world": [
                0.018139494583010674,
                0.8877915740013123,
                -0.4552150368690491,
                -0.06539544463157654
            ],
            "segmentation_id": 11,
            "visibility": 0
        },
        {
            "bounding_box_minx_maxx_miny_maxy": [
                436,
                499,
                178,
                286
            ],
            "class": "Dog",
            "local_cuboid": null,
            "local_to_world_matrix": [
                [
                    0.6273449659347534,
                    0.6086063981056213,
                    -0.4858359098434448,
                    0.0
                ],
                [
                    -0.7033961415290833,
                    0.1751328706741333,
                    -0.6888849139213562,
                    0.0
                ],
                [
                    -0.33417391777038574,
                    0.7739035487174988,
                    0.5379601120948792,
                    0.0
                ],
                [
                    0.8261503577232361,
                    -0.44183996319770813,
                    -0.03572133928537369,
                    1.0
                ]
            ],
            "location": [
                0.44183996319770813,
                -0.03572133928537369,
                -0.8261503577232361
            ],
            "location_world": [
                0.8261503577232361,
                -0.44183996319770813,
                -0.03572133928537369
            ],
            "name": "google_Dog_11",
            "projected_cuboid": [
                [
                    405.59279918670654,
                    197.84054160118103
                ],
                [
                    406.49959444999695,
                    289.72023725509644
                ],
                [
                    505.5358409881592,
                    364.0735149383545
                ],
                [
                    491.261750459671,
                    268.4478759765625
                ],
                [
                    548.765242099762,
                    97.46766090393066
                ],
                [
                    579.9994468688965,
                    189.7178441286087
                ],
                [
                    683.1873059272766,
                    289.4405126571655
                ],
                [
                    638.0131244659424,
                    188.7587308883667
                ],
                [
                    526.0453224182129,
                    237.5871241092682
                ]
            ],
            "provenance": "visii",
            "quaternion_xyzw": [
                -0.4318867623806,
                0.3826054334640503,
                0.8111204504966736,
                -0.09576351940631866
            ],
            "quaternion_xyzw_world": [
                -0.4780826270580292,
                0.04956763610243797,
                0.4288012981414795,
                0.7649245262145996
            ],
            "segmentation_id": 12,
            "visibility": 1
        },
        {
            "bounding_box_minx_maxx_miny_maxy": [
                -1,
                -1,
                -1,
                -1
            ],
            "class": "Black",
            "local_cuboid": null,
            "local_to_world_matrix": [
                [
                    0.9370471239089966,
                    0.14541217684745789,
                    0.317486971616745,
                    0.0
                ],
                [
                    0.34818384051322937,
                    -0.4584667682647705,
                    -0.8176651000976562,
                    0.0
                ],
                [
                    0.02665877342224121,
                    0.8767346143722534,
                    -0.48023521900177,
                    0.0
                ],
                [
                    0.39626583456993103,
                    -0.35596218705177307,
                    -0.04792581498622894,
                    1.0
                ]
            ],
            "location": [
                0.35596218705177307,
                -0.04792581498622894,
                -0.39626583456993103
            ],
            "location_world": [
                0.39626583456993103,
                -0.35596218705177307,
                -0.04792581498622894
            ],
            "name": "google_Black_Elderberry_Syrup_54_oz_Gaia_Herbs_12",
            "projected_cuboid": [
                [
                    555.7312369346619,
                    372.28238582611084
                ],
                [
                    578.744113445282,
                    433.2317113876343
                ],
                [
                    758.8874101638794,
                    337.8008306026459
                ],
                [
                    744.6389198303223,
                    271.5231478214264
                ],
                [
                    614.6246790885925,
                    420.46812176704407
                ],
                [
                    637.690544128418,
                    487.33872175216675
                ],
                [
                    843.8293933868408,
                    379.0059983730316
                ],
                [
                    832.3225378990173,
                    305.21005392074585
                ],
                [
                    693.1182742118835,
                    375.4887282848358
                ]
            ],
            "provenance": "visii",
            "quaternion_xyzw": [
                0.6517115831375122,
                0.2976599633693695,
                -0.6957762837409973,
                0.05065559223294258
            ],
            "quaternion_xyzw_world": [
                0.8479017019271851,
                0.14553456008434296,
                0.10146982222795486,
                -0.4995861351490021
            ],
            "segmentation_id": 13,
            "visibility": 0
        },
        {
            "bounding_box_minx_maxx_miny_maxy": [
                166,
                186,
                17,
                31
            ],
