{
    "camera_data": {
        "camera_look_at": {
            "at": [
                1.0,
                0.0,
                0.0
            ],
            "eye": [
                0.0,
                0.0,
                0.0
            ],
            "up": [
                0.0,
                0.0,
                1.0
            ]
        },
        "camera_view_matrix": [
            [
                0.0,
                0.0,
                -1.0,
                0.0
            ],
            [
                -1.0,
                0.0,
                0.0,
                0.0
            ],
            [
                0.0,
                1.0,
                0.0,
                0.0
            ],
            [
                0.0,
                0.0,
                0.0,
                1.0
            ]
        ],
        "height": 500,
        "intrinsics": {
            "cx": 250.0,
            "cy": 250.0,
            "fx": 603.5535278320312,
            "fy": 603.5535278320312
        },
        "location_world": [
            0.0,
            0.0,
            0.0
        ],
        "quaternion_world_xyzw": [
            0.5,
            -0.5,
            -0.5,
            0.5
        ],
        "width": 500
    },
    "objects": [
        {
            "bounding_box_minx_maxx_miny_maxy": [
                -1,
                -1,
                -1,
                -1
            ],
            "class": "Reebok",
            "local_cuboid": null,
            "local_to_world_matrix": [
                [
                    -0.1823883056640625,
                    0.8894656896591187,
                    0.41902920603752136,
                    0.0
                ],
                [
                    0.18932998180389404,
                    0.44997334480285645,
                    -0.8727418184280396,
                    0.0
                ],
                [
                    -0.9648257493972778,
                    -0.07984304428100586,
                    -0.25047242641448975,
                    0.0
                ],
                [
                    0.5158393979072571,
                    -0.04874517396092415,
                    0.4605504870414734,
                    1.0
                ]
            ],
            "location": [
                0.04874517396092415,
                0.4605504870414734,
                -0.5158393979072571
            ],
            "location_world": [
                0.5158393979072571,
                -0.04874517396092415,
                0.4605504870414734
            ],
            "name": "google_Reebok_SOMERSET_RUN_0",
            "projected_cuboid": [
                [
                    371.5207278728485,
                    -711.4647626876831
                ],
                [
                    166.89343750476837,
                    -219.13465857505798
                ],
                [
                    173.85810613632202,
                    -153.5104513168335
                ],
                [
                    331.33211731910706,
                    -522.8397846221924
                ],
                [
                    521.818220615387,
                    -586.401104927063
                ],
                [
                    307.8780472278595,
                    -132.68649578094482
                ],
                [
                    286.0731780529022,
                    -86.98311448097229
                ],
                [
                    449.5169222354889,
                    -433.6671829223633
                ],
                [
                    320.06436586380005,
                    -335.4029655456543
                ]
            ],
            "provenance": "visii",
            "quaternion_xyzw": [
                0.06791609525680542,
                -0.11390583217144012,
                0.965276300907135,
                0.22506575286388397
            ],
            "quaternion_xyzw_world": [
                -0.3931001126766205,
                -0.6860820055007935,
                0.34711042046546936,
                0.5042600631713867
            ],
            "segmentation_id": 1,
            "visibility": 0
        },
        {
            "bounding_box_minx_maxx_miny_maxy": [
                -1,
                -1,
                -1,
                -1
            ],
            "class": "Breyer",
            "local_cuboid": null,
            "local_to_world_matrix": [
                [
                    0.9338297247886658,
                    0.15086433291435242,
                    0.3243485689163208,
                    0.0
                ],
                [
                    -0.33543282747268677,
                    0.05427032709121704,
                    0.9404996633529663,
                    0.0
                ],
                [
                    0.12428535521030426,
                    -0.9870636463165283,
                    0.10128408670425415,
                    0.0
                ],
                [
                    0.4249918758869171,
                    -0.37323063611984253,
                    -0.1895972341299057,
                    1.0
                ]
            ],
            "location": [
                0.37323063611984253,
                -0.1895972341299057,
                -0.4249918758869171
            ],
            "location_world": [
                0.4249918758869171,
                -0.37323063611984253,
                -0.1895972341299057
            ],
            "name": "google_Breyer_Horse_Of_The_Year_2015_1",
            "projected_cuboid": [
                [
                    796.4972257614136,
                    419.18665170669556
                ],
                [
                    812.5339150428772,
                    364.7691607475281
                ],
                [
                    658.4022045135498,
                    386.86877489089966
                ],
                [
                    647.3059058189392,
                    442.40885972976685
                ],
                [
                    1199.2512941360474,
                    656.0970544815063
                ],
                [
                    1249.8364448547363,
                    579.6983242034912
                ],
                [
                    1014.3899917602539,
                    630.6881904602051
                ],
                [
                    974.823534488678,
                    708.5213661193848
                ],
                [
                    873.5234141349792,
                    493.9535856246948
                ]
            ],
            "provenance": "visii",
            "quaternion_xyzw": [
                0.0907212644815445,
                0.7442528605461121,
                0.14669638872146606,
                0.6452422142028809
            ],
            "quaternion_xyzw_world": [
                0.6667599678039551,
                -0.06920350342988968,
                0.16821417212486267,
                0.7227351069450378
            ],
            "segmentation_id": 2,
            "visibility": 0
        },
        {
            "bounding_box_minx_maxx_miny_maxy": [
                112,
                113,
                1,
                1
            ],
            "class": "Smith",
            "local_cuboid": null,
            "local_to_world_matrix": [
                [
                    0.9601749181747437,
                    -0.2506149411201477,
                    -0.12351608276367188,
                    0.0
                ],
                [
                    -0.12988990545272827,
                    -0.7917895317077637,
                    0.5968231558799744,
                    0.0
                ],
                [
                    -0.24737155437469482,
                    -0.5570111870765686,
                    -0.7928088903427124,
                    0.0
                ],
                [
                    1.7751095294952393,
                    0.3214341700077057,
                    0.7354702353477478,
                    1.0
                ]
            ],
            "location": [
                -0.3214341700077057,
                0.7354702353477478,
                -1.7751095294952393
            ],
            "location_world": [
                1.7751095294952393,
                0.3214341700077057,
                0.7354702353477478
            ],
            "name": "google_Smith_Hawken_Woven_BasketTray_Organizer_with_3_Compartments_95_x_9_x_13_2",
            "projected_cuboid": [
                [
                    176.86164379119873,
                    115.85280299186707
                ],
                [
                    241.50888621807098,
                    63.730716705322266
                ],
                [
                    195.03475725650787,
                    3.576725721359253
                ],
                [
                    133.36503505706787,
                    54.95935678482056
                ],
                [
                    125.39581954479218,
                    68.60020756721497
                ],
                [
                    203.65121960639954,
                    3.5526901483535767
                ],
                [
                    148.61151576042175,
                    -67.21952557563782
                ],
                [
                    74.70645010471344,
                    -3.381073474884033
                ],
                [
                    164.006769657135,
                    32.54824876785278
                ]
            ],
            "provenance": "visii",
            "quaternion_xyzw": [
                0.31875547766685486,
                0.5241270661354065,
                -0.31620144844055176,
                0.7236728072166443
            ],
            "quaternion_xyzw_world": [
                0.9413784146308899,
                -0.10104991495609283,
                -0.09849589318037033,
                0.3064214885234833
            ],
            "segmentation_id": 3,
            "visibility": 1
        },
        {
            "bounding_box_minx_maxx_miny_maxy": [
                -1,
                -1,
                -1,
                -1
            ],
            "class": "Paul",
            "local_cuboid": null,
            "local_to_world_matrix": [
                [
                    -0.8934301137924194,
                    -0.21161113679409027,
                    -0.3962365686893463,
                    0.0
                ],
                [
                    0.12664170563220978,
                    -0.9649651050567627,
                    0.22979165613651276,
                    0.0
                ],
                [
                    -0.43098095059394836,
                    0.15512271225452423,
                    0.8889276385307312,
                    0.0
                ],
                [
                    1.8796131610870361,
                    -0.2121565043926239,
                    0.365639328956604,
                    1.0
                ]
            ],
            "location": [
                0.2121565043926239,
                0.365639328956604,
                -1.8796131610870361
            ],
            "location_world": [
                1.8796131610870361,
                -0.2121565043926239,
                0.365639328956604
            ],
            "name": "google_Paul_Frank_Dot_Lunch_Box_3",
            "projected_cuboid": [
                [
                    305.4734468460083,
                    65.04161655902863
                ],
                [
                    342.6939845085144,
                    57.585105299949646
                ],
                [
                    349.7369885444641,
                    138.86460661888123
                ],
                [
                    314.69252705574036,
                    146.52925729751587
                ],
                [
                    280.76502680778503,
                    54.74144220352173
                ],
                [
                    313.56149911880493,
                    48.28070104122162
                ],
                [
                    321.2311863899231,
                    120.47767639160156
                ],
                [
                    290.1354432106018,
                    127.10961699485779
                ],
                [
                    314.10396099090576,
                    95.40404379367828
                ]
            ],
            "provenance": "visii",
            "quaternion_xyzw": [
                0.3710924983024597,
                0.383144736289978,
                0.49738770723342896,
                -0.6841753721237183
            ],
            "quaternion_xyzw_world": [
                -0.21366292238235474,
                0.0994199588894844,
                0.9679001569747925,
                -0.0873676985502243
            ],
            "segmentation_id": 4,
            "visibility": 0
        },
        {
            "bounding_box_minx_maxx_miny_maxy": [
                -1,
                -1,
                -1,
                -1
            ],
            "class": "Toys",
            "local_cuboid": null,
            "local_to_world_matrix": [
                [
                    0.9298451542854309,
                    0.20893104374408722,
                    0.302879273891449,
                    0.0
                ],
                [
                    -0.33946704864501953,
                    0.8046764135360718,
                    0.4870913624763489,
                    0.0
                ],
                [
                    -0.141951322555542,
                    -0.5557370781898499,
                    0.8191496729850769,
                    0.0
                ],
                [
                    1.7210438251495361,
                    0.5330093502998352,
                    0.5382297039031982,
                    1.0
                ]
            ],
            "location": [
                -0.5330093502998352,
                0.5382297039031982,
                -1.7210438251495361
            ],
            "location_world": [
                1.7210438251495361,
                0.5330093502998352,
                0.5382297039031982
            ],
            "name": "google_Toys_R_Us_Treat_Dispenser_Smart_Puzzle_Foobler_4",
            "projected_cuboid": [
                [
                    115.00583589076996,
                    31.775102019309998
                ],
                [
                    68.131223320961,
                    -0.6863176822662354
                ],
                [
                    41.240960359573364,
                    45.3454852104187
                ],
                [
                    88.32654356956482,
                    76.0960578918457
                ],
                [
                    115.05988240242004,
                    29.893159866333008
                ],
                [
                    63.975319266319275,
                    -5.546301603317261
                ],
                [
                    34.75716710090637,
                    44.631168246269226
                ],
                [
                    86.08867228031158,
                    78.04490625858307
                ],
                [
                    76.92661881446838,
                    37.87551820278168
                ]
            ],
            "provenance": "visii",
            "quaternion_xyzw": [
                -0.2012624591588974,
                0.6233119368553162,
                0.4647018015384674,
                0.595842182636261
            ],
            "quaternion_xyzw_world": [
                0.27659493684768677,
                -0.11798479408025742,
                0.145454540848732,
                0.9425591826438904
            ],
            "segmentation_id": 5,
            "visibility": 0
        },
        {
            "bounding_box_minx_maxx_miny_maxy": [
                -1,
                -1,
                -1,
                -1
            ],
            "class": "Tag",
            "local_cuboid": null,
            "local_to_world_matrix": [
                [
                    0.7590357661247253,
                    0.6389566659927368,
                    0.12489670515060425,
                    0.0
                ],
                [
                    -0.15589851140975952,
                    0.3646387457847595,
                    -0.9180057644844055,
                    0.0
                ],
                [
                    -0.6321079730987549,
                    0.6773280501365662,
                    0.3763861656188965,
                    0.0
                ],
                [
                    0.19605647027492523,
                    -0.3388384282588959,
                    -0.05121186003088951,
                    1.0
                ]
            ],
            "location": [
                0.3388384282588959,
                -0.05121186003088951,
                -0.19605647027492523
            ],
            "location_world": [
                0.19605647027492523,
                -0.3388384282588959,
                -0.05121186003088951
            ],
            "name": "google_Tag_Dishtowel_Basket_Weave_Red_18_x_26_5",
            "projected_cuboid": [
                [
                    963.1505608558655,
                    62.982454895973206
                ],
                [
                    848.048746585846,
                    617.7852153778076
                ],
                [
                    852.4718284606934,
                    617.0219779014587
                ],
                [
                    957.9021334648132,
                    106.1578094959259
                ],
                [
                    2204.1611671447754,
                    -26.14346146583557
                ],
                [
                    2420.6342697143555,
                    1281.8645238876343
                ],
                [
                    2123.6934661865234,
                    1150.8281230926514
                ],
                [
                    2011.3496780395508,
                    67.58016347885132
                ],
                [
                    1317.9353475570679,
                    395.5434560775757
                ]
            ],
            "provenance": "visii",
            "quaternion_xyzw": [
                -0.4021633267402649,
                0.14903289079666138,
                0.8928984999656677,
                0.1370636224746704
            ],
            "quaternion_xyzw_world": [
                -0.504482626914978,
                -0.23938295245170593,
                0.2513521909713745,
                0.7905791401863098
            ],
            "segmentation_id": 6,
            "visibility": 0
        },
        {
            "bounding_box_minx_maxx_miny_maxy": [
                -1,
                -1,
                -1,
                -1
            ],
            "class": "FRACTION",
            "local_cuboid": null,
            "local_to_world_matrix": [
                [
                    0.7929691076278687,
                    0.5988471508026123,
                    -0.11217013001441956,
                    0.0
                ],
                [
                    -0.5838662385940552,
                    0.69432532787323,
                    -0.4207286536693573,
                    0.0
                ],
                [
                    -0.1740695834159851,
                    0.39911720156669617,
                    0.9002251029014587,
                    0.0
                ],
                [
                    1.5567322969436646,
                    -0.24909473955631256,
                    0.17838430404663086,
                    1.0
                ]
            ],
            "location": [
                0.24909473955631256,
                0.17838430404663086,
                -1.5567322969436646
            ],
            "location_world": [
                1.5567322969436646,
                -0.24909473955631256,
                0.17838430404663086
            ],
            "name": "google_FRACTION_FUN_n4h4qte23QR_6",
            "projected_cuboid": [
                [
                    338.29012513160706,
                    160.66253185272217
                ],
                [
                    293.82455348968506,
                    185.07494032382965
                ],
                [
                    300.3264367580414,
                    200.5348652601242
                ],
                [
                    344.16335821151733,
                    175.21768808364868
                ],
                [
                    387.53625750541687,
                    144.84906196594238
                ],
                [
                    342.55215525627136,
                    170.41632533073425
                ],
                [
                    349.42543506622314,
                    187.4540150165558
                ],
                [
                    393.6951160430908,
                    160.7932299375534
                ],
                [
                    343.42440962791443,
                    173.01565408706665
                ]
            ],
            "provenance": "visii",
            "quaternion_xyzw": [
                -0.4024338722229004,
                0.5010112524032593,
                0.7405480742454529,
                0.19652849435806274
            ],
            "quaternion_xyzw_world": [
                -0.22272107005119324,
                -0.016815735027194023,
                0.32129842042922974,
                0.9202607870101929
            ],
            "segmentation_id": 7,
            "visibility": 0
        },
        {
            "bounding_box_minx_maxx_miny_maxy": [
                -1,
                -1,
                -1,
                -1
            ],
            "class": "FAIRY",
            "local_cuboid": null,
            "local_to_world_matrix": [
                [
                    0.5467615127563477,
                    0.46705493330955505,
                    0.6949183344841003,
                    0.0
                ],
                [
                    0.07968494296073914,
                    0.7971694469451904,
                    -0.5984740257263184,
                    0.0
                ],
                [
                    -0.8334879279136658,
                    0.3825971186161041,
                    0.3986443281173706,
                    0.0
                ],
                [
                    0.38270604610443115,
                    0.021327806636691093,
                    0.3469791114330292,
                    1.0
                ]
            ],
            "location": [
                -0.021327806636691093,
                0.3469791114330292,
                -0.38270604610443115
            ],
            "location_world": [
                0.38270604610443115,
                0.021327806636691093,
                0.3469791114330292
            ],
            "name": "google_FAIRY_TALE_BLOCKS_7",
            "projected_cuboid": [
                [
                    109.44169759750366,
                    -1178.2591342926025
                ],
                [
                    -342.7734971046448,
                    -721.1479544639587
                ],
                [
                    7.8002214431762695,
                    -213.3907675743103
                ],
                [
                    285.82870960235596,
                    -453.07230949401855
                ],
                [
                    536.6575717926025,
                    -1931.4610958099365
                ],
                [
                    -417.45853424072266,
                    -918.5354709625244
                ],
                [
                    121.37989699840546,
                    -87.2052013874054
                ],
                [
                    530.7967662811279,
                    -424.62706565856934
                ],
                [
                    116.14783108234406,
                    -565.3735995292664
                ]
            ],
            "provenance": "visii",
            "quaternion_xyzw": [
                -0.2729153633117676,
                0.09366558492183685,
                0.8513249754905701,
                0.4381663203239441
            ],
            "quaternion_xyzw_world": [
                -0.29620420932769775,
                -0.46145519614219666,
                0.11695443838834763,
                0.8280361294746399
            ],
            "segmentation_id": 8,
            "visibility": 0
        },
        {
            "bounding_box_minx_maxx_miny_maxy": [
                0,
                181,
                1,
                101
            ],
            "class": "Great",
            "local_cuboid": null,
            "local_to_world_matrix": [
                [
                    -0.5850197076797485,
                    -0.4521360695362091,
                    0.673294186592102,
                    0.0
                ],
                [
                    -0.3639797866344452,
                    0.8882519006729126,
                    0.28022730350494385,
                    0.0
                ],
                [
                    -0.7247556447982788,
                    -0.08112700283527374,
                    -0.6842131614685059,
                    0.0
                ],
                [
                    0.6946855783462524,
                    0.2269933521747589,
                    0.2639397084712982,
                    1.0
                ]
            ],
            "location": [
                -0.2269933521747589,
                0.2639397084712982,
                -0.6946855783462524
            ],
            "location_world": [
                0.6946855783462524,
                0.2269933521747589,
                0.2639397084712982
            ],
            "name": "google_Great_Jones_Wingtip_kAqSg6EgG0I_8",
            "projected_cuboid": [
                [
                    198.79375398159027,
                    79.494908452034
                ],
                [
                    -132.1742832660675,
                    -58.43740701675415
                ],
                [
                    -89.33645486831665,
                    -94.02313828468323
                ],
                [
                    196.91874086856842,
                    33.715829253196716
                ],
                [
                    160.27766466140747,
                    159.7384661436081
                ],
                [
                    -141.50184392929077,
                    52.56745219230652
                ],
                [
                    -101.67515277862549,
                    6.788209080696106
                ],
                [
                    162.60769963264465,
                    109.32265222072601
                ],
                [
                    44.657766819000244,
                    42.19749569892883
                ]
            ],
            "provenance": "visii",
            "quaternion_xyzw": [
                -0.33434754610061646,
                0.16072924435138702,
                -0.49809443950653076,
                -0.7837600111961365
            ],
            "quaternion_xyzw_world": [
                -0.22964192926883698,
                0.8884656429290771,
                0.05602363124489784,
                -0.3933888375759125
            ],
            "segmentation_id": 9,
            "visibility": 1
        },
        {
            "bounding_box_minx_maxx_miny_maxy": [
                351,
                438,
                436,
                500
            ],
            "class": "Ecoforms",
            "local_cuboid": null,
            "local_to_world_matrix": [
                [
                    -0.13436245918273926,
                    -0.013019859790802002,
                    0.9908466935157776,
                    0.0
                ],
                [
                    -0.8659769892692566,
                    -0.48451852798461914,
                    -0.12379634380340576,
                    0.0
                ],
                [
                    0.4816954731941223,
                    -0.8746840357780457,
                    0.05382627248764038,
                    0.0
                ],
                [
                    1.6290397644042969,
                    -0.3116455674171448,
                    -0.619219958782196,
                    1.0
                ]
            ],
            "location": [
                0.3116455674171448,
                -0.619219958782196,
                -1.6290397644042969
            ],
            "location_world": [
                1.6290397644042969,
                -0.3116455674171448,
                -0.619219958782196
            ],
            "name": "google_Ecoforms_Plant_Container_Quadra_Sand_QP6_9",
            "projected_cuboid": [
                [
                    390.4675841331482,
                    420.9742844104767
                ],
                [
                    439.2129182815552,
                    447.19988107681274
                ],
                [
                    391.22629165649414,
                    461.20524406433105
                ],
                [
                    344.8029160499573,
                    432.3686957359314
                ],
                [
                    387.64896988868713,
                    481.60871863365173
                ],
                [
                    435.35155057907104,
                    513.5104656219482
                ],
                [
                    387.95095682144165,
                    530.7378768920898
                ],
                [
                    342.5289988517761,
                    495.68891525268555
                ],
                [
                    389.29224014282227,
                    472.23615646362305
                ]
            ],
            "provenance": "visii",
            "quaternion_xyzw": [
                0.6361036896705627,
                0.5798446536064148,
                0.39657312631607056,
                0.3191896080970764
            ],
            "quaternion_xyzw_world": [
                0.5692824125289917,
                -0.38601088523864746,
                0.6466659307479858,
                0.3297518491744995
            ],
            "segmentation_id": 10,
            "visibility": 1
        },
        {
            "bounding_box_minx_maxx_miny_maxy": [
                -1,
                -1,
                -1,
                -1
            ],
            "class": "ReadytoUse",
            "local_cuboid": null,
            "local_to_world_matrix": [
                [
                    -0.9968312978744507,
                    0.06198502331972122,
                    0.04985273629426956,
                    0.0
                ],
                [
                    0.07329132407903671,
                    0.9592876434326172,
                    0.27275556325912476,
                    0.0
                ],
                [
                    -0.030916353687644005,
                    0.27554506063461304,
                    -0.9607909917831421,
                    0.0
                ],
                [
                    0.16819515824317932,
                    -0.35897573828697205,
                    -0.3444407880306244,
                    1.0
                ]
            ],
            "location": [
                0.35897573828697205,
                -0.3444407880306244,
                -0.16819515824317932
            ],
            "location_world": [
                0.16819515824317932,
                -0.35897573828697205,
                -0.3444407880306244
            ],
            "name": "google_ReadytoUse_Rolled_Fondant_Pure_White_24_oz_box_10",
            "projected_cuboid": [
                [
                    2240.647315979004,
                    3306.0107231140137
                ],
                [
                    1899.4277715682983,
                    3123.0857372283936
                ],
                [
                    2076.9217014312744,
                    2093.76859664917
                ],
                [
                    2407.381772994995,
                    2232.7215671539307
                ],
                [
                    1173.774003982544,
                    1653.1792879104614
                ],
                [
                    1032.9911708831787,
                    1594.9530601501465
                ],
                [
                    1136.8014812469482,
                    1140.9380435943604
                ],
                [
                    1275.9989500045776,
                    1190.6359195709229
                ],
                [
                    1472.184658050537,
                    1798.7550497055054
                ]
            ],
            "provenance": "visii",
            "quaternion_xyzw": [
                -0.3982282876968384,
                0.5709256529808044,
                -0.45280954241752625,
                -0.5571550130844116
            ],
            "quaternion_xyzw_world": [
                0.03417591005563736,
                0.9895592331886292,
                0.13852143287658691,
                -0.020405320450663567
            ],
            "segmentation_id": 11,
            "visibility": 0
        },
        {
            "bounding_box_minx_maxx_miny_maxy": [
                309,
                498,
                278,
                449
            ],
            "class": "Dog",
            "local_cuboid": null,
            "local_to_world_matrix": [
                [
                    -0.3404669761657715,
                    -0.018877089023590088,
                    0.940066933631897,
                    0.0
                ],
                [
                    -0.9232704639434814,
                    -0.1824702024459839,
                    -0.3380477726459503,
                    0.0
                ],
                [
                    0.1779155433177948,
                    -0.9830302000045776,
                    0.0446963906288147,
                    0.0
                ],
                [
                    0.6572821736335754,
                    -0.08818893134593964,
                    -0.14637872576713562,
                    1.0
                ]
            ],
            "location": [
                0.08818893134593964,
                -0.14637872576713562,
                -0.6572821736335754
            ],
            "location_world": [
                0.6572821736335754,
                -0.08818893134593964,
                -0.14637872576713562
            ],
            "name": "google_Dog_11",
            "projected_cuboid": [
                [
                    470.42375802993774,
                    245.81192433834076
                ],
                [
                    573.572039604187,
                    311.64035201072693
                ],
                [
                    372.3504841327667,
                    325.8916735649109
                ],
                [
                    313.2293224334717,
                    253.2537281513214
                ],
                [
                    445.872962474823,
                    407.36448764801025
                ],
                [
                    529.8475027084351,
                    508.1775188446045
                ],
                [
                    352.15872526168823,
                    532.013475894928
                ],
                [
                    303.4549355506897,
                    421.38391733169556
                ],
                [
                    416.92301630973816,
                    375.28398633003235
                ]
            ],
            "provenance": "visii",
            "quaternion_xyzw": [
                0.619443416595459,
                0.4530426859855652,
                0.5341476798057556,
                0.3545821011066437
            ],
            "quaternion_xyzw_world": [
                0.44646021723747253,
                -0.5275652408599854,
                0.6260258555412292,
                0.36116454005241394
            ],
            "segmentation_id": 12,
            "visibility": 1
        },
        {
            "bounding_box_minx_maxx_miny_maxy": [
                -1,
                -1,
                -1,
                -1
            ],
            "class": "Black",
            "local_cuboid": null,
            "local_to_world_matrix": [
                [
                    0.5858588218688965,
                    0.32977545261383057,
                    -0.7402821183204651,
                    0.0
                ],
                [
                    -0.7116310596466064,
                    0.6463963985443115,
                    -0.2752324938774109,
                    0.0
                ],
                [
                    0.3877508044242859,
                    0.6880550980567932,
                    0.6133754849433899,
                    0.0
                ],
                [
                    0.39774590730667114,
                    -0.4934479296207428,
                    0.1145889088511467,
                    1.0
                ]
            ],
            "location": [
                0.4934479296207428,
                0.1145889088511467,
                -0.39774590730667114
            ],
            "location_world": [
                0.39774590730667114,
                -0.4934479296207428,
                0.1145889088511467
            ],
            "name": "google_Black_Elderberry_Syrup_54_oz_Gaia_Herbs_12",
            "projected_cuboid": [
                [
                    744.9478507041931,
                    16.05743169784546
                ],
                [
                    739.9661540985107,
                    16.00964367389679
                ],
                [
                    963.1882905960083,
                    119.08061802387238
                ],
                [
                    947.2604393959045,
                    109.18262600898743
                ],
                [
                    805.9083223342896,
                    -56.727319955825806
                ],
                [
                    806.6844344139099,
                    -64.1317367553711
                ],
                [
                    1061.0899925231934,
                    35.996779799461365
                ],
                [
                    1033.5962772369385,
                    33.964693546295166
                ],
                [
                    878.5615563392639,
                    24.484530091285706
                ]
            ],
            "provenance": "visii",
            "quaternion_xyzw": [
                -0.5773230791091919,
                0.6004776954650879,
                0.5516469478607178,
                -0.042547911405563354
            ],
            "quaternion_xyzw_world": [
                -0.28552010655403137,
                0.3343508839607239,
                0.308674693107605,
                0.8434498906135559
            ],
            "segmentation_id": 13,
            "visibility": 0
        },
        {
            "bounding_box_minx_maxx_miny_maxy": [
                -1,
                -1,
                -1,
                -1
            ],
            "class": "Razer",
