{
    "camera_data": {
        "camera_look_at": {
            "at": [
                1.0,
                0.0,
                0.0
            ],
            "eye": [
                0.0,
                0.0,
                0.0
            ],
            "up": [
                0.0,
                0.0,
                1.0
            ]
        },
        "camera_view_matrix": [
            [
                0.0,
                0.0,
                -1.0,
                0.0
            ],
            [
                -1.0,
                0.0,
                0.0,
                0.0
            ],
            [
                0.0,
                1.0,
                0.0,
                0.0
            ],
            [
                0.0,
                0.0,
                0.0,
                1.0
            ]
        ],
        "height": 500,
        "intrinsics": {
            "cx": 250.0,
            "cy": 250.0,
            "fx": 603.5535278320312,
            "fy": 603.5535278320312
        },
        "location_world": [
            0.0,
            0.0,
            0.0
        ],
        "quaternion_world_xyzw": [
            0.5,
            -0.5,
            -0.5,
            0.5
        ],
        "width": 500
    },
    "objects": [
        {
            "bounding_box_minx_maxx_miny_maxy": [
                -1,
                -1,
                -1,
                -1
            ],
            "class": "Reebok",
            "local_cuboid": null,
            "local_to_world_matrix": [
                [
                    0.16856175661087036,
                    0.8405555486679077,
                    0.5148333311080933,
                    0.0
                ],
                [
                    0.2647838890552521,
                    0.4644959568977356,
                    -0.8450638651847839,
                    0.0
                ],
                [
                    -0.9494611024856567,
                    0.2787650227546692,
                    -0.14426934719085693,
                    0.0
                ],
                [
                    0.5416362881660461,
                    -0.07988492399454117,
                    0.4550078809261322,
                    1.0
                ]
            ],
            "location": [
                0.07988492399454117,
                0.4550078809261322,
                -0.5416362881660461
            ],
            "location_world": [
                0.5416362881660461,
                -0.07988492399454117,
                0.4550078809261322
            ],
            "name": "google_Reebok_SOMERSET_RUN_0",
            "projected_cuboid": [
                [
                    352.1752655506134,
                    -636.8034482002258
                ],
                [
                    164.65237736701965,
                    -182.4255883693695
                ],
                [
                    213.70869874954224,
                    -118.7649667263031
                ],
                [
                    368.31384897232056,
                    -465.78270196914673
                ],
                [
                    506.6602826118469,
                    -589.3136262893677
                ],
                [
                    285.4103446006775,
                    -124.16031956672668
                ],
                [
                    312.78660893440247,
                    -69.62764263153076
                ],
                [
                    488.9110326766968,
                    -422.30790853500366
                ],
                [
                    329.06708121299744,
                    -304.05741930007935
                ]
            ],
            "provenance": "visii",
            "quaternion_xyzw": [
                -0.1173107922077179,
                -0.10727358609437943,
                0.9532943367958069,
                0.2568276524543762
            ],
            "quaternion_xyzw_world": [
                -0.4605255424976349,
                -0.6000424027442932,
                0.23594118654727936,
                0.6100795865058899
            ],
            "segmentation_id": 1,
            "visibility": 0
        },
        {
            "bounding_box_minx_maxx_miny_maxy": [
                -1,
                -1,
                -1,
                -1
            ],
            "class": "Breyer",
            "local_cuboid": null,
            "local_to_world_matrix": [
                [
                    0.09955698251724243,
                    -0.4803263247013092,
                    0.871421217918396,
                    0.0
                ],
                [
                    0.8124604225158691,
                    0.5448427200317383,
                    0.2074957638978958,
                    0.0
                ],
                [
                    -0.5744532346725464,
                    0.6873376369476318,
                    0.444489061832428,
                    0.0
                ],
                [
                    0.43126562237739563,
                    -0.35336941480636597,
                    -0.16723154485225677,
                    1.0
                ]
            ],
            "location": [
                0.35336941480636597,
                -0.16723154485225677,
                -0.43126562237739563
            ],
            "location_world": [
                0.43126562237739563,
                -0.35336941480636597,
                -0.16723154485225677
            ],
            "name": "google_Breyer_Horse_Of_The_Year_2015_1",
            "projected_cuboid": [
                [
                    817.6574110984802,
                    253.10102105140686
                ],
                [
                    698.8174319267273,
                    233.88390243053436
                ],
                [
                    749.8278617858887,
                    324.04375076293945
                ],
                [
                    849.6723175048828,
                    349.2303192615509
                ],
                [
                    645.6637382507324,
                    640.9227848052979
                ],
                [
                    541.5997505187988,
                    570.0571537017822
                ],
                [
                    626.0722875595093,
                    598.8876223564148
                ],
                [
                    717.1949148178101,
                    657.5918197631836
                ],
                [
                    708.2181572914124,
                    450.62485337257385
                ]
            ],
            "provenance": "visii",
            "quaternion_xyzw": [
                -0.41784486174583435,
                -0.1953946053981781,
                0.47080543637275696,
                0.7520430684089661
            ],
            "quaternion_xyzw_world": [
                -0.16600091755390167,
                -0.5001991391181946,
                -0.447238564491272,
                0.7226493954658508
            ],
            "segmentation_id": 2,
            "visibility": 0
        },
        {
            "bounding_box_minx_maxx_miny_maxy": [
                103,
                208,
                1,
                59
            ],
            "class": "Smith",
            "local_cuboid": null,
            "local_to_world_matrix": [
                [
                    0.8330255746841431,
                    -0.5451793074607849,
                    0.09406359493732452,
                    0.0
                ],
                [
                    -0.40042659640312195,
                    -0.47683799266815186,
                    0.7824859619140625,
                    0.0
                ],
                [
                    -0.381742000579834,
                    -0.6894963979721069,
                    -0.6155226230621338,
                    0.0
                ],
                [
                    1.8156343698501587,
                    0.31413349509239197,
                    0.7442965507507324,
                    1.0
                ]
            ],
            "location": [
                -0.31413349509239197,
                0.7442965507507324,
                -1.8156343698501587
            ],
            "location_world": [
                1.8156343698501587,
                0.31413349509239197,
                0.7442965507507324
            ],
            "name": "google_Smith_Hawken_Woven_BasketTray_Organizer_with_3_Compartments_95_x_9_x_13_2",
            "projected_cuboid": [
                [
                    220.74253857135773,
                    94.52833235263824
                ],
                [
                    259.95731353759766,
                    18.603891134262085
                ],
                [
                    201.0301649570465,
                    -21.130025386810303
                ],
                [
                    166.81872308254242,
                    52.96476185321808
                ],
                [
                    141.80982112884521,
                    78.28260958194733
                ],
                [
                    183.43624472618103,
                    -13.838231563568115
                ],
                [
                    118.4040904045105,
                    -58.905720710754395
                ],
                [
                    83.1666886806488,
                    30.41820228099823
                ],
                [
                    173.936128616333,
                    24.352431297302246
                ]
            ],
            "provenance": "visii",
            "quaternion_xyzw": [
                0.3086062967777252,
                0.4624837040901184,
                -0.11627215147018433,
                0.8230138421058655
            ],
            "quaternion_xyzw_world": [
                0.8551880121231079,
                -0.2764321565628052,
                -0.08409800380468369,
                0.43030956387519836
            ],
            "segmentation_id": 3,
            "visibility": 1
        },
        {
            "bounding_box_minx_maxx_miny_maxy": [
                286,
                372,
                67,
                161
            ],
            "class": "Paul",
            "local_cuboid": null,
            "local_to_world_matrix": [
                [
                    -0.42855381965637207,
                    0.6015283465385437,
                    -0.6741700172424316,
                    0.0
                ],
                [
                    -0.8455800414085388,
                    -0.5299134254455566,
                    0.06469962000846863,
                    0.0
                ],
                [
                    -0.31833314895629883,
                    0.5977920293807983,
                    0.7357368469238281,
                    0.0
                ],
                [
                    1.8668357133865356,
                    -0.3049810528755188,
                    0.34047046303749084,
                    1.0
                ]
            ],
            "location": [
                0.3049810528755188,
                0.34047046303749084,
                -1.8668357133865356
            ],
            "location_world": [
                1.8668357133865356,
                -0.3049810528755188,
                0.34047046303749084
            ],
            "name": "google_Paul_Frank_Dot_Lunch_Box_3",
            "projected_cuboid": [
                [
                    269.71322298049927,
                    108.23851823806763
                ],
                [
                    291.1933958530426,
                    98.09400141239166
                ],
                [
                    336.91322803497314,
                    162.84501552581787
                ],
                [
                    314.0397071838379,
                    169.40167546272278
                ],
                [
                    319.0114200115204,
                    60.11660397052765
                ],
                [
                    341.64151549339294,
                    48.172175884246826
                ],
                [
                    382.62739777565,
                    110.99374294281006
                ],
                [
                    358.9465022087097,
                    119.57798898220062
                ],
                [
                    327.64363288879395,
                    109.65211689472198
                ]
            ],
            "provenance": "visii",
            "quaternion_xyzw": [
                -0.062126584351062775,
                0.5804944038391113,
                0.6810215711593628,
                -0.442013680934906
            ],
            "quaternion_xyzw_world": [
                -0.3023337721824646,
                0.20180650055408478,
                0.820701539516449,
                0.44081446528434753
            ],
            "segmentation_id": 4,
            "visibility": 1
        },
        {
            "bounding_box_minx_maxx_miny_maxy": [
                46,
                93,
                53,
                91
            ],
            "class": "Toys",
            "local_cuboid": null,
            "local_to_world_matrix": [
                [
                    0.803769052028656,
                    0.41296321153640747,
                    0.4282717704772949,
                    0.0
                ],
                [
                    -0.5521711707115173,
                    0.24980080127716064,
                    0.7954285144805908,
                    0.0
                ],
                [
                    0.22150009870529175,
                    -0.8758201599121094,
                    0.4288085103034973,
                    0.0
                ],
                [
                    1.6891828775405884,
                    0.5896849632263184,
                    0.4960840344429016,
                    1.0
                ]
            ],
            "location": [
                -0.5896849632263184,
                0.4960840344429016,
                -1.6891828775405884
            ],
            "location_world": [
                1.6891828775405884,
                0.5896849632263184,
                0.4960840344429016
            ],
            "name": "google_Toys_R_Us_Treat_Dispenser_Smart_Puzzle_Foobler_4",
            "projected_cuboid": [
                [
                    95.45126557350159,
                    73.74091446399689
                ],
                [
                    74.60148632526398,
                    22.751688957214355
                ],
                [
                    23.64259958267212,
                    41.473060846328735
                ],
                [
                    47.30157554149628,
                    92.54157543182373
                ],
                [
                    106.80700838565826,
                    84.35088396072388
                ],
                [
                    84.95144546031952,
                    30.00083565711975
                ],
                [
                    30.214965343475342,
                    50.34714937210083
                ],
                [
                    55.30180037021637,
                    104.76809740066528
                ],
                [
                    65.15917181968689,
                    62.87817656993866
                ]
            ],
            "provenance": "visii",
            "quaternion_xyzw": [
                0.05724586918950081,
                0.7794054746627808,
                0.3146563768386841,
                0.5387405157089233
            ],
            "quaternion_xyzw_world": [
                0.5303677320480347,
                -0.0656186118721962,
                0.3062836527824402,
                0.7877782583236694
            ],
            "segmentation_id": 5,
            "visibility": 1
        },
        {
            "bounding_box_minx_maxx_miny_maxy": [
                -1,
                -1,
                -1,
                -1
            ],
            "class": "Tag",
            "local_cuboid": null,
            "local_to_world_matrix": [
                [
                    0.25752580165863037,
                    0.9551973342895508,
                    -0.14587172865867615,
                    0.0
                ],
                [
                    0.08134162425994873,
                    -0.17185795307159424,
                    -0.9817578196525574,
                    0.0
                ],
                [
                    -0.9628416299819946,
                    0.24096256494522095,
                    -0.12195515632629395,
                    0.0
                ],
                [
                    0.1840466409921646,
                    -0.35352057218551636,
                    -0.06804171204566956,
                    1.0
                ]
            ],
            "location": [
                0.35352057218551636,
                -0.06804171204566956,
                -0.1840466409921646
            ],
            "location_world": [
                0.1840466409921646,
                -0.35352057218551636,
                -0.06804171204566956
            ],
            "name": "google_Tag_Dishtowel_Basket_Weave_Red_18_x_26_5",
            "projected_cuboid": [
                [
                    1153.244972229004,
                    139.6777331829071
                ],
                [
                    1192.0034885406494,
                    910.2818369865417
                ],
                [
                    1068.799614906311,
                    795.5247759819031
                ],
                [
                    1024.7759819030762,
                    145.46331763267517
                ],
                [
                    2312.4120235443115,
                    -27.15444564819336
                ],
                [
                    2204.2691707611084,
                    1011.6171836853027
                ],
                [
                    1851.4858484268188,
                    847.6578593254089
                ],
                [
                    1892.0196294784546,
                    16.989797353744507
                ],
                [
                    1511.3433599472046,
                    502.77119874954224
                ]
            ],
            "provenance": "visii",
            "quaternion_xyzw": [
                0.1262129843235016,
                0.051473021507263184,
                -0.987395167350769,
                0.08044642210006714
            ],
            "quaternion_xyzw_world": [
                0.6227638125419617,
                0.41610437631607056,
                -0.4450777769088745,
                -0.49084436893463135
            ],
            "segmentation_id": 6,
            "visibility": 0
        },
        {
            "bounding_box_minx_maxx_miny_maxy": [
                478,
                482,
                138,
                142
            ],
            "class": "FRACTION",
            "local_cuboid": null,
            "local_to_world_matrix": [
                [
                    0.8675803542137146,
                    -0.2872157692909241,
                    -0.4059698283672333,
                    0.0
                ],
                [
                    -0.3233368992805481,
                    0.29444968700408936,
                    -0.8993068933486938,
                    0.0
                ],
                [
                    0.3778328597545624,
                    0.911486029624939,
                    0.16259127855300903,
                    0.0
                ],
                [
                    1.3377397060394287,
                    -0.5092769861221313,
                    0.12521788477897644,
                    1.0
                ]
            ],
            "location": [
                0.5092769861221313,
                0.12521788477897644,
                -1.3377397060394287
            ],
            "location_world": [
                1.3377397060394287,
                -0.5092769861221313,
                0.12521788477897644
            ],
            "name": "google_FRACTION_FUN_n4h4qte23QR_6",
            "projected_cuboid": [
                [
                    465.8229351043701,
                    174.8795062303543
                ],
                [
                    451.23717188835144,
                    244.94712054729462
                ],
                [
                    471.061110496521,
                    247.99349904060364
                ],
                [
                    484.97453331947327,
                    176.9942343235016
                ],
                [
                    467.68268942832947,
                    133.35904479026794
                ],
                [
                    451.4111876487732,
                    209.927037358284
                ],
                [
                    473.6848473548889,
                    212.87888288497925
                ],
                [
                    489.11052942276,
                    135.1909339427948
                ],
                [
                    469.4185256958008,
                    192.25800037384033
                ]
            ],
            "provenance": "visii",
            "quaternion_xyzw": [
                -0.8006802797317505,
                0.21869522333145142,
                0.5554859638214111,
                -0.05019024759531021
            ],
            "quaternion_xyzw_world": [
                -0.5938306450843811,
                0.2570399045944214,
                0.01184554398059845,
                0.7623355984687805
            ],
            "segmentation_id": 7,
            "visibility": 1
        },
        {
            "bounding_box_minx_maxx_miny_maxy": [
                -1,
                -1,
                -1,
                -1
            ],
            "class": "FAIRY",
            "local_cuboid": null,
            "local_to_world_matrix": [
                [
                    0.7993044257164001,
                    0.3258310556411743,
                    0.5049223899841309,
                    0.0
                ],
                [
                    -0.026524975895881653,
                    0.8585511445999146,
                    -0.5120413899421692,
                    0.0
                ],
                [
                    -0.600340723991394,
                    0.3958839178085327,
                    0.6948863863945007,
                    0.0
                ],
                [
                    0.3878999650478363,
                    0.04854946210980415,
                    0.37237992882728577,
                    1.0
                ]
            ],
            "location": [
                -0.04854946210980415,
                0.37237992882728577,
                -0.3878999650478363
            ],
            "location_world": [
                0.3878999650478363,
                0.04854946210980415,
                0.37237992882728577
            ],
            "name": "google_FAIRY_TALE_BLOCKS_7",
            "projected_cuboid": [
                [
                    142.34937727451324,
                    -862.5586032867432
                ],
                [
                    -252.18957662582397,
                    -650.8904099464417
                ],
                [
                    -3.0550360679626465,
                    -208.21857452392578
                ],
                [
                    280.2887260913849,
                    -368.48318576812744
                ],
                [
                    314.5846724510193,
                    -1772.7406024932861
                ],
                [
                    -585.7477784156799,
                    -1327.5306224822998
                ],
                [
                    -7.9154372215271,
                    -261.49237155914307
                ],
                [
                    466.99562668800354,
                    -528.766930103302
                ],
                [
                    75.52112638950348,
                    -595.2425003051758
                ]
            ],
            "provenance": "visii",
            "quaternion_xyzw": [
                -0.38271069526672363,
                0.2310028225183487,
                0.7807389497756958,
                0.43659719824790955
            ],
            "quaternion_xyzw_world": [
                -0.2479248195886612,
                -0.3018113374710083,
                0.09621695429086685,
                0.9155248403549194
            ],
            "segmentation_id": 8,
            "visibility": 0
        },
        {
            "bounding_box_minx_maxx_miny_maxy": [
                0,
                67,
                1,
                192
            ],
            "class": "Great",
            "local_cuboid": null,
            "local_to_world_matrix": [
                [
                    -0.814408540725708,
                    -0.18949195742607117,
                    0.5484813451766968,
                    0.0
                ],
                [
                    -0.5797710418701172,
                    0.2256532907485962,
                    -0.7829087972640991,
                    0.0
                ],
                [
                    0.02458825707435608,
                    -0.9556010961532593,
                    -0.2936359643936157,
                    0.0
                ],
                [
                    0.6221395134925842,
                    0.29832497239112854,
                    0.1656104326248169,
                    1.0
                ]
            ],
            "location": [
                -0.29832497239112854,
                0.1656104326248169,
                -0.6221395134925842
            ],
            "location_world": [
                0.6221395134925842,
                0.29832497239112854,
                0.1656104326248169
            ],
            "name": "google_Great_Jones_Wingtip_kAqSg6EgG0I_8",
            "projected_cuboid": [
                [
                    120.39658427238464,
                    -6.586164236068726
                ],
                [
                    -14.381974935531616,
                    199.89606738090515
                ],
                [
                    -150.75606107711792,
                    158.1701934337616
                ],
                [
                    21.554306149482727,
                    -37.866681814193726
                ],
                [
                    119.10711228847504,
                    72.37721979618073
                ],
                [
                    4.984334111213684,
                    271.2331712245941
                ],
                [
                    -109.8853349685669,
                    236.4039421081543
                ],
                [
                    32.07448124885559,
                    45.12692987918854
                ],
                [
                    13.85064423084259,
                    105.8395504951477
                ]
            ],
            "provenance": "visii",
            "quaternion_xyzw": [
                -0.7065743207931519,
                -0.1142229437828064,
                -0.6262644529342651,
                -0.3090287148952484
            ],
            "quaternion_xyzw_world": [
                -0.25178074836730957,
                0.7638222575187683,
                -0.5690165162086487,
                -0.17147088050842285
            ],
            "segmentation_id": 9,
            "visibility": 1
        },
        {
            "bounding_box_minx_maxx_miny_maxy": [
                376,
                433,
                459,
                500
            ],
            "class": "Ecoforms",
            "local_cuboid": null,
            "local_to_world_matrix": [
                [
                    0.43805408477783203,
                    -0.14649459719657898,
                    0.8869317770004272,
                    0.0
                ],
                [
                    -0.8918553590774536,
                    0.05287611484527588,
                    0.4492194354534149,
                    0.0
                ],
                [
                    -0.1127057671546936,
                    -0.9877972602844238,
                    -0.10748934745788574,
                    0.0
                ],
                [
                    1.5704838037490845,
                    -0.28528615832328796,
                    -0.6284325122833252,
                    1.0
                ]
            ],
            "location": [
                0.28528615832328796,
                -0.6284325122833252,
                -1.5704838037490845
            ],
            "location_world": [
                1.5704838037490845,
                -0.28528615832328796,
                -0.6284325122833252
            ],
            "name": "google_Ecoforms_Plant_Container_Quadra_Sand_QP6_9",
            "projected_cuboid": [
                [
                    419.3061590194702,
                    467.58782863616943
                ],
                [
                    434.3167841434479,
                    457.8728675842285
                ],
                [
                    366.24228954315186,
                    448.1295645236969
                ],
                [
                    358.2022190093994,
                    458.7094187736511
                ],
                [
                    417.6047444343567,
                    542.8714752197266
                ],
                [
                    433.29131603240967,
                    541.5467023849487
                ],
                [
                    361.29915714263916,
                    530.1401615142822
                ],
                [
                    353.363037109375,
                    532.6480865478516
                ],
                [
                    392.47623085975647,
                    496.520072221756
                ]
            ],
            "provenance": "visii",
            "quaternion_xyzw": [
                0.3822857141494751,
                0.5454399585723877,
                0.35951071977615356,
                0.6535326838493347
            ],
            "quaternion_xyzw_world": [
                0.610873818397522,
                -0.42494454979896545,
                0.3168518543243408,
                0.5880988240242004
            ],
            "segmentation_id": 10,
            "visibility": 1
        },
        {
            "bounding_box_minx_maxx_miny_maxy": [
                -1,
                -1,
                -1,
                -1
            ],
            "class": "ReadytoUse",
            "local_cuboid": null,
            "local_to_world_matrix": [
                [
                    -0.9539899826049805,
                    0.2331143617630005,
                    0.1885756552219391,
                    0.0
                ],
                [
                    0.29920774698257446,
                    0.7809054851531982,
                    0.5483259558677673,
                    0.0
                ],
                [
                    -0.019437097012996674,
                    0.5795207619667053,
                    -0.8147256374359131,
                    0.0
                ],
                [
                    0.17783696949481964,
                    -0.3683914840221405,
                    -0.3408866822719574,
                    1.0
                ]
            ],
            "location": [
                0.3683914840221405,
                -0.3408866822719574,
                -0.17783696949481964
            ],
            "location_world": [
                0.17783696949481964,
                -0.3683914840221405,
                -0.3408866822719574
            ],
            "name": "google_ReadytoUse_Rolled_Fondant_Pure_White_24_oz_box_10",
            "projected_cuboid": [
                [
                    1771.3487148284912,
                    2900.5227088928223
                ],
                [
                    1404.5301675796509,
                    2455.5182456970215
                ],
                [
                    1838.0162715911865,
                    1747.5460767745972
                ],
                [
                    2250.7166862487793,
                    2087.233781814575
                ],
                [
                    1064.0008449554443,
                    1597.3013639450073
                ],
                [
                    917.77503490448,
                    1447.1495151519775
                ],
                [
                    1151.1125564575195,
                    1090.3457403182983
                ],
                [
                    1310.2363348007202,
                    1215.4182195663452
                ],
                [
                    1343.397617340088,
                    1651.5355110168457
                ]
            ],
            "provenance": "visii",
            "quaternion_xyzw": [
                -0.22311577200889587,
                0.6637023687362671,
                -0.4195907413959503,
                -0.5776349902153015
            ],
            "quaternion_xyzw_world": [
                0.14127115905284882,
                0.942021906375885,
                0.2993154227733612,
                -0.055203795433044434
            ],
            "segmentation_id": 11,
            "visibility": 0
        },
        {
            "bounding_box_minx_maxx_miny_maxy": [
                411,
                499,
                1,
                112
            ],
            "class": "Dog",
            "local_cuboid": null,
            "local_to_world_matrix": [
                [
                    0.8719156384468079,
                    0.4878357946872711,
                    0.042183250188827515,
                    0.0
                ],
                [
                    0.2871401011943817,
                    -0.4396195411682129,
                    -0.8510500192642212,
                    0.0
                ],
                [
                    -0.3966279625892639,
                    0.7541563510894775,
                    -0.5233883857727051,
                    0.0
                ],
                [
                    0.5577362179756165,
                    -0.3380810618400574,
                    0.23630046844482422,
                    1.0
                ]
            ],
            "location": [
                0.3380810618400574,
                0.23630046844482422,
                -0.5577362179756165
            ],
            "location_world": [
                0.5577362179756165,
                -0.3380810618400574,
                0.23630046844482422
            ],
            "name": "google_Dog_11",
            "projected_cuboid": [
                [
                    347.09540009498596,
                    15.580415725708008
                ],
                [
                    419.6912944316864,
                    193.19701194763184
                ],
                [
                    532.0507287979126,
                    108.2146167755127
                ],
                [
                    477.9643416404724,
                    -54.434627294540405
                ],
                [
                    596.1631536483765,
                    -101.98074579238892
                ],
                [
                    672.1353530883789,
                    179.4632375240326
                ],
                [
                    790.2125120162964,
                    61.31535768508911
                ],
                [
                    742.7384853363037,
                    -183.26830863952637
                ],
                [
                    553.7981986999512,
                    36.91458702087402
                ]
            ],
            "provenance": "visii",
            "quaternion_xyzw": [
                0.4915756583213806,
                0.24502964317798615,
                -0.8269695043563843,
                0.12014831602573395
            ],
            "quaternion_xyzw_world": [
                0.8418615460395813,
                0.23013757169246674,
                -0.10525623708963394,
                -0.4766835868358612
            ],
            "segmentation_id": 12,
            "visibility": 1
        },
        {
            "bounding_box_minx_maxx_miny_maxy": [
                -1,
                -1,
                -1,
                -1
            ],
            "class": "Black",
            "local_cuboid": null,
            "local_to_world_matrix": [
                [
                    -0.4345436096191406,
                    -0.14657685160636902,
                    0.8886433839797974,
                    0.0
                ],
                [
                    0.7981176376342773,
                    0.3945390582084656,
                    0.45535385608673096,
                    0.0
                ],
                [
                    -0.41734886169433594,
                    0.9071130752563477,
                    -0.0544588565826416,
                    0.0
                ],
                [
                    0.400485098361969,
                    -0.5176864266395569,
                    0.14512395858764648,
                    1.0
                ]
            ],
            "location": [
                0.5176864266395569,
                0.14512395858764648,
                -0.400485098361969
            ],
            "location_world": [
                0.400485098361969,
                -0.5176864266395569,
                0.14512395858764648
            ],
            "name": "google_Black_Elderberry_Syrup_54_oz_Gaia_Herbs_12",
            "projected_cuboid": [
                [
                    1048.0539798736572,
                    -46.14171385765076
                ],
                [
                    900.7798433303833,
                    -52.61707305908203
                ],
                [
                    998.0298280715942,
                    -19.683927297592163
                ],
                [
                    1133.4173679351807,
                    -10.023385286331177
                ],
                [
                    972.4146723747253,
                    69.42805647850037
                ],
                [
                    844.3558812141418,
                    48.881858587265015
                ],
                [
                    943.9030885696411,
                    65.85915386676788
                ],
                [
                    1064.1005039215088,
                    85.26584506034851
                ],
                [
                    986.656129360199,
                    19.883736968040466
                ]
            ],
            "provenance": "visii",
            "quaternion_xyzw": [
                0.2616649270057678,
                0.4720773696899414,
                -0.4515025317668915,
                -0.710506796836853
            ],
            "quaternion_xyzw_world": [
                0.23736900091171265,
                0.6862108707427979,
                0.4963732659816742,
                -0.47579842805862427
            ],
            "segmentation_id": 13,
            "visibility": 0
        },
        {
            "bounding_box_minx_maxx_miny_maxy": [
                81,
                102,
                54,
                95
            ],
            "class": "Razer",
