{
    "camera_data": {
        "camera_look_at": {
            "at": [
                1.0,
                0.0,
                0.0
            ],
            "eye": [
                0.0,
                0.0,
                0.0
            ],
            "up": [
                0.0,
                0.0,
                1.0
            ]
        },
        "camera_view_matrix": [
            [
                0.0,
                0.0,
                -1.0,
                0.0
            ],
            [
                -1.0,
                0.0,
                0.0,
                0.0
            ],
            [
                0.0,
                1.0,
                0.0,
                0.0
            ],
            [
                0.0,
                0.0,
                0.0,
                1.0
            ]
        ],
        "height": 500,
        "intrinsics": {
            "cx": 250.0,
            "cy": 250.0,
            "fx": 603.5535278320312,
            "fy": 603.5535278320312
        },
        "location_world": [
            0.0,
            0.0,
            0.0
        ],
        "quaternion_world_xyzw": [
            0.5,
            -0.5,
            -0.5,
            0.5
        ],
        "width": 500
    },
    "objects": [
        {
            "bounding_box_minx_maxx_miny_maxy": [
                -1,
                -1,
                -1,
                -1
            ],
            "class": "Reebok",
            "local_cuboid": null,
            "local_to_world_matrix": [
                [
                    -0.7518903017044067,
                    0.6250052452087402,
                    0.20983198285102844,
                    0.0
                ],
                [
                    0.12075671553611755,
                    0.44344282150268555,
                    -0.8881308436393738,
                    0.0
                ],
                [
                    -0.6481348276138306,
                    -0.6424383521080017,
                    -0.4088939428329468,
                    0.0
                ],
                [
                    0.4988909959793091,
                    -0.024099919945001602,
                    0.46175113320350647,
                    1.0
                ]
            ],
            "location": [
                0.024099919945001602,
                0.46175113320350647,
                -0.4988909959793091
            ],
            "location_world": [
                0.4988909959793091,
                -0.024099919945001602,
                0.46175113320350647
            ],
            "name": "google_Reebok_SOMERSET_RUN_0",
            "projected_cuboid": [
                [
                    462.91327476501465,
                    -673.2088327407837
                ],
                [
                    247.71401286125183,
                    -198.19819927215576
                ],
                [
                    153.14003825187683,
                    -187.49770522117615
                ],
                [
                    323.82306456565857,
                    -580.1963806152344
                ],
                [
                    517.5609588623047,
                    -466.6352868080139
                ],
                [
                    336.11777424812317,
                    -90.03517031669617
                ],
                [
                    244.00067329406738,
                    -95.51799297332764
                ],
                [
                    393.1572139263153,
                    -418.37620735168457
                ],
                [
                    330.269992351532,
                    -323.1748342514038
                ]
            ],
            "provenance": "visii",
            "quaternion_xyzw": [
                -0.39210671186447144,
                0.14894594252109528,
                -0.8889982104301453,
                -0.1837109476327896
            ],
            "quaternion_xyzw_world": [
                0.23106320202350616,
                0.8068808913230896,
                -0.4742240011692047,
                -0.2658282220363617
            ],
            "segmentation_id": 1,
            "visibility": 0
        },
        {
            "bounding_box_minx_maxx_miny_maxy": [
                -1,
                -1,
                -1,
                -1
            ],
            "class": "Breyer",
            "local_cuboid": null,
            "local_to_world_matrix": [
                [
                    0.3737366199493408,
                    0.9227561354637146,
                    -0.09403252601623535,
                    0.0
                ],
                [
                    0.7232353091239929,
                    -0.2264418601989746,
                    0.652422308921814,
                    0.0
                ],
                [
                    0.5807337760925293,
                    -0.3118417263031006,
                    -0.7519993782043457,
                    0.0
                ],
                [
                    0.4198078513145447,
                    -0.43976154923439026,
                    -0.23091351985931396,
                    1.0
                ]
            ],
            "location": [
                0.43976154923439026,
                -0.23091351985931396,
                -0.4198078513145447
            ],
            "location_world": [
                0.4198078513145447,
                -0.43976154923439026,
                -0.23091351985931396
            ],
            "name": "google_Breyer_Horse_Of_The_Year_2015_1",
            "projected_cuboid": [
                [
                    671.2875962257385,
                    668.4451699256897
                ],
                [
                    654.5164585113525,
                    598.9327430725098
                ],
                [
                    669.1458225250244,
                    520.235538482666
                ],
                [
                    690.6170845031738,
                    596.2315797805786
                ],
                [
                    1038.3317470550537,
                    719.6366786956787
                ],
                [
                    987.4601364135742,
                    633.5641145706177
                ],
                [
                    1078.7880420684814,
                    545.6340312957764
                ],
                [
                    1152.7568101882935,
                    642.7561640739441
                ],
                [
                    846.0412621498108,
                    615.7785654067993
                ]
            ],
            "provenance": "visii",
            "quaternion_xyzw": [
                0.03726714849472046,
                0.8882443308830261,
                -0.4152108132839203,
                0.19295884668827057
            ],
            "quaternion_xyzw_world": [
                0.7668405771255493,
                0.5366145968437195,
                0.15867093205451965,
                0.31436261534690857
            ],
            "segmentation_id": 2,
            "visibility": 0
        },
        {
            "bounding_box_minx_maxx_miny_maxy": [
                -1,
                -1,
                -1,
                -1
            ],
            "class": "Smith",
            "local_cuboid": null,
            "local_to_world_matrix": [
                [
                    0.9382237195968628,
                    0.11576204001903534,
                    -0.32609105110168457,
                    0.0
                ],
                [
                    0.24934877455234528,
                    -0.879580020904541,
                    0.4051720201969147,
                    0.0
                ],
                [
                    -0.23991960287094116,
                    -0.4614523947238922,
                    -0.8541079759597778,
                    0.0
                ],
                [
                    1.7432385683059692,
                    0.3345717787742615,
                    0.727899432182312,
                    1.0
                ]
            ],
            "location": [
                -0.3345717787742615,
                0.727899432182312,
                -1.7432385683059692
            ],
            "location_world": [
                1.7432385683059692,
                0.3345717787742615,
                0.727899432182312
            ],
            "name": "google_Smith_Hawken_Woven_BasketTray_Organizer_with_3_Compartments_95_x_9_x_13_2",
            "projected_cuboid": [
                [
                    134.80743765830994,
                    121.49319052696228
                ],
                [
                    211.45989000797272,
                    92.38533675670624
                ],
                [
                    174.2379367351532,
                    26.352331042289734
                ],
                [
                    98.94339740276337,
                    52.20675468444824
                ],
                [
                    125.47527253627777,
                    43.973371386528015
                ],
                [
                    219.35035288333893,
                    11.70225441455841
                ],
                [
                    173.96537959575653,
                    -65.01030921936035
                ],
                [
                    82.12675154209137,
                    -37.28398680686951
                ],
                [
                    153.18581461906433,
                    33.959805965423584
                ]
            ],
            "provenance": "visii",
            "quaternion_xyzw": [
                0.24451299011707306,
                0.5659095644950867,
                -0.487470418214798,
                0.6183302998542786
            ],
            "quaternion_xyzw_world": [
                0.9581116437911987,
                0.09526833891868591,
                -0.1476891189813614,
                0.2261282503604889
            ],
            "segmentation_id": 3,
            "visibility": 0
        },
        {
            "bounding_box_minx_maxx_miny_maxy": [
                -1,
                -1,
                -1,
                -1
            ],
            "class": "Paul",
            "local_cuboid": null,
            "local_to_world_matrix": [
                [
                    -0.5565758943557739,
                    -0.7918838262557983,
                    -0.25128310918807983,
                    0.0
                ],
                [
                    0.8302104473114014,
                    -0.5187718868255615,
                    -0.20402514934539795,
                    0.0
                ],
                [
                    0.03120563179254532,
                    -0.3221733570098877,
                    0.9461662173271179,
                    0.0
                ],
                [
                    1.8926481008529663,
                    -0.1642436385154724,
                    0.4148831069469452,
                    1.0
                ]
            ],
            "location": [
                0.1642436385154724,
                0.4148831069469452,
                -1.8926481008529663
            ],
            "location_world": [
                1.8926481008529663,
                -0.1642436385154724,
                0.4148831069469452
            ],
            "name": "google_Paul_Frank_Dot_Lunch_Box_3",
            "projected_cuboid": [
                [
                    356.9449782371521,
                    42.60723292827606
                ],
                [
                    369.8834180831909,
                    59.64083969593048
                ],
                [
                    346.1422324180603,
                    129.9927532672882
                ],
                [
                    331.9520950317383,
                    116.44230782985687
                ],
                [
                    283.51539373397827,
                    37.657007575035095
                ],
                [
                    298.7743616104126,
                    53.67274582386017
                ],
                [
                    276.5084207057953,
                    118.872731924057
                ],
                [
                    260.1533234119415,
                    105.8378517627716
                ],
                [
                    314.29821252822876,
                    83.04256200790405
                ]
            ],
            "provenance": "visii",
            "quaternion_xyzw": [
                0.7118839025497437,
                0.09393694996833801,
                0.30859991908073425,
                -0.6238294839859009
            ],
            "quaternion_xyzw_world": [
                -0.06330431252717972,
                -0.1513586789369583,
                0.8691251277923584,
                -0.46658825874328613
            ],
            "segmentation_id": 4,
            "visibility": 0
        },
        {
            "bounding_box_minx_maxx_miny_maxy": [
                -1,
                -1,
                -1,
                -1
            ],
            "class": "Toys",
            "local_cuboid": null,
            "local_to_world_matrix": [
                [
                    0.7909687161445618,
                    0.567720890045166,
                    -0.22816982865333557,
                    0.0
                ],
                [
                    0.5822651386260986,
                    -0.5838496685028076,
                    0.5657622814178467,
                    0.0
                ],
                [
                    0.18797817826271057,
                    -0.5803556442260742,
                    -0.7923709154129028,
                    0.0
                ],
                [
                    1.7416198253631592,
                    0.5030710697174072,
                    0.567219614982605,
                    1.0
                ]
            ],
            "location": [
                -0.5030710697174072,
                0.567219614982605,
                -1.7416198253631592
            ],
            "location_world": [
                1.7416198253631592,
                0.5030710697174072,
                0.567219614982605
            ],
            "name": "google_Toys_R_Us_Treat_Dispenser_Smart_Puzzle_Foobler_4",
            "projected_cuboid": [
                [
                    80.14211058616638,
                    120.13031542301178
                ],
                [
                    117.15628206729889,
                    98.32558035850525
                ],
                [
                    85.98887920379639,
                    56.235820055007935
                ],
                [
                    46.77855968475342,
                    76.25280320644379
                ],
                [
                    99.50488805770874,
                    97.78013825416565
                ],
                [
                    138.11227679252625,
                    75.5959153175354
                ],
                [
                    105.08434474468231,
                    30.140385031700134
                ],
                [
                    63.98645043373108,
                    50.2253919839859
                ],
                [
                    92.39444136619568,
                    75.92472434043884
                ]
            ],
            "provenance": "visii",
            "quaternion_xyzw": [
                0.11672085523605347,
                0.7618170976638794,
                -0.4511043131351471,
                0.4500175714492798
            ],
            "quaternion_xyzw_world": [
                0.8898299336433411,
                0.3230915069580078,
                -0.011291950941085815,
                0.3220047652721405
            ],
            "segmentation_id": 5,
            "visibility": 0
        },
        {
            "bounding_box_minx_maxx_miny_maxy": [
                -1,
                -1,
                -1,
                -1
            ],
            "class": "Tag",
            "local_cuboid": null,
            "local_to_world_matrix": [
                [
                    0.8977974057197571,
                    0.3024486303329468,
                    0.32013222575187683,
                    0.0
                ],
                [
                    -0.03892900049686432,
                    0.7785521745681763,
                    -0.6263713240623474,
                    0.0
                ],
                [
                    -0.4386847913265228,
                    0.5498921275138855,
                    0.7107561230659485,
                    0.0
                ],
                [
                    0.218276247382164,
                    -0.3234536349773407,
                    -0.03514782711863518,
                    1.0
                ]
            ],
            "location": [
                0.3234536349773407,
                -0.03514782711863518,
                -0.218276247382164
            ],
            "location_world": [
                0.218276247382164,
                -0.3234536349773407,
                -0.03514782711863518
            ],
            "name": "google_Tag_Dishtowel_Basket_Weave_Red_18_x_26_5",
            "projected_cuboid": [
                [
                    1035.2139472961426,
                    58.927640318870544
                ],
                [
                    662.7362966537476,
                    373.1425106525421
                ],
                [
                    680.855929851532,
                    418.18785667419434
                ],
                [
                    1033.7495803833008,
                    118.66474151611328
                ],
                [
                    2191.9875144958496,
                    87.17574179172516
                ],
                [
                    1437.3527765274048,
                    798.579752445221
                ],
                [
                    1389.2874717712402,
                    846.4775085449219
                ],
                [
                    2067.936897277832,
                    206.54520392417908
                ],
                [
                    1150.48348903656,
                    315.316379070282
                ]
            ],
            "provenance": "visii",
            "quaternion_xyzw": [
                -0.47043538093566895,
                0.24361465871334076,
                0.7693349123001099,
                0.35702407360076904
            ],
            "quaternion_xyzw_world": [
                -0.3195657730102539,
                -0.2061544507741928,
                0.09274503588676453,
                0.9202045202255249
            ],
            "segmentation_id": 6,
            "visibility": 0
        },
        {
            "bounding_box_minx_maxx_miny_maxy": [
                -1,
                -1,
                -1,
                -1
            ],
            "class": "FRACTION",
            "local_cuboid": null,
            "local_to_world_matrix": [
                [
                    0.5402968525886536,
                    -0.49583202600479126,
                    -0.6798748970031738,
                    0.0
                ],
                [
                    0.7206255793571472,
                    0.6898227334022522,
                    0.06959448754787445,
                    0.0
                ],
                [
                    0.4344860017299652,
                    -0.527536928653717,
                    0.7300182580947876,
                    0.0
                ],
                [
                    1.8567273616790771,
                    -0.06185343861579895,
                    -0.01160893589258194,
                    1.0
                ]
            ],
            "location": [
                0.06185343861579895,
                -0.01160893589258194,
                -1.8567273616790771
            ],
            "location_world": [
                1.8567273616790771,
                -0.06185343861579895,
                -0.01160893589258194
            ],
            "name": "google_FRACTION_FUN_n4h4qte23QR_6",
            "projected_cuboid": [
                [
                    312.9850924015045,
                    264.88882303237915
                ],
                [
                    269.12522315979004,
                    259.8797380924225
                ],
                [
                    262.240469455719,
                    269.7576582431793
                ],
                [
                    306.04368448257446,
                    275.55203437805176
                ],
                [
                    286.58849000930786,
                    224.85101222991943
                ],
                [
                    242.43678152561188,
                    222.46935963630676
                ],
                [
                    234.9344789981842,
                    232.4661910533905
                ],
                [
                    278.98135781288147,
                    235.65639555454254
                ],
                [
                    273.7232446670532,
                    248.5792338848114
                ]
            ],
            "provenance": "visii",
            "quaternion_xyzw": [
                -0.6820417046546936,
                0.5020579099655151,
                0.004677094519138336,
                0.5317283868789673
            ],
            "quaternion_xyzw_world": [
                0.17353375256061554,
                0.3238470256328583,
                -0.3535175621509552,
                0.8602525591850281
            ],
            "segmentation_id": 7,
            "visibility": 0
        },
        {
            "bounding_box_minx_maxx_miny_maxy": [
                -1,
                -1,
                -1,
                -1
            ],
            "class": "FAIRY",
            "local_cuboid": null,
            "local_to_world_matrix": [
                [
                    0.34529757499694824,
                    0.7946875095367432,
                    0.4992409944534302,
                    0.0
                ],
                [
                    -0.04173445701599121,
                    0.5444361567497253,
                    -0.8377634882926941,
                    0.0
                ],
                [
                    -0.9375649690628052,
                    0.26844221353530884,
                    0.22115826606750488,
                    0.0
                ],
                [
                    0.358960896730423,
                    -0.008778654038906097,
                    0.3392360508441925,
                    1.0
                ]
            ],
            "location": [
                0.008778654038906097,
                0.3392360508441925,
                -0.358960896730423
            ],
            "location_world": [
                0.358960896730423,
                -0.008778654038906097,
                0.3392360508441925
            ],
            "name": "google_FAIRY_TALE_BLOCKS_7",
            "projected_cuboid": [
                [
                    12.77834177017212,
                    -1459.5752954483032
                ],
                [
                    -466.2802219390869,
                    -844.9496030807495
                ],
                [
                    2.821490168571472,
                    -192.11411476135254
                ],
                [
                    223.24654459953308,
                    -508.97330045700073
                ],
                [
                    886.0487937927246,
                    -2094.109535217285
                ],
                [
                    99.23893213272095,
                    -1031.8232774734497
                ],
                [
                    316.9224262237549,
                    -73.68859648704529
                ],
                [
                    585.1074457168579,
                    -478.782057762146
                ],
                [
                    198.47038388252258,
                    -613.4362816810608
                ]
            ],
            "provenance": "visii",
            "quaternion_xyzw": [
                -0.16241244971752167,
                0.0695686787366867,
                0.9447242617607117,
                0.27618569135665894
            ],
            "quaternion_xyzw_world": [
                -0.38069120049476624,
                -0.4944644272327423,
                0.2878474295139313,
                0.7264455556869507
            ],
            "segmentation_id": 8,
            "visibility": 0
        },
        {
            "bounding_box_minx_maxx_miny_maxy": [
                -1,
                -1,
                -1,
                -1
            ],
            "class": "Great",
            "local_cuboid": null,
            "local_to_world_matrix": [
                [
                    0.5160219073295593,
                    -0.18793943524360657,
                    -0.835703432559967,
                    0.0
                ],
                [
                    0.5348337888717651,
                    -0.6913900375366211,
                    0.48572903871536255,
                    0.0
                ],
                [
                    -0.6690846085548401,
                    -0.6976092457771301,
                    -0.256256103515625,
                    0.0
                ],
                [
                    0.8084046244621277,
                    0.15108813345432281,
                    0.29216468334198,
                    1.0
                ]
            ],
            "location": [
                -0.15108813345432281,
                0.29216468334198,
                -0.8084046244621277
            ],
            "location_world": [
                0.8084046244621277,
                0.15108813345432281,
                0.29216468334198
            ],
            "name": "google_Great_Jones_Wingtip_kAqSg6EgG0I_8",
            "projected_cuboid": [
                [
                    99.26486015319824,
                    124.61081147193909
                ],
                [
                    283.24660658836365,
                    41.064515709877014
                ],
                [
                    228.4735143184662,
                    39.22732174396515
                ],
                [
                    50.94157159328461,
                    113.93044888973236
                ],
                [
                    64.96426463127136,
                    22.524669766426086
                ],
                [
                    269.63838934898376,
                    -45.4690158367157
                ],
                [
                    212.42231130599976,
                    -39.79864716529846
                ],
                [
                    16.40598475933075,
                    22.122129797935486
                ],
                [
                    162.6587212085724,
                    32.50423073768616
                ]
            ],
            "provenance": "visii",
            "quaternion_xyzw": [
                -0.09100247174501419,
                0.3964546322822571,
                -0.4988527297973633,
                0.7653027176856995
            ],
            "quaternion_xyzw_world": [
                0.7848038077354431,
                0.11050353944301605,
                -0.479351669549942,
                0.3769535422325134
            ],
            "segmentation_id": 9,
            "visibility": 0
        },
        {
            "bounding_box_minx_maxx_miny_maxy": [
                312,
                357,
                433,
                500
            ],
            "class": "Ecoforms",
            "local_cuboid": null,
            "local_to_world_matrix": [
                [
                    0.5302653908729553,
                    -0.28179818391799927,
                    0.7996301054954529,
                    0.0
                ],
                [
                    0.4595707654953003,
                    -0.6970322132110596,
                    -0.5504006147384644,
                    0.0
                ],
                [
                    0.7124698758125305,
                    0.6593450307846069,
                    -0.24010586738586426,
                    0.0
                ],
                [
                    1.656424880027771,
                    -0.28929948806762695,
                    -0.5967731475830078,
                    1.0
                ]
            ],
            "location": [
                0.28929948806762695,
                -0.5967731475830078,
                -1.656424880027771
            ],
            "location_world": [
                1.656424880027771,
                -0.28929948806762695,
                -0.5967731475830078
            ],
            "name": "google_Ecoforms_Plant_Container_Quadra_Sand_QP6_9",
            "projected_cuboid": [
                [
                    296.95773124694824,
                    422.2363829612732
                ],
                [
                    337.52477169036865,
                    447.9560852050781
                ],
                [
                    381.8393349647522,
                    447.5826621055603
                ],
                [
                    340.6718373298645,
                    419.9865460395813
                ],
                [
                    280.53006529808044,
                    487.18100786209106
                ],
                [
                    324.2221474647522,
                    511.1609697341919
                ],
                [
                    370.28005719184875,
                    515.3652429580688
                ],
                [
                    325.80602169036865,
                    489.7773265838623
                ],
                [
                    332.1917653083801,
                    466.988205909729
                ]
            ],
            "provenance": "visii",
            "quaternion_xyzw": [
                0.7976008653640747,
                0.469113826751709,
                -0.372871458530426,
                -0.06878907978534698
            ],
            "quaternion_xyzw_world": [
                0.785398542881012,
                0.05658673495054245,
                0.48131614923477173,
                -0.38507381081581116
            ],
            "segmentation_id": 10,
            "visibility": 1
        },
        {
            "bounding_box_minx_maxx_miny_maxy": [
                -1,
                -1,
                -1,
                -1
            ],
            "class": "ReadytoUse",
            "local_cuboid": null,
            "local_to_world_matrix": [
                [
                    -0.9880186319351196,
                    -0.10926619917154312,
                    -0.10899647325277328,
                    0.0
                ],
                [
                    -0.0971110388636589,
                    0.9890410900115967,
                    -0.11120777577161789,
                    0.0
                ],
                [
                    0.11995323747396469,
                    -0.09929058700799942,
                    -0.9878019094467163,
                    0.0
                ],
                [
                    0.16514675319194794,
                    -0.3498314321041107,
                    -0.34964078664779663,
                    1.0
                ]
            ],
            "location": [
                0.3498314321041107,
                -0.34964078664779663,
                -0.16514675319194794
            ],
            "location_world": [
                0.16514675319194794,
                -0.3498314321041107,
                -0.34964078664779663
            ],
            "name": "google_ReadytoUse_Rolled_Fondant_Pure_White_24_oz_box_10",
            "projected_cuboid": [
                [
                    2126.1520385742188,
                    2704.8556804656982
                ],
                [
                    1960.6544971466064,
                    2826.7664909362793
                ],
                [
                    2198.8189220428467,
                    2356.081962585449
                ],
                [
                    2384.86647605896,
                    2232.1183681488037
                ],
                [
                    1184.680700302124,
                    1483.0416440963745
                ],
                [
                    1082.4928283691406,
                    1520.766019821167
                ],
                [
                    1112.6817464828491,
                    1185.288429260254
                ],
                [
                    1223.3103513717651,
                    1151.237964630127
                ],
                [
                    1481.939435005188,
                    1738.9428615570068
                ]
            ],
            "provenance": "visii",
            "quaternion_xyzw": [
                -0.5788841247558594,
                0.474204421043396,
                -0.46957117319107056,
                -0.4685363471508026
            ],
            "quaternion_xyzw_world": [
                -0.05182243138551712,
                0.9955980181694031,
                -0.05285726860165596,
                0.057490501552820206
            ],
            "segmentation_id": 11,
            "visibility": 0
        },
        {
            "bounding_box_minx_maxx_miny_maxy": [
                19,
                167,
                407,
                500
            ],
            "class": "Dog",
            "local_cuboid": null,
            "local_to_world_matrix": [
                [
                    -0.2680702209472656,
                    -0.7588289380073547,
                    -0.5935630798339844,
                    0.0
                ],
                [
                    0.7689037919044495,
                    -0.5397312641143799,
                    0.3427495062351227,
                    0.0
                ],
                [
                    -0.5804526805877686,
                    -0.36451199650764465,
                    0.7281522750854492,
                    0.0
                ],
                [
                    0.8598329424858093,
                    0.199715718626976,
                    -0.3841213285923004,
                    1.0
                ]
            ],
            "location": [
                -0.199715718626976,
                -0.3841213285923004,
                -0.8598329424858093
            ],
            "location_world": [
                0.8598329424858093,
                0.199715718626976,
                -0.3841213285923004
            ],
            "name": "google_Dog_11",
            "projected_cuboid": [
                [
                    167.99047589302063,
                    570.9339380264282
                ],
                [
                    260.2539658546448,
                    463.28872442245483
                ],
                [
                    210.23085713386536,
                    533.1746935844421
                ],
                [
                    122.60720133781433,
                    637.5852823257446
                ],
                [
                    24.203062057495117,
                    424.4190454483032
                ],
                [
                    133.99672508239746,
                    349.4502902030945
                ],
                [
                    102.3825854063034,
                    428.5028278827667
                ],
                [
                    2.5681257247924805,
                    506.6981315612793
                ],
                [
                    128.62035632133484,
                    485.46352982521057
                ]
            ],
            "provenance": "visii",
            "quaternion_xyzw": [
                0.45706310868263245,
                -0.029444456100463867,
                0.3460037112236023,
                -0.8188453912734985
            ],
            "quaternion_xyzw_world": [
                -0.3686152398586273,
                -0.006832939572632313,
                0.7962338924407959,
                -0.4796746075153351
            ],
            "segmentation_id": 12,
            "visibility": 1
        },
        {
            "bounding_box_minx_maxx_miny_maxy": [
                -1,
                -1,
                -1,
                -1
            ],
            "class": "Black",
            "local_cuboid": null,
            "local_to_world_matrix": [
                [
                    0.2107115387916565,
                    -0.6909294128417969,
                    0.6915326118469238,
                    0.0
                ],
                [
                    -0.14528456330299377,
                    -0.7216931581497192,
                    -0.6767950057983398,
                    0.0
                ],
                [
                    0.9666918516159058,
                    0.04213950037956238,
                    -0.25245046615600586,
                    0.0
                ],
                [
                    0.3954624831676483,
                    -0.4699738919734955,
                    0.08445283025503159,
                    1.0
                ]
            ],
            "location": [
                0.4699738919734955,
                0.08445283025503159,
                -0.3954624831676483
            ],
            "location_world": [
                0.3954624831676483,
                -0.4699738919734955,
                0.08445283025503159
            ],
            "name": "google_Black_Elderberry_Syrup_54_oz_Gaia_Herbs_12",
            "projected_cuboid": [
                [
                    760.9186172485352,
                    153.23597192764282
                ],
                [
                    816.9654011726379,
                    196.59771025180817
                ],
                [
                    1026.4785289764404,
                    122.07680940628052
                ],
                [
                    946.6254115104675,
                    65.3025209903717
                ],
                [
                    727.8226613998413,
                    195.7070231437683
                ],
                [
                    784.6127152442932,
                    240.7560795545578
                ],
                [
                    988.8918399810791,
                    179.987832903862
                ],
                [
                    907.4168801307678,
                    120.21520733833313
                ],
                [
                    855.2110195159912,
                    164.30088877677917
                ]
            ],
            "provenance": "visii",
            "quaternion_xyzw": [
                0.9130191802978516,
                0.38696494698524475,
                -0.06923487782478333,
                0.10890653729438782
            ],
            "quaternion_xyzw_world": [
                0.7390627861022949,
                -0.28286296129226685,
                0.5609213709831238,
                -0.24319130182266235
            ],
            "segmentation_id": 13,
            "visibility": 0
        },
        {
            "bounding_box_minx_maxx_miny_maxy": [
                -1,
                -1,
                -1,
                -1
            ],
            "class": "Razer",
            "local_cuboid": null,
