{
    "camera_data": {
        "camera_look_at": {
            "at": [
                1.0,
                0.0,
                0.0
            ],
            "eye": [
                0.0,
                0.0,
                0.0
            ],
            "up": [
                0.0,
                0.0,
                1.0
            ]
        },
        "camera_view_matrix": [
            [
                0.0,
                0.0,
                -1.0,
                0.0
            ],
            [
                -1.0,
                0.0,
                0.0,
                0.0
            ],
            [
                0.0,
                1.0,
                0.0,
                0.0
            ],
            [
                0.0,
                0.0,
                0.0,
                1.0
            ]
        ],
        "height": 500,
        "intrinsics": {
            "cx": 250.0,
            "cy": 250.0,
            "fx": 603.5535278320312,
            "fy": 603.5535278320312
        },
        "location_world": [
            0.0,
            0.0,
            0.0
        ],
        "quaternion_world_xyzw": [
            0.5,
            -0.5,
            -0.5,
            0.5
        ],
        "width": 500
    },
    "objects": [
        {
            "bounding_box_minx_maxx_miny_maxy": [
                -1,
                -1,
                -1,
                -1
            ],
            "class": "Reebok",
            "local_cuboid": null,
            "local_to_world_matrix": [
                [
                    0.4308508634567261,
                    0.3610316812992096,
                    -0.8270572423934937,
                    0.0
                ],
                [
                    -0.873670220375061,
                    -0.06262540817260742,
                    -0.482471227645874,
                    0.0
                ],
                [
                    -0.2259821891784668,
                    0.9304484128952026,
                    0.288440465927124,
                    0.0
                ],
                [
                    0.3736251890659332,
                    0.06347914040088654,
                    0.37880632281303406,
                    1.0
                ]
            ],
            "location": [
                -0.06347914040088654,
                0.37880632281303406,
                -0.3736251890659332
            ],
            "location_world": [
                0.3736251890659332,
                0.06347914040088654,
                0.37880632281303406
            ],
            "name": "google_Reebok_SOMERSET_RUN_0",
            "projected_cuboid": [
                [
                    7.226571440696716,
                    -276.9675850868225
                ],
                [
                    -201.89565420150757,
                    -479.96222972869873
                ],
                [
                    83.31780135631561,
                    -334.26153659820557
                ],
                [
                    143.327534198761,
                    -212.23875880241394
                ],
                [
                    35.58221459388733,
                    -458.7135910987854
                ],
                [
                    -188.48687410354614,
                    -950.1866102218628
                ],
                [
                    157.7432155609131,
                    -716.8163657188416
                ],
                [
                    183.9926838874817,
                    -377.39700078964233
                ],
                [
                    53.46551537513733,
                    -412.08988428115845
                ]
            ],
            "provenance": "visii",
            "quaternion_xyzw": [
                -0.473143070936203,
                0.4039115905761719,
                0.719285249710083,
                -0.30922454595565796
            ],
            "quaternion_xyzw_world": [
                -0.5488706231117249,
                0.23349696397781372,
                0.4796391725540161,
                0.6435576677322388
            ],
            "segmentation_id": 1,
            "visibility": 0
        },
        {
            "bounding_box_minx_maxx_miny_maxy": [
                -1,
                -1,
                -1,
                -1
            ],
            "class": "Breyer",
            "local_cuboid": null,
            "local_to_world_matrix": [
                [
                    -0.5697505474090576,
                    -0.3233034908771515,
                    -0.7555521130561829,
                    0.0
                ],
                [
                    0.422283798456192,
                    0.6735391616821289,
                    -0.6066476702690125,
                    0.0
                ],
                [
                    0.7050252556800842,
                    -0.6646953225135803,
                    -0.2472233772277832,
                    0.0
                ],
                [
                    0.43458089232444763,
                    -0.24180352687835693,
                    -0.333055317401886,
                    1.0
                ]
            ],
            "location": [
                0.24180352687835693,
                -0.333055317401886,
                -0.43458089232444763
            ],
            "location_world": [
                0.43458089232444763,
                -0.24180352687835693,
                -0.333055317401886
            ],
            "name": "google_Breyer_Horse_Of_The_Year_2015_1",
            "projected_cuboid": [
                [
                    763.3925676345825,
                    826.9956111907959
                ],
                [
                    690.1038289070129,
                    841.3978219032288
                ],
                [
                    653.7183523178101,
                    948.5740065574646
                ],
                [
                    746.6232180595398,
                    937.1181130409241
                ],
                [
                    574.9083161354065,
                    523.6656069755554
                ],
                [
                    524.5059728622437,
                    546.8941330909729
                ],
                [
                    462.66651153564453,
                    564.7941827774048
                ],
                [
                    521.1031436920166,
                    537.335991859436
                ],
                [
                    605.6610345840454,
                    689.4704103469849
                ]
            ],
            "provenance": "visii",
            "quaternion_xyzw": [
                -0.8116304874420166,
                0.44019147753715515,
                -0.38023641705513,
                0.053922414779663086
            ],
            "quaternion_xyzw_world": [
                0.031359877437353134,
                0.7890679836273193,
                -0.40279895067214966,
                0.4627539813518524
            ],
            "segmentation_id": 2,
            "visibility": 0
        },
        {
            "bounding_box_minx_maxx_miny_maxy": [
                60,
                165,
                1,
                107
            ],
            "class": "Smith",
            "local_cuboid": null,
            "local_to_world_matrix": [
                [
                    -0.8306747674942017,
                    0.5280790328979492,
                    0.1763855367898941,
                    0.0
                ],
                [
                    0.5294317007064819,
                    0.8472492694854736,
                    -0.04325204715132713,
                    0.0
                ],
                [
                    -0.17228300869464874,
                    0.057455699890851974,
                    -0.9833704233169556,
                    0.0
                ],
                [
                    1.6147762537002563,
                    0.35324081778526306,
                    0.652837872505188,
                    1.0
                ]
            ],
            "location": [
                -0.35324081778526306,
                0.652837872505188,
                -1.6147762537002563
            ],
            "location_world": [
                1.6147762537002563,
                0.35324081778526306,
                0.652837872505188
            ],
            "name": "google_Smith_Hawken_Woven_BasketTray_Organizer_with_3_Compartments_95_x_9_x_13_2",
            "projected_cuboid": [
                [
                    92.07457304000854,
                    59.47268009185791
                ],
                [
                    17.951935529708862,
                    81.47576451301575
                ],
                [
                    31.047165393829346,
                    -17.53947138786316
                ],
                [
                    103.98997366428375,
                    -48.482418060302734
                ],
                [
                    190.4904842376709,
                    117.38017201423645
                ],
                [
                    121.29458785057068,
                    131.2694102525711
                ],
                [
                    129.63542342185974,
                    47.193750739097595
                ],
                [
                    197.61230051517487,
                    26.924237608909607
                ],
                [
                    113.70208859443665,
                    52.40245163440704
                ]
            ],
            "provenance": "visii",
            "quaternion_xyzw": [
                -0.29278403520584106,
                0.5728315711021423,
                -0.6602298617362976,
                -0.3876054584980011
            ],
            "quaternion_xyzw_world": [
                0.2763359844684601,
                0.9567254781723022,
                0.003711528377607465,
                -0.09110987186431885
            ],
            "segmentation_id": 3,
            "visibility": 1
        },
        {
            "bounding_box_minx_maxx_miny_maxy": [
                232,
                260,
                1,
                58
            ],
            "class": "Paul",
            "local_cuboid": null,
            "local_to_world_matrix": [
                [
                    -0.5977942943572998,
                    -0.7832376956939697,
                    -0.17082378268241882,
                    0.0
                ],
                [
                    -0.8011844158172607,
                    0.5909839272499084,
                    0.09402959793806076,
                    0.0
                ],
                [
                    0.027306586503982544,
                    0.19307169318199158,
                    -0.9808046817779541,
                    0.0
                ],
                [
                    1.68204927444458,
                    -0.0413237065076828,
                    0.7678200006484985,
                    1.0
                ]
            ],
            "location": [
                0.0413237065076828,
                0.7678200006484985,
                -1.68204927444458
            ],
            "location_world": [
                1.68204927444458,
                -0.0413237065076828,
                0.7678200006484985
            ],
            "name": "google_Paul_Frank_Dot_Lunch_Box_3",
            "projected_cuboid": [
                [
                    298.19047451019287,
                    62.77589499950409
                ],
                [
                    276.27092599868774,
                    48.52817952632904
                ],
                [
                    293.71264576911926,
                    -40.35210609436035
                ],
                [
                    314.8004710674286,
                    -21.381229162216187
                ],
                [
                    225.20002722740173,
                    64.0595406293869
                ],
                [
                    201.62144303321838,
                    51.177978515625
                ],
                [
                    217.18829870224,
                    -29.542118310928345
                ],
                [
                    240.10346829891205,
                    -12.745708227157593
                ],
                [
                    256.9121718406677,
                    15.731021761894226
                ]
            ],
            "provenance": "visii",
            "quaternion_xyzw": [
                -0.6550791263580322,
                0.29073119163513184,
                -0.15445558726787567,
                -0.6800662875175476
            ],
            "quaternion_xyzw_world": [
                -0.44497933983802795,
                0.8901661038398743,
                0.08063138276338577,
                0.055644214153289795
            ],
            "segmentation_id": 4,
            "visibility": 1
        },
        {
            "bounding_box_minx_maxx_miny_maxy": [
                -1,
                -1,
                -1,
                -1
            ],
            "class": "Toys",
            "local_cuboid": null,
            "local_to_world_matrix": [
                [
                    0.9350414276123047,
                    0.2755378484725952,
                    -0.223106250166893,
                    0.0
                ],
                [
                    0.12302424013614655,
                    0.3380262851715088,
                    0.9330612421035767,
                    0.0
                ],
                [
                    0.33250945806503296,
                    -0.8998984098434448,
                    0.28217077255249023,
                    0.0
                ],
                [
                    1.8920001983642578,
                    0.43198710680007935,
                    -0.00834646075963974,
                    1.0
                ]
            ],
            "location": [
                -0.43198710680007935,
                -0.00834646075963974,
                -1.8920001983642578
            ],
            "location_world": [
                1.8920001983642578,
                0.43198710680007935,
                -0.00834646075963974
            ],
            "name": "google_Toys_R_Us_Treat_Dispenser_Smart_Puzzle_Foobler_4",
            "projected_cuboid": [
                [
                    162.9721224308014,
                    266.28026366233826
                ],
                [
                    148.2786238193512,
                    223.32294285297394
                ],
                [
                    103.42064499855042,
                    235.87431013584137
                ],
                [
                    118.06318163871765,
                    280.07450699806213
                ],
                [
                    170.03217339515686,
                    256.35164976119995
                ],
                [
                    154.13695573806763,
                    210.1888209581375
                ],
                [
                    105.89438676834106,
                    223.36652874946594
                ],
                [
                    121.73305451869965,
                    270.9684669971466
                ],
                [
                    135.74868440628052,
                    245.81240117549896
                ]
            ],
            "provenance": "visii",
            "quaternion_xyzw": [
                -0.1760045289993286,
                0.797042727470398,
                0.049917787313461304,
                0.5755462050437927
            ],
            "quaternion_xyzw_world": [
                0.5733333230018616,
                0.17379161715507507,
                0.047704894095659256,
                0.7992556691169739
            ],
            "segmentation_id": 5,
            "visibility": 0
        },
        {
            "bounding_box_minx_maxx_miny_maxy": [
                -1,
                -1,
                -1,
                -1
            ],
            "class": "Tag",
            "local_cuboid": null,
            "local_to_world_matrix": [
                [
                    -0.9225704669952393,
                    0.19403673708438873,
                    0.33348697423934937,
                    0.0
                ],
                [
                    0.24133028090000153,
                    -0.38418281078338623,
                    0.8911584615707397,
                    0.0
                ],
                [
                    0.30103743076324463,
                    0.9026368856430054,
                    0.3076086640357971,
                    0.0
                ],
                [
                    0.31230148673057556,
                    -0.19793780148029327,
                    0.1401987224817276,
                    1.0
                ]
            ],
            "location": [
                0.19793780148029327,
                0.1401987224817276,
                -0.31230148673057556
            ],
            "location_world": [
                0.31230148673057556,
                -0.19793780148029327,
                0.1401987224817276
            ],
            "name": "google_Tag_Dishtowel_Basket_Weave_Red_18_x_26_5",
            "projected_cuboid": [
                [
                    543.7101125717163,
                    39.57638144493103
                ],
                [
                    681.4250946044922,
                    -377.0750164985657
                ],
                [
                    771.2072134017944,
                    -377.48944759368896
                ],
                [
                    651.013970375061,
                    60.30361354351044
                ],
                [
                    473.46654534339905,
                    220.10067105293274
                ],
                [
                    569.9589252471924,
                    -67.64623522758484
                ],
                [
                    623.261034488678,
                    -60.160696506500244
                ],
                [
                    532.2369337081909,
                    237.06339299678802
                ],
                [
                    596.1966514587402,
                    -26.228636503219604
                ]
            ],
            "provenance": "visii",
            "quaternion_xyzw": [
                0.23229414224624634,
                0.772371768951416,
                0.021452896296977997,
                -0.5907800793647766
            ],
            "quaternion_xyzw_world": [
                0.19621647894382477,
                0.5547024011611938,
                0.8084494471549988,
                -0.014624767005443573
            ],
            "segmentation_id": 6,
            "visibility": 0
        },
        {
            "bounding_box_minx_maxx_miny_maxy": [
                0,
                13,
                314,
                359
            ],
            "class": "FRACTION",
            "local_cuboid": null,
            "local_to_world_matrix": [
                [
                    -0.5895481109619141,
                    0.7369664907455444,
                    0.3306259512901306,
                    0.0
                ],
                [
                    -0.15494325757026672,
                    0.29854220151901245,
                    -0.9417351484298706,
                    0.0
                ],
                [
                    -0.7927331328392029,
                    -0.6064263582229614,
                    -0.061817049980163574,
                    0.0
                ],
                [
                    1.2610869407653809,
                    0.6099278330802917,
                    -0.20510654151439667,
                    1.0
                ]
            ],
            "location": [
                -0.6099278330802917,
                -0.20510654151439667,
                -1.2610869407653809
            ],
            "location_world": [
                1.2610869407653809,
                0.6099278330802917,
                -0.20510654151439667
            ],
            "name": "google_FRACTION_FUN_n4h4qte23QR_6",
            "projected_cuboid": [
                [
                    -64.44665789604187,
                    295.5826222896576
                ],
                [
                    -101.76771879196167,
                    389.4038796424866
                ],
                [
                    -104.96172308921814,
                    383.9866518974304
                ],
                [
                    -68.62246990203857,
                    292.9554581642151
                ],
                [
                    20.955264568328857,
                    318.98385286331177
                ],
                [
                    -11.333763599395752,
                    405.6781530380249
                ],
                [
                    -16.691863536834717,
                    400.2567231655121
                ],
                [
                    14.871105551719666,
                    315.94914197921753
                ],
                [
                    -39.52610492706299,
                    350.2064049243927
                ]
            ],
            "provenance": "visii",
            "quaternion_xyzw": [
                -0.3209500014781952,
                -0.024991214275360107,
                -0.9315893650054932,
                -0.16884267330169678
            ],
            "quaternion_xyzw_world": [
                0.20840272307395935,
                0.6981953978538513,
                -0.5543439388275146,
                -0.4022366404533386
            ],
            "segmentation_id": 7,
            "visibility": 1
        },
        {
            "bounding_box_minx_maxx_miny_maxy": [
                -1,
                -1,
                -1,
                -1
            ],
            "class": "FAIRY",
            "local_cuboid": null,
            "local_to_world_matrix": [
                [
                    0.5121839642524719,
                    0.8245350122451782,
                    -0.24043625593185425,
                    0.0
                ],
                [
                    0.23987755179405212,
                    -0.40613245964050293,
                    -0.8817682862281799,
                    0.0
                ],
                [
                    -0.8246977925300598,
                    0.39395231008529663,
                    -0.40580201148986816,
                    0.0
                ],
                [
                    0.43558913469314575,
                    -0.11614058166742325,
                    0.4450894594192505,
                    1.0
                ]
            ],
            "location": [
                0.11614058166742325,
                0.4450894594192505,
                -0.43558913469314575
            ],
            "location_world": [
                0.43558913469314575,
                -0.11614058166742325,
                0.4450894594192505
            ],
            "name": "google_FAIRY_TALE_BLOCKS_7",
            "projected_cuboid": [
                [
                    -22.99228310585022,
                    -689.4609928131104
                ],
                [
                    214.12059664726257,
                    -111.15920543670654
                ],
                [
                    326.415479183197,
                    -88.93045783042908
                ],
                [
                    197.86933064460754,
                    -436.6607069969177
                ],
                [
                    542.4312353134155,
                    -1679.0987253189087
                ],
                [
                    752.9146075248718,
                    -482.2491407394409
                ],
                [
                    655.2566289901733,
                    -284.1750383377075
                ],
                [
                    540.2076244354248,
                    -797.7983951568604
                ],
                [
                    375.6362199783325,
                    -451.2615203857422
                ]
            ],
            "provenance": "visii",
            "quaternion_xyzw": [
                0.2411096692085266,
                0.17180590331554413,
                -0.9395478963851929,
                0.17204250395298004
            ],
            "quaternion_xyzw_world": [
                0.7622529864311218,
                0.34910082817077637,
                -0.3493374288082123,
                -0.41840457916259766
            ],
            "segmentation_id": 8,
            "visibility": 0
        },
        {
            "bounding_box_minx_maxx_miny_maxy": [
                14,
                62,
                418,
                470
            ],
            "class": "Great",
            "local_cuboid": null,
            "local_to_world_matrix": [
                [
                    0.3456364870071411,
                    -0.5324853658676147,
                    -0.7726543545722961,
                    0.0
                ],
                [
                    0.840126633644104,
                    0.542386531829834,
                    0.002026200294494629,
                    0.0
                ],
                [
                    0.41799837350845337,
                    -0.6498278379440308,
                    0.6348236799240112,
                    0.0
                ],
                [
                    1.7604641914367676,
                    0.6470887660980225,
                    -0.5921998023986816,
                    1.0
                ]
            ],
            "location": [
                -0.6470887660980225,
                -0.5921998023986816,
                -1.7604641914367676
            ],
            "location_world": [
                1.7604641914367676,
                0.6470887660980225,
                -0.5921998023986816
            ],
            "name": "google_Great_Jones_Wingtip_kAqSg6EgG0I_8",
            "projected_cuboid": [
                [
                    86.68702840805054,
                    450.44124126434326
                ],
                [
                    56.38836324214935,
                    423.41482639312744
                ],
                [
                    28.223633766174316,
                    450.53789019584656
                ],
                [
                    54.91770803928375,
                    482.65647888183594
                ],
                [
                    61.331674456596375,
                    423.79558086395264
                ],
                [
                    33.8883101940155,
                    399.8661935329437
                ],
                [
                    4.57388162612915,
                    426.9482493400574
                ],
                [
                    28.055042028427124,
                    455.9933543205261
                ],
                [
                    43.6038076877594,
                    438.1149411201477
                ]
            ],
            "provenance": "visii",
            "quaternion_xyzw": [
                -0.6979358196258545,
                0.471046507358551,
                -0.1089610755443573,
                0.5283259749412537
            ],
            "quaternion_xyzw_world": [
                0.20519885420799255,
                0.37480872869491577,
                -0.432088166475296,
                0.7941735982894897
            ],
            "segmentation_id": 9,
            "visibility": 1
        },
        {
            "bounding_box_minx_maxx_miny_maxy": [
                261,
                330,
                378,
                454
            ],
            "class": "Ecoforms",
            "local_cuboid": null,
            "local_to_world_matrix": [
                [
                    0.020454049110412598,
                    -0.28323665261268616,
                    0.9588319659233093,
                    0.0
                ],
                [
                    -0.9275683164596558,
                    0.35250771045684814,
                    0.12391704320907593,
                    0.0
                ],
                [
                    -0.37309354543685913,
                    -0.8919166922569275,
                    -0.25551116466522217,
                    0.0
                ],
                [
                    1.8412142992019653,
                    -0.04283122345805168,
                    -0.452444851398468,
                    1.0
                ]
            ],
            "location": [
                0.04283122345805168,
                -0.452444851398468,
                -1.8412142992019653
            ],
            "location_world": [
                1.8412142992019653,
                -0.04283122345805168,
                -0.452444851398468
            ],
            "name": "google_Ecoforms_Plant_Container_Quadra_Sand_QP6_9",
            "projected_cuboid": [
                [
                    331.9046199321747,
                    384.4105005264282
                ],
                [
                    316.53499603271484,
                    390.0156617164612
                ],
                [
                    262.45826482772827,
                    370.1906204223633
                ],
                [
                    282.2655439376831,
                    366.57825112342834
                ],
                [
                    314.62347507476807,
                    443.77148151397705
                ],
                [
                    297.4131107330322,
                    455.59075474739075
                ],
                [
                    243.9027577638626,
                    433.3670735359192
                ],
                [
                    265.44782519340515,
                    423.96682500839233
                ],
                [
                    289.33054208755493,
                    408.09500217437744
                ]
            ],
            "provenance": "visii",
            "quaternion_xyzw": [
                0.4433469772338867,
                0.34190165996551514,
                0.4914112389087677,
                0.6671295762062073
            ],
            "quaternion_xyzw_world": [
                0.4804834723472595,
                -0.6299930214881897,
                0.30476513504981995,
                0.5285477042198181
            ],
            "segmentation_id": 10,
            "visibility": 1
        },
        {
            "bounding_box_minx_maxx_miny_maxy": [
                -1,
                -1,
                -1,
                -1
            ],
            "class": "ReadytoUse",
            "local_cuboid": null,
            "local_to_world_matrix": [
                [
                    -0.7259232997894287,
                    0.19845445454120636,
                    0.6585226058959961,
                    0.0
                ],
                [
                    -0.5450616478919983,
                    0.4179357886314392,
                    -0.7267996668815613,
                    0.0
                ],
                [
                    -0.4194568395614624,
                    -0.8865358233451843,
                    -0.19521963596343994,
                    0.0
                ],
                [
                    0.2616008520126343,
                    -0.2465580403804779,
                    -0.4458475410938263,
                    1.0
                ]
            ],
            "location": [
                0.2465580403804779,
                -0.4458475410938263,
                -0.2616008520126343
            ],
            "location_world": [
                0.2616008520126343,
                -0.2465580403804779,
                -0.4458475410938263
            ],
            "name": "google_ReadytoUse_Rolled_Fondant_Pure_White_24_oz_box_10",
            "projected_cuboid": [
                [
                    1735.1751327514648,
                    1835.6260061264038
                ],
                [
                    1940.2741193771362,
                    2315.161943435669
                ],
                [
                    912.8251671791077,
                    1502.4386644363403
                ],
                [
                    889.6375298500061,
                    1263.9745473861694
                ],
                [
                    1266.0646438598633,
                    1466.7437076568604
                ],
                [
                    1332.8558206558228,
                    1710.7806205749512
                ],
                [
                    762.5157833099365,
                    1289.5992994308472
                ],
                [
                    758.3458423614502,
                    1134.9449157714844
                ],
                [
                    1106.748342514038,
                    1482.8429222106934
                ]
            ],
            "provenance": "visii",
            "quaternion_xyzw": [
                -0.5265188813209534,
                -0.11423458158969879,
                -0.7656224966049194,
                -0.3514978587627411
            ],
            "quaternion_xyzw_world": [
                -0.11331441253423691,
                0.764702320098877,
                -0.5274390578269958,
                -0.3524180054664612
            ],
            "segmentation_id": 11,
            "visibility": 0
        },
        {
            "bounding_box_minx_maxx_miny_maxy": [
                -1,
                -1,
                -1,
                -1
            ],
            "class": "Dog",
            "local_cuboid": null,
            "local_to_world_matrix": [
                [
                    0.13590234518051147,
                    0.8243693113327026,
                    -0.5494961142539978,
                    0.0
                ],
                [
                    -0.8367505073547363,
                    -0.20145785808563232,
                    -0.5091792345046997,
                    0.0
                ],
                [
                    -0.5304519534111023,
                    0.5289897918701172,
                    0.6624127626419067,
                    0.0
                ],
                [
                    0.6983831524848938,
                    -0.5738986134529114,
                    0.0067233797162771225,
                    1.0
                ]
            ],
            "location": [
                0.5738986134529114,
                0.0067233797162771225,
                -0.6983831524848938
            ],
            "location_world": [
                0.6983831524848938,
                -0.5738986134529114,
                0.0067233797162771225
            ],
            "name": "google_Dog_11",
            "projected_cuboid": [
                [
                    559.8141551017761,
                    143.76899600028992
                ],
                [
                    693.4558153152466,
                    220.42065858840942
                ],
                [
                    719.7818160057068,
                    350.57342052459717
                ],
                [
                    598.8008975982666,
                    258.55404138565063
                ],
                [
                    751.0597109794617,
                    21.121010184288025
                ],
                [
                    952.8527855873108,
                    64.32700157165527
                ],
                [
                    935.2015256881714,
                    228.5567671060562
                ],
                [
                    765.0768160820007,
                    157.71587193012238
                ],
                [
                    735.6452345848083,
                    183.48351120948792
                ]
            ],
            "provenance": "visii",
            "quaternion_xyzw": [
                -0.1964421421289444,
                0.4429272413253784,
                0.8461679220199585,
                -0.22186902165412903
            ],
            "quaternion_xyzw_world": [
                -0.41077592968940735,
                0.0075352550484240055,
                0.6572610139846802,
                0.6318341493606567
            ],
            "segmentation_id": 12,
            "visibility": 0
        },
        {
            "bounding_box_minx_maxx_miny_maxy": [
                -1,
                -1,
                -1,
                -1
            ],
            "class": "Black",
            "local_cuboid": null,
            "local_to_world_matrix": [
                [
                    0.4910234808921814,
                    -0.5735564231872559,
                    0.6556896567344666,
                    0.0
                ],
                [
                    0.5289674997329712,
                    -0.4017297029495239,
                    -0.7475337386131287,
                    0.0
                ],
                [
                    0.692162811756134,
                    0.7138951420783997,
                    0.10613399744033813,
                    0.0
                ],
                [
                    0.3655768930912018,
                    -0.3778421878814697,
                    0.08292444050312042,
                    1.0
                ]
            ],
            "location": [
                0.3778421878814697,
                0.08292444050312042,
                -0.3655768930912018
            ],
            "location_world": [
                0.3655768930912018,
                -0.3778421878814697,
                0.08292444050312042
            ],
            "name": "google_Black_Elderberry_Syrup_54_oz_Gaia_Herbs_12",
            "projected_cuboid": [
                [
                    612.2413277626038,
                    69.18999552726746
                ],
                [
                    618.3032989501953,
                    134.37622785568237
                ],
                [
                    870.0867295265198,
                    128.5119354724884
                ],
                [
                    883.9733600616455,
                    44.83458399772644
                ],
                [
                    590.2057886123657,
                    109.37975347042084
                ],
                [
                    598.1043577194214,
                    175.79028010368347
                ],
                [
                    863.5990619659424,
                    180.80615997314453
                ],
                [
                    878.0418634414673,
                    95.0065553188324
                ],
                [
                    723.2252359390259,
                    118.47276985645294
                ]
            ],
            "provenance": "visii",
            "quaternion_xyzw": [
                -0.8679361939430237,
                -0.30457863211631775,
                0.3470642864704132,
                0.18293438851833344
            ],
            "quaternion_xyzw_world": [
                -0.6683223843574524,
                0.016679437831044197,
                -0.5041924715042114,
                0.5466781258583069
            ],
            "segmentation_id": 13,
            "visibility": 0
        },
        {
            "bounding_box_minx_maxx_miny_maxy": [
                -1,
                -1,
                -1,
                -1
            ],
