{
    "camera_data": {
        "camera_look_at": {
            "at": [
                1.0,
                0.0,
                0.0
            ],
            "eye": [
                0.0,
                0.0,
                0.0
            ],
            "up": [
                0.0,
                0.0,
                1.0
            ]
        },
        "camera_view_matrix": [
            [
                0.0,
                0.0,
                -1.0,
                0.0
            ],
            [
                -1.0,
                0.0,
                0.0,
                0.0
            ],
            [
                0.0,
                1.0,
                0.0,
                0.0
            ],
            [
                0.0,
                0.0,
                0.0,
                1.0
            ]
        ],
        "height": 500,
        "intrinsics": {
            "cx": 250.0,
            "cy": 250.0,
            "fx": 603.5535278320312,
            "fy": 603.5535278320312
        },
        "location_world": [
            0.0,
            0.0,
            0.0
        ],
        "quaternion_world_xyzw": [
            0.5,
            -0.5,
            -0.5,
            0.5
        ],
        "width": 500
    },
    "objects": [
        {
            "bounding_box_minx_maxx_miny_maxy": [
                -1,
                -1,
                -1,
                -1
            ],
            "class": "Reebok",
            "local_cuboid": null,
            "local_to_world_matrix": [
                [
                    -0.27259016036987305,
                    -0.961838960647583,
                    -0.023679763078689575,
                    0.0
                ],
                [
                    -0.4907635450363159,
                    0.160169780254364,
                    -0.8564444780349731,
                    0.0
                ],
                [
                    0.8275543451309204,
                    -0.22183707356452942,
                    -0.5156962871551514,
                    0.0
                ],
                [
                    0.41329482197761536,
                    0.04454074800014496,
                    0.45931968092918396,
                    1.0
                ]
            ],
            "location": [
                -0.04454074800014496,
                0.45931968092918396,
                -0.41329482197761536
            ],
            "location_world": [
                0.41329482197761536,
                0.04454074800014496,
                0.45931968092918396
            ],
            "name": "google_Reebok_SOMERSET_RUN_0",
            "projected_cuboid": [
                [
                    312.86054849624634,
                    -308.50112438201904
                ],
                [
                    267.2281563282013,
                    -140.16136527061462
                ],
                [
                    224.62928295135498,
                    -365.96161127090454
                ],
                [
                    292.6228642463684,
                    -499.6896982192993
                ],
                [
                    199.7804194688797,
                    -282.4001908302307
                ],
                [
                    121.387779712677,
                    -117.21876263618469
                ],
                [
                    43.19190979003906,
                    -317.37232208251953
                ],
                [
                    159.0767800807953,
                    -456.8238854408264
                ],
                [
                    208.562433719635,
                    -311.93214654922485
                ]
            ],
            "provenance": "visii",
            "quaternion_xyzw": [
                -0.9547038674354553,
                0.04814310371875763,
                -0.1294713318347931,
                -0.26355284452438354
            ],
            "quaternion_xyzw_world": [
                -0.5203211307525635,
                0.6979355812072754,
                -0.386239618062973,
                0.30491140484809875
            ],
            "segmentation_id": 1,
            "visibility": 0
        },
        {
            "bounding_box_minx_maxx_miny_maxy": [
                -1,
                -1,
                -1,
                -1
            ],
            "class": "Breyer",
            "local_cuboid": null,
            "local_to_world_matrix": [
                [
                    0.11023306846618652,
                    0.10530976951122284,
                    0.9883109331130981,
                    0.0
                ],
                [
                    0.5256941914558411,
                    0.8377182483673096,
                    -0.14789755642414093,
                    0.0
                ],
                [
                    -0.8435012102127075,
                    0.5358525514602661,
                    0.03698354959487915,
                    0.0
                ],
                [
                    0.4084554612636566,
                    -0.46075350046157837,
                    -0.34884804487228394,
                    1.0
                ]
            ],
            "location": [
                0.46075350046157837,
                -0.34884804487228394,
                -0.4084554612636566
            ],
            "location_world": [
                0.4084554612636566,
                -0.46075350046157837,
                -0.34884804487228394
            ],
            "name": "google_Breyer_Horse_Of_The_Year_2015_1",
            "projected_cuboid": [
                [
                    1079.286813735962,
                    732.3793172836304
                ],
                [
                    904.4418931007385,
                    701.865553855896
                ],
                [
                    824.8336315155029,
                    576.9103169441223
                ],
                [
                    938.6224746704102,
                    588.5443687438965
                ],
                [
                    1219.8331356048584,
                    1321.5657472610474
                ],
                [
                    1014.421820640564,
                    1225.6712913513184
                ],
                [
                    895.6279158592224,
                    929.7137260437012
                ],
                [
                    1022.5554704666138,
                    969.9782133102417
                ],
                [
                    969.7380065917969,
                    850.0850796699524
                ]
            ],
            "provenance": "visii",
            "quaternion_xyzw": [
                -0.22309556603431702,
                -0.1687535047531128,
                0.7240007519721985,
                0.6305342316627502
            ],
            "quaternion_xyzw_world": [
                -0.24265781044960022,
                -0.6500964760780334,
                -0.14919130504131317,
                0.7044385671615601
            ],
            "segmentation_id": 2,
            "visibility": 0
        },
        {
            "bounding_box_minx_maxx_miny_maxy": [
                83,
                228,
                1,
                78
            ],
            "class": "Smith",
            "local_cuboid": null,
            "local_to_world_matrix": [
                [
                    0.26603102684020996,
                    0.9318739771842957,
                    -0.2466544508934021,
                    0.0
                ],
                [
                    0.6685649752616882,
                    -0.36269819736480713,
                    -0.6492079496383667,
                    0.0
                ],
                [
                    -0.6944410800933838,
                    0.007804960012435913,
                    -0.7195072174072266,
                    0.0
                ],
                [
                    1.654157042503357,
                    0.24913781881332397,
                    0.714887261390686,
                    1.0
                ]
            ],
            "location": [
                -0.24913781881332397,
                0.714887261390686,
                -1.654157042503357
            ],
            "location_world": [
                1.654157042503357,
                0.24913781881332397,
                0.714887261390686
            ],
            "name": "google_Smith_Hawken_Woven_BasketTray_Organizer_with_3_Compartments_95_x_9_x_13_2",
            "projected_cuboid": [
                [
                    52.73647606372833,
                    12.499406933784485
                ],
                [
                    109.17675495147705,
                    101.09038650989532
                ],
                [
                    124.59346652030945,
                    51.32998526096344
                ],
                [
                    76.31990313529968,
                    -32.32637047767639
                ],
                [
                    190.83566963672638,
                    -44.9252724647522
                ],
                [
                    235.07395386695862,
                    55.88878691196442
                ],
                [
                    237.47007548809052,
                    8.293181657791138
                ],
                [
                    198.93944263458252,
                    -85.52712202072144
                ],
                [
                    152.88567543029785,
                    10.21912693977356
                ]
            ],
            "provenance": "visii",
            "quaternion_xyzw": [
                0.07565197348594666,
                0.38347914814949036,
                -0.9049203395843506,
                0.16834428906440735
            ],
            "quaternion_xyzw_world": [
                0.7661978602409363,
                0.5222015976905823,
                -0.30706673860549927,
                -0.21437440812587738
            ],
            "segmentation_id": 3,
            "visibility": 1
        },
        {
            "bounding_box_minx_maxx_miny_maxy": [
                264,
                306,
                1,
                16
            ],
            "class": "Paul",
            "local_cuboid": null,
            "local_to_world_matrix": [
                [
                    -0.9104011058807373,
                    0.14117242395877838,
                    -0.3888967037200928,
                    0.0
                ],
                [
                    0.40767180919647217,
                    0.14586549997329712,
                    -0.9014028906822205,
                    0.0
                ],
                [
                    -0.07052657008171082,
                    -0.9791801571846008,
                    -0.19034838676452637,
                    0.0
                ],
                [
                    1.7210240364074707,
                    0.0422065444290638,
                    0.6731966733932495,
                    1.0
                ]
            ],
            "location": [
                -0.0422065444290638,
                0.6731966733932495,
                -1.7210240364074707
            ],
            "location_world": [
                1.7210240364074707,
                0.0422065444290638,
                0.6731966733932495
            ],
            "name": "google_Paul_Frank_Dot_Lunch_Box_3",
            "projected_cuboid": [
                [
                    317.27883219718933,
                    8.065149188041687
                ],
                [
                    309.5210790634155,
                    51.24448239803314
                ],
                [
                    224.41303730010986,
                    36.82100772857666
                ],
                [
                    229.71846163272858,
                    -6.312727928161621
                ],
                [
                    320.78030705451965,
                    5.951151251792908
                ],
                [
                    313.9468729496002,
                    43.571680784225464
                ],
                [
                    239.75875973701477,
                    31.072869896888733
                ],
                [
                    244.73579227924347,
                    -6.511598825454712
                ],
                [
                    275.1214802265167,
                    20.577281713485718
                ]
            ],
            "provenance": "visii",
            "quaternion_xyzw": [
                -0.6499431133270264,
                0.20569583773612976,
                -0.7268255949020386,
                0.08359332382678986
            ],
            "quaternion_xyzw_world": [
                0.1830858588218689,
                0.7494356036186218,
                -0.6273331046104431,
                0.10620329529047012
            ],
            "segmentation_id": 4,
            "visibility": 1
        },
        {
            "bounding_box_minx_maxx_miny_maxy": [
                -1,
                -1,
                -1,
                -1
            ],
            "class": "Toys",
            "local_cuboid": null,
            "local_to_world_matrix": [
                [
                    -0.15319061279296875,
                    0.43196558952331543,
                    -0.8887847661972046,
                    0.0
                ],
                [
                    0.973987340927124,
                    -0.08597242832183838,
                    -0.20966026186943054,
                    0.0
                ],
                [
                    -0.16697701811790466,
                    -0.8977830410003662,
                    -0.4075589179992676,
                    0.0
                ],
                [
                    1.8556742668151855,
                    0.8446393013000488,
                    0.24107344448566437,
                    1.0
                ]
            ],
            "location": [
                -0.8446393013000488,
                0.24107344448566437,
                -1.8556742668151855
            ],
            "location_world": [
                1.8556742668151855,
                0.8446393013000488,
                0.24107344448566437
            ],
            "name": "google_Toys_R_Us_Treat_Dispenser_Smart_Puzzle_Foobler_4",
            "projected_cuboid": [
                [
                    -8.60142707824707,
                    206.39517903327942
                ],
                [
                    16.092821955680847,
                    220.1348841190338
                ],
                [
                    -24.119526147842407,
                    200.860857963562
                ],
                [
                    -51.86372995376587,
                    185.686856508255
                ],
                [
                    17.696499824523926,
                    160.0084900856018
                ],
                [
                    40.028899908065796,
                    177.20575630664825
                ],
                [
                    -0.008553266525268555,
                    158.73315930366516
                ],
                [
                    -25.369763374328613,
                    140.2369886636734
                ],
                [
                    -4.072755575180054,
                    181.27605319023132
                ]
            ],
            "provenance": "visii",
            "quaternion_xyzw": [
                -0.39074212312698364,
                0.5136458873748779,
                -0.6724215149879456,
                0.36240553855895996
            ],
            "quaternion_xyzw_world": [
                0.5788654088973999,
                0.6072019934654236,
                -0.455961674451828,
                0.297186017036438
            ],
            "segmentation_id": 5,
            "visibility": 0
        },
        {
            "bounding_box_minx_maxx_miny_maxy": [
                -1,
                -1,
                -1,
                -1
            ],
            "class": "Tag",
            "local_cuboid": null,
            "local_to_world_matrix": [
                [
                    0.3840404748916626,
                    -0.9197714328765869,
                    0.08083060383796692,
                    0.0
                ],
                [
                    0.0644470751285553,
                    0.11403298377990723,
                    0.9913845658302307,
                    0.0
                ],
                [
                    -0.9210644960403442,
                    -0.3755226731300354,
                    0.1030697226524353,
                    0.0
                ],
                [
                    0.3388895094394684,
                    -0.24478092789649963,
                    0.03638915345072746,
                    1.0
                ]
            ],
            "location": [
                0.24478092789649963,
                0.03638915345072746,
                -0.3388895094394684
            ],
            "location_world": [
                0.3388895094394684,
                -0.24478092789649963,
                0.03638915345072746
            ],
            "name": "google_Tag_Dishtowel_Basket_Weave_Red_18_x_26_5",
            "projected_cuboid": [
                [
                    885.252833366394,
                    374.9926686286926
                ],
                [
                    811.5396499633789,
                    -32.2418212890625
                ],
                [
                    743.1465983390808,
                    -2.6203393936157227
                ],
                [
                    807.538628578186,
                    369.9265122413635
                ],
                [
                    686.1449480056763,
                    436.924546957016
                ],
                [
                    605.906069278717,
                    -68.34766268730164
                ],
                [
                    544.2821383476257,
                    -28.844714164733887
                ],
                [
                    612.7945184707642,
                    424.0885376930237
                ],
                [
                    719.6170091629028,
                    178.8177639245987
                ]
            ],
            "provenance": "visii",
            "quaternion_xyzw": [
                -0.04278619587421417,
                0.1940031498670578,
                0.04977092146873474,
                0.9788029193878174
            ],
            "quaternion_xyzw_world": [
                0.5401244759559631,
                -0.39589226245880127,
                -0.3889075219631195,
                0.6326816082000732
            ],
            "segmentation_id": 6,
            "visibility": 0
        },
        {
            "bounding_box_minx_maxx_miny_maxy": [
                0,
                90,
                321,
                368
            ],
            "class": "FRACTION",
            "local_cuboid": null,
            "local_to_world_matrix": [
                [
                    -0.797845721244812,
                    0.3607788681983948,
                    -0.4829915165901184,
                    0.0
                ],
                [
                    0.395946204662323,
                    0.9177346229553223,
                    0.03146073967218399,
                    0.0
                ],
                [
                    0.45460838079452515,
                    -0.16613784432411194,
                    -0.8750597238540649,
                    0.0
                ],
                [
                    1.5679185390472412,
                    0.5308560132980347,
                    -0.2314869463443756,
                    1.0
                ]
            ],
            "location": [
                -0.5308560132980347,
                -0.2314869463443756,
                -1.5679185390472412
            ],
            "location_world": [
                1.5679185390472412,
                0.5308560132980347,
                -0.2314869463443756
            ],
            "name": "google_FRACTION_FUN_n4h4qte23QR_6",
            "projected_cuboid": [
                [
                    59.05081331729889,
                    378.43310832977295
                ],
                [
                    0.8882582187652588,
                    369.94025111198425
                ],
                [
                    -5.200713872909546,
                    356.4341068267822
                ],
                [
                    53.442299365997314,
                    364.35025930404663
                ],
                [
                    99.06569123268127,
                    335.83593368530273
                ],
                [
                    43.93094778060913,
                    329.92517948150635
                ],
                [
                    38.861438632011414,
                    317.0704245567322
                ],
                [
                    94.44473683834076,
                    322.45317101478577
                ],
                [
                    48.33310842514038,
                    345.8583354949951
                ]
            ],
            "provenance": "visii",
            "quaternion_xyzw": [
                -0.5153563618659973,
                0.6794939041137695,
                -0.4676295816898346,
                -0.2324185073375702
            ],
            "quaternion_xyzw_world": [
                0.1996743083000183,
                0.9474492073059082,
                -0.0355367586016655,
                0.24740110337734222
            ],
            "segmentation_id": 7,
            "visibility": 1
        },
        {
            "bounding_box_minx_maxx_miny_maxy": [
                -1,
                -1,
                -1,
                -1
            ],
            "class": "FAIRY",
            "local_cuboid": null,
            "local_to_world_matrix": [
                [
                    0.027902424335479736,
                    0.9410905241966248,
                    -0.3370015621185303,
                    0.0
                ],
                [
                    -0.665189802646637,
                    -0.23416996002197266,
                    -0.7090041637420654,
                    0.0
                ],
                [
                    -0.7461527585983276,
                    0.2439529001712799,
                    0.6194700002670288,
                    0.0
                ],
                [
                    0.2918728291988373,
                    -0.0660320296883583,
                    0.35030052065849304,
                    1.0
                ]
            ],
            "location": [
                0.0660320296883583,
                0.35030052065849304,
                -0.2918728291988373
            ],
            "location_world": [
                0.2918728291988373,
                -0.0660320296883583,
                0.35030052065849304
            ],
            "name": "google_FAIRY_TALE_BLOCKS_7",
            "projected_cuboid": [
                [
                    -130.02601265907288,
                    -1253.0370950698853
                ],
                [
                    -855.2491664886475,
                    -4974.194526672363
                ],
                [
                    191.26494228839874,
                    -374.4127154350281
                ],
                [
                    120.59010565280914,
                    -383.0989599227905
                ],
                [
                    527.022123336792,
                    -1542.236328125
                ],
                [
                    3078.627586364746,
                    -7531.302452087402
                ],
                [
                    891.6542530059814,
                    -647.4913358688354
                ],
                [
                    491.7950630187988,
                    -528.4953117370605
                ],
                [
                    360.318660736084,
                    -962.411642074585
                ]
            ],
            "provenance": "visii",
            "quaternion_xyzw": [
                -0.0737578421831131,
                0.3485446870326996,
                0.9214454889297485,
                -0.15496617555618286
            ],
            "quaternion_xyzw_world": [
                -0.40081241726875305,
                -0.1720884144306183,
                0.6755992770195007,
                0.5943909287452698
            ],
            "segmentation_id": 8,
            "visibility": 0
        },
        {
            "bounding_box_minx_maxx_miny_maxy": [
                45,
                79,
                1,
                5
            ],
            "class": "Great",
            "local_cuboid": null,
            "local_to_world_matrix": [
                [
                    -0.4012397527694702,
                    0.607139527797699,
                    -0.685848593711853,
                    0.0
                ],
                [
                    0.9016368985176086,
                    0.39374953508377075,
                    -0.1789194643497467,
                    0.0
                ],
                [
                    0.16142350435256958,
                    -0.6901760101318359,
                    -0.7054073810577393,
                    0.0
                ],
                [
                    1.061616063117981,
                    0.378770649433136,
                    0.514397144317627,
                    1.0
                ]
            ],
            "location": [
                -0.378770649433136,
                0.514397144317627,
                -1.061616063117981
            ],
            "location_world": [
                1.061616063117981,
                0.378770649433136,
                0.514397144317627
            ],
            "name": "google_Great_Jones_Wingtip_kAqSg6EgG0I_8",
            "projected_cuboid": [
                [
                    70.58006525039673,
                    -29.067009687423706
                ],
                [
                    50.82254111766815,
                    64.56968188285828
                ],
                [
                    7.568806409835815,
                    20.64366638660431
                ],
                [
                    14.188423752784729,
                    -88.65830302238464
                ],
                [
                    121.29999697208405,
                    -64.00078535079956
                ],
                [
                    90.77182412147522,
                    34.18035805225372
                ],
                [
                    49.69364404678345,
                    -8.600175380706787
                ],
                [
                    68.56410205364227,
                    -121.45215272903442
                ],
                [
                    58.63681435585022,
                    -17.36372709274292
                ]
            ],
            "provenance": "visii",
            "quaternion_xyzw": [
                -0.4281364977359772,
                0.6304053068161011,
                -0.6373059749603271,
                0.11458352208137512
            ],
            "quaternion_xyzw_world": [
                0.4770791530609131,
                0.7906321287155151,
                -0.2748103141784668,
                0.2679097056388855
            ],
            "segmentation_id": 9,
            "visibility": 1
        },
        {
            "bounding_box_minx_maxx_miny_maxy": [
                283,
                362,
                388,
                460
            ],
            "class": "Ecoforms",
            "local_cuboid": null,
            "local_to_world_matrix": [
                [
                    0.14082658290863037,
                    -0.11885419487953186,
                    0.9828741550445557,
                    0.0
                ],
                [
                    -0.7033848762512207,
                    -0.7106542587280273,
                    0.014845311641693115,
                    0.0
                ],
                [
                    0.6967191696166992,
                    -0.6934294104576111,
                    -0.1836792230606079,
                    0.0
                ],
                [
                    1.756711721420288,
                    -0.14681324362754822,
                    -0.5023555159568787,
                    1.0
                ]
            ],
            "location": [
                0.14681324362754822,
                -0.5023555159568787,
                -1.756711721420288
            ],
            "location_world": [
                1.756711721420288,
                -0.14681324362754822,
                -0.5023555159568787
            ],
            "name": "google_Ecoforms_Plant_Container_Quadra_Sand_QP6_9",
            "projected_cuboid": [
                [
                    314.05073404312134,
                    386.2709403038025
                ],
                [
                    363.548219203949,
                    395.3450918197632
                ],
                [
                    329.96511459350586,
                    394.395649433136
                ],
                [
                    279.748797416687,
                    384.8106265068054
                ],
                [
                    307.85733461380005,
                    446.7490613460541
                ],
                [
                    357.63275623321533,
                    460.467666387558
                ],
                [
                    323.098361492157,
                    464.06424045562744
                ],
                [
                    272.64565229415894,
                    449.19002056121826
                ],
                [
                    318.22824478149414,
                    422.1898317337036
                ]
            ],
            "provenance": "visii",
            "quaternion_xyzw": [
                0.6709560751914978,
                0.6310131549835205,
                0.20590129494667053,
                0.33052244782447815
            ],
            "quaternion_xyzw_world": [
                0.7132951617240906,
                -0.2881833016872406,
                0.588674008846283,
                0.2482403963804245
            ],
            "segmentation_id": 10,
            "visibility": 1
        },
        {
            "bounding_box_minx_maxx_miny_maxy": [
                -1,
                -1,
                -1,
                -1
            ],
            "class": "ReadytoUse",
            "local_cuboid": null,
            "local_to_world_matrix": [
                [
                    -0.9446275234222412,
                    -0.027568116784095764,
                    -0.3269842863082886,
                    0.0
                ],
                [
                    0.21032409369945526,
                    0.7140032052993774,
                    -0.6678047776222229,
                    0.0
                ],
                [
                    0.25187796354293823,
                    -0.6995994448661804,
                    -0.6686688661575317,
                    0.0
                ],
                [
                    0.2289588302373886,
                    -0.2942389249801636,
                    -0.39245155453681946,
                    1.0
                ]
            ],
            "location": [
                0.2942389249801636,
                -0.39245155453681946,
                -0.2289588302373886
            ],
            "location_world": [
                0.2289588302373886,
                -0.2942389249801636,
                -0.39245155453681946
            ],
            "name": "google_ReadytoUse_Rolled_Fondant_Pure_White_24_oz_box_10",
            "projected_cuboid": [
                [
                    1495.8713054656982,
                    1718.752384185791
                ],
                [
                    1340.6751155853271,
                    1739.8360967636108
                ],
                [
                    1199.9915838241577,
                    1712.82958984375
                ],
                [
                    1386.0491514205933,
                    1684.6922636032104
                ],
                [
                    1047.5800037384033,
                    1123.5051155090332
                ],
                [
                    959.6019387245178,
                    1155.7366847991943
                ],
                [
                    818.8559412956238,
                    1054.334282875061
                ],
                [
                    914.9457812309265,
                    1013.515830039978
                ],
                [
                    1101.4041900634766,
                    1331.62522315979
                ]
            ],
            "provenance": "visii",
            "quaternion_xyzw": [
                -0.6977196335792542,
                0.37299638986587524,
                -0.5891431570053101,
                -0.16422957181930542
            ],
            "quaternion_xyzw_world": [
                0.05009514465928078,
                0.91204434633255,
                -0.37481844425201416,
                0.15867163240909576
            ],
            "segmentation_id": 11,
            "visibility": 0
        },
        {
            "bounding_box_minx_maxx_miny_maxy": [
                197,
                355,
                228,
                406
            ],
            "class": "Dog",
            "local_cuboid": null,
            "local_to_world_matrix": [
                [
                    0.6193816661834717,
                    0.6363096237182617,
                    -0.4598657190799713,
                    0.0
                ],
                [
                    0.16280607879161835,
                    -0.677118182182312,
                    -0.7176390290260315,
                    0.0
                ],
                [
                    -0.7680238485336304,
                    0.369623601436615,
                    -0.5229897499084473,
                    0.0
                ],
                [
                    0.8407036662101746,
                    -0.08145797252655029,
                    -0.06053918972611427,
                    1.0
                ]
            ],
            "location": [
                0.08145797252655029,
                -0.06053918972611427,
                -0.8407036662101746
            ],
            "location_world": [
                0.8407036662101746,
                -0.08145797252655029,
                -0.06053918972611427
            ],
            "name": "google_Dog_11",
            "projected_cuboid": [
                [
                    144.65707540512085,
                    373.6715018749237
                ],
                [
                    246.76750600337982,
                    472.70578145980835
                ],
                [
                    295.1362729072571,
                    368.34433674812317
                ],
                [
                    212.03938126564026,
                    282.6514542102814
                ],
                [
                    267.4643397331238,
                    296.2605357170105
                ],
                [
                    386.8873119354248,
                    421.50071263313293
                ],
                [
                    416.8066084384918,
                    308.0255091190338
                ],
                [
                    322.7822780609131,
                    203.60928773880005
                ],
                [
                    284.254789352417,
                    339.9987518787384
                ]
            ],
            "provenance": "visii",
            "quaternion_xyzw": [
                0.27986860275268555,
                0.1940663456916809,
                -0.883455216884613,
                0.3217434287071228
            ],
            "quaternion_xyzw_world": [
                0.8395668268203735,
                0.2379547655582428,
                -0.3656318783760071,
                -0.32375702261924744
            ],
            "segmentation_id": 12,
            "visibility": 1
        },
        {
            "bounding_box_minx_maxx_miny_maxy": [
                -1,
                -1,
                -1,
                -1
            ],
            "class": "Black",
            "local_cuboid": null,
            "local_to_world_matrix": [
                [
                    0.9772381782531738,
                    -0.030769452452659607,
                    -0.20990197360515594,
                    0.0
                ],
                [
                    -0.1752900928258896,
                    -0.6744272708892822,
                    -0.7172321677207947,
                    0.0
                ],
                [
                    -0.11949469149112701,
                    0.7377004027366638,
                    -0.6644697189331055,
                    0.0
                ],
                [
                    0.3905417323112488,
                    -0.37862733006477356,
                    -0.05324551463127136,
                    1.0
                ]
            ],
            "location": [
                0.37862733006477356,
                -0.05324551463127136,
                -0.3905417323112488
            ],
            "location_world": [
                0.3905417323112488,
                -0.37862733006477356,
                -0.05324551463127136
            ],
            "name": "google_Black_Elderberry_Syrup_54_oz_Gaia_Herbs_12",
            "projected_cuboid": [
                [
                    625.1375675201416,
                    449.7835040092468
                ],
                [
                    695.7037448883057,
                    519.6179747581482
                ],
                [
                    833.3418369293213,
                    367.4856424331665
                ],
                [
                    762.2987627983093,
                    304.2295575141907
                ],
                [
                    681.8766593933105,
                    460.9590768814087
                ],
                [
                    765.7558917999268,
                    542.5987243652344
                ],
                [
                    921.4957356452942,
                    365.58738350868225
                ],
                [
                    837.1850848197937,
                    292.78191924095154
                ],
                [
                    763.8383507728577,
                    410.37827730178833
                ]
            ],
            "provenance": "visii",
            "quaternion_xyzw": [
                0.6380648612976074,
                0.18200543522834778,
                -0.6719295978546143,
                0.32902589440345764
            ],
            "quaternion_xyzw_world": [
                0.9105129241943359,
                -0.05657787621021271,
                -0.09044261276721954,
                -0.3994815945625305
            ],
            "segmentation_id": 13,
            "visibility": 0
        },
        {
            "bounding_box_minx_maxx_miny_maxy": [
                138,
                167,
                1,
                23
            ],
            "class": "Razer",
