{
    "camera_data": {
        "camera_look_at": {
            "at": [
                1.0,
                0.0,
                0.0
            ],
            "eye": [
                0.0,
                0.0,
                0.0
            ],
            "up": [
                0.0,
                0.0,
                1.0
            ]
        },
        "camera_view_matrix": [
            [
                0.0,
                0.0,
                -1.0,
                0.0
            ],
            [
                -1.0,
                0.0,
                0.0,
                0.0
            ],
            [
                0.0,
                1.0,
                0.0,
                0.0
            ],
            [
                0.0,
                0.0,
                0.0,
                1.0
            ]
        ],
        "height": 500,
        "intrinsics": {
            "cx": 250.0,
            "cy": 250.0,
            "fx": 603.5535278320312,
            "fy": 603.5535278320312
        },
        "location_world": [
            0.0,
            0.0,
            0.0
        ],
        "quaternion_world_xyzw": [
            0.5,
            -0.5,
            -0.5,
            0.5
        ],
        "width": 500
    },
    "objects": [
        {
            "bounding_box_minx_maxx_miny_maxy": [
                -1,
                -1,
                -1,
                -1
            ],
            "class": "Reebok",
            "local_cuboid": null,
            "local_to_world_matrix": [
                [
                    -0.9759595394134521,
                    -0.21057234704494476,
                    0.05623538792133331,
                    0.0
                ],
                [
                    -0.12728409469127655,
                    0.34121549129486084,
                    -0.9313274025917053,
                    0.0
                ],
                [
                    0.17692340910434723,
                    -0.9160956740379333,
                    -0.35981500148773193,
                    0.0
                ],
                [
                    0.457136332988739,
                    0.011147734709084034,
                    0.46998605132102966,
                    1.0
                ]
            ],
            "location": [
                -0.011147734709084034,
                0.46998605132102966,
                -0.457136332988739
            ],
            "location_world": [
                0.457136332988739,
                0.011147734709084034,
                0.46998605132102966
            ],
            "name": "google_Reebok_SOMERSET_RUN_0",
            "projected_cuboid": [
                [
                    464.70850706100464,
                    -526.6380906105042
                ],
                [
                    335.31227707862854,
                    -191.0344362258911
                ],
                [
                    172.46171832084656,
                    -280.4195284843445
                ],
                [
                    322.5962817668915,
                    -624.4950890541077
                ],
                [
                    395.7984447479248,
                    -364.5339012145996
                ],
                [
                    289.1330420970917,
                    -89.08969163894653
                ],
                [
                    160.70416569709778,
                    -154.28408980369568
                ],
                [
                    280.5093824863434,
                    -435.8118772506714
                ],
                [
                    304.1921854019165,
                    -330.03270626068115
                ]
            ],
            "provenance": "visii",
            "quaternion_xyzw": [
                -0.761384129524231,
                0.09357303380966187,
                -0.621255099773407,
                -0.15993869304656982
            ],
            "quaternion_xyzw_world": [
                -0.10324732959270477,
                0.8180754780769348,
                -0.5645637512207031,
                0.036881688982248306
            ],
            "segmentation_id": 1,
            "visibility": 0
        },
        {
            "bounding_box_minx_maxx_miny_maxy": [
                -1,
                -1,
                -1,
                -1
            ],
            "class": "Breyer",
            "local_cuboid": null,
            "local_to_world_matrix": [
                [
                    -0.9312561750411987,
                    -0.21807964146137238,
                    0.2918972969055176,
                    0.0
                ],
                [
                    0.04256273806095123,
                    0.7305166125297546,
                    0.6815673112869263,
                    0.0
                ],
                [
                    -0.36187177896499634,
                    0.6471374034881592,
                    -0.6710160970687866,
                    0.0
                ],
                [
                    0.4181345999240875,
                    -0.5039969682693481,
                    -0.31803634762763977,
                    1.0
                ]
            ],
            "location": [
                0.5039969682693481,
                -0.31803634762763977,
                -0.4181345999240875
            ],
            "location_world": [
                0.4181345999240875,
                -0.5039969682693481,
                -0.31803634762763977
            ],
            "name": "google_Breyer_Horse_Of_The_Year_2015_1",
            "projected_cuboid": [
                [
                    1317.5513744354248,
                    1210.224986076355
                ],
                [
                    1207.563877105713,
                    1107.9518795013428
                ],
                [
                    1229.3012142181396,
                    755.0234198570251
                ],
                [
                    1319.6719884872437,
                    836.0816836357117
                ],
                [
                    761.4152431488037,
                    855.5148839950562
                ],
                [
                    704.6654224395752,
                    801.8976449966431
                ],
                [
                    770.5233097076416,
                    625.7209181785583
                ],
                [
                    821.5711116790771,
                    672.8324294090271
                ],
                [
                    948.065996170044,
                    815.4265880584717
                ]
            ],
            "provenance": "visii",
            "quaternion_xyzw": [
                -0.2089502215385437,
                0.5247895121574402,
                -0.33993566036224365,
                -0.7519173622131348
            ],
            "quaternion_xyzw_world": [
                -0.04807120934128761,
                0.9127963781356812,
                0.3639104962348938,
                -0.17905665934085846
            ],
            "segmentation_id": 2,
            "visibility": 0
        },
        {
            "bounding_box_minx_maxx_miny_maxy": [
                93,
                225,
                1,
                111
            ],
            "class": "Smith",
            "local_cuboid": null,
            "local_to_world_matrix": [
                [
                    0.6877619028091431,
                    0.5581344962120056,
                    -0.4641868770122528,
                    0.0
                ],
                [
                    0.5964054465293884,
                    -0.7989792823791504,
                    -0.07702279835939407,
                    0.0
                ],
                [
                    -0.4138648211956024,
                    -0.22387027740478516,
                    -0.8823820352554321,
                    0.0
                ],
                [
                    1.6910626888275146,
                    0.299498587846756,
                    0.723379909992218,
                    1.0
                ]
            ],
            "location": [
                -0.299498587846756,
                0.723379909992218,
                -1.6910626888275146
            ],
            "location_world": [
                1.6910626888275146,
                0.299498587846756,
                0.723379909992218
            ],
            "name": "google_Smith_Hawken_Woven_BasketTray_Organizer_with_3_Compartments_95_x_9_x_13_2",
            "projected_cuboid": [
                [
                    84.99385416507721,
                    96.84373438358307
                ],
                [
                    169.00473833084106,
                    116.78606271743774
                ],
                [
                    154.5637845993042,
                    48.92383515834808
                ],
                [
                    74.65536892414093,
                    24.259597063064575
                ],
                [
                    143.48021149635315,
                    -4.089117050170898
                ],
                [
                    235.23765802383423,
                    29.205098748207092
                ],
                [
                    214.13065493106842,
                    -42.97718405723572
                ],
                [
                    127.05041468143463,
                    -81.22819662094116
                ],
                [
                    149.89158511161804,
                    26.576712727546692
                ]
            ],
            "provenance": "visii",
            "quaternion_xyzw": [
                0.16203665733337402,
                0.5165382027626038,
                -0.7157202959060669,
                0.44122201204299927
            ],
            "quaternion_xyzw_world": [
                0.917758584022522,
                0.3144999146461487,
                -0.23918373882770538,
                0.04000166058540344
            ],
            "segmentation_id": 3,
            "visibility": 1
        },
        {
            "bounding_box_minx_maxx_miny_maxy": [
                247,
                322,
                14,
                82
            ],
            "class": "Paul",
            "local_cuboid": null,
            "local_to_world_matrix": [
                [
                    0.7711370587348938,
                    0.47494709491729736,
                    0.4239963889122009,
                    0.0
                ],
                [
                    -0.6071281433105469,
                    0.7490705251693726,
                    0.2651204764842987,
                    0.0
                ],
                [
                    -0.19168496131896973,
                    -0.46186432242393494,
                    0.8659896850585938,
                    0.0
                ],
                [
                    1.822425127029419,
                    -0.06717822700738907,
                    0.5400378704071045,
                    1.0
                ]
            ],
            "location": [
                0.06717822700738907,
                0.5400378704071045,
                -1.822425127029419
            ],
            "location_world": [
                1.822425127029419,
                -0.06717822700738907,
                0.5400378704071045
            ],
            "name": "google_Paul_Frank_Dot_Lunch_Box_3",
            "projected_cuboid": [
                [
                    297.9496717453003,
                    3.0186325311660767
                ],
                [
                    273.2349634170532,
                    -15.09198546409607
                ],
                [
                    238.49424719810486,
                    55.25515973567963
                ],
                [
                    263.8104259967804,
                    70.59904932975769
                ],
                [
                    347.81956672668457,
                    13.103827834129333
                ],
                [
                    322.0386505126953,
                    -6.8426430225372314
                ],
                [
                    281.8327248096466,
                    71.75065577030182
                ],
                [
                    308.46190452575684,
                    88.25534582138062
                ],
                [
                    290.39284586906433,
                    35.24523973464966
                ]
            ],
            "provenance": "visii",
            "quaternion_xyzw": [
                -0.130621075630188,
                0.622170090675354,
                0.5919272899627686,
                0.49544382095336914
            ],
            "quaternion_xyzw_world": [
                0.1975328028202057,
                -0.16728995740413666,
                0.2940162420272827,
                0.9200811386108398
            ],
            "segmentation_id": 4,
            "visibility": 1
        },
        {
            "bounding_box_minx_maxx_miny_maxy": [
                -1,
                -1,
                -1,
                -1
            ],
            "class": "Toys",
            "local_cuboid": null,
            "local_to_world_matrix": [
                [
                    0.11169719696044922,
                    -0.5088277459144592,
                    -0.8535914421081543,
                    0.0
                ],
                [
                    0.7128115296363831,
                    -0.5574731826782227,
                    0.42558640241622925,
                    0.0
                ],
                [
                    -0.6924042701721191,
                    -0.6559866070747375,
                    0.3004297614097595,
                    0.0
                ],
                [
                    1.8147711753845215,
                    0.8062219619750977,
                    0.4265992343425751,
                    1.0
                ]
            ],
            "location": [
                -0.8062219619750977,
                0.4265992343425751,
                -1.8147711753845215
            ],
            "location_world": [
                1.8147711753845215,
                0.8062219619750977,
                0.4265992343425751
            ],
            "name": "google_Toys_R_Us_Treat_Dispenser_Smart_Puzzle_Foobler_4",
            "projected_cuboid": [
                [
                    -7.4668824672698975,
                    114.235520362854
                ],
                [
                    37.694960832595825,
                    100.33157467842102
                ],
                [
                    17.357826232910156,
                    123.6126571893692
                ],
                [
                    -26.352226734161377,
                    138.12541961669922
                ],
                [
                    -39.05576467514038,
                    64.35440480709076
                ],
                [
                    8.525699377059937,
                    53.431957960128784
                ],
                [
                    -10.33484935760498,
                    79.60700988769531
                ],
                [
                    -56.21093511581421,
                    91.50639176368713
                ],
                [
                    -8.98173451423645,
                    95.94494104385376
                ]
            ],
            "provenance": "visii",
            "quaternion_xyzw": [
                0.31258484721183777,
                -0.23683038353919983,
                0.4353131949901581,
                -0.8103731870651245
            ],
            "quaternion_xyzw_world": [
                -0.5849659442901611,
                -0.08717764168977737,
                0.6607204079627991,
                -0.4622375965118408
            ],
            "segmentation_id": 5,
            "visibility": 0
        },
        {
            "bounding_box_minx_maxx_miny_maxy": [
                -1,
                -1,
                -1,
                -1
            ],
            "class": "Tag",
            "local_cuboid": null,
            "local_to_world_matrix": [
                [
                    0.5892676115036011,
                    -0.4251486361026764,
                    0.6870316863059998,
                    0.0
                ],
                [
                    0.473361998796463,
                    0.8707908987998962,
                    0.1328594982624054,
                    0.0
                ],
                [
                    -0.6547459959983826,
                    0.24692481756210327,
                    0.7143779993057251,
                    0.0
                ],
                [
                    0.28041374683380127,
                    -0.28409257531166077,
                    -0.002893981756642461,
                    1.0
                ]
            ],
            "location": [
                0.28409257531166077,
                -0.002893981756642461,
                -0.28041374683380127
            ],
            "location_world": [
                0.28041374683380127,
                -0.28409257531166077,
                -0.002893981756642461
            ],
            "name": "google_Tag_Dishtowel_Basket_Weave_Red_18_x_26_5",
            "projected_cuboid": [
                [
                    1237.5248670578003,
                    94.80288624763489
                ],
                [
                    599.8038053512573,
                    90.48515558242798
                ],
                [
                    592.5737619400024,
                    138.89092206954956
                ],
                [
                    1174.5470762252808,
                    162.24071383476257
                ],
                [
                    1602.3181676864624,
                    457.23092555999756
                ],
                [
                    567.0014023780823,
                    298.88948798179626
                ],
                [
                    559.8489046096802,
                    347.673237323761
                ],
                [
                    1455.5541276931763,
                    516.1210298538208
                ],
                [
                    878.1171441078186,
                    228.9135307073593
                ]
            ],
            "provenance": "visii",
            "quaternion_xyzw": [
                -0.39923158288002014,
                0.11507074534893036,
                0.5236263275146484,
                0.7437665462493896
            ],
            "quaternion_xyzw_world": [
                -0.03201033174991608,
                -0.376545250415802,
                -0.2521505057811737,
                0.8908475637435913
            ],
            "segmentation_id": 6,
            "visibility": 0
        },
        {
            "bounding_box_minx_maxx_miny_maxy": [
                159,
                182,
                284,
                359
            ],
            "class": "FRACTION",
            "local_cuboid": null,
            "local_to_world_matrix": [
                [
                    0.45163488388061523,
                    0.034203022718429565,
                    0.8915471434593201,
                    0.0
                ],
                [
                    -0.8890010118484497,
                    0.10183393955230713,
                    0.4464384913444519,
                    0.0
                ],
                [
                    -0.0755203366279602,
                    -0.9942134022712708,
                    0.07639819383621216,
                    0.0
                ],
                [
                    1.7468270063400269,
                    0.24051974713802338,
                    -0.2085023820400238,
                    1.0
                ]
            ],
            "location": [
                -0.24051974713802338,
                -0.2085023820400238,
                -1.7468270063400269
            ],
            "location_world": [
                1.7468270063400269,
                0.24051974713802338,
                -0.2085023820400238
            ],
            "name": "google_FRACTION_FUN_n4h4qte23QR_6",
            "projected_cuboid": [
                [
                    188.46239149570465,
                    304.73095178604126
                ],
                [
                    175.52931606769562,
                    280.15005588531494
                ],
                [
                    160.23842990398407,
                    281.277596950531
                ],
                [
                    174.52329397201538,
                    305.7136833667755
                ],
                [
                    187.76191771030426,
                    359.8754107952118
                ],
                [
                    174.12440478801727,
                    339.81823921203613
                ],
                [
                    158.09103846549988,
                    340.8791720867157
                ],
                [
                    173.20844531059265,
                    360.79972982406616
                ],
                [
                    174.33816194534302,
                    321.5417265892029
                ]
            ],
            "provenance": "visii",
            "quaternion_xyzw": [
                0.3331059515476227,
                0.592689037322998,
                0.407211571931839,
                0.6098679900169373
            ],
            "quaternion_xyzw_world": [
                0.5642257332801819,
                -0.37874823808670044,
                0.36156928539276123,
                0.6383313536643982
            ],
            "segmentation_id": 7,
            "visibility": 1
        },
        {
            "bounding_box_minx_maxx_miny_maxy": [
                -1,
                -1,
                -1,
                -1
            ],
            "class": "FAIRY",
            "local_cuboid": null,
            "local_to_world_matrix": [
                [
                    -0.0527501106262207,
                    0.997870147228241,
                    0.03837406635284424,
                    0.0
                ],
                [
                    -0.4175497889518738,
                    0.012866854667663574,
                    -0.9085628986358643,
                    0.0
                ],
                [
                    -0.9071215987205505,
                    -0.06394991278648376,
                    0.4159817695617676,
                    0.0
                ],
                [
                    0.3068927824497223,
                    -0.062487807124853134,
                    0.33438512682914734,
                    1.0
                ]
            ],
            "location": [
                0.062487807124853134,
                0.33438512682914734,
                -0.3068927824497223
            ],
            "location_world": [
                0.3068927824497223,
                -0.062487807124853134,
                0.33438512682914734
            ],
            "name": "google_FAIRY_TALE_BLOCKS_7",
            "projected_cuboid": [
                [
                    69.49177384376526,
                    -1925.0521659851074
                ],
                [
                    -447.6224184036255,
                    -4163.179397583008
                ],
                [
                    93.51636469364166,
                    -288.93333673477173
                ],
                [
                    147.9949951171875,
                    -529.8840999603271
                ],
                [
                    980.4613590240479,
                    -1719.7227478027344
                ],
                [
                    2395.4222202301025,
                    -3024.4951248168945
                ],
                [
                    679.5080900192261,
                    -239.41653966903687
                ],
                [
                    556.1801195144653,
                    -486.69105768203735
                ],
                [
                    452.1951675415039,
                    -867.5417900085449
                ]
            ],
            "provenance": "visii",
            "quaternion_xyzw": [
                0.02987968921661377,
                0.21341603994369507,
                0.9764162302017212,
                0.013119637966156006
            ],
            "quaternion_xyzw_world": [
                -0.3600004315376282,
                -0.40299975872039795,
                0.603296160697937,
                0.5865361094474792
            ],
            "segmentation_id": 8,
            "visibility": 0
        },
        {
            "bounding_box_minx_maxx_miny_maxy": [
                -1,
                -1,
                -1,
                -1
            ],
            "class": "Great",
            "local_cuboid": null,
            "local_to_world_matrix": [
                [
                    -0.3718332052230835,
                    -0.6851978898048401,
                    0.6262938380241394,
                    0.0
                ],
                [
                    0.45047324895858765,
                    0.45672106742858887,
                    0.7671242952346802,
                    0.0
                ],
                [
                    -0.8116735816001892,
                    0.5673708915710449,
                    0.1388392448425293,
                    0.0
                ],
                [
                    0.8880394101142883,
                    0.24751420319080353,
                    0.5308160185813904,
                    1.0
                ]
            ],
            "location": [
                -0.24751420319080353,
                0.5308160185813904,
                -0.8880394101142883
            ],
            "location_world": [
                0.8880394101142883,
                0.24751420319080353,
                0.5308160185813904
            ],
            "name": "google_Great_Jones_Wingtip_kAqSg6EgG0I_8",
            "projected_cuboid": [
                [
                    76.4387845993042,
                    -145.39653062820435
                ],
                [
                    3.549709916114807,
                    -250.5512833595276
                ],
                [
                    69.35425102710724,
                    -191.10241532325745
                ],
                [
                    145.40499448776245,
                    -87.64380216598511
                ],
                [
                    24.403095245361328,
                    -67.1197772026062
                ],
                [
                    -36.83704137802124,
                    -179.7773838043213
                ],
                [
                    29.995635151863098,
                    -129.51427698135376
                ],
                [
                    95.69650888442993,
                    -20.835071802139282
                ],
                [
                    49.43506419658661,
                    -136.16204261779785
                ]
            ],
            "provenance": "visii",
            "quaternion_xyzw": [
                -0.16309508681297302,
                -0.25992926955223083,
                0.2997296154499054,
                0.9033266305923462
            ],
            "quaternion_xyzw_world": [
                0.09028631448745728,
                -0.6499451994895935,
                -0.5133106708526611,
                0.5531110167503357
            ],
            "segmentation_id": 9,
            "visibility": 0
        },
        {
            "bounding_box_minx_maxx_miny_maxy": [
                267,
                353,
                395,
                499
            ],
            "class": "Ecoforms",
            "local_cuboid": null,
            "local_to_world_matrix": [
                [
                    0.4823472499847412,
                    0.5473520755767822,
                    0.68392014503479,
                    0.0
                ],
                [
                    0.1478908509016037,
                    0.718657374382019,
                    -0.679455578327179,
                    0.0
                ],
                [
                    -0.863405704498291,
                    0.4288790822029114,
                    0.2656940221786499,
                    0.0
                ],
                [
                    1.6978003978729248,
                    -0.2062777429819107,
                    -0.5481360554695129,
                    1.0
                ]
            ],
            "location": [
                0.2062777429819107,
                -0.5481360554695129,
                -1.6978003978729248
            ],
            "location_world": [
                1.6978003978729248,
                -0.2062777429819107,
                -0.5481360554695129
            ],
            "name": "google_Ecoforms_Plant_Container_Quadra_Sand_QP6_9",
            "projected_cuboid": [
                [
                    307.25735425949097,
                    392.39805936813354
                ],
                [
                    255.10704517364502,
                    438.27593326568604
                ],
                [
                    279.5017957687378,
                    438.06523084640503
                ],
                [
                    327.66151428222656,
                    396.0433602333069
                ],
                [
                    352.91963815689087,
                    453.8128972053528
                ],
                [
                    296.77554965019226,
                    501.32548809051514
                ],
                [
                    318.87543201446533,
                    495.5962598323822
                ],
                [
                    370.4109787940979,
                    452.2063732147217
                ],
                [
                    313.2125735282898,
                    445.29590010643005
                ]
            ],
            "provenance": "visii",
            "quaternion_xyzw": [
                -0.25918030738830566,
                0.03350679576396942,
                0.8789501786231995,
                0.3989354968070984
            ],
            "quaternion_xyzw_world": [
                -0.35284408926963806,
                -0.4925992488861084,
                0.12717056274414062,
                0.7852863669395447
            ],
            "segmentation_id": 10,
            "visibility": 1
        },
        {
            "bounding_box_minx_maxx_miny_maxy": [
                -1,
                -1,
                -1,
                -1
            ],
            "class": "ReadytoUse",
            "local_cuboid": null,
            "local_to_world_matrix": [
                [
                    -0.6425995826721191,
                    -0.1510787159204483,
                    -0.7511597871780396,
                    0.0
                ],
                [
                    -0.010636866092681885,
                    0.9820321202278137,
                    -0.1884138435125351,
                    0.0
                ],
                [
                    0.7661283016204834,
                    -0.11308465898036957,
                    -0.6326603889465332,
                    0.0
                ],
                [
                    0.20280130207538605,
                    -0.3221212327480316,
                    -0.3590938150882721,
                    1.0
                ]
            ],
            "location": [
                0.3221212327480316,
                -0.3590938150882721,
                -0.20280130207538605
            ],
            "location_world": [
                0.20280130207538605,
                -0.3221212327480316,
                -0.3590938150882721
            ],
            "name": "google_ReadytoUse_Rolled_Fondant_Pure_White_24_oz_box_10",
            "projected_cuboid": [
                [
                    1020.5410718917847,
                    1292.5841808319092
                ],
                [
                    922.4777817726135,
                    1313.5229349136353
                ],
                [
                    1383.2708597183228,
                    1759.8817348480225
                ],
                [
                    1557.076096534729,
                    1721.0355997085571
                ],
                [
                    828.5073041915894,
                    924.6755838394165
                ],
                [
                    750.8412003517151,
                    940.6832456588745
                ],
                [
                    970.8912968635559,
                    1043.4393882751465
                ],
                [
                    1089.499831199646,
                    1018.6738967895508
                ],
                [
                    998.107373714447,
                    1180.0113916397095
                ]
            ],
            "provenance": "visii",
            "quaternion_xyzw": [
                -0.725537896156311,
                0.5972093343734741,
                -0.2603875994682312,
                -0.22166217863559723
            ],
            "quaternion_xyzw_world": [
                -0.04480160027742386,
                0.9023984670639038,
                -0.08352699130773544,
                0.4203487038612366
            ],
            "segmentation_id": 11,
            "visibility": 0
        },
        {
            "bounding_box_minx_maxx_miny_maxy": [
                5,
                52,
                407,
                499
            ],
            "class": "Dog",
            "local_cuboid": null,
            "local_to_world_matrix": [
                [
                    -0.5198923349380493,
                    -0.07270479202270508,
                    -0.8511321544647217,
                    0.0
                ],
                [
                    0.5693855285644531,
                    0.7132642865180969,
                    -0.4087226390838623,
                    0.0
                ],
                [
                    0.6367982625961304,
                    -0.697114109992981,
                    -0.32942354679107666,
                    0.0
                ],
                [
                    0.9553859233856201,
                    0.49972623586654663,
                    -0.28346046805381775,
                    1.0
                ]
            ],
            "location": [
                -0.49972623586654663,
                -0.28346046805381775,
                -0.9553859233856201
            ],
            "location_world": [
                0.9553859233856201,
                0.49972623586654663,
                -0.28346046805381775
            ],
            "name": "google_Dog_11",
            "projected_cuboid": [
                [
                    71.56115770339966,
                    506.92689418792725
                ],
                [
                    14.56354558467865,
                    524.3256092071533
                ],
                [
                    -105.4929792881012,
                    519.2482471466064
                ],
                [
                    -55.023640394210815,
                    498.5852539539337
                ],
                [
                    81.97888731956482,
                    368.9953684806824
                ],
                [
                    29.81145679950714,
                    396.8738317489624
                ],
                [
                    -74.8719573020935,
                    377.2242069244385
                ],
                [
                    -27.35745906829834,
                    343.502402305603
                ],
                [
                    -5.241125822067261,
                    438.8995170593262
                ]
            ],
            "provenance": "visii",
            "quaternion_xyzw": [
                -0.7277063131332397,
                0.5374408960342407,
                -0.41809672117233276,
                0.08243776857852936
            ],
            "quaternion_xyzw_world": [
                0.15513457357883453,
                0.8004030585289001,
                -0.34539994597435,
                0.46474409103393555
            ],
            "segmentation_id": 12,
            "visibility": 1
        },
        {
            "bounding_box_minx_maxx_miny_maxy": [
                -1,
                -1,
                -1,
                -1
            ],
            "class": "Black",
            "local_cuboid": null,
            "local_to_world_matrix": [
                [
                    0.07581204175949097,
                    -0.7184949517250061,
                    0.6913881897926331,
                    0.0
                ],
                [
                    0.7823659777641296,
                    -0.38701605796813965,
                    -0.487977534532547,
                    0.0
                ],
                [
                    0.6181877255439758,
                    0.5779131054878235,
                    0.5327855348587036,
                    0.0
                ],
                [
                    0.3907689154148102,
                    -0.42172276973724365,
                    0.022507889196276665,
                    1.0
                ]
            ],
            "location": [
                0.42172276973724365,
                0.022507889196276665,
                -0.3907689154148102
            ],
            "location_world": [
                0.3907689154148102,
                -0.42172276973724365,
                0.022507889196276665
            ],
            "name": "google_Black_Elderberry_Syrup_54_oz_Gaia_Herbs_12",
            "projected_cuboid": [
                [
                    705.6459188461304,
                    74.02844727039337
                ],
                [
                    691.2877559661865,
                    124.52223896980286
                ],
                [
                    908.077597618103,
                    209.61841940879822
                ],
                [
                    953.0172944068909,
                    157.51446783542633
                ],
                [
                    655.5546522140503,
                    124.7275173664093
                ],
                [
                    645.6905007362366,
                    170.98332941532135
                ],
                [
                    854.8268675804138,
                    267.0970857143402
                ],
                [
                    893.5637474060059,
                    221.64563834667206
                ],
                [
                    776.1436700820923,
                    165.26606678962708
                ]
            ],
            "provenance": "visii",
            "quaternion_xyzw": [
                -0.840336263179779,
                -0.3208251893520355,
                0.1944832056760788,
                0.39125749468803406
            ],
            "quaternion_xyzw_world": [
                -0.48219358921051025,
                -0.03311481326818466,
                -0.6789678931236267,
                0.5526258945465088
            ],
            "segmentation_id": 13,
            "visibility": 0
        },
        {
            "bounding_box_minx_maxx_miny_maxy": [
                104,
                157,
                6,
                50
            ],
