{
    "camera_data": {
        "camera_look_at": {
            "at": [
                1.0,
                0.0,
                0.0
            ],
            "eye": [
                0.0,
                0.0,
                0.0
            ],
            "up": [
                0.0,
                0.0,
                1.0
            ]
        },
        "camera_view_matrix": [
            [
                0.0,
                0.0,
                -1.0,
                0.0
            ],
            [
                -1.0,
                0.0,
                0.0,
                0.0
            ],
            [
                0.0,
                1.0,
                0.0,
                0.0
            ],
            [
                0.0,
                0.0,
                0.0,
                1.0
            ]
        ],
        "height": 500,
        "intrinsics": {
            "cx": 250.0,
            "cy": 250.0,
            "fx": 603.5535278320312,
            "fy": 603.5535278320312
        },
        "location_world": [
            0.0,
            0.0,
            0.0
        ],
        "quaternion_world_xyzw": [
            0.5,
            -0.5,
            -0.5,
            0.5
        ],
        "width": 500
    },
    "objects": [
        {
            "bounding_box_minx_maxx_miny_maxy": [
                -1,
                -1,
                -1,
                -1
            ],
            "class": "Reebok",
            "local_cuboid": null,
            "local_to_world_matrix": [
                [
                    -0.7724341154098511,
                    -0.6277725696563721,
                    0.09616175293922424,
                    0.0
                ],
                [
                    -0.28445592522621155,
                    0.20660430192947388,
                    -0.9361620545387268,
                    0.0
                ],
                [
                    0.5678294897079468,
                    -0.7504773736000061,
                    -0.338161826133728,
                    0.0
                ],
                [
                    0.4322749078273773,
                    0.026133952662348747,
                    0.47487175464630127,
                    1.0
                ]
            ],
            "location": [
                -0.026133952662348747,
                0.47487175464630127,
                -0.4322749078273773
            ],
            "location_world": [
                0.4322749078273773,
                0.026133952662348747,
                0.47487175464630127
            ],
            "name": "google_Reebok_SOMERSET_RUN_0",
            "projected_cuboid": [
                [
                    403.9927124977112,
                    -453.18400859832764
                ],
                [
                    346.6648459434509,
                    -194.512277841568
                ],
                [
                    213.48845958709717,
                    -347.2411036491394
                ],
                [
                    305.3663969039917,
                    -615.9965395927429
                ],
                [
                    307.67548084259033,
                    -336.87013387680054
                ],
                [
                    244.308739900589,
                    -103.92871499061584
                ],
                [
                    122.33121693134308,
                    -212.23866939544678
                ],
                [
                    213.39470148086548,
                    -457.43298530578613
                ],
                [
                    272.54530787467957,
                    -340.73829650878906
                ]
            ],
            "provenance": "visii",
            "quaternion_xyzw": [
                -0.8848395347595215,
                0.03120410442352295,
                -0.4302789866924286,
                -0.17591261863708496
            ],
            "quaternion_xyzw_world": [
                -0.29963451623916626,
                0.7611176371574402,
                -0.5540009140968323,
                0.15492601692676544
            ],
            "segmentation_id": 1,
            "visibility": 0
        },
        {
            "bounding_box_minx_maxx_miny_maxy": [
                -1,
                -1,
                -1,
                -1
            ],
            "class": "Breyer",
            "local_cuboid": null,
            "local_to_world_matrix": [
                [
                    -0.5872156620025635,
                    -0.12400838732719421,
                    0.7998747825622559,
                    0.0
                ],
                [
                    0.23537197709083557,
                    0.9193320274353027,
                    0.3153231143951416,
                    0.0
                ],
                [
                    -0.7744531631469727,
                    0.3734307885169983,
                    -0.5106580257415771,
                    0.0
                ],
                [
                    0.41334637999534607,
                    -0.49065926671028137,
                    -0.3373216390609741,
                    1.0
                ]
            ],
            "location": [
                0.49065926671028137,
                -0.3373216390609741,
                -0.41334637999534607
            ],
            "location_world": [
                0.41334637999534607,
                -0.49065926671028137,
                -0.3373216390609741
            ],
            "name": "google_Breyer_Horse_Of_The_Year_2015_1",
            "projected_cuboid": [
                [
                    1532.0959091186523,
                    1149.752140045166
                ],
                [
                    1321.0902214050293,
                    1050.7097244262695
                ],
                [
                    1058.8209629058838,
                    647.6960778236389
                ],
                [
                    1185.547113418579,
                    695.9760189056396
                ],
                [
                    995.2383041381836,
                    1120.1879978179932
                ],
                [
                    881.3542127609253,
                    1058.5684776306152
                ],
                [
                    798.7180352210999,
                    765.6055688858032
                ],
                [
                    881.7967176437378,
                    803.4604787826538
                ],
                [
                    1026.8720388412476,
                    885.113775730133
                ]
            ],
            "provenance": "visii",
            "quaternion_xyzw": [
                -0.09250956773757935,
                0.32282406091690063,
                -0.5777373313903809,
                -0.7439396381378174
            ],
            "quaternion_xyzw_world": [
                0.03205610811710358,
                0.8685052990913391,
                0.1982583999633789,
                -0.45317167043685913
            ],
            "segmentation_id": 2,
            "visibility": 0
        },
        {
            "bounding_box_minx_maxx_miny_maxy": [
                87,
                228,
                1,
                98
            ],
            "class": "Smith",
            "local_cuboid": null,
            "local_to_world_matrix": [
                [
                    0.4965285658836365,
                    0.7728477716445923,
                    -0.39517804980278015,
                    0.0
                ],
                [
                    0.6819499731063843,
                    -0.628986120223999,
                    -0.3732568919658661,
                    0.0
                ],
                [
                    -0.5370323061943054,
                    -0.08415892720222473,
                    -0.839353084564209,
                    0.0
                ],
                [
                    1.6705595254898071,
                    0.27457138895988464,
                    0.7181133031845093,
                    1.0
                ]
            ],
            "location": [
                -0.27457138895988464,
                0.7181133031845093,
                -1.6705595254898071
            ],
            "location_world": [
                1.6705595254898071,
                0.27457138895988464,
                0.7181133031845093
            ],
            "name": "google_Smith_Hawken_Woven_BasketTray_Organizer_with_3_Compartments_95_x_9_x_13_2",
            "projected_cuboid": [
                [
                    62.75266408920288,
                    64.15091454982758
                ],
                [
                    139.4873410463333,
                    117.39568412303925
                ],
                [
                    140.73234796524048,
                    54.03031408786774
                ],
                [
                    70.75625658035278,
                    -1.2738704681396484
                ],
                [
                    162.73874044418335,
                    -24.406224489212036
                ],
                [
                    236.9714081287384,
                    45.30912637710571
                ],
                [
                    229.91235554218292,
                    -18.62373948097229
                ],
                [
                    162.03036904335022,
                    -89.11916613578796
                ],
                [
                    150.01648664474487,
                    20.939365029335022
                ]
            ],
            "provenance": "visii",
            "quaternion_xyzw": [
                0.12587375938892365,
                0.46437016129493713,
                -0.8190141916275024,
                0.31262099742889404
            ],
            "quaternion_xyzw_world": [
                0.8609395623207092,
                0.42244479060173035,
                -0.27069562673568726,
                -0.08394838869571686
            ],
            "segmentation_id": 3,
            "visibility": 1
        },
        {
            "bounding_box_minx_maxx_miny_maxy": [
                245,
                297,
                38,
                73
            ],
            "class": "Paul",
            "local_cuboid": null,
            "local_to_world_matrix": [
                [
                    -0.36125004291534424,
                    0.7037561535835266,
                    0.6117398738861084,
                    0.0
                ],
                [
                    -0.8014538884162903,
                    0.10099440813064575,
                    -0.5894673466682434,
                    0.0
                ],
                [
                    -0.47662362456321716,
                    -0.7032263875007629,
                    0.5275439023971558,
                    0.0
                ],
                [
                    1.7717605829238892,
                    -0.012481689453125,
                    0.6062430143356323,
                    1.0
                ]
            ],
            "location": [
                0.012481689453125,
                0.6062430143356323,
                -1.7717605829238892
            ],
            "location_world": [
                1.7717605829238892,
                -0.012481689453125,
                0.6062430143356323
            ],
            "name": "google_Paul_Frank_Dot_Lunch_Box_3",
            "projected_cuboid": [
                [
                    282.07409381866455,
                    -56.49486184120178
                ],
                [
                    279.6512544155121,
                    -48.9250123500824
                ],
                [
                    219.10591423511505,
                    14.700084924697876
                ],
                [
                    224.34043884277344,
                    4.489883780479431
                ],
                [
                    344.2026376724243,
                    15.674114227294922
                ],
                [
                    345.1451361179352,
                    26.559829711914062
                ],
                [
                    283.765584230423,
                    82.07488059997559
                ],
                [
                    285.72964668273926,
                    69.25733387470245
                ],
                [
                    282.94920921325684,
                    15.197187662124634
                ]
            ],
            "provenance": "visii",
            "quaternion_xyzw": [
                0.3197997808456421,
                0.399269700050354,
                0.8321429491043091,
                0.21412616968154907
            ],
            "quaternion_xyzw_world": [
                0.050526391714811325,
                -0.48339956998825073,
                0.6685431003570557,
                0.5628694891929626
            ],
            "segmentation_id": 4,
            "visibility": 1
        },
        {
            "bounding_box_minx_maxx_miny_maxy": [
                -1,
                -1,
                -1,
                -1
            ],
            "class": "Toys",
            "local_cuboid": null,
            "local_to_world_matrix": [
                [
                    -0.31989777088165283,
                    -0.13960646092891693,
                    0.937110185623169,
                    0.0
                ],
                [
                    -0.532001256942749,
                    -0.7919719219207764,
                    -0.29959166049957275,
                    0.0
                ],
                [
                    0.7839899063110352,
                    -0.5943824648857117,
                    0.17907917499542236,
                    0.0
                ],
                [
                    1.8576676845550537,
                    0.8432213068008423,
                    0.3304702639579773,
                    1.0
                ]
            ],
            "location": [
                -0.8432213068008423,
                0.3304702639579773,
                -1.8576676845550537
            ],
            "location_world": [
                1.8576676845550537,
                0.8432213068008423,
                0.3304702639579773
            ],
            "name": "google_Toys_R_Us_Treat_Dispenser_Smart_Puzzle_Foobler_4",
            "projected_cuboid": [
                [
                    7.21016526222229,
                    112.75160312652588
                ],
                [
                    35.28526425361633,
                    121.42793834209442
                ],
                [
                    -9.85214114189148,
                    122.05179035663605
                ],
                [
                    -37.75748610496521,
                    112.79113590717316
                ],
                [
                    6.711065769195557,
                    158.8965505361557
                ],
                [
                    34.05694663524628,
                    169.27990317344666
                ],
                [
                    -9.947448968887329,
                    173.0133593082428
                ],
                [
                    -37.13056445121765,
                    161.82154417037964
                ],
                [
                    -1.027137041091919,
                    141.68298244476318
                ]
            ],
            "provenance": "visii",
            "quaternion_xyzw": [
                0.7455179691314697,
                0.579825758934021,
                0.30659231543540955,
                0.11834797263145447
            ],
            "quaternion_xyzw_world": [
                0.5685496926307678,
                -0.2953161895275116,
                0.7567940354347229,
                0.12962403893470764
            ],
            "segmentation_id": 5,
            "visibility": 0
        },
        {
            "bounding_box_minx_maxx_miny_maxy": [
                -1,
                -1,
                -1,
                -1
            ],
            "class": "Tag",
            "local_cuboid": null,
            "local_to_world_matrix": [
                [
                    0.5419462323188782,
                    -0.7493370771408081,
                    0.38051044940948486,
                    0.0
                ],
                [
                    0.3745889663696289,
                    0.6206822991371155,
                    0.6887935400009155,
                    0.0
                ],
                [
                    -0.7523146867752075,
                    -0.2307540476322174,
                    0.6170698404312134,
                    0.0
                ],
                [
                    0.3091858923435211,
                    -0.26453277468681335,
                    0.017190689221024513,
                    1.0
                ]
            ],
            "location": [
                0.26453277468681335,
                0.017190689221024513,
                -0.3091858923435211
            ],
            "location_world": [
                0.3091858923435211,
                -0.26453277468681335,
                0.017190689221024513
            ],
            "name": "google_Tag_Dishtowel_Basket_Weave_Red_18_x_26_5",
            "projected_cuboid": [
                [
                    1114.2677068710327,
                    269.5976793766022
                ],
                [
                    677.6347756385803,
                    5.086556077003479
                ],
                [
                    637.3567581176758,
                    53.72610688209534
                ],
                [
                    1025.968074798584,
                    309.60407853126526
                ],
                [
                    1128.5111904144287,
                    481.8858504295349
                ],
                [
                    543.4843301773071,
                    64.0544444322586
                ],
                [
                    502.5392174720764,
                    122.31387197971344
                ],
                [
                    1001.2860298156738,
                    513.3640170097351
                ],
                [
                    797.5014448165894,
                    193.33097338676453
                ]
            ],
            "provenance": "visii",
            "quaternion_xyzw": [
                -0.2775917649269104,
                0.21629945933818817,
                0.2802606225013733,
                0.8930909037590027
            ],
            "quaternion_xyzw_world": [
                0.2757689654827118,
                -0.3397301137447357,
                -0.3370613157749176,
                0.8336213827133179
            ],
            "segmentation_id": 6,
            "visibility": 0
        },
        {
            "bounding_box_minx_maxx_miny_maxy": [
                88,
                128,
                352,
                380
            ],
            "class": "FRACTION",
            "local_cuboid": null,
            "local_to_world_matrix": [
                [
                    0.5037944316864014,
                    0.6846833825111389,
                    -0.526687502861023,
                    0.0
                ],
                [
                    0.5591587424278259,
                    0.2062632441520691,
                    0.8029924631118774,
                    0.0
                ],
                [
                    0.658431887626648,
                    -0.6990450620651245,
                    -0.27893245220184326,
                    0.0
                ],
                [
                    1.6510016918182373,
                    0.4003296494483948,
                    -0.23755601048469543,
                    1.0
                ]
            ],
            "location": [
                -0.4003296494483948,
                -0.23755601048469543,
                -1.6510016918182373
            ],
            "location_world": [
                1.6510016918182373,
                0.4003296494483948,
                -0.23755601048469543
            ],
            "name": "google_FRACTION_FUN_n4h4qte23QR_6",
            "projected_cuboid": [
                [
                    101.8533706665039,
                    384.2847943305969
                ],
                [
                    97.41930663585663,
                    324.70038533210754
                ],
                [
                    84.33361351490021,
                    321.71523571014404
                ],
                [
                    88.00272643566132,
                    382.1535110473633
                ],
                [
                    139.3309384584427,
                    356.58881068229675
                ],
                [
                    132.31773674488068,
                    295.624703168869
                ],
                [
                    119.14239823818207,
                    291.975736618042
                ],
                [
                    125.3889799118042,
                    353.82258892059326
                ],
                [
                    110.46852171421051,
                    338.28726410865784
                ]
            ],
            "provenance": "visii",
            "quaternion_xyzw": [
                -0.2066131830215454,
                0.8868635892868042,
                -0.23625147342681885,
                0.33907121419906616
            ],
            "quaternion_xyzw_world": [
                0.6277865171432495,
                0.49532848596572876,
                0.052463844418525696,
                0.5981482267379761
            ],
            "segmentation_id": 7,
            "visibility": 1
        },
        {
            "bounding_box_minx_maxx_miny_maxy": [
                -1,
                -1,
                -1,
                -1
            ],
            "class": "FAIRY",
            "local_cuboid": null,
            "local_to_world_matrix": [
                [
                    0.00013834238052368164,
                    0.9899611473083496,
                    -0.14133957028388977,
                    0.0
                ],
                [
                    -0.5846022367477417,
                    -0.11459159851074219,
                    -0.8031867742538452,
                    0.0
                ],
                [
                    -0.8113200664520264,
                    0.08273854851722717,
                    0.5787176489830017,
                    0.0
                ],
                [
                    0.296539306640625,
                    -0.06304792314767838,
                    0.3396909534931183,
                    1.0
                ]
            ],
            "location": [
                0.06304792314767838,
                0.3396909534931183,
                -0.296539306640625
            ],
            "location_world": [
                0.296539306640625,
                -0.06304792314767838,
                0.3396909534931183
            ],
            "name": "google_FAIRY_TALE_BLOCKS_7",
            "projected_cuboid": [
                [
                    -43.65149140357971,
                    -1493.634581565857
                ],
                [
                    -757.0899724960327,
                    -5214.155673980713
                ],
                [
                    125.80469250679016,
                    -344.06578540802
                ],
                [
                    128.24419140815735,
                    -441.4801597595215
                ],
                [
                    723.1419086456299,
                    -1603.4284830093384
                ],
                [
                    3131.772994995117,
                    -5774.430274963379
                ],
                [
                    801.3830780982971,
                    -440.61583280563354
                ],
                [
                    523.9390134811401,
                    -498.03948402404785
                ],
                [
                    405.55649995803833,
                    -933.8651895523071
                ]
            ],
            "provenance": "visii",
            "quaternion_xyzw": [
                -0.02182646095752716,
                0.30637165904045105,
                0.9492718577384949,
                -0.0674019455909729
            ],
            "quaternion_xyzw_world": [
                -0.36606428027153015,
                -0.2768358886241913,
                0.6506094932556152,
                0.6050339937210083
            ],
            "segmentation_id": 8,
            "visibility": 0
        },
        {
            "bounding_box_minx_maxx_miny_maxy": [
                48,
                75,
                1,
                8
            ],
            "class": "Great",
            "local_cuboid": null,
            "local_to_world_matrix": [
                [
                    -0.6257195472717285,
                    -0.5881524682044983,
                    -0.5123978853225708,
                    0.0
                ],
                [
                    0.15565554797649384,
                    0.549525260925293,
                    -0.8208491206169128,
                    0.0
                ],
                [
                    0.7643600702285767,
                    -0.5933789610862732,
                    -0.25229954719543457,
                    0.0
                ],
                [
                    0.9260273575782776,
                    0.29671621322631836,
                    0.5589508414268494,
                    1.0
                ]
            ],
            "location": [
                -0.29671621322631836,
                0.5589508414268494,
                -0.9260273575782776
            ],
            "location_world": [
                0.9260273575782776,
                0.29671621322631836,
                0.5589508414268494
            ],
            "name": "google_Great_Jones_Wingtip_kAqSg6EgG0I_8",
            "projected_cuboid": [
                [
                    179.90639805793762,
                    -148.55137467384338
                ],
                [
                    80.0682008266449,
                    24.963214993476868
                ],
                [
                    19.437596201896667,
                    -15.324890613555908
                ],
                [
                    125.8910596370697,
                    -208.49686861038208
                ],
                [
                    146.09073102474213,
                    -155.05942702293396
                ],
                [
                    54.26681041717529,
                    7.484033703804016
                ],
                [
                    -4.356801509857178,
                    -31.49998188018799
                ],
                [
                    92.95086562633514,
                    -211.15374565124512
                ],
                [
                    86.2906277179718,
                    -89.08289670944214
                ]
            ],
            "provenance": "visii",
            "quaternion_xyzw": [
                -0.8906965255737305,
                0.29805976152420044,
                -0.34217560291290283,
                -0.027125954627990723
            ],
            "quaternion_xyzw_world": [
                -0.13879360258579254,
                0.7790289521217346,
                -0.45384323596954346,
                0.40972739458084106
            ],
            "segmentation_id": 9,
            "visibility": 1
        },
        {
            "bounding_box_minx_maxx_miny_maxy": [
                298,
                383,
                397,
                490
            ],
            "class": "Ecoforms",
            "local_cuboid": null,
            "local_to_world_matrix": [
                [
                    -0.23228859901428223,
                    0.2695698142051697,
                    0.9345448613166809,
                    0.0
                ],
                [
                    -0.7795229554176331,
                    0.5230439305305481,
                    -0.3446289002895355,
                    0.0
                ],
                [
                    -0.5817095637321472,
                    -0.8085525035858154,
                    0.08863866329193115,
                    0.0
                ],
                [
                    1.7253820896148682,
                    -0.1768326461315155,
                    -0.5257332921028137,
                    1.0
                ]
            ],
            "location": [
                0.1768326461315155,
                -0.5257332921028137,
                -1.7253820896148682
            ],
            "location_world": [
                1.7253820896148682,
                -0.1768326461315155,
                -0.5257332921028137
            ],
            "name": "google_Ecoforms_Plant_Container_Quadra_Sand_QP6_9",
            "projected_cuboid": [
                [
                    371.1721897125244,
                    389.8658752441406
                ],
                [
                    343.7013626098633,
                    429.2328357696533
                ],
                [
                    287.58370876312256,
                    423.9818751811981
                ],
                [
                    318.218857049942,
                    387.224018573761
                ],
                [
                    386.0323131084442,
                    448.5715627670288
                ],
                [
                    360.73052883148193,
                    492.3565685749054
                ],
                [
                    305.0980865955353,
                    483.5464358329773
                ],
                [
                    333.5646092891693,
                    442.8344964981079
                ],
                [
                    338.1938934326172,
                    436.62285804748535
                ]
            ],
            "provenance": "visii",
            "quaternion_xyzw": [
                0.35119423270225525,
                0.2929297387599945,
                0.7409298419952393,
                0.4918106496334076
            ],
            "quaternion_xyzw_world": [
                0.19750238955020905,
                -0.645502507686615,
                0.4466215968132019,
                0.5872380137443542
            ],
            "segmentation_id": 10,
            "visibility": 1
        },
        {
            "bounding_box_minx_maxx_miny_maxy": [
                -1,
                -1,
                -1,
                -1
            ],
            "class": "ReadytoUse",
            "local_cuboid": null,
            "local_to_world_matrix": [
                [
                    -0.7747979164123535,
                    -0.12697070837020874,
                    -0.6193275451660156,
                    0.0
                ],
                [
                    0.16708940267562866,
                    0.9036649465560913,
                    -0.3942978084087372,
                    0.0
                ],
                [
                    0.6097289323806763,
                    -0.4089842140674591,
                    -0.6789423227310181,
                    0.0
                ],
                [
                    0.2167184054851532,
                    -0.3075141906738281,
                    -0.3742507994174957,
                    1.0
                ]
            ],
            "location": [
                0.3075141906738281,
                -0.3742507994174957,
                -0.2167184054851532
            ],
            "location_world": [
                0.2167184054851532,
                -0.3075141906738281,
                -0.3742507994174957
            ],
            "name": "google_ReadytoUse_Rolled_Fondant_Pure_White_24_oz_box_10",
            "projected_cuboid": [
                [
                    1163.5774374008179,
                    1411.3352298736572
                ],
                [
                    1039.6451950073242,
                    1419.1350936889648
                ],
                [
                    1267.2532796859741,
                    1713.147521018982
                ],
                [
                    1479.4007539749146,
                    1715.074062347412
                ],
                [
                    900.4483222961426,
                    984.1423034667969
                ],
                [
                    813.8335347175598,
                    999.4120597839355
                ],
                [
                    874.810516834259,
                    1029.0762186050415
                ],
                [
                    997.6186752319336,
                    1008.7020397186279
                ],
                [
                    1019.2885398864746,
                    1220.3309535980225
                ]
            ],
            "provenance": "visii",
            "quaternion_xyzw": [
                -0.7298967838287354,
                0.5216464996337891,
                -0.4054621756076813,
                -0.17531684041023254
            ],
            "quaternion_xyzw_world": [
                0.010947498492896557,
                0.9161611795425415,
                -0.21919779479503632,
                0.3353821635246277
            ],
            "segmentation_id": 11,
            "visibility": 0
        },
        {
            "bounding_box_minx_maxx_miny_maxy": [
                13,
                173,
                234,
                392
            ],
            "class": "Dog",
            "local_cuboid": null,
            "local_to_world_matrix": [
                [
                    0.051564037799835205,
                    0.9596467018127441,
                    0.2764405608177185,
                    0.0
                ],
                [
                    -0.8125289678573608,
                    0.20125293731689453,
                    -0.5470775961875916,
                    0.0
                ],
                [
                    -0.580635666847229,
                    -0.19640643894672394,
                    0.7901181578636169,
                    0.0
                ],
                [
                    0.877477765083313,
                    0.24164657294750214,
                    -0.14148691296577454,
                    1.0
                ]
            ],
            "location": [
                -0.24164657294750214,
                -0.14148691296577454,
                -0.877477765083313
            ],
            "location_world": [
                0.877477765083313,
                0.24164657294750214,
                -0.14148691296577454
            ],
            "name": "google_Dog_11",
            "projected_cuboid": [
                [
                    36.98927164077759,
                    178.89094352722168
                ],
                [
                    -42.261868715286255,
                    252.18716263771057
                ],
                [
                    -29.638230800628662,
                    369.5521950721741
                ],
                [
                    38.05752098560333,
                    286.5869104862213
                ],
                [
                    195.60644030570984,
                    224.44264590740204
                ],
                [
                    150.248184800148,
                    309.1624677181244
                ],
                [
                    135.0635588169098,
                    420.00606656074524
                ],
                [
                    177.3044914007187,
                    327.93277502059937
                ],
                [
                    84.60476994514465,
                    295.9533929824829
                ]
            ],
            "provenance": "visii",
            "quaternion_xyzw": [
                0.04121658205986023,
                0.45605191588401794,
                0.878544270992279,
                0.13593325018882751
            ],
            "quaternion_xyzw_world": [
                -0.12267123907804489,
                -0.29982107877731323,
                0.6199397444725037,
                0.714656412601471
            ],
            "segmentation_id": 12,
            "visibility": 1
        },
        {
            "bounding_box_minx_maxx_miny_maxy": [
                -1,
                -1,
                -1,
                -1
            ],
            "class": "Black",
            "local_cuboid": null,
            "local_to_world_matrix": [
                [
                    -0.41204631328582764,
                    -0.7554863691329956,
                    -0.5093704462051392,
                    0.0
                ],
                [
                    -0.8738504648208618,
                    0.4859952926635742,
                    -0.013930842280387878,
                    0.0
                ],
                [
                    0.25807616114616394,
                    0.4393733739852905,
                    -0.8604346513748169,
                    0.0
                ],
                [
                    0.391242653131485,
                    -0.39890387654304504,
                    -0.010165361687541008,
                    1.0
                ]
            ],
            "location": [
                0.39890387654304504,
                -0.010165361687541008,
                -0.391242653131485
            ],
            "location_world": [
                0.391242653131485,
                -0.39890387654304504,
                -0.010165361687541008
            ],
            "name": "google_Black_Elderberry_Syrup_54_oz_Gaia_Herbs_12",
            "projected_cuboid": [
                [
                    755.8162212371826,
                    453.3402919769287
                ],
                [
                    778.2785892486572,
                    481.4550578594208
                ],
                [
                    943.0159330368042,
                    292.8950786590576
                ],
                [
                    897.4910378456116,
                    286.20457649230957
                ],
                [
                    674.4125485420227,
                    405.40724992752075
                ],
                [
                    685.4631900787354,
                    425.9571433067322
                ],
                [
                    830.7053446769714,
                    243.65511536598206
                ],
                [
                    801.2019991874695,
                    243.26054751873016
                ],
                [
                    790.2677059173584,
                    356.87804222106934
                ]
            ],
            "provenance": "visii",
            "quaternion_xyzw": [
                -0.711950421333313,
                0.3495207130908966,
                0.0095958411693573,
                -0.6089907884597778
            ],
            "quaternion_xyzw_world": [
                -0.49050816893577576,
                0.8304330706596375,
                0.12807852029800415,
                0.23103806376457214
            ],
            "segmentation_id": 13,
            "visibility": 0
        },
        {
            "bounding_box_minx_maxx_miny_maxy": [
                121,
                174,
                1,
                57
            ],
            "class": "Razer",
