{
    "camera_data": {
        "camera_look_at": {
            "at": [
                1.0,
                0.0,
                0.0
            ],
            "eye": [
                0.0,
                0.0,
                0.0
            ],
            "up": [
                0.0,
                0.0,
                1.0
            ]
        },
        "camera_view_matrix": [
            [
                0.0,
                0.0,
                -1.0,
                0.0
            ],
            [
                -1.0,
                0.0,
                0.0,
                0.0
            ],
            [
                0.0,
                1.0,
                0.0,
                0.0
            ],
            [
                0.0,
                0.0,
                0.0,
                1.0
            ]
        ],
        "height": 500,
        "intrinsics": {
            "cx": 250.0,
            "cy": 250.0,
            "fx": 603.5535278320312,
            "fy": 603.5535278320312
        },
        "location_world": [
            0.0,
            0.0,
            0.0
        ],
        "quaternion_world_xyzw": [
            0.5,
            -0.5,
            -0.5,
            0.5
        ],
        "width": 500
    },
    "objects": [
        {
            "bounding_box_minx_maxx_miny_maxy": [
                374,
                470,
                1,
                24
            ],
            "class": "Reebok",
            "local_cuboid": null,
            "local_to_world_matrix": [
                [
                    -0.1401524543762207,
                    0.9540562033653259,
                    -0.26482850313186646,
                    0.0
                ],
                [
                    0.4940583109855652,
                    -0.16440558433532715,
                    -0.8537430763244629,
                    0.0
                ],
                [
                    -0.8580581545829773,
                    -0.2504948079586029,
                    -0.44831764698028564,
                    0.0
                ],
                [
                    0.5880253314971924,
                    -0.15834127366542816,
                    0.37942662835121155,
                    1.0
                ]
            ],
            "location": [
                0.15834127366542816,
                0.37942662835121155,
                -0.5880253314971924
            ],
            "location_world": [
                0.5880253314971924,
                -0.15834127366542816,
                0.37942662835121155
            ],
            "name": "google_Reebok_SOMERSET_RUN_0",
            "projected_cuboid": [
                [
                    411.86875104904175,
                    -396.69275283813477
                ],
                [
                    422.0615029335022,
                    45.20446062088013
                ],
                [
                    368.8884973526001,
                    28.325557708740234
                ],
                [
                    345.5573618412018,
                    -331.699013710022
                ],
                [
                    559.08203125,
                    -415.1104688644409
                ],
                [
                    531.5611362457275,
                    19.17751133441925
                ],
                [
                    463.32377195358276,
                    6.5779536962509155
                ],
                [
                    466.76987409591675,
                    -348.5761284828186
                ],
                [
                    443.810373544693,
                    -146.3548243045807
                ]
            ],
            "provenance": "visii",
            "quaternion_xyzw": [
                -0.1020156741142273,
                0.24609702825546265,
                -0.9573214650154114,
                0.11209243535995483
            ],
            "quaternion_xyzw_world": [
                0.6067476272583008,
                0.5966708660125732,
                -0.46266627311706543,
                -0.2485581636428833
            ],
            "segmentation_id": 1,
            "visibility": 1
        },
        {
            "bounding_box_minx_maxx_miny_maxy": [
                -1,
                -1,
                -1,
                -1
            ],
            "class": "Breyer",
            "local_cuboid": null,
            "local_to_world_matrix": [
                [
                    -0.49234628677368164,
                    0.40308722853660583,
                    -0.7714374661445618,
                    0.0
                ],
                [
                    -0.6498998999595642,
                    0.41931843757629395,
                    0.6338786482810974,
                    0.0
                ],
                [
                    0.5789863467216492,
                    0.8134449124336243,
                    0.05551648139953613,
                    0.0
                ],
                [
                    0.3999723494052887,
                    -0.35396242141723633,
                    -0.13841934502124786,
                    1.0
                ]
            ],
            "location": [
                0.35396242141723633,
                -0.13841934502124786,
                -0.3999723494052887
            ],
            "location_world": [
                0.3999723494052887,
                -0.35396242141723633,
                -0.13841934502124786
            ],
            "name": "google_Breyer_Horse_Of_The_Year_2015_1",
            "projected_cuboid": [
                [
                    509.50801372528076,
                    567.718505859375
                ],
                [
                    497.57277965545654,
                    542.8244471549988
                ],
                [
                    801.7718195915222,
                    640.2031183242798
                ],
                [
                    784.7156524658203,
                    661.0532999038696
                ],
                [
                    557.2393536567688,
                    310.69618463516235
                ],
                [
                    551.3356924057007,
                    272.76551723480225
                ],
                [
                    786.6305708885193,
                    289.2744541168213
                ],
                [
                    774.9041318893433,
                    333.03701877593994
                ],
                [
                    646.1167335510254,
                    430.4582476615906
                ]
            ],
            "provenance": "visii",
            "quaternion_xyzw": [
                -0.36811020970344543,
                0.8086953163146973,
                0.21807235479354858,
                -0.4036722183227539
            ],
            "quaternion_xyzw_world": [
                -0.09057974815368652,
                0.6812026500701904,
                0.531164824962616,
                0.4956028163433075
            ],
            "segmentation_id": 2,
            "visibility": 0
        },
        {
            "bounding_box_minx_maxx_miny_maxy": [
                25,
                172,
                1,
                78
            ],
            "class": "Smith",
            "local_cuboid": null,
            "local_to_world_matrix": [
                [
                    -0.6964514255523682,
                    -0.7119309902191162,
                    0.09005385637283325,
                    0.0
                ],
                [
                    -0.20370009541511536,
                    0.3164631724357605,
                    0.9264757633209229,
                    0.0
                ],
                [
                    -0.6880854964256287,
                    0.626901388168335,
                    -0.3654215335845947,
                    0.0
                ],
                [
                    1.8756773471832275,
                    0.360047310590744,
                    0.6938011050224304,
                    1.0
                ]
            ],
            "location": [
                -0.360047310590744,
                0.6938011050224304,
                -1.8756773471832275
            ],
            "location_world": [
                1.8756773471832275,
                0.360047310590744,
                0.6938011050224304
            ],
            "name": "google_Smith_Hawken_Woven_BasketTray_Organizer_with_3_Compartments_95_x_9_x_13_2",
            "projected_cuboid": [
                [
                    113.96324634552002,
                    63.96949291229248
                ],
                [
                    77.38354802131653,
                    -35.89069843292236
                ],
                [
                    154.8651158809662,
                    -39.60531949996948
                ],
                [
                    185.35074591636658,
                    49.971550703048706
                ],
                [
                    48.40530455112457,
                    99.96640682220459
                ],
                [
                    15.037879347801208,
                    15.17157256603241
                ],
                [
                    88.50149810314178,
                    7.1497708559036255
                ],
                [
                    116.92662537097931,
                    84.42029356956482
                ],
                [
                    99.86303746700287,
                    32.50385820865631
                ]
            ],
            "provenance": "visii",
            "quaternion_xyzw": [
                -0.15602058172225952,
                0.36278754472732544,
                -0.11144371330738068,
                -0.9119336605072021
            ],
            "quaternion_xyzw_world": [
                -0.2968614995479584,
                0.7710927724838257,
                0.5036284923553467,
                -0.25228461623191833
            ],
            "segmentation_id": 3,
            "visibility": 1
        },
        {
            "bounding_box_minx_maxx_miny_maxy": [
                -1,
                -1,
                -1,
                -1
            ],
            "class": "Paul",
            "local_cuboid": null,
            "local_to_world_matrix": [
                [
                    0.22127246856689453,
                    0.27910563349723816,
                    0.934418797492981,
                    0.0
                ],
                [
                    -0.9295244216918945,
                    -0.22947978973388672,
                    0.2886578142642975,
                    0.0
                ],
                [
                    0.2949962317943573,
                    -0.9324371814727783,
                    0.20865792036056519,
                    0.0
                ],
                [
                    1.828445553779602,
                    -0.6464971899986267,
                    0.23327688872814178,
                    1.0
                ]
            ],
            "location": [
                0.6464971899986267,
                0.23327688872814178,
                -1.828445553779602
            ],
            "location_world": [
                1.828445553779602,
                -0.6464971899986267,
                0.23327688872814178
            ],
            "name": "google_Paul_Frank_Dot_Lunch_Box_3",
            "projected_cuboid": [
                [
                    498.45266342163086,
                    131.0078203678131
                ],
                [
                    519.7069644927979,
                    114.62168395519257
                ],
                [
                    457.6754868030548,
                    125.66177546977997
                ],
                [
                    438.92037868499756,
                    142.05530285835266
                ],
                [
                    529.1398167610168,
                    204.85033094882965
                ],
                [
                    552.7694225311279,
                    192.01414287090302
                ],
                [
                    489.9645447731018,
                    206.45061135292053
                ],
                [
                    468.86706352233887,
                    218.97882223129272
                ],
                [
                    494.4673180580139,
                    166.43022000789642
                ]
            ],
            "provenance": "visii",
            "quaternion_xyzw": [
                0.42638975381851196,
                0.6824147701263428,
                0.4169687032699585,
                0.4226570427417755
            ],
            "quaternion_xyzw_world": [
                0.5572464466094971,
                -0.2918003499507904,
                0.5515580773353577,
                0.5478253960609436
            ],
            "segmentation_id": 4,
            "visibility": 0
        },
        {
            "bounding_box_minx_maxx_miny_maxy": [
                102,
                148,
                154,
                200
            ],
            "class": "Toys",
            "local_cuboid": null,
            "local_to_world_matrix": [
                [
                    0.2838045358657837,
                    -0.624932050704956,
                    0.7272655963897705,
                    0.0
                ],
                [
                    0.8447911739349365,
                    0.5217684507369995,
                    0.11868320405483246,
                    0.0
                ],
                [
                    -0.45363327860832214,
                    0.5807045698165894,
                    0.676017165184021,
                    0.0
                ],
                [
                    1.8425943851470947,
                    0.3199535310268402,
                    0.17557913064956665,
                    1.0
                ]
            ],
            "location": [
                -0.3199535310268402,
                0.17557913064956665,
                -1.8425943851470947
            ],
            "location_world": [
                1.8425943851470947,
                0.3199535310268402,
                0.17557913064956665
            ],
            "name": "google_Toys_R_Us_Treat_Dispenser_Smart_Puzzle_Foobler_4",
            "projected_cuboid": [
                [
                    138.15966248512268,
                    136.12326979637146
                ],
                [
                    119.91970241069794,
                    138.15635442733765
                ],
                [
                    152.48657763004303,
                    174.64032769203186
                ],
                [
                    172.37387597560883,
                    175.3218173980713
                ],
                [
                    100.63433647155762,
                    173.43786358833313
                ],
                [
                    84.63993668556213,
                    172.8486865758896
                ],
                [
                    119.26759779453278,
                    208.90149474143982
                ],
                [
                    137.19220459461212,
                    212.13726699352264
                ],
                [
                    128.30676138401031,
                    174.07956719398499
                ]
            ],
            "provenance": "visii",
            "quaternion_xyzw": [
                -0.5129852890968323,
                -0.1001475602388382,
                0.4213128983974457,
                0.7411559820175171
            ],
            "quaternion_xyzw_world": [
                -0.14664490520954132,
                -0.37481555342674255,
                -0.46648797392845154,
                0.7876533269882202
            ],
            "segmentation_id": 5,
            "visibility": 1
        },
        {
            "bounding_box_minx_maxx_miny_maxy": [
                -1,
                -1,
                -1,
                -1
            ],
            "class": "Tag",
            "local_cuboid": null,
            "local_to_world_matrix": [
                [
                    -0.08335697650909424,
                    -0.14266833662986755,
                    -0.9862542152404785,
                    0.0
                ],
                [
                    0.6042879819869995,
                    -0.7942063808441162,
                    0.06381365656852722,
                    0.0
                ],
                [
                    -0.7923935651779175,
                    -0.5906622409820557,
                    0.15241539478302002,
                    0.0
                ],
                [
                    0.22749808430671692,
                    -0.4229045510292053,
                    -0.1500796675682068,
                    1.0
                ]
            ],
            "location": [
                0.4229045510292053,
                -0.1500796675682068,
                -0.22749808430671692
            ],
            "location_world": [
                0.22749808430671692,
                -0.4229045510292053,
                -0.1500796675682068
            ],
            "name": "google_Tag_Dishtowel_Basket_Weave_Red_18_x_26_5",
            "projected_cuboid": [
                [
                    2040.7838821411133,
                    1414.7732257843018
                ],
                [
                    1507.0172548294067,
                    757.4207186698914
                ],
                [
                    1344.8901176452637,
                    720.2513217926025
                ],
                [
                    1628.1243562698364,
                    1221.6408252716064
                ],
                [
                    1746.8748092651367,
                    550.2740144729614
                ],
                [
                    1389.66703414917,
                    365.48006534576416
                ],
                [
                    1245.7220554351807,
                    365.5354976654053
                ],
                [
                    1419.3830490112305,
                    519.2903876304626
                ],
                [
                    1473.3490943908691,
                    665.9330129623413
                ]
            ],
            "provenance": "visii",
            "quaternion_xyzw": [
                0.2676102817058563,
                -0.17940998077392578,
                0.6296648979187012,
                -0.7069079875946045
            ],
            "quaternion_xyzw_world": [
                -0.6241862773895264,
                -0.1848885864019394,
                0.7123866081237793,
                -0.2621316611766815
            ],
            "segmentation_id": 6,
            "visibility": 0
        },
        {
            "bounding_box_minx_maxx_miny_maxy": [
                320,
                410,
                265,
                343
            ],
            "class": "FRACTION",
            "local_cuboid": null,
            "local_to_world_matrix": [
                [
                    -0.24802720546722412,
                    0.4408853352069855,
                    -0.8626141548156738,
                    0.0
                ],
                [
                    -0.6301920413970947,
                    -0.7497084140777588,
                    -0.20197997987270355,
                    0.0
                ],
                [
                    -0.7357587814331055,
                    0.4935159683227539,
                    0.46378999948501587,
                    0.0
                ],
                [
                    1.5232356786727905,
                    -0.2922481894493103,
                    -0.13504326343536377,
                    1.0
                ]
            ],
            "location": [
                0.2922481894493103,
                -0.13504326343536377,
                -1.5232356786727905
            ],
            "location_world": [
                1.5232356786727905,
                -0.2922481894493103,
                -0.13504326343536377
            ],
            "name": "google_FRACTION_FUN_n4h4qte23QR_6",
            "projected_cuboid": [
                [
                    313.62244486808777,
                    317.57110357284546
                ],
                [
                    379.71431016921997,
                    339.64118361473083
                ],
                [
                    385.86151599884033,
                    346.1388945579529
                ],
                [
                    320.66425681114197,
                    324.0281939506531
                ],
                [
                    341.51220321655273,
                    257.69615173339844
                ],
                [
                    407.9155921936035,
                    274.1949260234833
                ],
                [
                    413.2712483406067,
                    281.9221019744873
                ],
                [
                    347.80335426330566,
                    265.1805579662323
                ],
                [
                    362.7273142337799,
                    300.0040054321289
                ]
            ],
            "provenance": "visii",
            "quaternion_xyzw": [
                -0.07958643138408661,
                0.3546642065048218,
                0.7711395025253296,
                -0.5227078199386597
            ],
            "quaternion_xyzw_world": [
                -0.5093847513198853,
                0.09290947765111923,
                0.7844625115394592,
                0.34134116768836975
            ],
            "segmentation_id": 7,
            "visibility": 1
        },
        {
            "bounding_box_minx_maxx_miny_maxy": [
                -1,
                -1,
                -1,
                -1
            ],
            "class": "FAIRY",
            "local_cuboid": null,
            "local_to_world_matrix": [
                [
                    0.9968327283859253,
                    -0.00022759567946195602,
                    -0.07952678948640823,
                    0.0
                ],
                [
                    -0.029887061566114426,
                    0.925620973110199,
                    -0.3772699534893036,
                    0.0
                ],
                [
                    0.073697529733181,
                    0.3784518539905548,
                    0.9226824045181274,
                    0.0
                ],
                [
                    0.4083806276321411,
                    0.07388301938772202,
                    0.3473329544067383,
                    1.0
                ]
            ],
            "location": [
                -0.07388301938772202,
                0.3473329544067383,
                -0.4083806276321411
            ],
            "location_world": [
                0.4083806276321411,
                0.07388301938772202,
                0.3473329544067383
            ],
            "name": "google_FAIRY_TALE_BLOCKS_7",
            "projected_cuboid": [
                [
                    211.1167013645172,
                    -397.5589871406555
                ],
                [
                    -61.11416220664978,
                    -296.2430715560913
                ],
                [
                    25.616005063056946,
                    -78.18835973739624
                ],
                [
                    304.90922927856445,
                    -185.8285665512085
                ],
                [
                    179.63670194149017,
                    -958.8183164596558
                ],
                [
                    -318.8861012458801,
                    -788.5072231292725
                ],
                [
                    -171.1815595626831,
                    -408.05697441101074
                ],
                [
                    351.6043424606323,
                    -598.4429121017456
                ],
                [
                    82.0930153131485,
                    -401.1019468307495
                ]
            ],
            "provenance": "visii",
            "quaternion_xyzw": [
                -0.6023277640342712,
                0.4171929657459259,
                0.5708206295967102,
                0.3705604374408722
            ],
            "quaternion_xyzw_world": [
                -0.19269751012325287,
                0.03906985744833946,
                0.00756271043792367,
                0.9804509282112122
            ],
            "segmentation_id": 8,
            "visibility": 0
        },
        {
            "bounding_box_minx_maxx_miny_maxy": [
                121,
                250,
                5,
                209
            ],
            "class": "Great",
            "local_cuboid": null,
            "local_to_world_matrix": [
                [
                    -0.5310852527618408,
                    0.6249562501907349,
                    -0.5721697211265564,
                    0.0
                ],
                [
                    0.846874475479126,
                    0.369651198387146,
                    -0.3823108673095703,
                    0.0
                ],
                [
                    -0.027424335479736328,
                    -0.6875956058502197,
                    -0.7255758047103882,
                    0.0
                ],
                [
                    0.7210289239883423,
                    0.0955820232629776,
                    0.19697947800159454,
                    1.0
                ]
            ],
            "location": [
                -0.0955820232629776,
                0.19697947800159454,
                -0.7210289239883423
            ],
            "location_world": [
                0.7210289239883423,
                0.0955820232629776,
                0.19697947800159454
            ],
            "name": "google_Great_Jones_Wingtip_kAqSg6EgG0I_8",
            "projected_cuboid": [
                [
                    256.032258272171,
                    95.56245803833008
                ],
                [
                    169.24358904361725,
                    233.0528199672699
                ],
                [
                    112.23620176315308,
                    172.63802886009216
                ],
                [
                    171.60971462726593,
                    7.373452186584473
                ],
                [
                    323.6471116542816,
                    47.95686900615692
                ],
                [
                    222.37446904182434,
                    190.51416218280792
                ],
                [
                    168.99500787258148,
                    134.29343700408936
                ],
                [
                    246.94861471652985,
                    -31.567096710205078
                ],
                [
                    202.64053344726562,
                    119.32140588760376
                ]
            ],
            "provenance": "visii",
            "quaternion_xyzw": [
                -0.42717981338500977,
                0.5511853098869324,
                -0.7132130861282349,
                0.07098807394504547
            ],
            "quaternion_xyzw_world": [
                0.4541033208370209,
                0.810295045375824,
                -0.33009782433509827,
                0.16807006299495697
            ],
            "segmentation_id": 9,
            "visibility": 1
        },
        {
            "bounding_box_minx_maxx_miny_maxy": [
                224,
                319,
                447,
                500
            ],
            "class": "Ecoforms",
            "local_cuboid": null,
            "local_to_world_matrix": [
                [
                    0.0559309720993042,
                    -0.815611720085144,
                    0.575890064239502,
                    0.0
                ],
                [
                    -0.8569736480712891,
                    -0.33517980575561523,
                    -0.3914725184440613,
                    0.0
                ],
                [
                    0.5123162269592285,
                    -0.4716271162033081,
                    -0.7177046537399292,
                    0.0
                ],
                [
                    1.4049729108810425,
                    -0.003593633882701397,
                    -0.5308861136436462,
                    1.0
                ]
            ],
            "location": [
                0.003593633882701397,
                -0.5308861136436462,
                -1.4049729108810425
            ],
            "location_world": [
                1.4049729108810425,
                -0.003593633882701397,
                -0.5308861136436462
            ],
            "name": "google_Ecoforms_Plant_Container_Quadra_Sand_QP6_9",
            "projected_cuboid": [
                [
                    299.24342036247253,
                    464.11895751953125
                ],
                [
                    332.0930600166321,
                    520.5169320106506
                ],
                [
                    301.32609605789185,
                    483.15656185150146
                ],
                [
                    269.9357569217682,
                    427.57511138916016
                ],
                [
                    239.79529738426208,
                    507.784903049469
                ],
                [
                    265.9972906112671,
                    569.6761608123779
                ],
                [
                    230.6526005268097,
                    535.2338552474976
                ],
                [
                    206.81153237819672,
                    473.5238552093506
                ],
                [
                    268.02584528923035,
                    496.4853525161743
                ]
            ],
            "provenance": "visii",
            "quaternion_xyzw": [
                0.8245302438735962,
                0.2762390375137329,
                0.1260402798652649,
                0.4774470925331116
            ],
            "quaternion_xyzw_world": [
                0.7260880470275879,
                -0.5758892893791199,
                0.3746812343597412,
                0.027598094195127487
            ],
            "segmentation_id": 10,
            "visibility": 1
        },
        {
            "bounding_box_minx_maxx_miny_maxy": [
                -1,
                -1,
                -1,
                -1
            ],
            "class": "ReadytoUse",
            "local_cuboid": null,
            "local_to_world_matrix": [
                [
                    0.9275954365730286,
                    0.29784682393074036,
                    -0.22550827264785767,
                    0.0
                ],
                [
                    -0.19471631944179535,
                    -0.12970304489135742,
                    -0.9722464084625244,
                    0.0
                ],
                [
                    -0.3188295364379883,
                    0.9457614421844482,
                    -0.062316298484802246,
                    0.0
                ],
                [
                    0.2177572399377823,
                    -0.41873136162757874,
                    -0.3326834738254547,
                    1.0
                ]
            ],
            "location": [
                0.41873136162757874,
                -0.3326834738254547,
                -0.2177572399377823
            ],
            "location_world": [
                0.2177572399377823,
                -0.41873136162757874,
                -0.3326834738254547
            ],
            "name": "google_ReadytoUse_Rolled_Fondant_Pure_White_24_oz_box_10",
            "projected_cuboid": [
                [
                    888.3785009384155,
                    1143.2032585144043
                ],
                [
                    934.5740079879761,
                    1316.6712522506714
                ],
                [
                    1155.4555892944336,
                    1080.0378322601318
                ],
                [
                    1110.5921268463135,
                    948.1509923934937
                ],
                [
                    1726.0819673538208,
                    1894.6338891983032
                ],
                [
                    1901.246428489685,
                    2329.0908336639404
                ],
                [
                    1949.0950107574463,
                    1573.3722448349
                ],
                [
                    1827.9491662979126,
                    1323.311448097229
                ],
                [
                    1323.2415914535522,
                    1319.560170173645
                ]
            ],
            "provenance": "visii",
            "quaternion_xyzw": [
                -0.5821447968482971,
                0.0411432683467865,
                0.8045065402984619,
                -0.11038170009851456
            ],
            "quaternion_xyzw_world": [
                -0.7279448509216309,
                -0.03541838005185127,
                0.18694335222244263,
                0.6587064266204834
            ],
            "segmentation_id": 11,
            "visibility": 0
        },
        {
            "bounding_box_minx_maxx_miny_maxy": [
                -1,
                -1,
                -1,
                -1
            ],
            "class": "Dog",
            "local_cuboid": null,
            "local_to_world_matrix": [
                [
                    -0.05382657051086426,
                    -0.9801689982414246,
                    0.19071310758590698,
                    0.0
                ],
                [
                    -0.8914774060249329,
                    0.13321298360824585,
                    0.43303853273391724,
                    0.0
                ],
                [
                    -0.44985640048980713,
                    -0.1467074751853943,
                    -0.8809689283370972,
                    0.0
                ],
                [
                    0.6009759902954102,
                    -0.30892905592918396,
                    0.40480586886405945,
                    1.0
                ]
            ],
            "location": [
                0.30892905592918396,
                0.40480586886405945,
                -0.6009759902954102
            ],
            "location_world": [
                0.6009759902954102,
                -0.30892905592918396,
                0.40480586886405945
            ],
            "name": "google_Dog_11",
            "projected_cuboid": [
                [
                    729.382574558258,
                    32.42211043834686
                ],
                [
                    882.6078772544861,
                    -168.66225004196167
                ],
                [
                    737.1412515640259,
                    -302.52885818481445
                ],
                [
                    639.8541927337646,
                    -95.2586829662323
                ],
                [
                    490.6272292137146,
                    81.46458864212036
                ],
                [
                    548.1504797935486,
                    -95.08106112480164
                ],
                [
                    463.41121196746826,
                    -238.3520007133484
                ],
                [
                    433.75810980796814,
                    -50.27937889099121
                ],
                [
                    604.0346026420593,
                    -95.18939256668091
                ]
            ],
            "provenance": "visii",
            "quaternion_xyzw": [
                -0.5237542390823364,
                -0.02744612842798233,
                -0.09571948647499084,
                -0.84602952003479
            ],
            "quaternion_xyzw_world": [
                -0.6507552266120911,
                0.7190285921096802,
                0.09955482184886932,
                -0.2227204591035843
            ],
            "segmentation_id": 12,
            "visibility": 0
        },
        {
            "bounding_box_minx_maxx_miny_maxy": [
                -1,
                -1,
                -1,
                -1
            ],
            "class": "Black",
            "local_cuboid": null,
            "local_to_world_matrix": [
                [
                    0.6197982430458069,
                    0.2793258726596832,
                    0.7333670258522034,
                    0.0
                ],
                [
                    0.3345946967601776,
                    -0.9393720626831055,
                    0.07500983029603958,
                    0.0
                ],
                [
                    0.7098566889762878,
                    0.19888976216316223,
                    -0.6756821870803833,
                    0.0
                ],
                [
                    0.4400080144405365,
                    -0.41823914647102356,
                    0.2776644825935364,
                    1.0
                ]
            ],
            "location": [
                0.41823914647102356,
                0.2776644825935364,
                -0.4400080144405365
            ],
            "location_world": [
                0.4400080144405365,
                -0.41823914647102356,
                0.2776644825935364
            ],
            "name": "google_Black_Elderberry_Syrup_54_oz_Gaia_Herbs_12",
            "projected_cuboid": [
                [
                    637.4951004981995,
                    32.70307183265686
                ],
                [
                    682.7805042266846,
                    35.54396331310272
                ],
                [
                    815.3659105300903,
                    -138.24930787086487
                ],
                [
                    765.5178904533386,
                    -149.4162380695343
                ],
                [
                    682.803750038147,
                    66.83723628520966
                ],
                [
                    729.4116616249084,
                    68.60518455505371
                ],
                [
                    883.9737176895142,
                    -111.54773831367493
                ],
                [
                    833.134651184082,
                    -122.39357829093933
                ],
                [
                    745.86021900177,
                    -30.71734309196472
                ]
            ],
            "provenance": "visii",
            "quaternion_xyzw": [
                0.5821342468261719,
                0.7183648347854614,
                -0.35158902406692505,
                0.146481454372406
            ],
            "quaternion_xyzw_world": [
                0.8992847800254822,
                0.17066912353038788,
                0.4012143015861511,
                -0.03443845734000206
            ],
            "segmentation_id": 13,
            "visibility": 0
        },
        {
            "bounding_box_minx_maxx_miny_maxy": [
                44,
                85,
                79,
                120
            ],
            "class": "Razer",
