{
    "camera_data": {
        "camera_look_at": {
            "at": [
                1.0,
                0.0,
                0.0
            ],
            "eye": [
                0.0,
                0.0,
                0.0
            ],
            "up": [
                0.0,
                0.0,
                1.0
            ]
        },
        "camera_view_matrix": [
            [
                0.0,
                0.0,
                -1.0,
                0.0
            ],
            [
                -1.0,
                0.0,
                0.0,
                0.0
            ],
            [
                0.0,
                1.0,
                0.0,
                0.0
            ],
            [
                0.0,
                0.0,
                0.0,
                1.0
            ]
        ],
        "height": 500,
        "intrinsics": {
            "cx": 250.0,
            "cy": 250.0,
            "fx": 603.5535278320312,
            "fy": 603.5535278320312
        },
        "location_world": [
            0.0,
            0.0,
            0.0
        ],
        "quaternion_world_xyzw": [
            0.5,
            -0.5,
            -0.5,
            0.5
        ],
        "width": 500
    },
    "objects": [
        {
            "bounding_box_minx_maxx_miny_maxy": [
                293,
                417,
                1,
                97
            ],
            "class": "Reebok",
            "local_cuboid": null,
            "local_to_world_matrix": [
                [
                    -0.9110511541366577,
                    -0.31795915961265564,
                    -0.26246488094329834,
                    0.0
                ],
                [
                    0.2514210045337677,
                    0.07608050107955933,
                    -0.964883029460907,
                    0.0
                ],
                [
                    0.3267618417739868,
                    -0.9450469613075256,
                    0.01062840223312378,
                    0.0
                ],
                [
                    0.5743613243103027,
                    -0.06055879220366478,
                    0.29862359166145325,
                    1.0
                ]
            ],
            "location": [
                0.06055879220366478,
                0.29862359166145325,
                -0.5743613243103027
            ],
            "location_world": [
                0.5743613243103027,
                -0.06055879220366478,
                0.29862359166145325
            ],
            "name": "google_Reebok_SOMERSET_RUN_0",
            "projected_cuboid": [
                [
                    479.50583696365356,
                    -240.94721674919128
                ],
                [
                    428.7639856338501,
                    104.6697348356247
                ],
                [
                    322.5632905960083,
                    96.14966809749603
                ],
                [
                    361.190527677536,
                    -277.7291536331177
                ],
                [
                    407.309353351593,
                    -188.93897533416748
                ],
                [
                    371.60009145736694,
                    100.47900676727295
                ],
                [
                    278.60885858535767,
                    93.041330575943
                ],
                [
                    305.0006031990051,
                    -215.9489393234253
                ],
                [
                    367.3354983329773,
                    -54.46550250053406
                ]
            ],
            "provenance": "visii",
            "quaternion_xyzw": [
                -0.8077134490013123,
                0.10478511452674866,
                -0.5744915008544922,
                0.08110842108726501
            ],
            "quaternion_xyzw_world": [
                -0.0236642025411129,
                0.702940821647644,
                -0.6792641282081604,
                0.20955772697925568
            ],
            "segmentation_id": 1,
            "visibility": 1
        },
        {
            "bounding_box_minx_maxx_miny_maxy": [
                -1,
                -1,
                -1,
                -1
            ],
            "class": "Breyer",
            "local_cuboid": null,
            "local_to_world_matrix": [
                [
                    -0.6418495178222656,
                    -0.3994252383708954,
                    -0.6545904874801636,
                    0.0
                ],
                [
                    0.7662006616592407,
                    -0.36864399909973145,
                    -0.5263441205024719,
                    0.0
                ],
                [
                    -0.03107568621635437,
                    -0.8393813967704773,
                    0.5426537990570068,
                    0.0
                ],
                [
                    0.19374212622642517,
                    -0.3174298405647278,
                    -0.1401660144329071,
                    1.0
                ]
            ],
            "location": [
                0.3174298405647278,
                -0.1401660144329071,
                -0.19374212622642517
            ],
            "location_world": [
                0.19374212622642517,
                -0.3174298405647278,
                -0.1401660144329071
            ],
            "name": "google_Breyer_Horse_Of_The_Year_2015_1",
            "projected_cuboid": [
                [
                    3279.0215015411377,
                    1012.1172666549683
                ],
                [
                    2418.8761711120605,
                    902.9737114906311
                ],
                [
                    1814.5595788955688,
                    1226.4232635498047
                ],
                [
                    2370.575428009033,
                    1471.5830087661743
                ],
                [
                    1216.5000438690186,
                    177.53367125988007
                ],
                [
                    1113.121509552002,
                    252.00891494750977
                ],
                [
                    835.0527286529541,
                    422.70663380622864
                ],
                [
                    887.2255682945251,
                    379.87494468688965
                ],
                [
                    1439.3975734710693,
                    568.4560537338257
                ]
            ],
            "provenance": "visii",
            "quaternion_xyzw": [
                0.688239336013794,
                -0.10386881232261658,
                0.5380507707595825,
                -0.4754357933998108
            ],
            "quaternion_xyzw_world": [
                -0.21455803513526917,
                -0.4273616075515747,
                0.7989285588264465,
                -0.3647466003894806
            ],
            "segmentation_id": 2,
            "visibility": 0
        },
        {
            "bounding_box_minx_maxx_miny_maxy": [
                20,
                124,
                1,
                85
            ],
            "class": "Smith",
            "local_cuboid": null,
            "local_to_world_matrix": [
                [
                    -0.5149095058441162,
                    0.8088719248771667,
                    -0.2838917076587677,
                    0.0
                ],
                [
                    -0.7097823023796082,
                    -0.21657371520996094,
                    0.6703022122383118,
                    0.0
                ],
                [
                    0.4807051718235016,
                    0.5466461777687073,
                    0.6856387853622437,
                    0.0
                ],
                [
                    1.6532143354415894,
                    0.4989420771598816,
                    0.5561557412147522,
                    1.0
                ]
            ],
            "location": [
                -0.4989420771598816,
                0.5561557412147522,
                -1.6532143354415894
            ],
            "location_world": [
                1.6532143354415894,
                0.4989420771598816,
                0.5561557412147522
            ],
            "name": "google_Smith_Hawken_Woven_BasketTray_Organizer_with_3_Compartments_95_x_9_x_13_2",
            "projected_cuboid": [
                [
                    -27.689754962921143,
                    46.297162771224976
                ],
                [
                    -38.37379813194275,
                    -42.082756757736206
                ],
                [
                    -3.4130215644836426,
                    7.8826844692230225
                ],
                [
                    4.24155592918396,
                    97.64561057090759
                ],
                [
                    87.99402415752411,
                    34.11714732646942
                ],
                [
                    90.2615338563919,
                    -46.31507396697998
                ],
                [
                    131.3345730304718,
                    -2.2830963134765625
                ],
                [
                    124.82643127441406,
                    79.42372560501099
                ],
                [
                    48.9048957824707,
                    22.89828658103943
                ]
            ],
            "provenance": "visii",
            "quaternion_xyzw": [
                -0.019564315676689148,
                0.8602150082588196,
                0.405544251203537,
                -0.30851462483406067
            ],
            "quaternion_xyzw_world": [
                0.0632958933711052,
                0.3913748264312744,
                0.7773547768592834,
                0.4884044826030731
            ],
            "segmentation_id": 3,
            "visibility": 1
        },
        {
            "bounding_box_minx_maxx_miny_maxy": [
                361,
                447,
                98,
                160
            ],
            "class": "Paul",
            "local_cuboid": null,
            "local_to_world_matrix": [
                [
                    0.5969820022583008,
                    0.7843548655509949,
                    0.1685226857662201,
                    0.0
                ],
                [
                    -0.697315514087677,
                    0.6111851930618286,
                    -0.37443792819976807,
                    0.0
                ],
                [
                    -0.39669081568717957,
                    0.10601921379566193,
                    0.9118093848228455,
                    0.0
                ],
                [
                    1.8984678983688354,
                    -0.48170697689056396,
                    0.2918928861618042,
                    1.0
                ]
            ],
            "location": [
                0.48170697689056396,
                0.2918928861618042,
                -1.8984678983688354
            ],
            "location_world": [
                1.8984678983688354,
                -0.48170697689056396,
                0.2918928861618042
            ],
            "name": "google_Paul_Frank_Dot_Lunch_Box_3",
            "projected_cuboid": [
                [
                    371.2780475616455,
                    78.66331934928894
                ],
                [
                    354.6714186668396,
                    84.88497138023376
                ],
                [
                    357.35881328582764,
                    158.5501879453659
                ],
                [
                    373.1064796447754,
                    149.86148476600647
                ],
                [
                    452.70586013793945,
                    78.577920794487
                ],
                [
                    438.1794333457947,
                    85.37453413009644
                ],
                [
                    436.79165840148926,
                    165.5135452747345
                ],
                [
                    450.6545662879944,
                    155.8072865009308
                ],
                [
                    402.7930498123169,
                    120.44225633144379
                ]
            ],
            "provenance": "visii",
            "quaternion_xyzw": [
                -0.21988190710544586,
                0.5032956600189209,
                0.7992939949035645,
                0.2438739389181137
            ],
            "quaternion_xyzw_world": [
                -0.13600316643714905,
                -0.1599951684474945,
                0.4194169342517853,
                0.8831727504730225
            ],
            "segmentation_id": 4,
            "visibility": 1
        },
        {
            "bounding_box_minx_maxx_miny_maxy": [
                0,
                45,
                341,
                398
            ],
            "class": "Toys",
            "local_cuboid": null,
            "local_to_world_matrix": [
                [
                    -0.10953056812286377,
                    -0.6583561897277832,
                    0.744694709777832,
                    0.0
                ],
                [
                    0.983863115310669,
                    -0.17844641208648682,
                    -0.013049930334091187,
                    0.0
                ],
                [
                    0.14147958159446716,
                    0.7312482595443726,
                    0.6672776937484741,
                    0.0
                ],
                [
                    1.6356911659240723,
                    0.5807979106903076,
                    -0.37400752305984497,
                    1.0
                ]
            ],
            "location": [
                -0.5807979106903076,
                -0.37400752305984497,
                -1.6356911659240723
            ],
            "location_world": [
                1.6356911659240723,
                0.5807979106903076,
                -0.37400752305984497
            ],
            "name": "google_Toys_R_Us_Treat_Dispenser_Smart_Puzzle_Foobler_4",
            "projected_cuboid": [
                [
                    -1.5912353992462158,
                    331.73176646232605
                ],
                [
                    30.109137296676636,
                    325.258731842041
                ],
                [
                    67.07726418972015,
                    362.5105619430542
                ],
                [
                    38.541242480278015,
                    372.7097511291504
                ],
                [
                    -37.57205605506897,
                    374.5930790901184
                ],
                [
                    -3.051877021789551,
                    364.45653438568115
                ],
                [
                    33.13338756561279,
                    401.836097240448
                ],
                [
                    1.6287118196487427,
                    415.7216548919678
                ],
                [
                    16.544312238693237,
                    368.3449625968933
                ]
            ],
            "provenance": "visii",
            "quaternion_xyzw": [
                -0.6732171773910522,
                -0.3428095579147339,
                0.23087559640407562,
                0.6131530404090881
            ],
            "quaternion_xyzw_world": [
                -0.3168746531009674,
                -0.2568104863166809,
                -0.6991521120071411,
                0.587218165397644
            ],
            "segmentation_id": 5,
            "visibility": 1
        },
        {
            "bounding_box_minx_maxx_miny_maxy": [
                -1,
                -1,
                -1,
                -1
            ],
            "class": "Tag",
            "local_cuboid": null,
            "local_to_world_matrix": [
                [
                    -0.27969324588775635,
                    0.20994850993156433,
                    -0.9368528723716736,
                    0.0
                ],
                [
                    0.9596008062362671,
                    0.030004262924194336,
                    -0.2797606289386749,
                    0.0
                ],
                [
                    -0.030625760555267334,
                    -0.9772520065307617,
                    -0.20985877513885498,
                    0.0
                ],
                [
                    0.23443838953971863,
                    -0.47596076130867004,
                    -0.17393174767494202,
                    1.0
                ]
            ],
            "location": [
                0.47596076130867004,
                -0.17393174767494202,
                -0.23443838953971863
            ],
            "location_world": [
                0.23443838953971863,
                -0.47596076130867004,
                -0.17393174767494202
            ],
            "name": "google_Tag_Dishtowel_Basket_Weave_Red_18_x_26_5",
            "projected_cuboid": [
                [
                    3312.37530708313,
                    1660.6576442718506
                ],
                [
                    1167.9551601409912,
                    801.3586401939392
                ],
                [
                    1101.1412143707275,
                    785.8377695083618
                ],
                [
                    3071.0957050323486,
                    1600.704550743103
                ],
                [
                    2456.3703536987305,
                    534.6696972846985
                ],
                [
                    1107.8648567199707,
                    468.7906503677368
                ],
                [
                    1049.835443496704,
                    456.22944831848145
                ],
                [
                    2299.9069690704346,
                    502.44879722595215
                ],
                [
                    1522.362232208252,
                    707.7717781066895
                ]
            ],
            "provenance": "visii",
            "quaternion_xyzw": [
                -0.5097024440765381,
                0.4742262065410614,
                -0.6165093183517456,
                0.3677351474761963
            ],
            "quaternion_xyzw_world": [
                0.4743841290473938,
                0.6163514256477356,
                -0.5098603367805481,
                0.36757728457450867
            ],
            "segmentation_id": 6,
            "visibility": 0
        },
        {
            "bounding_box_minx_maxx_miny_maxy": [
                250,
                316,
                119,
                186
            ],
            "class": "FRACTION",
            "local_cuboid": null,
            "local_to_world_matrix": [
                [
                    0.8203469514846802,
                    0.11681980639696121,
                    0.5598071813583374,
                    0.0
                ],
                [
                    0.2689366340637207,
                    0.7850991487503052,
                    -0.557935893535614,
                    0.0
                ],
                [
                    -0.5046820640563965,
                    0.6082536578178406,
                    0.6126365661621094,
                    0.0
                ],
                [
                    1.5696545839309692,
                    -0.08912976086139679,
                    0.25550955533981323,
                    1.0
                ]
            ],
            "location": [
                0.08912976086139679,
                0.25550955533981323,
                -1.5696545839309692
            ],
            "location_world": [
                1.5696545839309692,
                -0.08912976086139679,
                0.25550955533981323
            ],
            "name": "google_FRACTION_FUN_n4h4qte23QR_6",
            "projected_cuboid": [
                [
                    297.9014217853546,
                    104.56542670726776
                ],
                [
                    241.9302463531494,
                    147.78666198253632
                ],
                [
                    251.68082118034363,
                    158.85484218597412
                ],
                [
                    307.1935176849365,
                    116.5730208158493
                ],
                [
                    311.16536259651184,
                    130.967915058136
                ],
                [
                    249.38617646694183,
                    177.43238806724548
                ],
                [
                    259.9485516548157,
                    189.1147345304489
                ],
                [
                    321.16538286209106,
                    143.75124871730804
                ],
                [
                    279.35564517974854,
                    145.88060975074768
                ]
            ],
            "provenance": "visii",
            "quaternion_xyzw": [
                -0.48384761810302734,
                0.11640650779008865,
                0.7381459474563599,
                0.4555014967918396
            ],
            "quaternion_xyzw_world": [
                -0.3250427842140198,
                -0.29669666290283203,
                -0.04239831864833832,
                0.8969507813453674
            ],
            "segmentation_id": 7,
            "visibility": 1
        },
        {
            "bounding_box_minx_maxx_miny_maxy": [
                19,
                343,
                1,
                17
            ],
            "class": "FAIRY",
            "local_cuboid": null,
            "local_to_world_matrix": [
                [
                    0.5429133176803589,
                    0.060248538851737976,
                    -0.8376247882843018,
                    0.0
                ],
                [
                    -0.2789735794067383,
                    0.9537192583084106,
                    -0.11222001910209656,
                    0.0
                ],
                [
                    0.792097806930542,
                    0.2946009039878845,
                    0.5345946550369263,
                    0.0
                ],
                [
                    0.392434298992157,
                    0.04254555329680443,
                    0.2705458402633667,
                    1.0
                ]
            ],
            "location": [
                -0.04254555329680443,
                0.2705458402633667,
                -0.392434298992157
            ],
            "location_world": [
                0.392434298992157,
                0.04254555329680443,
                0.2705458402633667
            ],
            "name": "google_FAIRY_TALE_BLOCKS_7",
            "projected_cuboid": [
                [
                    259.50565934181213,
                    -19.052594900131226
                ],
                [
                    6.327152252197266,
                    -22.290438413619995
                ],
                [
                    -1.6909241676330566,
                    34.11974012851715
                ],
                [
                    342.69824624061584,
                    30.117228627204895
                ],
                [
                    278.57762575149536,
                    -318.34298372268677
                ],
                [
                    -44.7344183921814,
                    -370.0717091560364
                ],
                [
                    -87.75317668914795,
                    -500.3242492675781
                ],
                [
                    401.92288160324097,
                    -396.8178629875183
                ],
                [
                    155.36145865917206,
                    -163.38759660720825
                ]
            ],
            "provenance": "visii",
            "quaternion_xyzw": [
                -0.6789826154708862,
                0.6595692038536072,
                0.30837103724479675,
                0.09411915391683578
            ],
            "quaternion_xyzw_world": [
                -0.11683259904384613,
                0.46803081035614014,
                0.09741927683353424,
                0.8705210089683533
            ],
            "segmentation_id": 8,
            "visibility": 1
        },
        {
            "bounding_box_minx_maxx_miny_maxy": [
                199,
                298,
                1,
                75
            ],
            "class": "Great",
            "local_cuboid": null,
            "local_to_world_matrix": [
                [
                    -0.3061281442642212,
                    0.6049743294715881,
                    -0.735045313835144,
                    0.0
                ],
                [
                    -0.6780206561088562,
                    -0.6805490255355835,
                    -0.2777426540851593,
                    0.0
                ],
                [
                    -0.6682615280151367,
                    0.4133510887622833,
                    0.6185203194618225,
                    0.0
                ],
                [
                    1.0708837509155273,
                    -0.0334027074277401,
                    0.349923312664032,
                    1.0
                ]
            ],
            "location": [
                0.0334027074277401,
                0.349923312664032,
                -1.0708837509155273
            ],
            "location_world": [
                1.0708837509155273,
                -0.0334027074277401,
                0.349923312664032
            ],
            "name": "google_Great_Jones_Wingtip_kAqSg6EgG0I_8",
            "projected_cuboid": [
                [
                    164.53883051872253,
                    14.554470777511597
                ],
                [
                    290.75875878334045,
                    17.414987087249756
                ],
                [
                    317.4189329147339,
                    80.84236085414886
                ],
                [
                    194.6081519126892,
                    66.59877300262451
                ],
                [
                    203.48182320594788,
                    -22.424548864364624
                ],
                [
                    334.04994010925293,
                    -28.304487466812134
                ],
                [
                    356.4356565475464,
                    36.46180033683777
                ],
                [
                    230.21382093429565,
                    30.489593744277954
                ],
                [
                    255.77348470687866,
                    24.969980120658875
                ]
            ],
            "provenance": "visii",
            "quaternion_xyzw": [
                -0.03356633335351944,
                0.40588486194610596,
                0.7985891103744507,
                -0.44315478205680847
            ],
            "quaternion_xyzw_world": [
                -0.4347127079963684,
                0.0420084185898304,
                0.8070312142372131,
                0.3974427878856659
            ],
            "segmentation_id": 9,
            "visibility": 1
        },
        {
            "bounding_box_minx_maxx_miny_maxy": [
                104,
                200,
                347,
                464
            ],
            "class": "Ecoforms",
            "local_cuboid": null,
            "local_to_world_matrix": [
                [
                    -0.48683834075927734,
                    -0.27169284224510193,
                    -0.8301635384559631,
                    0.0
                ],
                [
                    -0.01411294937133789,
                    -0.94782555103302,
                    0.31847715377807617,
                    0.0
                ],
                [
                    -0.8733780980110168,
                    0.16676291823387146,
                    0.4576033353805542,
                    0.0
                ],
                [
                    1.3430366516113281,
                    0.18585221469402313,
                    -0.3790542781352997,
                    1.0
                ]
            ],
            "location": [
                -0.18585221469402313,
                -0.3790542781352997,
                -1.3430366516113281
            ],
            "location_world": [
                1.3430366516113281,
                0.18585221469402313,
                -0.3790542781352997
            ],
            "name": "google_Ecoforms_Plant_Container_Quadra_Sand_QP6_9",
            "projected_cuboid": [
                [
                    104.10115122795105,
                    465.61598777770996
                ],
                [
                    198.4851062297821,
                    434.2915117740631
                ],
                [
                    217.43205189704895,
                    449.28231835365295
                ],
                [
                    133.71066749095917,
                    477.0240783691406
                ],
                [
                    89.87314999103546,
                    372.8538453578949
                ],
                [
                    177.17769742012024,
                    343.668133020401
                ],
                [
                    197.11902737617493,
                    367.26728081703186
                ],
                [
                    119.01542544364929,
                    393.318772315979
                ],
                [
                    154.95458245277405,
                    411.84818744659424
                ]
            ],
            "provenance": "visii",
            "quaternion_xyzw": [
                0.1412777304649353,
                0.20821034908294678,
                0.5663938522338867,
                -0.7847846746444702
            ],
            "quaternion_xyzw_world": [
                -0.5008452534675598,
                0.14266172051429749,
                0.8503333330154419,
                -0.07572909444570541
            ],
            "segmentation_id": 10,
            "visibility": 1
        },
        {
            "bounding_box_minx_maxx_miny_maxy": [
                -1,
                -1,
                -1,
                -1
            ],
            "class": "ReadytoUse",
            "local_cuboid": null,
            "local_to_world_matrix": [
                [
                    -0.5548241138458252,
                    -0.15287786722183228,
                    -0.8178009986877441,
                    0.0
                ],
                [
                    -0.2722458243370056,
                    -0.8954921960830688,
                    0.3521021604537964,
                    0.0
                ],
                [
                    -0.7861630916595459,
                    0.41799771785736084,
                    0.4552203416824341,
                    0.0
                ],
                [
                    0.3131956160068512,
                    -0.417886346578598,
                    -0.34080371260643005,
                    1.0
                ]
            ],
            "location": [
                0.417886346578598,
                -0.34080371260643005,
                -0.3131956160068512
            ],
            "location_world": [
                0.3131956160068512,
                -0.417886346578598,
                -0.34080371260643005
            ],
            "name": "google_ReadytoUse_Rolled_Fondant_Pure_White_24_oz_box_10",
            "projected_cuboid": [
                [
                    1564.4371509552002,
                    1515.7467126846313
                ],
                [
                    1879.0051937103271,
                    1561.997890472412
                ],
                [
                    1243.3927059173584,
                    1094.306468963623
                ],
                [
                    1104.2295694351196,
                    1091.329574584961
                ],
                [
                    1112.4520301818848,
                    857.8355312347412
                ],
                [
                    1295.7310676574707,
                    846.7169404029846
                ],
                [
                    1013.3867263793945,
                    750.4105567932129
                ],
                [
                    909.4759225845337,
                    761.0023617744446
                ],
                [
                    1184.77463722229,
                    988.4458780288696
                ]
            ],
            "provenance": "visii",
            "quaternion_xyzw": [
                0.06044139713048935,
                0.32134920358657837,
                0.5659467577934265,
                -0.7568261027336121
            ],
            "quaternion_xyzw_world": [
                -0.4704911410808563,
                0.22589357197284698,
                0.8522817492485046,
                0.035014234483242035
            ],
            "segmentation_id": 11,
            "visibility": 0
        },
        {
            "bounding_box_minx_maxx_miny_maxy": [
                -1,
                -1,
                -1,
                -1
            ],
            "class": "Dog",
            "local_cuboid": null,
            "local_to_world_matrix": [
                [
                    0.13241100311279297,
                    0.9883109331130981,
                    -0.07555744051933289,
                    0.0
                ],
                [
                    0.12040126323699951,
                    0.05962681770324707,
                    0.9909330606460571,
                    0.0
                ],
                [
                    0.983855128288269,
                    -0.14030775427818298,
                    -0.1110987663269043,
                    0.0
                ],
                [
                    0.5042471885681152,
                    -0.35257241129875183,
                    0.28791311383247375,
                    1.0
                ]
            ],
            "location": [
                0.35257241129875183,
                0.28791311383247375,
                -0.5042471885681152
            ],
            "location_world": [
                0.5042471885681152,
                -0.35257241129875183,
                0.28791311383247375
            ],
            "name": "google_Dog_11",
            "projected_cuboid": [
                [
                    480.34921288490295,
                    108.57832431793213
                ],
                [
                    464.0406370162964,
                    -40.131568908691406
                ],
                [
                    511.2649202346802,
                    -172.35079407691956
                ],
                [
                    535.9369516372681,
                    27.831479907035828
                ],
                [
                    696.1139440536499,
                    86.4412784576416
                ],
                [
                    672.1442937850952,
                    -68.11439990997314
                ],
                [
                    803.7772178649902,
                    -219.40866112709045
                ],
                [
                    843.7454700469971,
                    -8.570581674575806
                ],
                [
                    614.6475672721863,
                    -27.613192796707153
                ]
            ],
            "provenance": "visii",
            "quaternion_xyzw": [
                -0.03395305573940277,
                0.995376706123352,
                -0.05814376473426819,
                0.06849636137485504
            ],
            "quaternion_xyzw_world": [
                0.5440319180488586,
                0.509488582611084,
                0.41739174723625183,
                0.519841194152832
            ],
            "segmentation_id": 12,
            "visibility": 0
        },
        {
            "bounding_box_minx_maxx_miny_maxy": [
                -1,
                -1,
                -1,
                -1
            ],
            "class": "Black",
            "local_cuboid": null,
            "local_to_world_matrix": [
                [
                    -0.7434465885162354,
                    0.14233726263046265,
                    0.6534732580184937,
                    0.0
                ],
                [
                    -0.5507469773292542,
                    0.42403489351272583,
                    -0.7189382314682007,
                    0.0
                ],
                [
                    -0.37942710518836975,
                    -0.8943905830383301,
                    -0.23685550689697266,
                    0.0
                ],
                [
                    0.30458924174308777,
                    -0.36226359009742737,
                    0.3224581778049469,
                    1.0
                ]
            ],
            "location": [
                0.36226359009742737,
                0.3224581778049469,
                -0.30458924174308777
            ],
            "location_world": [
                0.30458924174308777,
                -0.36226359009742737,
                0.3224581778049469
            ],
            "name": "google_Black_Elderberry_Syrup_54_oz_Gaia_Herbs_12",
            "projected_cuboid": [
                [
                    1485.1891994476318,
                    -559.3584179878235
                ],
                [
                    1603.4455299377441,
                    -562.6562237739563
                ],
                [
                    1031.1802625656128,
                    -472.8032946586609
                ],
                [
                    996.8067407608032,
                    -479.8703193664551
                ],
                [
                    1319.5184469223022,
                    -361.1000180244446
                ],
                [
                    1396.8557119369507,
                    -338.49698305130005
                ],
                [
                    939.8517608642578,
                    -300.839900970459
                ],
                [
                    918.4333682060242,
                    -323.3874440193176
                ],
                [
                    1180.5424690246582,
                    -414.93988037109375
                ]
            ],
            "provenance": "visii",
            "quaternion_xyzw": [
                -0.5470771789550781,
                -0.10484735667705536,
                -0.7484488487243652,
                -0.35991376638412476
            ],
            "quaternion_xyzw_world": [
                -0.1316947340965271,
                0.7752962112426758,
                -0.5202298164367676,
                -0.3330663740634918
            ],
            "segmentation_id": 13,
            "visibility": 0
        },
        {
            "bounding_box_minx_maxx_miny_maxy": [
                4,
                31,
                118,
                171
            ],
