{
    "camera_data": {
        "camera_look_at": {
            "at": [
                1.0,
                0.0,
                0.0
            ],
            "eye": [
                0.0,
                0.0,
                0.0
            ],
            "up": [
                0.0,
                0.0,
                1.0
            ]
        },
        "camera_view_matrix": [
            [
                0.0,
                0.0,
                -1.0,
                0.0
            ],
            [
                -1.0,
                0.0,
                0.0,
                0.0
            ],
            [
                0.0,
                1.0,
                0.0,
                0.0
            ],
            [
                0.0,
                0.0,
                0.0,
                1.0
            ]
        ],
        "height": 500,
        "intrinsics": {
            "cx": 250.0,
            "cy": 250.0,
            "fx": 603.5535278320312,
            "fy": 603.5535278320312
        },
        "location_world": [
            0.0,
            0.0,
            0.0
        ],
        "quaternion_world_xyzw": [
            0.5,
            -0.5,
            -0.5,
            0.5
        ],
        "width": 500
    },
    "objects": [
        {
            "bounding_box_minx_maxx_miny_maxy": [
                329,
                435,
                1,
                80
            ],
            "class": "Reebok",
            "local_cuboid": null,
            "local_to_world_matrix": [
                [
                    -0.8862779140472412,
                    0.0702485591173172,
                    -0.45779532194137573,
                    0.0
                ],
                [
                    0.4590814709663391,
                    0.0024572014808654785,
                    -0.8883907794952393,
                    0.0
                ],
                [
                    -0.06128327548503876,
                    -0.9975265264511108,
                    -0.034427642822265625,
                    0.0
                ],
                [
                    0.5756491422653198,
                    -0.08114646375179291,
                    0.31508228182792664,
                    1.0
                ]
            ],
            "location": [
                0.08114646375179291,
                0.31508228182792664,
                -0.5756491422653198
            ],
            "location_world": [
                0.5756491422653198,
                -0.08114646375179291,
                0.31508228182792664
            ],
            "name": "google_Reebok_SOMERSET_RUN_0",
            "projected_cuboid": [
                [
                    508.45110416412354,
                    -305.36383390426636
                ],
                [
                    448.42275977134705,
                    89.95851874351501
                ],
                [
                    328.12610268592834,
                    87.80981600284576
                ],
                [
                    351.96855664253235,
                    -302.00690031051636
                ],
                [
                    470.24086117744446,
                    -261.1677646636963
                ],
                [
                    426.45588517189026,
                    67.82643496990204
                ],
                [
                    323.7532675266266,
                    66.21526181697845
                ],
                [
                    342.2732651233673,
                    -258.97514820098877
                ],
                [
                    396.6100811958313,
                    -80.35966753959656
                ]
            ],
            "provenance": "visii",
            "quaternion_xyzw": [
                -0.6627327799797058,
                0.17361918091773987,
                -0.7106199264526367,
                0.16019046306610107
            ],
            "quaternion_xyzw_world": [
                0.19084839522838593,
                0.6933907270431519,
                -0.6799619793891907,
                0.1429612636566162
            ],
            "segmentation_id": 1,
            "visibility": 1
        },
        {
            "bounding_box_minx_maxx_miny_maxy": [
                -1,
                -1,
                -1,
                -1
            ],
            "class": "Breyer",
            "local_cuboid": null,
            "local_to_world_matrix": [
                [
                    -0.48016679286956787,
                    -0.6626371145248413,
                    -0.5747625231742859,
                    0.0
                ],
                [
                    0.3921850919723511,
                    0.42392778396606445,
                    -0.8163798451423645,
                    0.0
                ],
                [
                    0.7846214175224304,
                    -0.6174117922782898,
                    0.05632030963897705,
                    0.0
                ],
                [
                    0.2446039915084839,
                    -0.3269200026988983,
                    -0.1626293957233429,
                    1.0
                ]
            ],
            "location": [
                0.3269200026988983,
                -0.1626293957233429,
                -0.2446039915084839
            ],
            "location_world": [
                0.2446039915084839,
                -0.3269200026988983,
                -0.1626293957233429
            ],
            "name": "google_Breyer_Horse_Of_The_Year_2015_1",
            "projected_cuboid": [
                [
                    1274.3982076644897,
                    658.7598323822021
                ],
                [
                    1156.6901206970215,
                    718.2602882385254
                ],
                [
                    1413.428783416748,
                    1022.4649906158447
                ],
                [
                    1642.3145532608032,
                    961.4689946174622
                ],
                [
                    772.4558711051941,
                    353.0459702014923
                ],
                [
                    711.1077308654785,
                    413.2695198059082
                ],
                [
                    705.8014273643494,
                    492.5718903541565
                ],
                [
                    792.1196222305298,
                    413.60729932785034
                ],
                [
                    983.8733077049255,
                    573.8460421562195
                ]
            ],
            "provenance": "visii",
            "quaternion_xyzw": [
                -0.9032771587371826,
                0.27640748023986816,
                -0.3037768304347992,
                0.12413282692432404
            ],
            "quaternion_xyzw_world": [
                -0.09947999566793442,
                0.6796643137931824,
                -0.527389645576477,
                0.5000203251838684
            ],
            "segmentation_id": 2,
            "visibility": 0
        },
        {
            "bounding_box_minx_maxx_miny_maxy": [
                5,
                144,
                1,
                73
            ],
            "class": "Smith",
            "local_cuboid": null,
            "local_to_world_matrix": [
                [
                    -0.7161288261413574,
                    0.6964482069015503,
                    -0.04603862762451172,
                    0.0
                ],
                [
                    -0.38195228576660156,
                    -0.3358290195465088,
                    0.8610060811042786,
                    0.0
                ],
                [
                    0.584185004234314,
                    0.634175717830658,
                    0.5065066814422607,
                    0.0
                ],
                [
                    1.689516544342041,
                    0.4552081227302551,
                    0.6004948019981384,
                    1.0
                ]
            ],
            "location": [
                -0.4552081227302551,
                0.6004948019981384,
                -1.689516544342041
            ],
            "location_world": [
                1.689516544342041,
                0.4552081227302551,
                0.6004948019981384
            ],
            "name": "google_Smith_Hawken_Woven_BasketTray_Organizer_with_3_Compartments_95_x_9_x_13_2",
            "projected_cuboid": [
                [
                    -21.55819535255432,
                    39.734721183776855
                ],
                [
                    -6.291985511779785,
                    -52.813202142715454
                ],
                [
                    35.1247638463974,
                    -29.92120385169983
                ],
                [
                    15.841305255889893,
                    70.25088369846344
                ],
                [
                    87.9252552986145,
                    61.600640416145325
                ],
                [
                    106.73120617866516,
                    -17.427295446395874
                ],
                [
                    152.12684869766235,
                    5.262210965156555
                ],
                [
                    129.35224175453186,
                    89.73526954650879
                ],
                [
                    65.35808742046356,
                    22.483840584754944
                ]
            ],
            "provenance": "visii",
            "quaternion_xyzw": [
                0.08174775540828705,
                0.8862335681915283,
                0.2506278157234192,
                -0.38091105222702026
            ],
            "quaternion_xyzw_world": [
                0.16822120547294617,
                0.4673844873905182,
                0.7997600436210632,
                0.3371012806892395
            ],
            "segmentation_id": 3,
            "visibility": 1
        },
        {
            "bounding_box_minx_maxx_miny_maxy": [
                393,
                440,
                93,
                170
            ],
            "class": "Paul",
            "local_cuboid": null,
            "local_to_world_matrix": [
                [
                    -0.9871385097503662,
                    -0.009689360857009888,
                    -0.1595759093761444,
                    0.0
                ],
                [
                    0.0555555522441864,
                    -0.9567453861236572,
                    -0.2855742275714874,
                    0.0
                ],
                [
                    -0.14990642666816711,
                    -0.29076650738716125,
                    0.9449777603149414,
                    0.0
                ],
                [
                    1.8674741983413696,
                    -0.5001314282417297,
                    0.2594824433326721,
                    1.0
                ]
            ],
            "location": [
                0.5001314282417297,
                0.2594824433326721,
                -1.8674741983413696
            ],
            "location_world": [
                1.8674741983413696,
                -0.5001314282417297,
                0.2594824433326721
            ],
            "name": "google_Paul_Frank_Dot_Lunch_Box_3",
            "projected_cuboid": [
                [
                    433.7255358695984,
                    81.98778331279755
                ],
                [
                    469.6265757083893,
                    93.48727762699127
                ],
                [
                    441.83340668678284,
                    172.673761844635
                ],
                [
                    406.5564274787903,
                    161.6787314414978
                ],
                [
                    408.5546135902405,
                    91.3374125957489
                ],
                [
                    439.78211283683777,
                    101.28679871559143
                ],
                [
                    416.12154245376587,
                    170.04206776618958
                ],
                [
                    385.36766171455383,
                    160.47295928001404
                ],
                [
                    424.20774698257446,
                    129.59513068199158
                ]
            ],
            "provenance": "visii",
            "quaternion_xyzw": [
                0.5351068377494812,
                0.3724346160888672,
                0.5970325469970703,
                -0.46744564175605774
            ],
            "quaternion_xyzw_world": [
                -0.07846836745738983,
                -0.1461295634508133,
                0.9860098361968994,
                -0.01654266193509102
            ],
            "segmentation_id": 4,
            "visibility": 1
        },
        {
            "bounding_box_minx_maxx_miny_maxy": [
                57,
                109,
                298,
                349
            ],
            "class": "Toys",
            "local_cuboid": null,
            "local_to_world_matrix": [
                [
                    -0.4160851240158081,
                    -0.15536800026893616,
                    0.8959541916847229,
                    0.0
                ],
                [
                    0.025285176932811737,
                    -0.9868910312652588,
                    -0.15939487516880035,
                    0.0
                ],
                [
                    0.9089739918708801,
                    -0.043667469173669815,
                    0.4145592451095581,
                    0.0
                ],
                [
                    1.7417892217636108,
                    0.5011974573135376,
                    -0.2511173486709595,
                    1.0
                ]
            ],
            "location": [
                -0.5011974573135376,
                -0.2511173486709595,
                -1.7417892217636108
            ],
            "location_world": [
                1.7417892217636108,
                0.5011974573135376,
                -0.2511173486709595
            ],
            "name": "google_Toys_R_Us_Treat_Dispenser_Smart_Puzzle_Foobler_4",
            "projected_cuboid": [
                [
                    67.53391027450562,
                    284.62421894073486
                ],
                [
                    117.44283139705658,
                    292.55035519599915
                ],
                [
                    104.27623987197876,
                    318.4524476528168
                ],
                [
                    50.260499119758606,
                    309.93789434432983
                ],
                [
                    66.0889744758606,
                    327.2285461425781
                ],
                [
                    114.32333290576935,
                    334.80173349380493
                ],
                [
                    101.38903558254242,
                    363.08354139328003
                ],
                [
                    49.32934045791626,
                    354.9762964248657
                ],
                [
                    84.12876725196838,
                    323.08268547058105
                ]
            ],
            "provenance": "visii",
            "quaternion_xyzw": [
                0.7456099390983582,
                0.6313103437423706,
                0.15415319800376892,
                -0.14747804403305054
            ],
            "quaternion_xyzw_world": [
                0.5376445651054382,
                -0.06048737093806267,
                0.8392757773399353,
                -0.05381222441792488
            ],
            "segmentation_id": 5,
            "visibility": 1
        },
        {
            "bounding_box_minx_maxx_miny_maxy": [
                -1,
                -1,
                -1,
                -1
            ],
            "class": "Tag",
            "local_cuboid": null,
            "local_to_world_matrix": [
                [
                    -0.18237769603729248,
                    0.19932767748832703,
                    -0.962812066078186,
                    0.0
                ],
                [
                    0.9817525148391724,
                    0.09055471420288086,
                    -0.16721811890602112,
                    0.0
                ],
                [
                    0.05385604500770569,
                    -0.9757399559020996,
                    -0.2122056484222412,
                    0.0
                ],
                [
                    0.22704370319843292,
                    -0.4585779905319214,
                    -0.17049716413021088,
                    1.0
                ]
            ],
            "location": [
                0.4585779905319214,
                -0.17049716413021088,
                -0.22704370319843292
            ],
            "location_world": [
                0.22704370319843292,
                -0.4585779905319214,
                -0.17049716413021088
            ],
            "name": "google_Tag_Dishtowel_Basket_Weave_Red_18_x_26_5",
            "projected_cuboid": [
                [
                    3216.1166667938232,
                    1716.016411781311
                ],
                [
                    1106.5826416015625,
                    764.3446922302246
                ],
                [
                    1048.518180847168,
                    753.6068558692932
                ],
                [
                    3061.9864463806152,
                    1698.3741521835327
                ],
                [
                    2664.4840240478516,
                    603.3341884613037
                ],
                [
                    1089.5133018493652,
                    443.5942471027374
                ],
                [
                    1036.4184379577637,
                    432.10500478744507
                ],
                [
                    2539.6764278411865,
                    573.6748576164246
                ],
                [
                    1509.461760520935,
                    710.7425928115845
                ]
            ],
            "provenance": "visii",
            "quaternion_xyzw": [
                -0.5054073929786682,
                0.521048367023468,
                -0.5728633403778076,
                0.38065677881240845
            ],
            "quaternion_xyzw_world": [
                0.48458054661750793,
                0.6093311905860901,
                -0.46893957257270813,
                0.41712456941604614
            ],
            "segmentation_id": 6,
            "visibility": 0
        },
        {
            "bounding_box_minx_maxx_miny_maxy": [
                317,
                394,
                118,
                167
            ],
            "class": "FRACTION",
            "local_cuboid": null,
            "local_to_world_matrix": [
                [
                    0.8578663468360901,
                    0.4264979958534241,
                    -0.2866440415382385,
                    0.0
                ],
                [
                    -0.31279510259628296,
                    0.8759633302688599,
                    0.36721575260162354,
                    0.0
                ],
                [
                    0.40770643949508667,
                    -0.225361168384552,
                    0.8848659992218018,
                    0.0
                ],
                [
                    1.8847712278366089,
                    -0.3264848589897156,
                    0.32480013370513916,
                    1.0
                ]
            ],
            "location": [
                0.3264848589897156,
                0.32480013370513916,
                -1.8847712278366089
            ],
            "location_world": [
                1.8847712278366089,
                -0.3264848589897156,
                0.32480013370513916
            ],
            "name": "google_FRACTION_FUN_n4h4qte23QR_6",
            "projected_cuboid": [
                [
                    364.80772495269775,
                    158.67823362350464
                ],
                [
                    316.9635236263275,
                    134.3863010406494
                ],
                [
                    314.49732184410095,
                    145.43214440345764
                ],
                [
                    362.84419894218445,
                    169.61359977722168
                ],
                [
                    398.38311076164246,
                    134.96661186218262
                ],
                [
                    347.6443886756897,
                    107.86370933055878
                ],
                [
                    345.27766704559326,
                    119.57615613937378
                ],
                [
                    396.58504724502563,
                    146.56537771224976
                ],
                [
                    355.6287884712219,
                    140.30060172080994
                ]
            ],
            "provenance": "visii",
            "quaternion_xyzw": [
                -0.39178842306137085,
                0.7418591976165771,
                0.4036012291908264,
                0.3650381565093994
            ],
            "quaternion_xyzw_world": [
                0.15575382113456726,
                0.18250413239002228,
                0.19431692361831665,
                0.9511435031890869
            ],
            "segmentation_id": 7,
            "visibility": 1
        },
        {
            "bounding_box_minx_maxx_miny_maxy": [
                -1,
                -1,
                -1,
                -1
            ],
            "class": "FAIRY",
            "local_cuboid": null,
            "local_to_world_matrix": [
                [
                    0.7401641607284546,
                    0.04283618927001953,
                    -0.6710604429244995,
                    0.0
                ],
                [
                    -0.2730703055858612,
                    0.931121826171875,
                    -0.24175339937210083,
                    0.0
                ],
                [
                    0.6144832372665405,
                    0.3621838688850403,
                    0.7008802890777588,
                    0.0
                ],
                [
                    0.39980071783065796,
                    0.04436613619327545,
                    0.2904302179813385,
                    1.0
                ]
            ],
            "location": [
                -0.04436613619327545,
                0.2904302179813385,
                -0.39980071783065796
            ],
            "location_world": [
                0.39980071783065796,
                0.04436613619327545,
                0.2904302179813385
            ],
            "name": "google_FAIRY_TALE_BLOCKS_7",
            "projected_cuboid": [
                [
                    243.54718625545502,
                    -108.57036709785461
                ],
                [
                    -8.456617593765259,
                    -87.11519837379456
                ],
                [
                    20.80361545085907,
                    18.543913960456848
                ],
                [
                    334.20681953430176,
                    -22.95786142349243
                ],
                [
                    254.3797492980957,
                    -453.1221389770508
                ],
                [
                    -108.50995779037476,
                    -482.9478859901428
                ],
                [
                    -109.90270972251892,
                    -505.354106426239
                ],
                [
                    397.5418210029602,
                    -458.9691758155823
                ],
                [
                    140.84675908088684,
                    -223.86208176612854
                ]
            ],
            "provenance": "visii",
            "quaternion_xyzw": [
                -0.673312783241272,
                0.5948878526687622,
                0.4093000888824463,
                0.1588452011346817
            ],
            "quaternion_xyzw_world": [
                -0.16443994641304016,
                0.3500276505947113,
                0.08601497858762741,
                0.9181729555130005
            ],
            "segmentation_id": 8,
            "visibility": 0
        },
        {
            "bounding_box_minx_maxx_miny_maxy": [
                187,
                295,
                1,
                153
            ],
            "class": "Great",
            "local_cuboid": null,
            "local_to_world_matrix": [
                [
                    -0.3302452564239502,
                    -0.9247909784317017,
                    0.18894389271736145,
                    0.0
                ],
                [
                    0.6417112350463867,
                    -0.366771936416626,
                    -0.6735614538192749,
                    0.0
                ],
                [
                    0.6922029256820679,
                    -0.10119301080703735,
                    0.7145733833312988,
                    0.0
                ],
                [
                    0.9732218384742737,
                    0.017015481367707253,
                    0.27170372009277344,
                    1.0
                ]
            ],
            "location": [
                -0.017015481367707253,
                0.27170372009277344,
                -0.9732218384742737
            ],
            "location_world": [
                0.9732218384742737,
                0.017015481367707253,
                0.27170372009277344
            ],
            "name": "google_Great_Jones_Wingtip_kAqSg6EgG0I_8",
            "projected_cuboid": [
                [
                    242.6690012216568,
                    -52.988678216934204
                ],
                [
                    304.8906922340393,
                    112.41456866264343
                ],
                [
                    302.4022877216339,
                    148.64611625671387
                ],
                [
                    233.86606574058533,
                    -23.50550889968872
                ],
                [
                    178.94691228866577,
                    -28.439879417419434
                ],
                [
                    250.11685490608215,
                    127.57200002670288
                ],
                [
                    243.76188218593597,
                    163.67745399475098
                ],
                [
                    164.87891972064972,
                    1.9964724779129028
                ],
                [
                    243.25813353061676,
                    63.80899250507355
                ]
            ],
            "provenance": "visii",
            "quaternion_xyzw": [
                -0.9069943428039551,
                -0.15317510068416595,
                -0.1189197450876236,
                0.3738403916358948
            ],
            "quaternion_xyzw_world": [
                -0.2837046682834625,
                0.24944931268692017,
                -0.7764648199081421,
                0.5043699741363525
            ],
            "segmentation_id": 9,
            "visibility": 1
        },
        {
            "bounding_box_minx_maxx_miny_maxy": [
                123,
                223,
                356,
                447
            ],
            "class": "Ecoforms",
            "local_cuboid": null,
            "local_to_world_matrix": [
                [
                    -0.9741866588592529,
                    0.1501295119524002,
                    0.16858983039855957,
                    0.0
                ],
                [
                    -0.10829370468854904,
                    -0.9660630226135254,
                    0.23451164364814758,
                    0.0
                ],
                [
                    0.19807541370391846,
                    0.21020078659057617,
                    0.9573827981948853,
                    0.0
                ],
                [
                    1.3468657732009888,
                    0.13580726087093353,
                    -0.42105743288993835,
                    1.0
                ]
            ],
            "location": [
                -0.13580726087093353,
                -0.42105743288993835,
                -1.3468657732009888
            ],
            "location_world": [
                1.3468657732009888,
                0.13580726087093353,
                -0.42105743288993835
            ],
            "name": "google_Ecoforms_Plant_Container_Quadra_Sand_QP6_9",
            "projected_cuboid": [
                [
                    121.03353440761566,
                    373.69686365127563
                ],
                [
                    205.74606955051422,
                    354.6222448348999
                ],
                [
                    221.74623608589172,
                    435.7130527496338
                ],
                [
                    134.53692197799683,
                    453.97084951400757
                ],
                [
                    148.78436923027039,
                    371.29056453704834
                ],
                [
                    223.14804792404175,
                    354.60028052330017
                ],
                [
                    237.4788075685501,
                    425.1701533794403
                ],
                [
                    161.1996293067932,
                    441.24260544776917
                ],
                [
                    182.06286430358887,
                    400.67416429519653
                ]
            ],
            "provenance": "visii",
            "quaternion_xyzw": [
                0.45095303654670715,
                0.6290303468704224,
                0.42353948950767517,
                -0.4707193970680237
            ],
            "quaternion_xyzw_world": [
                0.09286227077245712,
                0.11262863874435425,
                0.9871211051940918,
                0.06544870883226395
            ],
            "segmentation_id": 10,
            "visibility": 1
        },
        {
            "bounding_box_minx_maxx_miny_maxy": [
                -1,
                -1,
                -1,
                -1
            ],
            "class": "ReadytoUse",
            "local_cuboid": null,
            "local_to_world_matrix": [
                [
                    -0.673171877861023,
                    -0.7227100133895874,
                    -0.15662002563476562,
                    0.0
                ],
                [
                    0.39398372173309326,
                    -0.5297492742538452,
                    0.7510941624641418,
                    0.0
                ],
                [
                    -0.6257926225662231,
                    0.4439097046852112,
                    0.6413483619689941,
                    0.0
                ],
                [
                    0.2912086546421051,
                    -0.4220954179763794,
                    -0.33461183309555054,
                    1.0
                ]
            ],
            "location": [
                0.4220954179763794,
                -0.33461183309555054,
                -0.2912086546421051
            ],
            "location_world": [
                0.2912086546421051,
                -0.4220954179763794,
                -0.33461183309555054
            ],
            "name": "google_ReadytoUse_Rolled_Fondant_Pure_White_24_oz_box_10",
            "projected_cuboid": [
                [
                    1937.8201961517334,
                    1385.8612775802612
                ],
                [
                    1828.0692100524902,
                    1099.4887351989746
                ],
                [
                    1361.392617225647,
                    1005.7697296142578
                ],
                [
                    1385.5013847351074,
                    1159.0449810028076
                ],
                [
                    1056.4777851104736,
                    904.2924642562866
                ],
                [
                    1056.891918182373,
                    756.5488815307617
                ],
                [
                    939.9973750114441,
                    791.1173105239868
                ],
                [
                    932.7064752578735,
                    892.601728439331
                ],
                [
                    1222.670555114746,
                    959.6022367477417
                ]
            ],
            "provenance": "visii",
            "quaternion_xyzw": [
                0.2940336763858795,
                0.31725049018859863,
                0.19492849707603455,
                -0.8802835941314697
            ],
            "quaternion_xyzw_world": [
                -0.23196394741535187,
                0.35428595542907715,
                0.8432481288909912,
                -0.33106914162635803
            ],
            "segmentation_id": 11,
            "visibility": 0
        },
        {
            "bounding_box_minx_maxx_miny_maxy": [
                477,
                499,
                1,
                67
            ],
            "class": "Dog",
            "local_cuboid": null,
            "local_to_world_matrix": [
                [
                    0.13288170099258423,
                    -0.7645044326782227,
                    -0.6307739019393921,
                    0.0
                ],
                [
                    -0.9904675483703613,
                    -0.07912874221801758,
                    -0.11275181174278259,
                    0.0
                ],
                [
                    0.03628695011138916,
                    0.6397436857223511,
                    -0.7677315473556519,
                    0.0
                ],
                [
                    0.5241825580596924,
                    -0.3762930631637573,
                    0.27528345584869385,
                    1.0
                ]
            ],
            "location": [
                0.3762930631637573,
                0.27528345584869385,
                -0.5241825580596924
            ],
            "location_world": [
                0.5241825580596924,
                -0.3762930631637573,
                0.27528345584869385
            ],
            "name": "google_Dog_11",
            "projected_cuboid": [
                [
                    563.7013912200928,
                    195.18733024597168
                ],
                [
                    710.5365991592407,
                    200.82435011863708
                ],
                [
                    890.0362253189087,
                    -6.445050239562988
                ],
                [
                    689.1200542449951,
                    48.35979640483856
                ],
                [
                    403.5305380821228,
                    47.13037610054016
                ],
                [
                    491.3395345211029,
                    -11.262565851211548
                ],
                [
                    680.3229451179504,
                    -237.56170272827148
                ],
                [
                    533.4576368331909,
                    -109.01421308517456
                ],
                [
                    609.7203493118286,
                    24.424150586128235
                ]
            ],
            "provenance": "visii",
            "quaternion_xyzw": [
                0.6916544437408447,
                -0.1993933618068695,
                -0.27926716208457947,
                0.6355048418045044
            ],
            "quaternion_xyzw_world": [
                0.7035165429115295,
                -0.6236427426338196,
                -0.2112554907798767,
                -0.26740503311157227
            ],
            "segmentation_id": 12,
            "visibility": 1
        },
        {
            "bounding_box_minx_maxx_miny_maxy": [
                -1,
                -1,
                -1,
                -1
            ],
            "class": "Black",
            "local_cuboid": null,
            "local_to_world_matrix": [
                [
                    0.22677379846572876,
                    0.9716081619262695,
                    0.06746262311935425,
                    0.0
                ],
                [
                    -0.6074844598770142,
                    0.19524860382080078,
                    -0.769961416721344,
                    0.0
                ],
                [
                    -0.7612727880477905,
                    0.13362455368041992,
                    0.6345141530036926,
                    0.0
                ],
                [
                    0.3284755349159241,
                    -0.4484649896621704,
                    0.30740395188331604,
                    1.0
                ]
            ],
            "location": [
                0.4484649896621704,
                0.30740395188331604,
                -0.3284755349159241
            ],
            "location_world": [
                0.3284755349159241,
                -0.4484649896621704,
                0.30740395188331604
            ],
            "name": "google_Black_Elderberry_Syrup_54_oz_Gaia_Herbs_12",
            "projected_cuboid": [
                [
                    1263.6181116104126,
                    -806.082010269165
                ],
                [
                    1406.0828685760498,
                    -856.6800355911255
                ],
                [
                    1040.1177406311035,
                    -295.70138454437256
                ],
                [
                    979.4774651527405,
                    -318.0069327354431
                ],
                [
                    1466.862678527832,
                    -855.5746078491211
                ],
                [
                    1656.5545797348022,
                    -918.7378883361816
                ],
                [
                    1183.9871406555176,
                    -311.3049864768982
                ],
                [
                    1105.8429479599,
                    -332.8129053115845
                ],
                [
                    1219.3132638931274,
                    -530.799150466919
                ]
            ],
            "provenance": "visii",
            "quaternion_xyzw": [
                -0.09628142416477203,
                0.3318033814430237,
                0.9357940554618835,
                0.07018402218818665
            ],
            "quaternion_xyzw_world": [
                -0.3150440454483032,
                -0.28894665837287903,
                0.5505660176277161,
                0.7170314788818359
            ],
            "segmentation_id": 13,
            "visibility": 0
        },
        {
            "bounding_box_minx_maxx_miny_maxy": [
                0,
                51,
                108,
                166
