{
    "camera_data": {
        "camera_look_at": {
            "at": [
                1.0,
                0.0,
                0.0
            ],
            "eye": [
                0.0,
                0.0,
                0.0
            ],
            "up": [
                0.0,
                0.0,
                1.0
            ]
        },
        "camera_view_matrix": [
            [
                0.0,
                0.0,
                -1.0,
                0.0
            ],
            [
                -1.0,
                0.0,
                0.0,
                0.0
            ],
            [
                0.0,
                1.0,
                0.0,
                0.0
            ],
            [
                0.0,
                0.0,
                0.0,
                1.0
            ]
        ],
        "height": 500,
        "intrinsics": {
            "cx": 250.0,
            "cy": 250.0,
            "fx": 603.5535278320312,
            "fy": 603.5535278320312
        },
        "location_world": [
            0.0,
            0.0,
            0.0
        ],
        "quaternion_world_xyzw": [
            0.5,
            -0.5,
            -0.5,
            0.5
        ],
        "width": 500
    },
    "objects": [
        {
            "bounding_box_minx_maxx_miny_maxy": [
                386,
                410,
                1,
                3
            ],
            "class": "Reebok",
            "local_cuboid": null,
            "local_to_world_matrix": [
                [
                    -0.40052199363708496,
                    0.9105130434036255,
                    -0.10270512104034424,
                    0.0
                ],
                [
                    0.4048346281051636,
                    0.07528877258300781,
                    -0.9112851619720459,
                    0.0
                ],
                [
                    -0.8220043778419495,
                    -0.4065681993961334,
                    -0.3987621068954468,
                    0.0
                ],
                [
                    0.5989660024642944,
                    -0.16812650859355927,
                    0.4039427936077118,
                    1.0
                ]
            ],
            "location": [
                0.16812650859355927,
                0.4039427936077118,
                -0.5989660024642944
            ],
            "location_world": [
                0.5989660024642944,
                -0.16812650859355927,
                0.4039427936077118
            ],
            "name": "google_Reebok_SOMERSET_RUN_0",
            "projected_cuboid": [
                [
                    500.33271312713623,
                    -444.4696307182312
                ],
                [
                    420.8161532878876,
                    5.787193775177002
                ],
                [
                    350.35213828086853,
                    -1.5059113502502441
                ],
                [
                    399.05378222465515,
                    -370.34839391708374
                ],
                [
                    608.9259386062622,
                    -392.22198724746704
                ],
                [
                    513.5728716850281,
                    12.693822383880615
                ],
                [
                    434.78575348854065,
                    4.916876554489136
                ],
                [
                    497.3600506782532,
                    -332.92490243911743
                ],
                [
                    459.85740423202515,
                    -166.97317361831665
                ]
            ],
            "provenance": "visii",
            "quaternion_xyzw": [
                -0.21140466630458832,
                0.2104896456003189,
                -0.9544373750686646,
                0.007181257009506226
            ],
            "quaternion_xyzw_world": [
                0.4803517758846283,
                0.6845752000808716,
                -0.4812668263912201,
                -0.26268088817596436
            ],
            "segmentation_id": 1,
            "visibility": 1
        },
        {
            "bounding_box_minx_maxx_miny_maxy": [
                -1,
                -1,
                -1,
                -1
            ],
            "class": "Breyer",
            "local_cuboid": null,
            "local_to_world_matrix": [
                [
                    -0.9746255874633789,
                    0.15454159677028656,
                    0.16193394362926483,
                    0.0
                ],
                [
                    0.060074206441640854,
                    -0.516301155090332,
                    0.8542978763580322,
                    0.0
                ],
                [
                    0.2156311720609665,
                    0.8423483371734619,
                    0.49391573667526245,
                    0.0
                ],
                [
                    0.425391286611557,
                    -0.36152732372283936,
                    -0.13320662081241608,
                    1.0
                ]
            ],
            "location": [
                0.36152732372283936,
                -0.13320662081241608,
                -0.425391286611557
            ],
            "location_world": [
                0.425391286611557,
                -0.36152732372283936,
                -0.13320662081241608
            ],
            "name": "google_Breyer_Horse_Of_The_Year_2015_1",
            "projected_cuboid": [
                [
                    606.9602966308594,
                    351.77332162857056
                ],
                [
                    655.2953720092773,
                    264.86656069755554
                ],
                [
                    946.5894103050232,
                    412.18170523643494
                ],
                [
                    896.3596820831299,
                    510.00094413757324
                ],
                [
                    503.37016582489014,
                    351.18135809898376
                ],
                [
                    533.2844257354736,
                    298.5282838344574
                ],
                [
                    695.2556371688843,
                    386.29016280174255
                ],
                [
                    664.543867111206,
                    442.7616596221924
                ],
                [
                    660.9100103378296,
                    372.8635907173157
                ]
            ],
            "provenance": "visii",
            "quaternion_xyzw": [
                0.22737190127372742,
                0.7457330226898193,
                0.14544138312339783,
                -0.6091234087944031
            ],
            "quaternion_xyzw_world": [
                0.10927005112171173,
                0.4910215735435486,
                0.8638348579406738,
                0.027339540421962738
            ],
            "segmentation_id": 2,
            "visibility": 0
        },
        {
            "bounding_box_minx_maxx_miny_maxy": [
                77,
                203,
                1,
                61
            ],
            "class": "Smith",
            "local_cuboid": null,
            "local_to_world_matrix": [
                [
                    -0.15562808513641357,
                    -0.9667521715164185,
                    0.20290443301200867,
                    0.0
                ],
                [
                    -0.6618677377700806,
                    0.2545325756072998,
                    0.7050846815109253,
                    0.0
                ],
                [
                    -0.7332879304885864,
                    -0.024565011262893677,
                    -0.6794744729995728,
                    0.0
                ],
                [
                    1.9168082475662231,
                    0.33381974697113037,
                    0.7139209508895874,
                    1.0
                ]
            ],
            "location": [
                -0.33381974697113037,
                0.7139209508895874,
                -1.9168082475662231
            ],
            "location_world": [
                1.9168082475662231,
                0.33381974697113037,
                0.7139209508895874
            ],
            "name": "google_Smith_Hawken_Woven_BasketTray_Organizer_with_3_Compartments_95_x_9_x_13_2",
            "projected_cuboid": [
                [
                    209.41126346588135,
                    88.56068551540375
                ],
                [
                    180.51040172576904,
                    3.3084452152252197
                ],
                [
                    185.88978052139282,
                    -30.817866325378418
                ],
                [
                    211.44339442253113,
                    48.87346923351288
                ],
                [
                    95.91081738471985,
                    117.58388578891754
                ],
                [
                    56.36186897754669,
                    38.180068135261536
                ],
                [
                    74.72459971904755,
                    1.3908296823501587
                ],
                [
                    108.89683663845062,
                    76.17808878421783
                ],
                [
                    140.53580164909363,
                    43.98414492607117
                ]
            ],
            "provenance": "visii",
            "quaternion_xyzw": [
                -0.3634486496448517,
                0.03551269322633743,
                -0.1239466667175293,
                -0.9226489663124084
            ],
            "quaternion_xyzw_world": [
                -0.5633191466331482,
                0.7227784991264343,
                0.23538319766521454,
                -0.3238171637058258
            ],
            "segmentation_id": 3,
            "visibility": 1
        },
        {
            "bounding_box_minx_maxx_miny_maxy": [
                447,
                499,
                125,
                187
            ],
            "class": "Paul",
            "local_cuboid": null,
            "local_to_world_matrix": [
                [
                    -0.8708245754241943,
                    -0.44043758511543274,
                    0.2183580845594406,
                    0.0
                ],
                [
                    0.08947029709815979,
                    -0.5787618160247803,
                    -0.8105742335319519,
                    0.0
                ],
                [
                    0.48338449001312256,
                    -0.6863309741020203,
                    0.5434053540229797,
                    0.0
                ],
                [
                    1.7941741943359375,
                    -0.6609196662902832,
                    0.24709226191043854,
                    1.0
                ]
            ],
            "location": [
                0.6609196662902832,
                0.24709226191043854,
                -1.7941741943359375
            ],
            "location_world": [
                1.7941741943359375,
                -0.6609196662902832,
                0.24709226191043854
            ],
            "name": "google_Paul_Frank_Dot_Lunch_Box_3",
            "projected_cuboid": [
                [
                    536.217451095581,
                    99.39810633659363
                ],
                [
                    555.6690692901611,
                    129.6055018901825
                ],
                [
                    518.9480781555176,
                    166.78056120872498
                ],
                [
                    497.9815483093262,
                    134.76388156414032
                ],
                [
                    468.9064025878906,
                    133.75960290431976
                ],
                [
                    486.4758253097534,
                    160.38191318511963
                ],
                [
                    450.1013159751892,
                    194.90393996238708
                ],
                [
                    431.3122034072876,
                    166.88814759254456
                ],
                [
                    491.68258905410767,
                    148.78886938095093
                ]
            ],
            "provenance": "visii",
            "quaternion_xyzw": [
                0.826800525188446,
                0.2410253882408142,
                0.47083765268325806,
                -0.19136293232440948
            ],
            "quaternion_xyzw_world": [
                0.20281267166137695,
                -0.4326249361038208,
                0.8650132417678833,
                -0.15315023064613342
            ],
            "segmentation_id": 4,
            "visibility": 1
        },
        {
            "bounding_box_minx_maxx_miny_maxy": [
                111,
                164,
                144,
                182
            ],
            "class": "Toys",
            "local_cuboid": null,
            "local_to_world_matrix": [
                [
                    0.2626791000366211,
                    0.8873887658119202,
                    -0.3788679540157318,
                    0.0
                ],
                [
                    0.5176557898521423,
                    -0.4609720706939697,
                    -0.72078937292099,
                    0.0
                ],
                [
                    -0.8142678737640381,
                    -0.0067868828773498535,
                    -0.5804497003555298,
                    0.0
                ],
                [
                    1.8220287561416626,
                    0.3248193562030792,
                    0.32100531458854675,
                    1.0
                ]
            ],
            "location": [
                -0.3248193562030792,
                0.32100531458854675,
                -1.8220287561416626
            ],
            "location_world": [
                1.8220287561416626,
                0.3248193562030792,
                0.32100531458854675
            ],
            "name": "google_Toys_R_Us_Treat_Dispenser_Smart_Puzzle_Foobler_4",
            "projected_cuboid": [
                [
                    96.06191515922546,
                    157.1362316608429
                ],
                [
                    127.40811705589294,
                    199.44748282432556
                ],
                [
                    135.2127492427826,
                    174.24076795578003
                ],
                [
                    106.38444125652313,
                    133.74850153923035
                ],
                [
                    142.86279678344727,
                    133.21731984615326
                ],
                [
                    172.77906835079193,
                    177.64043807983398
                ],
                [
                    177.67739295959473,
                    153.35713326931
                ],
                [
                    150.10425448417664,
                    110.98650097846985
                ],
                [
                    138.7711465358734,
                    155.1586091518402
                ]
            ],
            "provenance": "visii",
            "quaternion_xyzw": [
                0.06916061043739319,
                0.2967875897884369,
                -0.9249927401542664,
                0.22698554396629333
            ],
            "quaternion_xyzw_world": [
                0.7589632272720337,
                0.46281707286834717,
                -0.3930150270462036,
                -0.23519007861614227
            ],
            "segmentation_id": 5,
            "visibility": 1
        },
        {
            "bounding_box_minx_maxx_miny_maxy": [
                -1,
                -1,
                -1,
                -1
            ],
            "class": "Tag",
            "local_cuboid": null,
            "local_to_world_matrix": [
                [
                    -0.37517082691192627,
                    -0.11782285571098328,
                    -0.9194375276565552,
                    0.0
                ],
                [
                    0.4713077247142792,
                    -0.8783559799194336,
                    -0.07975572347640991,
                    0.0
                ],
                [
                    -0.7981958389282227,
                    -0.46325987577438354,
                    0.3850635886192322,
                    0.0
                ],
                [
                    0.22085094451904297,
                    -0.42450112104415894,
                    -0.13258889317512512,
                    1.0
                ]
            ],
            "location": [
                0.42450112104415894,
                -0.13258889317512512,
                -0.22085094451904297
            ],
            "location_world": [
                0.22085094451904297,
                -0.42450112104415894,
                -0.13258889317512512
            ],
            "name": "google_Tag_Dishtowel_Basket_Weave_Red_18_x_26_5",
            "projected_cuboid": [
                [
                    2229.4912338256836,
                    1319.1546201705933
                ],
                [
                    1794.946551322937,
                    827.4902105331421
                ],
                [
                    1578.696608543396,
                    794.8200106620789
                ],
                [
                    1745.7904815673828,
                    1157.6313972473145
                ],
                [
                    1413.9984846115112,
                    361.0731065273285
                ],
                [
                    1398.6287117004395,
                    357.5668931007385
                ],
                [
                    1263.145923614502,
                    374.1617798805237
                ],
                [
                    1201.1982202529907,
                    386.3810896873474
                ],
                [
                    1511.0023021697998,
                    616.5416240692139
                ]
            ],
            "provenance": "visii",
            "quaternion_xyzw": [
                0.31598377227783203,
                -0.03250318765640259,
                0.6633492708206177,
                -0.6775439381599426
            ],
            "quaternion_xyzw_world": [
                -0.5287063121795654,
                -0.16714613139629364,
                0.8121868968009949,
                -0.18134082853794098
            ],
            "segmentation_id": 6,
            "visibility": 0
        },
        {
            "bounding_box_minx_maxx_miny_maxy": [
                342,
                422,
                271,
                333
            ],
            "class": "FRACTION",
            "local_cuboid": null,
            "local_to_world_matrix": [
                [
                    0.04100537300109863,
                    -0.9888034462928772,
                    0.1434788703918457,
                    0.0
                ],
                [
                    0.7411735653877258,
                    -0.06619894504547119,
                    -0.668041467666626,
                    0.0
                ],
                [
                    0.670059859752655,
                    0.1337360143661499,
                    0.7301605343818665,
                    0.0
                ],
                [
                    1.4094531536102295,
                    -0.30900540947914124,
                    -0.1319819837808609,
                    1.0
                ]
            ],
            "location": [
                0.30900540947914124,
                -0.1319819837808609,
                -1.4094531536102295
            ],
            "location_world": [
                1.4094531536102295,
                -0.30900540947914124,
                -0.1319819837808609
            ],
            "name": "google_FRACTION_FUN_n4h4qte23QR_6",
            "projected_cuboid": [
                [
                    418.6515808105469,
                    260.6876790523529
                ],
                [
                    408.0161452293396,
                    310.1193308830261
                ],
                [
                    413.52522373199463,
                    324.3194818496704
                ],
                [
                    424.96806383132935,
                    275.29022097587585
                ],
                [
                    342.9514467716217,
                    271.85705304145813
                ],
                [
                    339.3152356147766,
                    320.4843997955322
                ],
                [
                    343.48541498184204,
                    334.9597156047821
                ],
                [
                    347.6391136646271,
                    286.78345680236816
                ],
                [
                    379.70060110092163,
                    299.17529225349426
                ]
            ],
            "provenance": "visii",
            "quaternion_xyzw": [
                -0.911990225315094,
                -0.05747807025909424,
                0.04790110886096954,
                0.40333056449890137
            ],
            "quaternion_xyzw_world": [
                -0.30701944231987,
                0.20164024829864502,
                -0.6624488830566406,
                0.6528719067573547
            ],
            "segmentation_id": 7,
            "visibility": 1
        },
        {
            "bounding_box_minx_maxx_miny_maxy": [
                -1,
                -1,
                -1,
                -1
            ],
            "class": "FAIRY",
            "local_cuboid": null,
            "local_to_world_matrix": [
                [
                    0.9911710023880005,
                    0.05175669863820076,
                    0.12207088619470596,
                    0.0
                ],
                [
                    -0.003510706126689911,
                    0.9305873513221741,
                    -0.3660530745983124,
                    0.0
                ],
                [
                    -0.13254332542419434,
                    0.3623926341533661,
                    0.9225528836250305,
                    0.0
                ],
                [
                    0.40663015842437744,
                    0.08900270611047745,
                    0.3660598695278168,
                    1.0
                ]
            ],
            "location": [
                -0.08900270611047745,
                0.3660598695278168,
                -0.40663015842437744
            ],
            "location_world": [
                0.40663015842437744,
                0.08900270611047745,
                0.3660598695278168
            ],
            "name": "google_FAIRY_TALE_BLOCKS_7",
            "projected_cuboid": [
                [
                    186.17671728134155,
                    -515.712559223175
                ],
                [
                    -111.62850260734558,
                    -400.04032850265503
                ],
                [
                    0.6974637508392334,
                    -129.19557094573975
                ],
                [
                    281.7075550556183,
                    -238.89592289924622
                ],
                [
                    155.13262152671814,
                    -1180.0639629364014
                ],
                [
                    -429.995059967041,
                    -955.2637338638306
                ],
                [
                    -187.48030066490173,
                    -392.61168241500854
                ],
                [
                    336.15753054618835,
                    -595.9289073944092
                ],
                [
                    50.95286667346954,
                    -471.16321325302124
                ]
            ],
            "provenance": "visii",
            "quaternion_xyzw": [
                -0.5435423254966736,
                0.37187379598617554,
                0.6225658655166626,
                0.422709584236145
            ],
            "quaternion_xyzw_world": [
                -0.1857624351978302,
                -0.06492969393730164,
                0.01409385446459055,
                0.9803457856178284
            ],
            "segmentation_id": 8,
            "visibility": 0
        },
        {
            "bounding_box_minx_maxx_miny_maxy": [
                64,
                191,
                1,
                109
            ],
            "class": "Great",
            "local_cuboid": null,
            "local_to_world_matrix": [
                [
                    -0.13032567501068115,
                    0.828348696231842,
                    -0.5448427796363831,
                    0.0
                ],
                [
                    -0.9887463450431824,
                    -0.14929819107055664,
                    0.009522289037704468,
                    0.0
                ],
                [
                    -0.07345622777938843,
                    0.539952278137207,
                    0.8384841680526733,
                    0.0
                ],
                [
                    0.689063310623169,
                    0.10902141034603119,
                    0.19706003367900848,
                    1.0
                ]
            ],
            "location": [
                -0.10902141034603119,
                0.19706003367900848,
                -0.689063310623169
            ],
            "location_world": [
                0.689063310623169,
                0.10902141034603119,
                0.19706003367900848
            ],
            "name": "google_Great_Jones_Wingtip_kAqSg6EgG0I_8",
            "projected_cuboid": [
                [
                    75.17366111278534,
                    59.962183237075806
                ],
                [
                    25.4514217376709,
                    -56.39544129371643
                ],
                [
                    99.25860166549683,
                    57.548850774765015
                ],
                [
                    121.25146389007568,
                    130.70189952850342
                ],
                [
                    144.2127823829651,
                    19.802257418632507
                ],
                [
                    135.7441395521164,
                    -116.60656332969666
                ],
                [
                    205.87779581546783,
                    -4.781395196914673
                ],
                [
                    188.82718682289124,
                    89.73082900047302
                ],
                [
                    126.89840793609619,
                    34.34056043624878
                ]
            ],
            "provenance": "visii",
            "quaternion_xyzw": [
                -0.14888988435268402,
                0.6641563177108765,
                0.6878013014793396,
                -0.2523043155670166
            ],
            "quaternion_xyzw_world": [
                -0.2124195545911789,
                0.18877461552619934,
                0.7276860475540161,
                0.6242716312408447
            ],
            "segmentation_id": 9,
            "visibility": 1
        },
        {
            "bounding_box_minx_maxx_miny_maxy": [
                247,
                336,
                466,
                500
            ],
            "class": "Ecoforms",
            "local_cuboid": null,
            "local_to_world_matrix": [
                [
                    -0.45571160316467285,
                    -0.886294960975647,
                    0.082511305809021,
                    0.0
                ],
                [
                    -0.6187506914138794,
                    0.24877500534057617,
                    -0.7451567649841309,
                    0.0
                ],
                [
                    0.6399019360542297,
                    -0.3906305134296417,
                    -0.6617653369903564,
                    0.0
                ],
                [
                    1.4230196475982666,
                    -0.052001774311065674,
                    -0.5717245936393738,
                    1.0
                ]
            ],
            "location": [
                0.052001774311065674,
                -0.5717245936393738,
                -1.4230196475982666
            ],
            "location_world": [
                1.4230196475982666,
                -0.052001774311065674,
                -0.5717245936393738
            ],
            "name": "google_Ecoforms_Plant_Container_Quadra_Sand_QP6_9",
            "projected_cuboid": [
                [
                    338.1117582321167,
                    485.9648048877716
                ],
                [
                    325.3852427005768,
                    565.2473568916321
                ],
                [
                    301.45883560180664,
                    540.0252342224121
                ],
                [
                    317.0962333679199,
                    456.86185359954834
                ],
                [
                    271.07909321784973,
                    479.2354106903076
                ],
                [
                    253.87728214263916,
                    553.4572601318359
                ],
                [
                    225.94699263572693,
                    528.8861989974976
                ],
                [
                    246.51934206485748,
                    451.3118267059326
                ],
                [
                    284.6633791923523,
                    506.4176321029663
                ]
            ],
            "provenance": "visii",
            "quaternion_xyzw": [
                -0.9043441414833069,
                0.04596248269081116,
                -0.2339656949043274,
                -0.35399022698402405
            ],
            "quaternion_xyzw_world": [
                -0.4892030954360962,
                0.7691313028335571,
                -0.3691785931587219,
                0.1811753809452057
            ],
            "segmentation_id": 10,
            "visibility": 1
        },
        {
            "bounding_box_minx_maxx_miny_maxy": [
                -1,
                -1,
                -1,
                -1
            ],
            "class": "ReadytoUse",
            "local_cuboid": null,
            "local_to_world_matrix": [
                [
                    0.36237311363220215,
                    -0.19461366534233093,
                    -0.9114884734153748,
                    0.0
                ],
                [
                    -0.9041024446487427,
                    -0.31101691722869873,
                    -0.2930309474468231,
                    0.0
                ],
                [
                    -0.2264605164527893,
                    0.9302655458450317,
                    -0.2886549234390259,
                    0.0
                ],
                [
                    0.2075439989566803,
                    -0.4088895618915558,
                    -0.3349091708660126,
                    1.0
                ]
            ],
            "location": [
                0.4088895618915558,
                -0.3349091708660126,
                -0.2075439989566803
            ],
            "location_world": [
                0.2075439989566803,
                -0.4088895618915558,
                -0.3349091708660126
            ],
            "name": "google_ReadytoUse_Rolled_Fondant_Pure_White_24_oz_box_10",
            "projected_cuboid": [
                [
                    973.9866256713867,
                    1470.043420791626
                ],
                [
                    1218.6412811279297,
                    1841.8164253234863
                ],
                [
                    1496.9594478607178,
                    1406.8127870559692
                ],
                [
                    1240.3217554092407,
                    1168.1983470916748
                ],
                [
                    1078.0386924743652,
                    1392.4707174301147
                ],
                [
                    1445.9384679794312,
                    1867.8009510040283
                ],
                [
                    1746.2538480758667,
                    1309.2031478881836
                ],
                [
                    1381.7919492721558,
                    1040.7953262329102
                ],
                [
                    1308.5559606552124,
                    1400.3627300262451
                ]
            ],
            "provenance": "visii",
            "quaternion_xyzw": [
                0.5615122318267822,
                -0.26734569668769836,
                -0.5755167007446289,
                0.5310468673706055
            ],
            "quaternion_xyzw_world": [
                0.7003650665283203,
                -0.39219409227371216,
                -0.40619850158691406,
                -0.4366638660430908
            ],
            "segmentation_id": 11,
            "visibility": 0
        },
        {
            "bounding_box_minx_maxx_miny_maxy": [
                -1,
                -1,
                -1,
                -1
            ],
            "class": "Dog",
            "local_cuboid": null,
            "local_to_world_matrix": [
                [
                    -0.18432950973510742,
                    0.7406868934631348,
                    0.6460692882537842,
                    0.0
                ],
                [
                    -0.5249170064926147,
                    -0.6299242973327637,
                    0.5724138021469116,
                    0.0
                ],
                [
                    0.8309540748596191,
                    -0.23361998796463013,
                    0.5049128532409668,
                    0.0
                ],
                [
                    0.5335285067558289,
                    -0.5153596997261047,
                    0.4934949576854706,
                    1.0
                ]
            ],
            "location": [
                0.5153596997261047,
                0.4934949576854706,
                -0.5335285067558289
            ],
            "location_world": [
                0.5335285067558289,
                -0.5153596997261047,
                0.4934949576854706
            ],
            "name": "google_Dog_11",
            "projected_cuboid": [
                [
                    595.8533883094788,
                    -263.5997533798218
                ],
                [
                    762.3056173324585,
                    -445.8581805229187
                ],
                [
                    884.942889213562,
                    -563.6639595031738
                ],
                [
                    647.9142904281616,
                    -307.00069665908813
                ],
                [
                    711.5410566329956,
                    -117.33230948448181
                ],
                [
                    884.2315077781677,
                    -266.6735649108887
                ],
                [
                    1036.440134048462,
                    -315.80036878585815
                ],
                [
                    791.6740775108337,
                    -117.49571561813354
                ],
                [
                    776.6904830932617,
                    -285.02529859542847
                ]
            ],
            "provenance": "visii",
            "quaternion_xyzw": [
                0.35981014370918274,
                0.8865741491317749,
                0.2903958559036255,
                0.013899117708206177
            ],
            "quaternion_xyzw_world": [
                0.48494377732276917,
                0.11123449355363846,
                0.7614405155181885,
                0.4155294895172119
            ],
            "segmentation_id": 12,
            "visibility": 0
        },
        {
            "bounding_box_minx_maxx_miny_maxy": [
                -1,
                -1,
                -1,
                -1
            ],
            "class": "Black",
            "local_cuboid": null,
            "local_to_world_matrix": [
                [
                    -0.5200299024581909,
                    0.7449554204940796,
                    -0.417864054441452,
                    0.0
                ],
                [
                    0.29723143577575684,
                    -0.30081212520599365,
                    -0.9061818718910217,
                    0.0
                ],
                [
                    -0.8007636070251465,
                    -0.5954440236091614,
                    -0.06499290466308594,
                    0.0
                ],
                [
                    0.43810442090034485,
                    -0.4103441834449768,
                    0.24421143531799316,
                    1.0
                ]
            ],
            "location": [
                0.4103441834449768,
                0.24421143531799316,
                -0.43810442090034485
            ],
            "location_world": [
                0.43810442090034485,
                -0.4103441834449768,
                0.24421143531799316
            ],
            "name": "google_Black_Elderberry_Syrup_54_oz_Gaia_Herbs_12",
            "projected_cuboid": [
                [
                    1194.212794303894,
                    -255.132257938385
                ],
                [
                    1175.673246383667,
                    -124.71586465835571
                ],
                [
                    805.9999346733093,
                    -37.1088981628418
                ],
                [
                    803.6766648292542,
                    -127.25016474723816
                ],
                [
                    1187.001347541809,
                    -253.30662727355957
                ],
                [
                    1170.4223155975342,
                    -134.19663906097412
                ],
                [
                    825.8570432662964,
                    -49.84086751937866
                ],
                [
                    824.4744539260864,
                    -134.45603847503662
                ],
                [
                    970.4198837280273,
                    -130.408376455307
                ]
            ],
            "provenance": "visii",
            "quaternion_xyzw": [
                0.30019277334213257,
                -0.0974806547164917,
                0.9289646148681641,
                -0.1934078335762024
            ],
            "quaternion_xyzw_world": [
                -0.4598301649093628,
                -0.566615104675293,
                0.6625422835350037,
                0.1689416617155075
            ],
            "segmentation_id": 13,
            "visibility": 0
        },
        {
            "bounding_box_minx_maxx_miny_maxy": [
                40,
                90,
                80,
