{
    "camera_data": {
        "camera_look_at": {
            "at": [
                1.0,
                0.0,
                0.0
            ],
            "eye": [
                0.0,
                0.0,
                0.0
            ],
            "up": [
                0.0,
                0.0,
                1.0
            ]
        },
        "camera_view_matrix": [
            [
                0.0,
                0.0,
                -1.0,
                0.0
            ],
            [
                -1.0,
                0.0,
                0.0,
                0.0
            ],
            [
                0.0,
                1.0,
                0.0,
                0.0
            ],
            [
                0.0,
                0.0,
                0.0,
                1.0
            ]
        ],
        "height": 500,
        "intrinsics": {
            "cx": 250.0,
            "cy": 250.0,
            "fx": 603.5535278320312,
            "fy": 603.5535278320312
        },
        "location_world": [
            0.0,
            0.0,
            0.0
        ],
        "quaternion_world_xyzw": [
            0.5,
            -0.5,
            -0.5,
            0.5
        ],
        "width": 500
    },
    "objects": [
        {
            "bounding_box_minx_maxx_miny_maxy": [
                -1,
                -1,
                -1,
                -1
            ],
            "class": "Reebok",
            "local_cuboid": null,
            "local_to_world_matrix": [
                [
                    -0.15283095836639404,
                    0.9281696081161499,
                    0.33932849764823914,
                    0.0
                ],
                [
                    0.39031827449798584,
                    0.3721385598182678,
                    -0.8421190977096558,
                    0.0
                ],
                [
                    -0.9079065322875977,
                    0.003744274377822876,
                    -0.4191558361053467,
                    0.0
                ],
                [
                    0.5862964391708374,
                    -0.14461158215999603,
                    0.43238747119903564,
                    1.0
                ]
            ],
            "location": [
                0.14461158215999603,
                0.43238747119903564,
                -0.5862964391708374
            ],
            "location_world": [
                0.5862964391708374,
                -0.14461158215999603,
                0.43238747119903564
            ],
            "name": "google_Reebok_SOMERSET_RUN_0",
            "projected_cuboid": [
                [
                    462.60935068130493,
                    -514.8485898971558
                ],
                [
                    292.58736968040466,
                    -68.88779997825623
                ],
                [
                    285.9296202659607,
                    -62.205970287323
                ],
                [
                    420.06751894950867,
                    -416.40961170196533
                ],
                [
                    600.330114364624,
                    -430.8924078941345
                ],
                [
                    406.8969488143921,
                    -16.544699668884277
                ],
                [
                    381.9379508495331,
                    -18.500566482543945
                ],
                [
                    532.1632623672485,
                    -352.0633578300476
                ],
                [
                    413.3214056491852,
                    -211.5938663482666
                ]
            ],
            "provenance": "visii",
            "quaternion_xyzw": [
                -0.03886792063713074,
                0.21103553473949432,
                -0.9589310884475708,
                -0.1854843944311142
            ],
            "quaternion_xyzw_world": [
                0.4728071391582489,
                0.697159469127655,
                -0.3006395399570465,
                -0.4472559988498688
            ],
            "segmentation_id": 1,
            "visibility": 0
        },
        {
            "bounding_box_minx_maxx_miny_maxy": [
                -1,
                -1,
                -1,
                -1
            ],
            "class": "Breyer",
            "local_cuboid": null,
            "local_to_world_matrix": [
                [
                    0.707202136516571,
                    0.4353468418121338,
                    -0.557080090045929,
                    0.0
                ],
                [
                    -0.660231351852417,
                    0.6885013580322266,
                    -0.3001006841659546,
                    0.0
                ],
                [
                    0.2529025077819824,
                    0.5800336003303528,
                    0.7743393182754517,
                    0.0
                ],
                [
                    0.4302034378051758,
                    -0.35996848344802856,
                    -0.14110508561134338,
                    1.0
                ]
            ],
            "location": [
                0.35996848344802856,
                -0.14110508561134338,
                -0.4302034378051758
            ],
            "location_world": [
                0.4302034378051758,
                -0.35996848344802856,
                -0.14110508561134338
            ],
            "name": "google_Breyer_Horse_Of_The_Year_2015_1",
            "projected_cuboid": [
                [
                    500.9678602218628,
                    336.2981081008911
                ],
                [
                    473.69712591171265,
                    362.2868061065674
                ],
                [
                    600.8706092834473,
                    517.3239707946777
                ],
                [
                    620.966911315918,
                    478.2419204711914
                ],
                [
                    753.3485889434814,
                    178.53307723999023
                ],
                [
                    740.1983737945557,
                    199.69815015792847
                ],
                [
                    962.7037644386292,
                    413.0885601043701
                ],
                [
                    953.997015953064,
                    367.37141013145447
                ],
                [
                    669.71355676651,
                    364.36185240745544
                ]
            ],
            "provenance": "visii",
            "quaternion_xyzw": [
                -0.5285963416099548,
                0.5890986323356628,
                0.6087990403175354,
                0.0539674311876297
            ],
            "quaternion_xyzw_world": [
                -0.24716466665267944,
                0.2274642437696457,
                0.30766692757606506,
                0.8902307152748108
            ],
            "segmentation_id": 2,
            "visibility": 0
        },
        {
            "bounding_box_minx_maxx_miny_maxy": [
                111,
                233,
                1,
                58
            ],
            "class": "Smith",
            "local_cuboid": null,
            "local_to_world_matrix": [
                [
                    0.585424542427063,
                    -0.7960779666900635,
                    0.15342077612876892,
                    0.0
                ],
                [
                    -0.1842379868030548,
                    0.0536532998085022,
                    0.9814161062240601,
                    0.0
                ],
                [
                    -0.7895152568817139,
                    -0.6028110980987549,
                    -0.1152578592300415,
                    0.0
                ],
                [
                    1.8948479890823364,
                    0.29596132040023804,
                    0.7306836247444153,
                    1.0
                ]
            ],
            "location": [
                -0.29596132040023804,
                0.7306836247444153,
                -1.8948479890823364
            ],
            "location_world": [
                1.8948479890823364,
                0.29596132040023804,
                0.7306836247444153
            ],
            "name": "google_Smith_Hawken_Woven_BasketTray_Organizer_with_3_Compartments_95_x_9_x_13_2",
            "projected_cuboid": [
                [
                    255.5447518825531,
                    50.51682889461517
                ],
                [
                    250.96988677978516,
                    -41.25264286994934
                ],
                [
                    201.41223073005676,
                    -19.45236325263977
                ],
                [
                    206.66876435279846,
                    62.18883395195007
                ],
                [
                    148.0269581079483,
                    45.06814479827881
                ],
                [
                    139.54788446426392,
                    -59.34101343154907
                ],
                [
                    97.45089709758759,
                    -32.7603816986084
                ],
                [
                    106.03904724121094,
                    58.73699486255646
                ],
                [
                    177.52385139465332,
                    9.418725967407227
                ]
            ],
            "provenance": "visii",
            "quaternion_xyzw": [
                0.07928822189569473,
                0.314572274684906,
                0.05482056736946106,
                0.9443264007568359
            ],
            "quaternion_xyzw_world": [
                0.6416831612586975,
                -0.38193145394325256,
                -0.24782265722751617,
                0.6172155141830444
            ],
            "segmentation_id": 3,
            "visibility": 1
        },
        {
            "bounding_box_minx_maxx_miny_maxy": [
                360,
                442,
                83,
                165
            ],
            "class": "Paul",
            "local_cuboid": null,
            "local_to_world_matrix": [
                [
                    0.9394531846046448,
                    0.33087921142578125,
                    -0.08914412558078766,
                    0.0
                ],
                [
                    -0.3369385600090027,
                    0.8445084095001221,
                    -0.41626670956611633,
                    0.0
                ],
                [
                    -0.06245103478431702,
                    0.42109915614128113,
                    0.9048620462417603,
                    0.0
                ],
                [
                    1.8238722085952759,
                    -0.48873424530029297,
                    0.2903256416320801,
                    1.0
                ]
            ],
            "location": [
                0.48873424530029297,
                0.2903256416320801,
                -1.8238722085952759
            ],
            "location_world": [
                1.8238722085952759,
                -0.48873424530029297,
                0.2903256416320801
            ],
            "name": "google_Paul_Frank_Dot_Lunch_Box_3",
            "projected_cuboid": [
                [
                    371.4894652366638,
                    92.00699627399445
                ],
                [
                    345.0760543346405,
                    103.16379368305206
                ],
                [
                    374.92018938064575,
                    169.92969810962677
                ],
                [
                    400.58696269989014,
                    157.62034058570862
                ],
                [
                    419.9987053871155,
                    60.748592019081116
                ],
                [
                    390.7238245010376,
                    72.87925481796265
                ],
                [
                    424.56477880477905,
                    149.72713589668274
                ],
                [
                    452.87686586380005,
                    136.07284426689148
                ],
                [
                    396.06019854545593,
                    118.72807145118713
                ]
            ],
            "provenance": "visii",
            "quaternion_xyzw": [
                -0.5057016015052795,
                0.46156299114227295,
                0.6726062893867493,
                0.28076016902923584
            ],
            "quaternion_xyzw_world": [
                -0.2179923802614212,
                0.006949041970074177,
                0.17385374009609222,
                0.9603155255317688
            ],
            "segmentation_id": 4,
            "visibility": 1
        },
        {
            "bounding_box_minx_maxx_miny_maxy": [
                0,
                10,
                94,
                135
            ],
            "class": "Toys",
            "local_cuboid": null,
            "local_to_world_matrix": [
                [
                    0.8318088054656982,
                    -0.450149804353714,
                    0.32474493980407715,
                    0.0
                ],
                [
                    0.19196847081184387,
                    -0.31564950942993164,
                    -0.9292542934417725,
                    0.0
                ],
                [
                    0.5208091735839844,
                    0.8353027105331421,
                    -0.1761455535888672,
                    0.0
                ],
                [
                    1.6335052251815796,
                    0.6831704378128052,
                    0.3947959244251251,
                    1.0
                ]
            ],
            "location": [
                -0.6831704378128052,
                0.3947959244251251,
                -1.6335052251815796
            ],
            "location_world": [
                1.6335052251815796,
                0.6831704378128052,
                0.3947959244251251
            ],
            "name": "google_Toys_R_Us_Treat_Dispenser_Smart_Puzzle_Foobler_4",
            "projected_cuboid": [
                [
                    -24.15284514427185,
                    91.01568162441254
                ],
                [
                    -3.276944160461426,
                    141.79086685180664
                ],
                [
                    30.078113079071045,
                    127.21467018127441
                ],
                [
                    8.796393871307373,
                    73.77243041992188
                ],
                [
                    -71.46444916725159,
                    97.0517247915268
                ],
                [
                    -48.13361167907715,
                    151.64732933044434
                ],
                [
                    -14.331728219985962,
                    136.38408482074738
                ],
                [
                    -38.219720125198364,
                    78.69111001491547
                ],
                [
                    -19.505023956298828,
                    112.48612403869629
                ]
            ],
            "provenance": "visii",
            "quaternion_xyzw": [
                -0.8515005707740784,
                -0.18801937997341156,
                0.48946279287338257,
                0.004645615816116333
            ],
            "quaternion_xyzw_world": [
                -0.7621685862541199,
                0.08468642085790634,
                -0.27735140919685364,
                0.5787948369979858
            ],
            "segmentation_id": 5,
            "visibility": 1
        },
        {
            "bounding_box_minx_maxx_miny_maxy": [
                -1,
                -1,
                -1,
                -1
            ],
            "class": "Tag",
            "local_cuboid": null,
            "local_to_world_matrix": [
                [
                    -0.6561931371688843,
                    0.24446186423301697,
                    -0.7138970494270325,
                    0.0
                ],
                [
                    0.24838301539421082,
                    -0.823373556137085,
                    -0.5102565884590149,
                    0.0
                ],
                [
                    -0.7125422358512878,
                    -0.5121467709541321,
                    0.4795719385147095,
                    0.0
                ],
                [
                    0.19888152182102203,
                    -0.39927157759666443,
                    -0.09729816764593124,
                    1.0
                ]
            ],
            "location": [
                0.39927157759666443,
                -0.09729816764593124,
                -0.19888152182102203
            ],
            "location_world": [
                0.19888152182102203,
                -0.39927157759666443,
                -0.09729816764593124
            ],
            "name": "google_Tag_Dishtowel_Basket_Weave_Red_18_x_26_5",
            "projected_cuboid": [
                [
                    2280.0755500793457,
                    803.1237721443176
                ],
                [
                    2268.538236618042,
                    1073.224425315857
                ],
                [
                    1914.4325256347656,
                    1013.0109786987305
                ],
                [
                    1743.8671588897705,
                    771.1530923843384
                ],
                [
                    1276.031494140625,
                    130.27423620224
                ],
                [
                    1493.8021898269653,
                    434.0408444404602
                ],
                [
                    1347.0394611358643,
                    453.47756147384644
                ],
                [
                    1115.614891052246,
                    188.06827068328857
                ],
                [
                    1570.2742338180542,
                    537.1326208114624
                ]
            ],
            "provenance": "visii",
            "quaternion_xyzw": [
                0.37190473079681396,
                0.07359179854393005,
                0.7853758335113525,
                -0.4893423914909363
            ],
            "quaternion_xyzw_world": [
                -0.4146108329296112,
                -0.2971731722354889,
                0.8601073622703552,
                -0.0011397282360121608
            ],
            "segmentation_id": 6,
            "visibility": 0
        },
        {
            "bounding_box_minx_maxx_miny_maxy": [
                383,
                420,
                286,
                361
            ],
            "class": "FRACTION",
            "local_cuboid": null,
            "local_to_world_matrix": [
                [
                    -0.8766157627105713,
                    -0.11321872472763062,
                    -0.4676818251609802,
                    0.0
                ],
                [
                    -0.4811421036720276,
                    0.22008776664733887,
                    0.8485656976699829,
                    0.0
                ],
                [
                    0.006857529282569885,
                    0.968887448310852,
                    -0.2474067211151123,
                    0.0
                ],
                [
                    1.176658034324646,
                    -0.3254936635494232,
                    -0.18356537818908691,
                    1.0
                ]
            ],
            "location": [
                0.3254936635494232,
                -0.18356537818908691,
                -1.176658034324646
            ],
            "location_world": [
                1.176658034324646,
                -0.3254936635494232,
                -0.18356537818908691
            ],
            "name": "google_FRACTION_FUN_n4h4qte23QR_6",
            "projected_cuboid": [
                [
                    415.31211137771606,
                    416.24078154563904
                ],
                [
                    405.7541489601135,
                    338.7371301651001
                ],
                [
                    430.083692073822,
                    332.5611352920532
                ],
                [
                    437.71106004714966,
                    410.5757474899292
                ],
                [
                    386.55877113342285,
                    358.5314452648163
                ],
                [
                    376.0499954223633,
                    286.5319550037384
                ],
                [
                    397.2790539264679,
                    281.1281681060791
                ],
                [
                    406.30292892456055,
                    353.5228669643402
                ],
                [
                    406.05705976486206,
                    346.89727425575256
                ]
            ],
            "provenance": "visii",
            "quaternion_xyzw": [
                -0.2605333924293518,
                0.6599629521369934,
                0.08854108303785324,
                -0.6990934610366821
            ],
            "quaternion_xyzw_world": [
                -0.19410251080989838,
                0.7655243873596191,
                0.5935320854187012,
                0.15497198700904846
            ],
            "segmentation_id": 7,
            "visibility": 1
        },
        {
            "bounding_box_minx_maxx_miny_maxy": [
                -1,
                -1,
                -1,
                -1
            ],
            "class": "FAIRY",
            "local_cuboid": null,
            "local_to_world_matrix": [
                [
                    0.9106627702713013,
                    0.11676807701587677,
                    0.3963061571121216,
                    0.0
                ],
                [
                    0.0452505387365818,
                    0.9252691268920898,
                    -0.3766024708747864,
                    0.0
                ],
                [
                    -0.41066497564315796,
                    0.3608909249305725,
                    0.837324321269989,
                    0.0
                ],
                [
                    0.39642009139060974,
                    0.08598789572715759,
                    0.3798443675041199,
                    1.0
                ]
            ],
            "location": [
                -0.08598789572715759,
                0.3798443675041199,
                -0.39642009139060974
            ],
            "location_world": [
                0.39642009139060974,
                0.08598789572715759,
                0.3798443675041199
            ],
            "name": "google_FAIRY_TALE_BLOCKS_7",
            "projected_cuboid": [
                [
                    164.45273160934448,
                    -724.9615788459778
                ],
                [
                    -182.0167899131775,
                    -555.3953051567078
                ],
                [
                    -11.083245277404785,
                    -193.78262758255005
                ],
                [
                    276.45426988601685,
                    -323.90832901000977
                ],
                [
                    154.5960009098053,
                    -1585.6138467788696
                ],
                [
                    -584.6347212791443,
                    -1171.5807914733887
                ],
                [
                    -153.8141965866089,
                    -334.5181941986084
                ],
                [
                    360.618531703949,
                    -576.1743187904358
                ],
                [
                    32.94186294078827,
                    -563.6265873908997
                ]
            ],
            "provenance": "visii",
            "quaternion_xyzw": [
                -0.4607519209384918,
                0.28701069951057434,
                0.6899339556694031,
                0.4788774847984314
            ],
            "quaternion_xyzw_world": [
                -0.19239887595176697,
                -0.21052438020706177,
                0.01865764893591404,
                0.9582870602607727
            ],
            "segmentation_id": 8,
            "visibility": 0
        },
        {
            "bounding_box_minx_maxx_miny_maxy": [
                41,
                200,
                75,
                196
            ],
            "class": "Great",
            "local_cuboid": null,
            "local_to_world_matrix": [
                [
                    0.03327453136444092,
                    0.5507627725601196,
                    -0.8339983224868774,
                    0.0
                ],
                [
                    0.7403929233551025,
                    0.5469418168067932,
                    0.3907339572906494,
                    0.0
                ],
                [
                    0.6713502407073975,
                    -0.6304879188537598,
                    -0.38958168029785156,
                    0.0
                ],
                [
                    0.6470211148262024,
                    0.16367146372795105,
                    0.14613698422908783,
                    1.0
                ]
            ],
            "location": [
                -0.16367146372795105,
                0.14613698422908783,
                -0.6470211148262024
            ],
            "location_world": [
                0.6470211148262024,
                0.16367146372795105,
                0.14613698422908783
            ],
            "name": "google_Great_Jones_Wingtip_kAqSg6EgG0I_8",
            "projected_cuboid": [
                [
                    213.14246952533722,
                    255.45531511306763
                ],
                [
                    100.75163841247559,
                    166.4288341999054
                ],
                [
                    29.213890433311462,
                    123.0895072221756
                ],
                [
                    126.7085075378418,
                    206.08924329280853
                ],
                [
                    273.9409804344177,
                    163.08295726776123
                ],
                [
                    144.2720741033554,
                    99.15851056575775
                ],
                [
                    76.75524055957794,
                    48.855021595954895
                ],
                [
                    195.66886126995087,
                    100.05360841751099
                ],
                [
                    137.43643462657928,
                    140.77532291412354
                ]
            ],
            "provenance": "visii",
            "quaternion_xyzw": [
                -0.42715734243392944,
                0.8082152009010315,
                -0.3495277762413025,
                0.20531736314296722
            ],
            "quaternion_xyzw_world": [
                0.4679514765739441,
                0.6897914409637451,
                -0.08689364790916443,
                0.545581042766571
            ],
            "segmentation_id": 9,
            "visibility": 1
        },
        {
            "bounding_box_minx_maxx_miny_maxy": [
                305,
                381,
                464,
                500
            ],
            "class": "Ecoforms",
            "local_cuboid": null,
            "local_to_world_matrix": [
                [
                    -0.0620497465133667,
                    0.0008518099784851074,
                    -0.9980727434158325,
                    0.0
                ],
                [
                    0.9490247964859009,
                    0.3096805214881897,
                    -0.05873614549636841,
                    0.0
                ],
                [
                    0.30903366208076477,
                    -0.9508402943611145,
                    -0.02002406120300293,
                    0.0
                ],
                [
                    1.479473352432251,
                    -0.1573152095079422,
                    -0.6368111371994019,
                    1.0
                ]
            ],
            "location": [
                0.1573152095079422,
                -0.6368111371994019,
                -1.479473352432251
            ],
            "location_world": [
                1.479473352432251,
                -0.1573152095079422,
                -0.6368111371994019
            ],
            "name": "google_Ecoforms_Plant_Container_Quadra_Sand_QP6_9",
            "projected_cuboid": [
                [
                    395.8549499511719,
                    556.7339658737183
                ],
                [
                    357.5752377510071,
                    526.6532301902771
                ],
                [
                    299.3122339248657,
                    534.5643758773804
                ],
                [
                    331.4334750175476,
                    566.8094754219055
                ],
                [
                    394.73217725753784,
                    474.9985337257385
                ],
                [
                    356.85470700263977,
                    454.1969895362854
                ],
                [
                    299.0046441555023,
                    459.6538543701172
                ],
                [
                    330.8141827583313,
                    481.9376468658447
                ],
                [
                    345.17550468444824,
                    505.9342384338379
                ]
            ],
            "provenance": "visii",
            "quaternion_xyzw": [
                -0.5845763683319092,
                0.5592739582061768,
                -0.43317270278930664,
                0.39729660749435425
            ],
            "quaternion_xyzw_world": [
                0.40258345007896423,
                0.5898631811141968,
                -0.42788586020469666,
                0.5539870858192444
            ],
            "segmentation_id": 10,
            "visibility": 1
        },
        {
            "bounding_box_minx_maxx_miny_maxy": [
                -1,
                -1,
                -1,
                -1
            ],
            "class": "ReadytoUse",
            "local_cuboid": null,
            "local_to_world_matrix": [
                [
                    -0.8668094873428345,
                    -0.23473718762397766,
                    -0.43993160128593445,
                    0.0
                ],
                [
                    -0.49863579869270325,
                    0.4114494323730469,
                    0.7629362344741821,
                    0.0
                ],
                [
                    0.0019201040267944336,
                    0.8806860446929932,
                    -0.47369658946990967,
                    0.0
                ],
                [
                    0.1937679499387741,
                    -0.38848721981048584,
                    -0.3369789123535156,
                    1.0
                ]
            ],
            "location": [
                0.38848721981048584,
                -0.3369789123535156,
                -0.1937679499387741
            ],
            "location_world": [
                0.1937679499387741,
                -0.38848721981048584,
                -0.3369789123535156
            ],
            "name": "google_ReadytoUse_Rolled_Fondant_Pure_White_24_oz_box_10",
            "projected_cuboid": [
                [
                    1287.1028184890747,
                    2064.0883445739746
                ],
                [
                    1389.2195224761963,
                    2232.7969074249268
                ],
                [
                    2087.106704711914,
                    1863.9391660690308
                ],
                [
                    1873.3946084976196,
                    1753.7426948547363
                ],
                [
                    798.7277507781982,
                    1201.5202045440674
                ],
                [
                    804.0180206298828,
                    1204.4472694396973
                ],
                [
                    1187.149167060852,
                    1000.1015663146973
                ],
                [
                    1145.61128616333,
                    1016.5003538131714
                ],
                [
                    1226.744294166565,
                    1421.5847253799438
                ]
            ],
            "provenance": "visii",
            "quaternion_xyzw": [
                -0.3441369831562042,
                0.6184899806976318,
                0.010080672800540924,
                -0.7063556909561157
            ],
            "quaternion_xyzw_world": [
                -0.2210416942834854,
                0.8294509649276733,
                0.49539464712142944,
                0.13317595422267914
            ],
            "segmentation_id": 11,
            "visibility": 0
        },
        {
            "bounding_box_minx_maxx_miny_maxy": [
                -1,
                -1,
                -1,
                -1
            ],
            "class": "Dog",
            "local_cuboid": null,
            "local_to_world_matrix": [
                [
                    0.5474352240562439,
                    -0.6022080183029175,
                    0.5810853242874146,
                    0.0
                ],
                [
                    -0.28385692834854126,
                    -0.7868320941925049,
                    -0.5480148792266846,
                    0.0
                ],
                [
                    0.7872356176376343,
                    0.13505752384662628,
                    -0.6016805171966553,
                    0.0
                ],
                [
                    0.5372174382209778,
                    -0.44131234288215637,
                    0.5337628722190857,
                    1.0
                ]
            ],
            "location": [
                0.44131234288215637,
                0.5337628722190857,
                -0.5372174382209778
            ],
            "location_world": [
                0.5372174382209778,
                -0.44131234288215637,
                0.5337628722190857
            ],
            "name": "google_Dog_11",
            "projected_cuboid": [
                [
                    567.4018859863281,
                    -159.97010469436646
                ],
                [
                    710.9982371330261,
                    -105.4830253124237
                ],
                [
                    864.8787140846252,
                    -328.1158208847046
                ],
                [
                    672.4931597709656,
                    -377.4847984313965
                ],
                [
                    500.53638219833374,
                    -115.45926332473755
                ],
                [
                    668.4223413467407,
                    -45.6564724445343
                ],
                [
                    850.9857058525085,
                    -310.4071617126465
                ],
                [
                    611.3280057907104,
                    -374.148964881897
                ],
                [
                    670.4956293106079,
                    -214.65981006622314
                ]
            ],
            "provenance": "visii",
            "quaternion_xyzw": [
                0.8569508194923401,
                0.39906537532806396,
                -0.19910499453544617,
                0.25833967328071594
            ],
            "quaternion_xyzw_world": [
                0.8567304015159607,
                -0.25856003165245056,
                0.3992857336997986,
                -0.19932536780834198
            ],
            "segmentation_id": 12,
            "visibility": 0
        },
        {
            "bounding_box_minx_maxx_miny_maxy": [
                -1,
                -1,
                -1,
                -1
            ],
            "class": "Black",
            "local_cuboid": null,
            "local_to_world_matrix": [
                [
                    0.5827841758728027,
                    0.29381874203681946,
                    0.7576497793197632,
                    0.0
                ],
                [
                    0.5980857610702515,
                    -0.7862752676010132,
                    -0.15512779355049133,
                    0.0
                ],
                [
                    0.5501418113708496,
                    0.5435456037521362,
                    -0.6339576244354248,
                    0.0
                ],
                [
                    0.4163021445274353,
                    -0.48099005222320557,
                    0.19906103610992432,
                    1.0
                ]
            ],
            "location": [
                0.48099005222320557,
                0.19906103610992432,
                -0.4163021445274353
            ],
            "location_world": [
                0.4163021445274353,
                -0.48099005222320557,
                0.19906103610992432
            ],
            "name": "google_Black_Elderberry_Syrup_54_oz_Gaia_Herbs_12",
            "projected_cuboid": [
                [
                    701.6388177871704,
                    87.54986524581909
                ],
                [
                    724.4124412536621,
                    108.80257189273834
                ],
                [
                    914.0967130661011,
                    -39.42316770553589
                ],
                [
                    903.0874967575073,
                    -77.37535238265991
                ],
                [
                    756.1397552490234,
                    132.40930438041687
                ],
                [
                    776.5643000602722,
                    151.89650654792786
                ],
                [
                    991.3584589958191,
                    0.0880807638168335
                ],
                [
                    986.537754535675,
                    -37.51671314239502
                ],
                [
                    834.149420261383,
                    47.54701256752014
                ]
            ],
            "provenance": "visii",
            "quaternion_xyzw": [
                0.5940225124359131,
                0.649775505065918,
                -0.47402656078338623,
                0.015096977353096008
            ],
            "quaternion_xyzw_world": [
                0.8664607405662537,
                0.25734129548072815,
                0.3773372173309326,
                -0.20158828794956207
            ],
            "segmentation_id": 13,
            "visibility": 0
        },
        {
            "bounding_box_minx_maxx_miny_maxy": [
                48,
                105,
                65,
                95
            ],
