{
    "camera_data": {
        "camera_look_at": {
            "at": [
                1.0,
                0.0,
                0.0
            ],
            "eye": [
                0.0,
                0.0,
                0.0
            ],
            "up": [
                0.0,
                0.0,
                1.0
            ]
        },
        "camera_view_matrix": [
            [
                0.0,
                0.0,
                -1.0,
                0.0
            ],
            [
                -1.0,
                0.0,
                0.0,
                0.0
            ],
            [
                0.0,
                1.0,
                0.0,
                0.0
            ],
            [
                0.0,
                0.0,
                0.0,
                1.0
            ]
        ],
        "height": 500,
        "intrinsics": {
            "cx": 250.0,
            "cy": 250.0,
            "fx": 603.5535278320312,
            "fy": 603.5535278320312
        },
        "location_world": [
            0.0,
            0.0,
            0.0
        ],
        "quaternion_world_xyzw": [
            0.5,
            -0.5,
            -0.5,
            0.5
        ],
        "width": 500
    },
    "objects": [
        {
            "bounding_box_minx_maxx_miny_maxy": [
                261,
                388,
                1,
                116
            ],
            "class": "Reebok",
            "local_cuboid": null,
            "local_to_world_matrix": [
                [
                    -0.794137716293335,
                    -0.5640020370483398,
                    -0.22637808322906494,
                    0.0
                ],
                [
                    0.1880194991827011,
                    0.12621212005615234,
                    -0.9740222096443176,
                    0.0
                ],
                [
                    0.5779221653938293,
                    -0.8160712122917175,
                    0.005813539028167725,
                    0.0
                ],
                [
                    0.571723997592926,
                    -0.03953922912478447,
                    0.27940088510513306,
                    1.0
                ]
            ],
            "location": [
                0.03953922912478447,
                0.27940088510513306,
                -0.571723997592926
            ],
            "location_world": [
                0.571723997592926,
                -0.03953922912478447,
                0.27940088510513306
            ],
            "name": "google_Reebok_SOMERSET_RUN_0",
            "projected_cuboid": [
                [
                    446.6099739074707,
                    -186.73405051231384
                ],
                [
                    393.3296799659729,
                    128.77294421195984
                ],
                [
                    307.52402544021606,
                    114.83512818813324
                ],
                [
                    358.50828886032104,
                    -244.60306763648987
                ],
                [
                    361.18820309638977,
                    -150.5732536315918
                ],
                [
                    321.23374938964844,
                    122.36686050891876
                ],
                [
                    239.85883593559265,
                    109.7014844417572
                ],
                [
                    276.76254510879517,
                    -195.51613926887512
                ],
                [
                    336.6106152534485,
                    -29.019206762313843
                ]
            ],
            "provenance": "visii",
            "quaternion_xyzw": [
                -0.8826021552085876,
                0.09987235069274902,
                -0.4560970067977905,
                0.05490386486053467
            ],
            "quaternion_xyzw_world": [
                -0.1358644664287567,
                0.6918338537216187,
                -0.6468653678894043,
                0.2906406819820404
            ],
            "segmentation_id": 1,
            "visibility": 1
        },
        {
            "bounding_box_minx_maxx_miny_maxy": [
                -1,
                -1,
                -1,
                -1
            ],
            "class": "Breyer",
            "local_cuboid": null,
            "local_to_world_matrix": [
                [
                    -0.42002224922180176,
                    -0.34632548689842224,
                    -0.8388324975967407,
                    0.0
                ],
                [
                    0.8989962339401245,
                    -0.03244304656982422,
                    -0.43675294518470764,
                    0.0
                ],
                [
                    0.12404438853263855,
                    -0.9375532865524292,
                    0.32497215270996094,
                    0.0
                ],
                [
                    0.17800560593605042,
                    -0.2919023633003235,
                    -0.10971041023731232,
                    1.0
                ]
            ],
            "location": [
                0.2919023633003235,
                -0.10971041023731232,
                -0.17800560593605042
            ],
            "location_world": [
                0.17800560593605042,
                -0.2919023633003235,
                -0.10971041023731232
            ],
            "name": "google_Breyer_Horse_Of_The_Year_2015_1",
            "projected_cuboid": [
                [
                    2499.1116523742676,
                    952.0975351333618
                ],
                [
                    1855.2700281143188,
                    833.9056968688965
                ],
                [
                    1505.079984664917,
                    1090.3549194335938
                ],
                [
                    2094.308853149414,
                    1351.7576456069946
                ],
                [
                    1312.0362758636475,
                    127.74547934532166
                ],
                [
                    1116.9143915176392,
                    205.67657053470612
                ],
                [
                    844.2686200141907,
                    319.08273696899414
                ],
                [
                    988.6559844017029,
                    262.552946805954
                ],
                [
                    1392.4604654312134,
                    528.7783145904541
                ]
            ],
            "provenance": "visii",
            "quaternion_xyzw": [
                0.690493106842041,
                -0.2919614315032959,
                0.4915239214897156,
                -0.443150132894516
            ],
            "quaternion_xyzw_world": [
                -0.2680712044239044,
                -0.5154141783714294,
                0.6666028499603271,
                -0.46704035997390747
            ],
            "segmentation_id": 2,
            "visibility": 0
        },
        {
            "bounding_box_minx_maxx_miny_maxy": [
                5,
                106,
                1,
                101
            ],
            "class": "Smith",
            "local_cuboid": null,
            "local_to_world_matrix": [
                [
                    -0.3331843614578247,
                    0.8390626311302185,
                    -0.4300720691680908,
                    0.0
                ],
                [
                    -0.866666853427887,
                    -0.09290826320648193,
                    0.4901597499847412,
                    0.0
                ],
                [
                    0.3713175058364868,
                    0.5360428094863892,
                    0.758143424987793,
                    0.0
                ],
                [
                    1.6194748878479004,
                    0.5405008792877197,
                    0.5061364769935608,
                    1.0
                ]
            ],
            "location": [
                -0.5405008792877197,
                0.5061364769935608,
                -1.6194748878479004
            ],
            "location_world": [
                1.6194748878479004,
                0.5405008792877197,
                0.5061364769935608
            ],
            "name": "google_Smith_Hawken_Woven_BasketTray_Organizer_with_3_Compartments_95_x_9_x_13_2",
            "projected_cuboid": [
                [
                    -38.75863552093506,
                    56.51302635669708
                ],
                [
                    -71.02376222610474,
                    -20.505845546722412
                ],
                [
                    -33.14650058746338,
                    45.698076486587524
                ],
                [
                    -4.009038209915161,
                    118.48056316375732
                ],
                [
                    76.09188556671143,
                    19.329488277435303
                ],
                [
                    61.497777700424194,
                    -57.11430311203003
                ],
                [
                    104.898601770401,
                    1.6941577196121216
                ],
                [
                    114.90388214588165,
                    75.07382333278656
                ],
                [
                    28.713464736938477,
                    30.765995383262634
                ]
            ],
            "provenance": "visii",
            "quaternion_xyzw": [
                -0.10258542001247406,
                0.8216660022735596,
                0.49436452984809875,
                -0.26447099447250366
            ],
            "quaternion_xyzw_world": [
                -0.01987750269472599,
                0.3471789062023163,
                0.7389580607414246,
                0.5770725011825562
            ],
            "segmentation_id": 3,
            "visibility": 1
        },
        {
            "bounding_box_minx_maxx_miny_maxy": [
                327,
                400,
                103,
                188
            ],
            "class": "Paul",
            "local_cuboid": null,
            "local_to_world_matrix": [
                [
                    -0.42219090461730957,
                    -0.09445422887802124,
                    0.9015726447105408,
                    0.0
                ],
                [
                    0.8315944075584412,
                    -0.43624401092529297,
                    0.3437177240848541,
                    0.0
                ],
                [
                    0.3608401417732239,
                    0.8948572874069214,
                    0.2627258896827698,
                    0.0
                ],
                [
                    1.8562052249908447,
                    -0.4591771066188812,
                    0.3090974986553192,
                    1.0
                ]
            ],
            "location": [
                0.4591771066188812,
                0.3090974986553192,
                -1.8562052249908447
            ],
            "location_world": [
                1.8562052249908447,
                -0.4591771066188812,
                0.3090974986553192
            ],
            "name": "google_Paul_Frank_Dot_Lunch_Box_3",
            "projected_cuboid": [
                [
                    328.9329409599304,
                    95.5452173948288
                ],
                [
                    339.9915099143982,
                    91.12481772899628
                ],
                [
                    411.98959946632385,
                    103.8554459810257
                ],
                [
                    404.0844142436981,
                    109.13752019405365
                ],
                [
                    316.7327046394348,
                    177.84397304058075
                ],
                [
                    327.7251422405243,
                    170.0442135334015
                ],
                [
                    395.1055407524109,
                    185.42850017547607
                ],
                [
                    386.85959577560425,
                    194.3177580833435
                ],
                [
                    363.0411624908447,
                    141.87496900558472
                ]
            ],
            "provenance": "visii",
            "quaternion_xyzw": [
                0.52715665102005,
                0.6344492435455322,
                -0.2241583913564682,
                -0.5189729928970337
            ],
            "quaternion_xyzw_world": [
                0.4333956837654114,
                0.42521199584007263,
                0.7282102704048157,
                -0.31791937351226807
            ],
            "segmentation_id": 4,
            "visibility": 1
        },
        {
            "bounding_box_minx_maxx_miny_maxy": [
                0,
                40,
                423,
                484
            ],
            "class": "Toys",
            "local_cuboid": null,
            "local_to_world_matrix": [
                [
                    0.7060624957084656,
                    0.03824552893638611,
                    0.7071160674095154,
                    0.0
                ],
                [
                    -0.3641548752784729,
                    -0.8367891311645508,
                    0.40887150168418884,
                    0.0
                ],
                [
                    0.6073443293571472,
                    -0.5461885929107666,
                    -0.5768982172012329,
                    0.0
                ],
                [
                    1.5357612371444702,
                    0.6714653968811035,
                    -0.4860983192920685,
                    1.0
                ]
            ],
            "location": [
                -0.6714653968811035,
                -0.4860983192920685,
                -1.5357612371444702
            ],
            "location_world": [
                1.5357612371444702,
                0.6714653968811035,
                -0.4860983192920685
            ],
            "name": "google_Toys_R_Us_Treat_Dispenser_Smart_Puzzle_Foobler_4",
            "projected_cuboid": [
                [
                    19.019082188606262,
                    444.4342255592346
                ],
                [
                    58.15094709396362,
                    428.0751943588257
                ],
                [
                    14.325782656669617,
                    404.4976830482483
                ],
                [
                    -25.542020797729492,
                    422.6153790950775
                ],
                [
                    5.500167608261108,
                    498.9011585712433
                ],
                [
                    46.906664967536926,
                    483.36052894592285
                ],
                [
                    -0.934600830078125,
                    461.55649423599243
                ],
                [
                    -43.121665716171265,
                    478.86672616004944
                ],
                [
                    9.857162833213806,
                    452.29604840278625
                ]
            ],
            "provenance": "visii",
            "quaternion_xyzw": [
                0.5385692715644836,
                0.7166696190834045,
                -0.07421240210533142,
                0.43682998418807983
            ],
            "quaternion_xyzw_world": [
                0.8831406831741333,
                -0.09225861728191376,
                0.37209823727607727,
                0.27035897970199585
            ],
            "segmentation_id": 5,
            "visibility": 1
        },
        {
            "bounding_box_minx_maxx_miny_maxy": [
                -1,
                -1,
                -1,
                -1
            ],
            "class": "Tag",
            "local_cuboid": null,
            "local_to_world_matrix": [
                [
                    -0.3053724765777588,
                    -0.1841994822025299,
                    -0.9342473745346069,
                    0.0
                ],
                [
                    0.9046164751052856,
                    -0.3624846935272217,
                    -0.22421836853027344,
                    0.0
                ],
                [
                    -0.2973495423793793,
                    -0.9136056900024414,
                    0.27732276916503906,
                    0.0
                ],
                [
                    0.2529917359352112,
                    -0.48859620094299316,
                    -0.17974598705768585,
                    1.0
                ]
            ],
            "location": [
                0.48859620094299316,
                -0.17974598705768585,
                -0.2529917359352112
            ],
            "location_world": [
                0.2529917359352112,
                -0.48859620094299316,
                -0.17974598705768585
            ],
            "name": "google_Tag_Dishtowel_Basket_Weave_Red_18_x_26_5",
            "projected_cuboid": [
                [
                    2930.8853149414062,
                    1462.8825187683105
                ],
                [
                    1334.051251411438,
                    766.7511105537415
                ],
                [
                    1242.4131631851196,
                    768.1903839111328
                ],
                [
                    2544.149398803711,
                    1407.4571132659912
                ],
                [
                    1959.643006324768,
                    487.0375990867615
                ],
                [
                    1132.4570178985596,
                    437.7598166465759
                ],
                [
                    1058.6673021316528,
                    447.87418842315674
                ],
                [
                    1746.880054473877,
                    506.49070739746094
                ],
                [
                    1478.6731004714966,
                    675.57692527771
                ]
            ],
            "provenance": "visii",
            "quaternion_xyzw": [
                0.5270361304283142,
                -0.2712160646915436,
                0.5782232284545898,
                -0.560653805732727
            ],
            "quaternion_xyzw_world": [
                -0.44152846932411194,
                -0.4079108238220215,
                0.6973485350608826,
                -0.3903413712978363
            ],
            "segmentation_id": 6,
            "visibility": 0
        },
        {
            "bounding_box_minx_maxx_miny_maxy": [
                70,
                147,
                106,
                234
            ],
            "class": "FRACTION",
            "local_cuboid": null,
            "local_to_world_matrix": [
                [
                    -0.5505976676940918,
                    -0.6728620529174805,
                    0.49406373500823975,
                    0.0
                ],
                [
                    0.37115320563316345,
                    0.33281373977661133,
                    0.8668797016143799,
                    0.0
                ],
                [
                    -0.7477216720581055,
                    0.6606751680374146,
                    0.06648844480514526,
                    0.0
                ],
                [
                    1.1469730138778687,
                    0.26307371258735657,
                    0.15016067028045654,
                    1.0
                ]
            ],
            "location": [
                -0.26307371258735657,
                0.15016067028045654,
                -1.1469730138778687
            ],
            "location_world": [
                1.1469730138778687,
                0.26307371258735657,
                0.15016067028045654
            ],
            "name": "google_FRACTION_FUN_n4h4qte23QR_6",
            "projected_cuboid": [
                [
                    131.96629285812378,
                    183.04553627967834
                ],
                [
                    104.98762130737305,
                    97.44244813919067
                ],
                [
                    124.57369267940521,
                    103.39726507663727
                ],
                [
                    152.0145982503891,
                    186.75841391086578
                ],
                [
                    78.95997166633606,
                    235.1101189851761
                ],
                [
                    57.261377573013306,
                    153.34972739219666
                ],
                [
                    76.58196985721588,
                    157.34991431236267
                ],
                [
                    98.83733093738556,
                    237.04496026039124
                ],
                [
                    101.83227062225342,
                    169.06484961509705
                ]
            ],
            "provenance": "visii",
            "quaternion_xyzw": [
                0.12068638205528259,
                0.33402693271636963,
                -0.22802409529685974,
                -0.906568169593811
            ],
            "quaternion_xyzw_world": [
                -0.11191539466381073,
                0.6739664077758789,
                0.5666286945343018,
                -0.46062585711479187
            ],
            "segmentation_id": 7,
            "visibility": 1
        },
        {
            "bounding_box_minx_maxx_miny_maxy": [
                0,
                354,
                1,
                69
            ],
            "class": "FAIRY",
            "local_cuboid": null,
            "local_to_world_matrix": [
                [
                    0.3159726858139038,
                    0.10180877149105072,
                    -0.9432901740074158,
                    0.0
                ],
                [
                    -0.21437950432300568,
                    0.9761741757392883,
                    0.03354749083518982,
                    0.0
                ],
                [
                    0.9242308735847473,
                    0.19162195920944214,
                    0.33027011156082153,
                    0.0
                ],
                [
                    0.39025041460990906,
                    0.04238574951887131,
                    0.25456660985946655,
                    1.0
                ]
            ],
            "location": [
                -0.04238574951887131,
                0.25456660985946655,
                -0.39025041460990906
            ],
            "location_world": [
                0.39025041460990906,
                0.04238574951887131,
                0.25456660985946655
            ],
            "name": "google_FAIRY_TALE_BLOCKS_7",
            "projected_cuboid": [
                [
                    278.6633372306824,
                    62.54000961780548
                ],
                [
                    24.257048964500427,
                    36.168888211250305
                ],
                [
                    -27.451008558273315,
                    37.11773455142975
                ],
                [
                    347.9035198688507,
                    75.24342834949493
                ],
                [
                    308.4661662578583,
                    -203.15930247306824
                ],
                [
                    19.631415605545044,
                    -261.9621157646179
                ],
                [
                    -47.56161570549011,
                    -451.1446952819824
                ],
                [
                    408.15839171409607,
                    -332.1075439453125
                ],
                [
                    171.94266617298126,
                    -105.50591349601746
                ]
            ],
            "provenance": "visii",
            "quaternion_xyzw": [
                -0.6687440872192383,
                0.7175630927085876,
                0.18975669145584106,
                0.04332398995757103
            ],
            "quaternion_xyzw_world": [
                -0.04880685731768608,
                0.5766132473945618,
                0.09762585908174515,
                0.8096939325332642
            ],
            "segmentation_id": 8,
            "visibility": 1
        },
        {
            "bounding_box_minx_maxx_miny_maxy": [
                210,
                273,
                1,
                47
            ],
            "class": "Great",
            "local_cuboid": null,
            "local_to_world_matrix": [
                [
                    0.4097111225128174,
                    -0.2881617546081543,
                    0.8655053973197937,
                    0.0
                ],
                [
                    0.6561849117279053,
                    0.7521960139274597,
                    -0.06018701195716858,
                    0.0
                ],
                [
                    -0.6336861252784729,
                    0.5925909280776978,
                    0.49727046489715576,
                    0.0
                ],
                [
                    1.1646584272384644,
                    -0.08692954480648041,
                    0.442218542098999,
                    1.0
                ]
            ],
            "location": [
                0.08692954480648041,
                0.442218542098999,
                -1.1646584272384644
            ],
            "location_world": [
                1.1646584272384644,
                -0.08692954480648041,
                0.442218542098999
            ],
            "name": "google_Great_Jones_Wingtip_kAqSg6EgG0I_8",
            "projected_cuboid": [
                [
                    341.13362431526184,
                    -81.44590258598328
                ],
                [
                    209.48302745819092,
                    -16.409695148468018
                ],
                [
                    243.2873696088791,
                    24.944543838500977
                ],
                [
                    372.5716471672058,
                    -27.968257665634155
                ],
                [
                    325.4278302192688,
                    -36.992400884628296
                ],
                [
                    191.40157103538513,
                    22.807776927947998
                ],
                [
                    227.49164700508118,
                    63.405007123947144
                ],
                [
                    359.333336353302,
                    15.747681260108948
                ],
                [
                    278.4915268421173,
                    -1.6007423400878906
                ]
            ],
            "provenance": "visii",
            "quaternion_xyzw": [
                -0.4226886034011841,
                -0.06701703369617462,
                0.5928134918212891,
                0.6822134852409363
            ],
            "quaternion_xyzw_world": [
                -0.20015284419059753,
                -0.45967769622802734,
                -0.28955280780792236,
                0.815349280834198
            ],
            "segmentation_id": 9,
            "visibility": 1
        },
        {
            "bounding_box_minx_maxx_miny_maxy": [
                105,
                191,
                341,
                465
            ],
            "class": "Ecoforms",
            "local_cuboid": null,
            "local_to_world_matrix": [
                [
                    -0.015284061431884766,
                    -0.4303739070892334,
                    -0.9025213718414307,
                    0.0
                ],
                [
                    0.07273609936237335,
                    -0.9007139205932617,
                    0.428280234336853,
                    0.0
                ],
                [
                    -0.9972341060638428,
                    -0.059100061655044556,
                    0.04507017135620117,
                    0.0
                ],
                [
                    1.3680633306503296,
                    0.24916432797908783,
                    -0.30968177318573,
                    1.0
                ]
            ],
            "location": [
                -0.24916432797908783,
                -0.30968177318573,
                -1.3680633306503296
            ],
            "location_world": [
                1.3680633306503296,
                0.24916432797908783,
                -0.30968177318573
            ],
            "name": "google_Ecoforms_Plant_Container_Quadra_Sand_QP6_9",
            "projected_cuboid": [
                [
                    106.20833933353424,
                    467.0860171318054
                ],
                [
                    193.59935820102692,
                    423.8264560699463
                ],
                [
                    196.12370431423187,
                    405.8957099914551
                ],
                [
                    119.55972015857697,
                    443.6261057853699
                ],
                [
                    65.16686081886292,
                    379.75627183914185
                ],
                [
                    152.81714498996735,
                    337.60032057762146
                ],
                [
                    160.31548380851746,
                    330.23524284362793
                ],
                [
                    83.55151116847992,
                    367.1171963214874
                ],
                [
                    135.2086365222931,
                    393.73689889907837
                ]
            ],
            "provenance": "visii",
            "quaternion_xyzw": [
                0.034855231642723083,
                -0.012963801622390747,
                0.5335213541984558,
                -0.8449686765670776
            ],
            "quaternion_xyzw_world": [
                -0.6782993078231812,
                0.1318141520023346,
                0.7001907229423523,
                -0.17963320016860962
            ],
            "segmentation_id": 10,
            "visibility": 1
        },
        {
            "bounding_box_minx_maxx_miny_maxy": [
                -1,
                -1,
                -1,
                -1
            ],
            "class": "ReadytoUse",
            "local_cuboid": null,
            "local_to_world_matrix": [
                [
                    -0.14367592334747314,
                    0.5477845668792725,
                    -0.8241900205612183,
                    0.0
                ],
                [
                    0.014963597059249878,
                    -0.8315331935882568,
                    -0.5552735328674316,
                    0.0
                ],
                [
                    -0.9895116090774536,
                    -0.09211224317550659,
                    0.11127448081970215,
                    0.0
                ],
                [
                    0.32976627349853516,
                    -0.42166534066200256,
                    -0.34508535265922546,
                    1.0
                ]
            ],
            "location": [
                0.42166534066200256,
                -0.34508535265922546,
                -0.32976627349853516
            ],
            "location_world": [
                0.32976627349853516,
                -0.42166534066200256,
                -0.34508535265922546
            ],
            "name": "google_ReadytoUse_Rolled_Fondant_Pure_White_24_oz_box_10",
            "projected_cuboid": [
                [
                    1755.2447319030762,
                    1673.0934381484985
                ],
                [
                    1907.6261520385742,
                    1772.8612422943115
                ],
                [
                    1017.7717208862305,
                    1017.3931121826172
                ],
                [
                    942.6521062850952,
                    967.8144454956055
                ],
                [
                    1836.480975151062,
                    1174.4461059570312
                ],
                [
                    1973.0281829833984,
                    1266.2051916122437
                ],
                [
                    1096.8701839447021,
                    799.2064952850342
                ],
                [
                    1025.805950164795,
                    751.7164349555969
                ],
                [
                    1302.3813962936401,
                    1071.9897747039795
                ]
            ],
            "provenance": "visii",
            "quaternion_xyzw": [
                0.06703970581293106,
                0.027383267879486084,
                0.8792851567268372,
                -0.4707582890987396
            ],
            "quaternion_xyzw_world": [
                -0.6278102397918701,
                -0.22409166395664215,
                0.722233235836029,
                0.18443521857261658
            ],
            "segmentation_id": 11,
            "visibility": 0
        },
        {
            "bounding_box_minx_maxx_miny_maxy": [
                -1,
                -1,
                -1,
                -1
            ],
            "class": "Dog",
            "local_cuboid": null,
            "local_to_world_matrix": [
                [
                    0.990093469619751,
                    0.09731680899858475,
                    -0.10121459513902664,
                    0.0
                ],
                [
                    -0.13570208847522736,
                    0.4781176447868347,
                    -0.8677490949630737,
                    0.0
                ],
                [
                    -0.0360540971159935,
                    0.8728877305984497,
                    0.4865872263908386,
                    0.0
                ],
                [
                    0.5069450736045837,
                    -0.287068247795105,
                    0.2735742926597595,
                    1.0
                ]
            ],
            "location": [
                0.287068247795105,
                0.2735742926597595,
                -0.5069450736045837
            ],
            "location_world": [
                0.5069450736045837,
                -0.287068247795105,
                0.2735742926597595
            ],
            "name": "google_Dog_11",
            "projected_cuboid": [
                [
                    389.7833526134491,
                    -170.70648074150085
                ],
                [
                    306.7418038845062,
                    -26.97277069091797
                ],
                [
                    477.7522683143616,
                    71.98193669319153
                ],
                [
                    553.0731081962585,
                    -74.05546307563782
                ],
                [
                    504.15563583374023,
                    -447.81333208084106
                ],
                [
                    377.9083490371704,
                    -234.63284969329834
                ],
                [
                    650.4632234573364,
                    -72.23734259605408
                ],
                [
                    757.5693726539612,
                    -291.7326092720032
                ],
                [
                    488.1916344165802,
                    -133.533775806427
                ]
            ],
            "provenance": "visii",
            "quaternion_xyzw": [
                -0.6584789752960205,
                0.21995092928409576,
                0.7073047161102295,
                0.13321803510189056
            ],
            "quaternion_xyzw_world": [
                -0.5063073635101318,
                0.01895354688167572,
                0.06777932494878769,
                0.8594763278961182
            ],
            "segmentation_id": 12,
            "visibility": 0
        },
        {
            "bounding_box_minx_maxx_miny_maxy": [
                -1,
                -1,
                -1,
                -1
            ],
            "class": "Black",
            "local_cuboid": null,
            "local_to_world_matrix": [
                [
                    0.7476757764816284,
                    0.6035183072090149,
                    -0.27703195810317993,
                    0.0
                ],
                [
                    0.6079942584037781,
                    -0.7899082899093628,
                    -0.0799240693449974,
                    0.0
                ],
                [
                    -0.26706546545028687,
                    -0.10867654532194138,
                    -0.9575309753417969,
                    0.0
                ],
                [
                    0.30333411693573,
                    -0.3377760350704193,
                    0.3247104585170746,
                    1.0
                ]
            ],
            "location": [
                0.3377760350704193,
                0.3247104585170746,
                -0.30333411693573
            ],
            "location_world": [
                0.30333411693573,
                -0.3377760350704193,
                0.3247104585170746
            ],
            "name": "google_Black_Elderberry_Syrup_54_oz_Gaia_Herbs_12",
            "projected_cuboid": [
                [
                    954.9964070320129,
                    -155.8941900730133
                ],
                [
                    964.3529653549194,
                    -98.52716326713562
                ],
                [
                    855.7775616645813,
                    -303.8617968559265
                ],
                [
                    834.8850607872009,
                    -378.03226709365845
                ],
                [
                    1181.0970306396484,
                    -275.28560161590576
                ],
                [
                    1160.8810424804688,
                    -192.11167097091675
                ],
                [
                    1011.4471912384033,
                    -414.5994782447815
                ],
                [
                    1008.3590745925903,
                    -515.8419609069824
                ],
                [
                    984.810471534729,
                    -292.527437210083
                ]
            ],
            "provenance": "visii",
            "quaternion_xyzw": [
                0.22876866161823273,
                0.5604749917984009,
                -0.6983029246330261,
                0.3819761276245117
            ],
            "quaternion_xyzw_world": [
                0.9347613453865051,
                0.3240165412425995,
                -0.1455177366733551,
                0.007689789403229952
            ],
            "segmentation_id": 13,
            "visibility": 0
        },
        {
            "bounding_box_minx_maxx_miny_maxy": [
                12,
                24,
                126,
                150
            ],
