{
    "camera_data": {
        "camera_look_at": {
            "at": [
                1.0,
                0.0,
                0.0
            ],
            "eye": [
                0.0,
                0.0,
                0.0
            ],
            "up": [
                0.0,
                0.0,
                1.0
            ]
        },
        "camera_view_matrix": [
            [
                0.0,
                0.0,
                -1.0,
                0.0
            ],
            [
                -1.0,
                0.0,
                0.0,
                0.0
            ],
            [
                0.0,
                1.0,
                0.0,
                0.0
            ],
            [
                0.0,
                0.0,
                0.0,
                1.0
            ]
        ],
        "height": 500,
        "intrinsics": {
            "cx": 250.0,
            "cy": 250.0,
            "fx": 603.5535278320312,
            "fy": 603.5535278320312
        },
        "location_world": [
            0.0,
            0.0,
            0.0
        ],
        "quaternion_world_xyzw": [
            0.5,
            -0.5,
            -0.5,
            0.5
        ],
        "width": 500
    },
    "objects": [
        {
            "bounding_box_minx_maxx_miny_maxy": [
                336,
                440,
                1,
                48
            ],
            "class": "Reebok",
            "local_cuboid": null,
            "local_to_world_matrix": [
                [
                    -0.13946092128753662,
                    0.9519951343536377,
                    -0.2724994421005249,
                    0.0
                ],
                [
                    0.5507456064224243,
                    -0.15412795543670654,
                    -0.8203193545341492,
                    0.0
                ],
                [
                    -0.8229398727416992,
                    -0.2644802927970886,
                    -0.502812385559082,
                    0.0
                ],
                [
                    0.5795935988426208,
                    -0.12411171942949295,
                    0.35419389605522156,
                    1.0
                ]
            ],
            "location": [
                0.12411171942949295,
                0.35419389605522156,
                -0.5795935988426208
            ],
            "location_world": [
                0.5795935988426208,
                -0.12411171942949295,
                0.35419389605522156
            ],
            "name": "google_Reebok_SOMERSET_RUN_0",
            "projected_cuboid": [
                [
                    369.76033449172974,
                    -361.0536456108093
                ],
                [
                    383.98611545562744,
                    76.03886723518372
                ],
                [
                    335.9542191028595,
                    47.50797152519226
                ],
                [
                    308.7344169616699,
                    -313.9253854751587
                ],
                [
                    522.8166580200195,
                    -382.7962279319763
                ],
                [
                    493.56573820114136,
                    48.400819301605225
                ],
                [
                    430.99480867385864,
                    24.494528770446777
                ],
                [
                    434.83829498291016,
                    -333.03338289260864
                ],
                [
                    408.2196354866028,
                    -118.90378594398499
                ]
            ],
            "provenance": "visii",
            "quaternion_xyzw": [
                -0.10651807487010956,
                0.27782005071640015,
                -0.9480577707290649,
                0.11250035464763641
            ],
            "quaternion_xyzw_world": [
                0.6159300804138184,
                0.6099478006362915,
                -0.4446280896663666,
                -0.2256096452474594
            ],
            "segmentation_id": 1,
            "visibility": 1
        },
        {
            "bounding_box_minx_maxx_miny_maxy": [
                -1,
                -1,
                -1,
                -1
            ],
            "class": "Breyer",
            "local_cuboid": null,
            "local_to_world_matrix": [
                [
                    -0.15762579441070557,
                    0.10182060301303864,
                    -0.9822354912757874,
                    0.0
                ],
                [
                    -0.37450647354125977,
                    0.9141996502876282,
                    0.15486738085746765,
                    0.0
                ],
                [
                    0.9137280583381653,
                    0.3922646939754486,
                    -0.10596895217895508,
                    0.0
                ],
                [
                    0.35941821336746216,
                    -0.3457752466201782,
                    -0.13540931046009064,
                    1.0
                ]
            ],
            "location": [
                0.3457752466201782,
                -0.13540931046009064,
                -0.35941821336746216
            ],
            "location_world": [
                0.35941821336746216,
                -0.3457752466201782,
                -0.13540931046009064
            ],
            "name": "google_Breyer_Horse_Of_The_Year_2015_1",
            "projected_cuboid": [
                [
                    613.05832862854,
                    583.2809209823608
                ],
                [
                    561.7703199386597,
                    587.1472358703613
                ],
                [
                    805.5660128593445,
                    701.2351751327515
                ],
                [
                    862.3247146606445,
                    688.7640953063965
                ],
                [
                    614.9166822433472,
                    299.55652356147766
                ],
                [
                    567.4146413803101,
                    290.9841239452362
                ],
                [
                    788.9899015426636,
                    279.83367443084717
                ],
                [
                    841.3166999816895,
                    292.1406924724579
                ],
                [
                    688.126802444458,
                    453.8027048110962
                ]
            ],
            "provenance": "visii",
            "quaternion_xyzw": [
                -0.64363032579422,
                0.7366165518760681,
                0.09113885462284088,
                -0.1866270899772644
            ],
            "quaternion_xyzw_world": [
                -0.09238984435796738,
                0.7378675937652588,
                0.1853760927915573,
                0.6423793435096741
            ],
            "segmentation_id": 2,
            "visibility": 0
        },
        {
            "bounding_box_minx_maxx_miny_maxy": [
                39,
                123,
                1,
                73
            ],
            "class": "Smith",
            "local_cuboid": null,
            "local_to_world_matrix": [
                [
                    -0.9830915927886963,
                    -0.16636738181114197,
                    0.07650488615036011,
                    0.0
                ],
                [
                    0.085556261241436,
                    -0.047927141189575195,
                    0.9951799511909485,
                    0.0
                ],
                [
                    -0.16189883649349213,
                    0.9848983883857727,
                    0.061350464820861816,
                    0.0
                ],
                [
                    1.815335750579834,
                    0.3908895254135132,
                    0.6705276370048523,
                    1.0
                ]
            ],
            "location": [
                -0.3908895254135132,
                0.6705276370048523,
                -1.815335750579834
            ],
            "location_world": [
                1.815335750579834,
                0.3908895254135132,
                0.6705276370048523
            ],
            "name": "google_Smith_Hawken_Woven_BasketTray_Organizer_with_3_Compartments_95_x_9_x_13_2",
            "projected_cuboid": [
                [
                    9.128674864768982,
                    32.47949481010437
                ],
                [
                    17.07252860069275,
                    -60.8612596988678
                ],
                [
                    120.09838223457336,
                    -46.624183654785156
                ],
                [
                    113.76190185546875,
                    44.41314935684204
                ],
                [
                    34.51518714427948,
                    80.87806403636932
                ],
                [
                    40.736451745033264,
                    3.881782293319702
                ],
                [
                    125.01251697540283,
                    14.192938804626465
                ],
                [
                    119.86470222473145,
                    89.61327373981476
                ],
                [
                    73.8578736782074,
                    22.265136241912842
                ]
            ],
            "provenance": "visii",
            "quaternion_xyzw": [
                0.048188716173172,
                0.6455450057983398,
                -0.009374182671308517,
                -0.7621427178382874
            ],
            "quaternion_xyzw_world": [
                -0.029517389833927155,
                0.6844366192817688,
                0.7232511639595032,
                -0.08708027750253677
            ],
            "segmentation_id": 3,
            "visibility": 1
        },
        {
            "bounding_box_minx_maxx_miny_maxy": [
                430,
                497,
                134,
                191
            ],
            "class": "Paul",
            "local_cuboid": null,
            "local_to_world_matrix": [
                [
                    0.9957168102264404,
                    0.08105404675006866,
                    -0.04447782784700394,
                    0.0
                ],
                [
                    -2.2862106561660767e-05,
                    0.4812881350517273,
                    0.8765624165534973,
                    0.0
                ],
                [
                    0.09245558828115463,
                    -0.872806966304779,
                    0.47922855615615845,
                    0.0
                ],
                [
                    1.8454376459121704,
                    -0.6040691137313843,
                    0.22809454798698425,
                    1.0
                ]
            ],
            "location": [
                0.6040691137313843,
                0.22809454798698425,
                -1.8454376459121704
            ],
            "location_world": [
                1.8454376459121704,
                -0.6040691137313843,
                0.22809454798698425
            ],
            "name": "google_Paul_Frank_Dot_Lunch_Box_3",
            "projected_cuboid": [
                [
                    498.183935880661,
                    163.59713673591614
                ],
                [
                    482.4974536895752,
                    135.0269317626953
                ],
                [
                    423.1945276260376,
                    167.7258163690567
                ],
                [
                    439.0513002872467,
                    196.60598039627075
                ],
                [
                    543.1007146835327,
                    146.4708149433136
                ],
                [
                    525.0444412231445,
                    113.58436942100525
                ],
                [
                    457.2025537490845,
                    151.0167419910431
                ],
                [
                    475.48478841781616,
                    184.31460857391357
                ],
                [
                    479.2590141296387,
                    157.78762102127075
                ]
            ],
            "provenance": "visii",
            "quaternion_xyzw": [
                -0.1836022287607193,
                0.715903639793396,
                0.16735893487930298,
                0.6525053381919861
            ],
            "quaternion_xyzw_world": [
                0.5087239146232605,
                0.03982080891728401,
                0.023577503859996796,
                0.8596850633621216
            ],
            "segmentation_id": 4,
            "visibility": 1
        },
        {
            "bounding_box_minx_maxx_miny_maxy": [
                130,
                180,
                233,
                270
            ],
            "class": "Toys",
            "local_cuboid": null,
            "local_to_world_matrix": [
                [
                    0.3563591241836548,
                    -0.0327475368976593,
                    0.9337750673294067,
                    0.0
                ],
                [
                    -0.9258431196212769,
                    0.12216764688491821,
                    0.3576165437698364,
                    0.0
                ],
                [
                    -0.12578821182250977,
                    -0.991969108581543,
                    0.013216495513916016,
                    0.0
                ],
                [
                    1.8430672883987427,
                    0.3628179430961609,
                    0.016669215634465218,
                    1.0
                ]
            ],
            "location": [
                -0.3628179430961609,
                0.016669215634465218,
                -1.8430672883987427
            ],
            "location_world": [
                1.8430672883987427,
                0.3628179430961609,
                0.016669215634465218
            ],
            "name": "google_Toys_R_Us_Treat_Dispenser_Smart_Puzzle_Foobler_4",
            "projected_cuboid": [
                [
                    187.6208782196045,
                    230.09854555130005
                ],
                [
                    176.252543926239,
                    209.84408259391785
                ],
                [
                    125.98374485969543,
                    210.95514297485352
                ],
                [
                    140.92770218849182,
                    230.9267371892929
                ],
                [
                    184.14154648780823,
                    276.2054204940796
                ],
                [
                    172.12238907814026,
                    259.11223888397217
                ],
                [
                    120.31026184558868,
                    259.71317291259766
                ],
                [
                    136.11942529678345,
                    276.5860855579376
                ],
                [
                    155.60230612754822,
                    244.18574571609497
                ]
            ],
            "provenance": "visii",
            "quaternion_xyzw": [
                0.3705883026123047,
                0.5475127696990967,
                0.4287843704223633,
                0.6156606674194336
            ],
            "quaternion_xyzw_world": [
                0.5524886846542358,
                -0.43376031517982483,
                0.3656123876571655,
                0.6106847524642944
            ],
            "segmentation_id": 5,
            "visibility": 1
        },
        {
            "bounding_box_minx_maxx_miny_maxy": [
                -1,
                -1,
                -1,
                -1
            ],
            "class": "Tag",
            "local_cuboid": null,
            "local_to_world_matrix": [
                [
                    0.13277184963226318,
                    -0.15464282035827637,
                    -0.9790083169937134,
                    0.0
                ],
                [
                    0.7374122738838196,
                    -0.644585132598877,
                    0.2018246352672577,
                    0.0
                ],
                [
                    -0.6622648239135742,
                    -0.7487293481826782,
                    0.028452754020690918,
                    0.0
                ],
                [
                    0.23314307630062103,
                    -0.4232657849788666,
                    -0.16496752202510834,
                    1.0
                ]
            ],
            "location": [
                0.4232657849788666,
                -0.16496752202510834,
                -0.23314307630062103
            ],
            "location_world": [
                0.23314307630062103,
                -0.4232657849788666,
                -0.16496752202510834
            ],
            "name": "google_Tag_Dishtowel_Basket_Weave_Red_18_x_26_5",
            "projected_cuboid": [
                [
                    1976.7866134643555,
                    1457.2091102600098
                ],
                [
                    1306.0506582260132,
                    689.606785774231
                ],
                [
                    1184.562087059021,
                    660.6969833374023
                ],
                [
                    1625.8642673492432,
                    1285.1407527923584
                ],
                [
                    2182.370185852051,
                    805.9759736061096
                ],
                [
                    1334.1398239135742,
                    370.5286383628845
                ],
                [
                    1201.603651046753,
                    363.4311556816101
                ],
                [
                    1738.019585609436,
                    715.8989906311035
                ],
                [
                    1438.4838342666626,
                    697.6673603057861
                ]
            ],
            "provenance": "visii",
            "quaternion_xyzw": [
                -0.2695149779319763,
                0.31020838022232056,
                -0.5713574886322021,
                0.7104105353355408
            ],
            "quaternion_xyzw_world": [
                0.6612306833267212,
                0.22033515572547913,
                -0.620537281036377,
                0.35938820242881775
            ],
            "segmentation_id": 6,
            "visibility": 0
        },
        {
            "bounding_box_minx_maxx_miny_maxy": [
                301,
                375,
                184,
                242
            ],
            "class": "FRACTION",
            "local_cuboid": null,
            "local_to_world_matrix": [
                [
                    0.20214784145355225,
                    0.6569586992263794,
                    0.7263208031654358,
                    0.0
                ],
                [
                    -0.6841336488723755,
                    0.6254047751426697,
                    -0.3752734363079071,
                    0.0
                ],
                [
                    -0.7007836699485779,
                    -0.4210396111011505,
                    0.5758715867996216,
                    0.0
                ],
                [
                    1.708870530128479,
                    -0.24720090627670288,
                    0.11168172210454941,
                    1.0
                ]
            ],
            "location": [
                0.24720090627670288,
                0.11168172210454941,
                -1.708870530128479
            ],
            "location_world": [
                1.708870530128479,
                -0.24720090627670288,
                0.11168172210454941
            ],
            "name": "google_FRACTION_FUN_n4h4qte23QR_6",
            "projected_cuboid": [
                [
                    341.6149318218231,
                    169.10988092422485
                ],
                [
                    305.1132559776306,
                    188.95667791366577
                ],
                [
                    297.3998486995697,
                    199.24190640449524
                ],
                [
                    333.8334262371063,
                    178.99206280708313
                ],
                [
                    383.76039266586304,
                    211.965411901474
                ],
                [
                    349.86621141433716,
                    235.72784662246704
                ],
                [
                    341.1405086517334,
                    245.354562997818
                ],
                [
                    375.08538365364075,
                    221.297949552536
                ],
                [
                    341.38715267181396,
                    205.72251081466675
                ]
            ],
            "provenance": "visii",
            "quaternion_xyzw": [
                0.06620301306247711,
                0.3810845613479614,
                0.8265917897224426,
                0.4088250994682312
            ],
            "quaternion_xyzw_world": [
                0.014760435558855534,
                -0.46026766300201416,
                0.4325271546840668,
                0.7751492261886597
            ],
            "segmentation_id": 7,
            "visibility": 1
        },
        {
            "bounding_box_minx_maxx_miny_maxy": [
                -1,
                -1,
                -1,
                -1
            ],
            "class": "FAIRY",
            "local_cuboid": null,
            "local_to_world_matrix": [
                [
                    0.9836718440055847,
                    0.003056790679693222,
                    -0.17994531989097595,
                    0.0
                ],
                [
                    -0.07383234798908234,
                    0.9186978936195374,
                    -0.3879987597465515,
                    0.0
                ],
                [
                    0.1641293466091156,
                    0.3949492573738098,
                    0.9039229154586792,
                    0.0
                ],
                [
                    0.41280046105384827,
                    0.054046157747507095,
                    0.3294164538383484,
                    1.0
                ]
            ],
            "location": [
                -0.054046157747507095,
                0.3294164538383484,
                -0.41280046105384827
            ],
            "location_world": [
                0.41280046105384827,
                0.054046157747507095,
                0.3294164538383484
            ],
            "name": "google_FAIRY_TALE_BLOCKS_7",
            "projected_cuboid": [
                [
                    228.4262776374817,
                    -331.0897946357727
                ],
                [
                    -33.741503953933716,
                    -240.91127514839172
                ],
                [
                    47.68155515193939,
                    -43.51499676704407
                ],
                [
                    324.5372474193573,
                    -146.8372344970703
                ],
                [
                    214.23080563545227,
                    -829.4185400009155
                ],
                [
                    -249.34729933738708,
                    -700.8756399154663
                ],
                [
                    -125.5578100681305,
                    -392.6199674606323
                ],
                [
                    386.2927556037903,
                    -556.784987449646
                ],
                [
                    112.88082599639893,
                    -351.1740565299988
                ]
            ],
            "provenance": "visii",
            "quaternion_xyzw": [
                -0.6223085522651672,
                0.4413580000400543,
                0.553833544254303,
                0.3334723711013794
            ],
            "quaternion_xyzw_world": [
                -0.20065583288669586,
                0.0881802961230278,
                0.019705338403582573,
                0.9754862189292908
            ],
            "segmentation_id": 8,
            "visibility": 0
        },
        {
            "bounding_box_minx_maxx_miny_maxy": [
                181,
                276,
                1,
                198
            ],
            "class": "Great",
            "local_cuboid": null,
            "local_to_world_matrix": [
                [
                    0.8531562685966492,
                    0.24768947064876556,
                    0.45910167694091797,
                    0.0
                ],
                [
                    -0.4809555411338806,
                    0.03268152475357056,
                    0.8761357069015503,
                    0.0
                ],
                [
                    0.20200540125370026,
                    -0.9682881832122803,
                    0.14701008796691895,
                    0.0
                ],
                [
                    0.7645546793937683,
                    0.07246148586273193,
                    0.19772301614284515,
                    1.0
                ]
            ],
            "location": [
                -0.07246148586273193,
                0.19772301614284515,
                -0.7645546793937683
            ],
            "location_world": [
                0.7645546793937683,
                0.07246148586273193,
                0.19772301614284515
            ],
            "name": "google_Great_Jones_Wingtip_kAqSg6EgG0I_8",
            "projected_cuboid": [
                [
                    269.222617149353,
                    181.53606355190277
                ],
                [
                    264.91984724998474,
                    -49.0935742855072
                ],
                [
                    175.19107460975647,
                    -44.72443461418152
                ],
                [
                    194.78526711463928,
                    191.13975763320923
                ],
                [
                    291.86269640922546,
                    211.38036251068115
                ],
                [
                    292.05459356307983,
                    -45.42720317840576
                ],
                [
                    190.03376364707947,
                    -40.281057357788086
                ],
                [
                    209.16368067264557,
                    223.00028800964355
                ],
                [
                    236.46366596221924,
                    89.77445960044861
                ]
            ],
            "provenance": "visii",
            "quaternion_xyzw": [
                0.1398036777973175,
                0.7625337243080139,
                0.2058812975883484,
                0.597168505191803
            ],
            "quaternion_xyzw_world": [
                0.6468123197555542,
                -0.09015987813472748,
                0.2555250823497772,
                0.7128899097442627
            ],
            "segmentation_id": 9,
            "visibility": 1
        },
        {
            "bounding_box_minx_maxx_miny_maxy": [
                206,
                309,
                439,
                500
            ],
            "class": "Ecoforms",
            "local_cuboid": null,
            "local_to_world_matrix": [
                [
                    0.5937689542770386,
                    -0.3563617467880249,
                    0.7214184999465942,
                    0.0
                ],
                [
                    -0.6092592477798462,
                    -0.7847622632980347,
                    0.11380352079868317,
                    0.0
                ],
                [
                    0.5255868434906006,
                    -0.5071039199829102,
                    -0.68308424949646,
                    0.0
                ],
                [
                    1.3876653909683228,
                    0.04330476000905037,
                    -0.49037158489227295,
                    1.0
                ]
            ],
            "location": [
                -0.04330476000905037,
                -0.49037158489227295,
                -1.3876653909683228
            ],
            "location_world": [
                1.3876653909683228,
                0.04330476000905037,
                -0.49037158489227295
            ],
            "name": "google_Ecoforms_Plant_Container_Quadra_Sand_QP6_9",
            "projected_cuboid": [
                [
                    250.5417764186859,
                    457.8211307525635
                ],
                [
                    311.64830923080444,
                    465.2897119522095
                ],
                [
                    278.37786078453064,
                    428.9237856864929
                ],
                [
                    216.2337750196457,
                    423.8193929195404
                ],
                [
                    222.87416458129883,
                    529.8126339912415
                ],
                [
                    286.6990268230438,
                    544.025182723999
                ],
                [
                    248.73924255371094,
                    509.9085569381714
                ],
                [
                    184.0101182460785,
                    497.6348876953125
                ],
                [
                    249.74042177200317,
                    480.97798228263855
                ]
            ],
            "provenance": "visii",
            "quaternion_xyzw": [
                0.6648581027984619,
                0.5663542747497559,
                -0.03258782625198364,
                0.4859471321105957
            ],
            "quaternion_xyzw_world": [
                0.8748736381530762,
                -0.27593156695365906,
                0.3563387095928192,
                0.177427738904953
            ],
            "segmentation_id": 10,
            "visibility": 1
        },
        {
            "bounding_box_minx_maxx_miny_maxy": [
                -1,
                -1,
                -1,
                -1
            ],
            "class": "ReadytoUse",
            "local_cuboid": null,
            "local_to_world_matrix": [
                [
                    0.6013321876525879,
                    -0.19765706360340118,
                    0.7741649150848389,
                    0.0
                ],
                [
                    0.6417932510375977,
                    0.6966224908828735,
                    -0.32065337896347046,
                    0.0
                ],
                [
                    -0.47592127323150635,
                    0.6896730065345764,
                    0.545756459236145,
                    0.0
                ],
                [
                    0.2369919717311859,
                    -0.4269718527793884,
                    -0.3293185532093048,
                    1.0
                ]
            ],
            "location": [
                0.4269718527793884,
                -0.3293185532093048,
                -0.2369919717311859
            ],
            "location_world": [
                0.2369919717311859,
                -0.4269718527793884,
                -0.3293185532093048
            ],
            "name": "google_ReadytoUse_Rolled_Fondant_Pure_White_24_oz_box_10",
            "projected_cuboid": [
                [
                    1405.9178829193115,
                    870.7891702651978
                ],
                [
                    1132.6278448104858,
                    822.6147890090942
                ],
                [
                    1130.4078102111816,
                    855.7835817337036
                ],
                [
                    1318.2908296585083,
                    893.0091857910156
                ],
                [
                    2078.113317489624,
                    1852.067470550537
                ],
                [
                    1501.418113708496,
                    1550.0400066375732
                ],
                [
                    1361.4141941070557,
                    1324.1536617279053
                ],
                [
                    1663.2845401763916,
                    1456.1787843704224
                ],
                [
                    1381.4812898635864,
                    1119.7271347045898
                ]
            ],
            "provenance": "visii",
            "quaternion_xyzw": [
                -0.5104873180389404,
                -0.03797470033168793,
                0.6322416067123413,
                0.5815765261650085
            ],
            "quaternion_xyzw_world": [
                -0.29956352710723877,
                -0.3706527352333069,
                -0.2488984763622284,
                0.8431653380393982
            ],
            "segmentation_id": 11,
            "visibility": 0
        },
        {
            "bounding_box_minx_maxx_miny_maxy": [
                495,
                499,
                1,
                10
            ],
            "class": "Dog",
            "local_cuboid": null,
            "local_to_world_matrix": [
                [
                    -0.22568881511688232,
                    0.006476670503616333,
                    0.974177896976471,
                    0.0
                ],
                [
                    0.9086682796478271,
                    0.36195850372314453,
                    0.20810577273368835,
                    0.0
                ],
                [
                    -0.35126417875289917,
                    0.9321717023849487,
                    -0.08757519721984863,
                    0.0
                ],
                [
                    0.6345332860946655,
                    -0.41392332315444946,
                    0.33574268221855164,
                    1.0
                ]
            ],
            "location": [
                0.41392332315444946,
                0.33574268221855164,
                -0.6345332860946655
            ],
            "location_world": [
                0.6345332860946655,
                -0.41392332315444946,
                0.33574268221855164
            ],
            "name": "google_Dog_11",
            "projected_cuboid": [
                [
                    596.9799160957336,
                    -301.2130856513977
                ],
                [
                    437.4808669090271,
                    -189.07329440116882
                ],
                [
                    580.3419351577759,
                    -159.91950035095215
                ],
                [
                    764.6599411964417,
                    -247.65804409980774
                ],
                [
                    562.8759264945984,
                    25.32634139060974
                ],
                [
                    424.28669333457947,
                    46.979352831840515
                ],
                [
                    558.3499670028687,
                    51.914528012275696
                ],
                [
                    719.4601893424988,
                    34.34117138385773
                ],
                [
                    572.9691982269287,
                    -81.72470331192017
                ]
            ],
            "provenance": "visii",
            "quaternion_xyzw": [
                -0.3294515609741211,
                -0.4645746052265167,
                0.5361051559448242,
                0.6230757236480713
            ],
            "quaternion_xyzw_world": [
                -0.35352784395217896,
                -0.6471519470214844,
                -0.44049835205078125,
                0.5120289325714111
            ],
            "segmentation_id": 12,
            "visibility": 1
        },
        {
            "bounding_box_minx_maxx_miny_maxy": [
                -1,
                -1,
                -1,
                -1
            ],
            "class": "Black",
            "local_cuboid": null,
            "local_to_world_matrix": [
                [
                    0.4505194425582886,
                    -0.825852632522583,
                    0.33911603689193726,
                    0.0
                ],
                [
                    0.6992236375808716,
                    0.5625782012939453,
                    0.4411259889602661,
                    0.0
                ],
                [
                    -0.5550843477249146,
                    0.03838209807872772,
                    0.8309080600738525,
                    0.0
                ],
                [
                    0.40061455965042114,
                    -0.47486624121665955,
                    0.2867037057876587,
                    1.0
                ]
            ],
            "location": [
                0.47486624121665955,
                0.2867037057876587,
                -0.40061455965042114
            ],
            "location_world": [
                0.40061455965042114,
                -0.47486624121665955,
                0.2867037057876587
            ],
            "name": "google_Black_Elderberry_Syrup_54_oz_Gaia_Herbs_12",
            "projected_cuboid": [
                [
                    1234.7874641418457,
                    -530.7731032371521
                ],
                [
                    1062.964677810669,
                    -484.030544757843
                ],
                [
                    919.8698997497559,
                    -180.20927906036377
                ],
                [
                    1041.4080619812012,
                    -185.40963530540466
                ],
                [
                    1223.8640785217285,
                    -560.1010918617249
                ],
                [
                    1039.9274826049805,
                    -505.9925317764282
                ],
                [
                    892.3576474189758,
                    -178.69043350219727
                ],
                [
                    1019.3214416503906,
                    -184.08435583114624
                ],
                [
                    1040.7345294952393,
                    -331.2498927116394
                ]
            ],
            "provenance": "visii",
            "quaternion_xyzw": [
                -0.4554235339164734,
                0.12266725301742554,
                0.268377423286438,
                0.8399498462677002
            ],
            "quaternion_xyzw_world": [
                0.11940807849168777,
                -0.26511824131011963,
                -0.45216435194015503,
                0.8432090282440186
            ],
            "segmentation_id": 13,
            "visibility": 0
        },
        {
            "bounding_box_minx_maxx_miny_maxy": [
                30,
                82,
                96,
                131
            ],
