{
    "camera_data": {
        "camera_look_at": {
            "at": [
                1.0,
                0.0,
                0.0
            ],
            "eye": [
                0.0,
                0.0,
                0.0
            ],
            "up": [
                0.0,
                0.0,
                1.0
            ]
        },
        "camera_view_matrix": [
            [
                0.0,
                0.0,
                -1.0,
                0.0
            ],
            [
                -1.0,
                0.0,
                0.0,
                0.0
            ],
            [
                0.0,
                1.0,
                0.0,
                0.0
            ],
            [
                0.0,
                0.0,
                0.0,
                1.0
            ]
        ],
        "height": 500,
        "intrinsics": {
            "cx": 250.0,
            "cy": 250.0,
            "fx": 603.5535278320312,
            "fy": 603.5535278320312
        },
        "location_world": [
            0.0,
            0.0,
            0.0
        ],
        "quaternion_world_xyzw": [
            0.5,
            -0.5,
            -0.5,
            0.5
        ],
        "width": 500
    },
    "objects": [
        {
            "bounding_box_minx_maxx_miny_maxy": [
                -1,
                -1,
                -1,
                -1
            ],
            "class": "Reebok",
            "local_cuboid": null,
            "local_to_world_matrix": [
                [
                    0.05555319786071777,
                    0.8861954212188721,
                    0.45996904373168945,
                    0.0
                ],
                [
                    0.3033437728881836,
                    0.4239247441291809,
                    -0.8533875942230225,
                    0.0
                ],
                [
                    -0.9512604475021362,
                    0.18693718314170837,
                    -0.2452714443206787,
                    0.0
                ],
                [
                    0.566089928150177,
                    -0.11286087334156036,
                    0.44558727741241455,
                    1.0
                ]
            ],
            "location": [
                0.11286087334156036,
                0.44558727741241455,
                -0.566089928150177
            ],
            "location_world": [
                0.566089928150177,
                -0.11286087334156036,
                0.44558727741241455
            ],
            "name": "google_Reebok_SOMERSET_RUN_0",
            "projected_cuboid": [
                [
                    400.29603242874146,
                    -577.1355628967285
                ],
                [
                    224.99270737171173,
                    -131.70120120048523
                ],
                [
                    250.83807110786438,
                    -91.01483225822449
                ],
                [
                    393.6287760734558,
                    -435.84924936294556
                ],
                [
                    550.4910945892334,
                    -513.0816102027893
                ],
                [
                    346.14697098731995,
                    -73.46948981285095
                ],
                [
                    350.23075342178345,
                    -42.950838804244995
                ],
                [
                    511.7603540420532,
                    -383.72713327407837
                ],
                [
                    370.5369234085083,
                    -259.61291790008545
                ]
            ],
            "provenance": "visii",
            "quaternion_xyzw": [
                -0.06311050057411194,
                -0.1427825391292572,
                0.960578441619873,
                0.23004207015037537
            ],
            "quaternion_xyzw_world": [
                -0.4682146906852722,
                -0.6351462602615356,
                0.2623216509819031,
                0.5554742217063904
            ],
            "segmentation_id": 1,
            "visibility": 0
        },
        {
            "bounding_box_minx_maxx_miny_maxy": [
                -1,
                -1,
                -1,
                -1
            ],
            "class": "Breyer",
            "local_cuboid": null,
            "local_to_world_matrix": [
                [
                    -0.9176663160324097,
                    0.3566376268863678,
                    0.17520934343338013,
                    0.0
                ],
                [
                    -0.10114723443984985,
                    -0.636076807975769,
                    0.7649677991867065,
                    0.0
                ],
                [
                    0.3842628598213196,
                    0.6842631101608276,
                    0.6197789907455444,
                    0.0
                ],
                [
                    0.43230879306793213,
                    -0.3602955937385559,
                    -0.15298064053058624,
                    1.0
                ]
            ],
            "location": [
                0.3602955937385559,
                -0.15298064053058624,
                -0.43230879306793213
            ],
            "location_world": [
                0.43230879306793213,
                -0.3602955937385559,
                -0.15298064053058624
            ],
            "name": "google_Breyer_Horse_Of_The_Year_2015_1",
            "projected_cuboid": [
                [
                    561.836838722229,
                    335.62174439430237
                ],
                [
                    624.8958110809326,
                    266.8570578098297
                ],
                [
                    890.5349373817444,
                    448.32843542099
                ],
                [
                    811.3875985145569,
                    526.2311697006226
                ],
                [
                    534.4292521476746,
                    346.1253046989441
                ],
                [
                    574.6320486068726,
                    302.09383368492126
                ],
                [
                    729.077935218811,
                    415.2822494506836
                ],
                [
                    682.8144788742065,
                    462.8956913948059
                ],
                [
                    658.8667631149292,
                    381.83915615081787
                ]
            ],
            "provenance": "visii",
            "quaternion_xyzw": [
                0.25625061988830566,
                0.791496753692627,
                0.2277098000049591,
                -0.5059810876846313
            ],
            "quaternion_xyzw_world": [
                0.15702824294567108,
                0.4067586660385132,
                0.8907191157341003,
                0.12848743796348572
            ],
            "segmentation_id": 2,
            "visibility": 0
        },
        {
            "bounding_box_minx_maxx_miny_maxy": [
                107,
                243,
                1,
                56
            ],
            "class": "Smith",
            "local_cuboid": null,
            "local_to_world_matrix": [
                [
                    0.7153762578964233,
                    -0.6786379218101501,
                    0.16639500856399536,
                    0.0
                ],
                [
                    -0.3274344801902771,
                    -0.11521589756011963,
                    0.9378229975700378,
                    0.0
                ],
                [
                    -0.6172709465026855,
                    -0.7253797650337219,
                    -0.30463218688964844,
                    0.0
                ],
                [
                    1.855911374092102,
                    0.3056034743785858,
                    0.744449257850647,
                    1.0
                ]
            ],
            "location": [
                -0.3056034743785858,
                0.744449257850647,
                -1.855911374092102
            ],
            "location_world": [
                1.855911374092102,
                0.3056034743785858,
                0.744449257850647
            ],
            "name": "google_Smith_Hawken_Woven_BasketTray_Organizer_with_3_Compartments_95_x_9_x_13_2",
            "projected_cuboid": [
                [
                    248.92544746398926,
                    65.25537371635437
                ],
                [
                    258.9462995529175,
                    -25.487959384918213
                ],
                [
                    197.6441890001297,
                    -27.39769220352173
                ],
                [
                    190.99161028862,
                    56.00166320800781
                ],
                [
                    156.62527084350586,
                    58.11773240566254
                ],
                [
                    163.22728991508484,
                    -48.43267798423767
                ],
                [
                    101.95982456207275,
                    -48.376500606536865
                ],
                [
                    98.89514744281769,
                    48.18367958068848
                ],
                [
                    179.09842729568481,
                    11.266052722930908
                ]
            ],
            "provenance": "visii",
            "quaternion_xyzw": [
                0.17574414610862732,
                0.4005977213382721,
                0.014230221509933472,
                0.8991290330886841
            ],
            "quaternion_xyzw_world": [
                0.7306203246116638,
                -0.3442528247833252,
                -0.1542784720659256,
                0.56910640001297
            ],
            "segmentation_id": 3,
            "visibility": 1
        },
        {
            "bounding_box_minx_maxx_miny_maxy": [
                331,
                388,
                73,
                167
            ],
            "class": "Paul",
            "local_cuboid": null,
            "local_to_world_matrix": [
                [
                    0.3697119355201721,
                    0.7853139638900757,
                    -0.4965834617614746,
                    0.0
                ],
                [
                    -0.9115680456161499,
                    0.20310020446777344,
                    -0.35748302936553955,
                    0.0
                ],
                [
                    -0.17988020181655884,
                    0.5848353505134583,
                    0.7909556031227112,
                    0.0
                ],
                [
                    1.8462947607040405,
                    -0.3981374204158783,
                    0.31533753871917725,
                    1.0
                ]
            ],
            "location": [
                0.3981374204158783,
                0.31533753871917725,
                -1.8462947607040405
            ],
            "location_world": [
                1.8462947607040405,
                -0.3981374204158783,
                0.31533753871917725
            ],
            "name": "google_Paul_Frank_Dot_Lunch_Box_3",
            "projected_cuboid": [
                [
                    303.80553007125854,
                    106.46618902683258
                ],
                [
                    299.40688610076904,
                    111.54583096504211
                ],
                [
                    342.6585793495178,
                    174.6825873851776
                ],
                [
                    344.77436542510986,
                    166.51740670204163
                ],
                [
                    375.8734464645386,
                    54.986849427223206
                ],
                [
                    375.3777742385864,
                    57.38908052444458
                ],
                [
                    419.2250669002533,
                    125.33515691757202
                ],
                [
                    417.3739552497864,
                    119.36798691749573
                ],
                [
                    359.0807020664215,
                    115.50265550613403
                ]
            ],
            "provenance": "visii",
            "quaternion_xyzw": [
                -0.3131648600101471,
                0.5585585832595825,
                0.7620165944099426,
                -0.09628507494926453
            ],
            "quaternion_xyzw_world": [
                -0.30645397305488586,
                0.10299594700336456,
                0.5518476963043213,
                0.7687274813652039
            ],
            "segmentation_id": 4,
            "visibility": 1
        },
        {
            "bounding_box_minx_maxx_miny_maxy": [
                4,
                61,
                84,
                139
            ],
            "class": "Toys",
            "local_cuboid": null,
            "local_to_world_matrix": [
                [
                    0.6547061204910278,
                    -0.09532710164785385,
                    0.7498484253883362,
                    0.0
                ],
                [
                    -0.2814444303512573,
                    -0.9514298439025879,
                    0.1247803196310997,
                    0.0
                ],
                [
                    0.7015332579612732,
                    -0.29273509979248047,
                    -0.6497362852096558,
                    0.0
                ],
                [
                    1.661070704460144,
                    0.6368867754936218,
                    0.4449426233768463,
                    1.0
                ]
            ],
            "location": [
                -0.6368867754936218,
                0.4449426233768463,
                -1.661070704460144
            ],
            "location_world": [
                1.661070704460144,
                0.6368867754936218,
                0.4449426233768463
            ],
            "name": "google_Toys_R_Us_Treat_Dispenser_Smart_Puzzle_Foobler_4",
            "projected_cuboid": [
                [
                    34.34072434902191,
                    120.94362080097198
                ],
                [
                    78.30671966075897,
                    111.3862693309784
                ],
                [
                    51.32649838924408,
                    66.9480413198471
                ],
                [
                    5.304053425788879,
                    78.20948958396912
                ],
                [
                    16.6664719581604,
                    153.67938578128815
                ],
                [
                    62.80660629272461,
                    144.38721537590027
                ],
                [
                    33.05576741695404,
                    99.35183823108673
                ],
                [
                    -15.338391065597534,
                    110.45219004154205
                ],
                [
                    33.74551236629486,
                    110.94184219837189
                ]
            ],
            "provenance": "visii",
            "quaternion_xyzw": [
                0.6465446949005127,
                0.6578347682952881,
                -0.13996362686157227,
                0.360060453414917
            ],
            "quaternion_xyzw_world": [
                0.902201771736145,
                -0.10440334677696228,
                0.40217769145965576,
                0.11569347232580185
            ],
            "segmentation_id": 5,
            "visibility": 1
        },
        {
            "bounding_box_minx_maxx_miny_maxy": [
                -1,
                -1,
                -1,
                -1
            ],
            "class": "Tag",
            "local_cuboid": null,
            "local_to_world_matrix": [
                [
                    -0.3797264099121094,
                    0.6992137432098389,
                    -0.6057292819023132,
                    0.0
                ],
                [
                    0.2521941363811493,
                    -0.5517301559448242,
                    -0.7949792146682739,
                    0.0
                ],
                [
                    -0.8900595307350159,
                    -0.45463600754737854,
                    0.033168911933898926,
                    0.0
                ],
                [
                    0.1816842406988144,
                    -0.37323957681655884,
                    -0.08407222479581833,
                    1.0
                ]
            ],
            "location": [
                0.37323957681655884,
                -0.08407222479581833,
                -0.1816842406988144
            ],
            "location_world": [
                0.1816842406988144,
                -0.37323957681655884,
                -0.08407222479581833
            ],
            "name": "google_Tag_Dishtowel_Basket_Weave_Red_18_x_26_5",
            "projected_cuboid": [
                [
                    2049.3767261505127,
                    533.1575870513916
                ],
                [
                    1858.862042427063,
                    1177.2866249084473
                ],
                [
                    1526.1611938476562,
                    1020.2693939208984
                ],
                [
                    1504.493236541748,
                    465.7692313194275
                ],
                [
                    1759.5847845077515,
                    8.372843265533447
                ],
                [
                    1707.2663307189941,
                    601.3591885566711
                ],
                [
                    1482.3414087295532,
                    559.4629049301147
                ],
                [
                    1454.329252243042,
                    52.72340774536133
                ],
                [
                    1634.0835094451904,
                    552.423357963562
                ]
            ],
            "provenance": "visii",
            "quaternion_xyzw": [
                0.22677406668663025,
                -0.05952957272529602,
                0.9198168516159058,
                -0.31458964943885803
            ],
            "quaternion_xyzw_world": [
                -0.533581018447876,
                -0.4457654356956482,
                0.7008255124092102,
                0.15946181118488312
            ],
            "segmentation_id": 6,
            "visibility": 0
        },
        {
            "bounding_box_minx_maxx_miny_maxy": [
                -1,
                -1,
                -1,
                -1
            ],
            "class": "FRACTION",
            "local_cuboid": null,
            "local_to_world_matrix": [
                [
                    -0.39779484272003174,
                    0.8922496438026428,
                    -0.21365824341773987,
                    0.0
                ],
                [
                    -0.08200579881668091,
                    0.19736623764038086,
                    0.9768938422203064,
                    0.0
                ],
                [
                    0.9138021469116211,
                    0.4061245322227478,
                    -0.005341649055480957,
                    0.0
                ],
                [
                    1.2270729541778564,
                    -0.6507004499435425,
                    -0.13965855538845062,
                    1.0
                ]
            ],
            "location": [
                0.6507004499435425,
                -0.13965855538845062,
                -1.2270729541778564
            ],
            "location_world": [
                1.2270729541778564,
                -0.6507004499435425,
                -0.13965855538845062
            ],
            "name": "google_FRACTION_FUN_n4h4qte23QR_6",
            "projected_cuboid": [
                [
                    529.1283130645752,
                    372.1510171890259
                ],
                [
                    514.2636299133301,
                    282.6223075389862
                ],
                [
                    532.2525501251221,
                    283.60515832901
                ],
                [
                    547.3803877830505,
                    376.10650062561035
                ],
                [
                    586.3097906112671,
                    348.40208292007446
                ],
                [
                    572.9309320449829,
                    263.40967416763306
                ],
                [
                    591.7919874191284,
                    263.7249529361725
                ],
                [
                    605.3621768951416,
                    351.3920307159424
                ],
                [
                    560.6380701065063,
                    317.6301121711731
                ]
            ],
            "provenance": "visii",
            "quaternion_xyzw": [
                -0.10566294193267822,
                0.9724898338317871,
                0.01970820128917694,
                -0.2066652476787567
            ],
            "quaternion_xyzw_world": [
                0.3202266991138458,
                0.6325548887252808,
                0.5466001629829407,
                0.4455978572368622
            ],
            "segmentation_id": 7,
            "visibility": 0
        },
        {
            "bounding_box_minx_maxx_miny_maxy": [
                -1,
                -1,
                -1,
                -1
            ],
            "class": "FAIRY",
            "local_cuboid": null,
            "local_to_world_matrix": [
                [
                    0.9005302786827087,
                    0.27250635623931885,
                    0.3388000726699829,
                    0.0
                ],
                [
                    -0.09199322760105133,
                    0.880996823310852,
                    -0.464092493057251,
                    0.0
                ],
                [
                    -0.4249499440193176,
                    0.38676202297210693,
                    0.8184330463409424,
                    0.0
                ],
                [
                    0.3933733105659485,
                    0.06725875288248062,
                    0.38678330183029175,
                    1.0
                ]
            ],
            "location": [
                -0.06725875288248062,
                0.38678330183029175,
                -0.3933733105659485
            ],
            "location_world": [
                0.3933733105659485,
                0.06725875288248062,
                0.38678330183029175
            ],
            "name": "google_FAIRY_TALE_BLOCKS_7",
            "projected_cuboid": [
                [
                    149.04892444610596,
                    -710.525631904602
                ],
                [
                    -210.72816848754883,
                    -583.016037940979
                ],
                [
                    -16.631126403808594,
                    -199.56007599830627
                ],
                [
                    268.1240141391754,
                    -321.77841663360596
                ],
                [
                    240.20548164844513,
                    -1528.9943218231201
                ],
                [
                    -564.1618967056274,
                    -1353.1349897384644
                ],
                [
                    -85.938960313797,
                    -383.1522464752197
                ],
                [
                    420.0817048549652,
                    -582.6877355575562
                ],
                [
                    57.42266774177551,
                    -582.8763842582703
                ]
            ],
            "provenance": "visii",
            "quaternion_xyzw": [
                -0.43778884410858154,
                0.30962231755256653,
                0.735110342502594,
                0.4148346483707428
            ],
            "quaternion_xyzw_world": [
                -0.22422108054161072,
                -0.20126691460609436,
                0.09605460613965988,
                0.9486780762672424
            ],
            "segmentation_id": 8,
            "visibility": 0
        },
        {
            "bounding_box_minx_maxx_miny_maxy": [
                0,
                137,
                118,
                256
            ],
            "class": "Great",
            "local_cuboid": null,
            "local_to_world_matrix": [
                [
                    0.7816150784492493,
                    0.6103698015213013,
                    -0.1285555362701416,
                    0.0
                ],
                [
                    0.5955426692962646,
                    -0.791522741317749,
                    -0.13718900084495544,
                    0.0
                ],
                [
                    -0.18549063801765442,
                    0.030668698251247406,
                    -0.9821673631668091,
                    0.0
                ],
                [
                    0.6070285439491272,
                    0.25188109278678894,
                    0.11711612343788147,
                    1.0
                ]
            ],
            "location": [
                -0.25188109278678894,
                0.11711612343788147,
                -0.6070285439491272
            ],
            "location_world": [
                0.6070285439491272,
                0.25188109278678894,
                0.11711612343788147
            ],
            "name": "google_Great_Jones_Wingtip_kAqSg6EgG0I_8",
            "projected_cuboid": [
                [
                    -214.4784927368164,
                    227.8488278388977
                ],
                [
                    111.39790713787079,
                    269.31777596473694
                ],
                [
                    118.1638091802597,
                    178.06845903396606
                ],
                [
                    -193.1263506412506,
                    107.75667428970337
                ],
                [
                    -213.15515041351318,
                    204.36197519302368
                ],
                [
                    156.93299472332,
                    258.3758234977722
                ],
                [
                    163.13159465789795,
                    155.3913652896881
                ],
                [
                    -187.91723251342773,
                    63.13423812389374
                ],
                [
                    -6.684660911560059,
                    187.97647953033447
                ]
            ],
            "provenance": "visii",
            "quaternion_xyzw": [
                0.292116641998291,
                0.5673822164535522,
                -0.6951707601547241,
                0.33088207244873047
            ],
            "quaternion_xyzw_world": [
                0.9427758455276489,
                0.31977710127830505,
                -0.08327700197696686,
                -0.04451156407594681
            ],
            "segmentation_id": 9,
            "visibility": 1
        },
        {
            "bounding_box_minx_maxx_miny_maxy": [
                -1,
                -1,
                -1,
                -1
            ],
            "class": "Ecoforms",
            "local_cuboid": null,
            "local_to_world_matrix": [
                [
                    0.9477753043174744,
                    -0.30811935663223267,
                    -0.08236800134181976,
                    0.0
                ],
                [
                    0.14094044268131256,
                    0.1729457974433899,
                    0.9747951030731201,
                    0.0
                ],
                [
                    -0.28610801696777344,
                    -0.9354957342147827,
                    0.20734024047851562,
                    0.0
                ],
                [
                    1.5249099731445312,
                    -0.21984435617923737,
                    -0.6337053775787354,
                    1.0
                ]
            ],
            "location": [
                0.21984435617923737,
                -0.6337053775787354,
                -1.5249099731445312
            ],
            "location_world": [
                1.5249099731445312,
                -0.21984435617923737,
                -0.6337053775787354
            ],
            "name": "google_Ecoforms_Plant_Container_Quadra_Sand_QP6_9",
            "projected_cuboid": [
                [
                    414.4308269023895,
                    521.6857194900513
                ],
                [
                    399.0832567214966,
                    446.2897777557373
                ],
                [
                    336.2370729446411,
                    453.42859625816345
                ],
                [
                    350.07113218307495,
                    526.6741514205933
                ],
                [
                    410.2545380592346,
                    550.4929423332214
                ],
                [
                    393.00888776779175,
                    464.82816338539124
                ],
                [
                    322.5347399711609,
                    472.23907709121704
                ],
                [
                    337.86654472351074,
                    555.1373362541199
                ],
                [
                    370.0963258743286,
                    497.8305697441101
                ]
            ],
            "provenance": "visii",
            "quaternion_xyzw": [
                -0.10864640772342682,
                0.5874878168106079,
                0.028255820274353027,
                0.8014085292816162
            ],
            "quaternion_xyzw_world": [
                0.6259970664978027,
                -0.06676504760980606,
                -0.14715565741062164,
                0.7628992795944214
            ],
            "segmentation_id": 10,
            "visibility": 0
        },
        {
            "bounding_box_minx_maxx_miny_maxy": [
                -1,
                -1,
                -1,
                -1
            ],
            "class": "ReadytoUse",
            "local_cuboid": null,
            "local_to_world_matrix": [
                [
                    -0.9677506685256958,
                    0.17824873328208923,
                    0.17800845205783844,
                    0.0
                ],
                [
                    0.2501286268234253,
                    0.595984935760498,
                    0.763045072555542,
                    0.0
                ],
                [
                    0.029921412467956543,
                    0.7829619646072388,
                    -0.6213501691818237,
                    0.0
                ],
                [
                    0.1867005079984665,
                    -0.37802034616470337,
                    -0.3380407392978668,
                    1.0
                ]
            ],
            "location": [
                0.37802034616470337,
                -0.3380407392978668,
                -0.1867005079984665
            ],
            "location_world": [
                0.1867005079984665,
                -0.37802034616470337,
                -0.3380407392978668
            ],
            "name": "google_ReadytoUse_Rolled_Fondant_Pure_White_24_oz_box_10",
            "projected_cuboid": [
                [
                    1437.7310276031494,
                    2393.3887481689453
                ],
                [
                    1205.993413925171,
                    2041.7351722717285
                ],
                [
                    1835.9298706054688,
                    1637.7441883087158
                ],
                [
                    2140.761375427246,
                    1963.2327556610107
                ],
                [
                    919.6562170982361,
                    1415.3506755828857
                ],
                [
                    818.8766837120056,
                    1271.59583568573
                ],
                [
                    1146.6271877288818,
                    1041.0032272338867
                ],
                [
                    1266.3332223892212,
                    1175.962209701538
                ],
                [
                    1244.1596984863281,
                    1494.112491607666
                ]
            ],
            "provenance": "visii",
            "quaternion_xyzw": [
                -0.14885213971138,
                0.7019999027252197,
                -0.31035566329956055,
                -0.6234731674194336
            ],
            "quaternion_xyzw_world": [
                0.12001511454582214,
                0.8923404216766357,
                0.4331326484680176,
                -0.04148838296532631
            ],
            "segmentation_id": 11,
            "visibility": 0
        },
        {
            "bounding_box_minx_maxx_miny_maxy": [
                -1,
                -1,
                -1,
                -1
            ],
            "class": "Dog",
            "local_cuboid": null,
            "local_to_world_matrix": [
                [
                    0.4418094754219055,
                    0.8906922340393066,
                    0.10710582137107849,
                    0.0
                ],
                [
                    0.4578760862350464,
                    -0.12121403217315674,
                    -0.880713701248169,
                    0.0
                ],
                [
                    -0.771462082862854,
                    0.4381488561630249,
                    -0.4613802433013916,
                    0.0
                ],
                [
                    0.5551519989967346,
                    -0.48561349511146545,
                    0.49127262830734253,
                    1.0
                ]
            ],
            "location": [
                0.48561349511146545,
                0.49127262830734253,
                -0.5551519989967346
            ],
            "location_world": [
                0.5551519989967346,
                -0.48561349511146545,
                0.49127262830734253
            ],
            "name": "google_Dog_11",
            "projected_cuboid": [
                [
                    663.1693840026855,
                    -474.0179777145386
                ],
                [
                    619.6820735931396,
                    -150.52005648612976
                ],
                [
                    613.3242845535278,
                    -141.16904139518738
                ],
                [
                    644.0227627754211,
                    -375.2545714378357
                ],
                [
                    1204.0514945983887,
                    -665.7235622406006
                ],
                [
                    1032.2840213775635,
                    -216.6329324245453
                ],
                [
                    908.9571833610535,
                    -186.98051571846008
                ],
                [
                    1000.9238719940186,
                    -481.37223720550537
                ],
                [
                    803.546130657196,
                    -310.0823760032654
                ]
            ],
            "provenance": "visii",
            "quaternion_xyzw": [
                0.23375163972377777,
                0.24419072270393372,
                -0.9411253929138184,
                0.003747701644897461
            ],
            "quaternion_xyzw_world": [
                0.7114077210426331,
                0.473908394575119,
                -0.23346537351608276,
                -0.4634692966938019
            ],
            "segmentation_id": 12,
            "visibility": 0
        },
        {
            "bounding_box_minx_maxx_miny_maxy": [
                -1,
                -1,
                -1,
                -1
            ],
            "class": "Black",
            "local_cuboid": null,
            "local_to_world_matrix": [
                [
                    -0.9054594039916992,
                    0.40834546089172363,
                    0.11574973165988922,
                    0.0
                ],
                [
                    0.3835158944129944,
                    0.9039831161499023,
                    -0.18902401626110077,
                    0.0
                ],
                [
                    -0.18182288110256195,
                    -0.12676165997982025,
                    -0.9751269817352295,
                    0.0
                ],
                [
                    0.4076904356479645,
                    -0.5258559584617615,
                    0.17365556955337524,
                    1.0
                ]
            ],
            "location": [
                0.5258559584617615,
                0.17365556955337524,
                -0.4076904356479645
            ],
            "location_world": [
                0.4076904356479645,
                -0.5258559584617615,
                0.17365556955337524
            ],
            "name": "google_Black_Elderberry_Syrup_54_oz_Gaia_Herbs_12",
            "projected_cuboid": [
                [
                    1230.94642162323,
                    178.0519038438797
                ],
                [
                    1082.4451446533203,
                    200.87605714797974
                ],
                [
                    998.3487725257874,
                    -13.036280870437622
                ],
                [
                    1131.131887435913,
                    -47.318607568740845
                ],
                [
                    1138.32688331604,
                    197.5366473197937
                ],
                [
                    1013.1959915161133,
                    216.48463606834412
                ],
                [
                    942.9843425750732,
                    26.519030332565308
                ],
                [
                    1056.5283298492432,
                    -1.4403462409973145
                ],
                [
                    1068.5758590698242,
                    92.60855615139008
                ]
            ],
            "provenance": "visii",
            "quaternion_xyzw": [
                -0.386928915977478,
                0.5092884302139282,
                -0.6669318675994873,
                -0.38224783539772034
            ],
            "quaternion_xyzw_world": [
                0.20352178812026978,
                0.9726985096931458,
                -0.08116226643323898,
                -0.07648120075464249
            ],
            "segmentation_id": 13,
            "visibility": 0
        },
        {
            "bounding_box_minx_maxx_miny_maxy": [
                61,
                111,
                68,
                102
            ],
            "class": "Razer",
