{
    "camera_data": {
        "camera_look_at": {
            "at": [
                1.0,
                0.0,
                0.0
            ],
            "eye": [
                0.0,
                0.0,
                0.0
            ],
            "up": [
                0.0,
                0.0,
                1.0
            ]
        },
        "camera_view_matrix": [
            [
                0.0,
                0.0,
                -1.0,
                0.0
            ],
            [
                -1.0,
                0.0,
                0.0,
                0.0
            ],
            [
                0.0,
                1.0,
                0.0,
                0.0
            ],
            [
                0.0,
                0.0,
                0.0,
                1.0
            ]
        ],
        "height": 500,
        "intrinsics": {
            "cx": 250.0,
            "cy": 250.0,
            "fx": 603.5535278320312,
            "fy": 603.5535278320312
        },
        "location_world": [
            0.0,
            0.0,
            0.0
        ],
        "quaternion_world_xyzw": [
            0.5,
            -0.5,
            -0.5,
            0.5
        ],
        "width": 500
    },
    "objects": [
        {
            "bounding_box_minx_maxx_miny_maxy": [
                331,
                449,
                1,
                63
            ],
            "class": "Reebok",
            "local_cuboid": null,
            "local_to_world_matrix": [
                [
                    -0.6514198780059814,
                    0.5952888131141663,
                    -0.4704076647758484,
                    0.0
                ],
                [
                    0.5358713269233704,
                    -0.07793235778808594,
                    -0.8406952023506165,
                    0.0
                ],
                [
                    -0.5371164679527283,
                    -0.7997235655784607,
                    -0.26823151111602783,
                    0.0
                ],
                [
                    0.57704758644104,
                    -0.10159362107515335,
                    0.33379626274108887,
                    1.0
                ]
            ],
            "location": [
                0.10159362107515335,
                0.33379626274108887,
                -0.57704758644104
            ],
            "location_world": [
                0.57704758644104,
                -0.10159362107515335,
                0.33379626274108887
            ],
            "name": "google_Reebok_SOMERSET_RUN_0",
            "projected_cuboid": [
                [
                    475.6360650062561,
                    -353.0246615409851
                ],
                [
                    436.7767572402954,
                    83.85217189788818
                ],
                [
                    327.3804187774658,
                    70.21953165531158
                ],
                [
                    323.8510489463806,
                    -312.30467557907104
                ],
                [
                    526.288628578186,
                    -327.0413279533386
                ],
                [
                    479.35405373573303,
                    52.3725301027298
                ],
                [
                    377.74109840393066,
                    43.02355647087097
                ],
                [
                    389.4469738006592,
                    -294.9391007423401
                ],
                [
                    413.5657846927643,
                    -101.9105315208435
                ]
            ],
            "provenance": "visii",
            "quaternion_xyzw": [
                -0.4207998514175415,
                0.233172208070755,
                -0.8621340394020081,
                0.15900658071041107
            ],
            "quaternion_xyzw_world": [
                0.4167565107345581,
                0.6785497665405273,
                -0.6043841242790222,
                -0.024577701464295387
            ],
            "segmentation_id": 1,
            "visibility": 1
        },
        {
            "bounding_box_minx_maxx_miny_maxy": [
                -1,
                -1,
                -1,
                -1
            ],
            "class": "Breyer",
            "local_cuboid": null,
            "local_to_world_matrix": [
                [
                    -0.3837391138076782,
                    -0.4677066206932068,
                    -0.7962378859519958,
                    0.0
                ],
                [
                    -0.3042296767234802,
                    0.8781443238258362,
                    -0.3691975772380829,
                    0.0
                ],
                [
                    0.8718879818916321,
                    0.10056361556053162,
                    -0.47926855087280273,
                    0.0
                ],
                [
                    0.31085145473480225,
                    -0.33291855454444885,
                    -0.16103260219097137,
                    1.0
                ]
            ],
            "location": [
                0.33291855454444885,
                -0.16103260219097137,
                -0.31085145473480225
            ],
            "location_world": [
                0.31085145473480225,
                -0.33291855454444885,
                -0.16103260219097137
            ],
            "name": "google_Breyer_Horse_Of_The_Year_2015_1",
            "projected_cuboid": [
                [
                    832.462728023529,
                    724.5116233825684
                ],
                [
                    780.1017165184021,
                    779.0077924728394
                ],
                [
                    1094.0033197402954,
                    882.2465538978577
                ],
                [
                    1151.80504322052,
                    794.4177389144897
                ],
                [
                    596.2663888931274,
                    415.0649309158325
                ],
                [
                    544.9499487876892,
                    448.06015491485596
                ],
                [
                    686.5482330322266,
                    396.1275815963745
                ],
                [
                    749.9518394470215,
                    353.4611463546753
                ],
                [
                    765.5755281448364,
                    573.980450630188
                ]
            ],
            "provenance": "visii",
            "quaternion_xyzw": [
                -0.8229204416275024,
                0.5086707472801208,
                -0.08602762222290039,
                -0.23802369832992554
            ],
            "quaternion_xyzw_world": [
                -0.23312288522720337,
                0.8278212547302246,
                -0.08112680166959763,
                0.5037699341773987
            ],
            "segmentation_id": 2,
            "visibility": 0
        },
        {
            "bounding_box_minx_maxx_miny_maxy": [
                24,
                142,
                1,
                73
            ],
            "class": "Smith",
            "local_cuboid": null,
            "local_to_world_matrix": [
                [
                    -0.9334403276443481,
                    0.3546063303947449,
                    0.05426110327243805,
                    0.0
                ],
                [
                    -0.04715678095817566,
                    -0.2712371349334717,
                    0.9613569974899292,
                    0.0
                ],
                [
                    0.355620801448822,
                    0.8948101997375488,
                    0.2699052691459656,
                    0.0
                ],
                [
                    1.7498983144760132,
                    0.4204014241695404,
                    0.6364481449127197,
                    1.0
                ]
            ],
            "location": [
                -0.4204014241695404,
                0.6364481449127197,
                -1.7498983144760132
            ],
            "location_world": [
                1.7498983144760132,
                0.4204014241695404,
                0.6364481449127197
            ],
            "name": "google_Smith_Hawken_Woven_BasketTray_Organizer_with_3_Compartments_95_x_9_x_13_2",
            "projected_cuboid": [
                [
                    -22.62216806411743,
                    37.3707115650177
                ],
                [
                    0.6169229745864868,
                    -53.560853004455566
                ],
                [
                    77.60179042816162,
                    -44.188886880874634
                ],
                [
                    52.37530171871185,
                    52.14405059814453
                ],
                [
                    61.03953719139099,
                    78.66154611110687
                ],
                [
                    80.88740706443787,
                    3.228500485420227
                ],
                [
                    148.3284831047058,
                    13.788208365440369
                ],
                [
                    127.06957757472992,
                    92.90051460266113
                ],
                [
                    68.29714775085449,
                    24.828478693962097
                ]
            ],
            "provenance": "visii",
            "quaternion_xyzw": [
                0.09957122802734375,
                0.817249059677124,
                0.0969906821846962,
                -0.5592696666717529
            ],
            "quaternion_xyzw_world": [
                0.130280002951622,
                0.5899783968925476,
                0.7865403294563293,
                0.12769946455955505
            ],
            "segmentation_id": 3,
            "visibility": 1
        },
        {
            "bounding_box_minx_maxx_miny_maxy": [
                409,
                489,
                132,
                180
            ],
            "class": "Paul",
            "local_cuboid": null,
            "local_to_world_matrix": [
                [
                    0.264862596988678,
                    -0.6341789364814758,
                    -0.7264057397842407,
                    0.0
                ],
                [
                    0.9366208910942078,
                    0.3483436703681946,
                    0.03739464282989502,
                    0.0
                ],
                [
                    0.229324072599411,
                    -0.6902710199356079,
                    0.6862481832504272,
                    0.0
                ],
                [
                    1.8428168296813965,
                    -0.5612571239471436,
                    0.22918686270713806,
                    1.0
                ]
            ],
            "location": [
                0.5612571239471436,
                0.22918686270713806,
                -1.8428168296813965
            ],
            "location_world": [
                1.8428168296813965,
                -0.5612571239471436,
                0.22918686270713806
            ],
            "name": "google_Paul_Frank_Dot_Lunch_Box_3",
            "projected_cuboid": [
                [
                    514.4693851470947,
                    156.81229531764984
                ],
                [
                    489.52770233154297,
                    160.3367179632187
                ],
                [
                    446.0071325302124,
                    207.7004909515381
                ],
                [
                    469.2676067352295,
                    206.69354498386383
                ],
                [
                    468.97566318511963,
                    89.43919837474823
                ],
                [
                    445.52916288375854,
                    96.65451943874359
                ],
                [
                    399.1152048110962,
                    143.97308230400085
                ],
                [
                    420.60208320617676,
                    139.2608880996704
                ],
                [
                    457.1300446987152,
                    150.43029189109802
                ]
            ],
            "provenance": "visii",
            "quaternion_xyzw": [
                -0.6756680011749268,
                0.397661954164505,
                -0.15740281343460083,
                0.6004685163497925
            ],
            "quaternion_xyzw_world": [
                0.23993267118930817,
                0.3151320815086365,
                -0.5179386734962463,
                0.7581977844238281
            ],
            "segmentation_id": 4,
            "visibility": 1
        },
        {
            "bounding_box_minx_maxx_miny_maxy": [
                95,
                144,
                256,
                304
            ],
            "class": "Toys",
            "local_cuboid": null,
            "local_to_world_matrix": [
                [
                    -0.4091399908065796,
                    -0.11681202054023743,
                    0.9049637317657471,
                    0.0
                ],
                [
                    -0.02040642499923706,
                    -0.9903525114059448,
                    -0.13705980777740479,
                    0.0
                ],
                [
                    0.9122433662414551,
                    -0.07454372942447662,
                    0.40280914306640625,
                    0.0
                ],
                [
                    1.8504635095596313,
                    0.4196641743183136,
                    -0.12524324655532837,
                    1.0
                ]
            ],
            "location": [
                -0.4196641743183136,
                -0.12524324655532837,
                -1.8504635095596313
            ],
            "location_world": [
                1.8504635095596313,
                0.4196641743183136,
                -0.12524324655532837
            ],
            "name": "google_Toys_R_Us_Treat_Dispenser_Smart_Puzzle_Foobler_4",
            "projected_cuboid": [
                [
                    103.63401472568512,
                    244.73965167999268
                ],
                [
                    150.4015177488327,
                    251.23608112335205
                ],
                [
                    138.92945647239685,
                    271.8617916107178
                ],
                [
                    88.58516812324524,
                    264.83017206192017
                ],
                [
                    102.8222143650055,
                    286.66457533836365
                ],
                [
                    148.12320470809937,
                    293.02263259887695
                ],
                [
                    136.8677020072937,
                    316.0647451877594
                ],
                [
                    88.21876347064972,
                    309.19575691223145
                ],
                [
                    119.905486702919,
                    279.6609699726105
                ]
            ],
            "provenance": "visii",
            "quaternion_xyzw": [
                0.7358863353729248,
                0.6438888907432556,
                0.16432011127471924,
                -0.12991225719451904
            ],
            "quaternion_xyzw_world": [
                0.5427714586257935,
                -0.06320267915725708,
                0.8370038270950317,
                -0.028794849291443825
            ],
            "segmentation_id": 5,
            "visibility": 1
        },
        {
            "bounding_box_minx_maxx_miny_maxy": [
                -1,
                -1,
                -1,
                -1
            ],
            "class": "Tag",
            "local_cuboid": null,
            "local_to_world_matrix": [
                [
                    0.0003038644790649414,
                    -0.10775125026702881,
                    -0.9941779971122742,
                    0.0
                ],
                [
                    0.9494154453277588,
                    -0.3121640682220459,
                    0.03412342071533203,
                    0.0
                ],
                [
                    -0.3140231966972351,
                    -0.9438982009887695,
                    0.10220563411712646,
                    0.0
                ],
                [
                    0.22958654165267944,
                    -0.440536767244339,
                    -0.16949869692325592,
                    1.0
                ]
            ],
            "location": [
                0.440536767244339,
                -0.16949869692325592,
                -0.22958654165267944
            ],
            "location_world": [
                0.22958654165267944,
                -0.440536767244339,
                -0.16949869692325592
            ],
            "name": "google_Tag_Dishtowel_Basket_Weave_Red_18_x_26_5",
            "projected_cuboid": [
                [
                    2744.220495223999,
                    1672.6295948028564
                ],
                [
                    1201.397180557251,
                    702.0055055618286
                ],
                [
                    1112.406849861145,
                    693.7819719314575
                ],
                [
                    2347.663164138794,
                    1559.7676038742065
                ],
                [
                    2642.66037940979,
                    725.2120971679688
                ],
                [
                    1167.856216430664,
                    391.2259340286255
                ],
                [
                    1079.9317359924316,
                    393.00286769866943
                ],
                [
                    2255.282402038574,
                    699.541985988617
                ],
                [
                    1480.9719324111938,
                    701.3518810272217
                ]
            ],
            "provenance": "visii",
            "quaternion_xyzw": [
                0.43577656149864197,
                -0.3912636935710907,
                0.5413290858268738,
                -0.6033029556274414
            ],
            "quaternion_xyzw_world": [
                -0.5500596165657043,
                -0.38253316283226013,
                0.5945724844932556,
                -0.44450709223747253
            ],
            "segmentation_id": 6,
            "visibility": 0
        },
        {
            "bounding_box_minx_maxx_miny_maxy": [
                311,
                339,
                128,
                170
            ],
            "class": "FRACTION",
            "local_cuboid": null,
            "local_to_world_matrix": [
                [
                    0.9558729529380798,
                    -0.19172489643096924,
                    0.22259476780891418,
                    0.0
                ],
                [
                    -0.08158567547798157,
                    0.5546478033065796,
                    0.8280758261680603,
                    0.0
                ],
                [
                    -0.2822244465351105,
                    -0.8096958994865417,
                    0.5145307779312134,
                    0.0
                ],
                [
                    1.9088361263275146,
                    -0.2143789827823639,
                    0.33050185441970825,
                    1.0
                ]
            ],
            "location": [
                0.2143789827823639,
                0.33050185441970825,
                -1.9088361263275146
            ],
            "location_world": [
                1.9088361263275146,
                -0.2143789827823639,
                0.33050185441970825
            ],
            "name": "google_FRACTION_FUN_n4h4qte23QR_6",
            "projected_cuboid": [
                [
                    346.8672037124634,
                    160.6697142124176
                ],
                [
                    315.52380323410034,
                    112.04448342323303
                ],
                [
                    304.33446168899536,
                    119.7545975446701
                ],
                [
                    335.5705440044403,
                    168.01992058753967
                ],
                [
                    344.64192390441895,
                    165.3812676668167
                ],
                [
                    310.37166714668274,
                    112.28516697883606
                ],
                [
                    298.186331987381,
                    120.70409953594208
                ],
                [
                    332.3281407356262,
                    173.37128520011902
                ],
                [
                    323.6175775527954,
                    141.5824145078659
                ]
            ],
            "provenance": "visii",
            "quaternion_xyzw": [
                -0.1426749974489212,
                0.5818346738815308,
                0.25613653659820557,
                0.758621335029602
            ],
            "quaternion_xyzw_world": [
                0.4708222448825836,
                -0.14512407779693604,
                -0.03166252747178078,
                0.8696337938308716
            ],
            "segmentation_id": 7,
            "visibility": 1
        },
        {
            "bounding_box_minx_maxx_miny_maxy": [
                -1,
                -1,
                -1,
                -1
            ],
            "class": "FAIRY",
            "local_cuboid": null,
            "local_to_world_matrix": [
                [
                    0.9172033071517944,
                    0.04168850928544998,
                    -0.3962324559688568,
                    0.0
                ],
                [
                    -0.19627049565315247,
                    0.9127436280250549,
                    -0.35829731822013855,
                    0.0
                ],
                [
                    0.34672173857688904,
                    0.40640023350715637,
                    0.8453537225723267,
                    0.0
                ],
                [
                    0.40797650814056396,
                    0.04689406603574753,
                    0.3096386194229126,
                    1.0
                ]
            ],
            "location": [
                -0.04689406603574753,
                0.3096386194229126,
                -0.40797650814056396
            ],
            "location_world": [
                0.40797650814056396,
                0.04689406603574753,
                0.3096386194229126
            ],
            "name": "google_FAIRY_TALE_BLOCKS_7",
            "projected_cuboid": [
                [
                    228.97012531757355,
                    -228.87372970581055
                ],
                [
                    -27.494311332702637,
                    -172.3780333995819
                ],
                [
                    39.52895104885101,
                    -8.825510740280151
                ],
                [
                    325.8201777935028,
                    -88.81112933158875
                ],
                [
                    232.62104392051697,
                    -650.6118178367615
                ],
                [
                    -191.4970576763153,
                    -620.3975677490234
                ],
                [
                    -115.03276228904724,
                    -447.5541114807129
                ],
                [
                    398.88226985931396,
                    -513.0528211593628
                ],
                [
                    125.51991641521454,
                    -294.63642835617065
                ]
            ],
            "provenance": "visii",
            "quaternion_xyzw": [
                -0.6448508501052856,
                0.5074723958969116,
                0.5131433010101318,
                0.25164079666137695
            ],
            "quaternion_xyzw_world": [
                -0.19944046437740326,
                0.19376958906650543,
                0.06206199526786804,
                0.958553671836853
            ],
            "segmentation_id": 8,
            "visibility": 0
        },
        {
            "bounding_box_minx_maxx_miny_maxy": [
                165,
                338,
                42,
                137
            ],
            "class": "Great",
            "local_cuboid": null,
            "local_to_world_matrix": [
                [
                    -0.3609708547592163,
                    -0.27265846729278564,
                    0.8918283581733704,
                    0.0
                ],
                [
                    -0.5678492188453674,
                    -0.6943219900131226,
                    -0.44211384654045105,
                    0.0
                ],
                [
                    0.7397618889808655,
                    -0.6660140752792358,
                    0.09580087661743164,
                    0.0
                ],
                [
                    0.8668590784072876,
                    0.045788511633872986,
                    0.2307048887014389,
                    1.0
                ]
            ],
            "location": [
                -0.045788511633872986,
                0.2307048887014389,
                -0.8668590784072876
            ],
            "location_world": [
                0.8668590784072876,
                0.045788511633872986,
                0.2307048887014389
            ],
            "name": "google_Great_Jones_Wingtip_kAqSg6EgG0I_8",
            "projected_cuboid": [
                [
                    212.55537867546082,
                    36.78007423877716
                ],
                [
                    359.902560710907,
                    90.7716304063797
                ],
                [
                    311.7991089820862,
                    81.77569508552551
                ],
                [
                    160.30949354171753,
                    24.63148534297943
                ],
                [
                    196.69926166534424,
                    101.36380791664124
                ],
                [
                    334.158718585968,
                    165.86491465568542
                ],
                [
                    285.7615649700165,
                    165.23540019989014
                ],
                [
                    145.2362835407257,
                    95.28550505638123
                ],
                [
                    244.7054535150528,
                    93.19399297237396
                ]
            ],
            "provenance": "visii",
            "quaternion_xyzw": [
                0.7833476662635803,
                0.5062088966369629,
                0.3277551233768463,
                0.15065091848373413
            ],
            "quaternion_xyzw_world": [
                0.5562261939048767,
                -0.37777242064476013,
                0.7333303689956665,
                0.10063362866640091
            ],
            "segmentation_id": 9,
            "visibility": 1
        },
        {
            "bounding_box_minx_maxx_miny_maxy": [
                183,
                271,
                378,
                477
            ],
            "class": "Ecoforms",
            "local_cuboid": null,
            "local_to_world_matrix": [
                [
                    -0.23903775215148926,
                    0.06273406744003296,
                    0.9689816236495972,
                    0.0
                ],
                [
                    -0.31786537170410156,
                    -0.947982668876648,
                    -0.017039567232131958,
                    0.0
                ],
                [
                    0.9175088405609131,
                    -0.3120788037776947,
                    0.2465447187423706,
                    0.0
                ],
                [
                    1.3658745288848877,
                    0.0899183452129364,
                    -0.45446479320526123,
                    1.0
                ]
            ],
            "location": [
                -0.0899183452129364,
                -0.45446479320526123,
                -1.3658745288848877
            ],
            "location_world": [
                1.3658745288848877,
                0.0899183452129364,
                -0.45446479320526123
            ],
            "name": "google_Ecoforms_Plant_Container_Quadra_Sand_QP6_9",
            "projected_cuboid": [
                [
                    197.30094075202942,
                    376.0722279548645
                ],
                [
                    269.2590057849884,
                    382.59661197662354
                ],
                [
                    247.34961986541748,
                    417.31324791908264
                ],
                [
                    168.25400292873383,
                    408.52653980255127
                ],
                [
                    203.40558886528015,
                    443.17856431007385
                ],
                [
                    273.44346046447754,
                    452.187180519104
                ],
                [
                    252.74428725242615,
                    493.6622381210327
                ],
                [
                    175.95544457435608,
                    481.9051921367645
                ],
                [
                    223.39412569999695,
                    431.41335248947144
                ]
            ],
            "provenance": "visii",
            "quaternion_xyzw": [
                0.6840713620185852,
                0.7005717754364014,
                0.20141053199768066,
                0.026064783334732056
            ],
            "quaternion_xyzw_world": [
                0.6046487092971802,
                -0.1054874137043953,
                0.7799944281578064,
                0.12198787182569504
            ],
            "segmentation_id": 10,
            "visibility": 1
        },
        {
            "bounding_box_minx_maxx_miny_maxy": [
                -1,
                -1,
                -1,
                -1
            ],
            "class": "ReadytoUse",
            "local_cuboid": null,
            "local_to_world_matrix": [
                [
                    -0.13423144817352295,
                    -0.8150669932365417,
                    0.5636024475097656,
                    0.0
                ],
                [
                    0.8397545218467712,
                    0.20839756727218628,
                    0.5013808012008667,
                    0.0
                ],
                [
                    -0.5261123180389404,
                    0.5405887365341187,
                    0.6564826965332031,
                    0.0
                ],
                [
                    0.2647911310195923,
                    -0.4254138171672821,
                    -0.3312298655509949,
                    1.0
                ]
            ],
            "location": [
                0.4254138171672821,
                -0.3312298655509949,
                -0.2647911310195923
            ],
            "location_world": [
                0.2647911310195923,
                -0.4254138171672821,
                -0.3312298655509949
            ],
            "name": "google_ReadytoUse_Rolled_Fondant_Pure_White_24_oz_box_10",
            "projected_cuboid": [
                [
                    1843.1346416473389,
                    1064.1229152679443
                ],
                [
                    1461.7756605148315,
                    807.1409463882446
                ],
                [
                    1272.4416255950928,
                    869.8580861091614
                ],
                [
                    1477.3297309875488,
                    1041.1856174468994
                ],
                [
                    1318.2469606399536,
                    1235.829472541809
                ],
                [
                    1072.983741760254,
                    964.7604823112488
                ],
                [
                    1011.6853713989258,
                    976.3518571853638
                ],
                [
                    1160.6857776641846,
                    1153.9993286132812
                ],
                [
                    1289.4402742385864,
                    1005.6729316711426
                ]
            ],
            "provenance": "visii",
            "quaternion_xyzw": [
                -0.4437268078327179,
                -0.20012588798999786,
                0.22894568741321564,
                0.8429946899414062
            ],
            "quaternion_xyzw_world": [
                -0.014901848509907722,
                -0.4141697287559509,
                -0.628950834274292,
                0.6577706336975098
            ],
            "segmentation_id": 11,
            "visibility": 0
        },
        {
            "bounding_box_minx_maxx_miny_maxy": [
                470,
                499,
                1,
                96
            ],
            "class": "Dog",
            "local_cuboid": null,
            "local_to_world_matrix": [
                [
                    0.2304905652999878,
                    0.25964710116386414,
                    0.9377939701080322,
                    0.0
                ],
                [
                    0.3635897934436798,
                    -0.9169192314147949,
                    0.1645045429468155,
                    0.0
                ],
                [
                    0.9025943279266357,
                    0.3030555248260498,
                    -0.30574631690979004,
                    0.0
                ],
                [
                    0.6131699085235596,
                    -0.3916744887828827,
                    0.27769583463668823,
                    1.0
                ]
            ],
            "location": [
                0.3916744887828827,
                0.27769583463668823,
                -0.6131699085235596
            ],
            "location_world": [
                0.6131699085235596,
                -0.3916744887828827,
                0.27769583463668823
            ],
            "name": "google_Dog_11",
            "projected_cuboid": [
                [
                    415.490984916687,
                    10.182499885559082
                ],
                [
                    522.9456424713135,
                    7.548168301582336
                ],
                [
                    649.7527360916138,
                    -111.60817742347717
                ],
                [
                    524.5938301086426,
                    -121.48118019104004
                ],
                [
                    477.14102268218994,
                    171.77309095859528
                ],
                [
                    586.560308933258,
                    155.30875325202942
                ],
                [
                    742.7067756652832,
                    68.68264079093933
                ],
                [
                    616.8221235275269,
                    79.90403473377228
                ],
                [
                    559.8479509353638,
                    35.99084913730621
                ]
            ],
            "provenance": "visii",
            "quaternion_xyzw": [
                0.6079561710357666,
                0.7626837491989136,
                -0.21940156817436218,
                -0.023786038160324097
            ],
            "quaternion_xyzw_world": [
                0.7831277251243591,
                0.19895760715007782,
                0.587512195110321,
                -0.044230010360479355
            ],
            "segmentation_id": 12,
            "visibility": 1
        },
        {
            "bounding_box_minx_maxx_miny_maxy": [
                -1,
                -1,
                -1,
                -1
            ],
            "class": "Black",
            "local_cuboid": null,
            "local_to_world_matrix": [
                [
                    -0.5002282857894897,
                    0.789763867855072,
                    0.35502877831459045,
                    0.0
                ],
                [
                    0.747704803943634,
                    0.6007581949234009,
                    -0.2828909754753113,
                    0.0
                ],
                [
                    -0.43670353293418884,
                    0.12394671142101288,
                    -0.891026496887207,
                    0.0
                ],
                [
                    0.35129252076148987,
                    -0.5295844674110413,
                    0.29167115688323975,
                    1.0
                ]
            ],
            "location": [
                0.5295844674110413,
                0.29167115688323975,
                -0.35129252076148987
            ],
            "location_world": [
                0.35129252076148987,
                -0.5295844674110413,
                0.29167115688323975
            ],
            "name": "google_Black_Elderberry_Syrup_54_oz_Gaia_Herbs_12",
            "projected_cuboid": [
                [
                    1466.0229682922363,
                    -183.9202642440796
                ],
                [
                    1211.9019031524658,
                    -84.97768640518188
                ],
                [
                    1072.3872184753418,
                    -243.17681789398193
                ],
                [
                    1255.7997703552246,
                    -344.4044589996338
                ],
                [
                    1439.1781091690063,
                    -95.94783186912537
                ],
                [
                    1211.1082077026367,
                    -17.709195613861084
                ],
                [
                    1082.0081233978271,
                    -175.241619348526
                ],
                [
                    1251.3978481292725,
                    -259.3088746070862
                ],
                [
                    1233.1256866455078,
                    -178.65681648254395
                ]
            ],
            "provenance": "visii",
            "quaternion_xyzw": [
                -0.11876848340034485,
                0.5172449946403503,
                -0.7920477390289307,
                -0.30168235301971436
            ],
            "quaternion_xyzw_world": [
                0.4444209635257721,
                0.8648717999458313,
                -0.0459444634616375,
                -0.22885829210281372
            ],
            "segmentation_id": 13,
            "visibility": 0
        },
        {
            "bounding_box_minx_maxx_miny_maxy": [
                12,
                62,
                97,
                157
            ],
            "class": "Razer",
