{
    "camera_data": {
        "camera_look_at": {
            "at": [
                1.0,
                0.0,
                0.0
            ],
            "eye": [
                0.0,
                0.0,
                0.0
            ],
            "up": [
                0.0,
                0.0,
                1.0
            ]
        },
        "camera_view_matrix": [
            [
                0.0,
                0.0,
                -1.0,
                0.0
            ],
            [
                -1.0,
                0.0,
                0.0,
                0.0
            ],
            [
                0.0,
                1.0,
                0.0,
                0.0
            ],
            [
                0.0,
                0.0,
                0.0,
                1.0
            ]
        ],
        "height": 500,
        "intrinsics": {
            "cx": 250.0,
            "cy": 250.0,
            "fx": 603.5535278320312,
            "fy": 603.5535278320312
        },
        "location_world": [
            0.0,
            0.0,
            0.0
        ],
        "quaternion_world_xyzw": [
            0.5,
            -0.5,
            -0.5,
            0.5
        ],
        "width": 500
    },
    "objects": [
        {
            "bounding_box_minx_maxx_miny_maxy": [
                -1,
                -1,
                -1,
                -1
            ],
            "class": "Reebok",
            "local_cuboid": null,
            "local_to_world_matrix": [
                [
                    -0.43838751316070557,
                    0.8935664892196655,
                    0.09672275185585022,
                    0.0
                ],
                [
                    0.41912078857421875,
                    0.29843902587890625,
                    -0.857479989528656,
                    0.0
                ],
                [
                    -0.7950812578201294,
                    -0.3353700041770935,
                    -0.5053442716598511,
                    0.0
                ],
                [
                    0.6012561917304993,
                    -0.1710856556892395,
                    0.4186384975910187,
                    1.0
                ]
            ],
            "location": [
                0.1710856556892395,
                0.4186384975910187,
                -0.6012561917304993
            ],
            "location_world": [
                0.6012561917304993,
                -0.1710856556892395,
                0.4186384975910187
            ],
            "name": "google_Reebok_SOMERSET_RUN_0",
            "projected_cuboid": [
                [
                    540.0446653366089,
                    -450.67298412323
                ],
                [
                    378.2205581665039,
                    -15.547603368759155
                ],
                [
                    322.8260576725006,
                    -32.63238072395325
                ],
                [
                    442.47132539749146,
                    -393.8695192337036
                ],
                [
                    638.5153532028198,
                    -363.34019899368286
                ],
                [
                    469.8496460914612,
                    17.604321241378784
                ],
                [
                    406.13752603530884,
                    -2.702653408050537
                ],
                [
                    533.3951115608215,
                    -325.7889747619629
                ],
                [
                    457.14467763900757,
                    -173.34100604057312
                ]
            ],
            "provenance": "visii",
            "quaternion_xyzw": [
                -0.2054460048675537,
                0.24546146392822266,
                -0.9415582418441772,
                -0.10492229461669922
            ],
            "quaternion_xyzw_world": [
                0.4383257031440735,
                0.7486940026283264,
                -0.39831024408340454,
                -0.29778653383255005
            ],
            "segmentation_id": 1,
            "visibility": 0
        },
        {
            "bounding_box_minx_maxx_miny_maxy": [
                -1,
                -1,
                -1,
                -1
            ],
            "class": "Breyer",
            "local_cuboid": null,
            "local_to_world_matrix": [
                [
                    0.32252925634384155,
                    -0.7473994493484497,
                    0.5808347463607788,
                    0.0
                ],
                [
                    0.8762789964675903,
                    0.0037268400192260742,
                    -0.48178964853286743,
                    0.0
                ],
                [
                    0.3579246997833252,
                    0.6643645167350769,
                    0.6561323404312134,
                    0.0
                ],
                [
                    0.4280705451965332,
                    -0.35950255393981934,
                    -0.12947455048561096,
                    1.0
                ]
            ],
            "location": [
                0.35950255393981934,
                -0.12947455048561096,
                -0.4280705451965332
            ],
            "location_world": [
                0.4280705451965332,
                -0.35950255393981934,
                -0.12947455048561096
            ],
            "name": "google_Breyer_Horse_Of_The_Year_2015_1",
            "projected_cuboid": [
                [
                    666.1416292190552,
                    189.86552953720093
                ],
                [
                    627.7604103088379,
                    225.79629719257355
                ],
                [
                    793.1289672851562,
                    345.26002407073975
                ],
                [
                    854.9664616584778,
                    318.4508979320526
                ],
                [
                    494.37105655670166,
                    369.3833351135254
                ],
                [
                    468.1972861289978,
                    391.90250635147095
                ],
                [
                    642.0459747314453,
                    554.0386438369751
                ],
                [
                    695.7345604896545,
                    550.2558946609497
                ],
                [
                    655.1225781440735,
                    356.4033806324005
                ]
            ],
            "provenance": "visii",
            "quaternion_xyzw": [
                -0.8042253255844116,
                -0.17939870059490204,
                0.3067839741706848,
                0.47636252641677856
            ],
            "quaternion_xyzw_world": [
                -0.40702274441719055,
                -0.07915991544723511,
                -0.5766013264656067,
                0.7039865851402283
            ],
            "segmentation_id": 2,
            "visibility": 0
        },
        {
            "bounding_box_minx_maxx_miny_maxy": [
                114,
                229,
                1,
                64
            ],
            "class": "Smith",
            "local_cuboid": null,
            "local_to_world_matrix": [
                [
                    0.43934720754623413,
                    -0.8500676155090332,
                    0.29044657945632935,
                    0.0
                ],
                [
                    -0.3371872007846832,
                    0.1436287760734558,
                    0.9304168820381165,
                    0.0
                ],
                [
                    -0.8326336741447449,
                    -0.506710946559906,
                    -0.22352898120880127,
                    0.0
                ],
                [
                    1.9100096225738525,
                    0.31090739369392395,
                    0.7265862226486206,
                    1.0
                ]
            ],
            "location": [
                -0.31090739369392395,
                0.7265862226486206,
                -1.9100096225738525
            ],
            "location_world": [
                1.9100096225738525,
                0.31090739369392395,
                0.7265862226486206
            ],
            "name": "google_Smith_Hawken_Woven_BasketTray_Organizer_with_3_Compartments_95_x_9_x_13_2",
            "projected_cuboid": [
                [
                    249.12530183792114,
                    50.818830728530884
                ],
                [
                    236.12618446350098,
                    -43.13993453979492
                ],
                [
                    195.49883902072906,
                    -28.068482875823975
                ],
                [
                    208.8020294904709,
                    54.907143115997314
                ],
                [
                    136.94649934768677,
                    69.99948620796204
                ],
                [
                    116.40483140945435,
                    -32.414406538009644
                ],
                [
                    87.15848624706268,
                    -17.349302768707275
                ],
                [
                    106.6027581691742,
                    72.14422523975372
                ],
                [
                    168.6268448829651,
                    16.938865184783936
                ]
            ],
            "provenance": "visii",
            "quaternion_xyzw": [
                0.14749319851398468,
                0.24885520339012146,
                0.1141810417175293,
                0.9504102468490601
            ],
            "quaternion_xyzw_world": [
                0.6162887811660767,
                -0.4816146194934845,
                -0.21994036436080933,
                0.5829766392707825
            ],
            "segmentation_id": 3,
            "visibility": 1
        },
        {
            "bounding_box_minx_maxx_miny_maxy": [
                408,
                480,
                87,
                167
            ],
            "class": "Paul",
            "local_cuboid": null,
            "local_to_world_matrix": [
                [
                    0.338856041431427,
                    -0.9172469973564148,
                    0.20936739444732666,
                    0.0
                ],
                [
                    0.9398192763328552,
                    0.3196471929550171,
                    -0.12068749964237213,
                    0.0
                ],
                [
                    0.04377651959657669,
                    0.23766319453716278,
                    0.9703606963157654,
                    0.0
                ],
                [
                    1.8069819211959839,
                    -0.5757433176040649,
                    0.2664022147655487,
                    1.0
                ]
            ],
            "location": [
                0.5757433176040649,
                0.2664022147655487,
                -1.8069819211959839
            ],
            "location_world": [
                1.8069819211959839,
                -0.5757433176040649,
                0.2664022147655487
            ],
            "name": "google_Paul_Frank_Dot_Lunch_Box_3",
            "projected_cuboid": [
                [
                    469.631552696228,
                    74.82311129570007
                ],
                [
                    447.09843397140503,
                    88.22299540042877
                ],
                [
                    465.645432472229,
                    158.78872573375702
                ],
                [
                    489.3501400947571,
                    149.28725361824036
                ],
                [
                    396.32606506347656,
                    85.07345616817474
                ],
                [
                    376.7675459384918,
                    98.55911135673523
                ],
                [
                    395.8336114883423,
                    172.65665531158447
                ],
                [
                    416.63795709609985,
                    163.48141431808472
                ],
                [
                    432.7121675014496,
                    123.7669587135315
                ]
            ],
            "provenance": "visii",
            "quaternion_xyzw": [
                -0.7214067578315735,
                0.038216978311538696,
                0.19978994131088257,
                0.6619635820388794
            ],
            "quaternion_xyzw_world": [
                -0.11050811409950256,
                -0.051064878702163696,
                -0.572681725025177,
                0.8106886148452759
            ],
            "segmentation_id": 4,
            "visibility": 1
        },
        {
            "bounding_box_minx_maxx_miny_maxy": [
                21,
                77,
                109,
                163
            ],
            "class": "Toys",
            "local_cuboid": null,
            "local_to_world_matrix": [
                [
                    0.6593689918518066,
                    0.13017085194587708,
                    0.7404648065567017,
                    0.0
                ],
                [
                    0.5816558599472046,
                    -0.7123512029647827,
                    -0.3927242159843445,
                    0.0
                ],
                [
                    0.47634971141815186,
                    0.6896458268165588,
                    -0.5454169511795044,
                    0.0
                ],
                [
                    1.6902002096176147,
                    0.5200523138046265,
                    0.3679950535297394,
                    1.0
                ]
            ],
            "location": [
                -0.5200523138046265,
                0.3679950535297394,
                -1.6902002096176147
            ],
            "location_world": [
                1.6902002096176147,
                0.5200523138046265,
                0.3679950535297394
            ],
            "name": "google_Toys_R_Us_Treat_Dispenser_Smart_Puzzle_Foobler_4",
            "projected_cuboid": [
                [
                    14.402300119400024,
                    123.18389117717743
                ],
                [
                    61.34076416492462,
                    148.91353249549866
                ],
                [
                    89.38440680503845,
                    116.49024486541748
                ],
                [
                    41.903167963027954,
                    87.94090151786804
                ],
                [
                    7.278040051460266,
                    156.8925678730011
                ],
                [
                    57.30491876602173,
                    182.39876627922058
                ],
                [
                    86.87235414981842,
                    149.46472644805908
                ],
                [
                    36.21192276477814,
                    120.94002962112427
                ],
                [
                    49.73919689655304,
                    135.99863648414612
                ]
            ],
            "provenance": "visii",
            "quaternion_xyzw": [
                0.6593374013900757,
                0.5508621335029602,
                -0.5115039944648743,
                -0.013740643858909607
            ],
            "quaternion_xyzw_world": [
                0.8539814352989197,
                0.208384707570076,
                0.3562180697917938,
                -0.3168599605560303
            ],
            "segmentation_id": 5,
            "visibility": 1
        },
        {
            "bounding_box_minx_maxx_miny_maxy": [
                -1,
                -1,
                -1,
                -1
            ],
            "class": "Tag",
            "local_cuboid": null,
            "local_to_world_matrix": [
                [
                    -0.6373273134231567,
                    -0.06482252478599548,
                    -0.7678623795509338,
                    0.0
                ],
                [
                    0.351426899433136,
                    -0.9112513065338135,
                    -0.21475765109062195,
                    0.0
                ],
                [
                    -0.6857941746711731,
                    -0.40671828389167786,
                    0.6035451889038086,
                    0.0
                ],
                [
                    0.21204182505607605,
                    -0.4230581223964691,
                    -0.11379402130842209,
                    1.0
                ]
            ],
            "location": [
                0.4230581223964691,
                -0.11379402130842209,
                -0.21204182505607605
            ],
            "location_world": [
                0.21204182505607605,
                -0.4230581223964691,
                -0.11379402130842209
            ],
            "name": "google_Tag_Dishtowel_Basket_Weave_Red_18_x_26_5",
            "projected_cuboid": [
                [
                    2434.5595836639404,
                    1113.797903060913
                ],
                [
                    2144.4106101989746,
                    881.991982460022
                ],
                [
                    1873.5355138778687,
                    869.8666095733643
                ],
                [
                    1914.5392179489136,
                    1045.7649230957031
                ],
                [
                    1224.0991592407227,
                    256.33981823921204
                ],
                [
                    1394.7685956954956,
                    361.03555560112
                ],
                [
                    1277.9309749603271,
                    393.70131492614746
                ],
                [
                    1082.92818069458,
                    311.9615316390991
                ],
                [
                    1546.4798212051392,
                    560.8952045440674
                ]
            ],
            "provenance": "visii",
            "quaternion_xyzw": [
                0.38528764247894287,
                0.09304013848304749,
                0.6774454712867737,
                -0.6196489334106445
            ],
            "quaternion_xyzw_world": [
                -0.4093833267688751,
                -0.17502200603485107,
                0.8877111077308655,
                -0.11722547560930252
            ],
            "segmentation_id": 6,
            "visibility": 0
        },
        {
            "bounding_box_minx_maxx_miny_maxy": [
                341,
                450,
                263,
                330
            ],
            "class": "FRACTION",
            "local_cuboid": null,
            "local_to_world_matrix": [
                [
                    -0.7918006181716919,
                    -0.6107645034790039,
                    0.004312083125114441,
                    0.0
                ],
                [
                    -0.45425018668174744,
                    0.5935841202735901,
                    0.6643151640892029,
                    0.0
                ],
                [
                    -0.4082997441291809,
                    0.5240463614463806,
                    -0.7474402189254761,
                    0.0
                ],
                [
                    1.232106328010559,
                    -0.30044856667518616,
                    -0.0837433859705925,
                    1.0
                ]
            ],
            "location": [
                0.30044856667518616,
                -0.0837433859705925,
                -1.232106328010559
            ],
            "location_world": [
                1.232106328010559,
                -0.30044856667518616,
                -0.0837433859705925
            ],
            "name": "google_FRACTION_FUN_n4h4qte23QR_6",
            "projected_cuboid": [
                [
                    446.6879963874817,
                    340.8941626548767
                ],
                [
                    400.52956342697144,
                    279.1593372821808
                ],
                [
                    410.4940593242645,
                    261.05377078056335
                ],
                [
                    455.25801181793213,
                    323.16339015960693
                ],
                [
                    377.4401545524597,
                    331.73346519470215
                ],
                [
                    331.64694905281067,
                    276.2666344642639
                ],
                [
                    341.4917290210724,
                    260.1976990699768
                ],
                [
                    386.0468566417694,
                    315.9538805484772
                ],
                [
                    392.5703763961792,
                    299.3803322315216
                ]
            ],
            "provenance": "visii",
            "quaternion_xyzw": [
                -0.3667933940887451,
                0.40163755416870117,
                -0.182496577501297,
                -0.8190511465072632
            ],
            "quaternion_xyzw_world": [
                -0.30085521936416626,
                0.8849893808364868,
                0.3356993794441223,
                -0.11655841022729874
            ],
            "segmentation_id": 7,
            "visibility": 1
        },
        {
            "bounding_box_minx_maxx_miny_maxy": [
                -1,
                -1,
                -1,
                -1
            ],
            "class": "FAIRY",
            "local_cuboid": null,
            "local_to_world_matrix": [
                [
                    0.9180775284767151,
                    -0.011120408773422241,
                    0.3962448537349701,
                    0.0
                ],
                [
                    0.14461147785186768,
                    0.9401108622550964,
                    -0.3086731731891632,
                    0.0
                ],
                [
                    -0.3690815269947052,
                    0.34068748354911804,
                    0.8647028207778931,
                    0.0
                ],
                [
                    0.4025426506996155,
                    0.10035627335309982,
                    0.3731667399406433,
                    1.0
                ]
            ],
            "location": [
                -0.10035627335309982,
                0.3731667399406433,
                -0.4025426506996155
            ],
            "location_world": [
                0.4025426506996155,
                0.10035627335309982,
                0.3731667399406433
            ],
            "name": "google_FAIRY_TALE_BLOCKS_7",
            "projected_cuboid": [
                [
                    176.77932977676392,
                    -703.6359310150146
                ],
                [
                    -148.47952127456665,
                    -514.2542719841003
                ],
                [
                    -1.6942918300628662,
                    -179.65739965438843
                ],
                [
                    281.0588777065277,
                    -311.9441270828247
                ],
                [
                    79.37243580818176,
                    -1542.0258045196533
                ],
                [
                    -556.1854839324951,
                    -1020.3914642333984
                ],
                [
                    -192.50214099884033,
                    -304.2783737182617
                ],
                [
                    301.0343909263611,
                    -565.5045509338379
                ],
                [
                    19.35429871082306,
                    -533.3893895149231
                ]
            ],
            "provenance": "visii",
            "quaternion_xyzw": [
                -0.4875223636627197,
                0.2788929343223572,
                0.6454910039901733,
                0.5175734162330627
            ],
            "quaternion_xyzw_world": [
                -0.16827350854873657,
                -0.1983245462179184,
                -0.040355928242206573,
                0.9647398591041565
            ],
            "segmentation_id": 8,
            "visibility": 0
        },
        {
            "bounding_box_minx_maxx_miny_maxy": [
                1,
                219,
                1,
                200
            ],
            "class": "Great",
            "local_cuboid": null,
            "local_to_world_matrix": [
                [
                    0.02488189935684204,
                    0.7750178575515747,
                    -0.6314492225646973,
                    0.0
                ],
                [
                    -0.4207855463027954,
                    0.5810842514038086,
                    0.6966208815574646,
                    0.0
                ],
                [
                    0.9068188667297363,
                    0.24837149679660797,
                    0.34057480096817017,
                    0.0
                ],
                [
                    0.6681531071662903,
                    0.13584694266319275,
                    0.17223884165287018,
                    1.0
                ]
            ],
            "location": [
                -0.13584694266319275,
                0.17223884165287018,
                -0.6681531071662903
            ],
            "location_world": [
                0.6681531071662903,
                0.13584694266319275,
                0.17223884165287018
            ],
            "name": "google_Great_Jones_Wingtip_kAqSg6EgG0I_8",
            "projected_cuboid": [
                [
                    166.13447666168213,
                    201.6584873199463
                ],
                [
                    -4.209995269775391,
                    7.137537002563477
                ],
                [
                    -19.393503665924072,
                    4.373177886009216
                ],
                [
                    177.56029963493347,
                    226.67740285396576
                ],
                [
                    228.13162207603455,
                    150.75954794883728
                ],
                [
                    68.67536902427673,
                    -54.01459336280823
                ],
                [
                    65.92750549316406,
                    -67.28407740592957
                ],
                [
                    248.33115935325623,
                    168.70534420013428
                ],
                [
                    124.28727746009827,
                    89.34599161148071
                ]
            ],
            "provenance": "visii",
            "quaternion_xyzw": [
                -0.32984089851379395,
                0.9190289974212646,
                0.2071099877357483,
                -0.06079505383968353
            ],
            "quaternion_xyzw_world": [
                0.16064156591892242,
                0.5512775182723999,
                0.42854657769203186,
                0.6975924372673035
            ],
            "segmentation_id": 9,
            "visibility": 1
        },
        {
            "bounding_box_minx_maxx_miny_maxy": [
                267,
                363,
                462,
                500
            ],
            "class": "Ecoforms",
            "local_cuboid": null,
            "local_to_world_matrix": [
                [
                    -0.7481141090393066,
                    -0.42108601331710815,
                    -0.5128469467163086,
                    0.0
                ],
                [
                    0.15557225048542023,
                    0.6400190591812134,
                    -0.7524446249008179,
                    0.0
                ],
                [
                    0.6450756788253784,
                    -0.642699122428894,
                    -0.41329801082611084,
                    0.0
                ],
                [
                    1.448002576828003,
                    -0.10287430882453918,
                    -0.6097893118858337,
                    1.0
                ]
            ],
            "location": [
                0.10287430882453918,
                -0.6097893118858337,
                -1.448002576828003
            ],
            "location_world": [
                1.448002576828003,
                -0.10287430882453918,
                -0.6097893118858337
            ],
            "name": "google_Ecoforms_Plant_Container_Quadra_Sand_QP6_9",
            "projected_cuboid": [
                [
                    378.05336713790894,
                    519.4735527038574
                ],
                [
                    326.57697796821594,
                    571.711540222168
                ],
                [
                    285.58459877967834,
                    566.635251045227
                ],
                [
                    340.2792811393738,
                    510.1175904273987
                ],
                [
                    336.75968647003174,
                    459.1605067253113
                ],
                [
                    290.48919677734375,
                    507.9561471939087
                ],
                [
                    250.74481964111328,
                    498.83294105529785
                ],
                [
                    299.57735538482666,
                    446.33203744888306
                ],
                [
                    313.05867433547974,
                    508.93592834472656
                ]
            ],
            "provenance": "visii",
            "quaternion_xyzw": [
                -0.8394352793693542,
                0.3433457314968109,
                -0.4142109751701355,
                -0.07675570249557495
            ],
            "quaternion_xyzw_world": [
                -0.0793171375989914,
                0.8368738293647766,
                -0.41677242517471313,
                0.34590715169906616
            ],
            "segmentation_id": 10,
            "visibility": 1
        },
        {
            "bounding_box_minx_maxx_miny_maxy": [
                -1,
                -1,
                -1,
                -1
            ],
            "class": "ReadytoUse",
            "local_cuboid": null,
            "local_to_world_matrix": [
                [
                    -0.31053292751312256,
                    -0.36725983023643494,
                    -0.8767494559288025,
                    0.0
                ],
                [
                    -0.945197343826294,
                    0.021441102027893066,
                    0.32579484581947327,
                    0.0
                ],
                [
                    -0.1008528470993042,
                    0.9298713207244873,
                    -0.3537912368774414,
                    0.0
                ],
                [
                    0.2007150799036026,
                    -0.39877593517303467,
                    -0.33593514561653137,
                    1.0
                ]
            ],
            "location": [
                0.39877593517303467,
                -0.33593514561653137,
                -0.2007150799036026
            ],
            "location_world": [
                0.2007150799036026,
                -0.39877593517303467,
                -0.33593514561653137
            ],
            "name": "google_ReadytoUse_Rolled_Fondant_Pure_White_24_oz_box_10",
            "projected_cuboid": [
                [
                    1099.3804931640625,
                    1715.4983282089233
                ],
                [
                    1373.2563257217407,
                    2127.6004314422607
                ],
                [
                    1849.3417501449585,
                    1699.3951797485352
                ],
                [
                    1490.4086589813232,
                    1418.3971881866455
                ],
                [
                    837.9088044166565,
                    1185.333251953125
                ],
                [
                    986.4727258682251,
                    1373.5028505325317
                ],
                [
                    1404.484748840332,
                    1092.9343700408936
                ],
                [
                    1186.4206790924072,
                    971.5726375579834
                ],
                [
                    1255.2499771118164,
                    1397.4473476409912
                ]
            ],
            "provenance": "visii",
            "quaternion_xyzw": [
                -0.4849258065223694,
                0.46305567026138306,
                0.31929540634155273,
                -0.6696841716766357
            ],
            "quaternion_xyzw_world": [
                -0.5054248571395874,
                0.6491851210594177,
                0.4835547208786011,
                0.2987963557243347
            ],
            "segmentation_id": 11,
            "visibility": 0
        },
        {
            "bounding_box_minx_maxx_miny_maxy": [
                -1,
                -1,
                -1,
                -1
            ],
            "class": "Dog",
            "local_cuboid": null,
            "local_to_world_matrix": [
                [
                    0.3476971983909607,
                    0.9145594835281372,
                    0.20660987496376038,
                    0.0
                ],
                [
                    0.4836961030960083,
                    0.013810038566589355,
                    -0.8751270771026611,
                    0.0
                ],
                [
                    -0.8032090663909912,
                    0.40421557426452637,
                    -0.43756723403930664,
                    0.0
                ],
                [
                    0.5127779245376587,
                    -0.3726535439491272,
                    0.44719576835632324,
                    1.0
                ]
            ],
            "location": [
                0.3726535439491272,
                0.44719576835632324,
                -0.5127779245376587
            ],
            "location_world": [
                0.5127779245376587,
                -0.3726535439491272,
                0.44719576835632324
            ],
            "name": "google_Dog_11",
            "projected_cuboid": [
                [
                    569.9383616447449,
                    -554.561197757721
                ],
                [
                    500.8155107498169,
                    -165.75410962104797
                ],
                [
                    514.951229095459,
                    -142.52883195877075
                ],
                [
                    564.846396446228,
                    -405.01725673675537
                ],
                [
                    1143.0509090423584,
                    -688.5384321212769
                ],
                [
                    914.4465327262878,
                    -178.60350012779236
                ],
                [
                    803.1155467033386,
                    -147.799551486969
                ],
                [
                    922.9466915130615,
                    -460.80511808395386
                ],
                [
                    709.2912197113037,
                    -311.4693760871887
                ]
            ],
            "provenance": "visii",
            "quaternion_xyzw": [
                0.1983422040939331,
                0.24301409721374512,
                -0.947746753692627,
                -0.058143146336078644
            ],
            "quaternion_xyzw_world": [
                0.6654799580574036,
                0.5252808928489685,
                -0.22412364184856415,
                -0.4806089997291565
            ],
            "segmentation_id": 12,
            "visibility": 0
        },
        {
            "bounding_box_minx_maxx_miny_maxy": [
                -1,
                -1,
                -1,
                -1
            ],
            "class": "Black",
            "local_cuboid": null,
            "local_to_world_matrix": [
                [
                    -0.5754234790802002,
                    -0.5946490168571472,
                    -0.5614984631538391,
                    0.0
                ],
                [
                    -0.5092509388923645,
                    -0.276705265045166,
                    0.8149219751358032,
                    0.0
                ],
                [
                    -0.6399620175361633,
                    0.754868745803833,
                    -0.14360284805297852,
                    0.0
                ],
                [
                    0.42747801542282104,
                    -0.44306936860084534,
                    0.22578567266464233,
                    1.0
                ]
            ],
            "location": [
                0.44306936860084534,
                0.22578567266464233,
                -0.42747801542282104
            ],
            "location_world": [
                0.42747801542282104,
                -0.44306936860084534,
                0.22578567266464233
            ],
            "name": "google_Black_Elderberry_Syrup_54_oz_Gaia_Herbs_12",
            "projected_cuboid": [
                [
                    870.0121641159058,
                    -48.57063293457031
                ],
                [
                    964.1132950782776,
                    -174.08409714698792
                ],
                [
                    963.5996222496033,
                    -106.39426112174988
                ],
                [
                    890.0434374809265,
                    -13.015955686569214
                ],
                [
                    758.3269476890564,
                    -74.64608550071716
                ],
                [
                    833.2192301750183,
                    -190.21445512771606
                ],
                [
                    861.0873222351074,
                    -124.22072887420654
                ],
                [
                    799.5209097862244,
                    -36.362290382385254
                ],
                [
                    864.9895787239075,
                    -91.14289283752441
                ]
            ],
            "provenance": "visii",
            "quaternion_xyzw": [
                -0.18692579865455627,
                0.38089069724082947,
                0.23999539017677307,
                -0.873145580291748
            ],
            "quaternion_xyzw_world": [
                -0.45958805084228516,
                0.6004833579063416,
                0.6535529494285583,
                -0.03266684710979462
            ],
            "segmentation_id": 13,
            "visibility": 0
        },
        {
            "bounding_box_minx_maxx_miny_maxy": [
                57,
                77,
                91,
                124
