{
    "camera_data": {
        "camera_look_at": {
            "at": [
                1.0,
                0.0,
                0.0
            ],
            "eye": [
                0.0,
                0.0,
                0.0
            ],
            "up": [
                0.0,
                0.0,
                1.0
            ]
        },
        "camera_view_matrix": [
            [
                0.0,
                0.0,
                -1.0,
                0.0
            ],
            [
                -1.0,
                0.0,
                0.0,
                0.0
            ],
            [
                0.0,
                1.0,
                0.0,
                0.0
            ],
            [
                0.0,
                0.0,
                0.0,
                1.0
            ]
        ],
        "height": 500,
        "intrinsics": {
            "cx": 250.0,
            "cy": 250.0,
            "fx": 603.5535278320312,
            "fy": 603.5535278320312
        },
        "location_world": [
            0.0,
            0.0,
            0.0
        ],
        "quaternion_world_xyzw": [
            0.5,
            -0.5,
            -0.5,
            0.5
        ],
        "width": 500
    },
    "objects": [
        {
            "bounding_box_minx_maxx_miny_maxy": [
                -1,
                -1,
                -1,
                -1
            ],
            "class": "Reebok",
            "local_cuboid": null,
            "local_to_world_matrix": [
                [
                    0.12461131811141968,
                    -0.4114806056022644,
                    0.9028596878051758,
                    0.0
                ],
                [
                    0.9636455178260803,
                    -0.16656231880187988,
                    -0.20891210436820984,
                    0.0
                ],
                [
                    0.23634573817253113,
                    0.8960695266723633,
                    0.37576591968536377,
                    0.0
                ],
                [
                    0.5877830982208252,
                    0.18100352585315704,
                    0.16637945175170898,
                    1.0
                ]
            ],
            "location": [
                -0.18100352585315704,
                0.16637945175170898,
                -0.5877830982208252
            ],
            "location_world": [
                0.5877830982208252,
                0.18100352585315704,
                0.16637945175170898
            ],
            "name": "google_Reebok_SOMERSET_RUN_0",
            "projected_cuboid": [
                [
                    -108.8750958442688,
                    -115.64037203788757
                ],
                [
                    62.282875180244446,
                    67.81867146492004
                ],
                [
                    140.62224328517914,
                    96.81166708469391
                ],
                [
                    7.803365588188171,
                    -79.72204685211182
                ],
                [
                    -179.686039686203,
                    5.014106631278992
                ],
                [
                    21.342068910598755,
                    146.49680256843567
                ],
                [
                    99.6515154838562,
                    179.04624342918396
                ],
                [
                    -63.69456648826599,
                    49.61115121841431
                ],
                [
                    16.235023736953735,
                    61.16338074207306
                ]
            ],
            "provenance": "visii",
            "quaternion_xyzw": [
                -0.6813109517097473,
                -0.3924133777618408,
                0.37452828884124756,
                0.4914831519126892
            ],
            "quaternion_xyzw_world": [
                -0.47838470339775085,
                -0.28855693340301514,
                -0.5953395962715149,
                0.5774545073509216
            ],
            "segmentation_id": 1,
            "visibility": 0
        },
        {
            "bounding_box_minx_maxx_miny_maxy": [
                -1,
                -1,
                -1,
                -1
            ],
            "class": "Breyer",
            "local_cuboid": null,
            "local_to_world_matrix": [
                [
                    -0.2201094627380371,
                    0.2793431282043457,
                    -0.934622585773468,
                    0.0
                ],
                [
                    -0.9234892129898071,
                    -0.3682795763015747,
                    0.10741481184959412,
                    0.0
                ],
                [
                    -0.31419676542282104,
                    0.8867568969726562,
                    0.33903205394744873,
                    0.0
                ],
                [
                    0.17770794034004211,
                    -0.22203481197357178,
                    -0.011631975881755352,
                    1.0
                ]
            ],
            "location": [
                0.22203481197357178,
                -0.011631975881755352,
                -0.17770794034004211
            ],
            "location_world": [
                0.17770794034004211,
                -0.22203481197357178,
                -0.011631975881755352
            ],
            "name": "google_Breyer_Horse_Of_The_Year_2015_1",
            "projected_cuboid": [
                [
                    468.99276971817017,
                    596.9873666763306
                ],
                [
                    812.4502301216125,
                    803.7901520729065
                ],
                [
                    1272.222638130188,
                    843.0679440498352
                ],
                [
                    882.6472163200378,
                    681.7777752876282
                ],
                [
                    627.5942325592041,
                    -246.72344326972961
                ],
                [
                    897.1966505050659,
                    -493.92998218536377
                ],
                [
                    1195.6760883331299,
                    -99.65670108795166
                ],
                [
                    912.98508644104,
                    0.3883838653564453
                ],
                [
                    888.6753916740417,
                    194.65339183807373
                ]
            ],
            "provenance": "visii",
            "quaternion_xyzw": [
                -0.27342522144317627,
                0.5178226232528687,
                0.6095336675643921,
                -0.5343847870826721
            ],
            "quaternion_xyzw_world": [
                -0.4497604966163635,
                0.35804951190948486,
                0.6941579580307007,
                0.43319836258888245
            ],
            "segmentation_id": 2,
            "visibility": 0
        },
        {
            "bounding_box_minx_maxx_miny_maxy": [
                -1,
                -1,
                -1,
                -1
            ],
            "class": "Smith",
            "local_cuboid": null,
            "local_to_world_matrix": [
                [
                    0.6657949090003967,
                    0.1524195373058319,
                    0.7304008603096008,
                    0.0
                ],
                [
                    0.005669817328453064,
                    0.9778509736061096,
                    -0.20922556519508362,
                    0.0
                ],
                [
                    -0.7461132407188416,
                    0.1434425413608551,
                    0.6501840353012085,
                    0.0
                ],
                [
                    1.5012025833129883,
                    0.5831996202468872,
                    0.2812301814556122,
                    1.0
                ]
            ],
            "location": [
                -0.5831996202468872,
                0.2812301814556122,
                -1.5012025833129883
            ],
            "location_world": [
                1.5012025833129883,
                0.5831996202468872,
                0.2812301814556122
            ],
            "name": "google_Smith_Hawken_Woven_BasketTray_Organizer_with_3_Compartments_95_x_9_x_13_2",
            "projected_cuboid": [
                [
                    28.410479426383972,
                    -11.437416076660156
                ],
                [
                    -78.25756072998047,
                    11.70291006565094
                ],
                [
                    -23.334503173828125,
                    106.178879737854
                ],
                [
                    70.18493115901947,
                    85.98679304122925
                ],
                [
                    11.429190635681152,
                    70.12838125228882
                ],
                [
                    -116.90518260002136,
                    97.87273406982422
                ],
                [
                    -46.8277633190155,
                    196.26615941524506
                ],
                [
                    62.938958406448364,
                    172.65599966049194
                ],
                [
                    -8.695632219314575,
                    90.9980982542038
                ]
            ],
            "provenance": "visii",
            "quaternion_xyzw": [
                -0.2786991000175476,
                0.2219688594341278,
                0.7259060740470886,
                0.5883170962333679
            ],
            "quaternion_xyzw_world": [
                -0.09715957939624786,
                -0.40677759051322937,
                0.04042934626340866,
                0.9074455499649048
            ],
            "segmentation_id": 3,
            "visibility": 0
        },
        {
            "bounding_box_minx_maxx_miny_maxy": [
                362,
                384,
                104,
                121
            ],
            "class": "Paul",
            "local_cuboid": null,
            "local_to_world_matrix": [
                [
                    -0.9179426431655884,
                    0.2702970802783966,
                    0.2903810739517212,
                    0.0
                ],
                [
                    0.2481549233198166,
                    -0.17985844612121582,
                    0.9518772959709167,
                    0.0
                ],
                [
                    0.3095170855522156,
                    0.9458280205726624,
                    0.09802401065826416,
                    0.0
                ],
                [
                    1.261420488357544,
                    -0.30497610569000244,
                    0.3652535378932953,
                    1.0
                ]
            ],
            "location": [
                0.30497610569000244,
                0.3652535378932953,
                -1.261420488357544
            ],
            "location_world": [
                1.261420488357544,
                -0.30497610569000244,
                0.3652535378932953
            ],
            "name": "google_Paul_Frank_Dot_Lunch_Box_3",
            "projected_cuboid": [
                [
                    270.2079117298126,
                    61.13918125629425
                ],
                [
                    279.32778000831604,
                    14.663800597190857
                ],
                [
                    395.99016308784485,
                    11.912330985069275
                ],
                [
                    389.0621066093445,
                    61.284810304641724
                ],
                [
                    296.6526448726654,
                    124.90105628967285
                ],
                [
                    303.78660559654236,
                    84.92191135883331
                ],
                [
                    401.4895558357239,
                    86.26368641853333
                ],
                [
                    395.89330554008484,
                    128.36720049381256
                ],
                [
                    340.8285081386566,
                    74.65440034866333
                ]
            ],
            "provenance": "visii",
            "quaternion_xyzw": [
                0.14776912331581116,
                0.7955645322799683,
                -0.04717745631933212,
                -0.5856754779815674
            ],
            "quaternion_xyzw_world": [
                0.2024177759885788,
                0.6403241753578186,
                0.740915834903717,
                0.00747121125459671
            ],
            "segmentation_id": 4,
            "visibility": 1
        },
        {
            "bounding_box_minx_maxx_miny_maxy": [
                256,
                335,
                462,
                500
            ],
            "class": "Toys",
            "local_cuboid": null,
            "local_to_world_matrix": [
                [
                    0.3145320415496826,
                    0.645226001739502,
                    -0.696242094039917,
                    0.0
                ],
                [
                    -0.9073280096054077,
                    -0.011203646659851074,
                    -0.42027419805526733,
                    0.0
                ],
                [
                    -0.2789722681045532,
                    0.763909637928009,
                    0.5819076299667358,
                    0.0
                ],
                [
                    1.191163420677185,
                    -0.14701621234416962,
                    -0.5361483693122864,
                    1.0
                ]
            ],
            "location": [
                0.14701621234416962,
                -0.5361483693122864,
                -1.191163420677185
            ],
            "location_world": [
                1.191163420677185,
                -0.14701621234416962,
                -0.5361483693122864
            ],
            "name": "google_Toys_R_Us_Treat_Dispenser_Smart_Puzzle_Foobler_4",
            "projected_cuboid": [
                [
                    239.82854187488556,
                    477.51933336257935
                ],
                [
                    239.48431015014648,
                    541.7250394821167
                ],
                [
                    301.6343116760254,
                    577.8675079345703
                ],
                [
                    295.21486163139343,
                    511.87366247177124
                ],
                [
                    289.8840010166168,
                    432.3332607746124
                ],
                [
                    296.15432024002075,
                    493.5174584388733
                ],
                [
                    358.8498532772064,
                    533.144474029541
                ],
                [
                    345.71707248687744,
                    469.6037173271179
                ],
                [
                    295.63817381858826,
                    503.6022663116455
                ]
            ],
            "provenance": "visii",
            "quaternion_xyzw": [
                -0.35216331481933594,
                0.48630738258361816,
                0.7655835151672363,
                -0.23101520538330078
            ],
            "quaternion_xyzw_world": [
                -0.43122732639312744,
                0.15195119380950928,
                0.5653713941574097,
                0.6865195035934448
            ],
            "segmentation_id": 5,
            "visibility": 1
        },
        {
            "bounding_box_minx_maxx_miny_maxy": [
                -1,
                -1,
                -1,
                -1
            ],
            "class": "Tag",
            "local_cuboid": null,
            "local_to_world_matrix": [
                [
                    -0.6246235370635986,
                    0.13097864389419556,
                    -0.7698636651039124,
                    0.0
                ],
                [
                    0.7659094929695129,
                    -0.08964943885803223,
                    -0.6366676092147827,
                    0.0
                ],
                [
                    -0.152407705783844,
                    -0.9873234033584595,
                    -0.04432058334350586,
                    0.0
                ],
                [
                    0.3399035930633545,
                    -0.5125614404678345,
                    -0.1736001819372177,
                    1.0
                ]
            ],
            "location": [
                0.5125614404678345,
                -0.1736001819372177,
                -0.3399035930633545
            ],
            "location_world": [
                0.3399035930633545,
                -0.5125614404678345,
                -0.1736001819372177
            ],
            "name": "google_Tag_Dishtowel_Basket_Weave_Red_18_x_26_5",
            "projected_cuboid": [
                [
                    1900.1514911651611,
                    772.6401090621948
                ],
                [
                    1139.5583152770996,
                    762.5604867935181
                ],
                [
                    1071.7403888702393,
                    752.8377771377563
                ],
                [
                    1750.578761100769,
                    753.8589239120483
                ],
                [
                    1356.8161725997925,
                    320.9748864173889
                ],
                [
                    969.2389369010925,
                    482.08966851234436
                ],
                [
                    918.2681441307068,
                    477.60164737701416
                ],
                [
                    1269.146203994751,
                    316.667377948761
                ],
                [
                    1197.9503631591797,
                    561.6412162780762
                ]
            ],
            "provenance": "visii",
            "quaternion_xyzw": [
                0.5816531181335449,
                -0.2923625111579895,
                0.6928300857543945,
                -0.3101457357406616
            ],
            "quaternion_xyzw_world": [
                -0.35684260725975037,
                -0.6283499598503113,
                0.6461331844329834,
                -0.24566562473773956
            ],
            "segmentation_id": 6,
            "visibility": 0
        },
        {
            "bounding_box_minx_maxx_miny_maxy": [
                -1,
                -1,
                -1,
                -1
            ],
            "class": "FRACTION",
            "local_cuboid": null,
            "local_to_world_matrix": [
                [
                    -0.12278926372528076,
                    -0.5195091962814331,
                    -0.8455962538719177,
                    0.0
                ],
                [
                    -0.5341329574584961,
                    -0.6835200786590576,
                    0.497496098279953,
                    0.0
                ],
                [
                    -0.8364357352256775,
                    0.5127480626106262,
                    -0.19355809688568115,
                    0.0
                ],
                [
                    0.2779395282268524,
                    0.06652522087097168,
                    -0.3004804849624634,
                    1.0
                ]
            ],
            "location": [
                -0.06652522087097168,
                -0.3004804849624634,
                -0.2779395282268524
            ],
            "location_world": [
                0.2779395282268524,
                0.06652522087097168,
                -0.3004804849624634
            ],
            "name": "google_FRACTION_FUN_n4h4qte23QR_6",
            "projected_cuboid": [
                [
                    17.85881817340851,
                    1173.3770370483398
                ],
                [
                    320.98323106765747,
                    1376.0656118392944
                ],
                [
                    371.5258240699768,
                    1162.1108055114746
                ],
                [
                    87.27414906024933,
                    1050.8259534835815
                ],
                [
                    -147.1724808216095,
                    812.2537732124329
                ],
                [
                    40.88224470615387,
                    812.3034238815308
                ],
                [
                    129.93139028549194,
                    704.3612599372864
                ],
                [
                    -64.34023380279541,
                    736.465573310852
                ],
                [
                    69.26645338535309,
                    958.2397937774658
                ]
            ],
            "provenance": "visii",
            "quaternion_xyzw": [
                0.21539348363876343,
                -0.1881163865327835,
                -0.4526119828224182,
                0.8446065187454224
            ],
            "quaternion_xyzw_world": [
                0.6622478365898132,
                -0.39775222539901733,
                -0.6349707245826721,
                -0.005757646169513464
            ],
            "segmentation_id": 7,
            "visibility": 0
        },
        {
            "bounding_box_minx_maxx_miny_maxy": [
                -1,
                -1,
                -1,
                -1
            ],
            "class": "FAIRY",
            "local_cuboid": null,
            "local_to_world_matrix": [
                [
                    -0.24650752544403076,
                    -0.9340804815292358,
                    0.25831690430641174,
                    0.0
                ],
                [
                    -0.5966633558273315,
                    0.35631293058395386,
                    0.7190507650375366,
                    0.0
                ],
                [
                    -0.7636929750442505,
                    0.023123234510421753,
                    -0.6451654434204102,
                    0.0
                ],
                [
                    0.3805394470691681,
                    0.14147868752479553,
                    0.2978925108909607,
                    1.0
                ]
            ],
            "location": [
                -0.14147868752479553,
                0.2978925108909607,
                -0.3805394470691681
            ],
            "location_world": [
                0.3805394470691681,
                0.14147868752479553,
                0.2978925108909607
            ],
            "name": "google_FAIRY_TALE_BLOCKS_7",
            "projected_cuboid": [
                [
                    289.5408570766449,
                    37.909507751464844
                ],
                [
                    -215.9634232521057,
                    -1442.0312643051147
                ],
                [
                    88.74750137329102,
                    -698.1524229049683
                ],
                [
                    281.0928225517273,
                    -80.38699626922607
                ],
                [
                    -154.95824813842773,
                    199.26585257053375
                ],
                [
                    -904.6869277954102,
                    -562.9056096076965
                ],
                [
                    -302.40416526794434,
                    -407.31048583984375
                ],
                [
                    -7.7811479568481445,
                    39.60007429122925
                ],
                [
                    -43.181031942367554,
                    -212.34086155891418
                ]
            ],
            "provenance": "visii",
            "quaternion_xyzw": [
                -0.33590805530548096,
                0.07293368875980377,
                -0.16625410318374634,
                -0.9242326617240906
            ],
            "quaternion_xyzw_world": [
                -0.5104764699935913,
                0.7496642470359802,
                0.24750211834907532,
                -0.3408225178718567
            ],
            "segmentation_id": 8,
            "visibility": 0
        },
        {
            "bounding_box_minx_maxx_miny_maxy": [
                -1,
                -1,
                -1,
                -1
            ],
            "class": "Great",
            "local_cuboid": null,
            "local_to_world_matrix": [
                [
                    0.43951350450515747,
                    0.8230205774307251,
                    -0.3598124384880066,
                    0.0
                ],
                [
                    0.5563712120056152,
                    -0.5639219284057617,
                    -0.6102810502052307,
                    0.0
                ],
                [
                    -0.7051799893379211,
                    0.06803745031356812,
                    -0.7057563066482544,
                    0.0
                ],
                [
                    1.2837308645248413,
                    0.0006168580148369074,
                    0.5115503072738647,
                    1.0
                ]
            ],
            "location": [
                -0.0006168580148369074,
                0.5115503072738647,
                -1.2837308645248413
            ],
            "location_world": [
                1.2837308645248413,
                0.0006168580148369074,
                0.5115503072738647
            ],
            "name": "google_Great_Jones_Wingtip_kAqSg6EgG0I_8",
            "projected_cuboid": [
                [
                    174.83371496200562,
                    -17.907708883285522
                ],
                [
                    265.53311944007874,
                    104.88151013851166
                ],
                [
                    267.9882347583771,
                    78.49404215812683
                ],
                [
                    183.59407782554626,
                    -39.9821400642395
                ],
                [
                    222.0596820116043,
                    -52.01748013496399
                ],
                [
                    309.78572368621826,
                    80.19213378429413
                ],
                [
                    309.69318747520447,
                    54.31738495826721
                ],
                [
                    227.9547154903412,
                    -72.67895340919495
                ],
                [
                    247.81876802444458,
                    21.180063486099243
                ]
            ],
            "provenance": "visii",
            "quaternion_xyzw": [
                0.14324840903282166,
                0.35621604323387146,
                -0.8857880234718323,
                0.2607097923755646
            ],
            "quaternion_xyzw_world": [
                0.8229811191558838,
                0.41902291774749756,
                -0.3235166668891907,
                -0.20605531334877014
            ],
            "segmentation_id": 9,
            "visibility": 0
        },
        {
            "bounding_box_minx_maxx_miny_maxy": [
                -1,
                -1,
                -1,
                -1
            ],
            "class": "Ecoforms",
            "local_cuboid": null,
            "local_to_world_matrix": [
                [
                    0.5484669208526611,
                    0.051197588443756104,
                    -0.8346034288406372,
                    0.0
                ],
                [
                    0.620689868927002,
                    -0.6937392950057983,
                    0.36533528566360474,
                    0.0
                ],
                [
                    -0.5602928400039673,
                    -0.718404233455658,
                    -0.4122709035873413,
                    0.0
                ],
                [
                    1.5312036275863647,
                    0.6654408574104309,
                    0.133745476603508,
                    1.0
                ]
            ],
            "location": [
                -0.6654408574104309,
                0.133745476603508,
                -1.5312036275863647
            ],
            "location_world": [
                1.5312036275863647,
                0.6654408574104309,
                0.133745476603508
            ],
            "name": "google_Ecoforms_Plant_Container_Quadra_Sand_QP6_9",
            "projected_cuboid": [
                [
                    -9.66694951057434,
                    271.0237205028534
                ],
                [
                    61.558157205581665,
                    242.3376739025116
                ],
                [
                    27.90069580078125,
                    217.24596619606018
                ],
                [
                    -41.518181562423706,
                    242.21257865428925
                ],
                [
                    -25.681614875793457,
                    200.34155249595642
                ],
                [
                    52.00399458408356,
                    175.35917460918427
                ],
                [
                    16.648292541503906,
                    152.67625451087952
                ],
                [
                    -58.80984663963318,
                    174.1122007369995
                ],
                [
                    3.9696097373962402,
                    209.69608426094055
                ]
            ],
            "provenance": "visii",
            "quaternion_xyzw": [
                -0.07611541450023651,
                0.46266624331474304,
                -0.5581566095352173,
                0.6845492124557495
            ],
            "quaternion_xyzw_world": [
                0.8146283030509949,
                0.20619449019432068,
                -0.4280775189399719,
                0.3325871229171753
            ],
            "segmentation_id": 10,
            "visibility": 0
        },
        {
            "bounding_box_minx_maxx_miny_maxy": [
                -1,
                -1,
                -1,
                -1
            ],
            "class": "ReadytoUse",
            "local_cuboid": null,
            "local_to_world_matrix": [
                [
                    -0.885240912437439,
                    -0.3404046893119812,
                    0.31697526574134827,
                    0.0
                ],
                [
                    -0.3267224431037903,
                    0.9401148557662964,
                    0.09714158624410629,
                    0.0
                ],
                [
                    -0.33106061816215515,
                    -0.017569229006767273,
                    -0.9434459209442139,
                    0.0
                ],
                [
                    0.22226446866989136,
                    -0.4052625894546509,
                    -0.25341248512268066,
                    1.0
                ]
            ],
            "location": [
                0.4052625894546509,
                -0.25341248512268066,
                -0.22226446866989136
            ],
            "location_world": [
                0.22226446866989136,
                -0.4052625894546509,
                -0.25341248512268066
            ],
            "name": "google_ReadytoUse_Rolled_Fondant_Pure_White_24_oz_box_10",
            "projected_cuboid": [
                [
                    2508.1772804260254,
                    2227.1203994750977
                ],
                [
                    2588.0844593048096,
                    2502.565383911133
                ],
                [
                    1763.980507850647,
                    1121.2835311889648
                ],
                [
                    1784.2153310775757,
                    1058.420181274414
                ],
                [
                    1334.3333005905151,
                    1397.027850151062
                ],
                [
                    1285.054326057434,
                    1470.1205492019653
                ],
                [
                    1062.9817247390747,
                    858.250081539154
                ],
                [
                    1115.1187419891357,
                    834.0467214584351
                ],
                [
                    1511.6530656814575,
                    1283.2255363464355
                ]
            ],
            "provenance": "visii",
            "quaternion_xyzw": [
                -0.47754648327827454,
                0.3262193500995636,
                -0.47262945771217346,
                -0.6649449467658997
            ],
            "quaternion_xyzw_world": [
                -0.17182128131389618,
                0.9706701040267944,
                0.020494181662797928,
                -0.1669042557477951
            ],
            "segmentation_id": 11,
            "visibility": 0
        },
        {
            "bounding_box_minx_maxx_miny_maxy": [
                362,
                499,
                1,
                178
            ],
            "class": "Dog",
            "local_cuboid": null,
            "local_to_world_matrix": [
                [
                    0.6193923950195312,
                    -0.7477779984474182,
                    -0.23912565410137177,
                    0.0
                ],
                [
                    0.7846124768257141,
                    0.579081654548645,
                    0.22146731615066528,
                    0.0
                ],
                [
                    -0.02713508903980255,
                    -0.3247961401939392,
                    0.9453946948051453,
                    0.0
                ],
                [
                    0.7425811290740967,
                    -0.20883919298648834,
                    0.12328549474477768,
                    1.0
                ]
            ],
            "location": [
                0.20883919298648834,
                0.12328549474477768,
                -0.7425811290740967
            ],
            "location_world": [
                0.7425811290740967,
                -0.20883919298648834,
                0.12328549474477768
            ],
            "name": "google_Dog_11",
            "projected_cuboid": [
                [
                    589.9842977523804,
                    34.979283809661865
                ],
                [
                    460.2227210998535,
                    42.35750436782837
                ],
                [
                    415.02541303634644,
                    171.45714163780212
                ],
                [
                    534.9633693695068,
                    189.49627876281738
                ],
                [
                    496.00088596343994,
                    -73.35767149925232
                ],
                [
                    359.5929145812988,
                    -43.17489266395569
                ],
                [
                    306.4159154891968,
                    111.42191290855408
                ],
                [
                    428.6429286003113,
                    119.16248500347137
                ],
                [
                    447.45880365371704,
                    73.40037822723389
                ]
            ],
            "provenance": "visii",
            "quaternion_xyzw": [
                -0.6122041344642639,
                0.33412355184555054,
                0.1203014999628067,
                0.7064666152000427
            ],
            "quaternion_xyzw_world": [
                0.15404227375984192,
                0.059779781848192215,
                -0.4321228563785553,
                0.8865479230880737
            ],
            "segmentation_id": 12,
            "visibility": 1
        },
        {
            "bounding_box_minx_maxx_miny_maxy": [
                -1,
                -1,
                -1,
                -1
            ],
            "class": "Black",
            "local_cuboid": null,
            "local_to_world_matrix": [
                [
                    0.7901053428649902,
                    0.5596026182174683,
                    0.2501569390296936,
                    0.0
                ],
                [
                    0.2976170778274536,
                    -0.7069950103759766,
                    0.6415467858314514,
                    0.0
                ],
                [
                    0.5358709096908569,
                    -0.43243855237960815,
                    -0.7251479625701904,
                    0.0
                ],
                [
                    0.37190237641334534,
                    -0.40717288851737976,
                    0.3325966000556946,
                    1.0
                ]
            ],
            "location": [
                0.40717288851737976,
                0.3325966000556946,
                -0.37190237641334534
            ],
            "location_world": [
                0.37190237641334534,
                -0.40717288851737976,
                0.3325966000556946
            ],
            "name": "google_Black_Elderberry_Syrup_54_oz_Gaia_Herbs_12",
            "projected_cuboid": [
                [
                    814.0178322792053,
                    -30.71039915084839
                ],
                [
                    845.8152413368225,
                    -68.01304221153259
                ],
                [
                    866.786539554596,
                    -286.8208885192871
                ],
                [
                    829.5344710350037,
                    -251.97452306747437
                ],
                [
                    921.0160970687866,
                    -40.38161039352417
                ],
                [
                    951.7895579338074,
                    -81.15726709365845
                ],
                [
                    998.4145164489746,
                    -330.3995728492737
                ],
                [
                    963.0218744277954,
                    -293.1845784187317
                ],
                [
                    894.3975567817688,
                    -161.3467037677765
                ]
            ],
            "provenance": "visii",
            "quaternion_xyzw": [
                0.2892756462097168,
                0.8271971344947815,
                -0.3091055750846863,
                0.3694838881492615
            ],
            "quaternion_xyzw_world": [
                0.8975310921669006,
                0.23877158761024475,
                0.21894167363643646,
                0.29914990067481995
            ],
            "segmentation_id": 13,
            "visibility": 0
        },
        {
            "bounding_box_minx_maxx_miny_maxy": [
                -1,
                -1,
                -1,
                -1
            ],
