{
    "camera_data": {
        "camera_look_at": {
            "at": [
                1.0,
                0.0,
                0.0
            ],
            "eye": [
                0.0,
                0.0,
                0.0
            ],
            "up": [
                0.0,
                0.0,
                1.0
            ]
        },
        "camera_view_matrix": [
            [
                0.0,
                0.0,
                -1.0,
                0.0
            ],
            [
                -1.0,
                0.0,
                0.0,
                0.0
            ],
            [
                0.0,
                1.0,
                0.0,
                0.0
            ],
            [
                0.0,
                0.0,
                0.0,
                1.0
            ]
        ],
        "height": 500,
        "intrinsics": {
            "cx": 250.0,
            "cy": 250.0,
            "fx": 603.5535278320312,
            "fy": 603.5535278320312
        },
        "location_world": [
            0.0,
            0.0,
            0.0
        ],
        "quaternion_world_xyzw": [
            0.5,
            -0.5,
            -0.5,
            0.5
        ],
        "width": 500
    },
    "objects": [
        {
            "bounding_box_minx_maxx_miny_maxy": [
                170,
                270,
                1,
                171
            ],
            "class": "Reebok",
            "local_cuboid": null,
            "local_to_world_matrix": [
                [
                    0.12421435117721558,
                    -0.9792851805686951,
                    -0.15991055965423584,
                    0.0
                ],
                [
                    0.19421452283859253,
                    0.1820361614227295,
                    -0.9639209508895874,
                    0.0
                ],
                [
                    0.9730629920959473,
                    0.08867588639259338,
                    0.21280288696289062,
                    0.0
                ],
                [
                    0.5868038535118103,
                    0.02679421938955784,
                    0.22297169268131256,
                    1.0
                ]
            ],
            "location": [
                -0.02679421938955784,
                0.22297169268131256,
                -0.5868038535118103
            ],
            "location_world": [
                0.5868038535118103,
                0.02679421938955784,
                0.22297169268131256
            ],
            "name": "google_Reebok_SOMERSET_RUN_0",
            "projected_cuboid": [
                [
                    289.8939847946167,
                    -87.89587020874023
                ],
                [
                    243.07021498680115,
                    169.83824968338013
                ],
                [
                    251.79952383041382,
                    179.25021052360535
                ],
                [
                    308.8584244251251,
                    -129.04420495033264
                ],
                [
                    190.3095245361328,
                    -111.42626404762268
                ],
                [
                    150.4247784614563,
                    153.17338705062866
                ],
                [
                    142.1443223953247,
                    159.70644354820251
                ],
                [
                    189.34878706932068,
                    -158.44300389289856
                ],
                [
                    220.0479656457901,
                    29.153674840927124
                ]
            ],
            "provenance": "visii",
            "quaternion_xyzw": [
                -0.9894782304763794,
                0.08639571070671082,
                0.05378851294517517,
                0.10283637046813965
            ],
            "quaternion_xyzw_world": [
                -0.42701736092567444,
                0.4596245586872101,
                -0.4760652184486389,
                0.6162494421005249
            ],
            "segmentation_id": 1,
            "visibility": 1
        },
        {
            "bounding_box_minx_maxx_miny_maxy": [
                446,
                499,
                238,
                500
            ],
            "class": "Breyer",
            "local_cuboid": null,
            "local_to_world_matrix": [
                [
                    -0.2764253616333008,
                    0.6451348662376404,
                    -0.7123131155967712,
                    0.0
                ],
                [
                    -0.42995062470436096,
                    0.5798636674880981,
                    0.6920264363288879,
                    0.0
                ],
                [
                    0.8594948649406433,
                    0.49755313992500305,
                    0.11708712577819824,
                    0.0
                ],
                [
                    0.13345791399478912,
                    -0.17558346688747406,
                    -0.019928118214011192,
                    1.0
                ]
            ],
            "location": [
                0.17558346688747406,
                -0.019928118214011192,
                -0.13345791399478912
            ],
            "location_world": [
                0.13345791399478912,
                -0.17558346688747406,
                -0.019928118214011192
            ],
            "name": "google_Breyer_Horse_Of_The_Year_2015_1",
            "projected_cuboid": [
                [
                    341.7525291442871,
                    501.5605688095093
                ],
                [
                    259.4156861305237,
                    419.4924235343933
                ],
                [
                    809.2187643051147,
                    805.1947951316833
                ],
                [
                    866.2932515144348,
                    898.4423875808716
                ],
                [
                    616.4608001708984,
                    124.63508546352386
                ],
                [
                    577.0221948623657,
                    27.979746460914612
                ],
                [
                    1171.4625358581543,
                    -94.87774968147278
                ],
                [
                    1156.1973094940186,
                    92.10537374019623
                ],
                [
                    658.689558506012,
                    273.7298905849457
                ]
            ],
            "provenance": "visii",
            "quaternion_xyzw": [
                -0.3613632321357727,
                0.8939597606658936,
                0.15298163890838623,
                -0.21644669771194458
            ],
            "quaternion_xyzw_world": [
                0.08158409595489502,
                0.6593940258026123,
                0.45101243257522583,
                0.595928966999054
            ],
            "segmentation_id": 2,
            "visibility": 1
        },
        {
            "bounding_box_minx_maxx_miny_maxy": [
                0,
                62,
                21,
                114
            ],
            "class": "Smith",
            "local_cuboid": null,
            "local_to_world_matrix": [
                [
                    0.4627690315246582,
                    0.852000892162323,
                    0.24482521414756775,
                    0.0
                ],
                [
                    -0.8442705273628235,
                    0.5077979564666748,
                    -0.17131419479846954,
                    0.0
                ],
                [
                    -0.270281583070755,
                    -0.12741978466510773,
                    0.9543123245239258,
                    0.0
                ],
                [
                    1.5409003496170044,
                    0.6014806032180786,
                    0.3667389154434204,
                    1.0
                ]
            ],
            "location": [
                -0.6014806032180786,
                0.3667389154434204,
                -1.5409003496170044
            ],
            "location_world": [
                1.5409003496170044,
                0.6014806032180786,
                0.3667389154434204
            ],
            "name": "google_Smith_Hawken_Woven_BasketTray_Organizer_with_3_Compartments_95_x_9_x_13_2",
            "projected_cuboid": [
                [
                    12.357279658317566,
                    -0.4839599132537842
                ],
                [
                    -78.0087411403656,
                    -19.743144512176514
                ],
                [
                    -75.92785358428955,
                    95.17237544059753
                ],
                [
                    10.393887758255005,
                    99.22672808170319
                ],
                [
                    109.88560318946838,
                    7.199719548225403
                ],
                [
                    24.303942918777466,
                    -13.26841115951538
                ],
                [
                    21.139413118362427,
                    115.50359427928925
                ],
                [
                    103.19505631923676,
                    117.17097461223602
                ],
                [
                    16.29406213760376,
                    51.5102744102478
                ]
            ],
            "provenance": "visii",
            "quaternion_xyzw": [
                -0.1107156053185463,
                0.5938023328781128,
                0.7572312355041504,
                0.24847862124443054
            ],
            "quaternion_xyzw_world": [
                -0.012832913547754288,
                -0.15059594810009003,
                0.49591970443725586,
                0.8551139235496521
            ],
            "segmentation_id": 3,
            "visibility": 1
        },
        {
            "bounding_box_minx_maxx_miny_maxy": [
                -1,
                -1,
                -1,
                -1
            ],
            "class": "Paul",
            "local_cuboid": null,
            "local_to_world_matrix": [
                [
                    0.1849815845489502,
                    -0.8797155618667603,
                    0.43804383277893066,
                    0.0
                ],
                [
                    -0.09378883242607117,
                    0.42789870500564575,
                    0.8989473581314087,
                    0.0
                ],
                [
                    -0.978256344795227,
                    -0.20737230777740479,
                    -0.0033540725708007812,
                    0.0
                ],
                [
                    1.5292121171951294,
                    -0.37612655758857727,
                    0.33347222208976746,
                    1.0
                ]
            ],
            "location": [
                0.37612655758857727,
                0.33347222208976746,
                -1.5292121171951294
            ],
            "location_world": [
                1.5292121171951294,
                -0.37612655758857727,
                0.33347222208976746
            ],
            "name": "google_Paul_Frank_Dot_Lunch_Box_3",
            "projected_cuboid": [
                [
                    505.4205656051636,
                    94.96217966079712
                ],
                [
                    486.2878620624542,
                    49.470335245132446
                ],
                [
                    432.9017400741577,
                    78.55913043022156
                ],
                [
                    449.59503412246704,
                    117.23753809928894
                ],
                [
                    406.1099886894226,
                    143.35483312606812
                ],
                [
                    385.4551315307617,
                    96.50634229183197
                ],
                [
                    345.5941081047058,
                    119.422048330307
                ],
                [
                    363.4113073348999,
                    159.07466411590576
                ],
                [
                    420.7623302936554,
                    107.91826248168945
                ]
            ],
            "provenance": "visii",
            "quaternion_xyzw": [
                0.025059103965759277,
                0.10121200978755951,
                0.22337940335273743,
                0.9691386818885803
            ],
            "quaternion_xyzw_world": [
                0.43601518869400024,
                -0.5581825971603394,
                -0.30974408984184265,
                0.6343355178833008
            ],
            "segmentation_id": 4,
            "visibility": 0
        },
        {
            "bounding_box_minx_maxx_miny_maxy": [
                -1,
                -1,
                -1,
                -1
            ],
            "class": "Toys",
            "local_cuboid": null,
            "local_to_world_matrix": [
                [
                    0.9822856187820435,
                    0.1665463149547577,
                    0.08589152246713638,
                    0.0
                ],
                [
                    0.13476118445396423,
                    -0.3093416690826416,
                    -0.9413542747497559,
                    0.0
                ],
                [
                    -0.13020925223827362,
                    0.936253547668457,
                    -0.3263058662414551,
                    0.0
                ],
                [
                    1.2966547012329102,
                    0.30454471707344055,
                    -0.5914292931556702,
                    1.0
                ]
            ],
            "location": [
                -0.30454471707344055,
                -0.5914292931556702,
                -1.2966547012329102
            ],
            "location_world": [
                1.2966547012329102,
                0.30454471707344055,
                -0.5914292931556702
            ],
            "name": "google_Toys_R_Us_Treat_Dispenser_Smart_Puzzle_Foobler_4",
            "projected_cuboid": [
                [
                    31.982317566871643,
                    502.8892159461975
                ],
                [
                    56.38134479522705,
                    563.194215297699
                ],
                [
                    121.88015878200531,
                    536.8163585662842
                ],
                [
                    98.8362580537796,
                    476.99421644210815
                ],
                [
                    17.211169004440308,
                    541.9175624847412
                ],
                [
                    44.92515325546265,
                    609.1222763061523
                ],
                [
                    118.6964213848114,
                    578.742265701294
                ],
                [
                    92.70420670509338,
                    512.1264457702637
                ],
                [
                    73.4647810459137,
                    539.1759872436523
                ]
            ],
            "provenance": "visii",
            "quaternion_xyzw": [
                -0.6412095427513123,
                -0.1540966033935547,
                0.7480157017707825,
                -0.0746808648109436
            ],
            "quaternion_xyzw_world": [
                -0.8090013861656189,
                -0.09311093389987946,
                0.013695194385945797,
                0.5802239179611206
            ],
            "segmentation_id": 5,
            "visibility": 0
        },
        {
            "bounding_box_minx_maxx_miny_maxy": [
                -1,
                -1,
                -1,
                -1
            ],
            "class": "Tag",
            "local_cuboid": null,
            "local_to_world_matrix": [
                [
                    -0.1690378189086914,
                    0.13509950041770935,
                    -0.9763064980506897,
                    0.0
                ],
                [
                    0.8903295993804932,
                    -0.40396928787231445,
                    -0.2100522518157959,
                    0.0
                ],
                [
                    -0.4227758049964905,
                    -0.9047414064407349,
                    -0.05199706554412842,
                    0.0
                ],
                [
                    0.3032701909542084,
                    -0.4885580539703369,
                    -0.19515572488307953,
                    1.0
                ]
            ],
            "location": [
                0.4885580539703369,
                -0.19515572488307953,
                -0.3032701909542084
            ],
            "location_world": [
                0.3032701909542084,
                -0.4885580539703369,
                -0.19515572488307953
            ],
            "name": "google_Tag_Dishtowel_Basket_Weave_Red_18_x_26_5",
            "projected_cuboid": [
                [
                    1885.0326538085938,
                    1155.3332805633545
                ],
                [
                    1137.5868320465088,
                    736.3919019699097
                ],
                [
                    1055.7832717895508,
                    715.3470516204834
                ],
                [
                    1652.0272493362427,
                    1077.3451328277588
                ],
                [
                    1718.225359916687,
                    519.8511481285095
                ],
                [
                    1108.8643074035645,
                    454.8236131668091
                ],
                [
                    1033.660888671875,
                    445.06487250328064
                ],
                [
                    1528.1075239181519,
                    496.14816904067993
                ],
                [
                    1278.761386871338,
                    649.5431661605835
                ]
            ],
            "provenance": "visii",
            "quaternion_xyzw": [
                0.40378737449645996,
                -0.3543555736541748,
                0.664817214012146,
                -0.5190433263778687
            ],
            "quaternion_xyzw_world": [
                -0.5672143697738647,
                -0.45195838809013367,
                0.6166461706161499,
                -0.3061845600605011
            ],
            "segmentation_id": 6,
            "visibility": 0
        },
        {
            "bounding_box_minx_maxx_miny_maxy": [
                -1,
                -1,
                -1,
                -1
            ],
            "class": "FRACTION",
            "local_cuboid": null,
            "local_to_world_matrix": [
                [
                    0.14088290929794312,
                    0.6641784906387329,
                    0.7341792583465576,
                    0.0
                ],
                [
                    0.5667933225631714,
                    0.5539097785949707,
                    -0.6098601222038269,
                    0.0
                ],
                [
                    -0.8117250204086304,
                    0.5020467638969421,
                    -0.29841554164886475,
                    0.0
                ],
                [
                    0.18071410059928894,
                    0.2790291905403137,
                    -0.24551619589328766,
                    1.0
                ]
            ],
            "location": [
                -0.2790291905403137,
                -0.24551619589328766,
                -0.18071410059928894
            ],
            "location_world": [
                0.18071410059928894,
                0.2790291905403137,
                -0.24551619589328766
            ],
            "name": "google_FRACTION_FUN_n4h4qte23QR_6",
            "projected_cuboid": [
                [
                    -1531.571626663208,
                    1043.5123443603516
                ],
                [
                    -926.459789276123,
                    970.3450798988342
                ],
                [
                    -703.1585574150085,
                    834.5808386802673
                ],
                [
                    -982.4244976043701,
                    784.7479581832886
                ],
                [
                    -1200.2662420272827,
                    2270.171880722046
                ],
                [
                    -705.5465579032898,
                    1482.031226158142
                ],
                [
                    -492.78944730758667,
                    1249.2485046386719
                ],
                [
                    -635.6342434883118,
                    1575.9601593017578
                ],
                [
                    -824.0301609039307,
                    1183.6447715759277
                ]
            ],
            "provenance": "visii",
            "quaternion_xyzw": [
                -0.18300044536590576,
                -0.24626889824867249,
                0.87831711769104,
                0.36663559079170227
            ],
            "quaternion_xyzw_world": [
                -0.4704754650592804,
                -0.6541105508804321,
                0.04120607674121857,
                0.5908421277999878
            ],
            "segmentation_id": 7,
            "visibility": 0
        },
        {
            "bounding_box_minx_maxx_miny_maxy": [
                37,
                269,
                1,
                176
            ],
            "class": "FAIRY",
            "local_cuboid": null,
            "local_to_world_matrix": [
                [
                    -0.7218924760818481,
                    -0.15956896543502808,
                    -0.6733570098876953,
                    0.0
                ],
                [
                    -0.32450157403945923,
                    0.9374918341636658,
                    0.12572906911373138,
                    0.0
                ],
                [
                    0.6112042665481567,
                    0.30926817655563354,
                    -0.7285486459732056,
                    0.0
                ],
                [
                    0.3668630123138428,
                    0.064631387591362,
                    0.22226251661777496,
                    1.0
                ]
            ],
            "location": [
                -0.064631387591362,
                0.22226251661777496,
                -0.3668630123138428
            ],
            "location_world": [
                0.3668630123138428,
                0.064631387591362,
                0.22226251661777496
            ],
            "name": "google_FAIRY_TALE_BLOCKS_7",
            "projected_cuboid": [
                [
                    263.868123292923,
                    303.9873242378235
                ],
                [
                    -137.9011869430542,
                    262.2123956680298
                ],
                [
                    -185.99355220794678,
                    -150.02861618995667
                ],
                [
                    399.94218945503235,
                    20.36917209625244
                ],
                [
                    222.40382432937622,
                    130.29062747955322
                ],
                [
                    -55.0309419631958,
                    74.91287589073181
                ],
                [
                    -54.91003394126892,
                    -220.6193506717682
                ],
                [
                    298.3572483062744,
                    -99.13799166679382
                ],
                [
                    112.46871948242188,
                    54.83241379261017
                ]
            ],
            "provenance": "visii",
            "quaternion_xyzw": [
                -0.64129638671875,
                0.6279658675193787,
                -0.16085544228553772,
                -0.4105161428451538
            ],
            "quaternion_xyzw_world": [
                -0.1314956098794937,
                0.9203169345855713,
                0.11816506832838058,
                0.34894534945487976
            ],
            "segmentation_id": 8,
            "visibility": 1
        },
        {
            "bounding_box_minx_maxx_miny_maxy": [
                163,
                175,
                1,
                8
            ],
            "class": "Great",
            "local_cuboid": null,
            "local_to_world_matrix": [
                [
                    0.4391458034515381,
                    -0.1647060513496399,
                    0.8831891417503357,
                    0.0
                ],
                [
                    0.8936571478843689,
                    0.18112891912460327,
                    -0.4105721414089203,
                    0.0
                ],
                [
                    -0.09234750270843506,
                    0.969569206237793,
                    0.22673261165618896,
                    0.0
                ],
                [
                    1.3065831661224365,
                    0.08005630970001221,
                    0.6170731782913208,
                    1.0
                ]
            ],
            "location": [
                -0.08005630970001221,
                0.6170731782913208,
                -1.3065831661224365
            ],
            "location_world": [
                1.3065831661224365,
                0.08005630970001221,
                0.6170731782913208
            ],
            "name": "google_Great_Jones_Wingtip_kAqSg6EgG0I_8",
            "projected_cuboid": [
                [
                    171.86614871025085,
                    -136.36469841003418
                ],
                [
                    163.42458128929138,
                    -9.605258703231812
                ],
                [
                    209.30978655815125,
                    2.8347820043563843
                ],
                [
                    228.41480374336243,
                    -119.8960542678833
                ],
                [
                    158.7274670600891,
                    -100.66089034080505
                ],
                [
                    152.5900363922119,
                    23.43146502971649
                ],
                [
                    200.13216137886047,
                    36.054953932762146
                ],
                [
                    217.81441569328308,
                    -83.81640911102295
                ],
                [
                    187.30512261390686,
                    -42.188555002212524
                ]
            ],
            "provenance": "visii",
            "quaternion_xyzw": [
                -0.6088783144950867,
                -0.2882596254348755,
                0.5784059762954712,
                0.4600221812725067
            ],
            "quaternion_xyzw_world": [
                -0.5077608227729797,
                -0.35890474915504456,
                -0.38937705755233765,
                0.6795233488082886
            ],
            "segmentation_id": 9,
            "visibility": 1
        },
        {
            "bounding_box_minx_maxx_miny_maxy": [
                -1,
                -1,
                -1,
                -1
            ],
            "class": "Ecoforms",
            "local_cuboid": null,
            "local_to_world_matrix": [
                [
                    -0.6274473667144775,
                    0.7490731477737427,
                    -0.2126028686761856,
                    0.0
                ],
                [
                    0.45008715987205505,
                    0.571704089641571,
                    0.6859855651855469,
                    0.0
                ],
                [
                    0.6353992223739624,
                    0.33472979068756104,
                    -0.6958625316619873,
                    0.0
                ],
                [
                    1.4261349439620972,
                    0.44958704710006714,
                    -0.09533586353063583,
                    1.0
                ]
            ],
            "location": [
                -0.44958704710006714,
                -0.09533586353063583,
                -1.4261349439620972
            ],
            "location_world": [
                1.4261349439620972,
                0.44958704710006714,
                -0.09533586353063583
            ],
            "name": "google_Ecoforms_Plant_Container_Quadra_Sand_QP6_9",
            "projected_cuboid": [
                [
                    29.43064272403717,
                    375.7145404815674
                ],
                [
                    -1.3873279094696045,
                    316.70495867729187
                ],
                [
                    3.6706477403640747,
                    271.548867225647
                ],
                [
                    37.30867803096771,
                    332.41280913352966
                ],
                [
                    101.9410789012909,
                    350.27191042900085
                ],
                [
                    69.57991421222687,
                    296.902060508728
                ],
                [
                    79.21379804611206,
                    253.88690829277039
                ],
                [
                    114.5474761724472,
                    308.6661100387573
                ],
                [
                    55.14596402645111,
                    312.78496980667114
                ]
            ],
            "provenance": "visii",
            "quaternion_xyzw": [
                -0.22379718720912933,
                0.8761361837387085,
                -0.3269895315170288,
                -0.2745512127876282
            ],
            "quaternion_xyzw_world": [
                0.3523886501789093,
                0.8507370352745056,
                0.2999503016471863,
                0.24919629096984863
            ],
            "segmentation_id": 10,
            "visibility": 0
        },
        {
            "bounding_box_minx_maxx_miny_maxy": [
                -1,
                -1,
                -1,
                -1
            ],
            "class": "ReadytoUse",
            "local_cuboid": null,
            "local_to_world_matrix": [
                [
                    0.11499327421188354,
                    0.704687237739563,
                    0.7001374363899231,
                    0.0
                ],
                [
                    0.8555284738540649,
                    0.28792667388916016,
                    -0.43031296133995056,
                    0.0
                ],
                [
                    -0.5048243403434753,
                    0.6484705805778503,
                    -0.569770336151123,
                    0.0
                ],
                [
                    0.29849401116371155,
                    -0.42793139815330505,
                    -0.30191662907600403,
                    1.0
                ]
            ],
            "location": [
                0.42793139815330505,
                -0.30191662907600403,
                -0.29849401116371155
            ],
            "location_world": [
                0.29849401116371155,
                -0.42793139815330505,
                -0.30191662907600403
            ],
            "name": "google_ReadytoUse_Rolled_Fondant_Pure_White_24_oz_box_10",
            "projected_cuboid": [
                [
                    1106.8150997161865,
                    1294.8273420333862
                ],
                [
                    922.2221374511719,
                    1165.7350063323975
                ],
                [
                    949.1034150123596,
                    749.2471933364868
                ],
                [
                    1082.4122428894043,
                    778.1587839126587
                ],
                [
                    1450.800061225891,
                    1651.2060165405273
                ],
                [
                    1191.251516342163,
                    1448.283314704895
                ],
                [
                    1146.0306644439697,
                    936.1556768417358
                ],
                [
                    1316.8389797210693,
                    995.6084489822388
                ],
                [
                    1130.7592391967773,
                    1075.8309364318848
                ]
            ],
            "provenance": "visii",
            "quaternion_xyzw": [
                0.2349475622177124,
                0.4386199712753296,
                -0.812376856803894,
                -0.3040658235549927
            ],
            "quaternion_xyzw_world": [
                0.5909392833709717,
                0.660057544708252,
                0.08262825012207031,
                -0.4563851058483124
            ],
            "segmentation_id": 11,
            "visibility": 0
        },
        {
            "bounding_box_minx_maxx_miny_maxy": [
                -1,
                -1,
                -1,
                -1
            ],
            "class": "Dog",
            "local_cuboid": null,
            "local_to_world_matrix": [
                [
                    0.4498639702796936,
                    0.24258771538734436,
                    -0.8595194220542908,
                    0.0
                ],
                [
                    -0.8925902843475342,
                    0.15454411506652832,
                    -0.423554927110672,
                    0.0
                ],
                [
                    0.030084431171417236,
                    0.9577407836914062,
                    0.2860552668571472,
                    0.0
                ],
                [
                    0.5256288647651672,
                    -0.4051988124847412,
                    0.11666899174451828,
                    1.0
                ]
            ],
            "location": [
                0.4051988124847412,
                0.11666899174451828,
                -0.5256288647651672
            ],
            "location_world": [
                0.5256288647651672,
                -0.4051988124847412,
                0.11666899174451828
            ],
            "name": "google_Dog_11",
            "projected_cuboid": [
                [
                    430.75239658355713,
                    149.55946803092957
                ],
                [
                    456.02309703826904,
                    211.18788421154022
                ],
                [
                    691.0548806190491,
                    280.17210960388184
                ],
                [
                    606.5220832824707,
                    200.65833628177643
                ],
                [
                    524.5745182037354,
                    -82.78289437294006
                ],
                [
                    595.757246017456,
                    -102.19582915306091
                ],
                [
                    895.6716060638428,
                    -19.601911306381226
                ],
                [
                    734.2814207077026,
                    -24.611592292785645
                ],
                [
                    602.4848222732544,
                    87.07445859909058
                ]
            ],
            "provenance": "visii",
            "quaternion_xyzw": [
                -0.5502389669418335,
                0.46073782444000244,
                0.6395424604415894,
                -0.27557799220085144
            ],
            "quaternion_xyzw_world": [
                -0.5023108124732971,
                0.3235061466693878,
                0.4128096401691437,
                0.6874706149101257
            ],
            "segmentation_id": 12,
            "visibility": 0
        },
        {
            "bounding_box_minx_maxx_miny_maxy": [
                -1,
                -1,
                -1,
                -1
            ],
            "class": "Black",
            "local_cuboid": null,
            "local_to_world_matrix": [
                [
                    -0.30278635025024414,
                    0.858049750328064,
                    -0.41481438279151917,
                    0.0
                ],
                [
                    -0.242374986410141,
                    0.35160934925079346,
                    0.9042263627052307,
                    0.0
                ],
                [
                    0.9217238426208496,
                    0.374328076839447,
                    0.10150730609893799,
                    0.0
                ],
                [
                    0.3448776602745056,
                    -0.3784604072570801,
                    0.3454374074935913,
                    1.0
                ]
            ],
            "location": [
                0.3784604072570801,
                0.3454374074935913,
                -0.3448776602745056
            ],
            "location_world": [
                0.3448776602745056,
                -0.3784604072570801,
                0.3454374074935913
            ],
            "name": "google_Black_Elderberry_Syrup_54_oz_Gaia_Herbs_12",
            "projected_cuboid": [
                [
                    642.1509981155396,
                    -156.79869055747986
                ],
                [
                    627.1928548812866,
                    -239.05888199806213
                ],
                [
                    880.1019191741943,
                    -410.80230474472046
                ],
                [
                    890.3384804725647,
                    -289.34311866760254
                ],
                [
                    688.268780708313,
                    -171.49457335472107
                ],
                [
                    675.2251386642456,
                    -251.22934579849243
                ],
                [
                    934.0499639511108,
                    -419.0952777862549
                ],
                [
                    941.6536688804626,
                    -303.1315207481384
                ],
                [
                    764.9256587028503,
                    -267.12244749069214
                ]
            ],
            "provenance": "visii",
            "quaternion_xyzw": [
                -0.1996544897556305,
                0.9596874117851257,
                0.08958179503679276,
                -0.17638930678367615
            ],
            "quaternion_xyzw_world": [
                0.24703089892864227,
                0.6230747103691101,
                0.5130020380020142,
                0.5362672209739685
            ],
            "segmentation_id": 13,
            "visibility": 0
        },
        {
            "bounding_box_minx_maxx_miny_maxy": [
                -1,
                -1,
                -1,
                -1
            ],
