{
    "camera_data": {
        "camera_look_at": {
            "at": [
                1.0,
                0.0,
                0.0
            ],
            "eye": [
                0.0,
                0.0,
                0.0
            ],
            "up": [
                0.0,
                0.0,
                1.0
            ]
        },
        "camera_view_matrix": [
            [
                0.0,
                0.0,
                -1.0,
                0.0
            ],
            [
                -1.0,
                0.0,
                0.0,
                0.0
            ],
            [
                0.0,
                1.0,
                0.0,
                0.0
            ],
            [
                0.0,
                0.0,
                0.0,
                1.0
            ]
        ],
        "height": 500,
        "intrinsics": {
            "cx": 250.0,
            "cy": 250.0,
            "fx": 603.5535278320312,
            "fy": 603.5535278320312
        },
        "location_world": [
            0.0,
            0.0,
            0.0
        ],
        "quaternion_world_xyzw": [
            0.5,
            -0.5,
            -0.5,
            0.5
        ],
        "width": 500
    },
    "objects": [
        {
            "bounding_box_minx_maxx_miny_maxy": [
                76,
                107,
                1,
                42
            ],
            "class": "Reebok",
            "local_cuboid": null,
            "local_to_world_matrix": [
                [
                    0.021049916744232178,
                    -0.9989567995071411,
                    0.04052355885505676,
                    0.0
                ],
                [
                    0.7547448873519897,
                    -0.010704517364501953,
                    -0.6559309959411621,
                    0.0
                ],
                [
                    0.6556805372238159,
                    0.04439219832420349,
                    0.7537323236465454,
                    0.0
                ],
                [
                    0.5930497050285339,
                    0.10913637280464172,
                    0.18255828320980072,
                    1.0
                ]
            ],
            "location": [
                -0.10913637280464172,
                0.18255828320980072,
                -0.5930497050285339
            ],
            "location_world": [
                0.5930497050285339,
                0.10913637280464172,
                0.18255828320980072
            ],
            "name": "google_Reebok_SOMERSET_RUN_0",
            "projected_cuboid": [
                [
                    185.88081002235413,
                    -147.06137776374817
                ],
                [
                    206.4431756734848,
                    113.67550492286682
                ],
                [
                    206.15214109420776,
                    173.9070564508438
                ],
                [
                    182.22081661224365,
                    -100.36000609397888
                ],
                [
                    63.537225127220154,
                    -143.80168914794922
                ],
                [
                    118.88134479522705,
                    116.80600047111511
                ],
                [
                    109.09700393676758,
                    177.58069932460785
                ],
                [
                    40.51005840301514,
                    -96.35433554649353
                ],
                [
                    143.1577354669571,
                    33.57197344303131
                ]
            ],
            "provenance": "visii",
            "quaternion_xyzw": [
                -0.9097483158111572,
                -0.014077544212341309,
                0.017983555793762207,
                0.4145314395427704
            ],
            "quaternion_xyzw_world": [
                -0.26363900303840637,
                0.23157790303230286,
                -0.6601868867874146,
                0.6640928983688354
            ],
            "segmentation_id": 1,
            "visibility": 1
        },
        {
            "bounding_box_minx_maxx_miny_maxy": [
                -1,
                -1,
                -1,
                -1
            ],
            "class": "Breyer",
            "local_cuboid": null,
            "local_to_world_matrix": [
                [
                    0.04019284248352051,
                    0.32430532574653625,
                    -0.9450981616973877,
                    0.0
                ],
                [
                    -0.9737597703933716,
                    -0.19933223724365234,
                    -0.10981160402297974,
                    0.0
                ],
                [
                    -0.22400102019309998,
                    0.9247122406959534,
                    0.30778372287750244,
                    0.0
                ],
                [
                    0.15919023752212524,
                    -0.20075756311416626,
                    -0.014625322073698044,
                    1.0
                ]
            ],
            "location": [
                0.20075756311416626,
                -0.014625322073698044,
                -0.15919023752212524
            ],
            "location_world": [
                0.15919023752212524,
                -0.20075756311416626,
                -0.014625322073698044
            ],
            "name": "google_Breyer_Horse_Of_The_Year_2015_1",
            "projected_cuboid": [
                [
                    316.32277369499207,
                    551.7245531082153
                ],
                [
                    428.2124638557434,
                    769.6362733840942
                ],
                [
                    1040.4865741729736,
                    851.5949249267578
                ],
                [
                    764.1550302505493,
                    649.1438150405884
                ],
                [
                    638.7715935707092,
                    -355.62819242477417
                ],
                [
                    973.2743501663208,
                    -706.6131234169006
                ],
                [
                    1477.4134159088135,
                    -197.45054841041565
                ],
                [
                    1047.4965572357178,
                    -76.71812176704407
                ],
                [
                    830.3385972976685,
                    220.06405889987946
                ]
            ],
            "provenance": "visii",
            "quaternion_xyzw": [
                -0.37466830015182495,
                0.4976174831390381,
                0.6438395977020264,
                -0.4443771243095398
            ],
            "quaternion_xyzw_world": [
                -0.4826337695121765,
                0.33641162514686584,
                0.6055830121040344,
                0.5358741283416748
            ],
            "segmentation_id": 2,
            "visibility": 0
        },
        {
            "bounding_box_minx_maxx_miny_maxy": [
                0,
                56,
                21,
                152
            ],
            "class": "Smith",
            "local_cuboid": null,
            "local_to_world_matrix": [
                [
                    0.631260871887207,
                    0.34012869000434875,
                    0.6970094442367554,
                    0.0
                ],
                [
                    -0.34123173356056213,
                    0.9288496971130371,
                    -0.1442192792892456,
                    0.0
                ],
                [
                    -0.6964701414108276,
                    -0.14680176973342896,
                    0.7024091482162476,
                    0.0
                ],
                [
                    1.5066794157028198,
                    0.589786171913147,
                    0.3173782527446747,
                    1.0
                ]
            ],
            "location": [
                -0.589786171913147,
                0.3173782527446747,
                -1.5066794157028198
            ],
            "location_world": [
                1.5066794157028198,
                0.589786171913147,
                0.3173782527446747
            ],
            "name": "google_Smith_Hawken_Woven_BasketTray_Organizer_with_3_Compartments_95_x_9_x_13_2",
            "projected_cuboid": [
                [
                    49.83116686344147,
                    -15.745937824249268
                ],
                [
                    -66.64726138114929,
                    -16.419410705566406
                ],
                [
                    -44.16891932487488,
                    87.42478489875793
                ],
                [
                    58.0311119556427,
                    82.54379034042358
                ],
                [
                    72.60379195213318,
                    57.23060667514801
                ],
                [
                    -64.97180461883545,
                    61.94056570529938
                ],
                [
                    -38.932979106903076,
                    172.4393665790558
                ],
                [
                    79.13760840892792,
                    161.58923506736755
                ],
                [
                    7.464617490768433,
                    74.07386600971222
                ]
            ],
            "provenance": "visii",
            "quaternion_xyzw": [
                -0.16402775049209595,
                0.3533551096916199,
                0.7383796572685242,
                0.5504820942878723
            ],
            "quaternion_xyzw_world": [
                0.0007148748263716698,
                -0.38573944568634033,
                0.1886124461889267,
                0.9031223058700562
            ],
            "segmentation_id": 3,
            "visibility": 1
        },
        {
            "bounding_box_minx_maxx_miny_maxy": [
                377,
                452,
                68,
                120
            ],
            "class": "Paul",
            "local_cuboid": null,
            "local_to_world_matrix": [
                [
                    -0.1834794282913208,
                    0.9453128576278687,
                    0.2696651518344879,
                    0.0
                ],
                [
                    -0.48601436614990234,
                    -0.3256828784942627,
                    0.8110001087188721,
                    0.0
                ],
                [
                    0.8544739484786987,
                    0.01774054765701294,
                    0.5191913843154907,
                    0.0
                ],
                [
                    1.3420268297195435,
                    -0.33461642265319824,
                    0.3538111448287964,
                    1.0
                ]
            ],
            "location": [
                0.33461642265319824,
                0.3538111448287964,
                -1.3420268297195435
            ],
            "location_world": [
                1.3420268297195435,
                -0.33461642265319824,
                0.3538111448287964
            ],
            "name": "google_Paul_Frank_Dot_Lunch_Box_3",
            "projected_cuboid": [
                [
                    323.56423139572144,
                    67.56994128227234
                ],
                [
                    340.39437770843506,
                    25.686919689178467
                ],
                [
                    356.19527101516724,
                    47.55024611949921
                ],
                [
                    336.26556396484375,
                    94.75883841514587
                ],
                [
                    415.82250595092773,
                    100.06937384605408
                ],
                [
                    435.2700114250183,
                    60.61078608036041
                ],
                [
                    464.54060077667236,
                    86.85344457626343
                ],
                [
                    441.2209391593933,
                    130.94249367713928
                ],
                [
                    389.1025185585022,
                    76.53464376926422
                ]
            ],
            "provenance": "visii",
            "quaternion_xyzw": [
                0.15665341913700104,
                0.9501035213470459,
                0.2644990086555481,
                -0.05294683575630188
            ],
            "quaternion_xyzw_world": [
                0.3946555554866791,
                0.2909489572048187,
                0.712101399898529,
                0.5025011897087097
            ],
            "segmentation_id": 4,
            "visibility": 1
        },
        {
            "bounding_box_minx_maxx_miny_maxy": [
                188,
                267,
                467,
                500
            ],
            "class": "Toys",
            "local_cuboid": null,
            "local_to_world_matrix": [
                [
                    0.4210440516471863,
                    0.8665457367897034,
                    -0.2679932117462158,
                    0.0
                ],
                [
                    -0.5799224972724915,
                    0.029997825622558594,
                    -0.8141191601753235,
                    0.0
                ],
                [
                    -0.697432279586792,
                    0.4981953501701355,
                    0.5151597857475281,
                    0.0
                ],
                [
                    1.1921112537384033,
                    0.005358703900128603,
                    -0.5147598385810852,
                    1.0
                ]
            ],
            "location": [
                -0.005358703900128603,
                -0.5147598385810852,
                -1.1921112537384033
            ],
            "location_world": [
                1.1921112537384033,
                0.005358703900128603,
                -0.5147598385810852
            ],
            "name": "google_Toys_R_Us_Treat_Dispenser_Smart_Puzzle_Foobler_4",
            "projected_cuboid": [
                [
                    173.92829060554504,
                    454.49596643447876
                ],
                [
                    165.00414907932281,
                    541.9802665710449
                ],
                [
                    211.8145376443863,
                    555.9322834014893
                ],
                [
                    216.69475734233856,
                    474.84350204467773
                ],
                [
                    243.1664764881134,
                    443.8282251358032
                ],
                [
                    239.7967427968979,
                    536.0223054885864
                ],
                [
                    282.162606716156,
                    551.3615012168884
                ],
                [
                    282.09272027015686,
                    466.22467041015625
                ],
                [
                    226.91969573497772,
                    501.92129611968994
                ]
            ],
            "provenance": "visii",
            "quaternion_xyzw": [
                -0.2500705420970917,
                0.2979069650173187,
                0.9189800024032593,
                -0.06474444270133972
            ],
            "quaternion_xyzw_world": [
                -0.46794402599334717,
                -0.15312902629375458,
                0.5157804489135742,
                0.7011065483093262
            ],
            "segmentation_id": 5,
            "visibility": 1
        },
        {
            "bounding_box_minx_maxx_miny_maxy": [
                -1,
                -1,
                -1,
                -1
            ],
            "class": "Tag",
            "local_cuboid": null,
            "local_to_world_matrix": [
                [
                    -0.43302059173583984,
                    0.23485782742500305,
                    -0.8702499866485596,
                    0.0
                ],
                [
                    0.8402231931686401,
                    -0.24440252780914307,
                    -0.48403772711753845,
                    0.0
                ],
                [
                    -0.32637131214141846,
                    -0.9408024549484253,
                    -0.09150171279907227,
                    0.0
                ],
                [
                    0.3325497806072235,
                    -0.5033536553382874,
                    -0.18760821223258972,
                    1.0
                ]
            ],
            "location": [
                0.5033536553382874,
                -0.18760821223258972,
                -0.3325497806072235
            ],
            "location_world": [
                0.3325497806072235,
                -0.5033536553382874,
                -0.18760821223258972
            ],
            "name": "google_Tag_Dishtowel_Basket_Weave_Red_18_x_26_5",
            "projected_cuboid": [
                [
                    1829.206943511963,
                    924.8253107070923
                ],
                [
                    1110.0988388061523,
                    757.2325468063354
                ],
                [
                    1034.9464416503906,
                    737.6793622970581
                ],
                [
                    1638.2815837860107,
                    876.2723207473755
                ],
                [
                    1473.9854335784912,
                    389.15199041366577
                ],
                [
                    1023.8347053527832,
                    478.6924123764038
                ],
                [
                    962.6544713973999,
                    469.0077304840088
                ],
                [
                    1349.8455286026,
                    376.2360215187073
                ],
                [
                    1209.696888923645,
                    598.9550948143005
                ]
            ],
            "provenance": "visii",
            "quaternion_xyzw": [
                0.4803146421909332,
                -0.3257487118244171,
                0.7150641679763794,
                -0.3897036612033844
            ],
            "quaternion_xyzw_world": [
                -0.47510093450546265,
                -0.5657119154930115,
                0.6296668648719788,
                -0.24035143852233887
            ],
            "segmentation_id": 6,
            "visibility": 0
        },
        {
            "bounding_box_minx_maxx_miny_maxy": [
                -1,
                -1,
                -1,
                -1
            ],
            "class": "FRACTION",
            "local_cuboid": null,
            "local_to_world_matrix": [
                [
                    -0.6408138275146484,
                    0.21988128125667572,
                    -0.7355338931083679,
                    0.0
                ],
                [
                    -0.5121555924415588,
                    0.5912840366363525,
                    0.6229605674743652,
                    0.0
                ],
                [
                    0.5718868374824524,
                    0.775909423828125,
                    -0.2662895917892456,
                    0.0
                ],
                [
                    0.19689427316188812,
                    0.0707443431019783,
                    -0.3064170777797699,
                    1.0
                ]
            ],
            "location": [
                -0.0707443431019783,
                -0.3064170777797699,
                -0.19689427316188812
            ],
            "location_world": [
                0.19689427316188812,
                0.0707443431019783,
                -0.3064170777797699
            ],
            "name": "google_FRACTION_FUN_n4h4qte23QR_6",
            "projected_cuboid": [
                [
                    58.282703161239624,
                    1493.3829307556152
                ],
                [
                    -675.0405430793762,
                    1913.6836528778076
                ],
                [
                    -703.8350701332092,
                    2288.6812686920166
                ],
                [
                    141.28929376602173,
                    1620.753526687622
                ],
                [
                    195.4059600830078,
                    827.680766582489
                ],
                [
                    -121.57079577445984,
                    761.6817355155945
                ],
                [
                    -66.82202219963074,
                    789.9125218391418
                ],
                [
                    258.8922679424286,
                    852.3222208023071
                ],
                [
                    -2.828240394592285,
                    1149.7526168823242
                ]
            ],
            "provenance": "visii",
            "quaternion_xyzw": [
                -0.42692065238952637,
                0.7769699096679688,
                0.07911056280136108,
                -0.4558488130569458
            ],
            "quaternion_xyzw_world": [
                -0.09245508164167404,
                0.7903143763542175,
                0.44250428676605225,
                0.4135761559009552
            ],
            "segmentation_id": 7,
            "visibility": 0
        },
        {
            "bounding_box_minx_maxx_miny_maxy": [
                26,
                86,
                1,
                36
            ],
            "class": "FAIRY",
            "local_cuboid": null,
            "local_to_world_matrix": [
                [
                    -0.4981447458267212,
                    -0.8594080209732056,
                    0.11519455909729004,
                    0.0
                ],
                [
                    -0.7059406042098999,
                    0.4791088104248047,
                    0.521634578704834,
                    0.0
                ],
                [
                    -0.5034877061843872,
                    0.17852899432182312,
                    -0.8453565835952759,
                    0.0
                ],
                [
                    0.37298449873924255,
                    0.10354015231132507,
                    0.27426159381866455,
                    1.0
                ]
            ],
            "location": [
                -0.10354015231132507,
                0.27426159381866455,
                -0.37298449873924255
            ],
            "location_world": [
                0.37298449873924255,
                0.10354015231132507,
                0.27426159381866455
            ],
            "name": "google_FAIRY_TALE_BLOCKS_7",
            "projected_cuboid": [
                [
                    306.14104866981506,
                    186.19409203529358
                ],
                [
                    -323.4083652496338,
                    -721.7351794242859
                ],
                [
                    83.47833156585693,
                    -743.2479858398438
                ],
                [
                    349.9830365180969,
                    -77.50853896141052
                ],
                [
                    -19.706517457962036,
                    246.58170342445374
                ],
                [
                    -576.1061310768127,
                    -121.49456143379211
                ],
                [
                    -233.2460880279541,
                    -333.07909965515137
                ],
                [
                    83.22745561599731,
                    31.666859984397888
                ],
                [
                    15.733197331428528,
                    -93.38423609733582
                ]
            ],
            "provenance": "visii",
            "quaternion_xyzw": [
                -0.45669621229171753,
                0.1992102861404419,
                -0.17496077716350555,
                -0.8491952419281006
            ],
            "quaternion_xyzw_world": [
                -0.4658602178096771,
                0.8400312662124634,
                0.2083742767572403,
                -0.18412476778030396
            ],
            "segmentation_id": 8,
            "visibility": 1
        },
        {
            "bounding_box_minx_maxx_miny_maxy": [
                -1,
                -1,
                -1,
                -1
            ],
            "class": "Great",
            "local_cuboid": null,
            "local_to_world_matrix": [
                [
                    -0.46643781661987305,
                    -0.5089483857154846,
                    0.7234689593315125,
                    0.0
                ],
                [
                    -0.6798140406608582,
                    0.7295465469360352,
                    0.07493147253990173,
                    0.0
                ],
                [
                    -0.5659405589103699,
                    -0.45687350630760193,
                    -0.6862783432006836,
                    0.0
                ],
                [
                    1.2893699407577515,
                    0.06453389674425125,
                    0.6124515533447266,
                    1.0
                ]
            ],
            "location": [
                -0.06453389674425125,
                0.6124515533447266,
                -1.2893699407577515
            ],
            "location_world": [
                1.2893699407577515,
                0.06453389674425125,
                0.6124515533447266
            ],
            "name": "google_Great_Jones_Wingtip_kAqSg6EgG0I_8",
            "projected_cuboid": [
                [
                    309.9186420440674,
                    -10.317087173461914
                ],
                [
                    195.85590064525604,
                    -73.74230027198792
                ],
                [
                    171.76979780197144,
                    -96.44100069999695
                ],
                [
                    284.201979637146,
                    -32.481253147125244
                ],
                [
                    282.44778513908386,
                    35.42923927307129
                ],
                [
                    168.46488416194916,
                    -16.64671301841736
                ],
                [
                    146.8701809644699,
                    -41.41056537628174
                ],
                [
                    258.91387462615967,
                    12.00246810913086
                ],
                [
                    231.5022349357605,
                    -25.27114748954773
                ]
            ],
            "provenance": "visii",
            "quaternion_xyzw": [
                -0.46585309505462646,
                0.0032615214586257935,
                -0.49549487233161926,
                -0.7331132888793945
            ],
            "quaternion_xyzw_world": [
                -0.3501049876213074,
                0.8488613963127136,
                -0.1124865710735321,
                -0.37974679470062256
            ],
            "segmentation_id": 9,
            "visibility": 0
        },
        {
            "bounding_box_minx_maxx_miny_maxy": [
                -1,
                -1,
                -1,
                -1
            ],
            "class": "Ecoforms",
            "local_cuboid": null,
            "local_to_world_matrix": [
                [
                    0.05986517667770386,
                    0.5016418695449829,
                    -0.8630014657974243,
                    0.0
                ],
                [
                    0.9902780055999756,
                    0.0789029598236084,
                    0.11455851793289185,
                    0.0
                ],
                [
                    0.1255607306957245,
                    -0.8614695072174072,
                    -0.49204134941101074,
                    0.0
                ],
                [
                    1.4954235553741455,
                    0.5930564999580383,
                    0.05881304666399956,
                    1.0
                ]
            ],
            "location": [
                -0.5930564999580383,
                0.05881304666399956,
                -1.4954235553741455
            ],
            "location_world": [
                1.4954235553741455,
                0.5930564999580383,
                0.05881304666399956
            ],
            "name": "google_Ecoforms_Plant_Container_Quadra_Sand_QP6_9",
            "projected_cuboid": [
                [
                    43.721333146095276,
                    299.4650602340698
                ],
                [
                    62.14739382266998,
                    285.5704724788666
                ],
                [
                    4.7283172607421875,
                    254.66972589492798
                ],
                [
                    -21.65868878364563,
                    264.63809609413147
                ],
                [
                    82.7423483133316,
                    229.87860441207886
                ],
                [
                    96.72172367572784,
                    224.0484356880188
                ],
                [
                    39.351433515548706,
                    192.10341572761536
                ],
                [
                    17.420098185539246,
                    193.71218979358673
                ],
                [
                    41.42343997955322,
                    243.0088222026825
                ]
            ],
            "provenance": "visii",
            "quaternion_xyzw": [
                -0.3568474054336548,
                0.6598789691925049,
                -0.5615876317024231,
                0.3490544259548187
            ],
            "quaternion_xyzw_world": [
                0.6068367958068848,
                0.6146298050880432,
                -0.30380523204803467,
                0.40209659934043884
            ],
            "segmentation_id": 10,
            "visibility": 0
        },
        {
            "bounding_box_minx_maxx_miny_maxy": [
                -1,
                -1,
                -1,
                -1
            ],
            "class": "ReadytoUse",
            "local_cuboid": null,
            "local_to_world_matrix": [
                [
                    0.6805816888809204,
                    -0.7298478484153748,
                    -0.06427072733640671,
                    0.0
                ],
                [
                    -0.7258116602897644,
                    -0.6596335172653198,
                    -0.1951434463262558,
                    0.0
                ],
                [
                    0.10002987831830978,
                    0.17945949733257294,
                    -0.9786665439605713,
                    0.0
                ],
                [
                    0.2411326766014099,
                    -0.42414188385009766,
                    -0.2624378204345703,
                    1.0
                ]
            ],
            "location": [
                0.42414188385009766,
                -0.2624378204345703,
                -0.2411326766014099
            ],
            "location_world": [
                0.2411326766014099,
                -0.42414188385009766,
                -0.2624378204345703
            ],
            "name": "google_ReadytoUse_Rolled_Fondant_Pure_White_24_oz_box_10",
            "projected_cuboid": [
                [
                    1053.0421733856201,
                    1061.9900226593018
                ],
                [
                    1224.2681980133057,
                    1185.4166984558105
                ],
                [
                    1355.4433584213257,
                    868.5168623924255
                ],
                [
                    1159.0170860290527,
                    775.7896184921265
                ],
                [
                    1108.1128120422363,
                    1328.8601636886597
                ],
                [
                    1360.6126308441162,
                    1551.6514778137207
                ],
                [
                    1564.2101764678955,
                    1124.359130859375
                ],
                [
                    1258.7271928787231,
                    954.3542861938477
                ],
                [
                    1239.2863035202026,
                    1084.714412689209
                ]
            ],
            "provenance": "visii",
            "quaternion_xyzw": [
                0.7115162014961243,
                0.2091880887746811,
                -0.3021860718727112,
                0.5988894701004028
            ],
            "quaternion_xyzw_world": [
                0.9108899235725403,
                -0.3995157480239868,
                0.009814344346523285,
                -0.10281234979629517
            ],
            "segmentation_id": 11,
            "visibility": 0
        },
        {
            "bounding_box_minx_maxx_miny_maxy": [
                475,
                499,
                107,
                138
            ],
            "class": "Dog",
            "local_cuboid": null,
            "local_to_world_matrix": [
                [
                    0.8851332664489746,
                    0.1645662635564804,
                    0.4352665841579437,
                    0.0
                ],
                [
                    -0.38542836904525757,
                    0.7833828926086426,
                    0.4876025915145874,
                    0.0
                ],
                [
                    -0.26073744893074036,
                    -0.5993573665618896,
                    0.7568267583847046,
                    0.0
                ],
                [
                    0.6221132278442383,
                    -0.30473604798316956,
                    0.0821111798286438,
                    1.0
                ]
            ],
            "location": [
                0.30473604798316956,
                0.0821111798286438,
                -0.6221132278442383
            ],
            "location_world": [
                0.6221132278442383,
                -0.30473604798316956,
                0.0821111798286438
            ],
            "name": "google_Dog_11",
            "projected_cuboid": [
                [
                    655.2722454071045,
                    46.6814786195755
                ],
                [
                    563.0291700363159,
                    -61.89131736755371
                ],
                [
                    435.1469874382019,
                    93.31867098808289
                ],
                [
                    533.1363677978516,
                    179.8924058675766
                ],
                [
                    865.5782341957092,
                    84.67184007167816
                ],
                [
                    764.4457221031189,
                    -69.03976202011108
                ],
                [
                    560.9195232391357,
                    152.58315205574036
                ],
                [
                    678.8259744644165,
                    263.4298503398895
                ],
                [
                    616.9753670692444,
                    89.66594934463501
                ]
            ],
            "provenance": "visii",
            "quaternion_xyzw": [
                -0.14755821228027344,
                0.5897947549819946,
                0.48417484760284424,
                0.6292403936386108
            ],
            "quaternion_xyzw_world": [
                0.2936510145664215,
                -0.1880311220884323,
                0.1485854983329773,
                0.9253841042518616
            ],
            "segmentation_id": 12,
            "visibility": 1
        },
        {
            "bounding_box_minx_maxx_miny_maxy": [
                -1,
                -1,
                -1,
                -1
            ],
            "class": "Black",
            "local_cuboid": null,
            "local_to_world_matrix": [
                [
                    -0.5508430004119873,
                    -0.8343151211738586,
                    0.022159337997436523,
                    0.0
                ],
                [
                    -0.7967124581336975,
                    0.5335549116134644,
                    0.283846378326416,
                    0.0
                ],
                [
                    -0.24864047765731812,
                    0.13870005309581757,
                    -0.9586142301559448,
                    0.0
                ],
                [
                    0.363048791885376,
                    -0.3977663815021515,
                    0.3368033766746521,
                    1.0
                ]
            ],
            "location": [
                0.3977663815021515,
                0.3368033766746521,
                -0.363048791885376
            ],
            "location_world": [
                0.363048791885376,
                -0.3977663815021515,
                0.3368033766746521
            ],
            "name": "google_Black_Elderberry_Syrup_54_oz_Gaia_Herbs_12",
            "projected_cuboid": [
                [
                    1002.1612644195557,
                    -92.40102767944336
                ],
                [
                    1059.0983629226685,
                    -183.6128830909729
                ],
                [
                    1006.4570903778076,
                    -394.58751678466797
                ],
                [
                    961.7415070533752,
                    -285.46828031539917
                ],
                [
                    858.981192111969,
                    -60.893505811691284
                ],
                [
                    889.1858458518982,
                    -138.46465945243835
                ],
                [
                    858.4640026092529,
                    -335.33501625061035
                ],
                [
                    834.5627188682556,
                    -241.68425798416138
                ],
                [
                    928.1810522079468,
                    -217.4718976020813
                ]
            ],
            "provenance": "visii",
            "quaternion_xyzw": [
                -0.5704885125160217,
                0.22410434484481812,
                -0.1806095689535141,
                -0.769220769405365
            ],
            "quaternion_xyzw_world": [
                -0.46749767661094666,
                0.8722115755081177,
                0.12111350893974304,
                -0.07761873304843903
            ],
            "segmentation_id": 13,
            "visibility": 0
        },
        {
            "bounding_box_minx_maxx_miny_maxy": [
                -1,
                -1,
                -1,
                -1
            ],
