{
    "camera_data": {
        "camera_look_at": {
            "at": [
                1.0,
                0.0,
                0.0
            ],
            "eye": [
                0.0,
                0.0,
                0.0
            ],
            "up": [
                0.0,
                0.0,
                1.0
            ]
        },
        "camera_view_matrix": [
            [
                0.0,
                0.0,
                -1.0,
                0.0
            ],
            [
                -1.0,
                0.0,
                0.0,
                0.0
            ],
            [
                0.0,
                1.0,
                0.0,
                0.0
            ],
            [
                0.0,
                0.0,
                0.0,
                1.0
            ]
        ],
        "height": 500,
        "intrinsics": {
            "cx": 250.0,
            "cy": 250.0,
            "fx": 603.5535278320312,
            "fy": 603.5535278320312
        },
        "location_world": [
            0.0,
            0.0,
            0.0
        ],
        "quaternion_world_xyzw": [
            0.5,
            -0.5,
            -0.5,
            0.5
        ],
        "width": 500
    },
    "objects": [
        {
            "bounding_box_minx_maxx_miny_maxy": [
                -1,
                -1,
                -1,
                -1
            ],
            "class": "Reebok",
            "local_cuboid": null,
            "local_to_world_matrix": [
                [
                    0.8079642057418823,
                    0.3705516457557678,
                    0.45813247561454773,
                    0.0
                ],
                [
                    -0.41267210245132446,
                    -0.19912457466125488,
                    0.8888482451438904,
                    0.0
                ],
                [
                    0.4205895960330963,
                    -0.9072160124778748,
                    -0.007969260215759277,
                    0.0
                ],
                [
                    0.5790685415267944,
                    0.43248888850212097,
                    0.07007618993520737,
                    1.0
                ]
            ],
            "location": [
                -0.43248888850212097,
                0.07007618993520737,
                -0.5790685415267944
            ],
            "location_world": [
                0.5790685415267944,
                0.43248888850212097,
                0.07007618993520737
            ],
            "name": "google_Reebok_SOMERSET_RUN_0",
            "projected_cuboid": [
                [
                    -60.30619144439697,
                    278.8637578487396
                ],
                [
                    -64.06393647193909,
                    28.476595878601074
                ],
                [
                    -203.9024829864502,
                    8.316949009895325
                ],
                [
                    -175.22400617599487,
                    280.1060676574707
                ],
                [
                    -65.05990028381348,
                    331.5184414386749
                ],
                [
                    -70.57425379753113,
                    49.56655204296112
                ],
                [
                    -238.04005980491638,
                    27.697831392288208
                ],
                [
                    -198.0152130126953,
                    337.28113770484924
                ],
                [
                    -129.97129559516907,
                    180.4160475730896
                ]
            ],
            "provenance": "visii",
            "quaternion_xyzw": [
                0.2007422298192978,
                0.8185336589813232,
                0.12360605597496033,
                0.523857593536377
            ],
            "quaternion_xyzw_world": [
                0.7097637057304382,
                -0.014836089685559273,
                0.309512197971344,
                0.632627546787262
            ],
            "segmentation_id": 1,
            "visibility": 0
        },
        {
            "bounding_box_minx_maxx_miny_maxy": [
                -1,
                -1,
                -1,
                -1
            ],
            "class": "Breyer",
            "local_cuboid": null,
            "local_to_world_matrix": [
                [
                    0.9247127771377563,
                    -0.28276774287223816,
                    0.25485044717788696,
                    0.0
                ],
                [
                    -0.08340103179216385,
                    -0.8037151098251343,
                    -0.5891403555870056,
                    0.0
                ],
                [
                    0.3714170455932617,
                    0.5235307812690735,
                    -0.7667887210845947,
                    0.0
                ],
                [
                    0.2764010429382324,
                    -0.48184117674827576,
                    0.04617921635508537,
                    1.0
                ]
            ],
            "location": [
                0.48184117674827576,
                0.04617921635508537,
                -0.2764010429382324
            ],
            "location_world": [
                0.2764010429382324,
                -0.48184117674827576,
                0.04617921635508537
            ],
            "name": "google_Breyer_Horse_Of_The_Year_2015_1",
            "projected_cuboid": [
                [
                    817.0741200447083,
                    288.2959544658661
                ],
                [
                    887.0870471000671,
                    335.4777991771698
                ],
                [
                    1108.8008880615234,
                    162.53338754177094
                ],
                [
                    1025.7251262664795,
                    110.56050658226013
                ],
                [
                    1172.9097366333008,
                    478.65891456604004
                ],
                [
                    1317.056655883789,
                    574.7424364089966
                ],
                [
                    1966.3145542144775,
                    262.84515857696533
                ],
                [
                    1756.6547393798828,
                    143.81974935531616
                ],
                [
                    1132.8864097595215,
                    281.3020348548889
                ]
            ],
            "provenance": "visii",
            "quaternion_xyzw": [
                0.7488867044448853,
                0.3533797860145569,
                -0.4834655225276947,
                0.2838178873062134
            ],
            "quaternion_xyzw_world": [
                0.9347749352455139,
                -0.09792965650558472,
                0.16749152541160583,
                -0.29757729172706604
            ],
            "segmentation_id": 2,
            "visibility": 0
        },
        {
            "bounding_box_minx_maxx_miny_maxy": [
                0,
                84,
                18,
                171
            ],
            "class": "Smith",
            "local_cuboid": null,
            "local_to_world_matrix": [
                [
                    0.589682400226593,
                    -0.07672667503356934,
                    -0.8039823770523071,
                    0.0
                ],
                [
                    0.635613739490509,
                    0.658243715763092,
                    0.40337374806404114,
                    0.0
                ],
                [
                    0.4982668161392212,
                    -0.7488846778869629,
                    0.4369232654571533,
                    0.0
                ],
                [
                    1.5521622896194458,
                    0.6342042684555054,
                    0.3432483375072479,
                    1.0
                ]
            ],
            "location": [
                -0.6342042684555054,
                0.3432483375072479,
                -1.5521622896194458
            ],
            "location_world": [
                1.5521622896194458,
                0.6342042684555054,
                0.3432483375072479
            ],
            "name": "google_Smith_Hawken_Woven_BasketTray_Organizer_with_3_Compartments_95_x_9_x_13_2",
            "projected_cuboid": [
                [
                    132.4288249015808,
                    157.1546196937561
                ],
                [
                    88.09036016464233,
                    131.80097937583923
                ],
                [
                    5.77855110168457,
                    163.45013678073883
                ],
                [
                    45.33550143241882,
                    194.24617290496826
                ],
                [
                    104.55603897571564,
                    26.997148990631104
                ],
                [
                    57.284027338027954,
                    11.224180459976196
                ],
                [
                    -39.20161724090576,
                    36.70629858970642
                ],
                [
                    1.1286735534667969,
                    57.089269161224365
                ],
                [
                    51.46642029285431,
                    100.33608973026276
                ]
            ],
            "provenance": "visii",
            "quaternion_xyzw": [
                -0.5412068963050842,
                0.6754469275474548,
                -0.07354038953781128,
                0.4954375922679901
            ],
            "quaternion_xyzw_world": [
                0.3516089618206024,
                0.3973782956600189,
                -0.21736900508403778,
                0.8192754983901978
            ],
            "segmentation_id": 3,
            "visibility": 1
        },
        {
            "bounding_box_minx_maxx_miny_maxy": [
                -1,
                -1,
                -1,
                -1
            ],
            "class": "Paul",
            "local_cuboid": null,
            "local_to_world_matrix": [
                [
                    0.8725220561027527,
                    0.08437497168779373,
                    0.48123401403427124,
                    0.0
                ],
                [
                    -0.09280567616224289,
                    0.9956642985343933,
                    -0.006304929032921791,
                    0.0
                ],
                [
                    -0.47967952489852905,
                    -0.039160050451755524,
                    0.8765695095062256,
                    0.0
                ],
                [
                    1.1111769676208496,
                    -0.3591630756855011,
                    0.48743417859077454,
                    1.0
                ]
            ],
            "location": [
                0.3591630756855011,
                0.48743417859077454,
                -1.1111769676208496
            ],
            "location_world": [
                1.1111769676208496,
                -0.3591630756855011,
                0.48743417859077454
            ],
            "name": "google_Paul_Frank_Dot_Lunch_Box_3",
            "projected_cuboid": [
                [
                    471.3309407234192,
                    -156.6298007965088
                ],
                [
                    414.9112105369568,
                    -159.9283516407013
                ],
                [
                    395.39533853530884,
                    -22.08000421524048
                ],
                [
                    446.87479734420776,
                    -20.200669765472412
                ],
                [
                    543.5310006141663,
                    -175.66588521003723
                ],
                [
                    473.2028841972351,
                    -180.0420582294464
                ],
                [
                    442.6214098930359,
                    -7.986873388290405
                ],
                [
                    505.4408311843872,
                    -5.817204713821411
                ],
                [
                    457.84997940063477,
                    -86.83240413665771
                ]
            ],
            "provenance": "visii",
            "quaternion_xyzw": [
                -0.3325096368789673,
                0.3867785930633545,
                0.626569926738739,
                0.5892791748046875
            ],
            "quaternion_xyzw_world": [
                0.008489091880619526,
                -0.24828043580055237,
                0.04577986150979996,
                0.9675686955451965
            ],
            "segmentation_id": 4,
            "visibility": 0
        },
        {
            "bounding_box_minx_maxx_miny_maxy": [
                364,
                398,
                366,
                424
            ],
            "class": "Toys",
            "local_cuboid": null,
            "local_to_world_matrix": [
                [
                    0.016625821590423584,
                    -0.49272483587265015,
                    -0.8700262904167175,
                    0.0
                ],
                [
                    -0.8819065690040588,
                    0.4027830958366394,
                    -0.24496230483055115,
                    0.0
                ],
                [
                    0.471130907535553,
                    0.7713545560836792,
                    -0.4278407096862793,
                    0.0
                ],
                [
                    1.5541433095932007,
                    -0.3729027807712555,
                    -0.3468410074710846,
                    1.0
                ]
            ],
            "location": [
                0.3729027807712555,
                -0.3468410074710846,
                -1.5541433095932007
            ],
            "location_world": [
                1.5541433095932007,
                -0.3729027807712555,
                -0.3468410074710846
            ],
            "name": "google_Toys_R_Us_Treat_Dispenser_Smart_Puzzle_Foobler_4",
            "projected_cuboid": [
                [
                    365.2113378047943,
                    414.06676173210144
                ],
                [
                    351.25041007995605,
                    442.9306983947754
                ],
                [
                    404.19918298721313,
                    425.6686270236969
                ],
                [
                    414.3545627593994,
                    396.9624638557434
                ],
                [
                    338.2084369659424,
                    366.3266897201538
                ],
                [
                    321.87092304229736,
                    391.07733964920044
                ],
                [
                    373.48097562789917,
                    371.26076221466064
                ],
                [
                    386.2250745296478,
                    347.0655679702759
                ],
                [
                    369.0723776817322,
                    394.0809965133667
                ]
            ],
            "provenance": "visii",
            "quaternion_xyzw": [
                -0.7431046962738037,
                0.4282066226005554,
                0.26509740948677063,
                -0.44063353538513184
            ],
            "quaternion_xyzw_world": [
                -0.5103144645690918,
                0.673423707485199,
                0.19541645050048828,
                0.49788758158683777
            ],
            "segmentation_id": 5,
            "visibility": 1
        },
        {
            "bounding_box_minx_maxx_miny_maxy": [
                -1,
                -1,
                -1,
                -1
            ],
            "class": "Tag",
            "local_cuboid": null,
            "local_to_world_matrix": [
                [
                    0.9018105864524841,
                    -0.1907106339931488,
                    -0.3877720236778259,
                    0.0
                ],
                [
                    -0.2691224217414856,
                    0.45422154664993286,
                    -0.849267840385437,
                    0.0
                ],
                [
                    0.33809882402420044,
                    0.870236873626709,
                    0.35829728841781616,
                    0.0
                ],
                [
                    0.332290381193161,
                    -0.3737028241157532,
                    -0.11465194821357727,
                    1.0
                ]
            ],
            "location": [
                0.3737028241157532,
                -0.11465194821357727,
                -0.332290381193161
            ],
            "location_world": [
                0.332290381193161,
                -0.3737028241157532,
                -0.11465194821357727
            ],
            "name": "google_Tag_Dishtowel_Basket_Weave_Red_18_x_26_5",
            "projected_cuboid": [
                [
                    800.7225394248962,
                    298.2235550880432
                ],
                [
                    725.3734469413757,
                    612.6720905303955
                ],
                [
                    788.6791229248047,
                    643.9457535743713
                ],
                [
                    857.0296764373779,
                    316.62946939468384
                ],
                [
                    1018.7516212463379,
                    189.3341839313507
                ],
                [
                    952.2539377212524,
                    679.9711585044861
                ],
                [
                    1070.9781646728516,
                    736.2653017044067
                ],
                [
                    1114.2332553863525,
                    213.13810348510742
                ],
                [
                    890.225887298584,
                    443.294495344162
                ]
            ],
            "provenance": "visii",
            "quaternion_xyzw": [
                -0.7710508108139038,
                0.273002028465271,
                0.5745559930801392,
                0.028913423418998718
            ],
            "quaternion_xyzw_world": [
                -0.5218456983566284,
                0.22029167413711548,
                0.023796886205673218,
                0.8237611055374146
            ],
            "segmentation_id": 6,
            "visibility": 0
        },
        {
            "bounding_box_minx_maxx_miny_maxy": [
                -1,
                -1,
                -1,
                -1
            ],
            "class": "FRACTION",
            "local_cuboid": null,
            "local_to_world_matrix": [
                [
                    -0.3771315813064575,
                    -0.5587564706802368,
                    0.7386223673820496,
                    0.0
                ],
                [
                    -0.9150083065032959,
                    0.34817051887512207,
                    -0.20380643010139465,
                    0.0
                ],
                [
                    -0.14328837394714355,
                    -0.7527074813842773,
                    -0.6425729990005493,
                    0.0
                ],
                [
                    0.33695676922798157,
                    0.47463783621788025,
                    -0.048064518719911575,
                    1.0
                ]
            ],
            "location": [
                -0.47463783621788025,
                -0.048064518719911575,
                -0.33695676922798157
            ],
            "location_world": [
                0.33695676922798157,
                0.47463783621788025,
                -0.048064518719911575
            ],
            "name": "google_FRACTION_FUN_n4h4qte23QR_6",
            "projected_cuboid": [
                [
                    -315.34236669540405,
                    237.8329187631607
                ],
                [
                    -967.0975208282471,
                    338.06926012039185
                ],
                [
                    -1023.4794616699219,
                    257.4057877063751
                ],
                [
                    -357.2061061859131,
                    194.53467428684235
                ],
                [
                    -363.6019229888916,
                    413.0750298500061
                ],
                [
                    -890.1361227035522,
                    598.8402962684631
                ],
                [
                    -935.0794553756714,
                    531.2060713768005
                ],
                [
                    -398.74374866485596,
                    373.6344873905182
                ],
                [
                    -578.4602761268616,
                    362.3885214328766
                ]
            ],
            "provenance": "visii",
            "quaternion_xyzw": [
                -0.6362535953521729,
                -0.15341833233833313,
                -0.4439420998096466,
                -0.6120126843452454
            ],
            "quaternion_xyzw_world": [
                -0.47887128591537476,
                0.7693950533866882,
                -0.3108006417751312,
                -0.2865597903728485
            ],
            "segmentation_id": 7,
            "visibility": 0
        },
        {
            "bounding_box_minx_maxx_miny_maxy": [
                -1,
                -1,
                -1,
                -1
            ],
            "class": "FAIRY",
            "local_cuboid": null,
            "local_to_world_matrix": [
                [
                    0.23643451929092407,
                    -0.6444147825241089,
                    0.7272058129310608,
                    0.0
                ],
                [
                    -0.4659256935119629,
                    0.5815734267234802,
                    0.6668474674224854,
                    0.0
                ],
                [
                    -0.852649986743927,
                    -0.49648961424827576,
                    -0.16274535655975342,
                    0.0
                ],
                [
                    0.406809538602829,
                    0.41502439975738525,
                    0.3656655550003052,
                    1.0
                ]
            ],
            "location": [
                -0.41502439975738525,
                0.3656655550003052,
                -0.406809538602829
            ],
            "location_world": [
                0.406809538602829,
                0.41502439975738525,
                0.3656655550003052
            ],
            "name": "google_FAIRY_TALE_BLOCKS_7",
            "projected_cuboid": [
                [
                    -38.09860348701477,
                    -400.2090096473694
                ],
                [
                    -735.9493970870972,
                    -1414.7167205810547
                ],
                [
                    -413.6675000190735,
                    -627.6776790618896
                ],
                [
                    -62.29487061500549,
                    -195.8472728729248
                ],
                [
                    -492.34920740127563,
                    -116.78323149681091
                ],
                [
                    -1961.3962173461914,
                    -1325.4531621932983
                ],
                [
                    -841.5769338607788,
                    -446.28071784973145
                ],
                [
                    -323.13305139541626,
                    -7.8774988651275635
                ],
                [
                    -445.1051950454712,
                    -423.54702949523926
                ]
            ],
            "provenance": "visii",
            "quaternion_xyzw": [
                0.17671819031238556,
                0.20602352917194366,
                0.3678952157497406,
                0.8893694281578064
            ],
            "quaternion_xyzw_world": [
                0.4521079659461975,
                -0.613979697227478,
                -0.06936625391244888,
                0.6432850360870361
            ],
            "segmentation_id": 8,
            "visibility": 0
        },
        {
            "bounding_box_minx_maxx_miny_maxy": [
                -1,
                -1,
                -1,
                -1
            ],
            "class": "Great",
            "local_cuboid": null,
            "local_to_world_matrix": [
                [
                    0.9414143562316895,
                    0.09375792741775513,
                    0.32395750284194946,
                    0.0
                ],
                [
                    0.07850721478462219,
                    -0.995114803314209,
                    0.05985993891954422,
                    0.0
                ],
                [
                    0.3279872536659241,
                    -0.030920006334781647,
                    -0.9441759586334229,
                    0.0
                ],
                [
                    1.3359302282333374,
                    0.268763929605484,
                    0.045214906334877014,
                    1.0
                ]
            ],
            "location": [
                -0.268763929605484,
                0.045214906334877014,
                -1.3359302282333374
            ],
            "location_world": [
                1.3359302282333374,
                0.268763929605484,
                0.045214906334877014
            ],
            "name": "google_Great_Jones_Wingtip_kAqSg6EgG0I_8",
            "projected_cuboid": [
                [
                    68.17764043807983,
                    272.842675447464
                ],
                [
                    201.6119658946991,
                    264.6132707595825
                ],
                [
                    198.8074630498886,
                    218.7224179506302
                ],
                [
                    61.70567870140076,
                    226.35798156261444
                ],
                [
                    58.43719840049744,
                    291.29207134246826
                ],
                [
                    202.53276824951172,
                    282.0771634578705
                ],
                [
                    199.52812790870667,
                    232.98022150993347
                ],
                [
                    51.146239042282104,
                    241.5195107460022
                ],
                [
                    131.00357353687286,
                    253.77613306045532
                ]
            ],
            "provenance": "visii",
            "quaternion_xyzw": [
                0.5418416261672974,
                0.6086060404777527,
                -0.42009246349334717,
                0.3994104266166687
            ],
            "quaternion_xyzw_world": [
                0.984975278377533,
                0.043723214417696,
                0.1654723584651947,
                0.023041173815727234
            ],
            "segmentation_id": 9,
            "visibility": 0
        },
        {
            "bounding_box_minx_maxx_miny_maxy": [
                0,
                23,
                164,
                175
            ],
            "class": "Ecoforms",
            "local_cuboid": null,
            "local_to_world_matrix": [
                [
                    -0.3754081726074219,
                    -0.8939733505249023,
                    -0.24470466375350952,
                    0.0
                ],
                [
                    0.07416212558746338,
                    0.23419606685638428,
                    -0.9693565368652344,
                    0.0
                ],
                [
                    0.9238877892494202,
                    -0.38205215334892273,
                    -0.02162015438079834,
                    0.0
                ],
                [
                    1.7366021871566772,
                    0.7726987600326538,
                    0.16590747237205505,
                    1.0
                ]
            ],
            "location": [
                -0.7726987600326538,
                0.16590747237205505,
                -1.7366021871566772
            ],
            "location_world": [
                1.7366021871566772,
                0.7726987600326538,
                0.16590747237205505
            ],
            "name": "google_Ecoforms_Plant_Container_Quadra_Sand_QP6_9",
            "projected_cuboid": [
                [
                    53.8584440946579,
                    174.57172274589539
                ],
                [
                    40.92171788215637,
                    234.83121395111084
                ],
                [
                    -0.8909404277801514,
                    232.16083645820618
                ],
                [
                    12.886881828308105,
                    166.34002327919006
                ],
                [
                    7.688671350479126,
                    162.7424955368042
                ],
                [
                    -4.43384051322937,
                    220.86286544799805
                ],
                [
                    -48.535943031311035,
                    217.07749366760254
                ],
                [
                    -35.69647669792175,
                    153.80066633224487
                ],
                [
                    3.650754690170288,
                    195.41385769844055
                ]
            ],
            "provenance": "visii",
            "quaternion_xyzw": [
                -0.9730387926101685,
                0.1230425238609314,
                -0.194612056016922,
                0.013499468564987183
            ],
            "quaternion_xyzw_world": [
                -0.32094234228134155,
                0.6385969519615173,
                -0.5290538668632507,
                0.4574843645095825
            ],
            "segmentation_id": 10,
            "visibility": 1
        },
        {
            "bounding_box_minx_maxx_miny_maxy": [
                -1,
                -1,
                -1,
                -1
            ],
            "class": "ReadytoUse",
            "local_cuboid": null,
            "local_to_world_matrix": [
                [
                    -0.4798104763031006,
                    -0.8742209672927856,
                    -0.07429710030555725,
                    0.0
                ],
                [
                    -0.28653573989868164,
                    0.23617351055145264,
                    -0.9285039901733398,
                    0.0
                ],
                [
                    0.8292645215988159,
                    -0.42421698570251465,
                    -0.36381423473358154,
                    0.0
                ],
                [
                    0.2514811158180237,
                    -0.31436097621917725,
                    -0.24152745306491852,
                    1.0
                ]
            ],
            "location": [
                0.31436097621917725,
                -0.24152745306491852,
                -0.2514811158180237
            ],
            "location_world": [
                0.2514811158180237,
                -0.31436097621917725,
                -0.24152745306491852
            ],
            "name": "google_ReadytoUse_Rolled_Fondant_Pure_White_24_oz_box_10",
            "projected_cuboid": [
                [
                    976.7773151397705,
                    715.0768041610718
                ],
                [
                    985.863447189331,
                    811.0019564628601
                ],
                [
                    1263.2356882095337,
                    1003.3661127090454
                ],
                [
                    1231.5949201583862,
                    837.1663689613342
                ],
                [
                    727.4513840675354,
                    638.8324499130249
                ],
                [
                    726.7700433731079,
                    718.6226844787598
                ],
                [
                    812.6124143600464,
                    822.7633833885193
                ],
                [
                    809.4268441200256,
                    699.1078853607178
                ],
                [
                    906.8920612335205,
                    760.9191536903381
                ]
            ],
            "provenance": "visii",
            "quaternion_xyzw": [
                -0.9528889656066895,
                0.08145512640476227,
                -0.2371806651353836,
                -0.17062582075595856
            ],
            "quaternion_xyzw_world": [
                -0.40243950486183167,
                0.7210752964019775,
                -0.4689943492412567,
                0.3132688105106354
            ],
            "segmentation_id": 11,
            "visibility": 0
        },
        {
            "bounding_box_minx_maxx_miny_maxy": [
                160,
                409,
                213,
                472
            ],
            "class": "Dog",
            "local_cuboid": null,
            "local_to_world_matrix": [
                [
                    0.38982313871383667,
                    -0.263317346572876,
                    0.8824409246444702,
                    0.0
                ],
                [
                    -0.4076493978500366,
                    -0.9085891246795654,
                    -0.09103849530220032,
                    0.0
                ],
                [
                    0.825748085975647,
                    -0.32423755526542664,
                    -0.46153032779693604,
                    0.0
                ],
                [
                    0.443155437707901,
                    -0.020849065855145454,
                    -0.03856564313173294,
                    1.0
                ]
            ],
            "location": [
                0.020849065855145454,
                -0.03856564313173294,
                -0.443155437707901
            ],
            "location_world": [
                0.443155437707901,
                -0.020849065855145454,
                -0.03856564313173294
            ],
            "name": "google_Dog_11",
            "projected_cuboid": [
                [
                    278.45436334609985,
                    265.38532972335815
                ],
                [
                    447.73900508880615,
                    283.8919460773468
                ],
                [
                    433.42432379722595,
                    173.22799563407898
                ],
                [
                    213.3522629737854,
                    164.87562656402588
                ],
                [
                    221.40440344810486,
                    473.23328256607056
                ],
                [
                    411.5930199623108,
                    524.9497890472412
                ],
                [
                    377.20322608947754,
                    496.4927136898041
                ],
                [
                    121.31889164447784,
                    430.23228645324707
                ],
                [
                    312.30562925338745,
                    344.6092903614044
                ]
            ],
            "provenance": "visii",
            "quaternion_xyzw": [
                0.7382587194442749,
                0.6065047979354858,
                -0.02220955491065979,
                0.294334352016449
            ],
            "quaternion_xyzw_world": [
                0.830653727054596,
                -0.20193935930728912,
                0.5141098499298096,
                0.07018540054559708
            ],
            "segmentation_id": 12,
            "visibility": 1
        },
        {
            "bounding_box_minx_maxx_miny_maxy": [
                -1,
                -1,
                -1,
                -1
            ],
            "class": "Black",
            "local_cuboid": null,
            "local_to_world_matrix": [
                [
                    0.9712123274803162,
                    0.186496302485466,
                    0.14820852875709534,
                    0.0
                ],
                [
                    0.16427354514598846,
                    -0.9749017953872681,
                    0.15026859939098358,
                    0.0
                ],
                [
                    0.17251330614089966,
                    -0.12159597128629684,
                    -0.9774730205535889,
                    0.0
                ],
                [
                    0.43713489174842834,
                    -0.42043718695640564,
                    0.37180015444755554,
                    1.0
                ]
            ],
            "location": [
                0.42043718695640564,
                0.37180015444755554,
                -0.43713489174842834
            ],
            "location_world": [
                0.43713489174842834,
                -0.42043718695640564,
                0.37180015444755554
            ],
            "name": "google_Black_Elderberry_Syrup_54_oz_Gaia_Herbs_12",
            "projected_cuboid": [
                [
                    752.6629567146301,
                    -35.861849784851074
                ],
                [
                    813.0761981010437,
                    -41.08536243438721
                ],
                [
                    820.4126954078674,
                    -238.85175585746765
                ],
                [
                    756.8668127059937,
                    -237.51717805862427
                ],
                [
                    832.5657844543457,
                    -60.89073419570923
                ],
                [
                    898.844838142395,
                    -66.22093915939331
                ],
                [
                    912.3473167419434,
                    -291.9982075691223
                ],
                [
                    842.2908186912537,
                    -291.7558550834656
                ],
                [
                    826.2178897857666,
                    -153.8451910018921
                ]
            ],
            "provenance": "visii",
            "quaternion_xyzw": [
                0.4570963680744171,
                0.6142634153366089,
                -0.4646811783313751,
                0.4447636604309082
            ],
            "quaternion_xyzw_world": [
                0.990402340888977,
                0.08854226022958755,
                0.08095745742321014,
                0.06862477958202362
            ],
            "segmentation_id": 13,
            "visibility": 0
        },
        {
            "bounding_box_minx_maxx_miny_maxy": [
                -1,
                -1,
                -1,
                -1
            ],
