{
    "camera_data": {
        "camera_look_at": {
            "at": [
                1.0,
                0.0,
                0.0
            ],
            "eye": [
                0.0,
                0.0,
                0.0
            ],
            "up": [
                0.0,
                0.0,
                1.0
            ]
        },
        "camera_view_matrix": [
            [
                0.0,
                0.0,
                -1.0,
                0.0
            ],
            [
                -1.0,
                0.0,
                0.0,
                0.0
            ],
            [
                0.0,
                1.0,
                0.0,
                0.0
            ],
            [
                0.0,
                0.0,
                0.0,
                1.0
            ]
        ],
        "height": 500,
        "intrinsics": {
            "cx": 250.0,
            "cy": 250.0,
            "fx": 603.5535278320312,
            "fy": 603.5535278320312
        },
        "location_world": [
            0.0,
            0.0,
            0.0
        ],
        "quaternion_world_xyzw": [
            0.5,
            -0.5,
            -0.5,
            0.5
        ],
        "width": 500
    },
    "objects": [
        {
            "bounding_box_minx_maxx_miny_maxy": [
                199,
                305,
                1,
                153
            ],
            "class": "Reebok",
            "local_cuboid": null,
            "local_to_world_matrix": [
                [
                    -0.2353217601776123,
                    -0.9457029700279236,
                    -0.2242085337638855,
                    0.0
                ],
                [
                    0.234416663646698,
                    0.1686500906944275,
                    -0.9573953747749329,
                    0.0
                ],
                [
                    0.9432244896888733,
                    -0.27785414457321167,
                    0.18200159072875977,
                    0.0
                ],
                [
                    0.5764101147651672,
                    0.005763256456702948,
                    0.24052485823631287,
                    1.0
                ]
            ],
            "location": [
                -0.005763256456702948,
                0.24052485823631287,
                -0.5764101147651672
            ],
            "location_world": [
                0.5764101147651672,
                0.005763256456702948,
                0.24052485823631287
            ],
            "name": "google_Reebok_SOMERSET_RUN_0",
            "projected_cuboid": [
                [
                    348.84896874427795,
                    -117.97448992729187
                ],
                [
                    297.1118688583374,
                    156.9790542125702
                ],
                [
                    273.15428853034973,
                    161.27602756023407
                ],
                [
                    332.49834179878235,
                    -170.06653547286987
                ],
                [
                    247.99712002277374,
                    -126.2473464012146
                ],
                [
                    207.56730437278748,
                    139.52285051345825
                ],
                [
                    168.91250014305115,
                    140.5729353427887
                ],
                [
                    212.53985166549683,
                    -177.47938632965088
                ],
                [
                    259.9033713340759,
                    9.829863905906677
                ]
            ],
            "provenance": "visii",
            "quaternion_xyzw": [
                -0.9806022644042969,
                0.10015749931335449,
                -0.13083182275295258,
                0.10616390407085419
            ],
            "quaternion_xyzw_world": [
                -0.3217245042324066,
                0.5527138113975525,
                -0.5587202310562134,
                0.5280458927154541
            ],
            "segmentation_id": 1,
            "visibility": 1
        },
        {
            "bounding_box_minx_maxx_miny_maxy": [
                -1,
                -1,
                -1,
                -1
            ],
            "class": "Breyer",
            "local_cuboid": null,
            "local_to_world_matrix": [
                [
                    -0.21512913703918457,
                    0.41922664642333984,
                    -0.8820252418518066,
                    0.0
                ],
                [
                    0.02280522882938385,
                    0.9050827026367188,
                    0.42462360858917236,
                    0.0
                ],
                [
                    0.9763193130493164,
                    0.07123410701751709,
                    -0.2042701244354248,
                    0.0
                ],
                [
                    0.14578691124916077,
                    -0.20295237004756927,
                    -0.05123855173587799,
                    1.0
                ]
            ],
            "location": [
                0.20295237004756927,
                -0.05123855173587799,
                -0.14578691124916077
            ],
            "location_world": [
                0.14578691124916077,
                -0.20295237004756927,
                -0.05123855173587799
            ],
            "name": "google_Breyer_Horse_Of_The_Year_2015_1",
            "projected_cuboid": [
                [
                    615.5769228935242,
                    687.4877214431763
                ],
                [
                    497.47294187545776,
                    630.7870745658875
                ],
                [
                    856.7104339599609,
                    944.4273710250854
                ],
                [
                    1125.8907318115234,
                    1075.2055644989014
                ],
                [
                    741.8004274368286,
                    234.024316072464
                ],
                [
                    641.4941549301147,
                    187.97746300697327
                ],
                [
                    1022.2183465957642,
                    23.37200939655304
                ],
                [
                    1213.8385772705078,
                    108.70757699012756
                ],
                [
                    773.4454274177551,
                    429.6613335609436
                ]
            ],
            "provenance": "visii",
            "quaternion_xyzw": [
                -0.5320876836776733,
                0.8396679759025574,
                -0.06760869175195694,
                -0.08526084572076797
            ],
            "quaternion_xyzw_world": [
                0.14496411383152008,
                0.7623125910758972,
                0.16261626780033112,
                0.6094430685043335
            ],
            "segmentation_id": 2,
            "visibility": 0
        },
        {
            "bounding_box_minx_maxx_miny_maxy": [
                37,
                95,
                1,
                103
            ],
            "class": "Smith",
            "local_cuboid": null,
            "local_to_world_matrix": [
                [
                    0.1577608585357666,
                    0.9834746718406677,
                    -0.0888197273015976,
                    0.0
                ],
                [
                    -0.9846644997596741,
                    0.163457989692688,
                    0.060969509184360504,
                    0.0
                ],
                [
                    0.07448026537895203,
                    0.07783902436494827,
                    0.9941799640655518,
                    0.0
                ],
                [
                    1.5678250789642334,
                    0.581413209438324,
                    0.41341274976730347,
                    1.0
                ]
            ],
            "location": [
                -0.581413209438324,
                0.41341274976730347,
                -1.5678250789642334
            ],
            "location_world": [
                1.5678250789642334,
                0.581413209438324,
                0.41341274976730347
            ],
            "name": "google_Smith_Hawken_Woven_BasketTray_Organizer_with_3_Compartments_95_x_9_x_13_2",
            "projected_cuboid": [
                [
                    -12.265622615814209,
                    22.89259433746338
                ],
                [
                    -73.86744022369385,
                    -22.057145833969116
                ],
                [
                    -69.6931779384613,
                    83.81778001785278
                ],
                [
                    -7.990032434463501,
                    113.73046040534973
                ],
                [
                    105.72740435600281,
                    3.7821978330612183
                ],
                [
                    62.531158328056335,
                    -46.32723331451416
                ],
                [
                    68.80304217338562,
                    63.46333026885986
                ],
                [
                    111.56448721885681,
                    97.4896252155304
                ],
                [
                    24.029910564422607,
                    41.05663299560547
                ]
            ],
            "provenance": "visii",
            "quaternion_xyzw": [
                -0.08665448427200317,
                0.7278262972831726,
                0.6797104477882385,
                0.02745223045349121
            ],
            "quaternion_xyzw_world": [
                -0.005543189588934183,
                0.05365908518433571,
                0.646714985370636,
                0.7608217000961304
            ],
            "segmentation_id": 3,
            "visibility": 1
        },
        {
            "bounding_box_minx_maxx_miny_maxy": [
                315,
                416,
                113,
                157
            ],
            "class": "Paul",
            "local_cuboid": null,
            "local_to_world_matrix": [
                [
                    -0.94896399974823,
                    -0.29020145535469055,
                    -0.12349224090576172,
                    0.0
                ],
                [
                    -0.16695722937583923,
                    0.13005226850509644,
                    0.9773493409156799,
                    0.0
                ],
                [
                    -0.2675677537918091,
                    0.9480872750282288,
                    -0.1718660593032837,
                    0.0
                ],
                [
                    1.6334971189498901,
                    -0.3971778452396393,
                    0.32137539982795715,
                    1.0
                ]
            ],
            "location": [
                0.3971778452396393,
                0.32137539982795715,
                -1.6334971189498901
            ],
            "location_world": [
                1.6334971189498901,
                -0.3971778452396393,
                0.32137539982795715
            ],
            "name": "google_Paul_Frank_Dot_Lunch_Box_3",
            "projected_cuboid": [
                [
                    342.3439562320709,
                    161.8698239326477
                ],
                [
                    337.60663866996765,
                    116.46157503128052
                ],
                [
                    422.55085706710815,
                    105.93605041503906
                ],
                [
                    426.08538269996643,
                    149.61105585098267
                ],
                [
                    301.7427921295166,
                    163.27553987503052
                ],
                [
                    297.27381467819214,
                    124.61110949516296
                ],
                [
                    371.50901556015015,
                    115.30068516731262
                ],
                [
                    375.06401538848877,
                    152.70158648490906
                ],
                [
                    358.26483368873596,
                    136.44832372665405
                ]
            ],
            "provenance": "visii",
            "quaternion_xyzw": [
                -0.10640063881874084,
                0.5957306623458862,
                -0.002060040831565857,
                -0.79610276222229
            ],
            "quaternion_xyzw_world": [
                -0.15235635638237,
                0.7501470446586609,
                0.6416863799095154,
                -0.04801575839519501
            ],
            "segmentation_id": 4,
            "visibility": 1
        },
        {
            "bounding_box_minx_maxx_miny_maxy": [
                -1,
                -1,
                -1,
                -1
            ],
            "class": "Toys",
            "local_cuboid": null,
            "local_to_world_matrix": [
                [
                    0.6739499568939209,
                    0.31838470697402954,
                    0.6666503548622131,
                    0.0
                ],
                [
                    0.7177647948265076,
                    -0.0685034990310669,
                    -0.6929078698158264,
                    0.0
                ],
                [
                    -0.1749434918165207,
                    0.945483386516571,
                    -0.27469325065612793,
                    0.0
                ],
                [
                    1.3464622497558594,
                    0.4377502202987671,
                    -0.6359423995018005,
                    1.0
                ]
            ],
            "location": [
                -0.4377502202987671,
                -0.6359423995018005,
                -1.3464622497558594
            ],
            "location_world": [
                1.3464622497558594,
                0.4377502202987671,
                -0.6359423995018005
            ],
            "name": "google_Toys_R_Us_Treat_Dispenser_Smart_Puzzle_Foobler_4",
            "projected_cuboid": [
                [
                    -30.888140201568604,
                    512.7878189086914
                ],
                [
                    -4.6845972537994385,
                    537.5493764877319
                ],
                [
                    60.25297939777374,
                    514.7393941879272
                ],
                [
                    39.912983775138855,
                    488.59703540802
                ],
                [
                    -30.523478984832764,
                    586.7466926574707
                ],
                [
                    -2.284616231918335,
                    607.2836518287659
                ],
                [
                    67.62272119522095,
                    581.3241004943848
                ],
                [
                    46.22805118560791,
                    558.9177012443542
                ],
                [
                    18.977656960487366,
                    547.480583190918
                ]
            ],
            "provenance": "visii",
            "quaternion_xyzw": [
                -0.5476266145706177,
                -0.33560895919799805,
                0.7392963171005249,
                0.2022690325975418
            ],
            "quaternion_xyzw_world": [
                -0.7101314663887024,
                -0.36477383971214294,
                -0.1731041669845581,
                0.576791524887085
            ],
            "segmentation_id": 5,
            "visibility": 0
        },
        {
            "bounding_box_minx_maxx_miny_maxy": [
                -1,
                -1,
                -1,
                -1
            ],
            "class": "Tag",
            "local_cuboid": null,
            "local_to_world_matrix": [
                [
                    -0.18278062343597412,
                    -0.26880335807800293,
                    -0.9456933736801147,
                    0.0
                ],
                [
                    0.921828031539917,
                    -0.38126301765441895,
                    -0.06979802250862122,
                    0.0
                ],
                [
                    -0.3417958915233612,
                    -0.8845243453979492,
                    0.31747788190841675,
                    0.0
                ],
                [
                    0.28468769788742065,
                    -0.487353652715683,
                    -0.19092422723770142,
                    1.0
                ]
            ],
            "location": [
                0.487353652715683,
                -0.19092422723770142,
                -0.28468769788742065
            ],
            "location_world": [
                0.28468769788742065,
                -0.487353652715683,
                -0.19092422723770142
            ],
            "name": "google_Tag_Dishtowel_Basket_Weave_Red_18_x_26_5",
            "projected_cuboid": [
                [
                    2251.4657974243164,
                    1266.4014101028442
                ],
                [
                    1219.231128692627,
                    694.4354772567749
                ],
                [
                    1139.1324996948242,
                    698.111891746521
                ],
                [
                    1988.8684749603271,
                    1232.812762260437
                ],
                [
                    1753.7490129470825,
                    553.3285140991211
                ],
                [
                    1072.9851722717285,
                    413.4819805622101
                ],
                [
                    1003.2851696014404,
                    425.0883460044861
                ],
                [
                    1564.346194267273,
                    569.2239999771118
                ],
                [
                    1338.6249542236328,
                    651.1179208755493
                ]
            ],
            "provenance": "visii",
            "quaternion_xyzw": [
                0.4992007613182068,
                -0.2826671302318573,
                0.5345069169998169,
                -0.6206450462341309
            ],
            "quaternion_xyzw_world": [
                -0.4693091809749603,
                -0.3478648364543915,
                0.6858428120613098,
                -0.43400299549102783
            ],
            "segmentation_id": 6,
            "visibility": 0
        },
        {
            "bounding_box_minx_maxx_miny_maxy": [
                -1,
                -1,
                -1,
                -1
            ],
            "class": "FRACTION",
            "local_cuboid": null,
            "local_to_world_matrix": [
                [
                    -0.7402808666229248,
                    -0.6345559358596802,
                    0.2220877707004547,
                    0.0
                ],
                [
                    -0.3373863697052002,
                    0.06491541862487793,
                    -0.9391252994537354,
                    0.0
                ],
                [
                    0.5815106630325317,
                    -0.7701458930969238,
                    -0.26214611530303955,
                    0.0
                ],
                [
                    0.3296595513820648,
                    0.4594852328300476,
                    -0.1255040466785431,
                    1.0
                ]
            ],
            "location": [
                -0.4594852328300476,
                -0.1255040466785431,
                -0.3296595513820648
            ],
            "location_world": [
                0.3296595513820648,
                0.4594852328300476,
                -0.1255040466785431
            ],
            "name": "google_FRACTION_FUN_n4h4qte23QR_6",
            "projected_cuboid": [
                [
                    -432.00987577438354,
                    303.8460612297058
                ],
                [
                    -629.1311979293823,
                    732.0680618286133
                ],
                [
                    -812.6232624053955,
                    755.0238370895386
                ],
                [
                    -559.125542640686,
                    285.118967294693
                ],
                [
                    -384.75555181503296,
                    340.3578996658325
                ],
                [
                    -508.231520652771,
                    631.4788460731506
                ],
                [
                    -617.6075339317322,
                    639.1609311103821
                ],
                [
                    -470.3902006149292,
                    329.5064866542816
                ],
                [
                    -530.2846431732178,
                    481.3966453075409
                ]
            ],
            "provenance": "visii",
            "quaternion_xyzw": [
                -0.8881429433822632,
                -0.044241875410079956,
                -0.4251643121242523,
                -0.16876015067100525
            ],
            "quaternion_xyzw_world": [
                -0.33799034357070923,
                0.7189127802848816,
                -0.5943945050239563,
                0.12498833984136581
            ],
            "segmentation_id": 7,
            "visibility": 0
        },
        {
            "bounding_box_minx_maxx_miny_maxy": [
                0,
                351,
                1,
                144
            ],
            "class": "FAIRY",
            "local_cuboid": null,
            "local_to_world_matrix": [
                [
                    -0.20111429691314697,
                    0.16042503714561462,
                    -0.966342031955719,
                    0.0
                ],
                [
                    -0.10224974900484085,
                    0.9776713252067566,
                    0.183585986495018,
                    0.0
                ],
                [
                    0.974216639995575,
                    0.13573001325130463,
                    -0.18022024631500244,
                    0.0
                ],
                [
                    0.38121530413627625,
                    0.05390181392431259,
                    0.2237539291381836,
                    1.0
                ]
            ],
            "location": [
                -0.05390181392431259,
                0.2237539291381836,
                -0.38121530413627625
            ],
            "location_world": [
                0.38121530413627625,
                0.05390181392431259,
                0.2237539291381836
            ],
            "name": "google_FAIRY_TALE_BLOCKS_7",
            "projected_cuboid": [
                [
                    276.1077582836151,
                    210.0648581981659
                ],
                [
                    -1.922696828842163,
                    155.686616897583
                ],
                [
                    -108.39653015136719,
                    25.022953748703003
                ],
                [
                    340.89162945747375,
                    120.94776332378387
                ],
                [
                    311.7223083972931,
                    -13.641387224197388
                ],
                [
                    57.98761546611786,
                    -73.5194981098175
                ],
                [
                    -1.7880499362945557,
                    -314.5468235015869
                ],
                [
                    387.2653543949127,
                    -208.07671546936035
                ],
                [
                    164.7707223892212,
                    -0.11712312698364258
                ]
            ],
            "provenance": "visii",
            "quaternion_xyzw": [
                -0.6383975744247437,
                0.7612863779067993,
                -0.02560487762093544,
                -0.11061684042215347
            ],
            "quaternion_xyzw_world": [
                0.018938429653644562,
                0.7679527997970581,
                0.1039503961801529,
                0.6317310929298401
            ],
            "segmentation_id": 8,
            "visibility": 1
        },
        {
            "bounding_box_minx_maxx_miny_maxy": [
                -1,
                -1,
                -1,
                -1
            ],
            "class": "Great",
            "local_cuboid": null,
            "local_to_world_matrix": [
                [
                    -0.0619051456451416,
                    -0.997723400592804,
                    -0.026755303144454956,
                    0.0
                ],
                [
                    -0.500350296497345,
                    0.05421757698059082,
                    -0.8641238212585449,
                    0.0
                ],
                [
                    0.8636071681976318,
                    -0.04010668396949768,
                    -0.5025675296783447,
                    0.0
                ],
                [
                    1.3114393949508667,
                    -0.05845481529831886,
                    0.5367304682731628,
                    1.0
                ]
            ],
            "location": [
                0.05845481529831886,
                0.5367304682731628,
                -1.3114393949508667
            ],
            "location_world": [
                1.3114393949508667,
                -0.05845481529831886,
                0.5367304682731628
            ],
            "name": "google_Great_Jones_Wingtip_kAqSg6EgG0I_8",
            "projected_cuboid": [
                [
                    301.6182482242584,
                    0.7573962211608887
                ],
                [
                    299.9982237815857,
                    93.9827412366867
                ],
                [
                    301.7526865005493,
                    53.47302556037903
                ],
                [
                    303.28989028930664,
                    -41.796088218688965
                ],
                [
                    256.45777583122253,
                    0.7037967443466187
                ],
                [
                    249.56518411636353,
                    93.4419333934784
                ],
                [
                    247.30464816093445,
                    53.11483144760132
                ],
                [
                    254.9366056919098,
                    -41.64308309555054
                ],
                [
                    276.9310772418976,
                    24.55553412437439
                ]
            ],
            "provenance": "visii",
            "quaternion_xyzw": [
                -0.9650717973709106,
                0.02097587287425995,
                -0.026425987482070923,
                -0.2598039507865906
            ],
            "quaternion_xyzw_world": [
                -0.5887369513511658,
                0.6361387968063354,
                -0.3553589880466461,
                0.34990888833999634
            ],
            "segmentation_id": 9,
            "visibility": 0
        },
        {
            "bounding_box_minx_maxx_miny_maxy": [
                -1,
                -1,
                -1,
                -1
            ],
            "class": "Ecoforms",
            "local_cuboid": null,
            "local_to_world_matrix": [
                [
                    -0.959283709526062,
                    0.17161837220191956,
                    -0.22432538866996765,
                    0.0
                ],
                [
                    -0.17116862535476685,
                    0.2785254120826721,
                    0.9450528025627136,
                    0.0
                ],
                [
                    0.2246687412261963,
                    0.9449712634086609,
                    -0.2378091812133789,
                    0.0
                ],
                [
                    1.4071898460388184,
                    0.3841409385204315,
                    -0.16532808542251587,
                    1.0
                ]
            ],
            "location": [
                -0.3841409385204315,
                -0.16532808542251587,
                -1.4071898460388184
            ],
            "location_world": [
                1.4071898460388184,
                0.3841409385204315,
                -0.16532808542251587
            ],
            "name": "google_Ecoforms_Plant_Container_Quadra_Sand_QP6_9",
            "projected_cuboid": [
                [
                    15.11220633983612,
                    389.452189207077
                ],
                [
                    -14.498680830001831,
                    311.76549196243286
                ],
                [
                    51.749274134635925,
                    294.9539124965668
                ],
                [
                    80.58337867259979,
                    375.2591609954834
                ],
                [
                    55.43455481529236,
                    356.453537940979
                ],
                [
                    30.243784189224243,
                    287.392258644104
                ],
                [
                    89.47350084781647,
                    272.0291316509247
                ],
                [
                    114.0214055776596,
                    343.14659237861633
                ],
                [
                    53.75535786151886,
                    328.43127846717834
                ]
            ],
            "provenance": "visii",
            "quaternion_xyzw": [
                -0.1643148958683014,
                0.7650718688964844,
                -0.021775925531983376,
                -0.6222470998764038
            ],
            "quaternion_xyzw_world": [
                0.00014292242121882737,
                0.7867048978805542,
                0.600614070892334,
                0.14268188178539276
            ],
            "segmentation_id": 10,
            "visibility": 0
        },
        {
            "bounding_box_minx_maxx_miny_maxy": [
                -1,
                -1,
                -1,
                -1
            ],
            "class": "ReadytoUse",
            "local_cuboid": null,
            "local_to_world_matrix": [
                [
                    -0.2754875421524048,
                    0.8010091781616211,
                    0.5314987897872925,
                    0.0
                ],
                [
                    0.6584701538085938,
                    0.560055673122406,
                    -0.5027471780776978,
                    0.0
                ],
                [
                    -0.7003740072250366,
                    0.21147555112838745,
                    -0.6817290782928467,
                    0.0
                ],
                [
                    0.32805871963500977,
                    -0.4221992492675781,
                    -0.32855138182640076,
                    1.0
                ]
            ],
            "location": [
                0.4221992492675781,
                -0.32855138182640076,
                -0.32805871963500977
            ],
            "location_world": [
                0.32805871963500977,
                -0.4221992492675781,
                -0.32855138182640076
            ],
            "name": "google_ReadytoUse_Rolled_Fondant_Pure_White_24_oz_box_10",
            "projected_cuboid": [
                [
                    1449.067234992981,
                    1610.034704208374
                ],
                [
                    1184.5418214797974,
                    1471.1281061172485
                ],
                [
                    913.2160544395447,
                    818.8309669494629
                ],
                [
                    1042.1494245529175,
                    830.6675553321838
                ],
                [
                    1537.5499725341797,
                    1578.89723777771
                ],
                [
                    1297.7449893951416,
                    1463.304877281189
                ],
                [
                    1014.5730972290039,
                    874.130129814148
                ],
                [
                    1140.3321027755737,
                    890.2015089988708
                ],
                [
                    1157.5360298156738,
                    1116.267204284668
                ]
            ],
            "provenance": "visii",
            "quaternion_xyzw": [
                -0.018465936183929443,
                0.3866161108016968,
                -0.8666213750839233,
                -0.3148879408836365
            ],
            "quaternion_xyzw_world": [
                0.4599418044090271,
                0.793295681476593,
                -0.09179163724184036,
                -0.3882136344909668
            ],
            "segmentation_id": 11,
            "visibility": 0
        },
        {
            "bounding_box_minx_maxx_miny_maxy": [
                -1,
                -1,
                -1,
                -1
            ],
            "class": "Dog",
            "local_cuboid": null,
            "local_to_world_matrix": [
                [
                    0.8981764316558838,
                    -0.0527709424495697,
                    0.43645650148391724,
                    0.0
                ],
                [
                    0.37011778354644775,
                    0.6265344023704529,
                    -0.6859062910079956,
                    0.0
                ],
                [
                    -0.23725908994674683,
                    0.7776051759719849,
                    0.5822699069976807,
                    0.0
                ],
                [
                    0.535422146320343,
                    -0.2977738678455353,
                    0.18680128455162048,
                    1.0
                ]
            ],
            "location": [
                0.2977738678455353,
                0.18680128455162048,
                -0.535422146320343
            ],
            "location_world": [
                0.535422146320343,
                -0.2977738678455353,
                0.18680128455162048
            ],
            "name": "google_Dog_11",
            "projected_cuboid": [
                [
                    472.99832105636597,
                    -200.27586817741394
                ],
                [
                    336.70592308044434,
                    -28.495311737060547
                ],
                [
                    468.89910101890564,
                    94.49286758899689
                ],
                [
                    609.5756888389587,
                    -49.97408390045166
                ],
                [
                    584.0466022491455,
                    -293.2342290878296
                ],
                [
                    362.0821237564087,
                    -21.16990089416504
                ],
                [
                    550.5613088607788,
                    155.8297574520111
                ],
                [
                    778.7659764289856,
                    -53.464025259017944
                ],
                [
                    508.3026885986328,
                    -38.187623023986816
                ]
            ],
            "provenance": "visii",
            "quaternion_xyzw": [
                -0.6126618981361389,
                0.07756232470273972,
                0.6838118433952332,
                0.38862699270248413
            ],
            "quaternion_xyzw_world": [
                -0.4151421785354614,
                -0.19110731780529022,
                -0.1199573427438736,
                0.8813315033912659
            ],
            "segmentation_id": 12,
            "visibility": 0
        },
        {
            "bounding_box_minx_maxx_miny_maxy": [
                -1,
                -1,
                -1,
                -1
            ],
            "class": "Black",
            "local_cuboid": null,
            "local_to_world_matrix": [
                [
                    0.13988655805587769,
                    -0.9096449017524719,
                    -0.39112383127212524,
                    0.0
                ],
                [
                    0.13631290197372437,
                    -0.373555064201355,
                    0.9175376892089844,
                    0.0
                ],
                [
                    -0.9807397723197937,
                    -0.18166640400886536,
                    0.07174104452133179,
                    0.0
                ],
                [
                    0.3377528786659241,
                    -0.3610523045063019,
                    0.33949896693229675,
                    1.0
                ]
            ],
            "location": [
                0.3610523045063019,
                0.33949896693229675,
                -0.3377528786659241
            ],
            "location_world": [
                0.3377528786659241,
                -0.3610523045063019,
                0.33949896693229675
            ],
            "name": "google_Black_Elderberry_Syrup_54_oz_Gaia_Herbs_12",
            "projected_cuboid": [
                [
                    1492.8725957870483,
                    -712.6812934875488
                ],
                [
                    1509.1497898101807,
                    -835.4147672653198
                ],
                [
                    944.8617696762085,
                    -370.4811930656433
                ],
                [
                    921.9847917556763,
                    -288.3807420730591
                ],
                [
                    1378.493070602417,
                    -825.7104158401489
                ],
                [
                    1400.1498222351074,
                    -948.8046169281006
                ],
                [
                    868.4360384941101,
                    -425.09377002716064
                ],
                [
                    843.1374430656433,
                    -342.33736991882324
                ],
                [
                    1097.2768068313599,
                    -530.4875373840332
                ]
            ],
            "provenance": "visii",
            "quaternion_xyzw": [
                -0.05330917239189148,
                0.08239075541496277,
                -0.19593188166618347,
                0.9756948947906494
            ],
            "quaternion_xyzw_world": [
                0.6003541946411133,
                -0.32203155755996704,
                -0.571272611618042,
                0.4577314853668213
            ],
            "segmentation_id": 13,
            "visibility": 0
        },
        {
            "bounding_box_minx_maxx_miny_maxy": [
                -1,
                -1,
                -1,
                -1
            ],
