{
    "camera_data": {
        "camera_look_at": {
            "at": [
                1.0,
                0.0,
                0.0
            ],
            "eye": [
                0.0,
                0.0,
                0.0
            ],
            "up": [
                0.0,
                0.0,
                1.0
            ]
        },
        "camera_view_matrix": [
            [
                0.0,
                0.0,
                -1.0,
                0.0
            ],
            [
                -1.0,
                0.0,
                0.0,
                0.0
            ],
            [
                0.0,
                1.0,
                0.0,
                0.0
            ],
            [
                0.0,
                0.0,
                0.0,
                1.0
            ]
        ],
        "height": 500,
        "intrinsics": {
            "cx": 250.0,
            "cy": 250.0,
            "fx": 603.5535278320312,
            "fy": 603.5535278320312
        },
        "location_world": [
            0.0,
            0.0,
            0.0
        ],
        "quaternion_world_xyzw": [
            0.5,
            -0.5,
            -0.5,
            0.5
        ],
        "width": 500
    },
    "objects": [
        {
            "bounding_box_minx_maxx_miny_maxy": [
                -1,
                -1,
                -1,
                -1
            ],
            "class": "Reebok",
            "local_cuboid": null,
            "local_to_world_matrix": [
                [
                    -0.3498396873474121,
                    0.14449262619018555,
                    0.9255995750427246,
                    0.0
                ],
                [
                    0.8297790288925171,
                    -0.4108150005340576,
                    0.37775424122810364,
                    0.0
                ],
                [
                    0.43483269214630127,
                    0.9001963138580322,
                    0.023822128772735596,
                    0.0
                ],
                [
                    0.5836315155029297,
                    0.25600019097328186,
                    0.14904749393463135,
                    1.0
                ]
            ],
            "location": [
                -0.25600019097328186,
                0.14904749393463135,
                -0.5836315155029297
            ],
            "location_world": [
                0.5836315155029297,
                0.25600019097328186,
                0.14904749393463135
            ],
            "name": "google_Reebok_SOMERSET_RUN_0",
            "projected_cuboid": [
                [
                    -274.9904990196228,
                    67.83831119537354
                ],
                [
                    -3.0784010887145996,
                    37.27264702320099
                ],
                [
                    70.33133506774902,
                    24.036094546318054
                ],
                [
                    -192.31447577476501,
                    50.82409083843231
                ],
                [
                    -217.5637185573578,
                    199.7867226600647
                ],
                [
                    22.509261965751648,
                    129.44412231445312
                ],
                [
                    93.70186924934387,
                    123.34947288036346
                ],
                [
                    -135.64574718475342,
                    197.99020886421204
                ],
                [
                    -55.5436909198761,
                    100.87871551513672
                ]
            ],
            "provenance": "visii",
            "quaternion_xyzw": [
                0.4776468276977539,
                0.6994783282279968,
                -0.2880563735961914,
                -0.44677430391311646
            ],
            "quaternion_xyzw_world": [
                0.5092036128044128,
                0.4783310890197754,
                0.6679215431213379,
                -0.25649958848953247
            ],
            "segmentation_id": 1,
            "visibility": 0
        },
        {
            "bounding_box_minx_maxx_miny_maxy": [
                -1,
                -1,
                -1,
                -1
            ],
            "class": "Breyer",
            "local_cuboid": null,
            "local_to_world_matrix": [
                [
                    -0.5216436386108398,
                    0.3019619584083557,
                    -0.797939121723175,
                    0.0
                ],
                [
                    -0.7761582732200623,
                    -0.5562634468078613,
                    0.29689931869506836,
                    0.0
                ],
                [
                    -0.35421210527420044,
                    0.7742027044296265,
                    0.5245416164398193,
                    0.0
                ],
                [
                    0.21291989088058472,
                    -0.2527805268764496,
                    -0.006991549860686064,
                    1.0
                ]
            ],
            "location": [
                0.2527805268764496,
                -0.006991549860686064,
                -0.21291989088058472
            ],
            "location_world": [
                0.21291989088058472,
                -0.2527805268764496,
                -0.006991549860686064
            ],
            "name": "google_Breyer_Horse_Of_The_Year_2015_1",
            "projected_cuboid": [
                [
                    702.8681039810181,
                    390.7489776611328
                ],
                [
                    1267.2780752182007,
                    333.29951763153076
                ],
                [
                    1398.8500833511353,
                    686.5063905715942
                ],
                [
                    980.5436134338379,
                    632.1134567260742
                ],
                [
                    649.9037742614746,
                    -153.77146005630493
                ],
                [
                    845.2513813972473,
                    -302.69855260849
                ],
                [
                    1005.5277347564697,
                    17.5454318523407
                ],
                [
                    821.9878077507019,
                    89.1219973564148
                ],
                [
                    908.8518023490906,
                    136.75439357757568
                ]
            ],
            "provenance": "visii",
            "quaternion_xyzw": [
                -0.1083127111196518,
                0.5578192472457886,
                0.5829397439956665,
                -0.5807644724845886
            ],
            "quaternion_xyzw_world": [
                -0.3570988178253174,
                0.33197835087776184,
                0.806605339050293,
                0.33415359258651733
            ],
            "segmentation_id": 2,
            "visibility": 0
        },
        {
            "bounding_box_minx_maxx_miny_maxy": [
                44,
                64,
                122,
                155
            ],
            "class": "Smith",
            "local_cuboid": null,
            "local_to_world_matrix": [
                [
                    0.831602931022644,
                    0.11454513669013977,
                    0.5434298515319824,
                    0.0
                ],
                [
                    -0.11293604969978333,
                    0.9929327964782715,
                    -0.03646776080131531,
                    0.0
                ],
                [
                    -0.5437664985656738,
                    -0.031046122312545776,
                    0.8386620879173279,
                    0.0
                ],
                [
                    1.4987190961837769,
                    0.5885969400405884,
                    0.272571861743927,
                    1.0
                ]
            ],
            "location": [
                -0.5885969400405884,
                0.272571861743927,
                -1.4987190961837769
            ],
            "location_world": [
                1.4987190961837769,
                0.5885969400405884,
                0.272571861743927
            ],
            "name": "google_Smith_Hawken_Woven_BasketTray_Organizer_with_3_Compartments_95_x_9_x_13_2",
            "projected_cuboid": [
                [
                    62.63507902622223,
                    11.024385690689087
                ],
                [
                    -44.698745012283325,
                    10.16312837600708
                ],
                [
                    -21.430939435958862,
                    114.83553051948547
                ],
                [
                    76.06726884841919,
                    113.79152536392212
                ],
                [
                    36.949560046195984,
                    49.32677745819092
                ],
                [
                    -98.11010956764221,
                    49.18530583381653
                ],
                [
                    -63.76233696937561,
                    173.11599850654602
                ],
                [
                    56.089892983436584,
                    170.59946060180664
                ],
                [
                    3.4904927015304565,
                    86.8712067604065
                ]
            ],
            "provenance": "visii",
            "quaternion_xyzw": [
                -0.30747199058532715,
                0.365482896566391,
                0.6509184241294861,
                0.590074896812439
            ],
            "quaternion_xyzw_world": [
                -0.0014163488522171974,
                -0.28401926159858704,
                0.05942720174789429,
                0.9569741487503052
            ],
            "segmentation_id": 3,
            "visibility": 1
        },
        {
            "bounding_box_minx_maxx_miny_maxy": [
                294,
                422,
                1,
                117
            ],
            "class": "Paul",
            "local_cuboid": null,
            "local_to_world_matrix": [
                [
                    -0.5703110694885254,
                    -0.12247857451438904,
                    0.8122463822364807,
                    0.0
                ],
                [
                    0.8180605173110962,
                    0.004767656326293945,
                    0.5751123428344727,
                    0.0
                ],
                [
                    -0.07431143522262573,
                    0.9924596548080444,
                    0.09747588634490967,
                    0.0
                ],
                [
                    1.2226232290267944,
                    -0.31846705079078674,
                    0.3964851498603821,
                    1.0
                ]
            ],
            "location": [
                0.31846705079078674,
                0.3964851498603821,
                -1.2226232290267944
            ],
            "location_world": [
                1.2226232290267944,
                -0.31846705079078674,
                0.3964851498603821
            ],
            "name": "google_Paul_Frank_Dot_Lunch_Box_3",
            "projected_cuboid": [
                [
                    308.18432569503784,
                    -25.37962794303894
                ],
                [
                    303.5447895526886,
                    -36.57817840576172
                ],
                [
                    419.4309115409851,
                    -20.972520112991333
                ],
                [
                    433.2730770111084,
                    -8.699983358383179
                ],
                [
                    285.3589951992035,
                    112.56398260593414
                ],
                [
                    282.76732563972473,
                    93.43995153903961
                ],
                [
                    385.9437108039856,
                    105.62710464000702
                ],
                [
                    395.7676887512207,
                    125.34651160240173
                ],
                [
                    351.16046667099,
                    47.025322914123535
                ]
            ],
            "provenance": "visii",
            "quaternion_xyzw": [
                0.343894898891449,
                0.587009847164154,
                -0.30688780546188354,
                -0.6655641198158264
            ],
            "quaternion_xyzw_world": [
                0.2861142158508301,
                0.6077834367752075,
                0.644790530204773,
                -0.36466845870018005
            ],
            "segmentation_id": 4,
            "visibility": 1
        },
        {
            "bounding_box_minx_maxx_miny_maxy": [
                312,
                368,
                460,
                500
            ],
            "class": "Toys",
            "local_cuboid": null,
            "local_to_world_matrix": [
                [
                    -0.14400243759155273,
                    0.46530890464782715,
                    -0.8733561038970947,
                    0.0
                ],
                [
                    -0.9878442287445068,
                    -0.015382170677185059,
                    0.15468436479568481,
                    0.0
                ],
                [
                    0.0585419237613678,
                    0.8850147128105164,
                    0.4618677496910095,
                    0.0
                ],
                [
                    1.2770761251449585,
                    -0.2769291400909424,
                    -0.5606482028961182,
                    1.0
                ]
            ],
            "location": [
                0.2769291400909424,
                -0.5606482028961182,
                -1.2770761251449585
            ],
            "location_world": [
                1.2770761251449585,
                -0.2769291400909424,
                -0.5606482028961182
            ],
            "name": "google_Toys_R_Us_Treat_Dispenser_Smart_Puzzle_Foobler_4",
            "projected_cuboid": [
                [
                    296.45803570747375,
                    504.3165683746338
                ],
                [
                    303.5412132740021,
                    524.5818495750427
                ],
                [
                    372.8329539299011,
                    562.605619430542
                ],
                [
                    357.8520715236664,
                    537.8968715667725
                ],
                [
                    327.3468613624573,
                    440.79911708831787
                ],
                [
                    338.1463587284088,
                    452.786922454834
                ],
                [
                    406.4209461212158,
                    489.5797073841095
                ],
                [
                    387.9415988922119,
                    473.4126627445221
                ],
                [
                    348.4634757041931,
                    497.346967458725
                ]
            ],
            "provenance": "visii",
            "quaternion_xyzw": [
                -0.3311150372028351,
                0.6477915048599243,
                0.5594824552536011,
                -0.39712515473365784
            ],
            "quaternion_xyzw_world": [
                -0.3199656009674072,
                0.4082745909690857,
                0.6366420388221741,
                0.5706319212913513
            ],
            "segmentation_id": 5,
            "visibility": 1
        },
        {
            "bounding_box_minx_maxx_miny_maxy": [
                -1,
                -1,
                -1,
                -1
            ],
            "class": "Tag",
            "local_cuboid": null,
            "local_to_world_matrix": [
                [
                    -0.5956408977508545,
                    0.6961162090301514,
                    -0.4007919132709503,
                    0.0
                ],
                [
                    0.5287450551986694,
                    -0.03582596778869629,
                    -0.8480242490768433,
                    0.0
                ],
                [
                    -0.604682207107544,
                    -0.7170346975326538,
                    -0.3467285633087158,
                    0.0
                ],
                [
                    0.3455483615398407,
                    -0.4859127700328827,
                    -0.1595713347196579,
                    1.0
                ]
            ],
            "location": [
                0.4859127700328827,
                -0.1595713347196579,
                -0.3455483615398407
            ],
            "location_world": [
                0.3455483615398407,
                -0.4859127700328827,
                -0.1595713347196579
            ],
            "name": "google_Tag_Dishtowel_Basket_Weave_Red_18_x_26_5",
            "projected_cuboid": [
                [
                    1523.010015487671,
                    553.9761781692505
                ],
                [
                    1070.366382598877,
                    797.9212403297424
                ],
                [
                    979.5432686805725,
                    745.0613975524902
                ],
                [
                    1343.3101177215576,
                    495.236873626709
                ],
                [
                    1339.2444849014282,
                    324.0964114665985
                ],
                [
                    1043.6341762542725,
                    576.1579275131226
                ],
                [
                    974.1814732551575,
                    545.2243685722351
                ],
                [
                    1225.6252765655518,
                    297.6466417312622
                ],
                [
                    1147.9301452636719,
                    547.9949712753296
                ]
            ],
            "provenance": "visii",
            "quaternion_xyzw": [
                -0.36987361311912537,
                0.24668285250663757,
                -0.8872461318969727,
                0.12302616238594055
            ],
            "quaternion_xyzw_world": [
                0.4435407519340515,
                0.6903882026672363,
                -0.5667315125465393,
                -0.07383175194263458
            ],
            "segmentation_id": 6,
            "visibility": 0
        },
        {
            "bounding_box_minx_maxx_miny_maxy": [
                -1,
                -1,
                -1,
                -1
            ],
            "class": "FRACTION",
            "local_cuboid": null,
            "local_to_world_matrix": [
                [
                    0.8484224081039429,
                    -0.4933764934539795,
                    0.19172674417495728,
                    0.0
                ],
                [
                    -0.5224902629852295,
                    -0.8386048078536987,
                    0.154097318649292,
                    0.0
                ],
                [
                    0.08475497364997864,
                    -0.23091495037078857,
                    -0.9692754745483398,
                    0.0
                ],
                [
                    0.2976914346218109,
                    0.1531372219324112,
                    -0.2811059355735779,
                    1.0
                ]
            ],
            "location": [
                -0.1531372219324112,
                -0.2811059355735779,
                -0.2976914346218109
            ],
            "location_world": [
                0.2976914346218109,
                0.1531372219324112,
                -0.2811059355735779
            ],
            "name": "google_FRACTION_FUN_n4h4qte23QR_6",
            "projected_cuboid": [
                [
                    -4.326283931732178,
                    706.2232494354248
                ],
                [
                    212.07091212272644,
                    790.499210357666
                ],
                [
                    192.71378219127655,
                    717.2979712486267
                ],
                [
                    -21.0493803024292,
                    649.4481563568115
                ],
                [
                    -329.7709822654724,
                    1024.8444080352783
                ],
                [
                    -113.36749792098999,
                    1356.9201231002808
                ],
                [
                    -156.21322393417358,
                    1233.2444190979004
                ],
                [
                    -360.03613471984863,
                    941.4640665054321
                ],
                [
                    -48.424869775772095,
                    859.2374920845032
                ]
            ],
            "provenance": "visii",
            "quaternion_xyzw": [
                0.5966644883155823,
                0.43170472979545593,
                -0.2587330937385559,
                0.6250438094139099
            ],
            "quaternion_xyzw_world": [
                0.9560730457305908,
                -0.265635222196579,
                0.07229617983102798,
                0.10067543387413025
            ],
            "segmentation_id": 7,
            "visibility": 0
        },
        {
            "bounding_box_minx_maxx_miny_maxy": [
                -1,
                -1,
                -1,
                -1
            ],
            "class": "FAIRY",
            "local_cuboid": null,
            "local_to_world_matrix": [
                [
                    -0.10989117622375488,
                    -0.8595725297927856,
                    0.4990585446357727,
                    0.0
                ],
                [
                    -0.33882513642311096,
                    0.504421591758728,
                    0.7942018508911133,
                    0.0
                ],
                [
                    -0.9344099164009094,
                    -0.08181798458099365,
                    -0.3466763496398926,
                    0.0
                ],
                [
                    0.3897419273853302,
                    0.20197439193725586,
                    0.31849855184555054,
                    1.0
                ]
            ],
            "location": [
                -0.20197439193725586,
                0.31849855184555054,
                -0.3897419273853302
            ],
            "location_world": [
                0.3897419273853302,
                0.20197439193725586,
                0.31849855184555054
            ],
            "name": "google_FAIRY_TALE_BLOCKS_7",
            "projected_cuboid": [
                [
                    222.16257452964783,
                    -312.61152029037476
                ],
                [
                    -455.9056758880615,
                    -1759.9453926086426
                ],
                [
                    -44.792234897613525,
                    -635.6081962585449
                ],
                [
                    209.77666974067688,
                    -144.88467574119568
                ],
                [
                    -310.7498288154602,
                    62.511831521987915
                ],
                [
                    -1184.9443912506104,
                    -897.3046541213989
                ],
                [
                    -380.9671998023987,
                    -360.1667284965515
                ],
                [
                    -74.4989812374115,
                    45.563310384750366
                ],
                [
                    -156.46860003471375,
                    -342.46569871902466
                ]
            ],
            "provenance": "visii",
            "quaternion_xyzw": [
                0.18094263970851898,
                -0.007410064339637756,
                0.26487529277801514,
                0.9471251964569092
            ],
            "quaternion_xyzw_world": [
                0.42789122462272644,
                -0.7001765966415405,
                -0.2543586492538452,
                0.5118238925933838
            ],
            "segmentation_id": 8,
            "visibility": 0
        },
        {
            "bounding_box_minx_maxx_miny_maxy": [
                153,
                208,
                1,
                111
            ],
            "class": "Great",
            "local_cuboid": null,
            "local_to_world_matrix": [
                [
                    -0.4701470136642456,
                    -0.8752028942108154,
                    0.11393696069717407,
                    0.0
                ],
                [
                    0.14779755473136902,
                    0.04919952154159546,
                    0.9877932071685791,
                    0.0
                ],
                [
                    -0.8701251149177551,
                    0.48124757409095764,
                    0.10622185468673706,
                    0.0
                ],
                [
                    1.2917262315750122,
                    0.1319260448217392,
                    0.43801724910736084,
                    1.0
                ]
            ],
            "location": [
                -0.1319260448217392,
                0.43801724910736084,
                -1.2917262315750122
            ],
            "location_world": [
                1.2917262315750122,
                0.1319260448217392,
                0.43801724910736084
            ],
            "name": "google_Great_Jones_Wingtip_kAqSg6EgG0I_8",
            "projected_cuboid": [
                [
                    181.2194585800171,
                    90.46885371208191
                ],
                [
                    176.09764635562897,
                    -59.70776081085205
                ],
                [
                    207.40962028503418,
                    -30.264049768447876
                ],
                [
                    213.2856398820877,
                    109.0438961982727
                ],
                [
                    135.0909322500229,
                    103.84248197078705
                ],
                [
                    131.89755380153656,
                    -40.50678014755249
                ],
                [
                    165.25042057037354,
                    -13.628602027893066
                ],
                [
                    169.3876087665558,
                    120.64506113529205
                ],
                [
                    172.6006269454956,
                    34.285157918930054
                ]
            ],
            "provenance": "visii",
            "quaternion_xyzw": [
                0.06573563814163208,
                0.2462037205696106,
                -0.04221677780151367,
                -0.9660643339157104
            ],
            "quaternion_xyzw_world": [
                -0.30595409870147705,
                0.5943745970726013,
                0.6178934574127197,
                -0.4139065146446228
            ],
            "segmentation_id": 9,
            "visibility": 1
        },
        {
            "bounding_box_minx_maxx_miny_maxy": [
                1,
                34,
                196,
                247
            ],
            "class": "Ecoforms",
            "local_cuboid": null,
            "local_to_world_matrix": [
                [
                    0.7910879850387573,
                    -0.4428354501724243,
                    -0.4219912588596344,
                    0.0
                ],
                [
                    -0.1582602858543396,
                    -0.814544677734375,
                    0.5580955743789673,
                    0.0
                ],
                [
                    -0.5908752083778381,
                    -0.37471824884414673,
                    -0.7144597768783569,
                    0.0
                ],
                [
                    1.5745431184768677,
                    0.7233901619911194,
                    0.182471364736557,
                    1.0
                ]
            ],
            "location": [
                -0.7233901619911194,
                0.182471364736557,
                -1.5745431184768677
            ],
            "location_world": [
                1.5745431184768677,
                0.7233901619911194,
                0.182471364736557
            ],
            "name": "google_Ecoforms_Plant_Container_Quadra_Sand_QP6_9",
            "projected_cuboid": [
                [
                    -18.210113048553467,
                    261.9887888431549
                ],
                [
                    37.4206006526947,
                    220.5056995153427
                ],
                [
                    27.054384350776672,
                    177.84830927848816
                ],
                [
                    -25.061577558517456,
                    217.62116253376007
                ],
                [
                    -82.7246904373169,
                    228.99362444877625
                ],
                [
                    -22.44555950164795,
                    182.28167295455933
                ],
                [
                    -29.846876859664917,
                    137.86070048809052
                ],
                [
                    -86.0150158405304,
                    182.38355219364166
                ],
                [
                    -23.873746395111084,
                    201.5753537416458
                ]
            ],
            "provenance": "visii",
            "quaternion_xyzw": [
                0.2710464298725128,
                0.3620721399784088,
                -0.38403913378715515,
                0.8049544095993042
            ],
            "quaternion_xyzw_world": [
                0.9110560417175293,
                -0.16494476795196533,
                -0.27793747186660767,
                0.25597047805786133
            ],
            "segmentation_id": 10,
            "visibility": 1
        },
        {
            "bounding_box_minx_maxx_miny_maxy": [
                -1,
                -1,
                -1,
                -1
            ],
            "class": "ReadytoUse",
            "local_cuboid": null,
            "local_to_world_matrix": [
                [
                    0.27527540922164917,
                    0.7502279877662659,
                    -0.6011501550674438,
                    0.0
                ],
                [
                    0.9419781565666199,
                    -0.3354330062866211,
                    0.012729376554489136,
                    0.0
                ],
                [
                    -0.19209560751914978,
                    -0.5697742700576782,
                    -0.799034833908081,
                    0.0
                ],
                [
                    0.2245967835187912,
                    -0.39089012145996094,
                    -0.24851909279823303,
                    1.0
                ]
            ],
            "location": [
                0.39089012145996094,
                -0.24851909279823303,
                -0.2245967835187912
            ],
            "location_world": [
                0.2245967835187912,
                -0.39089012145996094,
                -0.24851909279823303
            ],
            "name": "google_ReadytoUse_Rolled_Fondant_Pure_White_24_oz_box_10",
            "projected_cuboid": [
                [
                    1657.9517126083374,
                    1614.945650100708
                ],
                [
                    1420.0016260147095,
                    1341.0803079605103
                ],
                [
                    1057.2762489318848,
                    899.7611999511719
                ],
                [
                    1182.936429977417,
                    1039.3297672271729
                ],
                [
                    2329.6401500701904,
                    1625.2636909484863
                ],
                [
                    1894.9673175811768,
                    1302.7833700180054
                ],
                [
                    1412.984013557434,
                    802.8210401535034
                ],
                [
                    1650.5883932113647,
                    943.4137344360352
                ],
                [
                    1522.1866369247437,
                    1164.8533344268799
                ]
            ],
            "provenance": "visii",
            "quaternion_xyzw": [
                -0.10600361227989197,
                0.6266701221466064,
                -0.6945492029190063,
                0.33711907267570496
            ],
            "quaternion_xyzw_world": [
                0.7761673927307129,
                0.5450519323348999,
                -0.255500853061676,
                0.1876218020915985
            ],
            "segmentation_id": 11,
            "visibility": 0
        },
        {
            "bounding_box_minx_maxx_miny_maxy": [
                322,
                499,
                93,
                304
            ],
            "class": "Dog",
            "local_cuboid": null,
            "local_to_world_matrix": [
                [
                    -0.8997064828872681,
                    0.4276679456233978,
                    0.08733990788459778,
                    0.0
                ],
                [
                    -0.2907274067401886,
                    -0.4378788471221924,
                    -0.8507288694381714,
                    0.0
                ],
                [
                    -0.32558518648147583,
                    -0.7907984256744385,
                    0.5182973146438599,
                    0.0
                ],
                [
                    0.6777222156524658,
                    -0.13825199007987976,
                    0.01586105488240719,
                    1.0
                ]
            ],
            "location": [
                0.13825199007987976,
                0.01586105488240719,
                -0.6777222156524658
            ],
            "location_world": [
                0.6777222156524658,
                -0.13825199007987976,
                0.01586105488240719
            ],
            "name": "google_Dog_11",
            "projected_cuboid": [
                [
                    481.7257523536682,
                    14.330625534057617
                ],
                [
                    610.5831861495972,
                    187.2057020664215
                ],
                [
                    392.7338123321533,
                    309.28876996040344
                ],
                [
                    297.5662350654602,
                    144.12042498588562
                ],
                [
                    497.2464442253113,
                    97.11582958698273
                ],
                [
                    588.2208347320557,
                    224.04217720031738
                ],
                [
                    432.71106481552124,
                    309.095174074173
                ],
                [
                    359.48291420936584,
                    186.67057156562805
                ],
                [
                    453.0351758003235,
                    186.86994910240173
                ]
            ],
            "provenance": "visii",
            "quaternion_xyzw": [
                0.5238023996353149,
                0.2506760060787201,
                0.8068429231643677,
                -0.10861438512802124
            ],
            "quaternion_xyzw_world": [
                -0.07048945128917694,
                -0.48567745089530945,
                0.8449678421020508,
                0.212551087141037
            ],
            "segmentation_id": 12,
            "visibility": 1
        },
        {
            "bounding_box_minx_maxx_miny_maxy": [
                -1,
                -1,
                -1,
                -1
            ],
            "class": "Black",
            "local_cuboid": null,
            "local_to_world_matrix": [
                [
                    0.5955057144165039,
                    -0.5888180732727051,
                    -0.5465038418769836,
                    0.0
                ],
                [
                    0.7992100715637207,
                    0.5032116770744324,
                    0.3286967873573303,
                    0.0
                ],
                [
                    0.08146460354328156,
                    -0.632512092590332,
                    0.7702546119689941,
                    0.0
                ],
                [
                    0.39004701375961304,
                    -0.42069336771965027,
                    0.329762727022171,
                    1.0
                ]
            ],
            "location": [
                0.42069336771965027,
                0.329762727022171,
                -0.39004701375961304
            ],
            "location_world": [
                0.39004701375961304,
                -0.42069336771965027,
                0.329762727022171
            ],
            "name": "google_Black_Elderberry_Syrup_54_oz_Gaia_Herbs_12",
            "projected_cuboid": [
                [
                    1080.9416770935059,
                    -385.6044411659241
                ],
                [
                    951.6985416412354,
                    -344.260573387146
                ],
                [
                    842.3301577568054,
                    -203.93142104148865
                ],
                [
                    962.0875716209412,
                    -229.2664647102356
                ],
                [
                    1102.996587753296,
                    -497.63691425323486
                ],
                [
                    960.4381918907166,
                    -439.89628553390503
                ],
                [
                    841.9488668441772,
                    -290.3802990913391
                ],
                [
                    973.3155965805054,
                    -329.86629009246826
                ],
                [
                    961.2368941307068,
                    -337.9093408584595
                ]
            ],
            "provenance": "visii",
            "quaternion_xyzw": [
                -0.5791342854499817,
                0.4531400203704834,
                -0.015974760055541992,
                0.6775047779083252
            ],
            "quaternion_xyzw_world": [
                0.28374260663986206,
                0.18537218868732452,
                -0.40973687171936035,
                0.8469021320343018
            ],
            "segmentation_id": 13,
            "visibility": 0
        },
        {
            "bounding_box_minx_maxx_miny_maxy": [
                -1,
                -1,
                -1,
                -1
            ],
