{
    "camera_data": {
        "camera_look_at": {
            "at": [
                1.0,
                0.0,
                0.0
            ],
            "eye": [
                0.0,
                0.0,
                0.0
            ],
            "up": [
                0.0,
                0.0,
                1.0
            ]
        },
        "camera_view_matrix": [
            [
                0.0,
                0.0,
                -1.0,
                0.0
            ],
            [
                -1.0,
                0.0,
                0.0,
                0.0
            ],
            [
                0.0,
                1.0,
                0.0,
                0.0
            ],
            [
                0.0,
                0.0,
                0.0,
                1.0
            ]
        ],
        "height": 500,
        "intrinsics": {
            "cx": 250.0,
            "cy": 250.0,
            "fx": 603.5535278320312,
            "fy": 603.5535278320312
        },
        "location_world": [
            0.0,
            0.0,
            0.0
        ],
        "quaternion_world_xyzw": [
            0.5,
            -0.5,
            -0.5,
            0.5
        ],
        "width": 500
    },
    "objects": [
        {
            "bounding_box_minx_maxx_miny_maxy": [
                160,
                196,
                1,
                53
            ],
            "class": "Reebok",
            "local_cuboid": null,
            "local_to_world_matrix": [
                [
                    -0.13362395763397217,
                    -0.9479115009307861,
                    -0.28915122151374817,
                    0.0
                ],
                [
                    0.37586379051208496,
                    0.2214953899383545,
                    -0.8998145461082458,
                    0.0
                ],
                [
                    0.9169902801513672,
                    -0.22891825437545776,
                    0.3266885280609131,
                    0.0
                ],
                [
                    0.5957374572753906,
                    0.05043989047408104,
                    0.20240940153598785,
                    1.0
                ]
            ],
            "location": [
                -0.05043989047408104,
                0.20240940153598785,
                -0.5957374572753906
            ],
            "location_world": [
                0.5957374572753906,
                0.05043989047408104,
                0.20240940153598785
            ],
            "name": "google_Reebok_SOMERSET_RUN_0",
            "projected_cuboid": [
                [
                    308.5434138774872,
                    -85.67291498184204
                ],
                [
                    247.75764346122742,
                    175.62471330165863
                ],
                [
                    222.4433422088623,
                    198.90840351581573
                ],
                [
                    290.14503955841064,
                    -109.7671389579773
                ],
                [
                    208.55848491191864,
                    -108.02784562110901
                ],
                [
                    163.35493326187134,
                    151.33196115493774
                ],
                [
                    124.96833503246307,
                    170.1526939868927
                ],
                [
                    171.24825716018677,
                    -135.8007788658142
                ],
                [
                    215.43917059898376,
                    44.07481849193573
                ]
            ],
            "provenance": "visii",
            "quaternion_xyzw": [
                -0.9701438546180725,
                0.13159042596817017,
                -0.09342487156391144,
                0.181043341755867
            ],
            "quaternion_xyzw_world": [
                -0.28204259276390076,
                0.5070579051971436,
                -0.5565108060836792,
                0.5946763753890991
            ],
            "segmentation_id": 1,
            "visibility": 1
        },
        {
            "bounding_box_minx_maxx_miny_maxy": [
                467,
                499,
                167,
                500
            ],
            "class": "Breyer",
            "local_cuboid": null,
            "local_to_world_matrix": [
                [
                    -0.01854562759399414,
                    0.39594516158103943,
                    -0.9180868864059448,
                    0.0
                ],
                [
                    -0.9997479915618896,
                    -0.018964290618896484,
                    0.012016505002975464,
                    0.0
                ],
                [
                    -0.012652963399887085,
                    0.9180784225463867,
                    0.39619702100753784,
                    0.0
                ],
                [
                    0.1390191912651062,
                    -0.17944984138011932,
                    -0.0144832544028759,
                    1.0
                ]
            ],
            "location": [
                0.17944984138011932,
                -0.0144832544028759,
                -0.1390191912651062
            ],
            "location_world": [
                0.1390191912651062,
                -0.17944984138011932,
                -0.0144832544028759
            ],
            "name": "google_Breyer_Horse_Of_The_Year_2015_1",
            "projected_cuboid": [
                [
                    219.4179892539978,
                    486.32848262786865
                ],
                [
                    208.35302770137787,
                    618.8045740127563
                ],
                [
                    1043.98512840271,
                    972.0485806465149
                ],
                [
                    752.4546980857849,
                    713.3256196975708
                ],
                [
                    561.8318915367126,
                    -312.01958656311035
                ],
                [
                    741.084098815918,
                    -627.6700496673584
                ],
                [
                    1533.1652164459229,
                    -265.91604948043823
                ],
                [
                    1076.8492221832275,
                    -81.51277899742126
                ],
                [
                    747.9636669158936,
                    183.68607759475708
                ]
            ],
            "provenance": "visii",
            "quaternion_xyzw": [
                -0.3805868625640869,
                0.5906159281730652,
                0.5908852815628052,
                -0.39646071195602417
            ],
            "quaternion_xyzw_world": [
                -0.38865846395492554,
                0.38838911056518555,
                0.5986875295639038,
                0.5828136801719666
            ],
            "segmentation_id": 2,
            "visibility": 1
        },
        {
            "bounding_box_minx_maxx_miny_maxy": [
                23,
                83,
                70,
                141
            ],
            "class": "Smith",
            "local_cuboid": null,
            "local_to_world_matrix": [
                [
                    0.575671374797821,
                    0.6513769030570984,
                    0.49427783489227295,
                    0.0
                ],
                [
                    -0.6829389929771423,
                    0.7154420018196106,
                    -0.1474352478981018,
                    0.0
                ],
                [
                    -0.44966304302215576,
                    -0.25268733501434326,
                    0.8567101359367371,
                    0.0
                ],
                [
                    1.523587942123413,
                    0.5964885950088501,
                    0.34008467197418213,
                    1.0
                ]
            ],
            "location": [
                -0.5964885950088501,
                0.34008467197418213,
                -1.523587942123413
            ],
            "location_world": [
                1.523587942123413,
                0.5964885950088501,
                0.34008467197418213
            ],
            "name": "google_Smith_Hawken_Woven_BasketTray_Organizer_with_3_Compartments_95_x_9_x_13_2",
            "projected_cuboid": [
                [
                    41.06622934341431,
                    -6.715148687362671
                ],
                [
                    -63.08969855308533,
                    -22.367745637893677
                ],
                [
                    -65.13461470603943,
                    89.16853368282318
                ],
                [
                    31.899303197860718,
                    92.2958254814148
                ],
                [
                    111.96985840797424,
                    32.40261971950531
                ],
                [
                    0.2566128969192505,
                    19.741997122764587
                ],
                [
                    -7.848203182220459,
                    144.8342800140381
                ],
                [
                    95.86383402347565,
                    141.90611243247986
                ],
                [
                    18.802031874656677,
                    62.26500868797302
                ]
            ],
            "provenance": "visii",
            "quaternion_xyzw": [
                -0.10769785940647125,
                0.5133903622627258,
                0.7497458457946777,
                0.40337663888931274
            ],
            "quaternion_xyzw_world": [
                0.029661664739251137,
                -0.2660171389579773,
                0.376030832529068,
                0.8871053457260132
            ],
            "segmentation_id": 3,
            "visibility": 1
        },
        {
            "bounding_box_minx_maxx_miny_maxy": [
                371,
                495,
                88,
                131
            ],
            "class": "Paul",
            "local_cuboid": null,
            "local_to_world_matrix": [
                [
                    0.7783031463623047,
                    0.5283420085906982,
                    0.3392625153064728,
                    0.0
                ],
                [
                    -0.3774591386318207,
                    -0.0380864143371582,
                    0.9252428412437439,
                    0.0
                ],
                [
                    0.501765787601471,
                    -0.8481771349906921,
                    0.16978472471237183,
                    0.0
                ],
                [
                    1.4321434497833252,
                    -0.3599850535392761,
                    0.34529292583465576,
                    1.0
                ]
            ],
            "location": [
                0.3599850535392761,
                0.34529292583465576,
                -1.4321434497833252
            ],
            "location_world": [
                1.4321434497833252,
                -0.3599850535392761,
                0.34529292583465576
            ],
            "name": "google_Paul_Frank_Dot_Lunch_Box_3",
            "projected_cuboid": [
                [
                    425.04292726516724,
                    112.95144259929657
                ],
                [
                    430.935800075531,
                    72.57793843746185
                ],
                [
                    366.4197623729706,
                    74.63841140270233
                ],
                [
                    361.7755174636841,
                    117.98015236854553
                ],
                [
                    506.78086280822754,
                    130.5694729089737
                ],
                [
                    515.8559679985046,
                    84.89459753036499
                ],
                [
                    448.78917932510376,
                    88.37263286113739
                ],
                [
                    440.95492362976074,
                    137.88072764873505
                ],
                [
                    435.4737102985382,
                    102.15499997138977
                ]
            ],
            "provenance": "visii",
            "quaternion_xyzw": [
                0.10975097864866257,
                0.8595566749572754,
                0.1591646373271942,
                0.47305792570114136
            ],
            "quaternion_xyzw_world": [
                0.641600489616394,
                0.058791592717170715,
                0.3277071714401245,
                0.6910141110420227
            ],
            "segmentation_id": 4,
            "visibility": 1
        },
        {
            "bounding_box_minx_maxx_miny_maxy": [
                -1,
                -1,
                -1,
                -1
            ],
            "class": "Toys",
            "local_cuboid": null,
            "local_to_world_matrix": [
                [
                    0.14704930782318115,
                    0.06498193740844727,
                    -0.986992359161377,
                    0.0
                ],
                [
                    -0.9394654035568237,
                    -0.3030354976654053,
                    -0.15991979837417603,
                    0.0
                ],
                [
                    -0.3094855546951294,
                    0.9507612586021423,
                    0.01648712158203125,
                    0.0
                ],
                [
                    1.2374958992004395,
                    0.16747519373893738,
                    -0.5553711652755737,
                    1.0
                ]
            ],
            "location": [
                -0.16747519373893738,
                -0.5553711652755737,
                -1.2374958992004395
            ],
            "location_world": [
                1.2374958992004395,
                0.16747519373893738,
                -0.5553711652755737
            ],
            "name": "google_Toys_R_Us_Treat_Dispenser_Smart_Puzzle_Foobler_4",
            "projected_cuboid": [
                [
                    88.09003233909607,
                    542.3130989074707
                ],
                [
                    92.2868549823761,
                    592.9023027420044
                ],
                [
                    173.49660396575928,
                    580.3588628768921
                ],
                [
                    160.56311130523682,
                    532.9608917236328
                ],
                [
                    89.99620378017426,
                    473.94949197769165
                ],
                [
                    94.52846646308899,
                    516.6445970535278
                ],
                [
                    177.2472858428955,
                    506.9925785064697
                ],
                [
                    163.66949677467346,
                    466.9340252876282
                ],
                [
                    130.46780228614807,
                    525.5247354507446
                ]
            ],
            "provenance": "visii",
            "quaternion_xyzw": [
                0.443128764629364,
                -0.38586804270744324,
                -0.619351863861084,
                0.5207167863845825
            ],
            "quaternion_xyzw_world": [
                0.5986647009849548,
                -0.3651808202266693,
                -0.5414040088653564,
                -0.46381598711013794
            ],
            "segmentation_id": 5,
            "visibility": 0
        },
        {
            "bounding_box_minx_maxx_miny_maxy": [
                -1,
                -1,
                -1,
                -1
            ],
            "class": "Tag",
            "local_cuboid": null,
            "local_to_world_matrix": [
                [
                    -0.1428055763244629,
                    0.4517095685005188,
                    -0.8806617259979248,
                    0.0
                ],
                [
                    0.8612155318260193,
                    -0.3817875385284424,
                    -0.3354789614677429,
                    0.0
                ],
                [
                    -0.48776471614837646,
                    -0.8063477873802185,
                    -0.33449792861938477,
                    0.0
                ],
                [
                    0.32161474227905273,
                    -0.48728498816490173,
                    -0.19886882603168488,
                    1.0
                ]
            ],
            "location": [
                0.48728498816490173,
                -0.19886882603168488,
                -0.32161474227905273
            ],
            "location_world": [
                0.32161474227905273,
                -0.48728498816490173,
                -0.19886882603168488
            ],
            "name": "google_Tag_Dishtowel_Basket_Weave_Red_18_x_26_5",
            "projected_cuboid": [
                [
                    1608.9508533477783,
                    1024.06644821167
                ],
                [
                    1051.2785911560059,
                    748.6724257469177
                ],
                [
                    976.6325950622559,
                    710.8078598976135
                ],
                [
                    1417.3009395599365,
                    927.4596571922302
                ],
                [
                    1670.8550453186035,
                    518.1612968444824
                ],
                [
                    1115.9558296203613,
                    502.25841999053955
                ],
                [
                    1042.964220046997,
                    476.1684834957123
                ],
                [
                    1494.690179824829,
                    468.48177909851074
                ],
                [
                    1216.569423675537,
                    644.2252993583679
                ]
            ],
            "provenance": "visii",
            "quaternion_xyzw": [
                -0.3146445155143738,
                0.3963792026042938,
                -0.7541474103927612,
                0.41850215196609497
            ],
            "quaternion_xyzw_world": [
                0.6271921396255493,
                0.5233345031738281,
                -0.5454574227333069,
                0.18768922984600067
            ],
            "segmentation_id": 6,
            "visibility": 0
        },
        {
            "bounding_box_minx_maxx_miny_maxy": [
                -1,
                -1,
                -1,
                -1
            ],
            "class": "FRACTION",
            "local_cuboid": null,
            "local_to_world_matrix": [
                [
                    -0.8968240022659302,
                    -0.008949622511863708,
                    0.4422968626022339,
                    0.0
                ],
                [
                    -0.18312828242778778,
                    0.9176216125488281,
                    -0.3527528643608093,
                    0.0
                ],
                [
                    -0.4027041792869568,
                    -0.3973543047904968,
                    -0.8245841264724731,
                    0.0
                ],
                [
                    0.20307128131389618,
                    0.124458447098732,
                    -0.31892892718315125,
                    1.0
                ]
            ],
            "location": [
                -0.124458447098732,
                -0.31892892718315125,
                -0.20307128131389618
            ],
            "location_world": [
                0.20307128131389618,
                0.124458447098732,
                -0.31892892718315125
            ],
            "name": "google_FRACTION_FUN_n4h4qte23QR_6",
            "projected_cuboid": [
                [
                    155.14566004276276,
                    1624.534249305725
                ],
                [
                    -1050.6139993667603,
                    2605.306386947632
                ],
                [
                    -934.6741437911987,
                    2014.7936344146729
                ],
                [
                    92.91617572307587,
                    1300.0905513763428
                ],
                [
                    204.7504186630249,
                    1023.1921672821045
                ],
                [
                    -226.20037198066711,
                    1294.9694395065308
                ],
                [
                    -234.1606318950653,
                    1142.8258419036865
                ],
                [
                    172.29574918746948,
                    904.7035574913025
                ],
                [
                    -109.69042778015137,
                    1296.8391180038452
                ]
            ],
            "provenance": "visii",
            "quaternion_xyzw": [
                -0.48964229226112366,
                0.24268978834152222,
                -0.6607774496078491,
                -0.5145145654678345
            ],
            "quaternion_xyzw_world": [
                -0.0503447987139225,
                0.9538120627403259,
                -0.19660769402980804,
                -0.22147996723651886
            ],
            "segmentation_id": 7,
            "visibility": 0
        },
        {
            "bounding_box_minx_maxx_miny_maxy": [
                0,
                175,
                1,
                163
            ],
            "class": "FAIRY",
            "local_cuboid": null,
            "local_to_world_matrix": [
                [
                    -0.7864111661911011,
                    -0.5904548764228821,
                    -0.1814401000738144,
                    0.0
                ],
                [
                    -0.6175453066825867,
                    0.7448830604553223,
                    0.2525610029697418,
                    0.0
                ],
                [
                    -0.013974219560623169,
                    0.31066426634788513,
                    -0.9504169225692749,
                    0.0
                ],
                [
                    0.3640439808368683,
                    0.07826622575521469,
                    0.245991051197052,
                    1.0
                ]
            ],
            "location": [
                -0.07826622575521469,
                0.245991051197052,
                -0.3640439808368683
            ],
            "location_world": [
                0.3640439808368683,
                0.07826622575521469,
                0.245991051197052
            ],
            "name": "google_FAIRY_TALE_BLOCKS_7",
            "projected_cuboid": [
                [
                    293.2146191596985,
                    288.71408104896545
                ],
                [
                    -325.5835175514221,
                    100.64640641212463
                ],
                [
                    -88.79849314689636,
                    -591.4279222488403
                ],
                [
                    413.0629003047943,
                    -79.47012782096863
                ],
                [
                    114.02831971645355,
                    224.47049617767334
                ],
                [
                    -262.1486783027649,
                    105.88103532791138
                ],
                [
                    -147.56980538368225,
                    -230.57791590690613
                ],
                [
                    191.89053773880005,
                    -11.197686195373535
                ],
                [
                    62.40026652812958,
                    16.789689660072327
                ]
            ],
            "provenance": "visii",
            "quaternion_xyzw": [
                -0.5753085613250732,
                0.4025332033634186,
                -0.2067355215549469,
                -0.6813570857048035
            ],
            "quaternion_xyzw_world": [
                -0.3236984610557556,
                0.9329671859741211,
                0.15092311799526215,
                0.044874537736177444
            ],
            "segmentation_id": 8,
            "visibility": 1
        },
        {
            "bounding_box_minx_maxx_miny_maxy": [
                -1,
                -1,
                -1,
                -1
            ],
            "class": "Great",
            "local_cuboid": null,
            "local_to_world_matrix": [
                [
                    0.6570961475372314,
                    -0.48952892422676086,
                    0.5732243061065674,
                    0.0
                ],
                [
                    0.4393186867237091,
                    0.8666396737098694,
                    0.23650527000427246,
                    0.0
                ],
                [
                    -0.6125551462173462,
                    0.09642145782709122,
                    0.7845247983932495,
                    0.0
                ],
                [
                    1.281558871269226,
                    0.06424032896757126,
                    0.6281206607818604,
                    1.0
                ]
            ],
            "location": [
                -0.06424032896757126,
                0.6281206607818604,
                -1.281558871269226
            ],
            "location_world": [
                1.281558871269226,
                0.06424032896757126,
                0.6281206607818604
            ],
            "name": "google_Great_Jones_Wingtip_kAqSg6EgG0I_8",
            "projected_cuboid": [
                [
                    294.6385443210602,
                    -114.3694818019867
                ],
                [
                    166.06512665748596,
                    -110.26337742805481
                ],
                [
                    175.05605518817902,
                    -53.32186818122864
                ],
                [
                    297.4468469619751,
                    -50.95243453979492
                ],
                [
                    267.89042353630066,
                    -103.66058349609375
                ],
                [
                    134.7089409828186,
                    -100.49334168434143
                ],
                [
                    145.86341381072998,
                    -40.90127348899841
                ],
                [
                    272.4572718143463,
                    -36.93750500679016
                ],
                [
                    216.26365184783936,
                    -75.66630840301514
                ]
            ],
            "provenance": "visii",
            "quaternion_xyzw": [
                -0.40014636516571045,
                0.18331752717494965,
                0.47077620029449463,
                0.7646223306655884
            ],
            "quaternion_xyzw_world": [
                0.03850863128900528,
                -0.32596731185913086,
                -0.25533750653266907,
                0.9094312191009521
            ],
            "segmentation_id": 9,
            "visibility": 0
        },
        {
            "bounding_box_minx_maxx_miny_maxy": [
                72,
                74,
                252,
                255
            ],
            "class": "Ecoforms",
            "local_cuboid": null,
            "local_to_world_matrix": [
                [
                    -0.127785325050354,
                    0.8433361649513245,
                    -0.5219722986221313,
                    0.0
                ],
                [
                    0.8053484559059143,
                    0.3953971862792969,
                    0.4416728913784027,
                    0.0
                ],
                [
                    0.5788650512695312,
                    -0.36393025517463684,
                    -0.7297054529190063,
                    0.0
                ],
                [
                    1.4574553966522217,
                    0.5203778743743896,
                    -0.019914964213967323,
                    1.0
                ]
            ],
            "location": [
                -0.5203778743743896,
                -0.019914964213967323,
                -1.4574553966522217
            ],
            "location_world": [
                1.4574553966522217,
                0.5203778743743896,
                -0.019914964213967323
            ],
            "name": "google_Ecoforms_Plant_Container_Quadra_Sand_QP6_9",
            "projected_cuboid": [
                [
                    43.50627958774567,
                    346.51944041252136
                ],
                [
                    35.01254320144653,
                    306.0954213142395
                ],
                [
                    -3.0919313430786133,
                    260.92106103897095
                ],
                [
                    1.744389533996582,
                    299.1725206375122
                ],
                [
                    111.87636852264404,
                    304.7131896018982
                ],
                [
                    97.13934361934662,
                    268.7818109989166
                ],
                [
                    63.55413794517517,
                    221.96386754512787
                ],
                [
                    75.63155889511108,
                    255.26535511016846
                ],
                [
                    53.796038031578064,
                    282.59003162384033
                ]
            ],
            "provenance": "visii",
            "quaternion_xyzw": [
                -0.27104246616363525,
                0.8461492657661438,
                -0.4535411298274994,
                0.0697704404592514
            ],
            "quaternion_xyzw_world": [
                0.5492091774940491,
                0.7504811882972717,
                0.025897588580846786,
                0.36671051383018494
            ],
            "segmentation_id": 10,
            "visibility": 1
        },
        {
            "bounding_box_minx_maxx_miny_maxy": [
                -1,
                -1,
                -1,
                -1
            ],
            "class": "ReadytoUse",
            "local_cuboid": null,
            "local_to_world_matrix": [
                [
                    0.8709409832954407,
                    0.37789690494537354,
                    0.314095139503479,
                    0.0
                ],
                [
                    0.4891520142555237,
                    -0.7276455163955688,
                    -0.48089730739593506,
                    0.0
                ],
                [
                    0.04682031273841858,
                    0.572473406791687,
                    -0.8185852766036987,
                    0.0
                ],
                [
                    0.26656070351600647,
                    -0.4326429069042206,
                    -0.27719202637672424,
                    1.0
                ]
            ],
            "location": [
                0.4326429069042206,
                -0.27719202637672424,
                -0.26656070351600647
            ],
            "location_world": [
                0.26656070351600647,
                -0.4326429069042206,
                -0.27719202637672424
            ],
            "name": "google_ReadytoUse_Rolled_Fondant_Pure_White_24_oz_box_10",
            "projected_cuboid": [
                [
                    815.398097038269,
                    985.9956502914429
                ],
                [
                    838.9434218406677,
                    975.8934378623962
                ],
                [
                    1028.8442373275757,
                    741.7205572128296
                ],
                [
                    1019.5416212081909,
                    733.7729930877686
                ],
                [
                    1234.3703508377075,
                    1468.9744710922241
                ],
                [
                    1225.4557609558105,
                    1404.5339822769165
                ],
                [
                    1518.1894302368164,
                    1075.271487236023
                ],
                [
                    1562.387466430664,
                    1102.9459238052368
                ],
                [
                    1108.396291732788,
                    1023.2152938842773
                ]
            ],
            "provenance": "visii",
            "quaternion_xyzw": [
                0.5361484289169312,
                0.4857519567012787,
                -0.6730479001998901,
                0.15361107885837555
            ],
            "quaternion_xyzw_world": [
                0.9242796897888184,
                0.23452016711235046,
                0.09762073308229446,
                -0.2849166691303253
            ],
            "segmentation_id": 11,
            "visibility": 0
        },
        {
            "bounding_box_minx_maxx_miny_maxy": [
                -1,
                -1,
                -1,
                -1
            ],
            "class": "Dog",
            "local_cuboid": null,
            "local_to_world_matrix": [
                [
                    -0.8022871017456055,
                    -0.5189390778541565,
                    0.2950226664543152,
                    0.0
                ],
                [
                    0.5100863575935364,
                    -0.33925414085388184,
                    0.7903918027877808,
                    0.0
                ],
                [
                    -0.3100774884223938,
                    0.7846078872680664,
                    0.5368823409080505,
                    0.0
                ],
                [
                    0.5259311199188232,
                    -0.4827914535999298,
                    0.05754522606730461,
                    1.0
                ]
            ],
            "location": [
                0.4827914535999298,
                0.05754522606730461,
                -0.5259311199188232
            ],
            "location_world": [
                0.5259311199188232,
                -0.4827914535999298,
                0.05754522606730461
            ],
            "name": "google_Dog_11",
            "projected_cuboid": [
                [
                    918.3182716369629,
                    13.094797730445862
                ],
                [
                    857.5330376625061,
                    -145.9433138370514
                ],
                [
                    976.2426018714905,
                    40.05305469036102
                ],
                [
                    1056.612253189087,
                    219.5037305355072
                ],
                [
                    530.4744243621826,
                    181.18725717067719
                ],
                [
                    549.5171546936035,
                    44.771015644073486
                ],
                [
                    663.6185646057129,
                    160.9690636396408
                ],
                [
                    665.6513214111328,
                    301.95435881614685
                ],
                [
                    746.7194199562073,
                    112.72217333316803
                ]
            ],
            "provenance": "visii",
            "quaternion_xyzw": [
                0.32344627380371094,
                0.49024879932403564,
                0.013664621859788895,
                -0.8092293739318848
            ],
            "quaternion_xyzw_world": [
                -0.004599458537995815,
                0.48118361830711365,
                0.8182945251464844,
                -0.31438112258911133
            ],
            "segmentation_id": 12,
            "visibility": 0
        },
        {
            "bounding_box_minx_maxx_miny_maxy": [
                -1,
                -1,
                -1,
                -1
            ],
            "class": "Black",
            "local_cuboid": null,
            "local_to_world_matrix": [
                [
                    0.6788104176521301,
                    0.237096905708313,
                    0.6949830055236816,
                    0.0
                ],
                [
                    0.7307453751564026,
                    -0.12492263317108154,
                    -0.6711225509643555,
                    0.0
                ],
                [
                    -0.07230201363563538,
                    0.9634206295013428,
                    -0.25805628299713135,
                    0.0
                ],
                [
                    0.3540414869785309,
                    -0.38819652795791626,
                    0.34108319878578186,
                    1.0
                ]
            ],
            "location": [
                0.38819652795791626,
                0.34108319878578186,
                -0.3540414869785309
            ],
            "location_world": [
                0.3540414869785309,
                -0.38819652795791626,
                0.34108319878578186
            ],
            "name": "google_Black_Elderberry_Syrup_54_oz_Gaia_Herbs_12",
            "projected_cuboid": [
                [
                    670.6926822662354,
                    -357.02669620513916
                ],
                [
                    635.0370645523071,
                    -226.6131341457367
                ],
                [
                    838.4188413619995,
                    -271.16990089416504
                ],
                [
                    897.9721665382385,
                    -403.16301584243774
                ],
                [
                    751.6410946846008,
                    -355.6286692619324
                ],
                [
                    701.8759250640869,
                    -210.76062321662903
                ],
                [
                    925.4313707351685,
                    -260.63525676727295
                ],
                [
                    1004.3644905090332,
                    -407.52750635147095
                ],
                [
                    800.7806539535522,
                    -307.80231952667236
                ]
            ],
            "provenance": "visii",
            "quaternion_xyzw": [
                -0.5834645628929138,
                -0.3513090908527374,
                0.7036550045013428,
                0.202535480260849
            ],
            "quaternion_xyzw_world": [
                -0.7179465889930725,
                -0.3370175063610077,
                -0.21682707965373993,
                0.5691729784011841
            ],
            "segmentation_id": 13,
            "visibility": 0
        },
        {
            "bounding_box_minx_maxx_miny_maxy": [
                -1,
                -1,
                -1,
                -1
            ],
