{
    "camera_data": {
        "camera_look_at": {
            "at": [
                1.0,
                0.0,
                0.0
            ],
            "eye": [
                0.0,
                0.0,
                0.0
            ],
            "up": [
                0.0,
                0.0,
                1.0
            ]
        },
        "camera_view_matrix": [
            [
                0.0,
                0.0,
                -1.0,
                0.0
            ],
            [
                -1.0,
                0.0,
                0.0,
                0.0
            ],
            [
                0.0,
                1.0,
                0.0,
                0.0
            ],
            [
                0.0,
                0.0,
                0.0,
                1.0
            ]
        ],
        "height": 500,
        "intrinsics": {
            "cx": 250.0,
            "cy": 250.0,
            "fx": 603.5535278320312,
            "fy": 603.5535278320312
        },
        "location_world": [
            0.0,
            0.0,
            0.0
        ],
        "quaternion_world_xyzw": [
            0.5,
            -0.5,
            -0.5,
            0.5
        ],
        "width": 500
    },
    "objects": [
        {
            "bounding_box_minx_maxx_miny_maxy": [
                229,
                348,
                1,
                136
            ],
            "class": "Reebok",
            "local_cuboid": null,
            "local_to_world_matrix": [
                [
                    -0.5783870220184326,
                    -0.7692356109619141,
                    -0.27156031131744385,
                    0.0
                ],
                [
                    0.2452370822429657,
                    0.15353327989578247,
                    -0.957228422164917,
                    0.0
                ],
                [
                    0.7780277729034424,
                    -0.6202452182769775,
                    0.09984338283538818,
                    0.0
                ],
                [
                    0.5699747800827026,
                    -0.01702907495200634,
                    0.2586665749549866,
                    1.0
                ]
            ],
            "location": [
                0.01702907495200634,
                0.2586665749549866,
                -0.5699747800827026
            ],
            "location_world": [
                0.5699747800827026,
                -0.01702907495200634,
                0.2586665749549866
            ],
            "name": "google_Reebok_SOMERSET_RUN_0",
            "projected_cuboid": [
                [
                    407.974511384964,
                    -152.95326709747314
                ],
                [
                    350.0116765499115,
                    145.4729437828064
                ],
                [
                    289.94208574295044,
                    141.20599627494812
                ],
                [
                    349.7490584850311,
                    -211.59681677818298
                ],
                [
                    312.51803040504456,
                    -141.07170701026917
                ],
                [
                    269.14817094802856,
                    129.45200502872467
                ],
                [
                    203.77957820892334,
                    123.35458397865295
                ],
                [
                    245.78368663787842,
                    -191.06531143188477
                ],
                [
                    301.99941992759705,
                    -9.552240371704102
                ]
            ],
            "provenance": "visii",
            "quaternion_xyzw": [
                -0.9360144138336182,
                0.11353826522827148,
                -0.32014256715774536,
                0.09216751158237457
            ],
            "quaternion_xyzw_world": [
                -0.20508304238319397,
                0.6387638449668884,
                -0.6173931360244751,
                0.41078877449035645
            ],
            "segmentation_id": 1,
            "visibility": 1
        },
        {
            "bounding_box_minx_maxx_miny_maxy": [
                -1,
                -1,
                -1,
                -1
            ],
            "class": "Breyer",
            "local_cuboid": null,
            "local_to_world_matrix": [
                [
                    -0.20317649841308594,
                    -0.08852764964103699,
                    -0.9751321077346802,
                    0.0
                ],
                [
                    0.7494162321090698,
                    0.6268823742866516,
                    -0.21305841207504272,
                    0.0
                ],
                [
                    0.6301547288894653,
                    -0.7740681171417236,
                    -0.061023712158203125,
                    0.0
                ],
                [
                    0.1629810780286789,
                    -0.2483671009540558,
                    -0.08183663338422775,
                    1.0
                ]
            ],
            "location": [
                0.2483671009540558,
                -0.08183663338422775,
                -0.1629810780286789
            ],
            "location_world": [
                0.1629810780286789,
                -0.2483671009540558,
                -0.08183663338422775
            ],
            "name": "google_Breyer_Horse_Of_The_Year_2015_1",
            "projected_cuboid": [
                [
                    1329.5716047286987,
                    803.388774394989
                ],
                [
                    1068.1629180908203,
                    740.3976917266846
                ],
                [
                    1112.9331588745117,
                    992.2943115234375
                ],
                [
                    1596.508264541626,
                    1194.0622329711914
                ],
                [
                    1092.350721359253,
                    193.7749981880188
                ],
                [
                    903.8589000701904,
                    225.6489247083664
                ],
                [
                    864.0949130058289,
                    188.03554773330688
                ],
                [
                    1149.9297618865967,
                    128.3751130104065
                ],
                [
                    1100.2497673034668,
                    500.22876262664795
                ]
            ],
            "provenance": "visii",
            "quaternion_xyzw": [
                -0.6949354410171509,
                0.5763178467750549,
                -0.35155946016311646,
                0.2476462572813034
            ],
            "quaternion_xyzw_world": [
                0.24029403924942017,
                0.6875832080841064,
                -0.3589116632938385,
                0.5836700201034546
            ],
            "segmentation_id": 2,
            "visibility": 0
        },
        {
            "bounding_box_minx_maxx_miny_maxy": [
                0,
                91,
                1,
                107
            ],
            "class": "Smith",
            "local_cuboid": null,
            "local_to_world_matrix": [
                [
                    -0.16486477851867676,
                    0.9342813491821289,
                    -0.3161296248435974,
                    0.0
                ],
                [
                    -0.940984845161438,
                    -0.05293750762939453,
                    0.33428290486335754,
                    0.0
                ],
                [
                    0.29557913541793823,
                    0.35258468985557556,
                    0.8878721594810486,
                    0.0
                ],
                [
                    1.5943127870559692,
                    0.5606558322906494,
                    0.460175484418869,
                    1.0
                ]
            ],
            "location": [
                -0.5606558322906494,
                0.460175484418869,
                -1.5943127870559692
            ],
            "location_world": [
                1.5943127870559692,
                0.5606558322906494,
                0.460175484418869
            ],
            "name": "google_Smith_Hawken_Woven_BasketTray_Organizer_with_3_Compartments_95_x_9_x_13_2",
            "projected_cuboid": [
                [
                    -33.76859426498413,
                    45.722588896751404
                ],
                [
                    -73.45736026763916,
                    -20.795732736587524
                ],
                [
                    -51.668643951416016,
                    63.951730728149414
                ],
                [
                    -13.239622116088867,
                    121.43561244010925
                ],
                [
                    86.83043718338013,
                    14.693066477775574
                ],
                [
                    67.07222759723663,
                    -54.073065519332886
                ],
                [
                    95.41720151901245,
                    25.568857789039612
                ],
                [
                    112.1433824300766,
                    86.41818165779114
                ],
                [
                    25.64781904220581,
                    36.45336627960205
                ]
            ],
            "provenance": "visii",
            "quaternion_xyzw": [
                -0.08218103647232056,
                0.8006471395492554,
                0.5710558891296387,
                -0.16157227754592896
            ],
            "quaternion_xyzw_world": [
                -0.007081035524606705,
                0.2366722822189331,
                0.7255471348762512,
                0.6461558938026428
            ],
            "segmentation_id": 3,
            "visibility": 1
        },
        {
            "bounding_box_minx_maxx_miny_maxy": [
                321,
                399,
                105,
                165
            ],
            "class": "Paul",
            "local_cuboid": null,
            "local_to_world_matrix": [
                [
                    -0.9408493041992188,
                    0.29333239793777466,
                    0.16958609223365784,
                    0.0
                ],
                [
                    0.08258774876594543,
                    -0.28687775135040283,
                    0.9544007778167725,
                    0.0
                ],
                [
                    0.32860708236694336,
                    0.9119527339935303,
                    0.24568265676498413,
                    0.0
                ],
                [
                    1.742809772491455,
                    -0.42528149485588074,
                    0.3139241337776184,
                    1.0
                ]
            ],
            "location": [
                0.42528149485588074,
                0.3139241337776184,
                -1.742809772491455
            ],
            "location_world": [
                1.742809772491455,
                -0.42528149485588074,
                0.3139241337776184
            ],
            "name": "google_Paul_Frank_Dot_Lunch_Box_3",
            "projected_cuboid": [
                [
                    306.94565176963806,
                    127.9306709766388
                ],
                [
                    317.6446855068207,
                    91.98306500911713
                ],
                [
                    399.5192050933838,
                    105.75994849205017
                ],
                [
                    388.7668251991272,
                    143.48188042640686
                ],
                [
                    323.72725009918213,
                    157.45341777801514
                ],
                [
                    332.9874873161316,
                    125.94670057296753
                ],
                [
                    404.64016795158386,
                    139.28264379501343
                ],
                [
                    395.34372091293335,
                    172.14348912239075
                ],
                [
                    358.269065618515,
                    133.89435410499573
                ]
            ],
            "provenance": "visii",
            "quaternion_xyzw": [
                0.1421918272972107,
                0.8025491237640381,
                0.05080532282590866,
                -0.5771614909172058
            ],
            "quaternion_xyzw_world": [
                0.15838707983493805,
                0.593356728553772,
                0.7863538861274719,
                0.06700057536363602
            ],
            "segmentation_id": 4,
            "visibility": 1
        },
        {
            "bounding_box_minx_maxx_miny_maxy": [
                0,
                7,
                465,
                500
            ],
            "class": "Toys",
            "local_cuboid": null,
            "local_to_world_matrix": [
                [
                    0.8233171701431274,
                    -0.25390076637268066,
                    0.5076250433921814,
                    0.0
                ],
                [
                    0.5671026706695557,
                    0.3312608599662781,
                    -0.7540960311889648,
                    0.0
                ],
                [
                    0.023309245705604553,
                    0.9087357521057129,
                    0.41672056913375854,
                    0.0
                ],
                [
                    1.428849697113037,
                    0.5862429738044739,
                    -0.5988643765449524,
                    1.0
                ]
            ],
            "location": [
                -0.5862429738044739,
                -0.5988643765449524,
                -1.428849697113037
            ],
            "location_world": [
                1.428849697113037,
                0.5862429738044739,
                -0.5988643765449524
            ],
            "name": "google_Toys_R_Us_Treat_Dispenser_Smart_Puzzle_Foobler_4",
            "projected_cuboid": [
                [
                    -32.7867865562439,
                    431.8612217903137
                ],
                [
                    -36.741405725479126,
                    467.04548597335815
                ],
                [
                    17.38138496875763,
                    492.6762282848358
                ],
                [
                    24.606093764305115,
                    458.94908905029297
                ],
                [
                    -77.8656005859375,
                    485.1185083389282
                ],
                [
                    -79.39115166664124,
                    520.1849937438965
                ],
                [
                    -20.48274874687195,
                    548.2683181762695
                ],
                [
                    -15.062391757965088,
                    514.9616599082947
                ],
                [
                    -26.728659868240356,
                    489.1761541366577
                ]
            ],
            "provenance": "visii",
            "quaternion_xyzw": [
                -0.7126195430755615,
                -0.06187179684638977,
                0.6076359748840332,
                0.34514325857162476
            ],
            "quaternion_xyzw_world": [
                -0.5184919834136963,
                -0.15101578831672668,
                -0.25599926710128784,
                0.8017634749412537
            ],
            "segmentation_id": 5,
            "visibility": 1
        },
        {
            "bounding_box_minx_maxx_miny_maxy": [
                -1,
                -1,
                -1,
                -1
            ],
            "class": "Tag",
            "local_cuboid": null,
            "local_to_world_matrix": [
                [
                    -0.2317488193511963,
                    -0.24813243746757507,
                    -0.9405969381332397,
                    0.0
                ],
                [
                    0.928787350654602,
                    -0.34391677379608154,
                    -0.1381128430366516,
                    0.0
                ],
                [
                    -0.2892168462276459,
                    -0.9056221842765808,
                    0.3101646304130554,
                    0.0
                ],
                [
                    0.2685621380805969,
                    -0.4900282919406891,
                    -0.18503256142139435,
                    1.0
                ]
            ],
            "location": [
                0.4900282919406891,
                -0.18503256142139435,
                -0.2685621380805969
            ],
            "location_world": [
                0.2685621380805969,
                -0.4900282919406891,
                -0.18503256142139435
            ],
            "name": "google_Tag_Dishtowel_Basket_Weave_Red_18_x_26_5",
            "projected_cuboid": [
                [
                    2574.8724937438965,
                    1351.5961170196533
                ],
                [
                    1263.8533115386963,
                    720.3221321105957
                ],
                [
                    1181.8559169769287,
                    725.3188490867615
                ],
                [
                    2272.5906372070312,
                    1319.01216506958
                ],
                [
                    1884.2025995254517,
                    526.0651707649231
                ],
                [
                    1094.0864086151123,
                    421.71329259872437
                ],
                [
                    1024.5771408081055,
                    433.80382657051086
                ],
                [
                    1686.920404434204,
                    546.8454360961914
                ],
                [
                    1408.4200859069824,
                    661.0432863235474
                ]
            ],
            "provenance": "visii",
            "quaternion_xyzw": [
                0.5236955881118774,
                -0.2848411500453949,
                0.5429542660713196,
                -0.5914466381072998
            ],
            "quaternion_xyzw_world": [
                -0.44777318835258484,
                -0.38002216815948486,
                0.6866276860237122,
                -0.4285145699977875
            ],
            "segmentation_id": 6,
            "visibility": 0
        },
        {
            "bounding_box_minx_maxx_miny_maxy": [
                -1,
                -1,
                -1,
                -1
            ],
            "class": "FRACTION",
            "local_cuboid": null,
            "local_to_world_matrix": [
                [
                    -0.18285000324249268,
                    -0.8485503196716309,
                    0.4965161681175232,
                    0.0
                ],
                [
                    0.3026510775089264,
                    0.4319223165512085,
                    0.8496148586273193,
                    0.0
                ],
                [
                    -0.9353973269462585,
                    0.30562326312065125,
                    0.17783761024475098,
                    0.0
                ],
                [
                    0.7364740371704102,
                    0.5359504818916321,
                    0.04131394624710083,
                    1.0
                ]
            ],
            "location": [
                -0.5359504818916321,
                0.04131394624710083,
                -0.7364740371704102
            ],
            "location_world": [
                0.7364740371704102,
                0.5359504818916321,
                0.04131394624710083
            ],
            "name": "google_FRACTION_FUN_n4h4qte23QR_6",
            "projected_cuboid": [
                [
                    -152.61244773864746,
                    238.64933848381042
                ],
                [
                    -189.6953284740448,
                    102.60310769081116
                ],
                [
                    -154.87182140350342,
                    116.93638563156128
                ],
                [
                    -117.10301041603088,
                    246.11446261405945
                ],
                [
                    -265.10292291641235,
                    316.05368852615356
                ],
                [
                    -291.8810844421387,
                    179.90879714488983
                ],
                [
                    -253.1275749206543,
                    189.60075080394745
                ],
                [
                    -224.7999906539917,
                    318.8088536262512
                ],
                [
                    -207.440584897995,
                    211.894690990448
                ]
            ],
            "provenance": "visii",
            "quaternion_xyzw": [
                -0.126033753156662,
                -0.12812814116477966,
                0.2435324490070343,
                0.9530953168869019
            ],
            "quaternion_xyzw_world": [
                0.22770048677921295,
                -0.5993610620498657,
                -0.4818623661994934,
                0.597266674041748
            ],
            "segmentation_id": 7,
            "visibility": 0
        },
        {
            "bounding_box_minx_maxx_miny_maxy": [
                0,
                357,
                1,
                114
            ],
            "class": "FAIRY",
            "local_cuboid": null,
            "local_to_world_matrix": [
                [
                    0.07926851511001587,
                    0.16737022995948792,
                    -0.9827023148536682,
                    0.0
                ],
                [
                    -0.11816838383674622,
                    0.9804311394691467,
                    0.15745149552822113,
                    0.0
                ],
                [
                    0.9898247122764587,
                    0.10364336520433426,
                    0.0974951982498169,
                    0.0
                ],
                [
                    0.38836774230003357,
                    0.042313698679208755,
                    0.23904722929000854,
                    1.0
                ]
            ],
            "location": [
                -0.042313698679208755,
                0.23904722929000854,
                -0.38836774230003357
            ],
            "location_world": [
                0.38836774230003357,
                0.042313698679208755,
                0.23904722929000854
            ],
            "name": "google_FAIRY_TALE_BLOCKS_7",
            "projected_cuboid": [
                [
                    291.4979159832001,
                    138.25184106826782
                ],
                [
                    33.73807668685913,
                    90.71111679077148
                ],
                [
                    -54.61421608924866,
                    33.0810546875
                ],
                [
                    347.35748171806335,
                    110.34771800041199
                ],
                [
                    333.50032567977905,
                    -104.15193438529968
                ],
                [
                    69.32471692562103,
                    -166.29639267921448
                ],
                [
                    -2.1544992923736572,
                    -383.4197521209717
                ],
                [
                    415.6678318977356,
                    -269.2195773124695
                ],
                [
                    184.67001616954803,
                    -51.527202129364014
                ]
            ],
            "provenance": "visii",
            "quaternion_xyzw": [
                -0.6451749801635742,
                0.7606980800628662,
                0.07087691128253937,
                -0.008010625839233398
            ],
            "quaternion_xyzw_world": [
                0.018317794427275658,
                0.6715034246444702,
                0.09720534086227417,
                0.734369695186615
            ],
            "segmentation_id": 8,
            "visibility": 1
        },
        {
            "bounding_box_minx_maxx_miny_maxy": [
                -1,
                -1,
                -1,
                -1
            ],
            "class": "Great",
            "local_cuboid": null,
            "local_to_world_matrix": [
                [
                    0.5223641395568848,
                    0.7850704789161682,
                    0.33286648988723755,
                    0.0
                ],
                [
                    0.7468847632408142,
                    -0.232873797416687,
                    -0.6228426694869995,
                    0.0
                ],
                [
                    -0.41145944595336914,
                    0.5739635229110718,
                    -0.7080020904541016,
                    0.0
                ],
                [
                    1.2642240524291992,
                    -0.14785736799240112,
                    0.497019499540329,
                    1.0
                ]
            ],
            "location": [
                0.14785736799240112,
                0.497019499540329,
                -1.2642240524291992
            ],
            "location_world": [
                1.2642240524291992,
                -0.14785736799240112,
                0.497019499540329
            ],
            "name": "google_Great_Jones_Wingtip_kAqSg6EgG0I_8",
            "projected_cuboid": [
                [
                    251.38810276985168,
                    -34.28909182548523
                ],
                [
                    283.32701325416565,
                    100.37775337696075
                ],
                [
                    310.1697564125061,
                    70.8685964345932
                ],
                [
                    284.8172187805176,
                    -64.28653001785278
                ],
                [
                    300.64186453819275,
                    -28.850525617599487
                ],
                [
                    325.2065181732178,
                    110.84210872650146
                ],
                [
                    351.75326466560364,
                    79.70201969146729
                ],
                [
                    333.74691009521484,
                    -60.63377857208252
                ],
                [
                    306.05459213256836,
                    27.799129486083984
                ]
            ],
            "provenance": "visii",
            "quaternion_xyzw": [
                0.32646316289901733,
                0.43323442339897156,
                -0.8395493626594543,
                -0.029775705188512802
            ],
            "quaternion_xyzw_world": [
                0.7847356200218201,
                0.4880481958389282,
                -0.025038043037056923,
                -0.3812768757343292
            ],
            "segmentation_id": 9,
            "visibility": 0
        },
        {
            "bounding_box_minx_maxx_miny_maxy": [
                31,
                108,
                294,
                412
            ],
            "class": "Ecoforms",
            "local_cuboid": null,
            "local_to_world_matrix": [
                [
                    -0.7144789695739746,
                    -0.42698198556900024,
                    -0.5542619228363037,
                    0.0
                ],
                [
                    -0.37757426500320435,
                    -0.4316291809082031,
                    0.8192276954650879,
                    0.0
                ],
                [
                    -0.5890311002731323,
                    0.7945959568023682,
                    0.14717251062393188,
                    0.0
                ],
                [
                    1.387850046157837,
                    0.3173314929008484,
                    -0.23677831888198853,
                    1.0
                ]
            ],
            "location": [
                -0.3173314929008484,
                -0.23677831888198853,
                -1.387850046157837
            ],
            "location_world": [
                1.387850046157837,
                0.3173314929008484,
                -0.23677831888198853
            ],
            "name": "google_Ecoforms_Plant_Container_Quadra_Sand_QP6_9",
            "projected_cuboid": [
                [
                    33.06183218955994,
                    414.53903913497925
                ],
                [
                    61.72370910644531,
                    345.160037279129
                ],
                [
                    139.22253251075745,
                    349.4615852832794
                ],
                [
                    108.55568945407867,
                    413.53321075439453
                ],
                [
                    19.02209222316742,
                    352.7413606643677
                ],
                [
                    43.96945238113403,
                    287.1476411819458
                ],
                [
                    115.28688669204712,
                    295.09249329566956
                ],
                [
                    88.56765925884247,
                    355.93926906585693
                ],
                [
                    76.68542861938477,
                    351.1679470539093
                ]
            ],
            "provenance": "visii",
            "quaternion_xyzw": [
                -0.06841649115085602,
                0.44811123609542847,
                0.29275476932525635,
                -0.8419086933135986
            ],
            "quaternion_xyzw_world": [
                -0.37748435139656067,
                0.5328407883644104,
                0.7571790814399719,
                -0.016313089057803154
            ],
            "segmentation_id": 10,
            "visibility": 1
        },
        {
            "bounding_box_minx_maxx_miny_maxy": [
                -1,
                -1,
                -1,
                -1
            ],
            "class": "ReadytoUse",
            "local_cuboid": null,
            "local_to_world_matrix": [
                [
                    -0.014233112335205078,
                    0.8870061635971069,
                    -0.46153855323791504,
                    0.0
                ],
                [
                    0.6866903305053711,
                    -0.32684826850891113,
                    -0.6493281126022339,
                    0.0
                ],
                [
                    -0.7268109321594238,
                    -0.32617586851119995,
                    -0.6044466495513916,
                    0.0
                ],
                [
                    0.34506142139434814,
                    -0.41932108998298645,
                    -0.34915992617607117,
                    1.0
                ]
            ],
            "location": [
                0.41932108998298645,
                -0.34915992617607117,
                -0.34506142139434814
            ],
            "location_world": [
                0.34506142139434814,
                -0.41932108998298645,
                -0.34915992617607117
            ],
            "name": "google_ReadytoUse_Rolled_Fondant_Pure_White_24_oz_box_10",
            "projected_cuboid": [
                [
                    1466.1405086517334,
                    1615.2721643447876
                ],
                [
                    1334.747076034546,
                    1502.8772354125977
                ],
                [
                    874.4962811470032,
                    907.0882201194763
                ],
                [
                    909.2495441436768,
                    915.9898161888123
                ],
                [
                    1771.4433670043945,
                    1439.6532773971558
                ],
                [
                    1598.1216430664062,
                    1352.7319431304932
                ],
                [
                    1051.0749816894531,
                    810.520589351654
                ],
                [
                    1103.7473678588867,
                    809.4755411148071
                ],
                [
                    1200.8123397827148,
                    1100.839376449585
                ]
            ],
            "provenance": "visii",
            "quaternion_xyzw": [
                -0.0942220687866211,
                0.3573749363422394,
                -0.9032089710235596,
                0.21821826696395874
            ],
            "quaternion_xyzw_world": [
                0.6922900080680847,
                0.5682938098907471,
                -0.4291371703147888,
                -0.11669683456420898
            ],
            "segmentation_id": 11,
            "visibility": 0
        },
        {
            "bounding_box_minx_maxx_miny_maxy": [
                390,
                494,
                1,
                35
            ],
            "class": "Dog",
            "local_cuboid": null,
            "local_to_world_matrix": [
                [
                    -0.21389257907867432,
                    -0.7905710339546204,
                    0.573800802230835,
                    0.0
                ],
                [
                    0.9290551543235779,
                    0.016866087913513184,
                    0.36955657601356506,
                    0.0
                ],
                [
                    -0.3018384873867035,
                    0.612138032913208,
                    0.7308765649795532,
                    0.0
                ],
                [
                    0.5323560237884521,
                    -0.23074930906295776,
                    0.24739907681941986,
                    1.0
                ]
            ],
            "location": [
                0.23074930906295776,
                0.24739907681941986,
                -0.5323560237884521
            ],
            "location_world": [
                0.5323560237884521,
                -0.23074930906295776,
                0.24739907681941986
            ],
            "name": "google_Dog_11",
            "projected_cuboid": [
                [
                    591.011643409729,
                    -463.73897790908813
                ],
                [
                    477.00175642967224,
                    -310.310959815979
                ],
                [
                    577.9528617858887,
                    -105.60214519500732
                ],
                [
                    717.1369194984436,
                    -153.04520726203918
                ],
                [
                    280.17231822013855,
                    -181.779682636261
                ],
                [
                    267.98269152641296,
                    -124.9648928642273
                ],
                [
                    380.6830048561096,
                    46.64178192615509
                ],
                [
                    432.7197074890137,
                    60.132741928100586
                ],
                [
                    456.25290274620056,
                    -136.7352306842804
                ]
            ],
            "provenance": "visii",
            "quaternion_xyzw": [
                -0.5289555788040161,
                -0.2632237672805786,
                0.18822254240512848,
                0.7845326662063599
            ],
            "quaternion_xyzw_world": [
                -0.09793460369110107,
                -0.3535117208957672,
                -0.6942447423934937,
                0.6192435026168823
            ],
            "segmentation_id": 12,
            "visibility": 1
        },
        {
            "bounding_box_minx_maxx_miny_maxy": [
                -1,
                -1,
                -1,
                -1
            ],
            "class": "Black",
            "local_cuboid": null,
            "local_to_world_matrix": [
                [
                    -0.9844546318054199,
                    -0.07296370714902878,
                    0.15976637601852417,
                    0.0
                ],
                [
                    0.06416507810354233,
                    0.6973536014556885,
                    0.7138491868972778,
                    0.0
                ],
                [
                    -0.16349875926971436,
                    0.7130036354064941,
                    -0.6818313598632812,
                    0.0
                ],
                [
                    0.3230815529823303,
                    -0.347982257604599,
                    0.33242955803871155,
                    1.0
                ]
            ],
            "location": [
                0.347982257604599,
                0.33242955803871155,
                -0.3230815529823303
            ],
            "location_world": [
                0.3230815529823303,
                -0.347982257604599,
                0.33242955803871155
            ],
            "name": "google_Black_Elderberry_Syrup_54_oz_Gaia_Herbs_12",
            "projected_cuboid": [
                [
                    848.6891388893127,
                    -236.10210418701172
                ],
                [
                    749.330997467041,
                    -322.5565552711487
                ],
                [
                    919.7651147842407,
                    -477.9427647590637
                ],
                [
                    1013.2850408554077,
                    -400.4966616630554
                ],
                [
                    737.5466227531433,
                    -135.21477580070496
                ],
                [
                    656.4329862594604,
                    -208.06854963302612
                ],
                [
                    805.9622645378113,
                    -346.397340297699
                ],
                [
                    883.189857006073,
                    -279.9927592277527
                ],
                [
                    824.4509696960449,
                    -298.67029190063477
                ]
            ],
            "provenance": "visii",
            "quaternion_xyzw": [
                -0.22114230692386627,
                0.6077389717102051,
                -0.3068736791610718,
                -0.6982678174972534
            ],
            "quaternion_xyzw_world": [
                -0.0023987258318811655,
                0.9170113801956177,
                0.3889954090118408,
                -0.08813007920980453
            ],
            "segmentation_id": 13,
            "visibility": 0
        },
        {
            "bounding_box_minx_maxx_miny_maxy": [
                -1,
                -1,
                -1,
                -1
