{
    "camera_data": {
        "camera_look_at": {
            "at": [
                1.0,
                0.0,
                0.0
            ],
            "eye": [
                0.0,
                0.0,
                0.0
            ],
            "up": [
                0.0,
                0.0,
                1.0
            ]
        },
        "camera_view_matrix": [
            [
                0.0,
                0.0,
                -1.0,
                0.0
            ],
            [
                -1.0,
                0.0,
                0.0,
                0.0
            ],
            [
                0.0,
                1.0,
                0.0,
                0.0
            ],
            [
                0.0,
                0.0,
                0.0,
                1.0
            ]
        ],
        "height": 500,
        "intrinsics": {
            "cx": 250.0,
            "cy": 250.0,
            "fx": 603.5535278320312,
            "fy": 603.5535278320312
        },
        "location_world": [
            0.0,
            0.0,
            0.0
        ],
        "quaternion_world_xyzw": [
            0.5,
            -0.5,
            -0.5,
            0.5
        ],
        "width": 500
    },
    "objects": [
        {
            "bounding_box_minx_maxx_miny_maxy": [
                -1,
                -1,
                -1,
                -1
            ],
            "class": "Reebok",
            "local_cuboid": null,
            "local_to_world_matrix": [
                [
                    -0.3597548007965088,
                    0.9041440486907959,
                    0.230435311794281,
                    0.0
                ],
                [
                    -0.08734160661697388,
                    -0.2785196304321289,
                    0.9564510583877563,
                    0.0
                ],
                [
                    0.9289501309394836,
                    0.3239611089229584,
                    0.17916786670684814,
                    0.0
                ],
                [
                    0.5771827101707458,
                    0.3935514986515045,
                    0.10983292758464813,
                    1.0
                ]
            ],
            "location": [
                -0.3935514986515045,
                0.10983292758464813,
                -0.5771827101707458
            ],
            "location_world": [
                0.5771827101707458,
                0.3935514986515045,
                0.10983292758464813
            ],
            "name": "google_Reebok_SOMERSET_RUN_0",
            "projected_cuboid": [
                [
                    -215.90211987495422,
                    246.77056074142456
                ],
                [
                    -158.70335698127747,
                    -12.51518726348877
                ],
                [
                    -198.00007343292236,
                    -41.480451822280884
                ],
                [
                    -264.2660140991211,
                    268.20099353790283
                ],
                [
                    -103.78062725067139,
                    268.81444454193115
                ],
                [
                    -45.79704999923706,
                    25.54573118686676
                ],
                [
                    -61.53574585914612,
                    5.613535642623901
                ],
                [
                    -129.10863757133484,
                    292.7151322364807
                ],
                [
                    -144.39469575881958,
                    135.05902886390686
                ]
            ],
            "provenance": "visii",
            "quaternion_xyzw": [
                0.13072408735752106,
                0.9733377695083618,
                0.06845249235630035,
                -0.17561112344264984
            ],
            "quaternion_xyzw_world": [
                0.42999908328056335,
                0.4748861491680145,
                0.6740627288818359,
                0.36772751808166504
            ],
            "segmentation_id": 1,
            "visibility": 0
        },
        {
            "bounding_box_minx_maxx_miny_maxy": [
                -1,
                -1,
                -1,
                -1
            ],
            "class": "Breyer",
            "local_cuboid": null,
            "local_to_world_matrix": [
                [
                    -0.4852008819580078,
                    -0.6000926494598389,
                    0.6359787583351135,
                    0.0
                ],
                [
                    -0.5825282335281372,
                    0.7642587423324585,
                    0.2767118215560913,
                    0.0
                ],
                [
                    -0.6521050333976746,
                    -0.23621481657028198,
                    -0.7203899621963501,
                    0.0
                ],
                [
                    0.27284905314445496,
                    -0.38856980204582214,
                    0.03230517730116844,
                    1.0
                ]
            ],
            "location": [
                0.38856980204582214,
                0.03230517730116844,
                -0.27284905314445496
            ],
            "location_world": [
                0.27284905314445496,
                -0.38856980204582214,
                0.03230517730116844
            ],
            "name": "google_Breyer_Horse_Of_The_Year_2015_1",
            "projected_cuboid": [
                [
                    2642.2412395477295,
                    295.50814628601074
                ],
                [
                    3204.6492099761963,
                    210.74949204921722
                ],
                [
                    1583.457589149475,
                    -109.83514785766602
                ],
                [
                    1504.0178298950195,
                    -15.006721019744873
                ],
                [
                    1183.9981079101562,
                    641.9142484664917
                ],
                [
                    1206.9904804229736,
                    658.9318513870239
                ],
                [
                    825.3076076507568,
                    309.6933960914612
                ],
                [
                    846.6306328773499,
                    332.0474624633789
                ],
                [
                    1362.7610206604004,
                    305.497407913208
                ]
            ],
            "provenance": "visii",
            "quaternion_xyzw": [
                -0.4096571207046509,
                0.07828495651483536,
                -0.4402557909488678,
                -0.7951272130012512
            ],
            "quaternion_xyzw_world": [
                -0.34312182664871216,
                0.8616625666618347,
                0.011749670840799809,
                -0.3737204968929291
            ],
            "segmentation_id": 2,
            "visibility": 0
        },
        {
            "bounding_box_minx_maxx_miny_maxy": [
                0,
                7,
                25,
                37
            ],
            "class": "Smith",
            "local_cuboid": null,
            "local_to_world_matrix": [
                [
                    0.8142317533493042,
                    -0.23250702023506165,
                    -0.53194659948349,
                    0.0
                ],
                [
                    0.4026537835597992,
                    0.8862553834915161,
                    0.22895711660385132,
                    0.0
                ],
                [
                    0.41820642352104187,
                    -0.4006144404411316,
                    0.8152371048927307,
                    0.0
                ],
                [
                    1.5326741933822632,
                    0.614755392074585,
                    0.3082118034362793,
                    1.0
                ]
            ],
            "location": [
                -0.614755392074585,
                0.3082118034362793,
                -1.5326741933822632
            ],
            "location_world": [
                1.5326741933822632,
                0.614755392074585,
                0.3082118034362793
            ],
            "name": "google_Smith_Hawken_Woven_BasketTray_Organizer_with_3_Compartments_95_x_9_x_13_2",
            "projected_cuboid": [
                [
                    128.81621718406677,
                    110.68297922611237
                ],
                [
                    60.90749800205231,
                    99.21492636203766
                ],
                [
                    11.08020544052124,
                    165.83006083965302
                ],
                [
                    80.50505816936493,
                    182.33509361743927
                ],
                [
                    69.1743940114975,
                    2.2569596767425537
                ],
                [
                    -7.61827826499939,
                    -4.130005836486816
                ],
                [
                    -72.99122214317322,
                    68.01922619342804
                ],
                [
                    5.191728472709656,
                    80.55493235588074
                ],
                [
                    37.5208854675293,
                    91.38238430023193
                ]
            ],
            "provenance": "visii",
            "quaternion_xyzw": [
                -0.596187174320221,
                0.5946967601776123,
                0.17344284057617188,
                0.510699987411499
            ],
            "quaternion_xyzw_world": [
                0.16788335144519806,
                0.2533705234527588,
                -0.1693737953901291,
                0.9375133514404297
            ],
            "segmentation_id": 3,
            "visibility": 1
        },
        {
            "bounding_box_minx_maxx_miny_maxy": [
                390,
                455,
                1,
                44
            ],
            "class": "Paul",
            "local_cuboid": null,
            "local_to_world_matrix": [
                [
                    0.5978135466575623,
                    -0.18741370737552643,
                    0.7794196605682373,
                    0.0
                ],
                [
                    0.4720361828804016,
                    0.868147611618042,
                    -0.15330231189727783,
                    0.0
                ],
                [
                    -0.6479203701019287,
                    0.4595605134963989,
                    0.6074564456939697,
                    0.0
                ],
                [
                    1.1476348638534546,
                    -0.34585002064704895,
                    0.4576815962791443,
                    1.0
                ]
            ],
            "location": [
                0.34585002064704895,
                0.4576815962791443,
                -1.1476348638534546
            ],
            "location_world": [
                1.1476348638534546,
                -0.34585002064704895,
                0.4576815962791443
            ],
            "name": "google_Paul_Frank_Dot_Lunch_Box_3",
            "projected_cuboid": [
                [
                    428.5283386707306,
                    -157.71570801734924
                ],
                [
                    368.95084381103516,
                    -129.8016905784607
                ],
                [
                    406.06746077537537,
                    -16.262054443359375
                ],
                [
                    459.7626328468323,
                    -35.867273807525635
                ],
                [
                    426.6449511051178,
                    -90.87681770324707
                ],
                [
                    357.2339713573456,
                    -61.91360950469971
                ],
                [
                    401.29920840263367,
                    58.6361438035965
                ],
                [
                    462.86308765411377,
                    39.72862660884857
                ],
                [
                    414.6358370780945,
                    -47.331273555755615
                ]
            ],
            "provenance": "visii",
            "quaternion_xyzw": [
                -0.41617172956466675,
                0.053300030529499054,
                0.6351789236068726,
                0.6484658718109131
            ],
            "quaternion_xyzw_world": [
                -0.17479237914085388,
                -0.40708649158477783,
                -0.18807931244373322,
                0.876558244228363
            ],
            "segmentation_id": 4,
            "visibility": 1
        },
        {
            "bounding_box_minx_maxx_miny_maxy": [
                343,
                396,
                388,
                455
            ],
            "class": "Toys",
            "local_cuboid": null,
            "local_to_world_matrix": [
                [
                    -0.4808838367462158,
                    -0.5834094285964966,
                    -0.6545107364654541,
                    0.0
                ],
                [
                    -0.1902613341808319,
                    -0.6592675447463989,
                    0.727438747882843,
                    0.0
                ],
                [
                    -0.8558921813964844,
                    0.47434157133102417,
                    0.2060307264328003,
                    0.0
                ],
                [
                    1.4898995161056519,
                    -0.3026212155818939,
                    -0.4180658757686615,
                    1.0
                ]
            ],
            "location": [
                0.3026212155818939,
                -0.4180658757686615,
                -1.4898995161056519
            ],
            "location_world": [
                1.4898995161056519,
                -0.3026212155818939,
                -0.4180658757686615
            ],
            "name": "google_Toys_R_Us_Treat_Dispenser_Smart_Puzzle_Foobler_4",
            "projected_cuboid": [
                [
                    351.30053758621216,
                    472.7327823638916
                ],
                [
                    400.4335403442383,
                    426.01484060287476
                ],
                [
                    417.24395751953125,
                    423.2085347175598
                ],
                [
                    372.1732795238495,
                    465.80082178115845
                ],
                [
                    307.3303699493408,
                    417.64938831329346
                ],
                [
                    352.8843820095062,
                    372.2803294658661
                ],
                [
                    372.99689650535583,
                    374.2782473564148
                ],
                [
                    330.9416174888611,
                    415.744423866272
                ],
                [
                    362.82074451446533,
                    420.4559326171875
                ]
            ],
            "provenance": "visii",
            "quaternion_xyzw": [
                0.0044307708740234375,
                0.26839202642440796,
                0.3691354990005493,
                -0.8897668719291687
            ],
            "quaternion_xyzw_world": [
                -0.4930397868156433,
                0.39229631423950195,
                0.7658625841140747,
                -0.12833507359027863
            ],
            "segmentation_id": 5,
            "visibility": 1
        },
        {
            "bounding_box_minx_maxx_miny_maxy": [
                -1,
                -1,
                -1,
                -1
            ],
            "class": "Tag",
            "local_cuboid": null,
            "local_to_world_matrix": [
                [
                    0.05213695764541626,
                    -0.9006755352020264,
                    -0.4313529133796692,
                    0.0
                ],
                [
                    0.22237157821655273,
                    0.4315662384033203,
                    -0.8742433786392212,
                    0.0
                ],
                [
                    0.9735669493675232,
                    -0.05034026503562927,
                    0.22278523445129395,
                    0.0
                ],
                [
                    0.33120599389076233,
                    -0.40741032361984253,
                    -0.13073116540908813,
                    1.0
                ]
            ],
            "location": [
                0.40741032361984253,
                -0.13073116540908813,
                -0.33120599389076233
            ],
            "location_world": [
                0.33120599389076233,
                -0.40741032361984253,
                -0.13073116540908813
            ],
            "name": "google_Tag_Dishtowel_Basket_Weave_Red_18_x_26_5",
            "projected_cuboid": [
                [
                    1191.6399002075195,
                    351.38484835624695
                ],
                [
                    914.7666096687317,
                    649.0237712860107
                ],
                [
                    974.2358326911926,
                    699.442446231842
                ],
                [
                    1291.3966178894043,
                    377.62683629989624
                ],
                [
                    939.7350549697876,
                    221.45763039588928
                ],
                [
                    690.2613043785095,
                    543.358325958252
                ],
                [
                    729.6253442764282,
                    584.8797559738159
                ],
                [
                    1014.0228271484375,
                    233.81823301315308
                ],
                [
                    957.648754119873,
                    469.6402847766876
                ]
            ],
            "provenance": "visii",
            "quaternion_xyzw": [
                -0.9680503606796265,
                0.2228497564792633,
                0.0004639923572540283,
                0.11496219038963318
            ],
            "quaternion_xyzw_world": [
                -0.3153511881828308,
                0.5377369523048401,
                -0.42984938621520996,
                0.6531631350517273
            ],
            "segmentation_id": 6,
            "visibility": 0
        },
        {
            "bounding_box_minx_maxx_miny_maxy": [
                -1,
                -1,
                -1,
                -1
            ],
            "class": "FRACTION",
            "local_cuboid": null,
            "local_to_world_matrix": [
                [
                    0.6879209876060486,
                    0.39321061968803406,
                    0.610041081905365,
                    0.0
                ],
                [
                    -0.711510181427002,
                    0.5312519073486328,
                    0.4599180817604065,
                    0.0
                ],
                [
                    -0.143240824341774,
                    -0.7504377961158752,
                    0.6452327370643616,
                    0.0
                ],
                [
                    0.23333916068077087,
                    0.4649183750152588,
                    -0.14948497712612152,
                    1.0
                ]
            ],
            "location": [
                -0.4649183750152588,
                -0.14948497712612152,
                -0.23333916068077087
            ],
            "location_world": [
                0.23333916068077087,
                0.4649183750152588,
                -0.14948497712612152
            ],
            "name": "google_FRACTION_FUN_n4h4qte23QR_6",
            "projected_cuboid": [
                [
                    -458.5857391357422,
                    439.48596715927124
                ],
                [
                    -1167.7507162094116,
                    316.73792004585266
                ],
                [
                    -1216.1037921905518,
                    390.2544677257538
                ],
                [
                    -501.2320280075073,
                    483.4500551223755
                ],
                [
                    -645.8053588867188,
                    812.6444816589355
                ],
                [
                    -2467.4370288848877,
                    1046.034574508667
                ],
                [
                    -2493.806838989258,
                    1160.0778102874756
                ],
                [
                    -704.9511671066284,
                    868.9160943031311
                ],
                [
                    -926.1279106140137,
                    605.0243377685547
                ]
            ],
            "provenance": "visii",
            "quaternion_xyzw": [
                0.030126765370368958,
                0.6538134217262268,
                0.5187806487083435,
                0.5499882102012634
            ],
            "quaternion_xyzw_world": [
                0.35757389664649963,
                -0.22254112362861633,
                0.32636627554893494,
                0.846227765083313
            ],
            "segmentation_id": 7,
            "visibility": 0
        },
        {
            "bounding_box_minx_maxx_miny_maxy": [
                -1,
                -1,
                -1,
                -1
            ],
            "class": "FAIRY",
            "local_cuboid": null,
            "local_to_world_matrix": [
                [
                    0.23166215419769287,
                    -0.7018224596977234,
                    0.6736304759979248,
                    0.0
                ],
                [
                    -0.22793056070804596,
                    0.6340321898460388,
                    0.7389525771141052,
                    0.0
                ],
                [
                    -0.9457168579101562,
                    -0.3247283101081848,
                    -0.013085603713989258,
                    0.0
                ],
                [
                    0.40911704301834106,
                    0.35145530104637146,
                    0.3554063141345978,
                    1.0
                ]
            ],
            "location": [
                -0.35145530104637146,
                0.3554063141345978,
                -0.40911704301834106
            ],
            "location_world": [
                0.40911704301834106,
                0.35145530104637146,
                0.3554063141345978
            ],
            "name": "google_FAIRY_TALE_BLOCKS_7",
            "projected_cuboid": [
                [
                    -2.4187862873077393,
                    -544.2979335784912
                ],
                [
                    -595.320999622345,
                    -1388.84437084198
                ],
                [
                    -265.1618719100952,
                    -545.1855063438416
                ],
                [
                    17.941251397132874,
                    -190.10213017463684
                ],
                [
                    -599.9915599822998,
                    -268.4051990509033
                ],
                [
                    -1695.9073543548584,
                    -1341.0236835479736
                ],
                [
                    -648.9537358283997,
                    -388.0033493041992
                ],
                [
                    -269.8690891265869,
                    -6.437033414840698
                ],
                [
                    -375.27453899383545,
                    -454.1630744934082
                ]
            ],
            "provenance": "visii",
            "quaternion_xyzw": [
                0.06548486649990082,
                0.1511731594800949,
                0.3552963137626648,
                0.9201211929321289
            ],
            "quaternion_xyzw_world": [
                0.3907414376735687,
                -0.5948646068572998,
                -0.174083411693573,
                0.6805528998374939
            ],
            "segmentation_id": 8,
            "visibility": 0
        },
        {
            "bounding_box_minx_maxx_miny_maxy": [
                -1,
                -1,
                -1,
                -1
            ],
            "class": "Great",
            "local_cuboid": null,
            "local_to_world_matrix": [
                [
                    -0.0809793472290039,
                    0.5086278319358826,
                    -0.8571697473526001,
                    0.0
                ],
                [
                    -0.953433096408844,
                    -0.2902069091796875,
                    -0.08212944865226746,
                    0.0
                ],
                [
                    -0.29052993655204773,
                    0.8106032609939575,
                    0.5084434151649475,
                    0.0
                ],
                [
                    1.3920832872390747,
                    0.25512200593948364,
                    0.31039318442344666,
                    1.0
                ]
            ],
            "location": [
                -0.25512200593948364,
                0.31039318442344666,
                -1.3920832872390747
            ],
            "location_world": [
                1.3920832872390747,
                0.25512200593948364,
                0.31039318442344666
            ],
            "name": "google_Great_Jones_Wingtip_kAqSg6EgG0I_8",
            "projected_cuboid": [
                [
                    81.030935049057,
                    116.1566823720932
                ],
                [
                    84.66760814189911,
                    95.96340358257294
                ],
                [
                    133.99308919906616,
                    128.24487686157227
                ],
                [
                    120.88385224342346,
                    141.75324141979218
                ],
                [
                    104.61762547492981,
                    78.90035212039948
                ],
                [
                    114.00309205055237,
                    49.7337281703949
                ],
                [
                    162.19571232795715,
                    83.00633728504181
                ],
                [
                    143.7338888645172,
                    105.14432191848755
                ],
                [
                    117.84553527832031,
                    101.12042725086212
                ]
            ],
            "provenance": "visii",
            "quaternion_xyzw": [
                -0.2659754157066345,
                0.532909095287323,
                0.6858001351356506,
                -0.4182620644569397
            ],
            "quaternion_xyzw_world": [
                -0.41856423020362854,
                0.2656732201576233,
                0.6854979395866394,
                0.5332112908363342
            ],
            "segmentation_id": 9,
            "visibility": 0
        },
        {
            "bounding_box_minx_maxx_miny_maxy": [
                -1,
                -1,
                -1,
                -1
            ],
            "class": "Ecoforms",
            "local_cuboid": null,
            "local_to_world_matrix": [
                [
                    0.34904366731643677,
                    -0.7559742331504822,
                    0.5537795424461365,
                    0.0
                ],
                [
                    -0.9129466414451599,
                    -0.4076395034790039,
                    0.01894921064376831,
                    0.0
                ],
                [
                    0.21141713857650757,
                    -0.5121851563453674,
                    -0.8324482440948486,
                    0.0
                ],
                [
                    1.6799482107162476,
                    0.7656033635139465,
                    0.1917448490858078,
                    1.0
                ]
            ],
            "location": [
                -0.7656033635139465,
                0.1917448490858078,
                -1.6799482107162476
            ],
            "location_world": [
                1.6799482107162476,
                0.7656033635139465,
                0.1917448490858078
            ],
            "name": "google_Ecoforms_Plant_Container_Quadra_Sand_QP6_9",
            "projected_cuboid": [
                [
                    37.53077983856201,
                    216.35079383850098
                ],
                [
                    43.48641633987427,
                    211.5280032157898
                ],
                [
                    6.929278373718262,
                    158.62244367599487
                ],
                [
                    4.3812096118927,
                    168.6427891254425
                ],
                [
                    -19.54352855682373,
                    251.0507106781006
                ],
                [
                    -19.549131393432617,
                    249.8021274805069
                ],
                [
                    -59.103190898895264,
                    195.51731646060944
                ],
                [
                    -55.136799812316895,
                    202.22730934619904
                ],
                [
                    -6.863683462142944,
                    206.77971839904785
                ]
            ],
            "provenance": "visii",
            "quaternion_xyzw": [
                0.6979330778121948,
                0.3443807363510132,
                0.0584372878074646,
                0.6252013444900513
            ],
            "quaternion_xyzw_world": [
                0.804538905620575,
                -0.5185954570770264,
                0.23777490854263306,
                0.16504310071468353
            ],
            "segmentation_id": 10,
            "visibility": 0
        },
        {
            "bounding_box_minx_maxx_miny_maxy": [
                -1,
                -1,
                -1,
                -1
            ],
            "class": "ReadytoUse",
            "local_cuboid": null,
            "local_to_world_matrix": [
                [
                    0.05335354804992676,
                    -0.7794188857078552,
                    0.6242274045944214,
                    0.0
                ],
                [
                    -0.8993210196495056,
                    -0.3092069625854492,
                    -0.3092135190963745,
                    0.0
                ],
                [
                    0.4340221881866455,
                    -0.5448830723762512,
                    -0.7174451351165771,
                    0.0
                ],
                [
                    0.24353539943695068,
                    -0.3381410837173462,
                    -0.24445271492004395,
                    1.0
                ]
            ],
            "location": [
                0.3381410837173462,
                -0.24445271492004395,
                -0.24353539943695068
            ],
            "location_world": [
                0.24353539943695068,
                -0.3381410837173462,
                -0.24445271492004395
            ],
            "name": "google_ReadytoUse_Rolled_Fondant_Pure_White_24_oz_box_10",
            "projected_cuboid": [
                [
                    1078.7123441696167,
                    814.6459460258484
                ],
                [
                    1232.3858737945557,
                    929.1587471961975
                ],
                [
                    1305.5790662765503,
                    825.3889083862305
                ],
                [
                    1098.04105758667,
                    696.7498064041138
                ],
                [
                    924.1741895675659,
                    962.1769189834595
                ],
                [
                    1057.842493057251,
                    1101.607084274292
                ],
                [
                    1074.6581554412842,
                    1052.6022911071777
                ],
                [
                    900.866448879242,
                    882.5235366821289
                ],
                [
                    1077.1334171295166,
                    907.3191285133362
                ]
            ],
            "provenance": "visii",
            "quaternion_xyzw": [
                0.7941433191299438,
                0.2938494086265564,
                0.1547357141971588,
                0.5089654326438904
            ],
            "quaternion_xyzw_world": [
                0.7211112380027771,
                -0.5819975733757019,
                0.36688151955604553,
                0.08170361071825027
            ],
            "segmentation_id": 11,
            "visibility": 0
        },
        {
            "bounding_box_minx_maxx_miny_maxy": [
                97,
                349,
                284,
                478
            ],
            "class": "Dog",
            "local_cuboid": null,
            "local_to_world_matrix": [
                [
                    0.8759300708770752,
                    -0.4629285931587219,
                    -0.1358071118593216,
                    0.0
                ],
                [
                    -0.2666509747505188,
                    -0.6991568803787231,
                    0.663382887840271,
                    0.0
                ],
                [
                    -0.4020494222640991,
                    -0.5448639392852783,
                    -0.735852837562561,
                    0.0
                ],
                [
                    0.5860841870307922,
                    0.04152446985244751,
                    -0.03490829840302467,
                    1.0
                ]
            ],
            "location": [
                -0.04152446985244751,
                -0.03490829840302467,
                -0.5860841870307922
            ],
            "location_world": [
                0.5860841870307922,
                0.04152446985244751,
                -0.03490829840302467
            ],
            "name": "google_Dog_11",
            "projected_cuboid": [
                [
                    304.4348657131195,
                    496.43439054489136
                ],
                [
                    443.38512420654297,
                    389.8962736129761
                ],
                [
                    321.5182423591614,
                    239.92574214935303
                ],
                [
                    206.61447942256927,
                    344.93598341941833
                ],
                [
                    179.74865436553955,
                    568.4801936149597
                ],
                [
                    376.4888346195221,
                    414.56806659698486
                ],
                [
                    212.58504688739777,
                    194.2978799343109
                ],
                [
                    62.58577108383179,
                    345.4761505126953
                ],
                [
                    265.74787497520447,
                    369.1749572753906
                ]
            ],
            "provenance": "visii",
            "quaternion_xyzw": [
                0.31523650884628296,
                0.4467674791812897,
                -0.26255375146865845,
                0.795041024684906
            ],
            "quaternion_xyzw_world": [
                0.9097993969917297,
                -0.20047813653945923,
                -0.14779536426067352,
                0.33200913667678833
            ],
            "segmentation_id": 12,
            "visibility": 1
        },
        {
            "bounding_box_minx_maxx_miny_maxy": [
                -1,
                -1,
                -1,
                -1
            ],
            "class": "Black",
            "local_cuboid": null,
            "local_to_world_matrix": [
                [
                    -0.46723663806915283,
                    0.4341084361076355,
                    0.7702205777168274,
                    0.0
                ],
                [
                    0.11054348945617676,
                    0.8930073976516724,
                    -0.4362543821334839,
                    0.0
                ],
                [
                    -0.877194344997406,
                    -0.11869116127490997,
                    -0.46523356437683105,
                    0.0
                ],
                [
                    0.42930322885513306,
                    -0.4161766767501831,
                    0.35049372911453247,
                    1.0
                ]
            ],
            "location": [
                0.4161766767501831,
                0.35049372911453247,
                -0.42930322885513306
            ],
            "location_world": [
                0.42930322885513306,
                -0.4161766767501831,
                0.35049372911453247
            ],
            "name": "google_Black_Elderberry_Syrup_54_oz_Gaia_Herbs_12",
            "projected_cuboid": [
                [
                    1196.1603164672852,
                    -422.1823215484619
                ],
                [
                    1065.8948421478271,
                    -353.8467288017273
                ],
                [
                    793.3667898178101,
                    -267.69334077835083
                ],
                [
                    879.1399002075195,
                    -313.58790397644043
                ],
                [
                    1163.1953716278076,
                    -279.5870304107666
                ],
                [
                    1044.5196628570557,
                    -219.90004181861877
                ],
                [
                    794.4080829620361,
                    -177.1399974822998
                ],
                [
                    874.9855160713196,
                    -218.9001441001892
                ],
                [
                    951.1941075325012,
                    -272.769033908844
                ]
            ],
            "provenance": "visii",
            "quaternion_xyzw": [
                -0.17674240469932556,
                0.17368048429489136,
                -0.8287878036499023,
                -0.5017049312591553
            ],
            "quaternion_xyzw_world": [
                0.16201047599315643,
                0.8404578566551208,
                -0.16507238149642944,
                -0.49003496766090393
            ],
            "segmentation_id": 13,
            "visibility": 0
        },
        {
            "bounding_box_minx_maxx_miny_maxy": [
                -1,
                -1,
                -1,
                -1
            ],
