{
    "camera_data": {
        "camera_look_at": {
            "at": [
                1.0,
                0.0,
                0.0
            ],
            "eye": [
                0.0,
                0.0,
                0.0
            ],
            "up": [
                0.0,
                0.0,
                1.0
            ]
        },
        "camera_view_matrix": [
            [
                0.0,
                0.0,
                -1.0,
                0.0
            ],
            [
                -1.0,
                0.0,
                0.0,
                0.0
            ],
            [
                0.0,
                1.0,
                0.0,
                0.0
            ],
            [
                0.0,
                0.0,
                0.0,
                1.0
            ]
        ],
        "height": 500,
        "intrinsics": {
            "cx": 250.0,
            "cy": 250.0,
            "fx": 603.5535278320312,
            "fy": 603.5535278320312
        },
        "location_world": [
            0.0,
            0.0,
            0.0
        ],
        "quaternion_world_xyzw": [
            0.5,
            -0.5,
            -0.5,
            0.5
        ],
        "width": 500
    },
    "objects": [
        {
            "bounding_box_minx_maxx_miny_maxy": [
                -1,
                -1,
                -1,
                -1
            ],
            "class": "Reebok",
            "local_cuboid": null,
            "local_to_world_matrix": [
                [
                    -0.6886014938354492,
                    0.46446967124938965,
                    0.5568628311157227,
                    0.0
                ],
                [
                    0.37666141986846924,
                    -0.42710816860198975,
                    0.822012722492218,
                    0.0
                ],
                [
                    0.619640588760376,
                    0.7757877707481384,
                    0.11915934085845947,
                    0.0
                ],
                [
                    0.57930588722229,
                    0.329447865486145,
                    0.13168014585971832,
                    1.0
                ]
            ],
            "location": [
                -0.329447865486145,
                0.13168014585971832,
                -0.57930588722229
            ],
            "location_world": [
                0.57930588722229,
                0.329447865486145,
                0.13168014585971832
            ],
            "name": "google_Reebok_SOMERSET_RUN_0",
            "projected_cuboid": [
                [
                    -300.45902729034424,
                    188.6782944202423
                ],
                [
                    -96.51458263397217,
                    -18.735140562057495
                ],
                [
                    -47.08784818649292,
                    -37.17893362045288
                ],
                [
                    -270.03955841064453,
                    196.79418206214905
                ],
                [
                    -183.24553966522217,
                    255.93021512031555
                ],
                [
                    -17.912179231643677,
                    60.20130217075348
                ],
                [
                    34.208089113235474,
                    52.32204496860504
                ],
                [
                    -142.04731583595276,
                    271.5194821357727
                ],
                [
                    -117.348313331604,
                    114.07195031642914
                ]
            ],
            "provenance": "visii",
            "quaternion_xyzw": [
                0.28859931230545044,
                0.8523677587509155,
                -0.07552550733089447,
                -0.42950624227523804
            ],
            "quaternion_xyzw_world": [
                0.3934931457042694,
                0.5344001054763794,
                0.7474738955497742,
                0.029368344694375992
            ],
            "segmentation_id": 1,
            "visibility": 0
        },
        {
            "bounding_box_minx_maxx_miny_maxy": [
                -1,
                -1,
                -1,
                -1
            ],
            "class": "Breyer",
            "local_cuboid": null,
            "local_to_world_matrix": [
                [
                    -0.4722900390625,
                    0.8220094442367554,
                    -0.31818753480911255,
                    0.0
                ],
                [
                    -0.02560773491859436,
                    -0.3736283779144287,
                    -0.9272252917289734,
                    0.0
                ],
                [
                    -0.8810715079307556,
                    -0.42977088689804077,
                    0.1975102424621582,
                    0.0
                ],
                [
                    0.24170395731925964,
                    -0.30685651302337646,
                    0.0037365020252764225,
                    1.0
                ]
            ],
            "location": [
                0.30685651302337646,
                0.0037365020252764225,
                -0.24170395731925964
            ],
            "location_world": [
                0.24170395731925964,
                -0.30685651302337646,
                0.0037365020252764225
            ],
            "name": "google_Breyer_Horse_Of_The_Year_2015_1",
            "projected_cuboid": [
                [
                    3359.910488128662,
                    45.98575830459595
                ],
                [
                    3708.3230018615723,
                    679.0066957473755
                ],
                [
                    977.8211712837219,
                    465.3034508228302
                ],
                [
                    902.4876952171326,
                    290.9209132194519
                ],
                [
                    1964.9876356124878,
                    -91.24624729156494
                ],
                [
                    2062.321424484253,
                    107.77361690998077
                ],
                [
                    1097.3572731018066,
                    234.8913550376892
                ],
                [
                    1049.197793006897,
                    125.94166398048401
                ],
                [
                    1436.7740154266357,
                    206.55269920825958
                ]
            ],
            "provenance": "visii",
            "quaternion_xyzw": [
                0.23671956360340118,
                0.058550864458084106,
                0.9526681900024414,
                -0.18154685199260712
            ],
            "quaternion_xyzw_world": [
                -0.41947227716445923,
                -0.4746449887752533,
                0.7147427201271057,
                0.2964763045310974
            ],
            "segmentation_id": 2,
            "visibility": 0
        },
        {
            "bounding_box_minx_maxx_miny_maxy": [
                -1,
                -1,
                -1,
                -1
            ],
            "class": "Smith",
            "local_cuboid": null,
            "local_to_world_matrix": [
                [
                    0.9889655113220215,
                    -0.14015160501003265,
                    -0.048007894307374954,
                    0.0
                ],
                [
                    0.1356727033853531,
                    0.9869745373725891,
                    -0.08645332604646683,
                    0.0
                ],
                [
                    0.059499140828847885,
                    0.07898599654436111,
                    0.9950985312461853,
                    0.0
                ],
                [
                    1.5165082216262817,
                    0.6025054454803467,
                    0.2709144055843353,
                    1.0
                ]
            ],
            "location": [
                -0.6025054454803467,
                0.2709144055843353,
                -1.5165082216262817
            ],
            "location_world": [
                1.5165082216262817,
                0.6025054454803467,
                0.2709144055843353
            ],
            "name": "google_Smith_Hawken_Woven_BasketTray_Organizer_with_3_Compartments_95_x_9_x_13_2",
            "projected_cuboid": [
                [
                    82.68392086029053,
                    57.129085063934326
                ],
                [
                    -2.6841461658477783,
                    68.80168616771698
                ],
                [
                    2.4388134479522705,
                    161.38151288032532
                ],
                [
                    88.72748911380768,
                    151.5258252620697
                ],
                [
                    15.18470048904419,
                    -2.180159091949463
                ],
                [
                    -90.67299962043762,
                    14.039888978004456
                ],
                [
                    -85.23958921432495,
                    130.34287095069885
                ],
                [
                    22.043734788894653,
                    117.0031726360321
                ],
                [
                    8.026301860809326,
                    89.67939019203186
                ]
            ],
            "provenance": "visii",
            "quaternion_xyzw": [
                -0.5670326352119446,
                0.45631518959999084,
                0.47085097432136536,
                0.49854767322540283
            ],
            "quaternion_xyzw_world": [
                -0.04151038080453873,
                0.026974588632583618,
                -0.0692070722579956,
                0.9963732361793518
            ],
            "segmentation_id": 3,
            "visibility": 0
        },
        {
            "bounding_box_minx_maxx_miny_maxy": [
                321,
                439,
                1,
                88
            ],
            "class": "Paul",
            "local_cuboid": null,
            "local_to_world_matrix": [
                [
                    0.0566481351852417,
                    -0.2937760353088379,
                    0.9541942477226257,
                    0.0
                ],
                [
                    0.8855235576629639,
                    0.45620644092559814,
                    0.08788493275642395,
                    0.0
                ],
                [
                    -0.4611280560493469,
                    0.8399829864501953,
                    0.28598880767822266,
                    0.0
                ],
                [
                    1.1847788095474243,
                    -0.33228641748428345,
                    0.4273691475391388,
                    1.0
                ]
            ],
            "location": [
                0.33228641748428345,
                0.4273691475391388,
                -1.1847788095474243
            ],
            "location_world": [
                1.1847788095474243,
                -0.33228641748428345,
                0.4273691475391388
            ],
            "name": "google_Paul_Frank_Dot_Lunch_Box_3",
            "projected_cuboid": [
                [
                    366.8507933616638,
                    -107.82238841056824
                ],
                [
                    330.76924085617065,
                    -82.69450068473816
                ],
                [
                    418.66108775138855,
                    -21.691620349884033
                ],
                [
                    458.70858430862427,
                    -39.37655687332153
                ],
                [
                    322.88023829460144,
                    35.31217575073242
                ],
                [
                    290.0753319263458,
                    48.541754484176636
                ],
                [
                    382.5916349887848,
                    98.82639348506927
                ],
                [
                    420.1165437698364,
                    91.10425412654877
                ],
                [
                    375.37387013435364,
                    4.070684313774109
                ]
            ],
            "provenance": "visii",
            "quaternion_xyzw": [
                -0.43149828910827637,
                -0.28852248191833496,
                0.5194870233535767,
                0.6787468194961548
            ],
            "quaternion_xyzw_world": [
                -0.2803804874420166,
                -0.527629017829895,
                -0.4396402835845947,
                0.6706048250198364
            ],
            "segmentation_id": 4,
            "visibility": 1
        },
        {
            "bounding_box_minx_maxx_miny_maxy": [
                399,
                427,
                408,
                436
            ],
            "class": "Toys",
            "local_cuboid": null,
            "local_to_world_matrix": [
                [
                    0.3940199613571167,
                    -0.5520408153533936,
                    -0.7348463535308838,
                    0.0
                ],
                [
                    0.7453094720840454,
                    0.6597695350646973,
                    -0.09601040184497833,
                    0.0
                ],
                [
                    0.5378308296203613,
                    -0.5098579525947571,
                    0.6714036464691162,
                    0.0
                ],
                [
                    1.3775206804275513,
                    -0.30304738879203796,
                    -0.49918657541275024,
                    1.0
                ]
            ],
            "location": [
                0.30304738879203796,
                -0.49918657541275024,
                -1.3775206804275513
            ],
            "location_world": [
                1.3775206804275513,
                -0.30304738879203796,
                -0.49918657541275024
            ],
            "name": "google_Toys_R_Us_Treat_Dispenser_Smart_Puzzle_Foobler_4",
            "projected_cuboid": [
                [
                    449.92393255233765,
                    437.66939640045166
                ],
                [
                    395.51466703414917,
                    429.52367663383484
                ],
                [
                    371.48380279541016,
                    482.07324743270874
                ],
                [
                    427.1770715713501,
                    495.1797127723694
                ],
                [
                    421.23764753341675,
                    395.9980010986328
                ],
                [
                    366.81053042411804,
                    390.733003616333
                ],
                [
                    340.04953503608704,
                    443.2840347290039
                ],
                [
                    395.57957649230957,
                    453.5600244998932
                ],
                [
                    395.5442011356354,
                    440.44825434684753
                ]
            ],
            "provenance": "visii",
            "quaternion_xyzw": [
                -0.7392364740371704,
                0.47164058685302734,
                -0.039174884557724,
                0.4791136384010315
            ],
            "quaternion_xyzw_world": [
                0.1253463625907898,
                0.3854691684246063,
                -0.3929421603679657,
                0.8254079222679138
            ],
            "segmentation_id": 5,
            "visibility": 1
        },
        {
            "bounding_box_minx_maxx_miny_maxy": [
                -1,
                -1,
                -1,
                -1
            ],
            "class": "Tag",
            "local_cuboid": null,
            "local_to_world_matrix": [
                [
                    -0.8857759237289429,
                    0.056956321001052856,
                    -0.4606056213378906,
                    0.0
                ],
                [
                    0.46402767300605774,
                    0.08956944942474365,
                    -0.8812808394432068,
                    0.0
                ],
                [
                    -0.008938252925872803,
                    -0.9943508505821228,
                    -0.10576796531677246,
                    0.0
                ],
                [
                    0.34117230772972107,
                    -0.4459657073020935,
                    -0.14523929357528687,
                    1.0
                ]
            ],
            "location": [
                0.4459657073020935,
                -0.14523929357528687,
                -0.34117230772972107
            ],
            "location_world": [
                0.34117230772972107,
                -0.4459657073020935,
                -0.14523929357528687
            ],
            "name": "google_Tag_Dishtowel_Basket_Weave_Red_18_x_26_5",
            "projected_cuboid": [
                [
                    1638.0820274353027,
                    493.64495277404785
                ],
                [
                    1128.9489269256592,
                    799.0817427635193
                ],
                [
                    1062.6933574676514,
                    791.5904521942139
                ],
                [
                    1537.2401475906372,
                    482.77726769447327
                ],
                [
                    1075.814962387085,
                    261.3268196582794
                ],
                [
                    859.2924475669861,
                    522.110104560852
                ],
                [
                    814.4670724868774,
                    517.2049403190613
                ],
                [
                    1017.4427032470703,
                    255.18351793289185
                ],
                [
                    1069.6637630462646,
                    509.9048614501953
                ]
            ],
            "provenance": "visii",
            "quaternion_xyzw": [
                -0.673681378364563,
                0.2041674554347992,
                -0.6977061629295349,
                0.13294853270053864
            ],
            "quaternion_xyzw_world": [
                0.18057037889957428,
                0.7213032245635986,
                -0.6500843167304993,
                0.15654559433460236
            ],
            "segmentation_id": 6,
            "visibility": 0
        },
        {
            "bounding_box_minx_maxx_miny_maxy": [
                -1,
                -1,
                -1,
                -1
            ],
            "class": "FRACTION",
            "local_cuboid": null,
            "local_to_world_matrix": [
                [
                    -0.1303119659423828,
                    0.6746573448181152,
                    0.72653728723526,
                    0.0
                ],
                [
                    0.624022364616394,
                    0.6252497434616089,
                    -0.46867772936820984,
                    0.0
                ],
                [
                    -0.7704641222953796,
                    0.3923012316226959,
                    -0.502478837966919,
                    0.0
                ],
                [
                    0.21677923202514648,
                    0.3093160390853882,
                    -0.280291348695755,
                    1.0
                ]
            ],
            "location": [
                -0.3093160390853882,
                -0.280291348695755,
                -0.21677923202514648
            ],
            "location_world": [
                0.21677923202514648,
                0.3093160390853882,
                -0.280291348695755
            ],
            "name": "google_FRACTION_FUN_n4h4qte23QR_6",
            "projected_cuboid": [
                [
                    -1499.017357826233,
                    1291.385531425476
                ],
                [
                    -913.5290384292603,
                    990.483820438385
                ],
                [
                    -725.8628010749817,
                    845.7821011543274
                ],
                [
                    -1025.0993967056274,
                    960.6622457504272
                ],
                [
                    -677.750289440155,
                    1682.9382181167603
                ],
                [
                    -527.3601412773132,
                    1226.8303632736206
                ],
                [
                    -399.9645709991455,
                    1065.8698081970215
                ],
                [
                    -431.5093755722046,
                    1318.767786026001
                ],
                [
                    -709.5631957054138,
                    1129.396677017212
                ]
            ],
            "provenance": "visii",
            "quaternion_xyzw": [
                0.07674035429954529,
                0.32996800541877747,
                -0.8534927368164062,
                -0.39595744013786316
            ],
            "quaternion_xyzw_world": [
                0.43212181329727173,
                0.7513388991355896,
                -0.02541346661746502,
                -0.4981112480163574
            ],
            "segmentation_id": 7,
            "visibility": 0
        },
        {
            "bounding_box_minx_maxx_miny_maxy": [
                -1,
                -1,
                -1,
                -1
            ],
            "class": "FAIRY",
            "local_cuboid": null,
            "local_to_world_matrix": [
                [
                    0.10897159576416016,
                    -0.7888956069946289,
                    0.6047885417938232,
                    0.0
                ],
                [
                    -0.09652483463287354,
                    0.5971387028694153,
                    0.7963092923164368,
                    0.0
                ],
                [
                    -0.9893474578857422,
                    -0.14515233039855957,
                    -0.011076927185058594,
                    0.0
                ],
                [
                    0.4042387008666992,
                    0.2821682095527649,
                    0.3408012092113495,
                    1.0
                ]
            ],
            "location": [
                -0.2821682095527649,
                0.3408012092113495,
                -0.4042387008666992
            ],
            "location_world": [
                0.4042387008666992,
                0.2821682095527649,
                0.3408012092113495
            ],
            "name": "google_FAIRY_TALE_BLOCKS_7",
            "projected_cuboid": [
                [
                    41.85359179973602,
                    -636.1119747161865
                ],
                [
                    -505.33515214920044,
                    -1450.2830505371094
                ],
                [
                    -141.95814728736877,
                    -527.3637771606445
                ],
                [
                    103.15744578838348,
                    -185.36177277565002
                ],
                [
                    -633.7020397186279,
                    -272.5350260734558
                ],
                [
                    -1384.6427202224731,
                    -1167.2743558883667
                ],
                [
                    -481.9117784500122,
                    -343.70291233062744
                ],
                [
                    -198.85709881782532,
                    9.52865183353424
                ],
                [
                    -294.9312925338745,
                    -448.0908513069153
                ]
            ],
            "provenance": "visii",
            "quaternion_xyzw": [
                0.02845624089241028,
                0.0672055333852768,
                0.31786108016967773,
                0.9453243613243103
            ],
            "quaternion_xyzw_world": [
                0.3615625202655792,
                -0.6122180819511414,
                -0.26590073108673096,
                0.6509673595428467
            ],
            "segmentation_id": 8,
            "visibility": 0
        },
        {
            "bounding_box_minx_maxx_miny_maxy": [
                131,
                188,
                68,
                138
            ],
            "class": "Great",
            "local_cuboid": null,
            "local_to_world_matrix": [
                [
                    -0.402909517288208,
                    0.8511892557144165,
                    0.33636415004730225,
                    0.0
                ],
                [
                    -0.4789414405822754,
                    0.11709225177764893,
                    -0.8700026273727417,
                    0.0
                ],
                [
                    -0.7799224853515625,
                    -0.5116310119628906,
                    0.3604922294616699,
                    0.0
                ],
                [
                    1.3628144264221191,
                    0.19735844433307648,
                    0.3700054883956909,
                    1.0
                ]
            ],
            "location": [
                -0.19735844433307648,
                0.3700054883956909,
                -1.3628144264221191
            ],
            "location_world": [
                1.3628144264221191,
                0.19735844433307648,
                0.3700054883956909
            ],
            "name": "google_Great_Jones_Wingtip_kAqSg6EgG0I_8",
            "projected_cuboid": [
                [
                    173.4583079814911,
                    -7.296860218048096
                ],
                [
                    145.00634372234344,
                    99.23216700553894
                ],
                [
                    124.61628019809723,
                    129.34988737106323
                ],
                [
                    153.43792736530304,
                    26.318073272705078
                ],
                [
                    217.63524413108826,
                    17.58156716823578
                ],
                [
                    195.62995433807373,
                    123.24564158916473
                ],
                [
                    172.51066863536835,
                    150.707945227623
                ],
                [
                    195.54531574249268,
                    48.65296185016632
                ],
                [
                    172.98734188079834,
                    71.22887670993805
                ]
            ],
            "provenance": "visii",
            "quaternion_xyzw": [
                0.2443823516368866,
                0.22431239485740662,
                0.9355632066726685,
                0.12117204070091248
            ],
            "quaternion_xyzw_world": [
                -0.17284823954105377,
                -0.5384026169776917,
                0.6415429711341858,
                0.5183326601982117
            ],
            "segmentation_id": 9,
            "visibility": 1
        },
        {
            "bounding_box_minx_maxx_miny_maxy": [
                -1,
                -1,
                -1,
                -1
            ],
            "class": "Ecoforms",
            "local_cuboid": null,
            "local_to_world_matrix": [
                [
                    0.8591724038124084,
                    -0.439060777425766,
                    0.2627706527709961,
                    0.0
                ],
                [
                    -0.5084487199783325,
                    -0.674885630607605,
                    0.5347983837127686,
                    0.0
                ],
                [
                    -0.05746886134147644,
                    -0.5930894613265991,
                    -0.8030829429626465,
                    0.0
                ],
                [
                    1.6216342449188232,
                    0.7519546747207642,
                    0.2141144871711731,
                    1.0
                ]
            ],
            "location": [
                -0.7519546747207642,
                0.2141144871711731,
                -1.6216342449188232
            ],
            "location_world": [
                1.6216342449188232,
                0.7519546747207642,
                0.2141144871711731
            ],
            "name": "google_Ecoforms_Plant_Container_Quadra_Sand_QP6_9",
            "projected_cuboid": [
                [
                    16.327977180480957,
                    231.6557765007019
                ],
                [
                    49.66913163661957,
                    193.27767193317413
                ],
                [
                    14.390885829925537,
                    144.25304532051086
                ],
                [
                    -16.818970441818237,
                    185.12457609176636
                ],
                [
                    -39.841651916503906,
                    248.88134002685547
                ],
                [
                    -6.485074758529663,
                    207.39112794399261
                ],
                [
                    -45.26722431182861,
                    152.89899706840515
                ],
                [
                    -76.05957984924316,
                    197.45323061943054
                ],
                [
                    -12.083321809768677,
                    195.32853364944458
                ]
            ],
            "provenance": "visii",
            "quaternion_xyzw": [
                0.46010690927505493,
                0.5094773769378662,
                -0.14457672834396362,
                0.7126233577728271
            ],
            "quaternion_xyzw_world": [
                0.913392186164856,
                -0.2593380808830261,
                0.056192126125097275,
                0.308708518743515
            ],
            "segmentation_id": 10,
            "visibility": 0
        },
        {
            "bounding_box_minx_maxx_miny_maxy": [
                -1,
                -1,
                -1,
                -1
            ],
            "class": "ReadytoUse",
            "local_cuboid": null,
            "local_to_world_matrix": [
                [
                    0.8693509101867676,
                    -0.32789477705955505,
                    0.36974865198135376,
                    0.0
                ],
                [
                    -0.49413415789604187,
                    -0.5885109901428223,
                    0.6399112939834595,
                    0.0
                ],
                [
                    0.007777541875839233,
                    -0.7390128374099731,
                    -0.6736465692520142,
                    0.0
                ],
                [
                    0.2349444478750229,
                    -0.3628467321395874,
                    -0.2477947473526001,
                    1.0
                ]
            ],
            "location": [
                0.3628467321395874,
                -0.2477947473526001,
                -0.2349444478750229
            ],
            "location_world": [
                0.2349444478750229,
                -0.3628467321395874,
                -0.2477947473526001
            ],
            "name": "google_ReadytoUse_Rolled_Fondant_Pure_White_24_oz_box_10",
            "projected_cuboid": [
                [
                    1238.0375862121582,
                    961.0635638237
                ],
                [
                    1387.709140777588,
                    954.8774361610413
                ],
                [
                    1120.0766563415527,
                    709.3357443809509
                ],
                [
                    991.4210438728333,
                    735.4308366775513
                ],
                [
                    1649.867296218872,
                    1485.2051734924316
                ],
                [
                    1950.5521059036255,
                    1549.5792627334595
                ],
                [
                    1520.4696655273438,
                    1155.6015014648438
                ],
                [
                    1271.5647220611572,
                    1140.0874853134155
                ],
                [
                    1339.8520946502686,
                    1031.1927795410156
                ]
            ],
            "provenance": "visii",
            "quaternion_xyzw": [
                0.4170614778995514,
                0.5744114518165588,
                -0.07812881469726562,
                0.7000051140785217
            ],
            "quaternion_xyzw_world": [
                0.8848034143447876,
                -0.23226316273212433,
                0.10666950792074203,
                0.3896131217479706
            ],
            "segmentation_id": 11,
            "visibility": 0
        },
        {
            "bounding_box_minx_maxx_miny_maxy": [
                276,
                470,
                85,
                347
            ],
            "class": "Dog",
            "local_cuboid": null,
            "local_to_world_matrix": [
                [
                    0.40050870180130005,
                    -0.7812285423278809,
                    -0.4788264036178589,
                    0.0
                ],
                [
                    0.6997168064117432,
                    -0.07663178443908691,
                    0.7102985382080078,
                    0.0
                ],
                [
                    -0.5915988683700562,
                    -0.6195236444473267,
                    0.5159469842910767,
                    0.0
                ],
                [
                    0.6010763049125671,
                    -0.014972551725804806,
                    -0.006221120245754719,
                    1.0
                ]
            ],
            "location": [
                0.014972551725804806,
                -0.006221120245754719,
                -0.6010763049125671
            ],
            "location_world": [
                0.6010763049125671,
                -0.014972551725804806,
                -0.006221120245754719
            ],
            "name": "google_Dog_11",
            "projected_cuboid": [
                [
                    540.023684501648,
                    283.42318534851074
                ],
                [
                    491.1002516746521,
                    142.26049184799194
                ],
                [
                    346.942663192749,
                    246.95372581481934
                ],
                [
                    353.82384061813354,
                    382.9682767391205
                ],
                [
                    318.98292899131775,
                    111.9859516620636
                ],
                [
                    318.2368278503418,
                    -10.869711637496948
                ],
                [
                    185.3228509426117,
                    138.54996860027313
                ],
                [
                    150.6221741437912,
                    271.54746651649475
                ],
                [
                    337.3490571975708,
                    200.64318180084229
                ]
            ],
            "provenance": "visii",
            "quaternion_xyzw": [
                -0.34616872668266296,
                0.29046133160591125,
                -0.15817061066627502,
                0.8779416084289551
            ],
            "quaternion_xyzw_world": [
                0.490202397108078,
                -0.04157046601176262,
                -0.5459098219871521,
                0.6782005429267883
            ],
            "segmentation_id": 12,
            "visibility": 1
        },
        {
            "bounding_box_minx_maxx_miny_maxy": [
                -1,
                -1,
                -1,
                -1
            ],
            "class": "Black",
            "local_cuboid": null,
            "local_to_world_matrix": [
                [
                    -0.661916971206665,
                    0.5949510931968689,
                    -0.45595964789390564,
                    0.0
                ],
                [
                    -0.7375432848930359,
                    -0.6254993677139282,
                    0.254520058631897,
                    0.0
                ],
                [
                    -0.1337755024433136,
                    0.5047610998153687,
                    0.8528307676315308,
                    0.0
                ],
                [
                    0.4122568964958191,
                    -0.4206397831439972,
                    0.3400131165981293,
                    1.0
                ]
            ],
            "location": [
                0.4206397831439972,
                0.3400131165981293,
                -0.4122568964958191
            ],
            "location_world": [
                0.4122568964958191,
                -0.4206397831439972,
                0.3400131165981293
            ],
            "name": "google_Black_Elderberry_Syrup_54_oz_Gaia_Herbs_12",
            "projected_cuboid": [
                [
                    725.7183790206909,
                    -426.01174116134644
                ],
                [
                    847.9336500167847,
                    -535.4446768760681
                ],
                [
                    935.6679916381836,
                    -293.4008240699768
                ],
                [
                    809.9573254585266,
                    -214.49315547943115
                ],
                [
                    731.5426468849182,
                    -403.3113718032837
                ],
                [
                    842.5574898719788,
                    -499.5957016944885
                ],
                [
                    922.4424958229065,
                    -281.6098928451538
                ],
                [
                    808.499276638031,
                    -210.4242742061615
                ],
                [
                    825.7476687431335,
                    -352.58686542510986
                ]
            ],
            "provenance": "visii",
            "quaternion_xyzw": [
                0.06471743434667587,
                0.6549228429794312,
                0.6070845127105713,
                -0.44534942507743835
            ],
            "quaternion_xyzw_world": [
                -0.1663968563079834,
                0.21423514187335968,
                0.8860371112823486,
                0.3759702444076538
            ],
            "segmentation_id": 13,
            "visibility": 0
        },
        {
            "bounding_box_minx_maxx_miny_maxy": [
                -1,
                -1,
                -1,
                -1
            ],
