{
    "camera_data": {
        "camera_look_at": {
            "at": [
                1.0,
                0.0,
                0.0
            ],
            "eye": [
                0.0,
                0.0,
                0.0
            ],
            "up": [
                0.0,
                0.0,
                1.0
            ]
        },
        "camera_view_matrix": [
            [
                0.0,
                0.0,
                -1.0,
                0.0
            ],
            [
                -1.0,
                0.0,
                0.0,
                0.0
            ],
            [
                0.0,
                1.0,
                0.0,
                0.0
            ],
            [
                0.0,
                0.0,
                0.0,
                1.0
            ]
        ],
        "height": 500,
        "intrinsics": {
            "cx": 250.0,
            "cy": 250.0,
            "fx": 603.5535278320312,
            "fy": 603.5535278320312
        },
        "location_world": [
            0.0,
            0.0,
            0.0
        ],
        "quaternion_world_xyzw": [
            0.5,
            -0.5,
            -0.5,
            0.5
        ],
        "width": 500
    },
    "objects": [
        {
            "bounding_box_minx_maxx_miny_maxy": [
                0,
                2,
                340,
                362
            ],
            "class": "Reebok",
            "local_cuboid": null,
            "local_to_world_matrix": [
                [
                    -0.20117878913879395,
                    0.5738961100578308,
                    -0.7938329577445984,
                    0.0
                ],
                [
                    0.9027923941612244,
                    0.4231107831001282,
                    0.07709339261054993,
                    0.0
                ],
                [
                    0.38012295961380005,
                    -0.701156735420227,
                    -0.6032299995422363,
                    0.0
                ],
                [
                    0.7729834914207458,
                    0.4147813320159912,
                    -0.09662649035453796,
                    1.0
                ]
            ],
            "location": [
                -0.4147813320159912,
                -0.09662649035453796,
                -0.7729834914207458
            ],
            "location_world": [
                0.7729834914207458,
                0.4147813320159912,
                -0.09662649035453796
            ],
            "name": "google_Reebok_SOMERSET_RUN_0",
            "projected_cuboid": [
                [
                    -22.30355143547058,
                    449.5409429073334
                ],
                [
                    -25.279521942138672,
                    378.8038492202759
                ],
                [
                    -93.85210275650024,
                    337.8649652004242
                ],
                [
                    -119.44973468780518,
                    396.37815952301025
                ],
                [
                    42.72173345088959,
                    365.3715252876282
                ],
                [
                    21.929621696472168,
                    319.45908069610596
                ],
                [
                    -42.670220136642456,
                    276.67656540870667
                ],
                [
                    -46.64182662963867,
                    308.36382508277893
                ],
                [
                    -34.04182195663452,
                    349.91100430488586
                ]
            ],
            "provenance": "visii",
            "quaternion_xyzw": [
                -0.42694661021232605,
                0.7125855088233948,
                -0.5283653736114502,
                0.17540988326072693
            ],
            "quaternion_xyzw_world": [
                0.4947071075439453,
                0.7462438344955444,
                -0.209068164229393,
                0.3932883143424988
            ],
            "segmentation_id": 1,
            "visibility": 1
        },
        {
            "bounding_box_minx_maxx_miny_maxy": [
                327,
                499,
                353,
                500
            ],
            "class": "Breyer",
            "local_cuboid": null,
            "local_to_world_matrix": [
                [
                    -0.48882484436035156,
                    -0.8672786355018616,
                    0.09422338008880615,
                    0.0
                ],
                [
                    -0.27834492921829224,
                    0.2574154734611511,
                    0.925343930721283,
                    0.0
                ],
                [
                    -0.8267855644226074,
                    0.42610448598861694,
                    -0.3672337532043457,
                    0.0
                ],
                [
                    0.5245821475982666,
                    -0.21828904747962952,
                    -0.10587882250547409,
                    1.0
                ]
            ],
            "location": [
                0.21828904747962952,
                -0.10587882250547409,
                -0.5245821475982666
            ],
            "location_world": [
                0.5245821475982666,
                -0.21828904747962952,
                -0.10587882250547409
            ],
            "name": "google_Breyer_Horse_Of_The_Year_2015_1",
            "projected_cuboid": [
                [
                    703.049898147583,
                    549.0598678588867
                ],
                [
                    697.9483366012573,
                    466.19778871536255
                ],
                [
                    660.0558757781982,
                    332.14694261550903
                ],
                [
                    665.0779247283936,
                    397.3952829837799
                ],
                [
                    328.6946415901184,
                    504.17256355285645
                ],
                [
                    311.3485276699066,
                    440.77879190444946
                ],
                [
                    366.7803406715393,
                    338.91811966896057
                ],
                [
                    378.86375188827515,
                    391.41303300857544
                ],
                [
                    493.9425587654114,
                    418.3844327926636
                ]
            ],
            "provenance": "visii",
            "quaternion_xyzw": [
                -0.16966816782951355,
                0.24045774340629578,
                -0.0924161970615387,
                -0.951237142086029
            ],
            "quaternion_xyzw_world": [
                -0.39401566982269287,
                0.7268896102905273,
                0.4648052453994751,
                -0.316763699054718
            ],
            "segmentation_id": 2,
            "visibility": 1
        },
        {
            "bounding_box_minx_maxx_miny_maxy": [
                -1,
                -1,
                -1,
                -1
            ],
            "class": "Smith",
            "local_cuboid": null,
            "local_to_world_matrix": [
                [
                    0.3008100390434265,
                    -0.6877813935279846,
                    -0.6606587767601013,
                    0.0
                ],
                [
                    -0.5744451880455017,
                    0.4223020076751709,
                    -0.7011944651603699,
                    0.0
                ],
                [
                    0.7612660527229309,
                    0.5904386639595032,
                    -0.26805996894836426,
                    0.0
                ],
                [
                    1.718384027481079,
                    0.5290858149528503,
                    0.5359606146812439,
                    1.0
                ]
            ],
            "location": [
                -0.5290858149528503,
                0.5359606146812439,
                -1.718384027481079
            ],
            "location_world": [
                1.718384027481079,
                0.5290858149528503,
                0.5359606146812439
            ],
            "name": "google_Smith_Hawken_Woven_BasketTray_Organizer_with_3_Compartments_95_x_9_x_13_2",
            "projected_cuboid": [
                [
                    100.45750439167023,
                    121.63996696472168
                ],
                [
                    54.38975989818573,
                    168.88205707073212
                ],
                [
                    87.1838927268982,
                    133.5442066192627
                ],
                [
                    135.7271522283554,
                    83.90018343925476
                ],
                [
                    15.077635645866394,
                    40.48030078411102
                ],
                [
                    -40.80408811569214,
                    83.89349281787872
                ],
                [
                    -18.010884523391724,
                    35.22104024887085
                ],
                [
                    42.50545799732208,
                    -9.159773588180542
                ],
                [
                    48.71700704097748,
                    83.8969349861145
                ]
            ],
            "provenance": "visii",
            "quaternion_xyzw": [
                -0.8874460458755493,
                0.3050779104232788,
                0.2510712146759033,
                -0.23733986914157867
            ],
            "quaternion_xyzw_world": [
                -0.5353896021842957,
                0.5893962979316711,
                -0.04697851091623306,
                0.603127658367157
            ],
            "segmentation_id": 3,
            "visibility": 0
        },
        {
            "bounding_box_minx_maxx_miny_maxy": [
                -1,
                -1,
                -1,
                -1
            ],
            "class": "Paul",
            "local_cuboid": null,
            "local_to_world_matrix": [
                [
                    -0.09388208389282227,
                    0.6486591100692749,
                    -0.7552664875984192,
                    0.0
                ],
                [
                    -0.14350152015686035,
                    0.7418786883354187,
                    0.6549987196922302,
                    0.0
                ],
                [
                    0.9851869940757751,
                    0.16987456381320953,
                    0.023434460163116455,
                    0.0
                ],
                [
                    0.5332788825035095,
                    -0.4445209205150604,
                    0.22614528238773346,
                    1.0
                ]
            ],
            "location": [
                0.4445209205150604,
                0.22614528238773346,
                -0.5332788825035095
            ],
            "location_world": [
                0.5332788825035095,
                -0.4445209205150604,
                0.22614528238773346
            ],
            "name": "google_Paul_Frank_Dot_Lunch_Box_3",
            "projected_cuboid": [
                [
                    536.4816188812256,
                    173.1484830379486
                ],
                [
                    477.3075580596924,
                    114.01776969432831
                ],
                [
                    624.9518394470215,
                    59.82780456542969
                ],
                [
                    705.3922414779663,
                    146.11992239952087
                ],
                [
                    659.3207120895386,
                    22.000908851623535
                ],
                [
                    604.5384407043457,
                    -38.276076316833496
                ],
                [
                    799.4739413261414,
                    -154.70796823501587
                ],
                [
                    871.4337348937988,
                    -66.26781821250916
                ],
                [
                    645.7036137580872,
                    36.98819875717163
                ]
            ],
            "provenance": "visii",
            "quaternion_xyzw": [
                -0.41277390718460083,
                0.9067586064338684,
                0.04602545499801636,
                -0.07271964848041534
            ],
            "quaternion_xyzw_world": [
                0.18761980533599854,
                0.6731133460998535,
                0.30636492371559143,
                0.6464191675186157
            ],
            "segmentation_id": 4,
            "visibility": 0
        },
        {
            "bounding_box_minx_maxx_miny_maxy": [
                -1,
                -1,
                -1,
                -1
            ],
            "class": "Toys",
            "local_cuboid": null,
            "local_to_world_matrix": [
                [
                    -0.6590241193771362,
                    -0.6824445128440857,
                    -0.31615957617759705,
                    0.0
                ],
                [
                    0.32437676191329956,
                    0.12135869264602661,
                    -0.9381107687950134,
                    0.0
                ],
                [
                    0.6785773038864136,
                    -0.7207923531532288,
                    0.14139074087142944,
                    0.0
                ],
                [
                    1.699438452720642,
                    -0.627458930015564,
                    0.4846018850803375,
                    1.0
                ]
            ],
            "location": [
                0.627458930015564,
                0.4846018850803375,
                -1.699438452720642
            ],
            "location_world": [
                1.699438452720642,
                -0.627458930015564,
                0.4846018850803375
            ],
            "name": "google_Toys_R_Us_Treat_Dispenser_Smart_Puzzle_Foobler_4",
            "projected_cuboid": [
                [
                    529.5388102531433,
                    56.44766986370087
                ],
                [
                    515.3459310531616,
                    110.90677976608276
                ],
                [
                    491.96335673332214,
                    110.07697880268097
                ],
                [
                    506.34753704071045,
                    52.09928750991821
                ],
                [
                    479.1272282600403,
                    51.097676157951355
                ],
                [
                    467.043399810791,
                    102.74437069892883
                ],
                [
                    442.1705901622772,
                    101.48349404335022
                ],
                [
                    454.2640447616577,
                    46.68337106704712
                ],
                [
                    485.25920510292053,
                    79.2725682258606
                ]
            ],
            "provenance": "visii",
            "quaternion_xyzw": [
                0.9081757664680481,
                -0.12043878436088562,
                0.37983188033103943,
                -0.12821516394615173
            ],
            "quaternion_xyzw_world": [
                0.13984495401382446,
                -0.6401156187057495,
                0.6478919982910156,
                -0.3884989023208618
            ],
            "segmentation_id": 5,
            "visibility": 0
        },
        {
            "bounding_box_minx_maxx_miny_maxy": [
                252,
                499,
                1,
                220
            ],
            "class": "Tag",
            "local_cuboid": null,
            "local_to_world_matrix": [
                [
                    0.9187747836112976,
                    -0.12831929326057434,
                    -0.3733457922935486,
                    0.0
                ],
                [
                    -0.2573976516723633,
                    -0.9117600917816162,
                    -0.3200627565383911,
                    0.0
                ],
                [
                    -0.29933154582977295,
                    0.3901638984680176,
                    -0.8707312345504761,
                    0.0
                ],
                [
                    0.28714850544929504,
                    -0.1192881315946579,
                    0.07259712368249893,
                    1.0
                ]
            ],
            "location": [
                0.1192881315946579,
                0.07259712368249893,
                -0.28714850544929504
            ],
            "location_world": [
                0.28714850544929504,
                -0.1192881315946579,
                0.07259712368249893
            ],
            "name": "google_Tag_Dishtowel_Basket_Weave_Red_18_x_26_5",
            "projected_cuboid": [
                [
                    266.14606380462646,
                    174.99276995658875
                ],
                [
                    663.773775100708,
                    299.68324303627014
                ],
                [
                    675.3758788108826,
                    243.51680278778076
                ],
                [
                    286.4815890789032,
                    130.63840568065643
                ],
                [
                    219.36747431755066,
                    -44.84260082244873
                ],
                [
                    970.5564379692078,
                    117.58369207382202
                ],
                [
                    974.418580532074,
                    22.80573546886444
                ],
                [
                    255.096435546875,
                    -108.70203375816345
                ],
                [
                    490.7078444957733,
                    126.74102187156677
                ]
            ],
            "provenance": "visii",
            "quaternion_xyzw": [
                0.5359688997268677,
                0.25114062428474426,
                -0.6105479001998901,
                0.5262100696563721
            ],
            "quaternion_xyzw_world": [
                0.9619337320327759,
                -0.10024520009756088,
                -0.17482423782348633,
                -0.18458305299282074
            ],
            "segmentation_id": 6,
            "visibility": 1
        },
        {
            "bounding_box_minx_maxx_miny_maxy": [
                0,
                82,
                381,
                500
            ],
            "class": "FRACTION",
            "local_cuboid": null,
            "local_to_world_matrix": [
                [
                    -0.962740421295166,
                    0.1920030564069748,
                    -0.19043536484241486,
                    0.0
                ],
                [
                    0.24674631655216217,
                    0.33550888299942017,
                    -0.9091479182243347,
                    0.0
                ],
                [
                    -0.1106664389371872,
                    -0.9222627282142639,
                    -0.3703840970993042,
                    0.0
                ],
                [
                    0.8949859738349915,
                    0.3249894678592682,
                    -0.2997277081012726,
                    1.0
                ]
            ],
            "location": [
                -0.3249894678592682,
                -0.2997277081012726,
                -0.8949859738349915
            ],
            "location_world": [
                0.8949859738349915,
                0.3249894678592682,
                -0.2997277081012726
            ],
            "name": "google_FRACTION_FUN_n4h4qte23QR_6",
            "projected_cuboid": [
                [
                    41.97530448436737,
                    440.24384021759033
                ],
                [
                    7.492855191230774,
                    554.7025203704834
                ],
                [
                    -20.322024822235107,
                    541.1958694458008
                ],
                [
                    12.299537658691406,
                    426.64092779159546
                ],
                [
                    100.20454227924347,
                    385.34170389175415
                ],
                [
                    68.82689893245697,
                    483.0222427845001
                ],
                [
                    45.39424180984497,
                    472.1338152885437
                ],
                [
                    75.46888291835785,
                    374.41688776016235
                ],
                [
                    43.89557242393494,
                    458.1553637981415
                ]
            ],
            "provenance": "visii",
            "quaternion_xyzw": [
                -0.6337346434593201,
                0.2074781060218811,
                -0.7436090111732483,
                -0.04877346754074097
            ],
            "quaternion_xyzw_world": [
                0.13428950309753418,
                0.8167976140975952,
                -0.5605460405349731,
                0.024415144696831703
            ],
            "segmentation_id": 7,
            "visibility": 1
        },
        {
            "bounding_box_minx_maxx_miny_maxy": [
                -1,
                -1,
                -1,
                -1
            ],
            "class": "FAIRY",
            "local_cuboid": null,
            "local_to_world_matrix": [
                [
                    -0.9422166347503662,
                    0.09995172172784805,
                    0.319746196269989,
                    0.0
                ],
                [
                    -0.3327353298664093,
                    -0.39011621475219727,
                    -0.8585432767868042,
                    0.0
                ],
                [
                    0.03892529010772705,
                    -0.9153245687484741,
                    0.40083134174346924,
                    0.0
                ],
                [
                    0.4116605222225189,
                    0.4536145031452179,
                    0.3221399486064911,
                    1.0
                ]
            ],
            "location": [
                -0.4536145031452179,
                0.3221399486064911,
                -0.4116605222225189
            ],
            "location_world": [
                0.4116605222225189,
                0.4536145031452179,
                0.3221399486064911
            ],
            "name": "google_FAIRY_TALE_BLOCKS_7",
            "projected_cuboid": [
                [
                    -295.2721118927002,
                    -732.8278422355652
                ],
                [
                    -239.96272683143616,
                    -537.1262431144714
                ],
                [
                    -749.5905756950378,
                    -348.72251749038696
                ],
                [
                    -673.5036373138428,
                    -598.5472202301025
                ],
                [
                    -50.295352935791016,
                    -255.31768798828125
                ],
                [
                    22.679775953292847,
                    -66.85119867324829
                ],
                [
                    -236.28109693527222,
                    39.07288610935211
                ],
                [
                    -270.4228162765503,
                    -168.59373450279236
                ],
                [
                    -260.9294652938843,
                    -283.45203399658203
                ]
            ],
            "provenance": "visii",
            "quaternion_xyzw": [
                0.6703575253486633,
                0.2647327184677124,
                0.6927427053451538,
                -0.02539542317390442
            ],
            "quaternion_xyzw_world": [
                0.10847608000040054,
                -0.536486029624939,
                0.8266142010688782,
                0.13086123764514923
            ],
            "segmentation_id": 8,
            "visibility": 0
        },
        {
            "bounding_box_minx_maxx_miny_maxy": [
                0,
                31,
                270,
                330
            ],
            "class": "Great",
            "local_cuboid": null,
            "local_to_world_matrix": [
                [
                    0.6302457451820374,
                    -0.4728803038597107,
                    0.6157715320587158,
                    0.0
                ],
                [
                    0.7760686278343201,
                    0.3606823682785034,
                    -0.5173255801200867,
                    0.0
                ],
                [
                    0.022535085678100586,
                    0.8039231896400452,
                    0.5943060517311096,
                    0.0
                ],
                [
                    1.7855546474456787,
                    0.6833118200302124,
                    -0.16931593418121338,
                    1.0
                ]
            ],
            "location": [
                -0.6833118200302124,
                -0.16931593418121338,
                -1.7855546474456787
            ],
            "location_world": [
                1.7855546474456787,
                0.6833118200302124,
                -0.16931593418121338
            ],
            "name": "google_Great_Jones_Wingtip_kAqSg6EgG0I_8",
            "projected_cuboid": [
                [
                    4.557058215141296,
                    245.30573189258575
                ],
                [
                    0.1900196075439453,
                    296.00003361701965
                ],
                [
                    28.283655643463135,
                    317.07292795181274
                ],
                [
                    36.66010499000549,
                    269.3047523498535
                ],
                [
                    -25.442421436309814,
                    270.4378366470337
                ],
                [
                    -26.09655261039734,
                    319.7813034057617
                ],
                [
                    3.0134469270706177,
                    341.6762053966522
                ],
                [
                    7.994756102561951,
                    295.50901055336
                ],
                [
                    3.748670220375061,
                    295.7761287689209
                ]
            ],
            "provenance": "visii",
            "quaternion_xyzw": [
                -0.7093555331230164,
                -0.08990171551704407,
                0.5054478645324707,
                0.48296472430229187
            ],
            "quaternion_xyzw_world": [
                -0.41087019443511963,
                -0.18447940051555634,
                -0.3883870244026184,
                0.8039332032203674
            ],
            "segmentation_id": 9,
            "visibility": 1
        },
        {
            "bounding_box_minx_maxx_miny_maxy": [
                9,
                65,
                204,
                230
            ],
            "class": "Ecoforms",
            "local_cuboid": null,
            "local_to_world_matrix": [
                [
                    -0.8623150587081909,
                    -0.3043667674064636,
                    0.4046894311904907,
                    0.0
                ],
                [
                    0.3240252733230591,
                    -0.945817232131958,
                    -0.02091342583298683,
                    0.0
                ],
                [
                    0.38912761211395264,
                    0.11309565603733063,
                    0.9142150282859802,
                    0.0
                ],
                [
                    1.5893018245697021,
                    0.5710309743881226,
                    0.079100102186203,
                    1.0
                ]
            ],
            "location": [
                -0.5710309743881226,
                0.079100102186203,
                -1.5893018245697021
            ],
            "location_world": [
                1.5893018245697021,
                0.5710309743881226,
                0.079100102186203
            ],
            "name": "google_Ecoforms_Plant_Container_Quadra_Sand_QP6_9",
            "projected_cuboid": [
                [
                    -4.816949367523193,
                    142.91054010391235
                ],
                [
                    72.65183329582214,
                    148.5210359096527
                ],
                [
                    72.56945967674255,
                    204.65096831321716
                ],
                [
                    -8.343487977981567,
                    201.1333405971527
                ],
                [
                    -0.7971823215484619,
                    180.46310544013977
                ],
                [
                    69.33838129043579,
                    184.24394726753235
                ],
                [
                    69.13633644580841,
                    236.3375425338745
                ],
                [
                    -3.8101673126220703,
                    234.36172306537628
                ],
                [
                    33.98527204990387,
                    191.93035364151
                ]
            ],
            "provenance": "visii",
            "quaternion_xyzw": [
                0.6546770334243774,
                0.5157148838043213,
                0.2861027121543884,
                -0.4728439748287201
            ],
            "quaternion_xyzw_world": [
                0.20572258532047272,
                0.02388959378004074,
                0.9646692872047424,
                -0.16285167634487152
            ],
            "segmentation_id": 10,
            "visibility": 1
        },
        {
            "bounding_box_minx_maxx_miny_maxy": [
                -1,
                -1,
                -1,
                -1
            ],
            "class": "ReadytoUse",
            "local_cuboid": null,
            "local_to_world_matrix": [
                [
                    0.28741568326950073,
                    -0.9118819832801819,
                    -0.29302477836608887,
                    0.0
                ],
                [
                    0.9338429570198059,
                    0.19878411293029785,
                    0.2973586618900299,
                    0.0
                ],
                [
                    -0.2129073143005371,
                    -0.3591046631336212,
                    0.9086882472038269,
                    0.0
                ],
                [
                    0.29355695843696594,
                    -0.16939470171928406,
                    -0.27537810802459717,
                    1.0
                ]
            ],
            "location": [
                0.16939470171928406,
                -0.27537810802459717,
                -0.29355695843696594
            ],
            "location_world": [
                0.29355695843696594,
                -0.16939470171928406,
                -0.27537810802459717
            ],
            "name": "google_ReadytoUse_Rolled_Fondant_Pure_White_24_oz_box_10",
            "projected_cuboid": [
                [
                    944.527268409729,
                    602.3509502410889
                ],
                [
                    817.8309202194214,
                    518.5227990150452
                ],
                [
                    647.2864747047424,
                    766.671895980835
                ],
                [
                    731.0246229171753,
                    879.571795463562
                ],
                [
                    747.9817867279053,
                    559.996485710144
                ],
                [
                    638.7193202972412,
                    472.40930795669556
                ],
                [
                    469.7381854057312,
                    755.129337310791
                ],
                [
                    532.8630208969116,
                    881.5397024154663
                ],
                [
                    686.9665384292603,
                    685.2293014526367
                ]
            ],
            "provenance": "visii",
            "quaternion_xyzw": [
                -0.5919493436813354,
                0.20770737528800964,
                -0.030276663601398468,
                0.7781625390052795
            ],
            "quaternion_xyzw_world": [
                0.212098628282547,
                0.025885386392474174,
                -0.5963405966758728,
                0.7737712860107422
            ],
            "segmentation_id": 11,
            "visibility": 0
        },
        {
            "bounding_box_minx_maxx_miny_maxy": [
                0,
                177,
                151,
                231
            ],
            "class": "Dog",
            "local_cuboid": null,
            "local_to_world_matrix": [
                [
                    0.9147769808769226,
                    0.07289210706949234,
                    0.39732831716537476,
                    0.0
                ],
                [
                    -0.30801159143447876,
                    -0.5105290412902832,
                    0.8028007745742798,
                    0.0
                ],
                [
                    0.26136547327041626,
                    -0.8567653894424438,
                    -0.4445686340332031,
                    0.0
                ],
                [
                    0.683242678642273,
                    0.2623187303543091,
                    0.15326057374477386,
                    1.0
                ]
            ],
            "location": [
                -0.2623187303543091,
                0.15326057374477386,
                -0.683242678642273
            ],
            "location_world": [
                0.683242678642273,
                0.2623187303543091,
                0.15326057374477386
            ],
            "name": "google_Dog_11",
            "projected_cuboid": [
                [
                    147.97869324684143,
                    224.0835428237915
                ],
                [
                    211.18879318237305,
                    111.57511174678802
                ],
                [
                    73.44837486743927,
                    32.02611207962036
                ],
                [
                    15.853524208068848,
                    157.24089741706848
                ],
                [
                    130.63642382621765,
                    300.0514805316925
                ],
                [
                    214.45757150650024,
                    155.14804422855377
                ],
                [
                    23.928672075271606,
                    49.055710434913635
                ],
                [
                    -49.10379648208618,
                    216.3807898759842
                ],
                [
                    99.9760776758194,
                    156.35442733764648
                ]
            ],
            "provenance": "visii",
            "quaternion_xyzw": [
                0.3105127215385437,
                0.7309340238571167,
                -0.04670634865760803,
                0.6059173345565796
            ],
            "quaternion_xyzw_world": [
                0.8470352292060852,
                -0.06939483433961868,
                0.19441156089305878,
                0.48981615900993347
            ],
            "segmentation_id": 12,
            "visibility": 1
        },
        {
            "bounding_box_minx_maxx_miny_maxy": [
                -1,
                -1,
                -1,
                -1
            ],
            "class": "Black",
            "local_cuboid": null,
            "local_to_world_matrix": [
                [
                    -0.08565104007720947,
                    -0.6639769077301025,
                    -0.7428316473960876,
                    0.0
                ],
                [
                    -0.13943037390708923,
                    0.7462224960327148,
                    -0.6509310603141785,
                    0.0
                ],
                [
                    0.9865208268165588,
                    0.047820448875427246,
                    -0.15649330615997314,
                    0.0
                ],
                [
                    0.5224142670631409,
                    -0.4784359633922577,
                    0.4758245050907135,
                    1.0
                ]
            ],
            "location": [
                0.4784359633922577,
                0.4758245050907135,
                -0.5224142670631409
            ],
            "location_world": [
                0.5224142670631409,
                -0.4784359633922577,
                0.4758245050907135
            ],
            "name": "google_Black_Elderberry_Syrup_54_oz_Gaia_Herbs_12",
            "projected_cuboid": [
                [
                    713.5605216026306,
                    -158.06910395622253
                ],
                [
                    678.9736151695251,
                    -127.94521450996399
                ],
                [
                    806.1279058456421,
                    -259.3887448310852
                ],
                [
                    848.1624722480774,
                    -295.67402601242065
                ],
                [
                    676.1231422424316,
                    -193.20613145828247
                ],
                [
                    641.3266658782959,
                    -163.740336894989
                ],
                [
                    756.9375038146973,
                    -303.7882447242737
                ],
                [
                    799.3494272232056,
                    -339.04629945755005
                ],
                [
                    732.5745820999146,
                    -221.94433212280273
                ]
            ],
            "provenance": "visii",
            "quaternion_xyzw": [
                -0.9084917306900024,
                0.4097599983215332,
                -0.01041024923324585,
                -0.08143264055252075
            ],
            "quaternion_xyzw_world": [
                -0.28487706184387207,
                0.7050473093986511,
                -0.21385467052459717,
                0.6132044196128845
            ],
            "segmentation_id": 13,
            "visibility": 0
        },
        {
            "bounding_box_minx_maxx_miny_maxy": [
                59,
                68,
                196,
                206
            ],
            "class": "Razer",
