{
    "camera_data": {
        "camera_look_at": {
            "at": [
                1.0,
                0.0,
                0.0
            ],
            "eye": [
                0.0,
                0.0,
                0.0
            ],
            "up": [
                0.0,
                0.0,
                1.0
            ]
        },
        "camera_view_matrix": [
            [
                0.0,
                0.0,
                -1.0,
                0.0
            ],
            [
                -1.0,
                0.0,
                0.0,
                0.0
            ],
            [
                0.0,
                1.0,
                0.0,
                0.0
            ],
            [
                0.0,
                0.0,
                0.0,
                1.0
            ]
        ],
        "height": 500,
        "intrinsics": {
            "cx": 250.0,
            "cy": 250.0,
            "fx": 603.5535278320312,
            "fy": 603.5535278320312
        },
        "location_world": [
            0.0,
            0.0,
            0.0
        ],
        "quaternion_world_xyzw": [
            0.5,
            -0.5,
            -0.5,
            0.5
        ],
        "width": 500
    },
    "objects": [
        {
            "bounding_box_minx_maxx_miny_maxy": [
                -1,
                -1,
                -1,
                -1
            ],
            "class": "Reebok",
            "local_cuboid": null,
            "local_to_world_matrix": [
                [
                    0.9193745851516724,
                    -0.36065298318862915,
                    -0.1570981740951538,
                    0.0
                ],
                [
                    0.11276473104953766,
                    -0.1409776210784912,
                    0.983569860458374,
                    0.0
                ],
                [
                    -0.3768746852874756,
                    -0.9219843149185181,
                    -0.08894240856170654,
                    0.0
                ],
                [
                    0.6745783686637878,
                    0.4534243941307068,
                    -0.06457182765007019,
                    1.0
                ]
            ],
            "location": [
                -0.4534243941307068,
                -0.06457182765007019,
                -0.6745783686637878
            ],
            "location_world": [
                0.6745783686637878,
                0.4534243941307068,
                -0.06457182765007019
            ],
            "name": "google_Reebok_SOMERSET_RUN_0",
            "projected_cuboid": [
                [
                    -64.12169337272644,
                    456.2978744506836
                ],
                [
                    -13.685405254364014,
                    198.10926914215088
                ],
                [
                    -85.10950207710266,
                    192.77694821357727
                ],
                [
                    -135.75735688209534,
                    434.80637669563293
                ],
                [
                    -165.74764251708984,
                    475.3296673297882
                ],
                [
                    -100.89066624641418,
                    171.0958182811737
                ],
                [
                    -177.93968319892883,
                    166.74697399139404
                ],
                [
                    -242.30989813804626,
                    448.7859606742859
                ],
                [
                    -119.85334753990173,
                    314.51770663261414
                ]
            ],
            "provenance": "visii",
            "quaternion_xyzw": [
                -0.0072207972407341,
                0.5581313371658325,
                -0.09034925699234009,
                0.8247874975204468
            ],
            "quaternion_xyzw_world": [
                0.7330236434936523,
                -0.08454306423664093,
                -0.18211311101913452,
                0.649895191192627
            ],
            "segmentation_id": 1,
            "visibility": 0
        },
        {
            "bounding_box_minx_maxx_miny_maxy": [
                -1,
                -1,
                -1,
                -1
            ],
            "class": "Breyer",
            "local_cuboid": null,
            "local_to_world_matrix": [
                [
                    -0.646521806716919,
                    -0.7208128571510315,
                    0.24987846612930298,
                    0.0
                ],
                [
                    -0.5284565091133118,
                    0.6593701839447021,
                    0.5347567796707153,
                    0.0
                ],
                [
                    -0.5502219200134277,
                    0.21368180215358734,
                    -0.8072154521942139,
                    0.0
                ],
                [
                    0.38971832394599915,
                    -0.40625789761543274,
                    -0.01994774118065834,
                    1.0
                ]
            ],
            "location": [
                0.40625789761543274,
                -0.01994774118065834,
                -0.38971832394599915
            ],
            "location_world": [
                0.38971832394599915,
                -0.40625789761543274,
                -0.01994774118065834
            ],
            "name": "google_Breyer_Horse_Of_The_Year_2015_1",
            "projected_cuboid": [
                [
                    1431.2015771865845,
                    565.6198859214783
                ],
                [
                    1493.0309057235718,
                    522.998034954071
                ],
                [
                    1205.2359580993652,
                    192.455992102623
                ],
                [
                    1186.322569847107,
                    254.9780011177063
                ],
                [
                    722.6349711418152,
                    534.1495871543884
                ],
                [
                    698.9213228225708,
                    506.5324306488037
                ],
                [
                    658.2735180854797,
                    290.1533246040344
                ],
                [
                    680.3892850875854,
                    326.752245426178
                ],
                [
                    930.314838886261,
                    387.10710406303406
                ]
            ],
            "provenance": "visii",
            "quaternion_xyzw": [
                -0.3986961245536804,
                0.25676947832107544,
                -0.2714095115661621,
                -0.8375248908996582
            ],
            "quaternion_xyzw_world": [
                -0.35402101278305054,
                0.8822000026702881,
                0.21209436655044556,
                -0.22673441469669342
            ],
            "segmentation_id": 2,
            "visibility": 0
        },
        {
            "bounding_box_minx_maxx_miny_maxy": [
                -1,
                -1,
                -1,
                -1
            ],
            "class": "Smith",
            "local_cuboid": null,
            "local_to_world_matrix": [
                [
                    0.07847315073013306,
                    0.586129367351532,
                    -0.8064082860946655,
                    0.0
                ],
                [
                    0.8138334155082703,
                    0.42952239513397217,
                    0.3913894593715668,
                    0.0
                ],
                [
                    0.5757752656936646,
                    -0.6869955062866211,
                    -0.44330573081970215,
                    0.0
                ],
                [
                    1.5536478757858276,
                    0.6894931793212891,
                    0.4855174720287323,
                    1.0
                ]
            ],
            "location": [
                -0.6894931793212891,
                0.4855174720287323,
                -1.5536478757858276
            ],
            "location_world": [
                1.5536478757858276,
                0.6894931793212891,
                0.4855174720287323
            ],
            "name": "google_Smith_Hawken_Woven_BasketTray_Organizer_with_3_Compartments_95_x_9_x_13_2",
            "projected_cuboid": [
                [
                    42.97386109828949,
                    186.6089403629303
                ],
                [
                    30.175507068634033,
                    160.57151556015015
                ],
                [
                    -56.86616897583008,
                    109.25927758216858
                ],
                [
                    -55.19220232963562,
                    130.69668412208557
                ],
                [
                    119.6524053812027,
                    74.90505278110504
                ],
                [
                    97.71361947059631,
                    61.479464173316956
                ],
                [
                    15.533849596977234,
                    -0.05117058753967285
                ],
                [
                    27.826204895973206,
                    5.827784538269043
                ],
                [
                    29.142320156097412,
                    92.52022206783295
                ]
            ],
            "provenance": "visii",
            "quaternion_xyzw": [
                -0.386735200881958,
                0.7989515066146851,
                -0.3933715224266052,
                0.23952284455299377
            ],
            "quaternion_xyzw_world": [
                0.5225553512573242,
                0.6697676777839661,
                -0.11033903807401657,
                0.515919029712677
            ],
            "segmentation_id": 3,
            "visibility": 0
        },
        {
            "bounding_box_minx_maxx_miny_maxy": [
                383,
                408,
                1,
                112
            ],
            "class": "Paul",
            "local_cuboid": null,
            "local_to_world_matrix": [
                [
                    -0.18507921695709229,
                    -0.0314372181892395,
                    0.9822206497192383,
                    0.0
                ],
                [
                    0.8013261556625366,
                    0.5737547874450684,
                    0.16935712099075317,
                    0.0
                ],
                [
                    -0.5688779354095459,
                    0.8184235692024231,
                    -0.08099865913391113,
                    0.0
                ],
                [
                    0.8828617334365845,
                    -0.36715179681777954,
                    0.323006272315979,
                    1.0
                ]
            ],
            "location": [
                0.36715179681777954,
                0.323006272315979,
                -0.8828617334365845
            ],
            "location_world": [
                0.8828617334365845,
                -0.36715179681777954,
                0.323006272315979
            ],
            "name": "google_Paul_Frank_Dot_Lunch_Box_3",
            "projected_cuboid": [
                [
                    437.6388192176819,
                    -125.38164854049683
                ],
                [
                    367.9986298084259,
                    -97.53593802452087
                ],
                [
                    477.83899307250977,
                    -59.23950672149658
                ],
                [
                    547.8554964065552,
                    -78.51359248161316
                ],
                [
                    418.3116853237152,
                    112.97614872455597
                ],
                [
                    354.8622727394104,
                    113.97631466388702
                ],
                [
                    460.89255809783936,
                    120.9326982498169
                ],
                [
                    525.2615213394165,
                    120.78166007995605
                ],
                [
                    451.16764307022095,
                    17.92207360267639
                ]
            ],
            "provenance": "visii",
            "quaternion_xyzw": [
                -0.2707407474517822,
                -0.37717437744140625,
                0.5848255157470703,
                0.6651451587677002
            ],
            "quaternion_xyzw_world": [
                -0.2837977409362793,
                -0.6782021522521973,
                -0.3641173541545868,
                0.5717685222625732
            ],
            "segmentation_id": 4,
            "visibility": 1
        },
        {
            "bounding_box_minx_maxx_miny_maxy": [
                -1,
                -1,
                -1,
                -1
            ],
            "class": "Toys",
            "local_cuboid": null,
            "local_to_world_matrix": [
                [
                    0.8414883613586426,
                    -0.12955500185489655,
                    -0.5245120525360107,
                    0.0
                ],
                [
                    0.5289551019668579,
                    0.3952474594116211,
                    0.7509902119636536,
                    0.0
                ],
                [
                    0.11001761257648468,
                    -0.909392774105072,
                    0.40112489461898804,
                    0.0
                ],
                [
                    1.4056452512741089,
                    -0.6306117177009583,
                    0.31028956174850464,
                    1.0
                ]
            ],
            "location": [
                0.6306117177009583,
                0.31028956174850464,
                -1.4056452512741089
            ],
            "location_world": [
                1.4056452512741089,
                -0.6306117177009583,
                0.31028956174850464
            ],
            "name": "google_Toys_R_Us_Treat_Dispenser_Smart_Puzzle_Foobler_4",
            "projected_cuboid": [
                [
                    588.1121158599854,
                    135.9221786260605
                ],
                [
                    546.0790991783142,
                    96.3541567325592
                ],
                [
                    493.65878105163574,
                    119.21882629394531
                ],
                [
                    533.2038402557373,
                    160.55560111999512
                ],
                [
                    612.3565435409546,
                    87.44274079799652
                ],
                [
                    564.997673034668,
                    47.01283574104309
                ],
                [
                    507.86733627319336,
                    71.42965495586395
                ],
                [
                    552.2633790969849,
                    113.9138787984848
                ],
                [
                    548.9214658737183,
                    104.42464053630829
                ]
            ],
            "provenance": "visii",
            "quaternion_xyzw": [
                -0.34949344396591187,
                0.6579235196113586,
                -0.04857325553894043,
                0.6653059124946594
            ],
            "quaternion_xyzw_world": [
                0.5111545920372009,
                0.19534212350845337,
                -0.20272459089756012,
                0.8120747804641724
            ],
            "segmentation_id": 5,
            "visibility": 0
        },
        {
            "bounding_box_minx_maxx_miny_maxy": [
                395,
                499,
                1,
                315
            ],
            "class": "Tag",
            "local_cuboid": null,
            "local_to_world_matrix": [
                [
                    0.6578576564788818,
                    0.7361418008804321,
                    -0.15911796689033508,
                    0.0
                ],
                [
                    0.14717233180999756,
                    0.08154827356338501,
                    0.9857434630393982,
                    0.0
                ],
                [
                    0.738622784614563,
                    -0.6718966364860535,
                    -0.05469250679016113,
                    0.0
                ],
                [
                    0.30005332827568054,
                    -0.15272757411003113,
                    0.08891253918409348,
                    1.0
                ]
            ],
            "location": [
                0.15272757411003113,
                0.08891253918409348,
                -0.30005332827568054
            ],
            "location_world": [
                0.30005332827568054,
                -0.15272757411003113,
                0.08891253918409348
            ],
            "name": "google_Tag_Dishtowel_Basket_Weave_Red_18_x_26_5",
            "projected_cuboid": [
                [
                    453.6570906639099,
                    318.6565637588501
                ],
                [
                    407.39479660987854,
                    -34.80541706085205
                ],
                [
                    380.37389516830444,
                    -57.539016008377075
                ],
                [
                    427.4163842201233,
                    320.4774260520935
                ],
                [
                    844.3116545677185,
                    284.29147601127625
                ],
                [
                    733.221173286438,
                    -203.35406064987183
                ],
                [
                    726.7290353775024,
                    -252.4876594543457
                ],
                [
                    849.4547009468079,
                    283.1103205680847
                ],
                [
                    567.5750374794006,
                    80.39119839668274
                ]
            ],
            "provenance": "visii",
            "quaternion_xyzw": [
                -0.06468672305345535,
                0.9301220774650574,
                -0.05425766110420227,
                0.3574138879776001
            ],
            "quaternion_xyzw_world": [
                0.6385534405708313,
                0.34582623839378357,
                0.22688187658786774,
                0.6489825248718262
            ],
            "segmentation_id": 6,
            "visibility": 1
        },
        {
            "bounding_box_minx_maxx_miny_maxy": [
                -1,
                -1,
                -1,
                -1
            ],
            "class": "FRACTION",
            "local_cuboid": null,
            "local_to_world_matrix": [
                [
                    0.9985238313674927,
                    -0.043445706367492676,
                    -0.03259864076972008,
                    0.0
                ],
                [
                    0.020194731652736664,
                    -0.26018857955932617,
                    0.9653468728065491,
                    0.0
                ],
                [
                    -0.050421956926584244,
                    -0.9645801186561584,
                    -0.2589271068572998,
                    0.0
                ],
                [
                    0.1905951201915741,
                    0.39095985889434814,
                    -0.23386383056640625,
                    1.0
                ]
            ],
            "location": [
                -0.39095985889434814,
                -0.23386383056640625,
                -0.1905951201915741
            ],
            "location_world": [
                0.1905951201915741,
                0.39095985889434814,
                -0.23386383056640625
            ],
            "name": "google_FRACTION_FUN_n4h4qte23QR_6",
            "projected_cuboid": [
                [
                    -564.2919540405273,
                    997.7115392684937
                ],
                [
                    -446.1393356323242,
                    590.6124114990234
                ],
                [
                    -531.7162871360779,
                    563.4802579879761
                ],
                [
                    -650.1080989837646,
                    966.9485688209534
                ],
                [
                    -2049.9415397644043,
                    2284.4414710998535
                ],
                [
                    -1675.5114793777466,
                    1136.730670928955
                ],
                [
                    -1877.8090476989746,
                    1052.9124736785889
                ],
                [
                    -2251.706123352051,
                    2172.4138259887695
                ],
                [
                    -928.2885789871216,
                    1013.0085945129395
                ]
            ],
            "provenance": "visii",
            "quaternion_xyzw": [
                0.08318214863538742,
                0.6840100884437561,
                -0.10201665759086609,
                0.717498242855072
            ],
            "quaternion_xyzw_world": [
                0.7933535575866699,
                -0.007326800376176834,
                -0.026161285117268562,
                0.6081547737121582
            ],
            "segmentation_id": 7,
            "visibility": 0
        },
        {
            "bounding_box_minx_maxx_miny_maxy": [
                -1,
                -1,
                -1,
                -1
            ],
            "class": "FAIRY",
            "local_cuboid": null,
            "local_to_world_matrix": [
                [
                    0.478826642036438,
                    0.22584950923919678,
                    0.8483614325523376,
                    0.0
                ],
                [
                    -0.8727318048477173,
                    0.017658472061157227,
                    0.4878806471824646,
                    0.0
                ],
                [
                    0.09520673751831055,
                    -0.9740021824836731,
                    0.20556139945983887,
                    0.0
                ],
                [
                    0.46742117404937744,
                    0.4834204316139221,
                    0.3947504460811615,
                    1.0
                ]
            ],
            "location": [
                -0.4834204316139221,
                0.3947504460811615,
                -0.46742117404937744
            ],
            "location_world": [
                0.46742117404937744,
                0.4834204316139221,
                0.3947504460811615
            ],
            "name": "google_FAIRY_TALE_BLOCKS_7",
            "projected_cuboid": [
                [
                    -15.355855226516724,
                    -187.814861536026
                ],
                [
                    -163.75070810317993,
                    -602.2658944129944
                ],
                [
                    -503.90100479125977,
                    -578.9878368377686
                ],
                [
                    -228.1857132911682,
                    -159.21741724014282
                ],
                [
                    -11.153489351272583,
                    -50.47541856765747
                ],
                [
                    -212.4934196472168,
                    -520.287036895752
                ],
                [
                    -693.9527988433838,
                    -481.63384199142456
                ],
                [
                    -271.97301387786865,
                    -9.840965270996094
                ],
                [
                    -223.03488850593567,
                    -277.73576974868774
                ]
            ],
            "provenance": "visii",
            "quaternion_xyzw": [
                0.3088189959526062,
                0.6724836826324463,
                0.4008622467517853,
                0.5400981903076172
            ],
            "quaternion_xyzw_world": [
                0.560269296169281,
                -0.28864791989326477,
                0.4210333228111267,
                0.6523125767707825
            ],
            "segmentation_id": 8,
            "visibility": 0
        },
        {
            "bounding_box_minx_maxx_miny_maxy": [
                -1,
                -1,
                -1,
                -1
            ],
            "class": "Great",
            "local_cuboid": null,
            "local_to_world_matrix": [
                [
                    0.7680613994598389,
                    0.338493287563324,
                    0.5436027646064758,
                    0.0
                ],
                [
                    0.62630695104599,
                    -0.5740283727645874,
                    -0.5274761319160461,
                    0.0
                ],
                [
                    0.13349629938602448,
                    0.7455962300300598,
                    -0.6528897285461426,
                    0.0
                ],
                [
                    1.19281005859375,
                    0.457830011844635,
                    -0.6173966526985168,
                    1.0
                ]
            ],
            "location": [
                -0.457830011844635,
                -0.6173966526985168,
                -1.19281005859375
            ],
            "location_world": [
                1.19281005859375,
                0.457830011844635,
                -0.6173966526985168
            ],
            "name": "google_Great_Jones_Wingtip_kAqSg6EgG0I_8",
            "projected_cuboid": [
                [
                    -90.80389142036438,
                    553.1535148620605
                ],
                [
                    38.76061737537384,
                    582.8872919082642
                ],
                [
                    74.74678754806519,
                    553.0602931976318
                ],
                [
                    -50.36589503288269,
                    517.8066492080688
                ],
                [
                    -96.79153561592102,
                    611.6065382957458
                ],
                [
                    42.46479272842407,
                    634.3072056770325
                ],
                [
                    80.960214138031,
                    603.0634641647339
                ],
                [
                    -53.156763315200806,
                    574.2331743240356
                ],
                [
                    -1.5306472778320312,
                    579.0939331054688
                ]
            ],
            "provenance": "visii",
            "quaternion_xyzw": [
                0.5749954581260681,
                0.4859304428100586,
                -0.6581172347068787,
                0.011557839810848236
            ],
            "quaternion_xyzw_world": [
                0.8653004765510559,
                0.27874717116355896,
                0.1956254094839096,
                -0.36781221628189087
            ],
            "segmentation_id": 9,
            "visibility": 0
        },
        {
            "bounding_box_minx_maxx_miny_maxy": [
                -1,
                -1,
                -1,
                -1
            ],
            "class": "Ecoforms",
            "local_cuboid": null,
            "local_to_world_matrix": [
                [
                    0.999233067035675,
                    -0.011236747726798058,
                    -0.037509627640247345,
                    0.0
                ],
                [
                    0.030457133427262306,
                    -0.37899935245513916,
                    0.9248958826065063,
                    0.0
                ],
                [
                    -0.02460893616080284,
                    -0.9253289699554443,
                    -0.37836647033691406,
                    0.0
                ],
                [
                    1.8550310134887695,
                    0.7654023170471191,
                    0.04816653952002525,
                    1.0
                ]
            ],
            "location": [
                -0.7654023170471191,
                0.04816653952002525,
                -1.8550310134887695
            ],
            "location_world": [
                1.8550310134887695,
                0.7654023170471191,
                0.04816653952002525
            ],
            "name": "google_Ecoforms_Plant_Container_Quadra_Sand_QP6_9",
            "projected_cuboid": [
                [
                    49.81657862663269,
                    283.2602262496948
                ],
                [
                    72.72866368293762,
                    228.69914770126343
                ],
                [
                    24.911746382713318,
                    209.0381681919098
                ],
                [
                    1.9062459468841553,
                    263.4245753288269
                ],
                [
                    27.356624603271484,
                    284.4109535217285
                ],
                [
                    52.820876240730286,
                    223.94472360610962
                ],
                [
                    -0.10895729064941406,
                    202.1733969449997
                ],
                [
                    -25.68751573562622,
                    262.42512464523315
                ],
                [
                    26.06816589832306,
                    244.68910694122314
                ]
            ],
            "provenance": "visii",
            "quaternion_xyzw": [
                0.12422976642847061,
                0.687213659286499,
                -0.1487250030040741,
                0.700132429599762
            ],
            "quaternion_xyzw_world": [
                0.8301504254341125,
                0.005788223817944527,
                -0.018707020208239555,
                0.5571956634521484
            ],
            "segmentation_id": 10,
            "visibility": 0
        },
        {
            "bounding_box_minx_maxx_miny_maxy": [
                -1,
                -1,
                -1,
                -1
            ],
            "class": "ReadytoUse",
            "local_cuboid": null,
            "local_to_world_matrix": [
                [
                    0.9670933485031128,
                    -0.2511921525001526,
                    0.040409620851278305,
                    0.0
                ],
                [
                    0.240047425031662,
                    0.9535025954246521,
                    0.18223612010478973,
                    0.0
                ],
                [
                    -0.08430695533752441,
                    -0.16653911769390106,
                    0.9824240803718567,
                    0.0
                ],
                [
                    0.2547810971736908,
                    -0.21648083627223969,
                    -0.27237561345100403,
                    1.0
                ]
            ],
            "location": [
                0.21648083627223969,
                -0.27237561345100403,
                -0.2547810971736908
            ],
            "location_world": [
                0.2547810971736908,
                -0.21648083627223969,
                -0.27237561345100403
            ],
            "name": "google_ReadytoUse_Rolled_Fondant_Pure_White_24_oz_box_10",
            "projected_cuboid": [
                [
                    832.8654766082764,
                    473.7100601196289
                ],
                [
                    717.6686525344849,
                    447.3521113395691
                ],
                [
                    643.7470316886902,
                    751.772940158844
                ],
                [
                    750.782310962677,
                    788.5860800743103
                ],
                [
                    1118.3967590332031,
                    640.5187845230103
                ],
                [
                    912.8961563110352,
                    587.1132612228394
                ],
                [
                    782.061517238617,
                    1059.3538284301758
                ],
                [
                    964.0414118766785,
                    1138.0949020385742
                ],
                [
                    812.168538570404,
                    712.2964859008789
                ]
            ],
            "provenance": "visii",
            "quaternion_xyzw": [
                -0.4961474537849426,
                0.46009162068367004,
                0.40338531136512756,
                0.6159819960594177
            ],
            "quaternion_xyzw_world": [
                0.08827042579650879,
                -0.031564123928546906,
                -0.12432627379894257,
                0.9878032207489014
            ],
            "segmentation_id": 11,
            "visibility": 0
        },
        {
            "bounding_box_minx_maxx_miny_maxy": [
                -1,
                -1,
                -1,
                -1
            ],
            "class": "Dog",
            "local_cuboid": null,
            "local_to_world_matrix": [
                [
                    -0.6180801391601562,
                    0.005479276180267334,
                    -0.7860959768295288,
                    0.0
                ],
                [
                    -0.6412208080291748,
                    -0.5819987058639526,
                    0.5001131296157837,
                    0.0
                ],
                [
                    -0.4547666609287262,
                    0.8131711483001709,
                    0.36323535442352295,
                    0.0
                ],
                [
                    0.4098583161830902,
                    -0.07957485318183899,
                    0.2784145474433899,
                    1.0
                ]
            ],
            "location": [
                0.07957485318183899,
                0.2784145474433899,
                -0.4098583161830902
            ],
            "location_world": [
                0.4098583161830902,
                -0.07957485318183899,
                0.2784145474433899
            ],
            "name": "google_Dog_11",
            "projected_cuboid": [
                [
                    -20.743519067764282,
                    -167.97199845314026
                ],
                [
                    157.0521891117096,
                    -738.2615804672241
                ],
                [
                    541.0526394844055,
                    -256.5804719924927
                ],
                [
                    288.1987690925598,
                    38.00636529922485
                ],
                [
                    67.4796849489212,
                    -279.69884872436523
                ],
                [
                    199.8441219329834,
                    -642.2104239463806
                ],
                [
                    443.51303577423096,
                    -345.7002639770508
                ],
                [
                    279.465913772583,
                    -109.70932245254517
                ],
                [
                    248.07657301425934,
                    -270.882785320282
                ]
            ],
            "provenance": "visii",
            "quaternion_xyzw": [
                -0.09955008327960968,
                0.5125489830970764,
                0.48993176221847534,
                -0.6981046795845032
            ],
            "quaternion_xyzw_world": [
                -0.3875187933444977,
                0.410135954618454,
                0.8005176782608032,
                0.20196308195590973
            ],
            "segmentation_id": 12,
            "visibility": 0
        },
        {
            "bounding_box_minx_maxx_miny_maxy": [
                -1,
                -1,
                -1,
                -1
            ],
            "class": "Black",
            "local_cuboid": null,
            "local_to_world_matrix": [
                [
                    -0.726078987121582,
                    -0.21393336355686188,
                    -0.6534848809242249,
                    0.0
                ],
                [
                    0.14210017025470734,
                    -0.9765383005142212,
                    0.16180656850337982,
                    0.0
                ],
                [
                    -0.6727685332298279,
                    0.02462400496006012,
                    0.7394431829452515,
                    0.0
                ],
                [
                    0.3900655508041382,
                    -0.5163719654083252,
                    0.39764294028282166,
                    1.0
                ]
            ],
            "location": [
                0.5163719654083252,
                0.39764294028282166,
                -0.3900655508041382
            ],
            "location_world": [
                0.3900655508041382,
                -0.5163719654083252,
                0.39764294028282166
            ],
            "name": "google_Black_Elderberry_Syrup_54_oz_Gaia_Herbs_12",
            "projected_cuboid": [
                [
                    1355.668306350708,
                    -836.4380598068237
                ],
                [
                    1448.2479095458984,
                    -824.2896795272827
                ],
                [
                    1140.8525705337524,
                    -370.1428174972534
                ],
                [
                    1065.9565925598145,
                    -368.599534034729
                ],
                [
                    1183.3553314208984,
                    -763.5084390640259
                ],
                [
                    1268.3931589126587,
                    -754.8772096633911
                ],
                [
                    1034.0312719345093,
                    -362.4529838562012
                ],
                [
                    964.5704627037048,
                    -360.90826988220215
                ],
                [
                    1160.0943803787231,
                    -548.2275485992432
                ]
            ],
            "provenance": "visii",
            "quaternion_xyzw": [
                0.3079603910446167,
                0.26225221157073975,
                0.5694358348846436,
                -0.7156306505203247
            ],
            "quaternion_xyzw_world": [
                -0.3574269413948059,
                0.05024326965212822,
                0.9276395440101624,
                -0.09595147520303726
            ],
            "segmentation_id": 13,
            "visibility": 0
        },
        {
            "bounding_box_minx_maxx_miny_maxy": [
                -1,
                -1,
                -1,
                -1
            ],
