{
    "camera_data": {
        "camera_look_at": {
            "at": [
                1.0,
                0.0,
                0.0
            ],
            "eye": [
                0.0,
                0.0,
                0.0
            ],
            "up": [
                0.0,
                0.0,
                1.0
            ]
        },
        "camera_view_matrix": [
            [
                0.0,
                0.0,
                -1.0,
                0.0
            ],
            [
                -1.0,
                0.0,
                0.0,
                0.0
            ],
            [
                0.0,
                1.0,
                0.0,
                0.0
            ],
            [
                0.0,
                0.0,
                0.0,
                1.0
            ]
        ],
        "height": 500,
        "intrinsics": {
            "cx": 250.0,
            "cy": 250.0,
            "fx": 603.5535278320312,
            "fy": 603.5535278320312
        },
        "location_world": [
            0.0,
            0.0,
            0.0
        ],
        "quaternion_world_xyzw": [
            0.5,
            -0.5,
            -0.5,
            0.5
        ],
        "width": 500
    },
    "objects": [
        {
            "bounding_box_minx_maxx_miny_maxy": [
                -1,
                -1,
                -1,
                -1
            ],
            "class": "Reebok",
            "local_cuboid": null,
            "local_to_world_matrix": [
                [
                    0.5787858366966248,
                    -0.8154769539833069,
                    0.002080559730529785,
                    0.0
                ],
                [
                    -0.23018068075180054,
                    -0.16092252731323242,
                    0.9597504734992981,
                    0.0
                ],
                [
                    -0.7823195457458496,
                    -0.5559689402580261,
                    -0.2808467149734497,
                    0.0
                ],
                [
                    0.639114499092102,
                    0.4619276821613312,
                    -0.04541337862610817,
                    1.0
                ]
            ],
            "location": [
                -0.4619276821613312,
                -0.04541337862610817,
                -0.639114499092102
            ],
            "location_world": [
                0.639114499092102,
                0.4619276821613312,
                -0.04541337862610817
            ],
            "name": "google_Reebok_SOMERSET_RUN_0",
            "projected_cuboid": [
                [
                    -118.15217137336731,
                    464.39307928085327
                ],
                [
                    -111.53104901313782,
                    181.0687780380249
                ],
                [
                    -121.12277746200562,
                    160.04228591918945
                ],
                [
                    -125.97575783729553,
                    408.9009761810303
                ],
                [
                    -263.03791999816895,
                    490.14291167259216
                ],
                [
                    -275.76684951782227,
                    172.0212996006012
                ],
                [
                    -260.4127526283264,
                    150.03159642219543
                ],
                [
                    -251.10512971878052,
                    425.3356456756592
                ],
                [
                    -186.77520751953125,
                    312.75269389152527
                ]
            ],
            "provenance": "visii",
            "quaternion_xyzw": [
                0.13546866178512573,
                0.30081307888031006,
                -0.04210752248764038,
                0.943073034286499
            ],
            "quaternion_xyzw_world": [
                0.7107311487197876,
                -0.36781054735183716,
                -0.2744494080543518,
                0.5331549644470215
            ],
            "segmentation_id": 1,
            "visibility": 0
        },
        {
            "bounding_box_minx_maxx_miny_maxy": [
                -1,
                -1,
                -1,
                -1
            ],
            "class": "Breyer",
            "local_cuboid": null,
            "local_to_world_matrix": [
                [
                    0.5095033645629883,
                    -0.7223947048187256,
                    0.4674956798553467,
                    0.0
                ],
                [
                    -0.8583303689956665,
                    -0.3884047269821167,
                    0.3352772891521454,
                    0.0
                ],
                [
                    -0.06062503159046173,
                    -0.5720906257629395,
                    -0.8179467916488647,
                    0.0
                ],
                [
                    0.35514310002326965,
                    -0.44690728187561035,
                    -0.0042175971902906895,
                    1.0
                ]
            ],
            "location": [
                0.44690728187561035,
                -0.0042175971902906895,
                -0.35514310002326965
            ],
            "location_world": [
                0.35514310002326965,
                -0.44690728187561035,
                -0.0042175971902906895
            ],
            "name": "google_Breyer_Horse_Of_The_Year_2015_1",
            "projected_cuboid": [
                [
                    1117.1355247497559,
                    366.8645918369293
                ],
                [
                    1267.564296722412,
                    351.1795401573181
                ],
                [
                    1105.485439300537,
                    152.13030576705933
                ],
                [
                    976.7605066299438,
                    190.18281996250153
                ],
                [
                    1121.504306793213,
                    624.0448951721191
                ],
                [
                    1341.5483236312866,
                    650.6296396255493
                ],
                [
                    1105.3717136383057,
                    353.3223867416382
                ],
                [
                    928.75075340271,
                    374.04996156692505
                ],
                [
                    1112.5972270965576,
                    361.6400361061096
                ]
            ],
            "provenance": "visii",
            "quaternion_xyzw": [
                0.575867235660553,
                0.3715701401233673,
                0.02717086672782898,
                0.7277185320854187
            ],
            "quaternion_xyzw_world": [
                0.8239925503730774,
                -0.4795932471752167,
                0.12344487756490707,
                0.275296151638031
            ],
            "segmentation_id": 2,
            "visibility": 0
        },
        {
            "bounding_box_minx_maxx_miny_maxy": [
                -1,
                -1,
                -1,
                -1
            ],
            "class": "Smith",
            "local_cuboid": null,
            "local_to_world_matrix": [
                [
                    0.3628845810890198,
                    0.7010524272918701,
                    -0.6138731837272644,
                    0.0
                ],
                [
                    0.7128044366836548,
                    0.21547555923461914,
                    0.6674429774284363,
                    0.0
                ],
                [
                    0.6001871228218079,
                    -0.6797762513160706,
                    -0.421520471572876,
                    0.0
                ],
                [
                    1.5291870832443237,
                    0.6976603269577026,
                    0.4768815338611603,
                    1.0
                ]
            ],
            "location": [
                -0.6976603269577026,
                0.4768815338611603,
                -1.5291870832443237
            ],
            "location_world": [
                1.5291870832443237,
                0.6976603269577026,
                0.4768815338611603
            ],
            "name": "google_Smith_Hawken_Woven_BasketTray_Organizer_with_3_Compartments_95_x_9_x_13_2",
            "projected_cuboid": [
                [
                    27.421414852142334,
                    189.8995041847229
                ],
                [
                    31.410187482833862,
                    139.69850540161133
                ],
                [
                    -54.94922399520874,
                    88.56450021266937
                ],
                [
                    -69.92185115814209,
                    137.90832459926605
                ],
                [
                    108.04186761379242,
                    97.513347864151
                ],
                [
                    103.70989143848419,
                    53.365275263786316
                ],
                [
                    17.579883337020874,
                    -11.036127805709839
                ],
                [
                    10.888844728469849,
                    29.684126377105713
                ],
                [
                    22.66685664653778,
                    92.82594919204712
                ]
            ],
            "provenance": "visii",
            "quaternion_xyzw": [
                -0.24067184329032898,
                0.8614932894706726,
                -0.32917407155036926,
                0.3025737404823303
            ],
            "quaternion_xyzw_world": [
                0.6262845993041992,
                0.5643827319145203,
                -0.0054631768725812435,
                0.5377823710441589
            ],
            "segmentation_id": 3,
            "visibility": 0
        },
        {
            "bounding_box_minx_maxx_miny_maxy": [
                -1,
                -1,
                -1,
                -1
            ],
            "class": "Paul",
            "local_cuboid": null,
            "local_to_world_matrix": [
                [
                    0.047768235206604004,
                    0.5273016691207886,
                    0.8483343720436096,
                    0.0
                ],
                [
                    0.294611394405365,
                    0.8040834069252014,
                    -0.516385555267334,
                    0.0
                ],
                [
                    -0.9544225335121155,
                    0.27459579706192017,
                    -0.11693942546844482,
                    0.0
                ],
                [
                    0.9593799710273743,
                    -0.3463228642940521,
                    0.35368454456329346,
                    1.0
                ]
            ],
            "location": [
                0.3463228642940521,
                0.35368454456329346,
                -0.9593799710273743
            ],
            "location_world": [
                0.9593799710273743,
                -0.3463228642940521,
                0.35368454456329346
            ],
            "name": "google_Paul_Frank_Dot_Lunch_Box_3",
            "projected_cuboid": [
                [
                    462.3706340789795,
                    -136.59125566482544
                ],
                [
                    384.58865880966187,
                    -76.17422938346863
                ],
                [
                    393.4004008769989,
                    -19.27238702774048
                ],
                [
                    453.3423185348511,
                    -63.69829177856445
                ],
                [
                    583.2256078720093,
                    45.04060745239258
                ],
                [
                    498.99446964263916,
                    98.74969720840454
                ],
                [
                    481.77552223205566,
                    116.41517281532288
                ],
                [
                    545.5201864242554,
                    75.99586248397827
                ],
                [
                    473.4486937522888,
                    7.848098874092102
                ]
            ],
            "provenance": "visii",
            "quaternion_xyzw": [
                -0.0930878221988678,
                -0.11884191632270813,
                0.8657525777816772,
                0.47716224193573
            ],
            "quaternion_xyzw_world": [
                -0.3002600073814392,
                -0.6843344569206238,
                0.08833026140928268,
                0.6585803627967834
            ],
            "segmentation_id": 4,
            "visibility": 0
        },
        {
            "bounding_box_minx_maxx_miny_maxy": [
                -1,
                -1,
                -1,
                -1
            ],
            "class": "Toys",
            "local_cuboid": null,
            "local_to_world_matrix": [
                [
                    0.2744080424308777,
                    0.21994587779045105,
                    0.9361218214035034,
                    0.0
                ],
                [
                    -0.015670694410800934,
                    0.9743844270706177,
                    -0.2243422567844391,
                    0.0
                ],
                [
                    -0.9614856243133545,
                    0.04689163714647293,
                    0.2708256244659424,
                    0.0
                ],
                [
                    1.3682572841644287,
                    -0.6052244305610657,
                    0.2895677387714386,
                    1.0
                ]
            ],
            "location": [
                0.6052244305610657,
                0.2895677387714386,
                -1.3682572841644287
            ],
            "location_world": [
                1.3682572841644287,
                -0.6052244305610657,
                0.2895677387714386
            ],
            "name": "google_Toys_R_Us_Treat_Dispenser_Smart_Puzzle_Foobler_4",
            "projected_cuboid": [
                [
                    568.4802532196045,
                    45.71753740310669
                ],
                [
                    496.1525499820709,
                    62.11572885513306
                ],
                [
                    473.12021255493164,
                    100.15162825584412
                ],
                [
                    537.8143191337585,
                    85.42723953723907
                ],
                [
                    596.8471765518188,
                    111.29863560199738
                ],
                [
                    522.0140218734741,
                    128.40977311134338
                ],
                [
                    495.4199194908142,
                    160.37768125534058
                ],
                [
                    562.1113777160645,
                    145.08190751075745
                ],
                [
                    530.5013656616211,
                    105.32127320766449
                ]
            ],
            "provenance": "visii",
            "quaternion_xyzw": [
                -0.10357451438903809,
                0.09235525876283646,
                0.775527834892273,
                0.6158728003501892
            ],
            "quaternion_xyzw_world": [
                -0.0854371190071106,
                -0.5977354645729065,
                0.07421787083148956,
                0.7936652302742004
            ],
            "segmentation_id": 5,
            "visibility": 0
        },
        {
            "bounding_box_minx_maxx_miny_maxy": [
                379,
                499,
                1,
                310
            ],
            "class": "Tag",
            "local_cuboid": null,
            "local_to_world_matrix": [
                [
                    0.17843568325042725,
                    0.8803542852401733,
                    -0.4394736886024475,
                    0.0
                ],
                [
                    -0.5136566162109375,
                    0.4642936587333679,
                    0.7215180397033691,
                    0.0
                ],
                [
                    0.839236319065094,
                    0.09699401259422302,
                    0.5350463390350342,
                    0.0
                ],
                [
                    0.32508036494255066,
                    -0.18801510334014893,
                    0.06939191371202469,
                    1.0
                ]
            ],
            "location": [
                0.18801510334014893,
                0.06939191371202469,
                -0.32508036494255066
            ],
            "location_world": [
                0.32508036494255066,
                -0.18801510334014893,
                0.06939191371202469
            ],
            "name": "google_Tag_Dishtowel_Basket_Weave_Red_18_x_26_5",
            "projected_cuboid": [
                [
                    480.3677499294281,
                    297.0741093158722
                ],
                [
                    358.5578203201294,
                    -12.382268905639648
                ],
                [
                    377.15601921081543,
                    0.3848820924758911
                ],
                [
                    502.3074150085449,
                    328.6442756652832
                ],
                [
                    725.0264286994934,
                    187.30029463768005
                ],
                [
                    694.8010921478271,
                    -202.91668176651
                ],
                [
                    755.0008296966553,
                    -210.88719367980957
                ],
                [
                    768.1286931037903,
                    212.78342604637146
                ],
                [
                    581.4322233200073,
                    110.1451963186264
                ]
            ],
            "provenance": "visii",
            "quaternion_xyzw": [
                -0.24360010027885437,
                0.9275112748146057,
                0.28266578912734985,
                0.021951690316200256
            ],
            "quaternion_xyzw_world": [
                0.21159851551055908,
                0.4332469403743744,
                0.47231265902519226,
                0.7378644347190857
            ],
            "segmentation_id": 6,
            "visibility": 1
        },
        {
            "bounding_box_minx_maxx_miny_maxy": [
                -1,
                -1,
                -1,
                -1
            ],
            "class": "FRACTION",
            "local_cuboid": null,
            "local_to_world_matrix": [
                [
                    -0.3858063220977783,
                    0.7678948044776917,
                    -0.511361837387085,
                    0.0
                ],
                [
                    -0.47998589277267456,
                    0.30628520250320435,
                    0.8220723271369934,
                    0.0
                ],
                [
                    0.787887692451477,
                    0.5626072287559509,
                    0.25041186809539795,
                    0.0
                ],
                [
                    0.31355175375938416,
                    0.39825573563575745,
                    -0.03514763340353966,
                    1.0
                ]
            ],
            "location": [
                -0.39825573563575745,
                -0.03514763340353966,
                -0.31355175375938416
            ],
            "location_world": [
                0.31355175375938416,
                0.39825573563575745,
                -0.03514763340353966
            ],
            "name": "google_FRACTION_FUN_n4h4qte23QR_6",
            "projected_cuboid": [
                [
                    -523.9116549491882,
                    496.1588382720947
                ],
                [
                    -915.2991771697998,
                    230.21908104419708
                ],
                [
                    -1023.4005451202393,
                    255.54630160331726
                ],
                [
                    -560.2993965148926,
                    542.6324605941772
                ],
                [
                    -211.4320695400238,
                    330.6596279144287
                ],
                [
                    -439.8728609085083,
                    73.4858363866806
                ],
                [
                    -469.45416927337646,
                    75.2352774143219
                ],
                [
                    -214.10712599754333,
                    354.5965552330017
                ],
                [
                    -499.0575909614563,
                    304.05205488204956
                ]
            ],
            "provenance": "visii",
            "quaternion_xyzw": [
                -0.22244130074977875,
                0.9189471006393433,
                0.19870509207248688,
                -0.2580163776874542
            ],
            "quaternion_xyzw_world": [
                0.11989215761423111,
                0.6003498435020447,
                0.5766136050224304,
                0.5410385131835938
            ],
            "segmentation_id": 7,
            "visibility": 0
        },
        {
            "bounding_box_minx_maxx_miny_maxy": [
                -1,
                -1,
                -1,
                -1
            ],
            "class": "FAIRY",
            "local_cuboid": null,
            "local_to_world_matrix": [
                [
                    0.6589255928993225,
                    -0.03339552879333496,
                    0.7514663934707642,
                    0.0
                ],
                [
                    -0.7252517938613892,
                    0.23684048652648926,
                    0.6464645266532898,
                    0.0
                ],
                [
                    -0.19956663250923157,
                    -0.9709743857383728,
                    0.13184010982513428,
                    0.0
                ],
                [
                    0.4735091030597687,
                    0.49831709265708923,
                    0.4091188609600067,
                    1.0
                ]
            ],
            "location": [
                -0.49831709265708923,
                0.4091188609600067,
                -0.4735091030597687
            ],
            "location_world": [
                0.4735091030597687,
                0.49831709265708923,
                0.4091188609600067
            ],
            "name": "google_FAIRY_TALE_BLOCKS_7",
            "projected_cuboid": [
                [
                    5.321279168128967,
                    -193.8064694404602
                ],
                [
                    -199.32273030281067,
                    -648.6016511917114
                ],
                [
                    -440.335214138031,
                    -522.8897929191589
                ],
                [
                    -178.5854697227478,
                    -136.24492287635803
                ],
                [
                    -95.8709716796875,
                    -103.9208173751831
                ],
                [
                    -510.4503631591797,
                    -784.9291563034058
                ],
                [
                    -837.4737501144409,
                    -569.4785118103027
                ],
                [
                    -331.99888467788696,
                    -35.32031178474426
                ],
                [
                    -271.0604667663574,
                    -317.0023560523987
                ]
            ],
            "provenance": "visii",
            "quaternion_xyzw": [
                0.2164280116558075,
                0.5944539904594421,
                0.36045336723327637,
                0.6854608654975891
            ],
            "quaternion_xyzw_world": [
                0.5679447650909424,
                -0.3339441418647766,
                0.24293725192546844,
                0.7119701504707336
            ],
            "segmentation_id": 8,
            "visibility": 0
        },
        {
            "bounding_box_minx_maxx_miny_maxy": [
                -1,
                -1,
                -1,
                -1
            ],
            "class": "Great",
            "local_cuboid": null,
            "local_to_world_matrix": [
                [
                    0.841576874256134,
                    -0.3711514472961426,
                    0.39242202043533325,
                    0.0
                ],
                [
                    0.3358006477355957,
                    0.9285715222358704,
                    0.1580915004014969,
                    0.0
                ],
                [
                    -0.4230678081512451,
                    -0.0012706071138381958,
                    0.9060971736907959,
                    0.0
                ],
                [
                    1.1567195653915405,
                    0.37078383564949036,
                    -0.6885536909103394,
                    1.0
                ]
            ],
            "location": [
                -0.37078383564949036,
                -0.6885536909103394,
                -1.1567195653915405
            ],
            "location_world": [
                1.1567195653915405,
                0.37078383564949036,
                -0.6885536909103394
            ],
            "name": "google_Great_Jones_Wingtip_kAqSg6EgG0I_8",
            "projected_cuboid": [
                [
                    137.77655363082886,
                    571.955680847168
                ],
                [
                    2.7255266904830933,
                    519.3753242492676
                ],
                [
                    12.130439281463623,
                    558.5821866989136
                ],
                [
                    142.39200949668884,
                    612.5332713127136
                ],
                [
                    102.68011689186096,
                    627.9194355010986
                ],
                [
                    -40.418267250061035,
                    565.6578540802002
                ],
                [
                    -28.469592332839966,
                    606.1067581176758
                ],
                [
                    109.30117964744568,
                    669.5427894592285
                ],
                [
                    52.47831344604492,
                    589.4780158996582
                ]
            ],
            "provenance": "visii",
            "quaternion_xyzw": [
                -0.44440758228302,
                0.30160921812057495,
                0.47271159291267395,
                0.6986256241798401
            ],
            "quaternion_xyzw_world": [
                0.04155782237648964,
                -0.21266022324562073,
                -0.18435616791248322,
                0.9586769938468933
            ],
            "segmentation_id": 9,
            "visibility": 0
        },
        {
            "bounding_box_minx_maxx_miny_maxy": [
                -1,
                -1,
                -1,
                -1
            ],
            "class": "Ecoforms",
            "local_cuboid": null,
            "local_to_world_matrix": [
                [
                    0.5585883259773254,
                    -0.7300348281860352,
                    0.39373624324798584,
                    0.0
                ],
                [
                    -0.7950859069824219,
                    -0.33606278896331787,
                    0.5048762559890747,
                    0.0
                ],
                [
                    -0.2362571358680725,
                    -0.5950721502304077,
                    -0.7681610584259033,
                    0.0
                ],
                [
                    1.8968086242675781,
                    0.7886314988136292,
                    0.06841785460710526,
                    1.0
                ]
            ],
            "location": [
                -0.7886314988136292,
                0.06841785460710526,
                -1.8968086242675781
            ],
            "location_world": [
                1.8968086242675781,
                0.7886314988136292,
                0.06841785460710526
            ],
            "name": "google_Ecoforms_Plant_Container_Quadra_Sand_QP6_9",
            "projected_cuboid": [
                [
                    52.160799503326416,
                    271.7536985874176
                ],
                [
                    56.87984824180603,
                    241.9649213552475
                ],
                [
                    28.689667582511902,
                    200.45016705989838
                ],
                [
                    26.16727352142334,
                    232.7517718076706
                ],
                [
                    -3.6610066890716553,
                    297.05438017845154
                ],
                [
                    -3.534555435180664,
                    267.6459550857544
                ],
                [
                    -32.05958008766174,
                    223.0560928583145
                ],
                [
                    -29.936611652374268,
                    255.36668300628662
                ],
                [
                    12.492671608924866,
                    248.81693720817566
                ]
            ],
            "provenance": "visii",
            "quaternion_xyzw": [
                0.49721759557724,
                0.36694151163101196,
                0.018344014883041382,
                0.7859974503517151
            ],
            "quaternion_xyzw_world": [
                0.815906286239624,
                -0.46730878949165344,
                0.04825281351804733,
                0.3370327055454254
            ],
            "segmentation_id": 10,
            "visibility": 0
        },
        {
            "bounding_box_minx_maxx_miny_maxy": [
                -1,
                -1,
                -1,
                -1
            ],
            "class": "ReadytoUse",
            "local_cuboid": null,
            "local_to_world_matrix": [
                [
                    0.945163905620575,
                    -0.04985779896378517,
                    -0.32276833057403564,
                    0.0
                ],
                [
                    0.049225810915231705,
                    0.9987363219261169,
                    -0.01012595184147358,
                    0.0
                ],
                [
                    0.3228653073310852,
                    -0.0063178446143865585,
                    0.9464238286018372,
                    0.0
                ],
                [
                    0.25624290108680725,
                    -0.230068176984787,
                    -0.26989880204200745,
                    1.0
                ]
            ],
            "location": [
                0.230068176984787,
                -0.26989880204200745,
                -0.25624290108680725
            ],
            "location_world": [
                0.25624290108680725,
                -0.230068176984787,
                -0.26989880204200745
            ],
            "name": "google_ReadytoUse_Rolled_Fondant_Pure_White_24_oz_box_10",
            "projected_cuboid": [
                [
                    675.7056713104248,
                    463.2430672645569
                ],
                [
                    592.7122235298157,
                    462.6595377922058
                ],
                [
                    649.9620079994202,
                    805.5463433265686
                ],
                [
                    747.8687763214111,
                    808.8864088058472
                ],
                [
                    855.6200265884399,
                    466.50129556655884
                ],
                [
                    733.3651781082153,
                    465.62281250953674
                ],
                [
                    861.9252443313599,
                    1006.749153137207
                ],
                [
                    1019.4944143295288,
                    1014.5018100738525
                ],
                [
                    741.3610816001892,
                    654.8670530319214
                ]
            ],
            "provenance": "visii",
            "quaternion_xyzw": [
                -0.5879730582237244,
                0.5618900656700134,
                0.3991876244544983,
                0.4233399033546448
            ],
            "quaternion_xyzw_world": [
                -0.000965353159699589,
                0.16366778314113617,
                -0.025117643177509308,
                0.9861953258514404
            ],
            "segmentation_id": 11,
            "visibility": 0
        },
        {
            "bounding_box_minx_maxx_miny_maxy": [
                329,
                396,
                1,
                51
            ],
            "class": "Dog",
            "local_cuboid": null,
            "local_to_world_matrix": [
                [
                    -0.7656587362289429,
                    0.5634447336196899,
                    -0.31031736731529236,
                    0.0
                ],
                [
                    0.0986071527004242,
                    0.5795321464538574,
                    0.8089617490768433,
                    0.0
                ],
                [
                    0.6356440782546997,
                    0.5887891054153442,
                    -0.4992835521697998,
                    0.0
                ],
                [
                    0.3592379093170166,
                    -0.19540990889072418,
                    0.2758881151676178,
                    1.0
                ]
            ],
            "location": [
                0.19540990889072418,
                0.2758881151676178,
                -0.3592379093170166
            ],
            "location_world": [
                0.3592379093170166,
                -0.19540990889072418,
                0.2758881151676178
            ],
            "name": "google_Dog_11",
            "projected_cuboid": [
                [
                    351.5230715274811,
                    148.70475232601166
                ],
                [
                    185.95704436302185,
                    -71.37987017631531
                ],
                [
                    411.6334915161133,
                    -434.02278423309326
                ],
                [
                    673.9826202392578,
                    -132.15798139572144
                ],
                [
                    459.4769775867462,
                    103.54764759540558
                ],
                [
                    341.028094291687,
                    -47.95634746551514
                ],
                [
                    521.8155384063721,
                    -262.6550793647766
                ],
                [
                    682.1790337562561,
                    -76.26473903656006
                ],
                [
                    443.6827003955841,
                    -73.91688227653503
                ]
            ],
            "provenance": "visii",
            "quaternion_xyzw": [
                -0.2565334439277649,
                0.8671866059303284,
                -0.17236503958702087,
                -0.39047181606292725
            ],
            "quaternion_xyzw_world": [
                0.19627319276332855,
                0.8432784676551819,
                0.4143799841403961,
                0.28044161200523376
            ],
            "segmentation_id": 12,
            "visibility": 1
        },
        {
            "bounding_box_minx_maxx_miny_maxy": [
                -1,
                -1,
                -1,
                -1
            ],
            "class": "Black",
            "local_cuboid": null,
            "local_to_world_matrix": [
                [
                    0.31668388843536377,
                    -0.6565827131271362,
                    0.6845512986183167,
                    0.0
                ],
                [
                    0.8661143779754639,
                    0.4944079518318176,
                    0.07353031635284424,
                    0.0
                ],
                [
                    -0.3867263197898865,
                    0.5696138143539429,
                    0.725246787071228,
                    0.0
                ],
                [
                    0.4195762872695923,
                    -0.48770400881767273,
                    0.4149801731109619,
                    1.0
                ]
            ],
            "location": [
                0.48770400881767273,
                0.4149801731109619,
                -0.4195762872695923
            ],
            "location_world": [
                0.4195762872695923,
                -0.48770400881767273,
                0.4149801731109619
            ],
            "name": "google_Black_Elderberry_Syrup_54_oz_Gaia_Herbs_12",
            "projected_cuboid": [
                [
                    1012.7221345901489,
                    -685.3481531143188
                ],
                [
                    870.370626449585,
                    -571.6846585273743
                ],
                [
                    903.5580158233643,
                    -330.31898736953735
                ],
                [
                    1030.3027629852295,
                    -397.50540256500244
                ],
                [
                    985.8350157737732,
                    -665.026843547821
                ],
                [
                    840.326726436615,
                    -548.6881136894226
                ],
                [
                    878.7569999694824,
                    -300.26787519454956
                ],
                [
                    1008.1615447998047,
                    -366.6168451309204
                ],
                [
                    938.1086826324463,
                    -470.87329626083374
                ]
            ],
            "provenance": "visii",
            "quaternion_xyzw": [
                -0.5468834638595581,
                -0.08692130446434021,
                0.4051584005355835,
                0.7274681329727173
            ],
            "quaternion_xyzw_world": [
                -0.15574753284454346,
                -0.33633217215538025,
                -0.47805723547935486,
                0.7962943315505981
            ],
            "segmentation_id": 13,
            "visibility": 0
        },
        {
            "bounding_box_minx_maxx_miny_maxy": [
                -1,
                -1,
                -1,
                -1
            ],
            "class": "Razer",
