{
    "camera_data": {
        "camera_look_at": {
            "at": [
                1.0,
                0.0,
                0.0
            ],
            "eye": [
                0.0,
                0.0,
                0.0
            ],
            "up": [
                0.0,
                0.0,
                1.0
            ]
        },
        "camera_view_matrix": [
            [
                0.0,
                0.0,
                -1.0,
                0.0
            ],
            [
                -1.0,
                0.0,
                0.0,
                0.0
            ],
            [
                0.0,
                1.0,
                0.0,
                0.0
            ],
            [
                0.0,
                0.0,
                0.0,
                1.0
            ]
        ],
        "height": 500,
        "intrinsics": {
            "cx": 250.0,
            "cy": 250.0,
            "fx": 603.5535278320312,
            "fy": 603.5535278320312
        },
        "location_world": [
            0.0,
            0.0,
            0.0
        ],
        "quaternion_world_xyzw": [
            0.5,
            -0.5,
            -0.5,
            0.5
        ],
        "width": 500
    },
    "objects": [
        {
            "bounding_box_minx_maxx_miny_maxy": [
                -1,
                -1,
                -1,
                -1
            ],
            "class": "Reebok",
            "local_cuboid": null,
            "local_to_world_matrix": [
                [
                    0.8655949234962463,
                    0.3445981740951538,
                    -0.363314688205719,
                    0.0
                ],
                [
                    0.38003820180892944,
                    0.02035689353942871,
                    0.9247467517852783,
                    0.0
                ],
                [
                    0.3260619640350342,
                    -0.9385294914245605,
                    -0.11333966255187988,
                    0.0
                ],
                [
                    0.702420711517334,
                    0.44782695174217224,
                    -0.08077700436115265,
                    1.0
                ]
            ],
            "location": [
                -0.44782695174217224,
                -0.08077700436115265,
                -0.702420711517334
            ],
            "location_world": [
                0.702420711517334,
                0.44782695174217224,
                -0.08077700436115265
            ],
            "name": "google_Reebok_SOMERSET_RUN_0",
            "projected_cuboid": [
                [
                    -42.46336221694946,
                    455.5436372756958
                ],
                [
                    -8.21220874786377,
                    235.10995507240295
                ],
                [
                    -101.83653235435486,
                    224.56803917884827
                ],
                [
                    -152.92072296142578,
                    455.31222224235535
                ],
                [
                    -50.48230290412903,
                    448.2010006904602
                ],
                [
                    -10.557711124420166,
                    200.03145933151245
                ],
                [
                    -117.20535159111023,
                    186.16467714309692
                ],
                [
                    -179.4949471950531,
                    447.4668502807617
                ],
                [
                    -79.20408248901367,
                    323.1259286403656
                ]
            ],
            "provenance": "visii",
            "quaternion_xyzw": [
                -0.11907673627138138,
                0.805513322353363,
                -0.15312528610229492,
                0.5599300265312195
            ],
            "quaternion_xyzw_world": [
                0.6997459530830383,
                0.25889265537261963,
                -0.013309371657669544,
                0.6656973958015442
            ],
            "segmentation_id": 1,
            "visibility": 0
        },
        {
            "bounding_box_minx_maxx_miny_maxy": [
                -1,
                -1,
                -1,
                -1
            ],
            "class": "Breyer",
            "local_cuboid": null,
            "local_to_world_matrix": [
                [
                    -0.9588174819946289,
                    0.2510395050048828,
                    0.13284897804260254,
                    0.0
                ],
                [
                    0.15287232398986816,
                    0.06193119287490845,
                    0.9863036274909973,
                    0.0
                ],
                [
                    0.23937362432479858,
                    0.9659938216209412,
                    -0.09775805473327637,
                    0.0
                ],
                [
                    0.42254799604415894,
                    -0.36327987909317017,
                    -0.03619641065597534,
                    1.0
                ]
            ],
            "location": [
                0.36327987909317017,
                -0.03619641065597534,
                -0.42254799604415894
            ],
            "location_world": [
                0.42254799604415894,
                -0.36327987909317017,
                -0.03619641065597534
            ],
            "name": "google_Breyer_Horse_Of_The_Year_2015_1",
            "projected_cuboid": [
                [
                    579.1863203048706,
                    351.5867590904236
                ],
                [
                    564.8224353790283,
                    251.5472173690796
                ],
                [
                    884.4001889228821,
                    223.08775782585144
                ],
                [
                    909.6689224243164,
                    334.26690101623535
                ],
                [
                    512.0542049407959,
                    344.5420563220978
                ],
                [
                    504.2691230773926,
                    283.2445800304413
                ],
                [
                    687.8736019134521,
                    268.68948340415955
                ],
                [
                    699.2634534835815,
                    333.99781584739685
                ],
                [
                    645.4875469207764,
                    301.0178804397583
                ]
            ],
            "provenance": "visii",
            "quaternion_xyzw": [
                0.02253127098083496,
                0.7868794202804565,
                -0.0796278789639473,
                -0.6115330457687378
            ],
            "quaternion_xyzw_world": [
                0.1387527734041214,
                0.727754533290863,
                0.6706579327583313,
                0.03659360855817795
            ],
            "segmentation_id": 2,
            "visibility": 0
        },
        {
            "bounding_box_minx_maxx_miny_maxy": [
                -1,
                -1,
                -1,
                -1
            ],
            "class": "Smith",
            "local_cuboid": null,
            "local_to_world_matrix": [
                [
                    -0.15698492527008057,
                    0.2716517150402069,
                    -0.9495057463645935,
                    0.0
                ],
                [
                    0.3903084099292755,
                    0.900223433971405,
                    0.19302117824554443,
                    0.0
                ],
                [
                    0.9072018265724182,
                    -0.3402986526489258,
                    -0.24734950065612793,
                    0.0
                ],
                [
                    1.5891586542129517,
                    0.6605056524276733,
                    0.49677401781082153,
                    1.0
                ]
            ],
            "location": [
                -0.6605056524276733,
                0.49677401781082153,
                -1.5891586542129517
            ],
            "location_world": [
                1.5891586542129517,
                0.6605056524276733,
                0.49677401781082153
            ],
            "name": "google_Smith_Hawken_Woven_BasketTray_Organizer_with_3_Compartments_95_x_9_x_13_2",
            "projected_cuboid": [
                [
                    77.82332599163055,
                    169.52893137931824
                ],
                [
                    11.710792779922485,
                    157.7138453722
                ],
                [
                    -58.63875150680542,
                    118.82969737052917
                ],
                [
                    13.466760516166687,
                    129.9646496772766
                ],
                [
                    115.88017642498016,
                    57.85134434700012
                ],
                [
                    49.725621938705444,
                    52.25950479507446
                ],
                [
                    -12.674421072006226,
                    -0.7261931896209717
                ],
                [
                    59.77293848991394,
                    2.3369789123535156
                ],
                [
                    33.721014857292175,
                    86.55846118927002
                ]
            ],
            "provenance": "visii",
            "quaternion_xyzw": [
                -0.6005266308784485,
                0.7700445652008057,
                -0.20701977610588074,
                0.05951400473713875
            ],
            "quaternion_xyzw_world": [
                0.21802586317062378,
                0.759038507938385,
                -0.04850790649652481,
                0.6115327477455139
            ],
            "segmentation_id": 3,
            "visibility": 0
        },
        {
            "bounding_box_minx_maxx_miny_maxy": [
                -1,
                -1,
                -1,
                -1
            ],
            "class": "Paul",
            "local_cuboid": null,
            "local_to_world_matrix": [
                [
                    -0.1877981424331665,
                    -0.5748751759529114,
                    0.796398401260376,
                    0.0
                ],
                [
                    0.6778538823127747,
                    0.5109231472015381,
                    0.5286508798599243,
                    0.0
                ],
                [
                    -0.7108066082000732,
                    0.639121413230896,
                    0.2937309145927429,
                    0.0
                ],
                [
                    0.7954474687576294,
                    -0.4015187919139862,
                    0.2950994372367859,
                    1.0
                ]
            ],
            "location": [
                0.4015187919139862,
                0.2950994372367859,
                -0.7954474687576294
            ],
            "location_world": [
                0.7954474687576294,
                -0.4015187919139862,
                0.2950994372367859
            ],
            "name": "google_Paul_Frank_Dot_Lunch_Box_3",
            "projected_cuboid": [
                [
                    628.3688545227051,
                    -216.58289432525635
                ],
                [
                    533.461332321167,
                    -217.0524001121521
                ],
                [
                    586.4242315292358,
                    -70.66917419433594
                ],
                [
                    665.2865409851074,
                    -55.71722984313965
                ],
                [
                    450.3650665283203,
                    25.408074259757996
                ],
                [
                    381.0684382915497,
                    -0.6184875965118408
                ],
                [
                    460.3111147880554,
                    95.64492106437683
                ],
                [
                    522.4198698997498,
                    125.1806914806366
                ],
                [
                    527.3936986923218,
                    -28.985142707824707
                ]
            ],
            "provenance": "visii",
            "quaternion_xyzw": [
                -0.2895762622356415,
                -0.2464594841003418,
                0.38964104652404785,
                0.8387986421585083
            ],
            "quaternion_xyzw_world": [
                -0.043439093977212906,
                -0.592661440372467,
                -0.49259668588638306,
                0.6357782483100891
            ],
            "segmentation_id": 4,
            "visibility": 0
        },
        {
            "bounding_box_minx_maxx_miny_maxy": [
                -1,
                -1,
                -1,
                -1
            ],
            "class": "Toys",
            "local_cuboid": null,
            "local_to_world_matrix": [
                [
                    -0.43838000297546387,
                    0.5263069868087769,
                    -0.7285771369934082,
                    0.0
                ],
                [
                    0.8987479209899902,
                    0.2645423412322998,
                    -0.34967100620269775,
                    0.0
                ],
                [
                    0.00870540738105774,
                    -0.8080956935882568,
                    -0.5889875888824463,
                    0.0
                ],
                [
                    1.442004919052124,
                    -0.6176095604896545,
                    0.33575132489204407,
                    1.0
                ]
            ],
            "location": [
                0.6176095604896545,
                0.33575132489204407,
                -1.442004919052124
            ],
            "location_world": [
                1.442004919052124,
                -0.6176095604896545,
                0.33575132489204407
            ],
            "name": "google_Toys_R_Us_Treat_Dispenser_Smart_Puzzle_Foobler_4",
            "projected_cuboid": [
                [
                    574.7851133346558,
                    152.75269746780396
                ],
                [
                    527.7828574180603,
                    183.81714820861816
                ],
                [
                    477.3690104484558,
                    146.82966470718384
                ],
                [
                    519.2101001739502,
                    111.91320419311523
                ],
                [
                    594.0442085266113,
                    109.11926627159119
                ],
                [
                    547.3809242248535,
                    142.72399246692657
                ],
                [
                    499.19700622558594,
                    107.32467472553253
                ],
                [
                    541.1670207977295,
                    70.2073872089386
                ],
                [
                    534.3083143234253,
                    128.42637300491333
                ]
            ],
            "provenance": "visii",
            "quaternion_xyzw": [
                -0.4560892879962921,
                0.5443669557571411,
                -0.6832409501075745,
                0.16979168355464935
            ],
            "quaternion_xyzw_world": [
                0.4706551730632782,
                0.7569527626037598,
                -0.3823774755001068,
                0.24350349605083466
            ],
            "segmentation_id": 5,
            "visibility": 0
        },
        {
            "bounding_box_minx_maxx_miny_maxy": [
                327,
                499,
                1,
                278
            ],
            "class": "Tag",
            "local_cuboid": null,
            "local_to_world_matrix": [
                [
                    0.8022331595420837,
                    0.02317465841770172,
                    -0.5965610146522522,
                    0.0
                ],
                [
                    0.4209135174751282,
                    -0.7305940389633179,
                    0.5376476645469666,
                    0.0
                ],
                [
                    -0.423383891582489,
                    -0.6824193596839905,
                    -0.5958614349365234,
                    0.0
                ],
                [
                    0.27729690074920654,
                    -0.11488910019397736,
                    0.10926458984613419,
                    1.0
                ]
            ],
            "location": [
                0.11488910019397736,
                0.10926458984613419,
                -0.27729690074920654
            ],
            "location_world": [
                0.27729690074920654,
                -0.11488910019397736,
                0.10926458984613419
            ],
            "name": "google_Tag_Dishtowel_Basket_Weave_Red_18_x_26_5",
            "projected_cuboid": [
                [
                    360.3242337703705,
                    303.408682346344
                ],
                [
                    602.373480796814,
                    90.52425622940063
                ],
                [
                    552.8091788291931,
                    64.71891701221466
                ],
                [
                    306.4107298851013,
                    258.4700286388397
                ],
                [
                    480.9168577194214,
                    -69.81965899467468
                ],
                [
                    810.548722743988,
                    -251.90043449401855
                ],
                [
                    722.7624654769897,
                    -271.79664373397827
                ],
                [
                    369.6725070476532,
                    -118.76380443572998
                ],
                [
                    533.4962606430054,
                    28.577089309692383
                ]
            ],
            "provenance": "visii",
            "quaternion_xyzw": [
                0.06283721327781677,
                0.5332538485527039,
                -0.4766841530799866,
                0.6960346698760986
            ],
            "quaternion_xyzw_world": [
                0.8844049572944641,
                0.12553304433822632,
                -0.2883138656616211,
                0.34488359093666077
            ],
            "segmentation_id": 6,
            "visibility": 1
        },
        {
            "bounding_box_minx_maxx_miny_maxy": [
                -1,
                -1,
                -1,
                -1
            ],
            "class": "FRACTION",
            "local_cuboid": null,
            "local_to_world_matrix": [
                [
                    0.9897353053092957,
                    0.13216793537139893,
                    -0.05436621606349945,
                    0.0
                ],
                [
                    -0.14250782132148743,
                    0.8841128349304199,
                    -0.4450124502182007,
                    0.0
                ],
                [
                    -0.010750507935881615,
                    0.44819211959838867,
                    0.8938726186752319,
                    0.0
                ],
                [
                    0.3343285918235779,
                    0.3527388572692871,
                    -0.4141824245452881,
                    1.0
                ]
            ],
            "location": [
                -0.3527388572692871,
                -0.4141824245452881,
                -0.3343285918235779
            ],
            "location_world": [
                0.3343285918235779,
                0.3527388572692871,
                -0.4141824245452881
            ],
            "name": "google_FRACTION_FUN_n4h4qte23QR_6",
            "projected_cuboid": [
                [
                    -167.69161820411682,
                    719.7095155715942
                ],
                [
                    -443.31949949264526,
                    875.6276369094849
                ],
                [
                    -413.45107555389404,
                    932.8773021697998
                ],
                [
                    -139.9749517440796,
                    773.5761404037476
                ],
                [
                    -391.9803500175476,
                    1010.176420211792
                ],
                [
                    -898.0332612991333,
                    1315.3154850006104
                ],
                [
                    -845.129132270813,
                    1414.0816926956177
                ],
                [
                    -345.4509377479553,
                    1099.2953777313232
                ],
                [
                    -405.0760865211487,
                    963.0282521247864
                ]
            ],
            "provenance": "visii",
            "quaternion_xyzw": [
                -0.5705466270446777,
                0.41121920943260193,
                0.6300656795501709,
                0.3292302191257477
            ],
            "quaternion_xyzw_world": [
                -0.2300814390182495,
                0.011235013604164124,
                0.07075399905443192,
                0.9705308675765991
            ],
            "segmentation_id": 7,
            "visibility": 0
        },
        {
            "bounding_box_minx_maxx_miny_maxy": [
                -1,
                -1,
                -1,
                -1
            ],
            "class": "FAIRY",
            "local_cuboid": null,
            "local_to_world_matrix": [
                [
                    0.19119477272033691,
                    0.38002288341522217,
                    0.9050012230873108,
                    0.0
                ],
                [
                    -0.9645512104034424,
                    -0.09811866283416748,
                    0.24497699737548828,
                    0.0
                ],
                [
                    0.18189436197280884,
                    -0.9197583198547363,
                    0.34779173135757446,
                    0.0
                ],
                [
                    0.45460766553878784,
                    0.46390753984451294,
                    0.38079777359962463,
                    1.0
                ]
            ],
            "location": [
                -0.46390753984451294,
                0.38079777359962463,
                -0.45460766553878784
            ],
            "location_world": [
                0.45460766553878784,
                0.46390753984451294,
                0.38079777359962463
            ],
            "name": "google_FAIRY_TALE_BLOCKS_7",
            "projected_cuboid": [
                [
                    -47.7064847946167,
                    -252.62176990509033
                ],
                [
                    -202.13845372200012,
                    -681.2695860862732
                ],
                [
                    -607.7207326889038,
                    -655.4861664772034
                ],
                [
                    -271.9240188598633,
                    -209.01769399642944
                ],
                [
                    23.544013500213623,
                    -66.64210557937622
                ],
                [
                    -99.18206930160522,
                    -416.0490036010742
                ],
                [
                    -554.3248057365417,
                    -350.7464528083801
                ],
                [
                    -214.4988775253296,
                    -5.839228630065918
                ],
                [
                    -209.40959453582764,
                    -283.9413285255432
                ]
            ],
            "provenance": "visii",
            "quaternion_xyzw": [
                0.3731268048286438,
                0.6721038818359375,
                0.4881473779678345,
                0.4132371246814728
            ],
            "quaternion_xyzw_world": [
                0.4851602017879486,
                -0.30120375752449036,
                0.5600704550743103,
                0.6001808047294617
            ],
            "segmentation_id": 8,
            "visibility": 0
        },
        {
            "bounding_box_minx_maxx_miny_maxy": [
                0,
                19,
                390,
                407
            ],
            "class": "Great",
            "local_cuboid": null,
            "local_to_world_matrix": [
                [
                    -0.06331956386566162,
                    0.13830837607383728,
                    -0.9883631467819214,
                    0.0
                ],
                [
                    -0.5072647333145142,
                    -0.8573395013809204,
                    -0.08747543394565582,
                    0.0
                ],
                [
                    -0.8594611883163452,
                    0.4958227872848511,
                    0.12444502115249634,
                    0.0
                ],
                [
                    1.4147605895996094,
                    0.6289878487586975,
                    -0.34390100836753845,
                    1.0
                ]
            ],
            "location": [
                -0.6289878487586975,
                -0.34390100836753845,
                -1.4147605895996094
            ],
            "location_world": [
                1.4147605895996094,
                0.6289878487586975,
                -0.34390100836753845
            ],
            "name": "google_Great_Jones_Wingtip_kAqSg6EgG0I_8",
            "projected_cuboid": [
                [
                    -108.34532976150513,
                    410.80182790756226
                ],
                [
                    -23.49722385406494,
                    444.76521015167236
                ],
                [
                    22.122755646705627,
                    436.8859529495239
                ],
                [
                    -62.00495362281799,
                    405.9869050979614
                ],
                [
                    -99.9077558517456,
                    362.5839054584503
                ],
                [
                    -14.465361833572388,
                    390.20711183547974
                ],
                [
                    30.25534749031067,
                    386.3518238067627
                ],
                [
                    -54.33613061904907,
                    360.9393239021301
                ],
                [
                    -40.401577949523926,
                    398.8161087036133
                ]
            ],
            "provenance": "visii",
            "quaternion_xyzw": [
                -0.1497548520565033,
                0.2187303751707077,
                0.7220188975334167,
                -0.6390769481658936
            ],
            "quaternion_xyzw_world": [
                -0.6460601687431335,
                0.1427716612815857,
                0.7150356769561768,
                0.2257135808467865
            ],
            "segmentation_id": 9,
            "visibility": 1
        },
        {
            "bounding_box_minx_maxx_miny_maxy": [
                0,
                26,
                273,
                287
            ],
            "class": "Ecoforms",
            "local_cuboid": null,
            "local_to_world_matrix": [
                [
                    0.6568372249603271,
                    0.6016037464141846,
                    -0.45457443594932556,
                    0.0
                ],
                [
                    0.5253891944885254,
                    0.06727677583694458,
                    0.8481981158256531,
                    0.0
                ],
                [
                    0.5408614873886108,
                    -0.795956552028656,
                    -0.2718862295150757,
                    0.0
                ],
                [
                    1.7900344133377075,
                    0.7364327907562256,
                    0.026635678485035896,
                    1.0
                ]
            ],
            "location": [
                -0.7364327907562256,
                0.026635678485035896,
                -1.7900344133377075
            ],
            "location_world": [
                1.7900344133377075,
                0.7364327907562256,
                0.026635678485035896
            ],
            "name": "google_Ecoforms_Plant_Container_Quadra_Sand_QP6_9",
            "projected_cuboid": [
                [
                    41.836246848106384,
                    295.58631777763367
                ],
                [
                    48.39417338371277,
                    244.47810649871826
                ],
                [
                    -3.8212239742279053,
                    229.67705130577087
                ],
                [
                    -13.604402542114258,
                    282.5494110584259
                ],
                [
                    66.19986891746521,
                    269.2803740501404
                ],
                [
                    71.89416885375977,
                    216.15859866142273
                ],
                [
                    17.210781574249268,
                    198.86405766010284
                ],
                [
                    7.9507976770401,
                    253.84238362312317
                ],
                [
                    29.913514852523804,
                    248.75713884830475
                ]
            ],
            "provenance": "visii",
            "quaternion_xyzw": [
                -0.15088045597076416,
                0.8646767139434814,
                -0.2305125594139099,
                0.4200396239757538
            ],
            "quaternion_xyzw_world": [
                0.6821742057800293,
                0.41301506757736206,
                0.03162207081913948,
                0.6025421023368835
            ],
            "segmentation_id": 10,
            "visibility": 1
        },
        {
            "bounding_box_minx_maxx_miny_maxy": [
                -1,
                -1,
                -1,
                -1
            ],
            "class": "ReadytoUse",
            "local_cuboid": null,
            "local_to_world_matrix": [
                [
                    0.7457833886146545,
                    -0.5454465746879578,
                    0.3824855089187622,
                    0.0
                ],
                [
                    0.3934159278869629,
                    0.8239301443099976,
                    0.40787631273269653,
                    0.0
                ],
                [
                    -0.5376160740852356,
                    -0.1537114530801773,
                    0.8290607929229736,
                    0.0
                ],
                [
                    0.25237342715263367,
                    -0.2013491541147232,
                    -0.27458497881889343,
                    1.0
                ]
            ],
            "location": [
                0.2013491541147232,
                -0.27458497881889343,
                -0.25237342715263367
            ],
            "location_world": [
                0.25237342715263367,
                -0.2013491541147232,
                -0.27458497881889343
            ],
            "name": "google_ReadytoUse_Rolled_Fondant_Pure_White_24_oz_box_10",
            "projected_cuboid": [
                [
                    1108.616590499878,
                    622.0859289169312
                ],
                [
                    919.188916683197,
                    533.0385565757751
                ],
                [
                    670.7625985145569,
                    724.1953611373901
                ],
                [
                    783.8559150695801,
                    798.0297803878784
                ],
                [
                    1464.1385078430176,
                    1202.9521465301514
                ],
                [
                    1083.4699869155884,
                    960.4504704475403
                ],
                [
                    662.102222442627,
                    1052.718162536621
                ],
                [
                    826.3992667198181,
                    1192.7382946014404
                ],
                [
                    874.9694228172302,
                    847.4225401878357
                ]
            ],
            "provenance": "visii",
            "quaternion_xyzw": [
                -0.3872835040092468,
                0.28496208786964417,
                0.3821953535079956,
                0.7891354560852051
            ],
            "quaternion_xyzw_world": [
                0.1523093283176422,
                -0.24954256415367126,
                -0.2546307444572449,
                0.921788215637207
            ],
            "segmentation_id": 11,
            "visibility": 0
        },
        {
            "bounding_box_minx_maxx_miny_maxy": [
                316,
                376,
                1,
                41
            ],
            "class": "Dog",
            "local_cuboid": null,
            "local_to_world_matrix": [
                [
                    -0.20328152179718018,
                    -0.885500967502594,
                    -0.417809396982193,
                    0.0
                ],
                [
                    -0.6211391091346741,
                    -0.2132331132888794,
                    0.7541338801383972,
                    0.0
                ],
                [
                    -0.756877064704895,
                    0.4128192067146301,
                    -0.5066728591918945,
                    0.0
                ],
                [
                    0.45369842648506165,
                    -0.03827479109168053,
                    0.28934645652770996,
                    1.0
                ]
            ],
            "location": [
                0.03827479109168053,
                0.28934645652770996,
                -0.45369842648506165
            ],
            "location_world": [
                0.45369842648506165,
                -0.03827479109168053,
                0.28934645652770996
            ],
            "name": "google_Dog_11",
            "projected_cuboid": [
                [
                    323.83933663368225,
                    125.90453028678894
                ],
                [
                    471.11284732818604,
                    -323.13328981399536
                ],
                [
                    514.9967670440674,
                    -254.47362661361694
                ],
                [
                    402.90939807891846,
                    39.22164440155029
                ],
                [
                    -8.633196353912354,
                    -11.417567729949951
                ],
                [
                    -30.841141939163208,
                    -440.66357612609863
                ],
                [
                    188.94676864147186,
                    -337.3945355415344
                ],
                [
                    157.3183834552765,
                    -51.68026685714722
                ],
                [
                    249.03398752212524,
                    -131.02027773857117
                ]
            ],
            "provenance": "visii",
            "quaternion_xyzw": [
                0.3059779703617096,
                -0.16714951395988464,
                -0.17120328545570374,
                0.9214814305305481
            ],
            "quaternion_xyzw_world": [
                0.6157565712928772,
                -0.6117027997970581,
                -0.47692811489105225,
                0.13857531547546387
            ],
            "segmentation_id": 12,
            "visibility": 1
        },
        {
            "bounding_box_minx_maxx_miny_maxy": [
                -1,
                -1,
                -1,
                -1
            ],
            "class": "Black",
            "local_cuboid": null,
            "local_to_world_matrix": [
                [
                    0.2660501003265381,
                    0.8780394792556763,
                    -0.39782410860061646,
                    0.0
                ],
                [
                    -0.7228288650512695,
                    -0.09132528305053711,
                    -0.6849657893180847,
                    0.0
                ],
                [
                    -0.6377584338188171,
                    0.46979397535324097,
                    0.610375165939331,
                    0.0
                ],
                [
                    0.4051685929298401,
                    -0.5437424182891846,
                    0.39821648597717285,
                    1.0
                ]
            ],
            "location": [
                0.5437424182891846,
                0.39821648597717285,
                -0.4051685929298401
            ],
            "location_world": [
                0.4051685929298401,
                -0.5437424182891846,
                0.39821648597717285
            ],
            "name": "google_Black_Elderberry_Syrup_54_oz_Gaia_Herbs_12",
            "projected_cuboid": [
                [
                    1041.2909984588623,
                    -625.9003281593323
                ],
                [
                    1165.2801036834717,
                    -669.3422794342041
                ],
                [
                    1053.9894104003906,
                    -315.3882026672363
                ],
                [
                    967.3823118209839,
                    -316.0327672958374
                ],
                [
                    1170.9158420562744,
                    -708.7276577949524
                ],
                [
                    1321.0679292678833,
                    -766.9694423675537
                ],
                [
                    1166.956901550293,
                    -374.69780445098877
                ],
                [
                    1065.6890869140625,
                    -369.318425655365
                ],
                [
                    1107.1555614471436,
                    -494.2387342453003
                ]
            ],
            "provenance": "visii",
            "quaternion_xyzw": [
                -0.20565015077590942,
                0.3725973963737488,
                0.8945338726043701,
                -0.13670508563518524
            ],
            "quaternion_xyzw_world": [
                -0.4321458637714386,
                -0.08979064226150513,
                0.5990931391716003,
                0.6680381894111633
            ],
            "segmentation_id": 13,
            "visibility": 0
        },
        {
            "bounding_box_minx_maxx_miny_maxy": [
                -1,
                -1,
                -1,
                -1
            ],
