{
    "camera_data": {
        "camera_look_at": {
            "at": [
                1.0,
                0.0,
                0.0
            ],
            "eye": [
                0.0,
                0.0,
                0.0
            ],
            "up": [
                0.0,
                0.0,
                1.0
            ]
        },
        "camera_view_matrix": [
            [
                0.0,
                0.0,
                -1.0,
                0.0
            ],
            [
                -1.0,
                0.0,
                0.0,
                0.0
            ],
            [
                0.0,
                1.0,
                0.0,
                0.0
            ],
            [
                0.0,
                0.0,
                0.0,
                1.0
            ]
        ],
        "height": 500,
        "intrinsics": {
            "cx": 250.0,
            "cy": 250.0,
            "fx": 603.5535278320312,
            "fy": 603.5535278320312
        },
        "location_world": [
            0.0,
            0.0,
            0.0
        ],
        "quaternion_world_xyzw": [
            0.5,
            -0.5,
            -0.5,
            0.5
        ],
        "width": 500
    },
    "objects": [
        {
            "bounding_box_minx_maxx_miny_maxy": [
                0,
                24,
                284,
                370
            ],
            "class": "Reebok",
            "local_cuboid": null,
            "local_to_world_matrix": [
                [
                    -0.3780094385147095,
                    0.40109992027282715,
                    -0.8344026207923889,
                    0.0
                ],
                [
                    0.8065221309661865,
                    0.5851954817771912,
                    -0.08407342433929443,
                    0.0
                ],
                [
                    0.4545667767524719,
                    -0.7047446966171265,
                    -0.5447053909301758,
                    0.0
                ],
                [
                    0.7857654690742493,
                    0.3934304416179657,
                    -0.08058981597423553,
                    1.0
                ]
            ],
            "location": [
                -0.3934304416179657,
                -0.08058981597423553,
                -0.7857654690742493
            ],
            "location_world": [
                0.7857654690742493,
                0.3934304416179657,
                -0.08058981597423553
            ],
            "name": "google_Reebok_SOMERSET_RUN_0",
            "projected_cuboid": [
                [
                    35.33332049846649,
                    404.1590094566345
                ],
                [
                    -21.017074584960938,
                    381.12926483154297
                ],
                [
                    -93.19308400154114,
                    345.71510553359985
                ],
                [
                    -58.59875679016113,
                    357.69277811050415
                ],
                [
                    84.51418578624725,
                    318.66681575775146
                ],
                [
                    18.7508761882782,
                    317.27856397628784
                ],
                [
                    -47.82748222351074,
                    279.854953289032
                ],
                [
                    0.16550719738006592,
                    268.5294449329376
                ],
                [
                    -12.03089952468872,
                    333.3616554737091
                ]
            ],
            "provenance": "visii",
            "quaternion_xyzw": [
                -0.5332776308059692,
                0.6655060648918152,
                -0.5075939893722534,
                0.12273938953876495
            ],
            "quaternion_xyzw_world": [
                0.38128089904785156,
                0.791819155216217,
                -0.249052494764328,
                0.40696457028388977
            ],
            "segmentation_id": 1,
            "visibility": 1
        },
        {
            "bounding_box_minx_maxx_miny_maxy": [
                -1,
                -1,
                -1,
                -1
            ],
            "class": "Breyer",
            "local_cuboid": null,
            "local_to_world_matrix": [
                [
                    -0.8547087907791138,
                    -0.20237326622009277,
                    -0.4780355393886566,
                    0.0
                ],
                [
                    -0.35229045152664185,
                    0.902483344078064,
                    0.24782095849514008,
                    0.0
                ],
                [
                    0.3812668025493622,
                    0.3802220821380615,
                    -0.8426547050476074,
                    0.0
                ],
                [
                    0.5373744368553162,
                    -0.15111276507377625,
                    -0.13303782045841217,
                    1.0
                ]
            ],
            "location": [
                0.15111276507377625,
                -0.13303782045841217,
                -0.5373744368553162
            ],
            "location_world": [
                0.5373744368553162,
                -0.15111276507377625,
                -0.13303782045841217
            ],
            "name": "google_Breyer_Horse_Of_The_Year_2015_1",
            "projected_cuboid": [
                [
                    414.0883684158325,
                    637.9554867744446
                ],
                [
                    355.9601306915283,
                    636.4153623580933
                ],
                [
                    453.27281951904297,
                    506.1548948287964
                ],
                [
                    514.5844221115112,
                    513.8443112373352
                ],
                [
                    327.5847136974335,
                    433.52121114730835
                ],
                [
                    283.74212980270386,
                    426.32490396499634
                ],
                [
                    343.3891832828522,
                    317.69707798957825
                ],
                [
                    389.32958245277405,
                    328.9824426174164
                ],
                [
                    375.00810623168945,
                    460.9266221523285
                ]
            ],
            "provenance": "visii",
            "quaternion_xyzw": [
                -0.5778881907463074,
                0.5972257852554321,
                -0.2052675187587738,
                -0.5169447660446167
            ],
            "quaternion_xyzw_world": [
                -0.14616982638835907,
                0.9486631155014038,
                0.16550739109516144,
                0.2264508605003357
            ],
            "segmentation_id": 2,
            "visibility": 0
        },
        {
            "bounding_box_minx_maxx_miny_maxy": [
                85,
                112,
                131,
                145
            ],
            "class": "Smith",
            "local_cuboid": null,
            "local_to_world_matrix": [
                [
                    0.7000360488891602,
                    -0.6244166493415833,
                    -0.3464871644973755,
                    0.0
                ],
                [
                    -0.41335123777389526,
                    0.041342973709106445,
                    -0.909632682800293,
                    0.0
                ],
                [
                    0.5823146104812622,
                    0.7799966335296631,
                    -0.22916185855865479,
                    0.0
                ],
                [
                    1.7597897052764893,
                    0.4676516056060791,
                    0.5461907386779785,
                    1.0
                ]
            ],
            "location": [
                -0.4676516056060791,
                0.5461907386779785,
                -1.7597897052764893
            ],
            "location_world": [
                1.7597897052764893,
                0.4676516056060791,
                0.5461907386779785
            ],
            "name": "google_Smith_Hawken_Woven_BasketTray_Organizer_with_3_Compartments_95_x_9_x_13_2",
            "projected_cuboid": [
                [
                    88.99445831775665,
                    94.23445165157318
                ],
                [
                    77.15742290019989,
                    156.92570805549622
                ],
                [
                    131.39814138412476,
                    128.71365249156952
                ],
                [
                    141.2147581577301,
                    62.51341104507446
                ],
                [
                    -6.772339344024658,
                    31.99799358844757
                ],
                [
                    -26.194453239440918,
                    99.98810291290283
                ],
                [
                    26.48031711578369,
                    61.635613441467285
                ],
                [
                    44.38178241252899,
                    -10.240435600280762
                ],
                [
                    62.117934226989746,
                    80.2193135023117
                ]
            ],
            "provenance": "visii",
            "quaternion_xyzw": [
                -0.8826613426208496,
                0.10984684526920319,
                0.41919612884521484,
                -0.18198174238204956
            ],
            "quaternion_xyzw_world": [
                -0.6869961619377136,
                0.37764689326286316,
                -0.0858183205127716,
                0.614861249923706
            ],
            "segmentation_id": 3,
            "visibility": 1
        },
        {
            "bounding_box_minx_maxx_miny_maxy": [
                -1,
                -1,
                -1,
                -1
            ],
            "class": "Paul",
            "local_cuboid": null,
            "local_to_world_matrix": [
                [
                    -0.9258968830108643,
                    0.33004850149154663,
                    -0.18380126357078552,
                    0.0
                ],
                [
                    0.03459647297859192,
                    0.5585705041885376,
                    0.8287352323532104,
                    0.0
                ],
                [
                    0.3761887848377228,
                    0.7609645128250122,
                    -0.5285972356796265,
                    0.0
                ],
                [
                    0.45204606652259827,
                    -0.43500250577926636,
                    0.1955757439136505,
                    1.0
                ]
            ],
            "location": [
                0.43500250577926636,
                0.1955757439136505,
                -0.45204606652259827
            ],
            "location_world": [
                0.45204606652259827,
                -0.43500250577926636,
                0.1955757439136505
            ],
            "name": "google_Paul_Frank_Dot_Lunch_Box_3",
            "projected_cuboid": [
                [
                    606.2315106391907,
                    244.26156282424927
                ],
                [
                    516.176700592041,
                    115.41301012039185
                ],
                [
                    907.7393412590027,
                    -143.33516359329224
                ],
                [
                    1026.2374877929688,
                    16.87990128993988
                ],
                [
                    554.0103316307068,
                    202.03882455825806
                ],
                [
                    497.3944127559662,
                    120.85080146789551
                ],
                [
                    720.1312780380249,
                    -27.393609285354614
                ],
                [
                    786.8466973304749,
                    65.22275507450104
                ],
                [
                    672.4011898040771,
                    86.44434809684753
                ]
            ],
            "provenance": "visii",
            "quaternion_xyzw": [
                -0.23313356935977936,
                0.7960798144340515,
                -0.17686471343040466,
                -0.529740035533905
            ],
            "quaternion_xyzw_world": [
                0.10503547638654709,
                0.8679090738296509,
                0.45791080594062805,
                0.16130435466766357
            ],
            "segmentation_id": 4,
            "visibility": 0
        },
        {
            "bounding_box_minx_maxx_miny_maxy": [
                -1,
                -1,
                -1,
                -1
            ],
            "class": "Toys",
            "local_cuboid": null,
            "local_to_world_matrix": [
                [
                    -0.28990089893341064,
                    -0.9045219421386719,
                    0.3127259910106659,
                    0.0
                ],
                [
                    -0.8549654483795166,
                    0.3916076421737671,
                    0.340114027261734,
                    0.0
                ],
                [
                    -0.4301064908504486,
                    -0.16877058148384094,
                    -0.8868625164031982,
                    0.0
                ],
                [
                    1.8318297863006592,
                    -0.73908531665802,
                    0.5085865259170532,
                    1.0
                ]
            ],
            "location": [
                0.73908531665802,
                0.5085865259170532,
                -1.8318297863006592
            ],
            "location_world": [
                1.8318297863006592,
                -0.73908531665802,
                0.5085865259170532
            ],
            "name": "google_Toys_R_Us_Treat_Dispenser_Smart_Puzzle_Foobler_4",
            "projected_cuboid": [
                [
                    538.5848879814148,
                    126.38621032238007
                ],
                [
                    539.5365953445435,
                    97.85886108875275
                ],
                [
                    519.6115374565125,
                    56.50869011878967
                ],
                [
                    520.0914144515991,
                    86.9334489107132
                ],
                [
                    486.04559898376465,
                    145.12765407562256
                ],
                [
                    482.95897245407104,
                    118.77478659152985
                ],
                [
                    465.6216502189636,
                    77.68981158733368
                ],
                [
                    469.7902798652649,
                    105.95229268074036
                ],
                [
                    502.31337547302246,
                    102.17830538749695
                ]
            ],
            "provenance": "visii",
            "quaternion_xyzw": [
                -0.5325179100036621,
                0.03703239560127258,
                -0.21533146500587463,
                -0.8177319765090942
            ],
            "quaternion_xyzw_world": [
                -0.548943042755127,
                0.8013069033622742,
                0.05345749482512474,
                -0.2317565530538559
            ],
            "segmentation_id": 5,
            "visibility": 0
        },
        {
            "bounding_box_minx_maxx_miny_maxy": [
                268,
                499,
                1,
                228
            ],
            "class": "Tag",
            "local_cuboid": null,
            "local_to_world_matrix": [
                [
                    0.9714230298995972,
                    -0.15257032215595245,
                    -0.18182305991649628,
                    0.0
                ],
                [
                    -0.22428371012210846,
                    -0.8407418727874756,
                    -0.492798775434494,
                    0.0
                ],
                [
                    -0.07767973840236664,
                    0.5194960236549377,
                    -0.8509351015090942,
                    0.0
                ],
                [
                    0.29101380705833435,
                    -0.12598296999931335,
                    0.05883043631911278,
                    1.0
                ]
            ],
            "location": [
                0.12598296999931335,
                0.05883043631911278,
                -0.29101380705833435
            ],
            "location_world": [
                0.29101380705833435,
                -0.12598296999931335,
                0.05883043631911278
            ],
            "name": "google_Tag_Dishtowel_Basket_Weave_Red_18_x_26_5",
            "projected_cuboid": [
                [
                    284.70104932785034,
                    141.79717004299164
                ],
                [
                    632.8475475311279,
                    326.3812065124512
                ],
                [
                    661.3095998764038,
                    274.28001165390015
                ],
                [
                    311.8002414703369,
                    97.7565199136734
                ],
                [
                    241.69647693634033,
                    -16.482442617416382
                ],
                [
                    899.1128206253052,
                    292.5616502761841
                ],
                [
                    949.529230594635,
                    193.52048635482788
                ],
                [
                    288.4620130062103,
                    -89.84601497650146
                ],
                [
                    493.5681223869324,
                    158.0469310283661
                ]
            ],
            "provenance": "visii",
            "quaternion_xyzw": [
                0.6260370016098022,
                0.26313087344169617,
                -0.5953797698020935,
                0.4293749928474426
            ],
            "quaternion_xyzw_world": [
                0.9569613337516785,
                -0.09845069795846939,
                -0.06779343634843826,
                -0.26445549726486206
            ],
            "segmentation_id": 6,
            "visibility": 1
        },
        {
            "bounding_box_minx_maxx_miny_maxy": [
                30,
                139,
                376,
                500
            ],
            "class": "FRACTION",
            "local_cuboid": null,
            "local_to_world_matrix": [
                [
                    0.6557378172874451,
                    -0.24271026253700256,
                    0.7149123549461365,
                    0.0
                ],
                [
                    -0.6634271144866943,
                    -0.6372299194335938,
                    0.3921767473220825,
                    0.0
                ],
                [
                    0.3603782057762146,
                    -0.7314573526382446,
                    -0.578876256942749,
                    0.0
                ],
                [
                    0.8462515473365784,
                    0.24255338311195374,
                    -0.26609379053115845,
                    1.0
                ]
            ],
            "location": [
                -0.24255338311195374,
                -0.26609379053115845,
                -0.8462515473365784
            ],
            "location_world": [
                0.8462515473365784,
                0.24255338311195374,
                -0.26609379053115845
            ],
            "name": "google_FRACTION_FUN_n4h4qte23QR_6",
            "projected_cuboid": [
                [
                    96.65684401988983,
                    413.41209411621094
                ],
                [
                    159.11167860031128,
                    385.0875198841095
                ],
                [
                    134.41720604896545,
                    369.42917108535767
                ],
                [
                    74.14907217025757,
                    400.2494812011719
                ],
                [
                    46.75561189651489,
                    522.2156047821045
                ],
                [
                    110.44099926948547,
                    507.909893989563
                ],
                [
                    80.7812511920929,
                    492.4435019493103
                ],
                [
                    20.28656005859375,
                    509.29349660873413
                ],
                [
                    89.90933001041412,
                    447.00247049331665
                ]
            ],
            "provenance": "visii",
            "quaternion_xyzw": [
                0.5502071380615234,
                0.6143786907196045,
                0.03440499305725098,
                0.5644707679748535
            ],
            "quaternion_xyzw_world": [
                0.8473258018493652,
                -0.2673521041870117,
                0.3172600567340851,
                0.3315236270427704
            ],
            "segmentation_id": 7,
            "visibility": 1
        },
        {
            "bounding_box_minx_maxx_miny_maxy": [
                -1,
                -1,
                -1,
                -1
            ],
            "class": "FAIRY",
            "local_cuboid": null,
            "local_to_world_matrix": [
                [
                    -0.9675160646438599,
                    -0.10787360370159149,
                    -0.22863933444023132,
                    0.0
                ],
                [
                    0.24812670052051544,
                    -0.23192667961120605,
                    -0.9405547380447388,
                    0.0
                ],
                [
                    0.04843345284461975,
                    -0.9667333364486694,
                    0.25115907192230225,
                    0.0
                ],
                [
                    0.40211743116378784,
                    0.4414171576499939,
                    0.2921035587787628,
                    1.0
                ]
            ],
            "location": [
                -0.4414171576499939,
                0.2921035587787628,
                -0.40211743116378784
            ],
            "location_world": [
                0.40211743116378784,
                0.4414171576499939,
                0.2921035587787628
            ],
            "name": "google_FAIRY_TALE_BLOCKS_7",
            "projected_cuboid": [
                [
                    -315.2194023132324,
                    -783.281683921814
                ],
                [
                    -86.89308166503906,
                    -111.8432879447937
                ],
                [
                    -512.4089121818542,
                    -16.734004020690918
                ],
                [
                    -863.1668090820312,
                    -692.1955347061157
                ],
                [
                    -76.17050409317017,
                    -355.6889295578003
                ],
                [
                    27.47158706188202,
                    -18.852263689041138
                ],
                [
                    -211.78951859474182,
                    36.938101053237915
                ],
                [
                    -349.94417428970337,
                    -299.83872175216675
                ],
                [
                    -244.77964639663696,
                    -224.68054294586182
                ]
            ],
            "provenance": "visii",
            "quaternion_xyzw": [
                0.7240272760391235,
                0.0011350810527801514,
                0.6678786277770996,
                -0.17239883542060852
            ],
            "quaternion_xyzw_world": [
                -0.05755758658051491,
                -0.6091859936714172,
                0.7827199101448059,
                -0.11370615661144257
            ],
            "segmentation_id": 8,
            "visibility": 0
        },
        {
            "bounding_box_minx_maxx_miny_maxy": [
                0,
                63,
                224,
                283
            ],
            "class": "Great",
            "local_cuboid": null,
            "local_to_world_matrix": [
                [
                    -0.6750853061676025,
                    -0.6145922541618347,
                    -0.40808922052383423,
                    0.0
                ],
                [
                    -0.7299029231071472,
                    0.47600603103637695,
                    0.4905713200569153,
                    0.0
                ],
                [
                    -0.10724829137325287,
                    0.6290428042411804,
                    -0.7699375152587891,
                    0.0
                ],
                [
                    1.7789207696914673,
                    0.6431981325149536,
                    0.015181430615484715,
                    1.0
                ]
            ],
            "location": [
                -0.6431981325149536,
                0.015181430615484715,
                -1.7789207696914673
            ],
            "location_world": [
                1.7789207696914673,
                0.6431981325149536,
                0.015181430615484715
            ],
            "name": "google_Great_Jones_Wingtip_kAqSg6EgG0I_8",
            "projected_cuboid": [
                [
                    51.46533250808716,
                    306.20092153549194
                ],
                [
                    -32.017678022384644,
                    256.9337487220764
                ],
                [
                    -3.3722221851348877,
                    224.40728545188904
                ],
                [
                    76.04564726352692,
                    277.343213558197
                ],
                [
                    37.72631287574768,
                    289.7169888019562
                ],
                [
                    -43.89899969100952,
                    240.4177188873291
                ],
                [
                    -16.431808471679688,
                    209.44419503211975
                ],
                [
                    61.4372193813324,
                    262.08609342575073
                ],
                [
                    18.861442804336548,
                    259.73883271217346
                ]
            ],
            "provenance": "visii",
            "quaternion_xyzw": [
                -0.5041757822036743,
                0.43838655948638916,
                -0.02283051609992981,
                -0.7437089681625366
            ],
            "quaternion_xyzw_world": [
                -0.3933338522911072,
                0.8545508980751038,
                0.32754459977149963,
                0.08801142126321793
            ],
            "segmentation_id": 9,
            "visibility": 1
        },
        {
            "bounding_box_minx_maxx_miny_maxy": [
                10,
                89,
                143,
                220
            ],
            "class": "Ecoforms",
            "local_cuboid": null,
            "local_to_world_matrix": [
                [
                    -0.17915797233581543,
                    0.982297956943512,
                    -0.05470868945121765,
                    0.0
                ],
                [
                    -0.8646029829978943,
                    -0.13067078590393066,
                    0.48516660928726196,
                    0.0
                ],
                [
                    0.4694293439388275,
                    0.13422276079654694,
                    0.8727086186408997,
                    0.0
                ],
                [
                    1.5321375131607056,
                    0.5117638111114502,
                    0.10987399518489838,
                    1.0
                ]
            ],
            "location": [
                -0.5117638111114502,
                0.10987399518489838,
                -1.5321375131607056
            ],
            "location_world": [
                1.5321375131607056,
                0.5117638111114502,
                0.10987399518489838
            ],
            "name": "google_Ecoforms_Plant_Container_Quadra_Sand_QP6_9",
            "projected_cuboid": [
                [
                    19.505545496940613,
                    175.97664892673492
                ],
                [
                    4.3630897998809814,
                    131.1066597700119
                ],
                [
                    0.3291219472885132,
                    186.49181723594666
                ],
                [
                    16.636773943901062,
                    227.88405418395996
                ],
                [
                    90.07960557937622,
                    173.77787828445435
                ],
                [
                    82.77486264705658,
                    129.6638548374176
                ],
                [
                    83.06321501731873,
                    183.6836338043213
                ],
                [
                    90.6931608915329,
                    224.49354827404022
                ],
                [
                    49.167439341545105,
                    179.57347631454468
                ]
            ],
            "provenance": "visii",
            "quaternion_xyzw": [
                0.022162720561027527,
                0.8568683862686157,
                0.5068781971931458,
                -0.09143200516700745
            ],
            "quaternion_xyzw_world": [
                0.14036047458648682,
                0.20962974429130554,
                0.7386706471443176,
                0.6250759363174438
            ],
            "segmentation_id": 10,
            "visibility": 1
        },
        {
            "bounding_box_minx_maxx_miny_maxy": [
                -1,
                -1,
                -1,
                -1
            ],
            "class": "ReadytoUse",
            "local_cuboid": null,
            "local_to_world_matrix": [
                [
                    0.22689306735992432,
                    -0.59439617395401,
                    -0.7715004086494446,
                    0.0
                ],
                [
                    0.9160987734794617,
                    0.399138867855072,
                    -0.03809481859207153,
                    0.0
                ],
                [
                    0.3305792212486267,
                    -0.6981270909309387,
                    0.6350873708724976,
                    0.0
                ],
                [
                    0.3116775155067444,
                    -0.16434545814990997,
                    -0.27458474040031433,
                    1.0
                ]
            ],
            "location": [
                0.16434545814990997,
                -0.27458474040031433,
                -0.3116775155067444
            ],
            "location_world": [
                0.3116775155067444,
                -0.16434545814990997,
                -0.27458474040031433
            ],
            "name": "google_ReadytoUse_Rolled_Fondant_Pure_White_24_oz_box_10",
            "projected_cuboid": [
                [
                    801.8240928649902,
                    608.9228391647339
                ],
                [
                    710.9900116920471,
                    571.7073678970337
                ],
                [
                    580.6064009666443,
                    809.0763092041016
                ],
                [
                    668.789267539978,
                    888.4057998657227
                ],
                [
                    715.9874439239502,
                    467.7128791809082
                ],
                [
                    628.7566423416138,
                    444.663405418396
                ],
                [
                    472.82111644744873,
                    680.3774237632751
                ],
                [
                    552.2283315658569,
                    746.6249465942383
                ],
                [
                    646.616518497467,
                    642.6315903663635
                ]
            ],
            "provenance": "visii",
            "quaternion_xyzw": [
                -0.700547993183136,
                0.41775834560394287,
                -0.16816619038581848,
                0.5535616874694824
            ],
            "quaternion_xyzw_world": [
                0.2194691151380539,
                0.36645546555519104,
                -0.5022587776184082,
                0.751850962638855
            ],
            "segmentation_id": 11,
            "visibility": 0
        },
        {
            "bounding_box_minx_maxx_miny_maxy": [
                -1,
                -1,
                -1,
                -1
            ],
            "class": "Dog",
            "local_cuboid": null,
            "local_to_world_matrix": [
                [
                    -0.889217734336853,
                    -0.41296523809432983,
                    -0.19685453176498413,
                    0.0
                ],
                [
                    -0.34636390209198,
                    0.8888276815414429,
                    -0.3000290095806122,
                    0.0
                ],
                [
                    0.29887130856513977,
                    -0.19860780239105225,
                    -0.9333975315093994,
                    0.0
                ],
                [
                    0.6297637224197388,
                    0.4652886986732483,
                    0.3378622531890869,
                    1.0
                ]
            ],
            "location": [
                -0.4652886986732483,
                0.3378622531890869,
                -0.6297637224197388
            ],
            "location_world": [
                0.6297637224197388,
                0.4652886986732483,
                0.3378622531890869
            ],
            "name": "google_Dog_11",
            "projected_cuboid": [
                [
                    -38.602620363235474,
                    96.89465165138245
                ],
                [
                    -253.3583641052246,
                    140.10564982891083
                ],
                [
                    -362.82455921173096,
                    -101.33469104766846
                ],
                [
                    -112.40622401237488,
                    -121.19981646537781
                ],
                [
                    -36.5196168422699,
                    101.78403556346893
                ],
                [
                    -192.64349341392517,
                    133.6493045091629
                ],
                [
                    -264.5952105522156,
                    -37.019282579422
                ],
                [
                    -90.20131826400757,
                    -56.94788694381714
                ],
                [
                    -158.67123007774353,
                    25.746911764144897
                ]
            ],
            "provenance": "visii",
            "quaternion_xyzw": [
                -0.7092012166976929,
                0.38271304965019226,
                -0.38346853852272034,
                -0.4511277377605438
            ],
            "quaternion_xyzw_world": [
                -0.19707369804382324,
                0.9632552862167358,
                -0.12941449880599976,
                0.12865899503231049
            ],
            "segmentation_id": 12,
            "visibility": 0
        },
        {
            "bounding_box_minx_maxx_miny_maxy": [
                -1,
                -1,
                -1,
                -1
            ],
            "class": "Black",
            "local_cuboid": null,
            "local_to_world_matrix": [
                [
                    -0.7677140235900879,
                    0.41614362597465515,
                    0.4872781038284302,
                    0.0
                ],
                [
                    0.5913300514221191,
                    0.1671244502067566,
                    0.7889221906661987,
                    0.0
                ],
                [
                    0.24686883389949799,
                    0.8938087224960327,
                    -0.3743821382522583,
                    0.0
                ],
                [
                    0.5573940873146057,
                    -0.42763394117355347,
                    0.526945173740387,
                    1.0
                ]
            ],
            "location": [
                0.42763394117355347,
                0.526945173740387,
                -0.5573940873146057
            ],
            "location_world": [
                0.5573940873146057,
                -0.42763394117355347,
                0.526945173740387
            ],
            "name": "google_Black_Elderberry_Syrup_54_oz_Gaia_Herbs_12",
            "projected_cuboid": [
                [
                    567.0939087867737,
                    -254.78607416152954
                ],
                [
                    538.1530523300171,
                    -272.61584997177124
                ],
                [
                    698.3842849731445,
                    -365.7678961753845
                ],
                [
                    740.1342391967773,
                    -352.9883623123169
                ],
                [
                    567.8325295448303,
                    -189.6316111087799
                ],
                [
                    540.8573746681213,
                    -209.8238468170166
                ],
                [
                    689.4752979278564,
                    -292.36114025115967
                ],
                [
                    727.412223815918,
                    -276.0143280029297
                ],
                [
                    630.5702924728394,
                    -274.2753028869629
                ]
            ],
            "provenance": "visii",
            "quaternion_xyzw": [
                0.10222896933555603,
                0.782932698726654,
                -0.308363676071167,
                -0.5305444598197937
            ],
            "quaternion_xyzw_world": [
                0.3314904570579529,
                0.7598059773445129,
                0.5536712408065796,
                -0.07910219579935074
            ],
            "segmentation_id": 13,
            "visibility": 0
        },
        {
            "bounding_box_minx_maxx_miny_maxy": [
                38,
                60,
                152,
                184
            ],
