{
    "camera_data": {
        "camera_look_at": {
            "at": [
                1.0,
                0.0,
                0.0
            ],
            "eye": [
                0.0,
                0.0,
                0.0
            ],
            "up": [
                0.0,
                0.0,
                1.0
            ]
        },
        "camera_view_matrix": [
            [
                0.0,
                0.0,
                -1.0,
                0.0
            ],
            [
                -1.0,
                0.0,
                0.0,
                0.0
            ],
            [
                0.0,
                1.0,
                0.0,
                0.0
            ],
            [
                0.0,
                0.0,
                0.0,
                1.0
            ]
        ],
        "height": 500,
        "intrinsics": {
            "cx": 250.0,
            "cy": 250.0,
            "fx": 603.5535278320312,
            "fy": 603.5535278320312
        },
        "location_world": [
            0.0,
            0.0,
            0.0
        ],
        "quaternion_world_xyzw": [
            0.5,
            -0.5,
            -0.5,
            0.5
        ],
        "width": 500
    },
    "objects": [
        {
            "bounding_box_minx_maxx_miny_maxy": [
                -1,
                -1,
                -1,
                -1
            ],
            "class": "Reebok",
            "local_cuboid": null,
            "local_to_world_matrix": [
                [
                    0.4979061484336853,
                    0.6759302616119385,
                    -0.5433303713798523,
                    0.0
                ],
                [
                    0.5869746208190918,
                    0.19853228330612183,
                    0.7848859429359436,
                    0.0
                ],
                [
                    0.6383967995643616,
                    -0.7097206711769104,
                    -0.2979034185409546,
                    0.0
                ],
                [
                    0.7320380210876465,
                    0.4446638226509094,
                    -0.09682018309831619,
                    1.0
                ]
            ],
            "location": [
                -0.4446638226509094,
                -0.09682018309831619,
                -0.7320380210876465
            ],
            "location_world": [
                0.7320380210876465,
                0.4446638226509094,
                -0.09682018309831619
            ],
            "name": "google_Reebok_SOMERSET_RUN_0",
            "projected_cuboid": [
                [
                    -49.58087205886841,
                    473.36816787719727
                ],
                [
                    -31.76167607307434,
                    280.9848487377167
                ],
                [
                    -115.23658037185669,
                    259.0233385562897
                ],
                [
                    -156.28430247306824,
                    466.9613838195801
                ],
                [
                    -7.3767900466918945,
                    438.0270838737488
                ],
                [
                    3.209322690963745,
                    240.15645682811737
                ],
                [
                    -82.92332291603088,
                    212.800532579422
                ],
                [
                    -118.72154474258423,
                    426.7989993095398
                ],
                [
                    -66.70153141021729,
                    339.5719528198242
                ]
            ],
            "provenance": "visii",
            "quaternion_xyzw": [
                -0.2107016146183014,
                0.880229115486145,
                -0.25132036209106445,
                0.342986524105072
            ],
            "quaternion_xyzw_world": [
                0.6319171786308289,
                0.4996322691440582,
                0.03761030733585358,
                0.5912984609603882
            ],
            "segmentation_id": 1,
            "visibility": 0
        },
        {
            "bounding_box_minx_maxx_miny_maxy": [
                493,
                499,
                269,
                352
            ],
            "class": "Breyer",
            "local_cuboid": null,
            "local_to_world_matrix": [
                [
                    0.26045066118240356,
                    0.8757923245429993,
                    -0.40639054775238037,
                    0.0
                ],
                [
                    -0.6369627118110657,
                    0.4721846580505371,
                    0.6093604564666748,
                    0.0
                ],
                [
                    0.7255645990371704,
                    0.10014724731445312,
                    0.6808278560638428,
                    0.0
                ],
                [
                    0.4565674364566803,
                    -0.3158900737762451,
                    -0.05782991647720337,
                    1.0
                ]
            ],
            "location": [
                0.3158900737762451,
                -0.05782991647720337,
                -0.4565674364566803
            ],
            "location_world": [
                0.4565674364566803,
                -0.3158900737762451,
                -0.05782991647720337
            ],
            "name": "google_Breyer_Horse_Of_The_Year_2015_1",
            "projected_cuboid": [
                [
                    455.5109143257141,
                    264.66670632362366
                ],
                [
                    440.07229804992676,
                    228.75280678272247
                ],
                [
                    505.46401739120483,
                    359.13804173469543
                ],
                [
                    519.532322883606,
                    393.4568762779236
                ],
                [
                    699.109673500061,
                    163.62276673316956
                ],
                [
                    699.2300748825073,
                    116.31397902965546
                ],
                [
                    845.5722332000732,
                    235.20807921886444
                ],
                [
                    833.2324624061584,
                    284.5318615436554
                ],
                [
                    610.6353998184204,
                    252.95120477676392
                ]
            ],
            "provenance": "visii",
            "quaternion_xyzw": [
                -0.24515902996063232,
                0.8959237337112427,
                0.367718368768692,
                0.044731318950653076
            ],
            "quaternion_xyzw_world": [
                0.1638888120651245,
                0.36431652307510376,
                0.48687589168548584,
                0.7767662405967712
            ],
            "segmentation_id": 2,
            "visibility": 1
        },
        {
            "bounding_box_minx_maxx_miny_maxy": [
                -1,
                -1,
                -1,
                -1
            ],
            "class": "Smith",
            "local_cuboid": null,
            "local_to_world_matrix": [
                [
                    -0.25519776344299316,
                    -0.217777818441391,
                    -0.9420439600944519,
                    0.0
                ],
                [
                    -0.3219672739505768,
                    0.9378404021263123,
                    -0.12958577275276184,
                    0.0
                ],
                [
                    0.9117078185081482,
                    0.2702373266220093,
                    -0.3094520568847656,
                    0.0
                ],
                [
                    1.6257678270339966,
                    0.6314370632171631,
                    0.5089011192321777,
                    1.0
                ]
            ],
            "location": [
                -0.6314370632171631,
                0.5089011192321777,
                -1.6257678270339966
            ],
            "location_world": [
                1.6257678270339966,
                0.6314370632171631,
                0.5089011192321777
            ],
            "name": "google_Smith_Hawken_Woven_BasketTray_Organizer_with_3_Compartments_95_x_9_x_13_2",
            "projected_cuboid": [
                [
                    74.73787665367126,
                    161.81012988090515
                ],
                [
                    -15.089750289916992,
                    168.99928450584412
                ],
                [
                    -28.81079912185669,
                    123.49271774291992
                ],
                [
                    75.28707385063171,
                    117.5432801246643
                ],
                [
                    58.77038836479187,
                    61.257436871528625
                ],
                [
                    -27.355045080184937,
                    63.65111470222473
                ],
                [
                    -42.14403033256531,
                    4.888758063316345
                ],
                [
                    57.00768530368805,
                    4.994779825210571
                ],
                [
                    20.2370285987854,
                    88.63930404186249
                ]
            ],
            "provenance": "visii",
            "quaternion_xyzw": [
                -0.7515103816986084,
                0.6253687143325806,
                0.005003094673156738,
                -0.21005012094974518
            ],
            "quaternion_xyzw_world": [
                -0.17059743404388428,
                0.7909630537033081,
                0.04445579648017883,
                0.5859160423278809
            ],
            "segmentation_id": 3,
            "visibility": 0
        },
        {
            "bounding_box_minx_maxx_miny_maxy": [
                -1,
                -1,
                -1,
                -1
            ],
            "class": "Paul",
            "local_cuboid": null,
            "local_to_world_matrix": [
                [
                    0.6802575588226318,
                    -0.6559505462646484,
                    0.32707566022872925,
                    0.0
                ],
                [
                    0.3398602604866028,
                    0.6776363849639893,
                    0.6521532535552979,
                    0.0
                ],
                [
                    -0.6494186520576477,
                    -0.33247220516204834,
                    0.6838988065719604,
                    0.0
                ],
                [
                    0.7065888047218323,
                    -0.44122713804244995,
                    0.27389243245124817,
                    1.0
                ]
            ],
            "location": [
                0.44122713804244995,
                0.27389243245124817,
                -0.7065888047218323
            ],
            "location_world": [
                0.7065888047218323,
                -0.44122713804244995,
                0.27389243245124817
            ],
            "name": "google_Paul_Frank_Dot_Lunch_Box_3",
            "projected_cuboid": [
                [
                    867.1132326126099,
                    -173.77027869224548
                ],
                [
                    766.5789127349854,
                    -214.32486176490784
                ],
                [
                    613.915741443634,
                    -10.928809642791748
                ],
                [
                    687.7877712249756,
                    31.35967254638672
                ],
                [
                    881.1533451080322,
                    -227.16087102890015
                ],
                [
                    742.4119710922241,
                    -278.6617875099182
                ],
                [
                    552.4426102638245,
                    -2.6787221431732178
                ],
                [
                    644.6498036384583,
                    52.765727043151855
                ],
                [
                    708.7604403495789,
                    -87.67125010490417
                ]
            ],
            "provenance": "visii",
            "quaternion_xyzw": [
                -0.297648549079895,
                0.294441819190979,
                0.292110800743103,
                0.8598724603652954
            ],
            "quaternion_xyzw_world": [
                0.28227749466896057,
                -0.2799464166164398,
                -0.2854841649532318,
                0.8720368146896362
            ],
            "segmentation_id": 4,
            "visibility": 0
        },
        {
            "bounding_box_minx_maxx_miny_maxy": [
                -1,
                -1,
                -1,
                -1
            ],
            "class": "Toys",
            "local_cuboid": null,
            "local_to_world_matrix": [
                [
                    -0.9777711629867554,
                    0.18412193655967712,
                    0.10031293332576752,
                    0.0
                ],
                [
                    0.08699535578489304,
                    0.7915409803390503,
                    -0.6048922538757324,
                    0.0
                ],
                [
                    -0.19077573716640472,
                    -0.5827194452285767,
                    -0.7899637222290039,
                    0.0
                ],
                [
                    1.5123910903930664,
                    -0.591509997844696,
                    0.39389967918395996,
                    1.0
                ]
            ],
            "location": [
                0.591509997844696,
                0.39389967918395996,
                -1.5123910903930664
            ],
            "location_world": [
                1.5123910903930664,
                -0.591509997844696,
                0.39389967918395996
            ],
            "name": "google_Toys_R_Us_Treat_Dispenser_Smart_Puzzle_Foobler_4",
            "projected_cuboid": [
                [
                    563.481867313385,
                    109.10484194755554
                ],
                [
                    508.52298736572266,
                    150.17005801200867
                ],
                [
                    465.8898115158081,
                    101.50709748268127
                ],
                [
                    519.3244218826294,
                    60.82695722579956
                ],
                [
                    544.0046787261963,
                    128.8732886314392
                ],
                [
                    494.52340602874756,
                    165.8010482788086
                ],
                [
                    456.19145035743713,
                    121.46742641925812
                ],
                [
                    504.4320821762085,
                    84.84795689582825
                ],
                [
                    506.3634514808655,
                    115.6863272190094
                ]
            ],
            "provenance": "visii",
            "quaternion_xyzw": [
                -0.55452561378479,
                0.31163036823272705,
                -0.7035250663757324,
                -0.3169233202934265
            ],
            "quaternion_xyzw_world": [
                0.07185325026512146,
                0.9433021545410156,
                -0.31474849581718445,
                -0.07714618742465973
            ],
            "segmentation_id": 5,
            "visibility": 0
        },
        {
            "bounding_box_minx_maxx_miny_maxy": [
                249,
                499,
                1,
                234
            ],
            "class": "Tag",
            "local_cuboid": null,
            "local_to_world_matrix": [
                [
                    0.7959175705909729,
                    -0.05537634715437889,
                    -0.6028670072555542,
                    0.0
                ],
                [
                    0.09118768572807312,
                    -0.973481297492981,
                    0.20980699360370636,
                    0.0
                ],
                [
                    -0.5984981060028076,
                    -0.22196312248706818,
                    -0.7697612047195435,
                    0.0
                ],
                [
                    0.2793596684932709,
                    -0.11255200207233429,
                    0.09858524799346924,
                    1.0
                ]
            ],
            "location": [
                0.11255200207233429,
                0.09858524799346924,
                -0.2793596684932709
            ],
            "location_world": [
                0.2793596684932709,
                -0.11255200207233429,
                0.09858524799346924
            ],
            "name": "google_Tag_Dishtowel_Basket_Weave_Red_18_x_26_5",
            "projected_cuboid": [
                [
                    271.9530761241913,
                    257.5979232788086
                ],
                [
                    677.021861076355,
                    169.51879858970642
                ],
                [
                    639.0649080276489,
                    128.94192337989807
                ],
                [
                    256.7136883735657,
                    208.9974284172058
                ],
                [
                    256.8332552909851,
                    -81.59899711608887
                ],
                [
                    936.8362426757812,
                    -193.27738881111145
                ],
                [
                    851.2575030326843,
                    -224.56905245780945
                ],
                [
                    232.86183178424835,
                    -127.8085708618164
                ],
                [
                    511.1684799194336,
                    58.49401652812958
                ]
            ],
            "provenance": "visii",
            "quaternion_xyzw": [
                0.2485312968492508,
                0.3728044033050537,
                -0.5773462653160095,
                0.6825835704803467
            ],
            "quaternion_xyzw_world": [
                0.9406327605247498,
                0.009517885744571686,
                -0.31929707527160645,
                0.11475522816181183
            ],
            "segmentation_id": 6,
            "visibility": 1
        },
        {
            "bounding_box_minx_maxx_miny_maxy": [
                -1,
                -1,
                -1,
                -1
            ],
            "class": "FRACTION",
            "local_cuboid": null,
            "local_to_world_matrix": [
                [
                    -0.7945791482925415,
                    -0.5311383605003357,
                    0.2941703498363495,
                    0.0
                ],
                [
                    0.5054629445075989,
                    -0.8470885753631592,
                    -0.1641596406698227,
                    0.0
                ],
                [
                    0.3363797962665558,
                    0.018254399299621582,
                    0.9415494799613953,
                    0.0
                ],
                [
                    0.5342952609062195,
                    0.3721252381801605,
                    -0.5295736789703369,
                    1.0
                ]
            ],
            "location": [
                -0.3721252381801605,
                -0.5295736789703369,
                -0.5342952609062195
            ],
            "location_world": [
                0.5342952609062195,
                0.3721252381801605,
                -0.5295736789703369
            ],
            "name": "google_FRACTION_FUN_n4h4qte23QR_6",
            "projected_cuboid": [
                [
                    -318.3838129043579,
                    875.1158118247986
                ],
                [
                    -31.92049264907837,
                    797.3105907440186
                ],
                [
                    -39.08100724220276,
                    861.5887761116028
                ],
                [
                    -337.3064994812012,
                    956.882119178772
                ],
                [
                    -278.1655192375183,
                    777.1729826927185
                ],
                [
                    -57.30268359184265,
                    729.6682596206665
                ],
                [
                    -63.50749731063843,
                    778.6892056465149
                ],
                [
                    -291.2866473197937,
                    835.8792662620544
                ],
                [
                    -165.0587022304535,
                    817.1088695526123
                ]
            ],
            "provenance": "visii",
            "quaternion_xyzw": [
                0.712684690952301,
                0.40033793449401855,
                0.2723240256309509,
                -0.5075920820236206
            ],
            "quaternion_xyzw_world": [
                0.16655324399471283,
                -0.0385393463075161,
                0.9464693665504456,
                -0.2738074064254761
            ],
            "segmentation_id": 7,
            "visibility": 0
        },
        {
            "bounding_box_minx_maxx_miny_maxy": [
                -1,
                -1,
                -1,
                -1
            ],
            "class": "FAIRY",
            "local_cuboid": null,
            "local_to_world_matrix": [
                [
                    -0.21980822086334229,
                    0.3892446756362915,
                    0.8945239782333374,
                    0.0
                ],
                [
                    -0.9721665382385254,
                    -0.16362667083740234,
                    -0.16768619418144226,
                    0.0
                ],
                [
                    0.08109697699546814,
                    -0.9064849615097046,
                    0.41437697410583496,
                    0.0
                ],
                [
                    0.43039369583129883,
                    0.453238844871521,
                    0.3580981492996216,
                    1.0
                ]
            ],
            "location": [
                -0.453238844871521,
                0.3580981492996216,
                -0.43039369583129883
            ],
            "location_world": [
                0.43039369583129883,
                0.453238844871521,
                0.3580981492996216
            ],
            "name": "google_FAIRY_TALE_BLOCKS_7",
            "projected_cuboid": [
                [
                    -102.48690843582153,
                    -391.1517858505249
                ],
                [
                    -323.67563247680664,
                    -864.5981550216675
                ],
                [
                    -806.7193031311035,
                    -734.642744064331
                ],
                [
                    -343.9861536026001,
                    -308.0495595932007
                ],
                [
                    25.54553747177124,
                    -112.13493347167969
                ],
                [
                    -65.76418876647949,
                    -303.88808250427246
                ],
                [
                    -454.58143949508667,
                    -164.59205746650696
                ],
                [
                    -189.5763874053955,
                    -28.13926339149475
                ],
                [
                    -234.18763279914856,
                    -306.4071536064148
                ]
            ],
            "provenance": "visii",
            "quaternion_xyzw": [
                0.46355652809143066,
                0.5706696510314941,
                0.607419490814209,
                0.30082064867019653
            ],
            "quaternion_xyzw_world": [
                0.3638136386871338,
                -0.400563508272171,
                0.670412540435791,
                0.5076766610145569
            ],
            "segmentation_id": 8,
            "visibility": 0
        },
        {
            "bounding_box_minx_maxx_miny_maxy": [
                0,
                11,
                282,
                304
            ],
            "class": "Great",
            "local_cuboid": null,
            "local_to_world_matrix": [
                [
                    -0.0060236454010009766,
                    0.8314354419708252,
                    -0.5555887818336487,
                    0.0
                ],
                [
                    -0.9672117233276367,
                    -0.14591336250305176,
                    -0.20787200331687927,
                    0.0
                ],
                [
                    -0.2538999319076538,
                    0.536119818687439,
                    0.8050529956817627,
                    0.0
                ],
                [
                    1.615880012512207,
                    0.6933979988098145,
                    -0.16543565690517426,
                    1.0
                ]
            ],
            "location": [
                -0.6933979988098145,
                -0.16543565690517426,
                -1.615880012512207
            ],
            "location_world": [
                1.615880012512207,
                0.6933979988098145,
                -0.16543565690517426
            ],
            "name": "google_Great_Jones_Wingtip_kAqSg6EgG0I_8",
            "projected_cuboid": [
                [
                    -35.98931431770325,
                    275.1232087612152
                ],
                [
                    -76.96163654327393,
                    307.6673746109009
                ],
                [
                    -45.388609170913696,
                    344.2613184452057
                ],
                [
                    -10.480016469955444,
                    305.99749088287354
                ],
                [
                    -3.765672445297241,
                    253.65442037582397
                ],
                [
                    -37.949174642562866,
                    281.6731929779053
                ],
                [
                    -7.159411907196045,
                    318.7626600265503
                ],
                [
                    21.207377314567566,
                    284.8678529262543
                ],
                [
                    -22.79961109161377,
                    295.08838057518005
                ]
            ],
            "provenance": "visii",
            "quaternion_xyzw": [
                -0.17502617835998535,
                0.5851631164550781,
                0.7571669816970825,
                -0.2316206693649292
            ],
            "quaternion_xyzw_world": [
                -0.2893253564834595,
                0.11732149124145508,
                0.6994622945785522,
                0.6428678035736084
            ],
            "segmentation_id": 9,
            "visibility": 1
        },
        {
            "bounding_box_minx_maxx_miny_maxy": [
                0,
                67,
                230,
                290
            ],
            "class": "Ecoforms",
            "local_cuboid": null,
            "local_to_world_matrix": [
                [
                    0.18693482875823975,
                    0.6156719923019409,
                    -0.7655085921287537,
                    0.0
                ],
                [
                    0.6842529773712158,
                    0.4775261878967285,
                    0.5511502027511597,
                    0.0
                ],
                [
                    0.7048781514167786,
                    -0.6268306970596313,
                    -0.33200907707214355,
                    0.0
                ],
                [
                    1.7055578231811523,
                    0.6979581117630005,
                    0.012157664634287357,
                    1.0
                ]
            ],
            "location": [
                -0.6979581117630005,
                0.012157664634287357,
                -1.7055578231811523
            ],
            "location_world": [
                1.7055578231811523,
                0.6979581117630005,
                0.012157664634287357
            ],
            "name": "google_Ecoforms_Plant_Container_Quadra_Sand_QP6_9",
            "projected_cuboid": [
                [
                    44.354453682899475,
                    307.38726258277893
                ],
                [
                    29.64980900287628,
                    270.3096866607666
                ],
                [
                    -20.637810230255127,
                    252.77560949325562
                ],
                [
                    -8.825033903121948,
                    291.1336123943329
                ],
                [
                    80.76991140842438,
                    258.0573856830597
                ],
                [
                    63.25429677963257,
                    223.70387613773346
                ],
                [
                    14.223247766494751,
                    202.65528559684753
                ],
                [
                    29.09006178379059,
                    237.836092710495
                ],
                [
                    29.39245104789734,
                    255.38140535354614
                ]
            ],
            "provenance": "visii",
            "quaternion_xyzw": [
                -0.3667615056037903,
                0.8473045825958252,
                -0.2998514771461487,
                0.24010418355464935
            ],
            "quaternion_xyzw_world": [
                0.5102493762969971,
                0.6369066834449768,
                -0.029706278815865517,
                0.5771594047546387
            ],
            "segmentation_id": 10,
            "visibility": 1
        },
        {
            "bounding_box_minx_maxx_miny_maxy": [
                -1,
                -1,
                -1,
                -1
            ],
            "class": "ReadytoUse",
            "local_cuboid": null,
            "local_to_world_matrix": [
                [
                    0.5832128524780273,
                    -0.6694262623786926,
                    0.4601428806781769,
                    0.0
                ],
                [
                    0.42979320883750916,
                    0.7349671125411987,
                    0.5245009660720825,
                    0.0
                ],
                [
                    -0.6893045902252197,
                    -0.10812953114509583,
                    0.7163569927215576,
                    0.0
                ],
                [
                    0.2599363327026367,
                    -0.1881103515625,
                    -0.2756955325603485,
                    1.0
                ]
            ],
            "location": [
                0.1881103515625,
                -0.2756955325603485,
                -0.2599363327026367
            ],
            "location_world": [
                0.2599363327026367,
                -0.1881103515625,
                -0.2756955325603485
            ],
            "name": "google_ReadytoUse_Rolled_Fondant_Pure_White_24_oz_box_10",
            "projected_cuboid": [
                [
                    1199.3621587753296,
                    751.1144876480103
                ],
                [
                    978.6871671676636,
                    613.2764220237732
                ],
                [
                    665.7005548477173,
                    713.6175036430359
                ],
                [
                    773.06067943573,
                    802.6143908500671
                ],
                [
                    1386.1194849014282,
                    1462.4426364898682
                ],
                [
                    1000.1741647720337,
                    1115.520715713501
                ],
                [
                    581.9844603538513,
                    997.575581073761
                ],
                [
                    716.7180776596069,
                    1144.1653966903687
                ],
                [
                    839.8501873016357,
                    894.6338891983032
                ]
            ],
            "provenance": "visii",
            "quaternion_xyzw": [
                -0.3374984860420227,
                0.20357458293437958,
                0.35191529989242554,
                0.8490040898323059
            ],
            "quaternion_xyzw_world": [
                0.18158245086669922,
                -0.32992318272590637,
                -0.31550636887550354,
                0.8709962368011475
            ],
            "segmentation_id": 11,
            "visibility": 0
        },
        {
            "bounding_box_minx_maxx_miny_maxy": [
                218,
                253,
                1,
                128
            ],
            "class": "Dog",
            "local_cuboid": null,
            "local_to_world_matrix": [
                [
                    0.3270259499549866,
                    -0.48893800377845764,
                    0.8086987733840942,
                    0.0
                ],
                [
                    0.08777007460594177,
                    -0.8363382816314697,
                    -0.5411418676376343,
                    0.0
                ],
                [
                    0.9409306049346924,
                    0.24794699251651764,
                    -0.23059022426605225,
                    0.0
                ],
                [
                    0.5918238162994385,
                    0.03202177211642265,
                    0.20198321342468262,
                    1.0
                ]
            ],
            "location": [
                -0.03202177211642265,
                0.20198321342468262,
                -0.5918238162994385
            ],
            "location_world": [
                0.5918238162994385,
                0.03202177211642265,
                0.20198321342468262
            ],
            "name": "google_Dog_11",
            "projected_cuboid": [
                [
                    174.8124361038208,
                    25.072753429412842
                ],
                [
                    290.0065779685974,
                    103.09289395809174
                ],
                [
                    348.4285771846771,
                    16.56287908554077
                ],
                [
                    200.07051527500153,
                    -87.2284471988678
                ],
                [
                    73.78263771533966,
                    156.07669949531555
                ],
                [
                    202.82219350337982,
                    239.1325831413269
                ],
                [
                    240.08020758628845,
                    186.25012040138245
                ],
                [
                    67.8919106721878,
                    73.12439382076263
                ],
                [
                    201.57457888126373,
                    91.16131067276001
                ]
            ],
            "provenance": "visii",
            "quaternion_xyzw": [
                0.8618309497833252,
                0.4771925210952759,
                -0.16678820550441742,
                0.04142928123474121
            ],
            "quaternion_xyzw_world": [
                0.7736204862594604,
                -0.12963977456092834,
                0.5654029846191406,
                -0.25499868392944336
            ],
            "segmentation_id": 12,
            "visibility": 1
        },
        {
            "bounding_box_minx_maxx_miny_maxy": [
                -1,
                -1,
                -1,
                -1
            ],
            "class": "Black",
            "local_cuboid": null,
            "local_to_world_matrix": [
                [
                    0.8970499634742737,
                    0.023987799882888794,
                    0.44127771258354187,
                    0.0
                ],
                [
                    0.295570433139801,
                    0.7097638249397278,
                    -0.6394322514533997,
                    0.0
                ],
                [
                    -0.3285415470600128,
                    0.7040312886238098,
                    0.6296035051345825,
                    0.0
                ],
                [
                    0.43285608291625977,
                    -0.5544295907020569,
                    0.4056859612464905,
                    1.0
                ]
            ],
            "location": [
                0.5544295907020569,
                0.4056859612464905,
                -0.43285608291625977
            ],
            "location_world": [
                0.43285608291625977,
                -0.5544295907020569,
                0.4056859612464905
            ],
            "name": "google_Black_Elderberry_Syrup_54_oz_Gaia_Herbs_12",
            "projected_cuboid": [
                [
                    959.3823552131653,
                    -543.4636473655701
                ],
                [
                    869.5108294487,
                    -456.07054233551025
                ],
                [
                    938.2728934288025,
                    -265.9926414489746
                ],
                [
                    1021.2879180908203,
                    -336.73954010009766
                ],
                [
                    1065.3798580169678,
                    -616.0107254981995
                ],
                [
                    957.973837852478,
                    -513.0144953727722
                ],
                [
                    1025.0691175460815,
                    -292.98871755599976
                ],
                [
                    1122.5656270980835,
                    -374.01825189590454
                ],
                [
                    992.7834868431091,
                    -416.09978675842285
                ]
            ],
            "provenance": "visii",
            "quaternion_xyzw": [
                -0.5672088265419006,
                0.11833666265010834,
                0.7056844234466553,
                0.407774955034256
            ],
            "quaternion_xyzw_world": [
                -0.3733907639980316,
                -0.21395698189735413,
                -0.0754813551902771,
                0.8995023965835571
            ],
            "segmentation_id": 13,
            "visibility": 0
        },
        {
            "bounding_box_minx_maxx_miny_maxy": [
                -1,
                -1,
                -1,
                -1
            ],
            "class": "Razer",
            "local_cuboid": null,
