{
    "camera_data": {
        "camera_look_at": {
            "at": [
                1.0,
                0.0,
                0.0
            ],
            "eye": [
                0.0,
                0.0,
                0.0
            ],
            "up": [
                0.0,
                0.0,
                1.0
            ]
        },
        "camera_view_matrix": [
            [
                0.0,
                0.0,
                -1.0,
                0.0
            ],
            [
                -1.0,
                0.0,
                0.0,
                0.0
            ],
            [
                0.0,
                1.0,
                0.0,
                0.0
            ],
            [
                0.0,
                0.0,
                0.0,
                1.0
            ]
        ],
        "height": 500,
        "intrinsics": {
            "cx": 250.0,
            "cy": 250.0,
            "fx": 603.5535278320312,
            "fy": 603.5535278320312
        },
        "location_world": [
            0.0,
            0.0,
            0.0
        ],
        "quaternion_world_xyzw": [
            0.5,
            -0.5,
            -0.5,
            0.5
        ],
        "width": 500
    },
    "objects": [
        {
            "bounding_box_minx_maxx_miny_maxy": [
                -1,
                -1,
                -1,
                -1
            ],
            "class": "Reebok",
            "local_cuboid": null,
            "local_to_world_matrix": [
                [
                    0.09268820285797119,
                    -0.9935095906257629,
                    -0.06593668460845947,
                    0.0
                ],
                [
                    -0.5503336787223816,
                    -0.10630488395690918,
                    0.8281499147415161,
                    0.0
                ],
                [
                    -0.8297842144966125,
                    -0.040472596883773804,
                    -0.5566149950027466,
                    0.0
                ],
                [
                    0.6059238910675049,
                    0.472547709941864,
                    -0.024870218709111214,
                    1.0
                ]
            ],
            "location": [
                -0.472547709941864,
                -0.024870218709111214,
                -0.6059238910675049
            ],
            "location_world": [
                0.6059238910675049,
                0.472547709941864,
                -0.024870218709111214
            ],
            "name": "google_Reebok_SOMERSET_RUN_0",
            "projected_cuboid": [
                [
                    -183.15908312797546,
                    467.3013985157013
                ],
                [
                    -300.53234100341797,
                    211.13033592700958
                ],
                [
                    -205.9439718723297,
                    144.6962058544159
                ],
                [
                    -126.93729996681213,
                    380.6597590446472
                ],
                [
                    -306.5958619117737,
                    463.5092616081238
                ],
                [
                    -473.7602472305298,
                    199.57610964775085
                ],
                [
                    -345.19368410110474,
                    133.94562900066376
                ],
                [
                    -232.05727338790894,
                    376.07353925704956
                ],
                [
                    -258.7173581123352,
                    311.85463070869446
                ]
            ],
            "provenance": "visii",
            "quaternion_xyzw": [
                0.28964442014694214,
                0.03484289348125458,
                -0.04506874084472656,
                0.9554375410079956
            ],
            "quaternion_xyzw_world": [
                0.66249680519104,
                -0.5825851559638977,
                -0.3380095064640045,
                0.32778364419937134
            ],
            "segmentation_id": 1,
            "visibility": 0
        },
        {
            "bounding_box_minx_maxx_miny_maxy": [
                -1,
                -1,
                -1,
                -1
            ],
            "class": "Breyer",
            "local_cuboid": null,
            "local_to_world_matrix": [
                [
                    0.9395950436592102,
                    0.18555787205696106,
                    0.28762727975845337,
                    0.0
                ],
                [
                    0.05851783603429794,
                    -0.9150179624557495,
                    0.3991473615169525,
                    0.0
                ],
                [
                    0.33724892139434814,
                    -0.3582055866718292,
                    -0.8706047534942627,
                    0.0
                ],
                [
                    0.3212323486804962,
                    -0.48411691188812256,
                    0.013677067123353481,
                    1.0
                ]
            ],
            "location": [
                0.48411691188812256,
                0.013677067123353481,
                -0.3212323486804962
            ],
            "location_world": [
                0.3212323486804962,
                -0.48411691188812256,
                0.013677067123353481
            ],
            "name": "google_Breyer_Horse_Of_The_Year_2015_1",
            "projected_cuboid": [
                [
                    872.3402619361877,
                    368.9790368080139
                ],
                [
                    933.6981177330017,
                    339.4959568977356
                ],
                [
                    938.7809634208679,
                    164.42985832691193
                ],
                [
                    870.0913786888123,
                    196.08068466186523
                ],
                [
                    1481.2747240066528,
                    618.4029579162598
                ],
                [
                    1584.7079753875732,
                    561.8703365325928
                ],
                [
                    1750.4655122756958,
                    264.0738785266876
                ],
                [
                    1624.5527267456055,
                    329.60599660873413
                ],
                [
                    1144.3793773651123,
                    336.47996187210083
                ]
            ],
            "provenance": "visii",
            "quaternion_xyzw": [
                0.43374645709991455,
                0.693172812461853,
                -0.33509767055511475,
                0.46806538105010986
            ],
            "quaternion_xyzw_world": [
                0.9650411605834961,
                0.06322935223579407,
                0.16187812387943268,
                0.19619706273078918
            ],
            "segmentation_id": 2,
            "visibility": 0
        },
        {
            "bounding_box_minx_maxx_miny_maxy": [
                0,
                71,
                41,
                94
            ],
            "class": "Smith",
            "local_cuboid": null,
            "local_to_world_matrix": [
                [
                    0.37092113494873047,
                    0.6853219270706177,
                    -0.6266987919807434,
                    0.0
                ],
                [
                    0.7411448955535889,
                    0.18817371129989624,
                    0.644433856010437,
                    0.0
                ],
                [
                    0.5595728754997253,
                    -0.703508734703064,
                    -0.4381251335144043,
                    0.0
                ],
                [
                    1.5202455520629883,
                    0.7013443112373352,
                    0.4568607807159424,
                    1.0
                ]
            ],
            "location": [
                -0.7013443112373352,
                0.4568607807159424,
                -1.5202455520629883
            ],
            "location_world": [
                1.5202455520629883,
                0.7013443112373352,
                0.4568607807159424
            ],
            "name": "google_Smith_Hawken_Woven_BasketTray_Organizer_with_3_Compartments_95_x_9_x_13_2",
            "projected_cuboid": [
                [
                    25.142163038253784,
                    197.84021377563477
                ],
                [
                    32.60388970375061,
                    148.5973298549652
                ],
                [
                    -54.71992492675781,
                    97.25461900234222
                ],
                [
                    -74.11563396453857,
                    144.89245414733887
                ],
                [
                    104.19753193855286,
                    102.65658795833588
                ],
                [
                    103.36156189441681,
                    60.23108959197998
                ],
                [
                    15.363022685050964,
                    -4.139751195907593
                ],
                [
                    3.912821412086487,
                    33.93392264842987
                ],
                [
                    20.39584517478943,
                    99.80800747871399
                ]
            ],
            "provenance": "visii",
            "quaternion_xyzw": [
                -0.23969624936580658,
                0.8499012589454651,
                -0.34688442945480347,
                0.31604549288749695
            ],
            "quaternion_xyzw_world": [
                0.6365674734115601,
                0.5602182149887085,
                -0.026362452656030655,
                0.5293793082237244
            ],
            "segmentation_id": 3,
            "visibility": 1
        },
        {
            "bounding_box_minx_maxx_miny_maxy": [
                -1,
                -1,
                -1,
                -1
            ],
            "class": "Paul",
            "local_cuboid": null,
            "local_to_world_matrix": [
                [
                    0.35702967643737793,
                    0.4902319610118866,
                    0.7951115965843201,
                    0.0
                ],
                [
                    -0.5094007253646851,
                    0.815682053565979,
                    -0.2741781771183014,
                    0.0
                ],
                [
                    -0.7829691767692566,
                    -0.30714067816734314,
                    0.5409471988677979,
                    0.0
                ],
                [
                    1.0118476152420044,
                    -0.353018581867218,
                    0.3898501396179199,
                    1.0
                ]
            ],
            "location": [
                0.353018581867218,
                0.3898501396179199,
                -1.0118476152420044
            ],
            "location_world": [
                1.0118476152420044,
                -0.353018581867218,
                0.3898501396179199
            ],
            "name": "google_Paul_Frank_Dot_Lunch_Box_3",
            "projected_cuboid": [
                [
                    519.1125869750977,
                    -173.69741201400757
                ],
                [
                    474.0055501461029,
                    -180.0910234451294
                ],
                [
                    392.8585648536682,
                    -30.908674001693726
                ],
                [
                    434.52930450439453,
                    -33.132195472717285
                ],
                [
                    646.4539766311646,
                    -66.93479418754578
                ],
                [
                    604.996383190155,
                    -66.35880470275879
                ],
                [
                    490.3255105018616,
                    75.74999332427979
                ],
                [
                    530.5461883544922,
                    67.40780174732208
                ],
                [
                    504.46397066116333,
                    -46.763598918914795
                ]
            ],
            "provenance": "visii",
            "quaternion_xyzw": [
                -0.015628904104232788,
                0.329045832157135,
                0.7980255484580994,
                0.5046184062957764
            ],
            "quaternion_xyzw_world": [
                0.010004900395870209,
                -0.47898465394973755,
                0.3034120500087738,
                0.823659360408783
            ],
            "segmentation_id": 4,
            "visibility": 0
        },
        {
            "bounding_box_minx_maxx_miny_maxy": [
                489,
                499,
                170,
                175
            ],
            "class": "Toys",
            "local_cuboid": null,
            "local_to_world_matrix": [
                [
                    0.9199586510658264,
                    0.3783189356327057,
                    -0.10271748900413513,
                    0.0
                ],
                [
                    -0.23540613055229187,
                    0.7426562905311584,
                    0.6269335746765137,
                    0.0
                ],
                [
                    0.31346458196640015,
                    -0.5525726079940796,
                    0.7722716331481934,
                    0.0
                ],
                [
                    1.380883812904358,
                    -0.5695660710334778,
                    0.18946576118469238,
                    1.0
                ]
            ],
            "location": [
                0.5695660710334778,
                0.18946576118469238,
                -1.380883812904358
            ],
            "location_world": [
                1.380883812904358,
                -0.5695660710334778,
                0.18946576118469238
            ],
            "name": "google_Toys_R_Us_Treat_Dispenser_Smart_Puzzle_Foobler_4",
            "projected_cuboid": [
                [
                    521.2093591690063,
                    149.91611242294312
                ],
                [
                    481.29111528396606,
                    108.17433893680573
                ],
                [
                    453.35790514945984,
                    153.299942612648
                ],
                [
                    495.27066946029663,
                    195.29546797275543
                ],
                [
                    574.9430656433105,
                    132.59081542491913
                ],
                [
                    532.2366952896118,
                    85.94545722007751
                ],
                [
                    503.12256813049316,
                    135.21626591682434
                ],
                [
                    548.1704473495483,
                    182.2071224451065
                ],
                [
                    512.8954648971558,
                    143.1591510772705
                ]
            ],
            "provenance": "visii",
            "quaternion_xyzw": [
                -0.27758434414863586,
                0.7613667249679565,
                0.33087798953056335,
                0.4835158586502075
            ],
            "quaternion_xyzw_world": [
                0.3182101249694824,
                0.11227863281965256,
                0.16557227075099945,
                0.9266724586486816
            ],
            "segmentation_id": 5,
            "visibility": 1
        },
        {
            "bounding_box_minx_maxx_miny_maxy": [
                -1,
                -1,
                -1,
                -1
            ],
            "class": "Tag",
            "local_cuboid": null,
            "local_to_world_matrix": [
                [
                    0.284728467464447,
                    0.5926955342292786,
                    -0.7534199953079224,
                    0.0
                ],
                [
                    -0.9250838160514832,
                    0.37592214345932007,
                    -0.05387473106384277,
                    0.0
                ],
                [
                    0.25129592418670654,
                    0.7123163342475891,
                    0.6553287506103516,
                    0.0
                ],
                [
                    0.3379424214363098,
                    -0.22453108429908752,
                    0.02867988683283329,
                    1.0
                ]
            ],
            "location": [
                0.22453108429908752,
                0.02867988683283329,
                -0.3379424214363098
            ],
            "location_world": [
                0.3379424214363098,
                -0.22453108429908752,
                0.02867988683283329
            ],
            "name": "google_Tag_Dishtowel_Basket_Weave_Red_18_x_26_5",
            "projected_cuboid": [
                [
                    493.4694170951843,
                    257.94392824172974
                ],
                [
                    492.00037121772766,
                    293.23309659957886
                ],
                [
                    559.2147707939148,
                    348.8951027393341
                ],
                [
                    529.8862457275391,
                    287.42140531539917
                ],
                [
                    662.7168655395508,
                    78.62147688865662
                ],
                [
                    830.8554291725159,
                    -58.164775371551514
                ],
                [
                    928.3298254013062,
                    -4.325777292251587
                ],
                [
                    706.8456411361694,
                    107.76795446872711
                ],
                [
                    624.2505311965942,
                    179.0682077407837
                ]
            ],
            "provenance": "visii",
            "quaternion_xyzw": [
                -0.42204123735427856,
                0.6689762473106384,
                0.5906087160110474,
                -0.15979187190532684
            ],
            "quaternion_xyzw_world": [
                -0.2517327666282654,
                0.33010032773017883,
                0.49866777658462524,
                0.7609171271324158
            ],
            "segmentation_id": 6,
            "visibility": 0
        },
        {
            "bounding_box_minx_maxx_miny_maxy": [
                -1,
                -1,
                -1,
                -1
            ],
            "class": "FRACTION",
            "local_cuboid": null,
            "local_to_world_matrix": [
                [
                    -0.7044310569763184,
                    -0.16843447089195251,
                    -0.6894980072975159,
                    0.0
                ],
                [
                    0.22827288508415222,
                    0.8660599589347839,
                    -0.4447827637195587,
                    0.0
                ],
                [
                    0.672063410282135,
                    -0.470712274312973,
                    -0.571630597114563,
                    0.0
                ],
                [
                    0.4194818139076233,
                    0.48648375272750854,
                    0.06483939290046692,
                    1.0
                ]
            ],
            "location": [
                -0.48648375272750854,
                0.06483939290046692,
                -0.4194818139076233
            ],
            "location_world": [
                0.4194818139076233,
                0.48648375272750854,
                0.06483939290046692
            ],
            "name": "google_FRACTION_FUN_n4h4qte23QR_6",
            "projected_cuboid": [
                [
                    -359.50976610183716,
                    214.50260281562805
                ],
                [
                    -536.9765162467957,
                    342.4527943134308
                ],
                [
                    -630.8096647262573,
                    309.80443954467773
                ],
                [
                    -449.8595595359802,
                    166.462242603302
                ],
                [
                    -242.12220311164856,
                    74.38775897026062
                ],
                [
                    -387.96305656433105,
                    184.0370148420334
                ],
                [
                    -450.04403591156006,
                    150.12995898723602
                ],
                [
                    -300.6974458694458,
                    30.27491271495819
                ],
                [
                    -411.92615032196045,
                    177.2330403327942
                ]
            ],
            "provenance": "visii",
            "quaternion_xyzw": [
                -0.7558572292327881,
                0.5145013332366943,
                -0.3886788785457611,
                -0.11356556415557861
            ],
            "quaternion_xyzw_world": [
                0.016878681257367134,
                0.8863015174865723,
                -0.2582346498966217,
                0.38405704498291016
            ],
            "segmentation_id": 7,
            "visibility": 0
        },
        {
            "bounding_box_minx_maxx_miny_maxy": [
                -1,
                -1,
                -1,
                -1
            ],
            "class": "FAIRY",
            "local_cuboid": null,
            "local_to_world_matrix": [
                [
                    0.5441400408744812,
                    -0.16591811180114746,
                    0.8224249482154846,
                    0.0
                ],
                [
                    -0.816816508769989,
                    0.11913090944290161,
                    0.5644631385803223,
                    0.0
                ],
                [
                    -0.19163089990615845,
                    -0.9789172410964966,
                    -0.0707007646560669,
                    0.0
                ],
                [
                    0.47509706020355225,
                    0.4951215088367462,
                    0.40370985865592957,
                    1.0
                ]
            ],
            "location": [
                -0.4951215088367462,
                0.40370985865592957,
                -0.47509706020355225
            ],
            "location_world": [
                0.47509706020355225,
                0.4951215088367462,
                0.40370985865592957
            ],
            "name": "google_FAIRY_TALE_BLOCKS_7",
            "projected_cuboid": [
                [
                    11.631667613983154,
                    -162.29021549224854
                ],
                [
                    -168.67944598197937,
                    -620.4643845558167
                ],
                [
                    -430.7739734649658,
                    -556.7439794540405
                ],
                [
                    -175.16005039215088,
                    -149.83996748924255
                ],
                [
                    -108.57781767845154,
                    -20.016729831695557
                ],
                [
                    -484.62897539138794,
                    -598.5735654830933
                ],
                [
                    -819.4794654846191,
                    -509.3339681625366
                ],
                [
                    -334.17290449142456,
                    -16.09697937965393
                ],
                [
                    -262.76570558547974,
                    -276.8692374229431
                ]
            ],
            "provenance": "visii",
            "quaternion_xyzw": [
                0.3200875520706177,
                0.5492982268333435,
                0.339576780796051,
                0.6931832432746887
            ],
            "quaternion_xyzw_world": [
                0.611496090888977,
                -0.40177470445632935,
                0.25788965821266174,
                0.6309853792190552
            ],
            "segmentation_id": 8,
            "visibility": 0
        },
        {
            "bounding_box_minx_maxx_miny_maxy": [
                -1,
                -1,
                -1,
                -1
            ],
            "class": "Great",
            "local_cuboid": null,
            "local_to_world_matrix": [
                [
                    -0.4254145622253418,
                    0.8665257692337036,
                    -0.2610675096511841,
                    0.0
                ],
                [
                    -0.8987089395523071,
                    -0.4384504556655884,
                    0.009174779057502747,
                    0.0
                ],
                [
                    -0.10651489347219467,
                    0.23852673172950745,
                    0.9652769565582275,
                    0.0
                ],
                [
                    1.1535135507583618,
                    0.35674041509628296,
                    -0.6937033534049988,
                    1.0
                ]
            ],
            "location": [
                -0.35674041509628296,
                -0.6937033534049988,
                -1.1535135507583618
            ],
            "location_world": [
                1.1535135507583618,
                0.35674041509628296,
                -0.6937033534049988
            ],
            "name": "google_Great_Jones_Wingtip_kAqSg6EgG0I_8",
            "projected_cuboid": [
                [
                    9.892567992210388,
                    537.8021597862244
                ],
                [
                    25.48113465309143,
                    618.5874938964844
                ],
                [
                    44.77392137050629,
                    681.0283660888672
                ],
                [
                    25.074690580368042,
                    587.2281789779663
                ],
                [
                    63.16721439361572,
                    513.9402151107788
                ],
                [
                    92.6116555929184,
                    584.4669342041016
                ],
                [
                    110.23978888988495,
                    644.4571018218994
                ],
                [
                    77.31407880783081,
                    561.8102550506592
                ],
                [
                    55.23531138896942,
                    585.995078086853
                ]
            ],
            "provenance": "visii",
            "quaternion_xyzw": [
                0.06667982041835785,
                0.6650537252426147,
                0.7006900310516357,
                -0.2495817095041275
            ],
            "quaternion_xyzw_world": [
                -0.10926909744739532,
                0.07363279908895493,
                0.8410026431083679,
                0.5247411131858826
            ],
            "segmentation_id": 9,
            "visibility": 0
        },
        {
            "bounding_box_minx_maxx_miny_maxy": [
                -1,
                -1,
                -1,
                -1
            ],
            "class": "Ecoforms",
            "local_cuboid": null,
            "local_to_world_matrix": [
                [
                    0.3450286388397217,
                    -0.8667951226234436,
                    0.36002978682518005,
                    0.0
                ],
                [
                    -0.7673694491386414,
                    -0.03963196277618408,
                    0.6399792432785034,
                    0.0
                ],
                [
                    -0.5404621362686157,
                    -0.4970870018005371,
                    -0.6788262128829956,
                    0.0
                ],
                [
                    1.9291901588439941,
                    0.8142394423484802,
                    0.089825339615345,
                    1.0
                ]
            ],
            "location": [
                -0.8142394423484802,
                0.089825339615345,
                -1.9291901588439941
            ],
            "location_world": [
                1.9291901588439941,
                0.8142394423484802,
                0.089825339615345
            ],
            "name": "google_Ecoforms_Plant_Container_Quadra_Sand_QP6_9",
            "projected_cuboid": [
                [
                    47.61427640914917,
                    265.88380336761475
                ],
                [
                    33.72067213058472,
                    226.326584815979
                ],
                [
                    17.383664846420288,
                    190.9174919128418
                ],
                [
                    31.826645135879517,
                    231.24289512634277
                ],
                [
                    -12.484729290008545,
                    288.4622812271118
                ],
                [
                    -31.966835260391235,
                    249.30694699287415
                ],
                [
                    -45.61111330986023,
                    211.47450804710388
                ],
                [
                    -26.01921558380127,
                    251.6217827796936
                ],
                [
                    2.4925321340560913,
                    239.54930901527405
                ]
            ],
            "provenance": "visii",
            "quaternion_xyzw": [
                0.4142323136329651,
                0.2412063032388687,
                0.0917712152004242,
                0.872816801071167
            ],
            "quaternion_xyzw_world": [
                0.7182421088218689,
                -0.5688070058822632,
                -0.0628034695982933,
                0.3957809805870056
            ],
            "segmentation_id": 10,
            "visibility": 0
        },
        {
            "bounding_box_minx_maxx_miny_maxy": [
                -1,
                -1,
                -1,
                -1
            ],
            "class": "ReadytoUse",
            "local_cuboid": null,
            "local_to_world_matrix": [
                [
                    0.6912065744400024,
                    -0.17860403656959534,
                    -0.7002385854721069,
                    0.0
                ],
                [
                    -0.037884749472141266,
                    0.9586893320083618,
                    -0.28192102909088135,
                    0.0
                ],
                [
                    0.7216634750366211,
                    0.22139404714107513,
                    0.6558860540390015,
                    0.0
                ],
                [
                    0.2591038942337036,
                    -0.24340304732322693,
                    -0.2677060067653656,
                    1.0
                ]
            ],
            "location": [
                0.24340304732322693,
                -0.2677060067653656,
                -0.2591038942337036
            ],
            "location_world": [
                0.2591038942337036,
                -0.24340304732322693,
                -0.2677060067653656
            ],
            "name": "google_ReadytoUse_Rolled_Fondant_Pure_White_24_oz_box_10",
            "projected_cuboid": [
                [
                    592.5558805465698,
                    524.3853330612183
                ],
                [
                    526.6777276992798,
                    545.4131364822388
                ],
                [
                    714.0070796012878,
                    887.7357244491577
                ],
                [
                    805.2871227264404,
                    856.121301651001
                ],
                [
                    638.7770175933838,
                    440.8966302871704
                ],
                [
                    556.7456483840942,
                    466.7016267776489
                ],
                [
                    833.9729905128479,
                    897.9760408401489
                ],
                [
                    959.4719409942627,
                    854.0675044059753
                ],
                [
                    674.0708351135254,
                    650.5289077758789
                ]
            ],
            "provenance": "visii",
            "quaternion_xyzw": [
                -0.73861163854599,
                0.5615020394325256,
                0.30889055132865906,
                0.2091766595840454
            ],
            "quaternion_xyzw_world": [
                -0.1384117156267166,
                0.3910232484340668,
                -0.038697823882102966,
                0.9090904593467712
            ],
            "segmentation_id": 11,
            "visibility": 0
        },
        {
            "bounding_box_minx_maxx_miny_maxy": [
                386,
                499,
                1,
                170
            ],
            "class": "Dog",
            "local_cuboid": null,
            "local_to_world_matrix": [
                [
                    -0.24373579025268555,
                    0.961851179599762,
                    -0.12423853576183319,
                    0.0
                ],
                [
                    0.967378556728363,
                    0.23198944330215454,
                    -0.10178262740373611,
                    0.0
                ],
                [
                    -0.06907771527767181,
                    -0.14499375224113464,
                    -0.987018346786499,
                    0.0
                ],
                [
                    0.4284997880458832,
                    -0.15491986274719238,
                    0.25219807028770447,
                    1.0
                ]
            ],
            "location": [
                0.15491986274719238,
                0.25219807028770447,
                -0.4284997880458832
            ],
            "location_world": [
                0.4284997880458832,
                -0.15491986274719238,
                0.25219807028770447
            ],
            "name": "google_Dog_11",
            "projected_cuboid": [
                [
                    436.07476353645325,
                    147.7939635515213
                ],
                [
                    311.0515773296356,
                    210.41953563690186
                ],
                [
                    273.76580238342285,
                    -30.615657567977905
                ],
                [
                    371.59377336502075,
                    -230.39785027503967
                ],
                [
                    787.8599166870117,
                    114.87942934036255
                ],
                [
                    557.2560429573059,
                    181.98072910308838
                ],
                [
                    517.6281929016113,
                    -33.411264419555664
                ],
                [
                    720.1171517372131,
                    -203.75975966453552
                ],
                [
                    488.96002769470215,
                    30.287042260169983
                ]
            ],
            "provenance": "visii",
            "quaternion_xyzw": [
                -0.13309183716773987,
                0.669139564037323,
                -0.7301902770996094,
                -0.036891378462314606
            ],
            "quaternion_xyzw_world": [
                0.6146733164787292,
                0.7846565246582031,
                -0.07862560451030731,
                0.01757483184337616
            ],
            "segmentation_id": 12,
            "visibility": 1
        },
        {
            "bounding_box_minx_maxx_miny_maxy": [
                -1,
                -1,
                -1,
                -1
            ],
            "class": "Black",
            "local_cuboid": null,
            "local_to_world_matrix": [
                [
                    -0.5697681903839111,
                    0.7941576838493347,
                    0.21137307584285736,
                    0.0
                ],
                [
                    -0.6634259819984436,
                    -0.29269158840179443,
                    -0.6886205673217773,
                    0.0
                ],
                [
                    -0.48500609397888184,
                    -0.5325841903686523,
                    0.693630576133728,
                    0.0
                ],
                [
                    0.4515877068042755,
                    -0.43349185585975647,
                    0.44981008768081665,
                    1.0
                ]
            ],
            "location": [
                0.43349185585975647,
                0.44981008768081665,
                -0.4515877068042755
            ],
            "location_world": [
                0.4515877068042755,
                -0.43349185585975647,
                0.44981008768081665
            ],
            "name": "google_Black_Elderberry_Syrup_54_oz_Gaia_Herbs_12",
            "projected_cuboid": [
                [
                    1002.5581121444702,
                    -655.4054617881775
                ],
                [
                    1118.2117462158203,
                    -687.068521976471
                ],
                [
                    859.03000831604,
                    -382.301926612854
                ],
                [
                    783.602774143219,
                    -381.79969787597656
                ],
                [
                    1009.4799995422363,
                    -567.2679543495178
                ],
                [
                    1115.889310836792,
                    -587.0604515075684
                ],
                [
                    875.893235206604,
                    -320.1262950897217
                ],
                [
                    804.1467070579529,
                    -324.6576189994812
                ],
                [
                    934.3792796134949,
                    -474.9376177787781
                ]
            ],
            "provenance": "visii",
            "quaternion_xyzw": [
                0.3199441432952881,
                0.3938690423965454,
                0.8613629341125488,
                -0.023601621389389038
            ],
            "quaternion_xyzw_world": [
                -0.08557569235563278,
                -0.3819182217121124,
                0.7993888854980469,
                0.45584312081336975
            ],
            "segmentation_id": 13,
            "visibility": 0
        },
        {
            "bounding_box_minx_maxx_miny_maxy": [
                -1,
                -1,
                -1,
                -1
            ],
            "class": "Razer",
