{
    "camera_data": {
        "camera_look_at": {
            "at": [
                1.0,
                0.0,
                0.0
            ],
            "eye": [
                0.0,
                0.0,
                0.0
            ],
            "up": [
                0.0,
                0.0,
                1.0
            ]
        },
        "camera_view_matrix": [
            [
                0.0,
                0.0,
                -1.0,
                0.0
            ],
            [
                -1.0,
                0.0,
                0.0,
                0.0
            ],
            [
                0.0,
                1.0,
                0.0,
                0.0
            ],
            [
                0.0,
                0.0,
                0.0,
                1.0
            ]
        ],
        "height": 500,
        "intrinsics": {
            "cx": 250.0,
            "cy": 250.0,
            "fx": 603.5535278320312,
            "fy": 603.5535278320312
        },
        "location_world": [
            0.0,
            0.0,
            0.0
        ],
        "quaternion_world_xyzw": [
            0.5,
            -0.5,
            -0.5,
            0.5
        ],
        "width": 500
    },
    "objects": [
        {
            "bounding_box_minx_maxx_miny_maxy": [
                -1,
                -1,
                -1,
                -1
            ],
            "class": "Reebok",
            "local_cuboid": null,
            "local_to_world_matrix": [
                [
                    0.4650741219520569,
                    -0.8156832456588745,
                    0.3440450429916382,
                    0.0
                ],
                [
                    -0.5804140567779541,
                    0.012498319149017334,
                    0.8142256140708923,
                    0.0
                ],
                [
                    -0.668450117111206,
                    -0.578363835811615,
                    -0.4676213264465332,
                    0.0
                ],
                [
                    0.5794678926467896,
                    0.4683980643749237,
                    0.03193625435233116,
                    1.0
                ]
            ],
            "location": [
                -0.4683980643749237,
                0.03193625435233116,
                -0.5794678926467896
            ],
            "location_world": [
                0.5794678926467896,
                0.4683980643749237,
                0.03193625435233116
            ],
            "name": "google_Reebok_SOMERSET_RUN_0",
            "projected_cuboid": [
                [
                    -97.91943430900574,
                    370.1695203781128
                ],
                [
                    -236.22062802314758,
                    91.77188575267792
                ],
                [
                    -241.5831983089447,
                    52.43872106075287
                ],
                [
                    -117.50194430351257,
                    309.2297911643982
                ],
                [
                    -229.60230708122253,
                    423.2233166694641
                ],
                [
                    -443.7186121940613,
                    130.49140572547913
                ],
                [
                    -415.30197858810425,
                    80.33491671085358
                ],
                [
                    -234.78353023529053,
                    350.82077980041504
                ],
                [
                    -235.37251353263855,
                    244.64698135852814
                ]
            ],
            "provenance": "visii",
            "quaternion_xyzw": [
                0.2885339856147766,
                0.2872682809829712,
                0.09815976023674011,
                0.9080692529678345
            ],
            "quaternion_xyzw_world": [
                0.6928558945655823,
                -0.5037473440170288,
                -0.11705359816551208,
                0.5024816393852234
            ],
            "segmentation_id": 1,
            "visibility": 0
        },
        {
            "bounding_box_minx_maxx_miny_maxy": [
                -1,
                -1,
                -1,
                -1
            ],
            "class": "Breyer",
            "local_cuboid": null,
            "local_to_world_matrix": [
                [
                    0.870220422744751,
                    0.4204322099685669,
                    0.25681358575820923,
                    0.0
                ],
                [
                    0.480543315410614,
                    -0.6094563007354736,
                    -0.6305879950523376,
                    0.0
                ],
                [
                    -0.10860281437635422,
                    0.6721605658531189,
                    -0.732397198677063,
                    0.0
                ],
                [
                    0.26683831214904785,
                    -0.4921974241733551,
                    0.046981677412986755,
                    1.0
                ]
            ],
            "location": [
                0.4921974241733551,
                0.046981677412986755,
                -0.26683831214904785
            ],
            "location_world": [
                0.26683831214904785,
                -0.4921974241733551,
                0.046981677412986755
            ],
            "name": "google_Breyer_Horse_Of_The_Year_2015_1",
            "projected_cuboid": [
                [
                    826.9103169441223,
                    286.96876764297485
                ],
                [
                    841.0741686820984,
                    343.6855673789978
                ],
                [
                    976.6988158226013,
                    164.08705711364746
                ],
                [
                    973.6965894699097,
                    96.09711170196533
                ],
                [
                    2072.9496479034424,
                    595.5499410629272
                ],
                [
                    1898.363471031189,
                    669.2583560943604
                ],
                [
                    2086.495876312256,
                    264.5759880542755
                ],
                [
                    2275.8193016052246,
                    127.15154886245728
                ],
                [
                    1268.9471244812012,
                    279.11028265953064
                ]
            ],
            "provenance": "visii",
            "quaternion_xyzw": [
                0.524774432182312,
                0.4126867651939392,
                -0.7347828149795532,
                0.11998194456100464
            ],
            "quaternion_xyzw_world": [
                0.8961129784584045,
                0.2513565719127655,
                0.04134824126958847,
                -0.3634442687034607
            ],
            "segmentation_id": 2,
            "visibility": 0
        },
        {
            "bounding_box_minx_maxx_miny_maxy": [
                0,
                111,
                30,
                168
            ],
            "class": "Smith",
            "local_cuboid": null,
            "local_to_world_matrix": [
                [
                    0.48001956939697266,
                    0.11272624135017395,
                    -0.8699852228164673,
                    0.0
                ],
                [
                    0.8763625621795654,
                    -0.016825437545776367,
                    0.48135846853256226,
                    0.0
                ],
                [
                    0.03962406516075134,
                    -0.99348384141922,
                    -0.10686564445495605,
                    0.0
                ],
                [
                    1.542262077331543,
                    0.6476315259933472,
                    0.37367647886276245,
                    1.0
                ]
            ],
            "location": [
                -0.6476315259933472,
                0.37367647886276245,
                -1.542262077331543
            ],
            "location_world": [
                1.542262077331543,
                0.6476315259933472,
                0.37367647886276245
            ],
            "name": "google_Smith_Hawken_Woven_BasketTray_Organizer_with_3_Compartments_95_x_9_x_13_2",
            "projected_cuboid": [
                [
                    90.44086933135986,
                    200.4842758178711
                ],
                [
                    112.50042915344238,
                    164.1368269920349
                ],
                [
                    19.04246211051941,
                    153.64889800548553
                ],
                [
                    -17.09797978401184,
                    188.6892318725586
                ],
                [
                    88.15768361091614,
                    54.01158332824707
                ],
                [
                    112.96553909778595,
                    34.62579846382141
                ],
                [
                    9.181186556816101,
                    22.098436951637268
                ],
                [
                    -33.284783363342285,
                    39.53051567077637
                ],
                [
                    49.261435866355896,
                    110.08484661579132
                ]
            ],
            "provenance": "visii",
            "quaternion_xyzw": [
                -0.33374375104904175,
                0.6390830874443054,
                -0.3846244812011719,
                0.5764131546020508
            ],
            "quaternion_xyzw_world": [
                0.6331884860992432,
                0.3905191123485565,
                -0.3278491199016571,
                0.582307755947113
            ],
            "segmentation_id": 3,
            "visibility": 1
        },
        {
            "bounding_box_minx_maxx_miny_maxy": [
                446,
                473,
                1,
                16
            ],
            "class": "Paul",
            "local_cuboid": null,
            "local_to_world_matrix": [
                [
                    0.9938550591468811,
                    0.10198289155960083,
                    0.043030910193920135,
                    0.0
                ],
                [
                    -0.1100224107503891,
                    0.8675450682640076,
                    0.485036700963974,
                    0.0
                ],
                [
                    0.012134190648794174,
                    -0.4867905080318451,
                    0.8734344244003296,
                    0.0
                ],
                [
                    1.0750776529312134,
                    -0.35821762681007385,
                    0.4658893346786499,
                    1.0
                ]
            ],
            "location": [
                0.35821762681007385,
                0.4658893346786499,
                -1.0750776529312134
            ],
            "location_world": [
                1.0750776529312134,
                -0.35821762681007385,
                0.4658893346786499
            ],
            "name": "google_Paul_Frank_Dot_Lunch_Box_3",
            "projected_cuboid": [
                [
                    500.55235624313354,
                    -71.85801863670349
                ],
                [
                    456.06327056884766,
                    -101.28971934318542
                ],
                [
                    399.76006746292114,
                    -0.22330880165100098
                ],
                [
                    444.9039697647095,
                    28.286904096603394
                ],
                [
                    586.362361907959,
                    -153.06586027145386
                ],
                [
                    530.5845141410828,
                    -191.70579314231873
                ],
                [
                    458.8017165660858,
                    -62.72289156913757
                ],
                [
                    515.641450881958,
                    -25.579720735549927
                ],
                [
                    482.3567867279053,
                    -67.87678599357605
                ]
            ],
            "provenance": "visii",
            "quaternion_xyzw": [
                -0.3260040283203125,
                0.6322882771492004,
                0.38884830474853516,
                0.5854313969612122
            ],
            "quaternion_xyzw_world": [
                0.2514336407184601,
                -0.00799367856234312,
                0.05485055595636368,
                0.9662860035896301
            ],
            "segmentation_id": 4,
            "visibility": 1
        },
        {
            "bounding_box_minx_maxx_miny_maxy": [
                -1,
                -1,
                -1,
                -1
            ],
            "class": "Toys",
            "local_cuboid": null,
            "local_to_world_matrix": [
                [
                    -0.7661012411117554,
                    0.33009007573127747,
                    0.5514795184135437,
                    0.0
                ],
                [
                    -0.4688208997249603,
                    -0.8739447593688965,
                    -0.1281711459159851,
                    0.0
                ],
                [
                    0.43965452909469604,
                    -0.3567371666431427,
                    0.8242830038070679,
                    0.0
                ],
                [
                    1.4931343793869019,
                    -0.4570518136024475,
                    -0.15687814354896545,
                    1.0
                ]
            ],
            "location": [
                0.4570518136024475,
                -0.15687814354896545,
                -1.4931343793869019
            ],
            "location_world": [
                1.4931343793869019,
                -0.4570518136024475,
                -0.15687814354896545
            ],
            "name": "google_Toys_R_Us_Treat_Dispenser_Smart_Puzzle_Foobler_4",
            "projected_cuboid": [
                [
                    414.4929051399231,
                    241.32800102233887
                ],
                [
                    477.9964089393616,
                    249.02629852294922
                ],
                [
                    465.36320447921753,
                    303.5978972911835
                ],
                [
                    399.5651602745056,
                    292.8675413131714
                ],
                [
                    421.3331341743469,
                    273.04813265800476
                ],
                [
                    480.3955554962158,
                    281.61537647247314
                ],
                [
                    468.8567519187927,
                    333.371102809906
                ],
                [
                    407.8097939491272,
                    322.0890164375305
                ],
                [
                    441.48707389831543,
                    287.03173995018005
                ]
            ],
            "provenance": "visii",
            "quaternion_xyzw": [
                0.5562678575515747,
                0.6406195163726807,
                0.5046303272247314,
                -0.15975317358970642
            ],
            "quaternion_xyzw_world": [
                0.26625198125839233,
                -0.13026270270347595,
                0.930635392665863,
                0.2146143913269043
            ],
            "segmentation_id": 5,
            "visibility": 0
        },
        {
            "bounding_box_minx_maxx_miny_maxy": [
                -1,
                -1,
                -1,
                -1
            ],
            "class": "Tag",
            "local_cuboid": null,
            "local_to_world_matrix": [
                [
                    0.8757838010787964,
                    0.3227396011352539,
                    -0.3589455485343933,
                    0.0
                ],
                [
                    -0.46742695569992065,
                    0.3814263939857483,
                    -0.7975124716758728,
                    0.0
                ],
                [
                    -0.12047742307186127,
                    0.8662293553352356,
                    0.4849042296409607,
                    0.0
                ],
                [
                    0.3423377573490143,
                    -0.3323737382888794,
                    -0.07627333700656891,
                    1.0
                ]
            ],
            "location": [
                0.3323737382888794,
                -0.07627333700656891,
                -0.3423377573490143
            ],
            "location_world": [
                0.3423377573490143,
                -0.3323737382888794,
                -0.07627333700656891
            ],
            "name": "google_Tag_Dishtowel_Basket_Weave_Red_18_x_26_5",
            "projected_cuboid": [
                [
                    662.4426245689392,
                    246.02314829826355
                ],
                [
                    638.099193572998,
                    557.9092502593994
                ],
                [
                    683.8810443878174,
                    582.4869871139526
                ],
                [
                    697.4284648895264,
                    267.70007610321045
                ],
                [
                    960.746705532074,
                    127.92198359966278
                ],
                [
                    1074.5351314544678,
                    601.1862754821777
                ],
                [
                    1143.7995433807373,
                    642.1346664428711
                ],
                [
                    1008.0671310424805,
                    161.19152307510376
                ],
                [
                    813.2346868515015,
                    370.1108992099762
                ]
            ],
            "provenance": "visii",
            "quaternion_xyzw": [
                -0.5818710923194885,
                0.3180997967720032,
                0.7484533786773682,
                0.007509186863899231
            ],
            "quaternion_xyzw_world": [
                -0.5023577213287354,
                0.07200414687395096,
                0.2385864555835724,
                0.8279666900634766
            ],
            "segmentation_id": 6,
            "visibility": 0
        },
        {
            "bounding_box_minx_maxx_miny_maxy": [
                -1,
                -1,
                -1,
                -1
            ],
            "class": "FRACTION",
            "local_cuboid": null,
            "local_to_world_matrix": [
                [
                    -0.5100674629211426,
                    -0.8596205711364746,
                    0.029729604721069336,
                    0.0
                ],
                [
                    -0.10096010565757751,
                    0.02550947666168213,
                    -0.9945634007453918,
                    0.0
                ],
                [
                    0.8541887402534485,
                    -0.5102958083152771,
                    -0.09979903697967529,
                    0.0
                ],
                [
                    0.4350152909755707,
                    0.4931792914867401,
                    0.033972203731536865,
                    1.0
                ]
            ],
            "location": [
                -0.4931792914867401,
                0.033972203731536865,
                -0.4350152909755707
            ],
            "location_world": [
                0.4350152909755707,
                0.4931792914867401,
                0.033972203731536865
            ],
            "name": "google_FRACTION_FUN_n4h4qte23QR_6",
            "projected_cuboid": [
                [
                    -292.65719652175903,
                    75.76613128185272
                ],
                [
                    -324.3999481201172,
                    339.3055200576782
                ],
                [
                    -416.2362813949585,
                    341.1511182785034
                ],
                [
                    -377.13897228240967,
                    52.87376046180725
                ],
                [
                    -373.16882610321045,
                    111.29727959632874
                ],
                [
                    -402.3522734642029,
                    329.77619767189026
                ],
                [
                    -482.93572664260864,
                    330.5128812789917
                ],
                [
                    -448.3758807182312,
                    95.30238807201385
                ],
                [
                    -391.2414312362671,
                    207.75160193443298
                ]
            ],
            "provenance": "visii",
            "quaternion_xyzw": [
                -0.9628567695617676,
                -0.0010957121849060059,
                -0.26493120193481445,
                -0.05212587118148804
            ],
            "quaternion_xyzw_world": [
                -0.37557360529899597,
                0.639409065246582,
                -0.58837890625,
                0.32235199213027954
            ],
            "segmentation_id": 7,
            "visibility": 0
        },
        {
            "bounding_box_minx_maxx_miny_maxy": [
                -1,
                -1,
                -1,
                -1
            ],
            "class": "FAIRY",
            "local_cuboid": null,
            "local_to_world_matrix": [
                [
                    0.2957724332809448,
                    -0.5488379597663879,
                    0.781853973865509,
                    0.0
                ],
                [
                    -0.6929088234901428,
                    0.440146267414093,
                    0.571094274520874,
                    0.0
                ],
                [
                    -0.6575682759284973,
                    -0.7106673717498779,
                    -0.25011157989501953,
                    0.0
                ],
                [
                    0.4220736026763916,
                    0.4474199414253235,
                    0.3775387704372406,
                    1.0
                ]
            ],
            "location": [
                -0.4474199414253235,
                0.3775387704372406,
                -0.4220736026763916
            ],
            "location_world": [
                0.4220736026763916,
                0.4474199414253235,
                0.3775387704372406
            ],
            "name": "google_FAIRY_TALE_BLOCKS_7",
            "projected_cuboid": [
                [
                    7.742032408714294,
                    -263.04763555526733
                ],
                [
                    -513.5970115661621,
                    -1105.076551437378
                ],
                [
                    -469.1150188446045,
                    -655.2805304527283
                ],
                [
                    -101.48125886917114,
                    -187.5348687171936
                ],
                [
                    -293.95633935928345,
                    -23.321181535720825
                ],
                [
                    -1451.4583349227905,
                    -985.3888750076294
                ],
                [
                    -927.634596824646,
                    -483.2063317298889
                ],
                [
                    -327.24177837371826,
                    -9.877711534500122
                ],
                [
                    -386.09325885772705,
                    -355.7441830635071
                ]
            ],
            "provenance": "visii",
            "quaternion_xyzw": [
                0.2829202115535736,
                0.3019470274448395,
                0.3666183352470398,
                0.8332917094230652
            ],
            "quaternion_xyzw_world": [
                0.5257703065872192,
                -0.5904416441917419,
                0.05909693241119385,
                0.6094684600830078
            ],
            "segmentation_id": 8,
            "visibility": 0
        },
        {
            "bounding_box_minx_maxx_miny_maxy": [
                38,
                64,
                331,
                370
            ],
            "class": "Great",
            "local_cuboid": null,
            "local_to_world_matrix": [
                [
                    -0.43327271938323975,
                    -0.3872053623199463,
                    -0.8138468861579895,
                    0.0
                ],
                [
                    0.6413854360580444,
                    -0.766862154006958,
                    0.02339300513267517,
                    0.0
                ],
                [
                    -0.6331662535667419,
                    -0.5118540525436401,
                    0.5806082487106323,
                    0.0
                ],
                [
                    1.2724324464797974,
                    0.29956409335136414,
                    -0.21084347367286682,
                    1.0
                ]
            ],
            "location": [
                -0.29956409335136414,
                -0.21084347367286682,
                -1.2724324464797974
            ],
            "location_world": [
                1.2724324464797974,
                0.29956409335136414,
                -0.21084347367286682
            ],
            "name": "google_Great_Jones_Wingtip_kAqSg6EgG0I_8",
            "projected_cuboid": [
                [
                    59.60261821746826,
                    358.63247513771057
                ],
                [
                    202.6004046201706,
                    338.1483554840088
                ],
                [
                    179.07293140888214,
                    362.999826669693
                ],
                [
                    40.94311594963074,
                    386.53045892715454
                ],
                [
                    44.643864035606384,
                    305.3815960884094
                ],
                [
                    184.69840288162231,
                    293.6882972717285
                ],
                [
                    162.90602087974548,
                    319.97475028038025
                ],
                [
                    27.636408805847168,
                    335.3610038757324
                ],
                [
                    117.94543266296387,
                    336.799681186676
                ]
            ],
            "provenance": "visii",
            "quaternion_xyzw": [
                0.4273892045021057,
                -0.027483612298965454,
                0.5528489947319031,
                -0.7148014903068542
            ],
            "quaternion_xyzw_world": [
                -0.43387243151664734,
                -0.1464601457118988,
                0.8337780237197876,
                -0.30841267108917236
            ],
            "segmentation_id": 9,
            "visibility": 1
        },
        {
            "bounding_box_minx_maxx_miny_maxy": [
                -1,
                -1,
                -1,
                -1
            ],
            "class": "Ecoforms",
            "local_cuboid": null,
            "local_to_world_matrix": [
                [
                    0.5393962264060974,
                    -0.4332755208015442,
                    -0.7220277190208435,
                    0.0
                ],
                [
                    0.8334384560585022,
                    0.3970373868942261,
                    0.38437163829803467,
                    0.0
                ],
                [
                    0.1201331615447998,
                    -0.8090943098068237,
                    0.5752689838409424,
                    0.0
                ],
                [
                    1.8351356983184814,
                    0.7941926121711731,
                    0.13868442177772522,
                    1.0
                ]
            ],
            "location": [
                -0.7941926121711731,
                0.13868442177772522,
                -1.8351356983184814
            ],
            "location_world": [
                1.8351356983184814,
                0.7941926121711731,
                0.13868442177772522
            ],
            "name": "google_Ecoforms_Plant_Container_Quadra_Sand_QP6_9",
            "projected_cuboid": [
                [
                    58.798402547836304,
                    206.92500472068787
                ],
                [
                    51.11250281333923,
                    188.15141916275024
                ],
                [
                    7.197126746177673,
                    217.28195250034332
                ],
                [
                    11.118412017822266,
                    238.8201355934143
                ],
                [
                    18.554776906967163,
                    156.2652289867401
                ],
                [
                    13.836100697517395,
                    140.7308280467987
                ],
                [
                    -32.904744148254395,
                    170.95151543617249
                ],
                [
                    -32.47535228729248,
                    189.47996199131012
                ],
                [
                    12.505248188972473,
                    188.7650489807129
                ]
            ],
            "provenance": "visii",
            "quaternion_xyzw": [
                -0.5406100749969482,
                0.5175009965896606,
                -0.12471932172775269,
                0.651443362236023
            ],
            "quaternion_xyzw_world": [
                0.3765268325805664,
                0.2656935155391693,
                -0.3996358811855316,
                0.792417585849762
            ],
            "segmentation_id": 10,
            "visibility": 0
        },
        {
            "bounding_box_minx_maxx_miny_maxy": [
                -1,
                -1,
                -1,
                -1
            ],
            "class": "ReadytoUse",
            "local_cuboid": null,
            "local_to_world_matrix": [
                [
                    -0.06762516498565674,
                    -0.7874764800071716,
                    -0.6126235723495483,
                    0.0
                ],
                [
                    0.052994608879089355,
                    0.6103273034095764,
                    -0.7903746962547302,
                    0.0
                ],
                [
                    0.9963023662567139,
                    -0.0859149694442749,
                    0.0004585385322570801,
                    0.0
                ],
                [
                    0.25463971495628357,
                    -0.2883491516113281,
                    -0.24945484101772308,
                    1.0
                ]
            ],
            "location": [
                0.2883491516113281,
                -0.24945484101772308,
                -0.25463971495628357
            ],
            "location_world": [
                0.25463971495628357,
                -0.2883491516113281,
                -0.24945484101772308
            ],
            "name": "google_ReadytoUse_Rolled_Fondant_Pure_White_24_oz_box_10",
            "projected_cuboid": [
                [
                    778.7652015686035,
                    636.3164186477661
                ],
                [
                    732.3898077011108,
                    689.7317171096802
                ],
                [
                    1019.5215940475464,
                    983.3130240440369
                ],
                [
                    1100.1614332199097,
                    896.9523906707764
                ],
                [
                    632.6261162757874,
                    523.1106281280518
                ],
                [
                    588.030755519867,
                    576.1876106262207
                ],
                [
                    772.8066444396973,
                    787.1187329292297
                ],
                [
                    848.3748435974121,
                    701.5343308448792
                ],
                [
                    776.4774560928345,
                    694.2181587219238
                ]
            ],
            "provenance": "visii",
            "quaternion_xyzw": [
                -0.9452715516090393,
                0.3234390318393707,
                -0.04060740768909454,
                0.014136984944343567
            ],
            "quaternion_xyzw_world": [
                -0.2835440933704376,
                0.6475905179977417,
                -0.33828848600387573,
                0.6211200952529907
            ],
            "segmentation_id": 11,
            "visibility": 0
        },
        {
            "bounding_box_minx_maxx_miny_maxy": [
                323,
                499,
                79,
                379
            ],
            "class": "Dog",
            "local_cuboid": null,
            "local_to_world_matrix": [
                [
                    -0.9022226333618164,
                    -0.42368263006210327,
                    -0.08054399490356445,
                    0.0
                ],
                [
                    -0.017714962363243103,
                    0.22301000356674194,
                    -0.9746552109718323,
                    0.0
                ],
                [
                    0.43090659379959106,
                    -0.877929151058197,
                    -0.2087101936340332,
                    0.0
                ],
                [
                    0.36288216710090637,
                    -0.0710170641541481,
                    0.015501956455409527,
                    1.0
                ]
            ],
            "location": [
                0.0710170641541481,
                0.015501956455409527,
                -0.36288216710090637
            ],
            "location_world": [
                0.36288216710090637,
                -0.0710170641541481,
                0.015501956455409527
            ],
            "name": "google_Dog_11",
            "projected_cuboid": [
                [
                    806.519091129303,
                    154.21228110790253
                ],
                [
                    738.2826805114746,
                    475.0780165195465
                ],
                [
                    488.0526661872864,
                    452.379047870636
                ],
                [
                    582.2267532348633,
                    24.893656373023987
                ],
                [
                    488.5275661945343,
                    170.07756233215332
                ],
                [
                    444.3715810775757,
                    368.8346743583679
                ],
                [
                    252.6676058769226,
                    336.70884370803833
                ],
                [
                    306.2956631183624,
                    101.63538157939911
                ],
                [
                    488.3779287338257,
                    259.0412497520447
                ]
            ],
            "provenance": "visii",
            "quaternion_xyzw": [
                -0.8410179018974304,
                0.09023410081863403,
                -0.5291658639907837,
                -0.06730687618255615
            ],
            "quaternion_xyzw_world": [
                -0.14446240663528442,
                0.7638623714447021,
                -0.606321394443512,
                0.1673896312713623
            ],
            "segmentation_id": 12,
            "visibility": 1
        },
        {
            "bounding_box_minx_maxx_miny_maxy": [
                -1,
                -1,
                -1,
                -1
            ],
            "class": "Black",
            "local_cuboid": null,
            "local_to_world_matrix": [
                [
                    -0.38653016090393066,
                    -0.470659077167511,
                    -0.7931424379348755,
                    0.0
                ],
                [
                    0.8195287585258484,
                    0.21919184923171997,
                    -0.5294599533081055,
                    0.0
                ],
                [
                    0.4230456054210663,
                    -0.8546550273895264,
                    0.3009941577911377,
                    0.0
                ],
                [
                    0.44326961040496826,
                    -0.42613551020622253,
                    0.3946593403816223,
                    1.0
                ]
            ],
            "location": [
                0.42613551020622253,
                0.3946593403816223,
                -0.44326961040496826
            ],
            "location_world": [
                0.44326961040496826,
                -0.42613551020622253,
                0.3946593403816223
            ],
            "name": "google_Black_Elderberry_Syrup_54_oz_Gaia_Herbs_12",
            "projected_cuboid": [
                [
                    982.9760789871216,
                    -304.6038746833801
                ],
                [
                    899.3381857872009,
                    -216.27822518348694
                ],
                [
                    822.6843476295471,
                    -221.234530210495
                ],
                [
                    909.8079204559326,
                    -323.43631982803345
                ],
                [
                    917.0237183570862,
                    -335.329532623291
                ],
                [
                    842.721700668335,
                    -247.860848903656
                ],
                [
                    762.342631816864,
                    -256.63959980010986
                ],
                [
                    838.1994366645813,
                    -357.580304145813
                ],
                [
                    871.5978860855103,
                    -280.3910970687866
                ]
            ],
            "provenance": "visii",
            "quaternion_xyzw": [
                -0.7783259153366089,
                0.3251640796661377,
                -0.39867132902145386,
                0.35991451144218445
            ],
            "quaternion_xyzw_world": [
                0.15271201729774475,
                0.5711234211921692,
                -0.6058738231658936,
                0.5323665738105774
            ],
            "segmentation_id": 13,
            "visibility": 0
        },
        {
            "bounding_box_minx_maxx_miny_maxy": [
                -1,
                -1,
                -1,
                -1
            ],
            "class": "Razer",
