{
    "camera_data": {
        "camera_look_at": {
            "at": [
                1.0,
                0.0,
                0.0
            ],
            "eye": [
                0.0,
                0.0,
                0.0
            ],
            "up": [
                0.0,
                0.0,
                1.0
            ]
        },
        "camera_view_matrix": [
            [
                0.0,
                0.0,
                -1.0,
                0.0
            ],
            [
                -1.0,
                0.0,
                0.0,
                0.0
            ],
            [
                0.0,
                1.0,
                0.0,
                0.0
            ],
            [
                0.0,
                0.0,
                0.0,
                1.0
            ]
        ],
        "height": 500,
        "intrinsics": {
            "cx": 250.0,
            "cy": 250.0,
            "fx": 603.5535278320312,
            "fy": 603.5535278320312
        },
        "location_world": [
            0.0,
            0.0,
            0.0
        ],
        "quaternion_world_xyzw": [
            0.5,
            -0.5,
            -0.5,
            0.5
        ],
        "width": 500
    },
    "objects": [
        {
            "bounding_box_minx_maxx_miny_maxy": [
                -1,
                -1,
                -1,
                -1
            ],
            "class": "Reebok",
            "local_cuboid": null,
            "local_to_world_matrix": [
                [
                    -0.2915080785751343,
                    -0.9561717510223389,
                    -0.02754223346710205,
                    0.0
                ],
                [
                    -0.5882200002670288,
                    0.15647649765014648,
                    0.7934180498123169,
                    0.0
                ],
                [
                    -0.7543342709541321,
                    0.24748870730400085,
                    -0.6080535650253296,
                    0.0
                ],
                [
                    0.5882164835929871,
                    0.4941820502281189,
                    8.221613825298846e-05,
                    1.0
                ]
            ],
            "location": [
                -0.4941820502281189,
                8.221613825298846e-05,
                -0.5882164835929871
            ],
            "location_world": [
                0.5882164835929871,
                0.4941820502281189,
                8.221613825298846e-05
            ],
            "name": "google_Reebok_SOMERSET_RUN_0",
            "projected_cuboid": [
                [
                    -221.9868004322052,
                    449.09852743148804
                ],
                [
                    -495.42802572250366,
                    183.23981761932373
                ],
                [
                    -325.3445029258728,
                    107.5674295425415
                ],
                [
                    -132.80212879180908,
                    357.8367233276367
                ],
                [
                    -304.21602725982666,
                    435.12988090515137
                ],
                [
                    -589.6232724189758,
                    183.9827597141266
                ],
                [
                    -414.42394256591797,
                    112.98489570617676
                ],
                [
                    -208.85446667671204,
                    349.9852120876312
                ],
                [
                    -313.64065408706665,
                    289.0143692493439
                ]
            ],
            "provenance": "visii",
            "quaternion_xyzw": [
                -0.3195384740829468,
                0.1439722627401352,
                -0.034439802169799805,
                -0.9359385967254639
            ],
            "quaternion_xyzw_world": [
                -0.5385324954986572,
                0.7169445753097534,
                0.36296626925468445,
                -0.25343382358551025
            ],
            "segmentation_id": 1,
            "visibility": 0
        },
        {
            "bounding_box_minx_maxx_miny_maxy": [
                -1,
                -1,
                -1,
                -1
            ],
            "class": "Breyer",
            "local_cuboid": null,
            "local_to_world_matrix": [
                [
                    0.8282171487808228,
                    0.5409023761749268,
                    0.14656414091587067,
                    0.0
                ],
                [
                    0.17642101645469666,
                    -0.003421187400817871,
                    -0.9843088984489441,
                    0.0
                ],
                [
                    -0.5319135785102844,
                    0.8410784602165222,
                    -0.09826004505157471,
                    0.0
                ],
                [
                    0.28547966480255127,
                    -0.4902937114238739,
                    0.03733069822192192,
                    1.0
                ]
            ],
            "location": [
                0.4902937114238739,
                0.03733069822192192,
                -0.28547966480255127
            ],
            "location_world": [
                0.28547966480255127,
                -0.4902937114238739,
                0.03733069822192192
            ],
            "name": "google_Breyer_Horse_Of_The_Year_2015_1",
            "projected_cuboid": [
                [
                    855.486273765564,
                    124.8328685760498
                ],
                [
                    835.8166813850403,
                    240.5279278755188
                ],
                [
                    913.0643010139465,
                    219.14376318454742
                ],
                [
                    930.5771589279175,
                    127.77584791183472
                ],
                [
                    2666.996717453003,
                    91.56189858913422
                ],
                [
                    2455.6221961975098,
                    401.41019225120544
                ],
                [
                    1938.878893852234,
                    292.83684492111206
                ],
                [
                    2030.1055908203125,
                    112.00323700904846
                ],
                [
                    1287.8553867340088,
                    191.88129901885986
                ]
            ],
            "provenance": "visii",
            "quaternion_xyzw": [
                -0.47736072540283203,
                -0.07854927331209183,
                0.87423175573349,
                0.040933914482593536
            ],
            "quaternion_xyzw_world": [
                -0.6946039199829102,
                -0.25817713141441345,
                0.1386939436197281,
                0.6569885611534119
            ],
            "segmentation_id": 2,
            "visibility": 0
        },
        {
            "bounding_box_minx_maxx_miny_maxy": [
                0,
                99,
                24,
                175
            ],
            "class": "Smith",
            "local_cuboid": null,
            "local_to_world_matrix": [
                [
                    0.3916739225387573,
                    0.5806758403778076,
                    -0.7137278318405151,
                    0.0
                ],
                [
                    0.8085026741027832,
                    0.15308666229248047,
                    0.568232536315918,
                    0.0
                ],
                [
                    0.43922117352485657,
                    -0.7996126413345337,
                    -0.40951788425445557,
                    0.0
                ],
                [
                    1.5260472297668457,
                    0.6936272382736206,
                    0.42016515135765076,
                    1.0
                ]
            ],
            "location": [
                -0.6936272382736206,
                0.42016515135765076,
                -1.5260472297668457
            ],
            "location_world": [
                1.5260472297668457,
                0.6936272382736206,
                0.42016515135765076
            ],
            "name": "google_Smith_Hawken_Woven_BasketTray_Organizer_with_3_Compartments_95_x_9_x_13_2",
            "projected_cuboid": [
                [
                    38.665786385536194,
                    209.8439484834671
                ],
                [
                    49.78324472904205,
                    165.85305333137512
                ],
                [
                    -40.45450687408447,
                    120.9159642457962
                ],
                [
                    -65.05012512207031,
                    162.11575269699097
                ],
                [
                    104.45912182331085,
                    100.10404884815216
                ],
                [
                    108.34188759326935,
                    66.03483855724335
                ],
                [
                    14.356791973114014,
                    9.459137916564941
                ],
                [
                    -4.3603479862213135,
                    37.782445549964905
                ],
                [
                    26.707664132118225,
                    111.27042770385742
                ]
            ],
            "provenance": "visii",
            "quaternion_xyzw": [
                -0.26940348744392395,
                0.8043832182884216,
                -0.3785572350025177,
                0.3702484667301178
            ],
            "quaternion_xyzw_world": [
                0.6418927311897278,
                0.5410477519035339,
                -0.10691297054290771,
                0.532738983631134
            ],
            "segmentation_id": 3,
            "visibility": 1
        },
        {
            "bounding_box_minx_maxx_miny_maxy": [
                -1,
                -1,
                -1,
                -1
            ],
            "class": "Paul",
            "local_cuboid": null,
            "local_to_world_matrix": [
                [
                    0.9518770575523376,
                    0.07618927955627441,
                    0.2968590259552002,
                    0.0
                ],
                [
                    -0.21693718433380127,
                    0.8516994118690491,
                    0.47701820731163025,
                    0.0
                ],
                [
                    -0.2164909839630127,
                    -0.5184624195098877,
                    0.8272414207458496,
                    0.0
                ],
                [
                    1.0427123308181763,
                    -0.3545314073562622,
                    0.43003568053245544,
                    1.0
                ]
            ],
            "location": [
                0.3545314073562622,
                0.43003568053245544,
                -1.0427123308181763
            ],
            "location_world": [
                1.0427123308181763,
                -0.3545314073562622,
                0.43003568053245544
            ],
            "name": "google_Paul_Frank_Dot_Lunch_Box_3",
            "projected_cuboid": [
                [
                    522.7596759796143,
                    -89.39912915229797
                ],
                [
                    478.39704155921936,
                    -124.65852499008179
                ],
                [
                    405.7149589061737,
                    -8.244842290878296
                ],
                [
                    449.6311545372009,
                    23.204505443572998
                ],
                [
                    614.3216490745544,
                    -132.5097680091858
                ],
                [
                    559.4664812088013,
                    -179.27876114845276
                ],
                [
                    462.17599511146545,
                    -27.62100100517273
                ],
                [
                    516.5172219276428,
                    12.800395488739014
                ],
                [
                    495.7992434501648,
                    -61.90720200538635
                ]
            ],
            "provenance": "visii",
            "quaternion_xyzw": [
                -0.23994873464107513,
                0.578082263469696,
                0.4515700340270996,
                0.6358694434165955
            ],
            "quaternion_xyzw_world": [
                0.26121649146080017,
                -0.13470426201820374,
                0.07691708207130432,
                0.9527352452278137
            ],
            "segmentation_id": 4,
            "visibility": 0
        },
        {
            "bounding_box_minx_maxx_miny_maxy": [
                -1,
                -1,
                -1,
                -1
            ],
            "class": "Toys",
            "local_cuboid": null,
            "local_to_world_matrix": [
                [
                    0.8240816593170166,
                    0.23701056838035583,
                    -0.5145050287246704,
                    0.0
                ],
                [
                    -0.5655238628387451,
                    0.39671826362609863,
                    -0.7230473160743713,
                    0.0
                ],
                [
                    0.03274369239807129,
                    0.8868148922920227,
                    0.4609633684158325,
                    0.0
                ],
                [
                    1.4354575872421265,
                    -0.5384206175804138,
                    0.029074372723698616,
                    1.0
                ]
            ],
            "location": [
                0.5384206175804138,
                0.029074372723698616,
                -1.4354575872421265
            ],
            "location_world": [
                1.4354575872421265,
                -0.5384206175804138,
                0.029074372723698616
            ],
            "name": "google_Toys_R_Us_Treat_Dispenser_Smart_Puzzle_Foobler_4",
            "projected_cuboid": [
                [
                    411.66505217552185,
                    204.90577816963196
                ],
                [
                    396.06958627700806,
                    248.19934368133545
                ],
                [
                    452.999472618103,
                    277.5230407714844
                ],
                [
                    465.43386578559875,
                    232.43403434753418
                ],
                [
                    441.76292419433594,
                    167.02738404273987
                ],
                [
                    426.6408383846283,
                    211.988627910614
                ],
                [
                    489.15165662765503,
                    243.99040639400482
                ],
                [
                    500.4829168319702,
                    196.9013512134552
                ],
                [
                    447.4503993988037,
                    222.956120967865
                ]
            ],
            "provenance": "visii",
            "quaternion_xyzw": [
                -0.6161940097808838,
                0.3696981966495514,
                0.6941387057304382,
                -0.04242192208766937
            ],
            "quaternion_xyzw_world": [
                -0.4915282428264618,
                0.16708771884441376,
                0.2450323849916458,
                0.8188045024871826
            ],
            "segmentation_id": 5,
            "visibility": 0
        },
        {
            "bounding_box_minx_maxx_miny_maxy": [
                -1,
                -1,
                -1,
                -1
            ],
            "class": "Tag",
            "local_cuboid": null,
            "local_to_world_matrix": [
                [
                    0.6616754531860352,
                    0.5262293219566345,
                    -0.5341053009033203,
                    0.0
                ],
                [
                    -0.7275778651237488,
                    0.2785252332687378,
                    -0.6269406080245972,
                    0.0
                ],
                [
                    -0.18115252256393433,
                    0.8034343719482422,
                    0.5671659708023071,
                    0.0
                ],
                [
                    0.34062740206718445,
                    -0.2775355577468872,
                    -0.024426814168691635,
                    1.0
                ]
            ],
            "location": [
                0.2775355577468872,
                -0.024426814168691635,
                -0.34062740206718445
            ],
            "location_world": [
                0.34062740206718445,
                -0.2775355577468872,
                -0.024426814168691635
            ],
            "name": "google_Tag_Dishtowel_Basket_Weave_Red_18_x_26_5",
            "projected_cuboid": [
                [
                    551.1993765830994,
                    220.8023965358734
                ],
                [
                    590.0778770446777,
                    492.8475022315979
                ],
                [
                    637.3329162597656,
                    526.1499881744385
                ],
                [
                    582.3343992233276,
                    245.95077335834503
                ],
                [
                    794.2593097686768,
                    60.1365864276886
                ],
                [
                    1069.272518157959,
                    350.07286071777344
                ],
                [
                    1128.091812133789,
                    406.7395329475403
                ],
                [
                    830.7560086250305,
                    95.7251638174057
                ],
                [
                    721.6559052467346,
                    275.74190497398376
                ]
            ],
            "provenance": "visii",
            "quaternion_xyzw": [
                -0.4794681966304779,
                0.42371463775634766,
                0.7639245390892029,
                -0.08364038169384003
            ],
            "quaternion_xyzw_world": [
                -0.451659232378006,
                0.11144936084747314,
                0.39590567350387573,
                0.7917335033416748
            ],
            "segmentation_id": 6,
            "visibility": 0
        },
        {
            "bounding_box_minx_maxx_miny_maxy": [
                -1,
                -1,
                -1,
                -1
            ],
            "class": "FRACTION",
            "local_cuboid": null,
            "local_to_world_matrix": [
                [
                    -0.18023920059204102,
                    -0.052688419818878174,
                    -0.9822106957435608,
                    0.0
                ],
                [
                    0.9620856642723083,
                    0.19837379455566406,
                    -0.18718740344047546,
                    0.0
                ],
                [
                    0.2047075629234314,
                    -0.9787092208862305,
                    0.014935910701751709,
                    0.0
                ],
                [
                    0.4325699508190155,
                    0.5869231224060059,
                    0.03272064030170441,
                    1.0
                ]
            ],
            "location": [
                -0.5869231224060059,
                0.03272064030170441,
                -0.4325699508190155
            ],
            "location_world": [
                0.4325699508190155,
                0.5869231224060059,
                0.03272064030170441
            ],
            "name": "google_FRACTION_FUN_n4h4qte23QR_6",
            "projected_cuboid": [
                [
                    -688.7378096580505,
                    312.9540681838989
                ],
                [
                    -401.9928574562073,
                    332.13725686073303
                ],
                [
                    -464.4387364387512,
                    334.36450362205505
                ],
                [
                    -793.9482927322388,
                    315.89746475219727
                ],
                [
                    -623.0379939079285,
                    24.057820439338684
                ],
                [
                    -374.60821866989136,
                    138.01045715808868
                ],
                [
                    -432.94334411621094,
                    136.88120245933533
                ],
                [
                    -717.3055410385132,
                    19.495606422424316
                ],
                [
                    -530.9084057807922,
                    204.3139934539795
                ]
            ],
            "provenance": "visii",
            "quaternion_xyzw": [
                -0.6009541153907776,
                0.4911293089389801,
                -0.4821285009384155,
                0.40644600987434387
            ],
            "quaternion_xyzw_world": [
                0.38937482237815857,
                0.5838829278945923,
                -0.49919968843460083,
                0.508200466632843
            ],
            "segmentation_id": 7,
            "visibility": 0
        },
        {
            "bounding_box_minx_maxx_miny_maxy": [
                -1,
                -1,
                -1,
                -1
            ],
            "class": "FAIRY",
            "local_cuboid": null,
            "local_to_world_matrix": [
                [
                    0.37643349170684814,
                    -0.3960492014884949,
                    0.8375218510627747,
                    0.0
                ],
                [
                    -0.8411427140235901,
                    0.23279434442520142,
                    0.48814523220062256,
                    0.0
                ],
                [
                    -0.3882998824119568,
                    -0.8882296085357666,
                    -0.24550223350524902,
                    0.0
                ],
                [
                    0.4474739134311676,
                    0.47181811928749084,
                    0.38972702622413635,
                    1.0
                ]
            ],
            "location": [
                -0.47181811928749084,
                0.38972702622413635,
                -0.4474739134311676
            ],
            "location_world": [
                0.4474739134311676,
                0.47181811928749084,
                0.38972702622413635
            ],
            "name": "google_FAIRY_TALE_BLOCKS_7",
            "projected_cuboid": [
                [
                    25.098562240600586,
                    -185.4507327079773
                ],
                [
                    -269.8283791542053,
                    -776.684045791626
                ],
                [
                    -464.58202600479126,
                    -630.7329535484314
                ],
                [
                    -140.16234874725342,
                    -177.74981260299683
                ],
                [
                    -163.12390565872192,
                    13.164907693862915
                ],
                [
                    -800.1679182052612,
                    -631.4948797225952
                ],
                [
                    -898.9982604980469,
                    -481.9868206977844
                ],
                [
                    -326.63440704345703,
                    -11.30029559135437
                ],
                [
                    -305.82767724990845,
                    -291.64254665374756
                ]
            ],
            "provenance": "visii",
            "quaternion_xyzw": [
                0.36041784286499023,
                0.41946280002593994,
                0.35500192642211914,
                0.7537397146224976
            ],
            "quaternion_xyzw_world": [
                0.5893092155456543,
                -0.5248483419418335,
                0.19057142734527588,
                0.5838932991027832
            ],
            "segmentation_id": 8,
            "visibility": 0
        },
        {
            "bounding_box_minx_maxx_miny_maxy": [
                26,
                133,
                466,
                500
            ],
            "class": "Great",
            "local_cuboid": null,
            "local_to_world_matrix": [
                [
                    -0.40222156047821045,
                    0.691435694694519,
                    0.6001119613647461,
                    0.0
                ],
                [
                    0.5957419872283936,
                    0.6953831911087036,
                    -0.40191254019737244,
                    0.0
                ],
                [
                    -0.695204496383667,
                    0.1958540380001068,
                    -0.6916153430938721,
                    0.0
                ],
                [
                    1.2106356620788574,
                    0.3295391798019409,
                    -0.4600425362586975,
                    1.0
                ]
            ],
            "location": [
                -0.3295391798019409,
                -0.4600425362586975,
                -1.2106356620788574
            ],
            "location_world": [
                1.2106356620788574,
                0.3295391798019409,
                -0.4600425362586975
            ],
            "name": "google_Great_Jones_Wingtip_kAqSg6EgG0I_8",
            "projected_cuboid": [
                [
                    82.68211781978607,
                    512.8673315048218
                ],
                [
                    -0.3814101219177246,
                    535.182535648346
                ],
                [
                    25.56544542312622,
                    480.5244505405426
                ],
                [
                    107.03592002391815,
                    450.54447650909424
                ],
                [
                    133.49278271198273,
                    539.7573709487915
                ],
                [
                    45.83515226840973,
                    557.2630167007446
                ],
                [
                    68.15037131309509,
                    503.13258171081543
                ],
                [
                    153.36667001247406,
                    478.01530361175537
                ],
                [
                    74.45551455020905,
                    507.3564052581787
                ]
            ],
            "provenance": "visii",
            "quaternion_xyzw": [
                -0.061790525913238525,
                0.38546034693717957,
                -0.8349480628967285,
                -0.38789692521095276
            ],
            "quaternion_xyzw_world": [
                0.385360449552536,
                0.8350479006767273,
                -0.061690621078014374,
                -0.3877970576286316
            ],
            "segmentation_id": 9,
            "visibility": 1
        },
        {
            "bounding_box_minx_maxx_miny_maxy": [
                24,
                51,
                194,
                253
            ],
            "class": "Ecoforms",
            "local_cuboid": null,
            "local_to_world_matrix": [
                [
                    0.8563371300697327,
                    -0.5152373313903809,
                    0.03488892316818237,
                    0.0
                ],
                [
                    -0.12062601745128632,
                    -0.13387775421142578,
                    0.9836291074752808,
                    0.0
                ],
                [
                    -0.5021315813064575,
                    -0.8465266227722168,
                    -0.17679548263549805,
                    0.0
                ],
                [
                    1.9383745193481445,
                    0.8331849575042725,
                    0.11083206534385681,
                    1.0
                ]
            ],
            "location": [
                -0.8331849575042725,
                0.11083206534385681,
                -1.9383745193481445
            ],
            "location_world": [
                1.9383745193481445,
                0.8331849575042725,
                0.11083206534385681
            ],
            "name": "google_Ecoforms_Plant_Container_Quadra_Sand_QP6_9",
            "projected_cuboid": [
                [
                    47.14295268058777,
                    252.8347373008728
                ],
                [
                    52.710577845573425,
                    194.19297575950623
                ],
                [
                    18.15056800842285,
                    187.59049475193024
                ],
                [
                    13.20512592792511,
                    243.8638061285019
                ],
                [
                    -4.583895206451416,
                    255.3410828113556
                ],
                [
                    0.8254051208496094,
                    191.30289554595947
                ],
                [
                    -34.40815210342407,
                    184.24972891807556
                ],
                [
                    -39.13992643356323,
                    245.4739212989807
                ],
                [
                    7.4568986892700195,
                    219.45849061012268
                ]
            ],
            "provenance": "visii",
            "quaternion_xyzw": [
                0.08584390580654144,
                0.4914926588535309,
                -0.028570830821990967,
                0.8661695122718811
            ],
            "quaternion_xyzw_world": [
                0.7360384464263916,
                -0.21597491204738617,
                -0.1587018519639969,
                0.621623694896698
            ],
            "segmentation_id": 10,
            "visibility": 1
        },
        {
            "bounding_box_minx_maxx_miny_maxy": [
                -1,
                -1,
                -1,
                -1
            ],
            "class": "ReadytoUse",
            "local_cuboid": null,
            "local_to_world_matrix": [
                [
                    0.36161112785339355,
                    -0.4356164336204529,
                    -0.8243032097816467,
                    0.0
                ],
                [
                    -0.08549988269805908,
                    0.8649134039878845,
                    -0.4945852756500244,
                    0.0
                ],
                [
                    0.9284003376960754,
                    0.24932539463043213,
                    0.27551716566085815,
                    0.0
                ],
                [
                    0.2573210597038269,
                    -0.2624647617340088,
                    -0.26029354333877563,
                    1.0
                ]
            ],
            "location": [
                0.2624647617340088,
                -0.26029354333877563,
                -0.2573210597038269
            ],
            "location_world": [
                0.2573210597038269,
                -0.2624647617340088,
                -0.26029354333877563
            ],
            "name": "google_ReadytoUse_Rolled_Fondant_Pure_White_24_oz_box_10",
            "projected_cuboid": [
                [
                    619.4595694541931,
                    596.8019962310791
                ],
                [
                    563.9131665229797,
                    633.9694261550903
                ],
                [
                    832.8467607498169,
                    952.1040320396423
                ],
                [
                    915.2929186820984,
                    889.501690864563
                ],
                [
                    579.5152187347412,
                    481.8640351295471
                ],
                [
                    517.267107963562,
                    521.9889879226685
                ],
                [
                    805.6274652481079,
                    824.9564170837402
                ],
                [
                    903.8394689559937,
                    752.998411655426
                ],
                [
                    684.1381192207336,
                    676.0675311088562
                ]
            ],
            "provenance": "visii",
            "quaternion_xyzw": [
                -0.8453700542449951,
                0.4995494484901428,
                0.1806713342666626,
                0.056193526834249496
            ],
            "quaternion_xyzw_world": [
                -0.23514920473098755,
                0.5540273189544678,
                -0.11067139357328415,
                0.7908921837806702
            ],
            "segmentation_id": 11,
            "visibility": 0
        },
        {
            "bounding_box_minx_maxx_miny_maxy": [
                326,
                499,
                1,
                192
            ],
            "class": "Dog",
            "local_cuboid": null,
            "local_to_world_matrix": [
                [
                    -0.7102630138397217,
                    0.5807750225067139,
                    -0.3977772891521454,
                    0.0
                ],
                [
                    0.7024039030075073,
                    0.547452986240387,
                    -0.4548890292644501,
                    0.0
                ],
                [
                    -0.04642382264137268,
                    -0.6024911999702454,
                    -0.79677414894104,
                    0.0
                ],
                [
                    0.36033788323402405,
                    -0.08386670053005219,
                    0.12487548589706421,
                    1.0
                ]
            ],
            "location": [
                0.08386670053005219,
                0.12487548589706421,
                -0.36033788323402405
            ],
            "location_world": [
                0.36033788323402405,
                -0.08386670053005219,
                0.12487548589706421
            ],
            "name": "google_Dog_11",
            "projected_cuboid": [
                [
                    805.1597476005554,
                    366.3645386695862
                ],
                [
                    402.19730138778687,
                    474.222868680954
                ],
                [
                    186.21176481246948,
                    187.96853721141815
                ],
                [
                    437.86048889160156,
                    -92.3234224319458
                ],
                [
                    777.4681448936462,
                    162.2355878353119
                ],
                [
                    515.2404308319092,
                    288.01429271698
                ],
                [
                    367.4182891845703,
                    98.2334166765213
                ],
                [
                    571.7990398406982,
                    -90.43565392494202
                ],
                [
                    492.1768307685852,
                    174.65218901634216
                ]
            ],
            "provenance": "visii",
            "quaternion_xyzw": [
                -0.45488739013671875,
                0.5194858312606812,
                -0.7214720249176025,
                -0.051864683628082275
            ],
            "quaternion_xyzw_world": [
                0.3671029210090637,
                0.8738549947738647,
                -0.3025044798851013,
                0.10051824152469635
            ],
            "segmentation_id": 12,
            "visibility": 1
        },
        {
            "bounding_box_minx_maxx_miny_maxy": [
                -1,
                -1,
                -1,
                -1
            ],
            "class": "Black",
            "local_cuboid": null,
            "local_to_world_matrix": [
                [
                    0.35905998945236206,
                    0.8488397598266602,
                    0.38800397515296936,
                    0.0
                ],
                [
                    -0.6000961065292358,
                    0.5283706784248352,
                    -0.6005906462669373,
                    0.0
                ],
                [
                    -0.7148151397705078,
                    -0.017191588878631592,
                    0.6991021633148193,
                    0.0
                ],
                [
                    0.4479885995388031,
                    -0.43086355924606323,
                    0.41999438405036926,
                    1.0
                ]
            ],
            "location": [
                0.43086355924606323,
                0.41999438405036926,
                -0.4479885995388031
            ],
            "location_world": [
                0.4479885995388031,
                -0.43086355924606323,
                0.41999438405036926
            ],
            "name": "google_Black_Elderberry_Syrup_54_oz_Gaia_Herbs_12",
            "projected_cuboid": [
                [
                    938.7121200561523,
                    -642.2569751739502
                ],
                [
                    955.2744030952454,
                    -672.6028919219971
                ],
                [
                    785.7823967933655,
                    -316.35648012161255
                ],
                [
                    785.4570150375366,
                    -319.16481256484985
                ],
                [
                    1062.1031522750854,
                    -656.2580466270447
                ],
                [
                    1093.57488155365,
                    -690.1423335075378
                ],
                [
                    881.6469311714172,
                    -312.16317415237427
                ],
                [
                    873.8431930541992,
                    -315.42444229125977
                ],
                [
                    908.4597826004028,
                    -467.2616720199585
                ]
            ],
            "provenance": "visii",
            "quaternion_xyzw": [
                -0.09609346091747284,
                0.3651828467845917,
                0.8894162774085999,
                0.2575775682926178
            ],
            "quaternion_xyzw_world": [
                -0.1813746988773346,
                -0.34285876154899597,
                0.45046406984329224,
                0.8041350841522217
            ],
            "segmentation_id": 13,
            "visibility": 0
        },
        {
            "bounding_box_minx_maxx_miny_maxy": [
                0,
                17,
                172,
                190
            ],
