{
    "camera_data": {
        "camera_look_at": {
            "at": [
                1.0,
                0.0,
                0.0
            ],
            "eye": [
                0.0,
                0.0,
                0.0
            ],
            "up": [
                0.0,
                0.0,
                1.0
            ]
        },
        "camera_view_matrix": [
            [
                0.0,
                0.0,
                -1.0,
                0.0
            ],
            [
                -1.0,
                0.0,
                0.0,
                0.0
            ],
            [
                0.0,
                1.0,
                0.0,
                0.0
            ],
            [
                0.0,
                0.0,
                0.0,
                1.0
            ]
        ],
        "height": 500,
        "intrinsics": {
            "cx": 250.0,
            "cy": 250.0,
            "fx": 603.5535278320312,
            "fy": 603.5535278320312
        },
        "location_world": [
            0.0,
            0.0,
            0.0
        ],
        "quaternion_world_xyzw": [
            0.5,
            -0.5,
            -0.5,
            0.5
        ],
        "width": 500
    },
    "objects": [
        {
            "bounding_box_minx_maxx_miny_maxy": [
                -1,
                -1,
                -1,
                -1
            ],
            "class": "Reebok",
            "local_cuboid": null,
            "local_to_world_matrix": [
                [
                    0.0732346773147583,
                    0.774005651473999,
                    -0.6289292573928833,
                    0.0
                ],
                [
                    0.7631385326385498,
                    0.36250412464141846,
                    0.5349862575531006,
                    0.0
                ],
                [
                    0.6420718431472778,
                    -0.5191397666931152,
                    -0.564125657081604,
                    0.0
                ],
                [
                    0.7560060024261475,
                    0.43336430191993713,
                    -0.10298901051282883,
                    1.0
                ]
            ],
            "location": [
                -0.43336430191993713,
                -0.10298901051282883,
                -0.7560060024261475
            ],
            "location_world": [
                0.7560060024261475,
                0.43336430191993713,
                -0.10298901051282883
            ],
            "name": "google_Reebok_SOMERSET_RUN_0",
            "projected_cuboid": [
                [
                    -53.69764566421509,
                    485.6330156326294
                ],
                [
                    -49.685537815093994,
                    330.1578760147095
                ],
                [
                    -117.04376339912415,
                    291.66561365127563
                ],
                [
                    -144.71837878227234,
                    451.7570734024048
                ],
                [
                    16.566291451454163,
                    428.4101724624634
                ],
                [
                    3.8841068744659424,
                    285.18953919410706
                ],
                [
                    -59.49404835700989,
                    242.44658648967743
                ],
                [
                    -67.44727492332458,
                    387.4329924583435
                ],
                [
                    -56.8525493144989,
                    353.26889157295227
                ]
            ],
            "provenance": "visii",
            "quaternion_xyzw": [
                -0.28856539726257324,
                0.8589329719543457,
                -0.3863118886947632,
                0.17241579294204712
            ],
            "quaternion_xyzw_world": [
                0.5645476579666138,
                0.6806972622871399,
                0.0058199684135615826,
                0.46680116653442383
            ],
            "segmentation_id": 1,
            "visibility": 0
        },
        {
            "bounding_box_minx_maxx_miny_maxy": [
                -1,
                -1,
                -1,
                -1
            ],
            "class": "Breyer",
            "local_cuboid": null,
            "local_to_world_matrix": [
                [
                    0.7684226632118225,
                    -0.6226261258125305,
                    -0.1478624939918518,
                    0.0
                ],
                [
                    0.572806179523468,
                    0.5661710500717163,
                    0.5927423238754272,
                    0.0
                ],
                [
                    -0.28534138202667236,
                    -0.5401731729507446,
                    0.7917027473449707,
                    0.0
                ],
                [
                    0.4909018576145172,
                    -0.2666202485561371,
                    -0.08208541572093964,
                    1.0
                ]
            ],
            "location": [
                0.2666202485561371,
                -0.08208541572093964,
                -0.4909018576145172
            ],
            "location_world": [
                0.4909018576145172,
                -0.2666202485561371,
                -0.08208541572093964
            ],
            "name": "google_Breyer_Horse_Of_The_Year_2015_1",
            "projected_cuboid": [
                [
                    750.7703304290771,
                    240.21142721176147
                ],
                [
                    685.7110261917114,
                    203.7625014781952
                ],
                [
                    570.9430575370789,
                    328.89702916145325
                ],
                [
                    624.3194937705994,
                    369.82107162475586
                ],
                [
                    756.780207157135,
                    175.70336163043976
                ],
                [
                    660.7702970504761,
                    127.82090902328491
                ],
                [
                    500.4408359527588,
                    313.27760219573975
                ],
                [
                    572.1318125724792,
                    371.49667739868164
                ],
                [
                    638.9245986938477,
                    272.8569507598877
                ]
            ],
            "provenance": "visii",
            "quaternion_xyzw": [
                -0.43143436312675476,
                0.4137556552886963,
                0.13226202130317688,
                0.7906816601753235
            ],
            "quaternion_xyzw_world": [
                0.3203704357147217,
                -0.03887683525681496,
                -0.3380492031574249,
                0.8840668201446533
            ],
            "segmentation_id": 2,
            "visibility": 0
        },
        {
            "bounding_box_minx_maxx_miny_maxy": [
                -1,
                -1,
                -1,
                -1
            ],
            "class": "Smith",
            "local_cuboid": null,
            "local_to_world_matrix": [
                [
                    -0.2301778793334961,
                    -0.5162569284439087,
                    -0.8249223232269287,
                    0.0
                ],
                [
                    -0.5802521705627441,
                    0.7533211708068848,
                    -0.3095395267009735,
                    0.0
                ],
                [
                    0.7812333106994629,
                    0.4074138104915619,
                    -0.47295713424682617,
                    0.0
                ],
                [
                    1.666622281074524,
                    0.5910833477973938,
                    0.524500846862793,
                    1.0
                ]
            ],
            "location": [
                -0.5910833477973938,
                0.524500846862793,
                -1.666622281074524
            ],
            "location_world": [
                1.666622281074524,
                0.5910833477973938,
                0.524500846862793
            ],
            "name": "google_Smith_Hawken_Woven_BasketTray_Organizer_with_3_Compartments_95_x_9_x_13_2",
            "projected_cuboid": [
                [
                    89.25674855709076,
                    158.69301557540894
                ],
                [
                    9.17758047580719,
                    178.25351655483246
                ],
                [
                    19.180327653884888,
                    119.10960078239441
                ],
                [
                    108.26416313648224,
                    102.32903063297272
                ],
                [
                    39.58295285701752,
                    72.42658734321594
                ],
                [
                    -40.91447591781616,
                    84.12045240402222
                ],
                [
                    -37.852942943573,
                    15.89137315750122
                ],
                [
                    51.86057090759277,
                    8.534535765647888
                ],
                [
                    30.654385685920715,
                    92.85600483417511
                ]
            ],
            "provenance": "visii",
            "quaternion_xyzw": [
                -0.8073149919509888,
                0.4887322187423706,
                0.05488438904285431,
                -0.3261457085609436
            ],
            "quaternion_xyzw_world": [
                -0.34980639815330505,
                0.7836542725563049,
                0.031223684549331665,
                0.5123929381370544
            ],
            "segmentation_id": 3,
            "visibility": 0
        },
        {
            "bounding_box_minx_maxx_miny_maxy": [
                -1,
                -1,
                -1,
                -1
            ],
            "class": "Paul",
            "local_cuboid": null,
            "local_to_world_matrix": [
                [
                    0.8607639074325562,
                    0.1761319488286972,
                    -0.47755947709083557,
                    0.0
                ],
                [
                    0.14953084290027618,
                    0.8093239068984985,
                    0.5680100321769714,
                    0.0
                ],
                [
                    0.48654499650001526,
                    -0.5603323578834534,
                    0.6702996492385864,
                    0.0
                ],
                [
                    0.6161690950393677,
                    -0.4542335569858551,
                    0.2573385536670685,
                    1.0
                ]
            ],
            "location": [
                0.4542335569858551,
                0.2573385536670685,
                -0.6161690950393677
            ],
            "location_world": [
                0.6161690950393677,
                -0.4542335569858551,
                0.2573385536670685
            ],
            "name": "google_Paul_Frank_Dot_Lunch_Box_3",
            "projected_cuboid": [
                [
                    687.1442794799805,
                    19.3045437335968
                ],
                [
                    616.897702217102,
                    -19.80268955230713
                ],
                [
                    566.6929483413696,
                    66.12306833267212
                ],
                [
                    646.8033790588379,
                    113.26748132705688
                ],
                [
                    896.229088306427,
                    -191.61030650138855
                ],
                [
                    795.0562238693237,
                    -239.47152495384216
                ],
                [
                    761.9261741638184,
                    -163.94397616386414
                ],
                [
                    885.0886225700378,
                    -102.70771384239197
                ],
                [
                    715.5485153198242,
                    -50.298333168029785
                ]
            ],
            "provenance": "visii",
            "quaternion_xyzw": [
                -0.43081408739089966,
                0.7467742562294006,
                0.17433945834636688,
                0.47574493288993835
            ],
            "quaternion_xyzw_world": [
                0.3086828291416168,
                0.26375195384025574,
                0.00727731641381979,
                0.9138363599777222
            ],
            "segmentation_id": 4,
            "visibility": 0
        },
        {
            "bounding_box_minx_maxx_miny_maxy": [
                -1,
                -1,
                -1,
                -1
            ],
            "class": "Toys",
            "local_cuboid": null,
            "local_to_world_matrix": [
                [
                    -0.5728222131729126,
                    -0.49681469798088074,
                    0.6519585847854614,
                    0.0
                ],
                [
                    -0.6959952712059021,
                    0.7149414420127869,
                    -0.06670376658439636,
                    0.0
                ],
                [
                    -0.43297278881073,
                    -0.49196943640708923,
                    -0.7553150653839111,
                    0.0
                ],
                [
                    1.5859779119491577,
                    -0.5641596913337708,
                    0.4552915096282959,
                    1.0
                ]
            ],
            "location": [
                0.5641596913337708,
                0.4552915096282959,
                -1.5859779119491577
            ],
            "location_world": [
                1.5859779119491577,
                -0.5641596913337708,
                0.4552915096282959
            ],
            "name": "google_Toys_R_Us_Treat_Dispenser_Smart_Puzzle_Foobler_4",
            "projected_cuboid": [
                [
                    539.4057035446167,
                    94.07168626785278
                ],
                [
                    514.4984722137451,
                    86.68161928653717
                ],
                [
                    472.06926345825195,
                    46.96346819400787
                ],
                [
                    498.788058757782,
                    56.71265721321106
                ],
                [
                    494.8638677597046,
                    140.25679230690002
                ],
                [
                    468.25921535491943,
                    136.57596707344055
                ],
                [
                    430.1633834838867,
                    96.98782861232758
                ],
                [
                    458.14162492752075,
                    103.04170846939087
                ],
                [
                    483.94107818603516,
                    95.55229544639587
                ]
            ],
            "provenance": "visii",
            "quaternion_xyzw": [
                -0.5316356420516968,
                0.029617510735988617,
                -0.5007149577140808,
                -0.6824741363525391
            ],
            "quaternion_xyzw_world": [
                -0.3418886363506317,
                0.8722211122512817,
                -0.16012947261333466,
                -0.31096798181533813
            ],
            "segmentation_id": 5,
            "visibility": 0
        },
        {
            "bounding_box_minx_maxx_miny_maxy": [
                235,
                499,
                1,
                190
            ],
            "class": "Tag",
            "local_cuboid": null,
            "local_to_world_matrix": [
                [
                    0.9289438128471375,
                    -0.08207234740257263,
                    -0.36100903153419495,
                    0.0
                ],
                [
                    -0.10006426274776459,
                    -0.9944854974746704,
                    -0.03139621764421463,
                    0.0
                ],
                [
                    -0.356441468000412,
                    0.06528942286968231,
                    -0.9320336580276489,
                    0.0
                ],
                [
                    0.2834204435348511,
                    -0.11594858020544052,
                    0.08414725959300995,
                    1.0
                ]
            ],
            "location": [
                0.11594858020544052,
                0.08414725959300995,
                -0.2834204435348511
            ],
            "location_world": [
                0.2834204435348511,
                -0.11594858020544052,
                0.08414725959300995
            ],
            "name": "google_Tag_Dishtowel_Basket_Weave_Red_18_x_26_5",
            "projected_cuboid": [
                [
                    257.8294277191162,
                    208.88909697532654
                ],
                [
                    671.6973781585693,
                    219.10521388053894
                ],
                [
                    660.6783866882324,
                    164.3086075782776
                ],
                [
                    261.2406313419342,
                    157.84689784049988
                ],
                [
                    222.38300740718842,
                    -5.891650915145874
                ],
                [
                    995.8920478820801,
                    -14.50929045677185
                ],
                [
                    954.868733882904,
                    -99.33269023895264
                ],
                [
                    230.34025728702545,
                    -82.04308152198792
                ],
                [
                    499.8686909675598,
                    101.86247527599335
                ]
            ],
            "provenance": "visii",
            "quaternion_xyzw": [
                0.4350365400314331,
                0.3640363812446594,
                -0.5713504552841187,
                0.5931099653244019
            ],
            "quaternion_xyzw_world": [
                0.9817666411399841,
                -0.04637981206178665,
                -0.182693749666214,
                -0.02462032064795494
            ],
            "segmentation_id": 6,
            "visibility": 1
        },
        {
            "bounding_box_minx_maxx_miny_maxy": [
                -1,
                -1,
                -1,
                -1
            ],
            "class": "FRACTION",
            "local_cuboid": null,
            "local_to_world_matrix": [
                [
                    -0.5738235712051392,
                    0.8129351735115051,
                    0.09931191056966782,
                    0.0
                ],
                [
                    -0.756944477558136,
                    -0.5727404356002808,
                    0.314647912979126,
                    0.0
                ],
                [
                    0.3126682937145233,
                    0.10537878423929214,
                    0.9439988732337952,
                    0.0
                ],
                [
                    0.7008510828018188,
                    0.31562864780426025,
                    -0.34910649061203003,
                    1.0
                ]
            ],
            "location": [
                -0.31562864780426025,
                -0.34910649061203003,
                -0.7008510828018188
            ],
            "location_world": [
                0.7008510828018188,
                0.31562864780426025,
                -0.34910649061203003
            ],
            "name": "google_FRACTION_FUN_n4h4qte23QR_6",
            "projected_cuboid": [
                [
                    -115.44984579086304,
                    519.7138786315918
                ],
                [
                    -93.41266751289368,
                    524.2620706558228
                ],
                [
                    -96.72307968139648,
                    573.8359689712524
                ],
                [
                    -118.52174997329712,
                    559.3734979629517
                ],
                [
                    31.243428587913513,
                    499.8515546321869
                ],
                [
                    80.38190007209778,
                    499.6379613876343
                ],
                [
                    81.06285333633423,
                    541.3820147514343
                ],
                [
                    30.988141894340515,
                    534.3345403671265
                ],
                [
                    -21.104395389556885,
                    530.1166772842407
                ]
            ],
            "provenance": "visii",
            "quaternion_xyzw": [
                0.21510764956474304,
                0.7810652256011963,
                0.544430673122406,
                -0.21739616990089417
            ],
            "quaternion_xyzw_world": [
                0.11717300862073898,
                0.1194615364074707,
                0.8789998292922974,
                0.44649600982666016
            ],
            "segmentation_id": 7,
            "visibility": 0
        },
        {
            "bounding_box_minx_maxx_miny_maxy": [
                -1,
                -1,
                -1,
                -1
            ],
            "class": "FAIRY",
            "local_cuboid": null,
            "local_to_world_matrix": [
                [
                    -0.5772907733917236,
                    0.36221015453338623,
                    0.7318059206008911,
                    0.0
                ],
                [
                    -0.8165328502655029,
                    -0.2525676488876343,
                    -0.5191187858581543,
                    0.0
                ],
                [
                    -0.0031997859477996826,
                    -0.8972257375717163,
                    0.44156086444854736,
                    0.0
                ],
                [
                    0.41095295548439026,
                    0.4458189904689789,
                    0.3371700942516327,
                    1.0
                ]
            ],
            "location": [
                -0.4458189904689789,
                0.3371700942516327,
                -0.41095295548439026
            ],
            "location_world": [
                0.41095295548439026,
                0.4458189904689789,
                0.3371700942516327
            ],
            "name": "google_FAIRY_TALE_BLOCKS_7",
            "projected_cuboid": [
                [
                    -188.25337290763855,
                    -555.0824999809265
                ],
                [
                    -424.83168840408325,
                    -951.3492584228516
                ],
                [
                    -946.1284875869751,
                    -690.0551915168762
                ],
                [
                    -457.6844573020935,
                    -420.85516452789307
                ],
                [
                    9.895429015159607,
                    -174.23608899116516
                ],
                [
                    -21.086692810058594,
                    -197.73927330970764
                ],
                [
                    -343.7573313713074,
                    -37.830084562301636
                ],
                [
                    -194.5040225982666,
                    -72.98672199249268
                ],
                [
                    -259.11402702331543,
                    -319.3790912628174
                ]
            ],
            "provenance": "visii",
            "quaternion_xyzw": [
                0.5370542407035828,
                0.45822805166244507,
                0.6863906979560852,
                0.17455020546913147
            ],
            "quaternion_xyzw_world": [
                0.24172088503837585,
                -0.4698835611343384,
                0.7535614371299744,
                0.3910573720932007
            ],
            "segmentation_id": 8,
            "visibility": 0
        },
        {
            "bounding_box_minx_maxx_miny_maxy": [
                -1,
                -1,
                -1,
                -1
            ],
            "class": "Great",
            "local_cuboid": null,
            "local_to_world_matrix": [
                [
                    -0.045088887214660645,
                    -0.8924584984779358,
                    -0.44887053966522217,
                    0.0
                ],
                [
                    0.6715517640113831,
                    0.3055756688117981,
                    -0.6750123500823975,
                    0.0
                ],
                [
                    0.7395844459533691,
                    -0.33187541365623474,
                    0.5855540037155151,
                    0.0
                ],
                [
                    1.4898114204406738,
                    0.7439501881599426,
                    -0.2656826078891754,
                    1.0
                ]
            ],
            "location": [
                -0.7439501881599426,
                -0.2656826078891754,
                -1.4898114204406738
            ],
            "location_world": [
                1.4898114204406738,
                0.7439501881599426,
                -0.2656826078891754
            ],
            "name": "google_Great_Jones_Wingtip_kAqSg6EgG0I_8",
            "projected_cuboid": [
                [
                    -0.5837976932525635,
                    298.8487482070923
                ],
                [
                    -3.5904347896575928,
                    368.5816526412964
                ],
                [
                    -31.30015730857849,
                    400.0962972640991
                ],
                [
                    -32.31033682823181,
                    330.89688420295715
                ],
                [
                    -40.44651985168457,
                    278.20339798927307
                ],
                [
                    -38.47572207450867,
                    350.3014147281647
                ],
                [
                    -67.93594360351562,
                    380.7542324066162
                ],
                [
                    -74.47510957717896,
                    308.88402462005615
                ],
                [
                    -35.69355607032776,
                    341.5450155735016
                ]
            ],
            "provenance": "visii",
            "quaternion_xyzw": [
                -0.9092655777931213,
                0.20743286609649658,
                -0.10364526510238647,
                0.3456376791000366
            ],
            "quaternion_xyzw_world": [
                -0.12627485394477844,
                0.4373529851436615,
                -0.5755578279495239,
                0.679345428943634
            ],
            "segmentation_id": 9,
            "visibility": 0
        },
        {
            "bounding_box_minx_maxx_miny_maxy": [
                12,
                90,
                206,
                235
            ],
            "class": "Ecoforms",
            "local_cuboid": null,
            "local_to_world_matrix": [
                [
                    0.3790745735168457,
                    -0.5441499948501587,
                    -0.7484673261642456,
                    0.0
                ],
                [
                    0.9194927215576172,
                    0.312481164932251,
                    0.23851361870765686,
                    0.0
                ],
                [
                    0.10409477353096008,
                    -0.7786246538162231,
                    0.6187955737113953,
                    0.0
                ],
                [
                    1.6469842195510864,
                    0.6322766542434692,
                    0.04416147992014885,
                    1.0
                ]
            ],
            "location": [
                -0.6322766542434692,
                0.04416147992014885,
                -1.6469842195510864
            ],
            "location_world": [
                1.6469842195510864,
                0.6322766542434692,
                0.04416147992014885
            ],
            "name": "google_Ecoforms_Plant_Container_Quadra_Sand_QP6_9",
            "projected_cuboid": [
                [
                    92.99683570861816,
                    229.5774519443512
                ],
                [
                    88.29286694526672,
                    216.26634895801544
                ],
                [
                    41.957780718803406,
                    251.4825463294983
                ],
                [
                    41.63675010204315,
                    268.79847049713135
                ],
                [
                    45.07598280906677,
                    172.81922698020935
                ],
                [
                    45.0567901134491,
                    164.73136842250824
                ],
                [
                    -3.693610429763794,
                    200.91155171394348
                ],
                [
                    -9.268581867218018,
                    213.24437856674194
                ],
                [
                    43.408870697021484,
                    214.87607061862946
                ]
            ],
            "provenance": "visii",
            "quaternion_xyzw": [
                -0.5936604738235474,
                0.44678249955177307,
                -0.1682569682598114,
                0.6477979421615601
            ],
            "quaternion_xyzw_world": [
                0.3345884680747986,
                0.2804509997367859,
                -0.48146647214889526,
                0.7599920034408569
            ],
            "segmentation_id": 10,
            "visibility": 1
        },
        {
            "bounding_box_minx_maxx_miny_maxy": [
                -1,
                -1,
                -1,
                -1
            ],
            "class": "ReadytoUse",
            "local_cuboid": null,
            "local_to_world_matrix": [
                [
                    0.5287915468215942,
                    -0.827360212802887,
                    0.1893530637025833,
                    0.0
                ],
                [
                    0.64312344789505,
                    0.536167562007904,
                    0.5467326641082764,
                    0.0
                ],
                [
                    -0.5538698434829712,
                    -0.16733020544052124,
                    0.8156155943870544,
                    0.0
                ],
                [
                    0.2762497067451477,
                    -0.17810897529125214,
                    -0.27615612745285034,
                    1.0
                ]
            ],
            "location": [
                0.17810897529125214,
                -0.27615612745285034,
                -0.2762497067451477
            ],
            "location_world": [
                0.2762497067451477,
                -0.17810897529125214,
                -0.27615612745285034
            ],
            "name": "google_ReadytoUse_Rolled_Fondant_Pure_White_24_oz_box_10",
            "projected_cuboid": [
                [
                    1067.5287246704102,
                    676.1122941970825
                ],
                [
                    886.6449594497681,
                    547.4787950515747
                ],
                [
                    650.5800485610962,
                    717.9155349731445
                ],
                [
                    748.1964826583862,
                    823.8760232925415
                ],
                [
                    1006.9730281829834,
                    982.8097820281982
                ],
                [
                    767.6181197166443,
                    746.1612224578857
                ],
                [
                    515.883207321167,
                    887.3631954193115
                ],
                [
                    622.3774552345276,
                    1046.6703176498413
                ],
                [
                    755.2369832992554,
                    795.7032918930054
                ]
            ],
            "provenance": "visii",
            "quaternion_xyzw": [
                -0.4262503981590271,
                0.2034100741147995,
                0.21200056374073029,
                0.855564534664154
            ],
            "quaternion_xyzw_world": [
                0.2103618085384369,
                -0.21895229816436768,
                -0.43320217728614807,
                0.8486127853393555
            ],
            "segmentation_id": 11,
            "visibility": 0
        },
        {
            "bounding_box_minx_maxx_miny_maxy": [
                93,
                259,
                1,
                232
            ],
            "class": "Dog",
            "local_cuboid": null,
            "local_to_world_matrix": [
                [
                    -0.4391556978225708,
                    -0.0038234740495681763,
                    -0.8984031081199646,
                    0.0
                ],
                [
                    0.14694809913635254,
                    -0.9868298768997192,
                    -0.06763105094432831,
                    0.0
                ],
                [
                    -0.8863120675086975,
                    -0.1617191582918167,
                    0.43393319845199585,
                    0.0
                ],
                [
                    0.6881625056266785,
                    0.07957320660352707,
                    0.10547158122062683,
                    1.0
                ]
            ],
            "location": [
                -0.07957320660352707,
                0.10547158122062683,
                -0.6881625056266785
            ],
            "location_world": [
                0.6881625056266785,
                0.07957320660352707,
                0.10547158122062683
            ],
            "name": "google_Dog_11",
            "projected_cuboid": [
                [
                    62.98507750034332,
                    125.71972608566284
                ],
                [
                    308.0368936061859,
                    148.9557921886444
                ],
                [
                    262.338250875473,
                    256.71637058258057
                ],
                [
                    84.79776978492737,
                    244.80684101581573
                ],
                [
                    96.78858518600464,
                    -80.7984471321106
                ],
                [
                    296.82573676109314,
                    -51.857054233551025
                ],
                [
                    259.954035282135,
                    88.47533166408539
                ],
                [
                    107.29248821735382,
                    71.88832759857178
                ],
                [
                    186.61832809448242,
                    102.34221816062927
                ]
            ],
            "provenance": "visii",
            "quaternion_xyzw": [
                0.21514102816581726,
                0.10275408625602722,
                0.6982334852218628,
                -0.6750009059906006
            ],
            "quaternion_xyzw_world": [
                -0.5276696085929871,
                -0.06780977547168732,
                0.8455647230148315,
                -0.044577185064554214
            ],
            "segmentation_id": 12,
            "visibility": 1
        },
        {
            "bounding_box_minx_maxx_miny_maxy": [
                -1,
                -1,
                -1,
                -1
            ],
            "class": "Black",
            "local_cuboid": null,
            "local_to_world_matrix": [
                [
                    -0.253670334815979,
                    0.7710061073303223,
                    0.584123969078064,
                    0.0
                ],
                [
                    -0.5091603994369507,
                    -0.6198773384094238,
                    0.5970826745033264,
                    0.0
                ],
                [
                    0.8224396705627441,
                    -0.14595063030719757,
                    0.5498103499412537,
                    0.0
                ],
                [
                    0.4829695224761963,
                    -0.5219545364379883,
                    0.4197562336921692,
                    1.0
                ]
            ],
            "location": [
                0.5219545364379883,
                0.4197562336921692,
                -0.4829695224761963
            ],
            "location_world": [
                0.4829695224761963,
                -0.5219545364379883,
                0.4197562336921692
            ],
            "name": "google_Black_Elderberry_Syrup_54_oz_Gaia_Herbs_12",
            "projected_cuboid": [
                [
                    747.3932504653931,
                    -243.2020902633667
                ],
                [
                    811.3041520118713,
                    -305.4940700531006
                ],
                [
                    928.9584755897522,
                    -344.87080574035645
                ],
                [
                    842.2949314117432,
                    -265.0182843208313
                ],
                [
                    778.4157991409302,
                    -199.5125412940979
                ],
                [
                    842.3383831977844,
                    -258.0750584602356
                ],
                [
                    964.1984105110168,
                    -284.34234857559204
                ],
                [
                    877.9224157333374,
                    -210.38410067558289
                ],
                [
                    842.3188328742981,
                    -261.2149119377136
                ]
            ],
            "provenance": "visii",
            "quaternion_xyzw": [
                0.33702775835990906,
                0.8931024670600891,
                0.296430379152298,
                -0.030153244733810425
            ],
            "quaternion_xyzw_world": [
                0.45177334547042847,
                0.14489883184432983,
                0.7783569097518921,
                0.411175936460495
            ],
            "segmentation_id": 13,
            "visibility": 0
        },
        {
            "bounding_box_minx_maxx_miny_maxy": [
                55,
                66,
                208,
                220
            ],
            "class": "Razer",
