{
    "camera_data": {
        "camera_look_at": {
            "at": [
                1.0,
                0.0,
                0.0
            ],
            "eye": [
                0.0,
                0.0,
                0.0
            ],
            "up": [
                0.0,
                0.0,
                1.0
            ]
        },
        "camera_view_matrix": [
            [
                0.0,
                0.0,
                -1.0,
                0.0
            ],
            [
                -1.0,
                0.0,
                0.0,
                0.0
            ],
            [
                0.0,
                1.0,
                0.0,
                0.0
            ],
            [
                0.0,
                0.0,
                0.0,
                1.0
            ]
        ],
        "height": 500,
        "intrinsics": {
            "cx": 250.0,
            "cy": 250.0,
            "fx": 603.5535278320312,
            "fy": 603.5535278320312
        },
        "location_world": [
            0.0,
            0.0,
            0.0
        ],
        "quaternion_world_xyzw": [
            0.5,
            -0.5,
            -0.5,
            0.5
        ],
        "width": 500
    },
    "objects": [
        {
            "bounding_box_minx_maxx_miny_maxy": [
                4,
                110,
                74,
                151
            ],
            "class": "Reebok",
            "local_cuboid": null,
            "local_to_world_matrix": [
                [
                    0.6266995668411255,
                    -0.7418431639671326,
                    0.23857176303863525,
                    0.0
                ],
                [
                    0.7282920479774475,
                    0.666488766670227,
                    0.15932230651378632,
                    0.0
                ],
                [
                    -0.27719753980636597,
                    0.07390263676643372,
                    0.9579665660858154,
                    0.0
                ],
                [
                    0.9516891837120056,
                    0.3103635609149933,
                    0.16020694375038147,
                    1.0
                ]
            ],
            "location": [
                -0.3103635609149933,
                0.16020694375038147,
                -0.9516891837120056
            ],
            "location_world": [
                0.9516891837120056,
                0.3103635609149933,
                0.16020694375038147
            ],
            "name": "google_Reebok_SOMERSET_RUN_0",
            "projected_cuboid": [
                [
                    122.2790777683258,
                    63.9578253030777
                ],
                [
                    37.016868591308594,
                    74.80254769325256
                ],
                [
                    48.01963269710541,
                    141.3385570049286
                ],
                [
                    132.82880187034607,
                    146.99631929397583
                ],
                [
                    45.67106068134308,
                    67.93469190597534
                ],
                [
                    -29.19742465019226,
                    78.69808375835419
                ],
                [
                    -15.350580215454102,
                    149.7124582529068
                ],
                [
                    60.18701195716858,
                    158.06853771209717
                ],
                [
                    47.04365134239197,
                    110.83568632602692
                ]
            ],
            "provenance": "visii",
            "quaternion_xyzw": [
                -0.571253776550293,
                0.18727105855941772,
                0.30660736560821533,
                0.7379639744758606
            ],
            "quaternion_xyzw_world": [
                0.02368694357573986,
                -0.14302323758602142,
                -0.40766966342926025,
                0.9015480875968933
            ],
            "segmentation_id": 1,
            "visibility": 1
        },
        {
            "bounding_box_minx_maxx_miny_maxy": [
                -1,
                -1,
                -1,
                -1
            ],
            "class": "Breyer",
            "local_cuboid": null,
            "local_to_world_matrix": [
                [
                    -0.16836881637573242,
                    0.7153255939483643,
                    -0.6782045364379883,
                    0.0
                ],
                [
                    -0.11071121692657471,
                    0.6699504256248474,
                    0.7341045141220093,
                    0.0
                ],
                [
                    0.9794871807098389,
                    0.19868513941764832,
                    -0.03360426425933838,
                    0.0
                ],
                [
                    0.20801226794719696,
                    0.28416526317596436,
                    -0.34615305066108704,
                    1.0
                ]
            ],
            "location": [
                -0.28416526317596436,
                -0.34615305066108704,
                -0.20801226794719696
            ],
            "location_world": [
                0.20801226794719696,
                0.28416526317596436,
                -0.34615305066108704
            ],
            "name": "google_Breyer_Horse_Of_The_Year_2015_1",
            "projected_cuboid": [
                [
                    -428.87431383132935,
                    1042.1476364135742
                ],
                [
                    -511.599600315094,
                    980.8387160301208
                ],
                [
                    -1031.770944595337,
                    1558.7594509124756
                ],
                [
                    -866.5587902069092,
                    1648.9415168762207
                ],
                [
                    -96.48430347442627,
                    711.7865085601807
                ],
                [
                    -164.89923000335693,
                    651.2166261672974
                ],
                [
                    -361.43290996551514,
                    906.9106578826904
                ],
                [
                    -242.8576946258545,
                    999.9394416809082
                ],
                [
                    -402.17840671539307,
                    988.615870475769
                ]
            ],
            "provenance": "visii",
            "quaternion_xyzw": [
                -0.3640250861644745,
                0.9258668422698975,
                0.020820237696170807,
                -0.09911087155342102
            ],
            "quaternion_xyzw_world": [
                0.22095529735088348,
                0.6840912699699402,
                0.3408864140510559,
                0.6058006286621094
            ],
            "segmentation_id": 2,
            "visibility": 0
        },
        {
            "bounding_box_minx_maxx_miny_maxy": [
                0,
                126,
                35,
                129
            ],
            "class": "Smith",
            "local_cuboid": null,
            "local_to_world_matrix": [
                [
                    0.6990749835968018,
                    0.3894237279891968,
                    0.5997028350830078,
                    0.0
                ],
                [
                    -0.11278992891311646,
                    -0.7681349515914917,
                    0.6302762031555176,
                    0.0
                ],
                [
                    0.706096887588501,
                    -0.5082508325576782,
                    -0.4930609464645386,
                    0.0
                ],
                [
                    1.6280417442321777,
                    0.6210642457008362,
                    0.5133187174797058,
                    1.0
                ]
            ],
            "location": [
                -0.6210642457008362,
                0.5133187174797058,
                -1.6280417442321777
            ],
            "location_world": [
                1.6280417442321777,
                0.6210642457008362,
                0.5133187174797058
            ],
            "name": "google_Smith_Hawken_Woven_BasketTray_Organizer_with_3_Compartments_95_x_9_x_13_2",
            "projected_cuboid": [
                [
                    48.11680316925049,
                    124.74264204502106
                ],
                [
                    106.93439841270447,
                    72.10336625576019
                ],
                [
                    43.95216703414917,
                    6.738528609275818
                ],
                [
                    -20.140796899795532,
                    66.09739363193512
                ],
                [
                    67.96732544898987,
                    182.74438381195068
                ],
                [
                    135.97074151039124,
                    123.19579720497131
                ],
                [
                    66.0160481929779,
                    53.26785147190094
                ],
                [
                    -9.155511856079102,
                    121.60493433475494
                ],
                [
                    55.84339797496796,
                    93.88890862464905
                ]
            ],
            "provenance": "visii",
            "quaternion_xyzw": [
                0.4142454266548157,
                0.825499415397644,
                -0.11516386270523071,
                0.3656350374221802
            ],
            "quaternion_xyzw_world": [
                0.8602718710899353,
                0.08039138466119766,
                0.3794729709625244,
                0.3308625817298889
            ],
            "segmentation_id": 3,
            "visibility": 1
        },
        {
            "bounding_box_minx_maxx_miny_maxy": [
                -1,
                -1,
                -1,
                -1
            ],
            "class": "Paul",
            "local_cuboid": null,
            "local_to_world_matrix": [
                [
                    -0.3606412410736084,
                    0.9015931487083435,
                    0.23888833820819855,
                    0.0
                ],
                [
                    -0.81246417760849,
                    -0.42946135997772217,
                    0.39429032802581787,
                    0.0
                ],
                [
                    0.45808279514312744,
                    -0.051890864968299866,
                    0.8873936533927917,
                    0.0
                ],
                [
                    0.16752730309963226,
                    -0.40022116899490356,
                    -0.2626936733722687,
                    1.0
                ]
            ],
            "location": [
                0.40022116899490356,
                -0.2626936733722687,
                -0.16752730309963226
            ],
            "location_world": [
                0.16752730309963226,
                -0.40022116899490356,
                -0.2626936733722687
            ],
            "name": "google_Paul_Frank_Dot_Lunch_Box_3",
            "projected_cuboid": [
                [
                    853.4623980522156,
                    354.0222644805908
                ],
                [
                    1297.2503900527954,
                    263.1555497646332
                ],
                [
                    2666.696786880493,
                    1917.258858680725
                ],
                [
                    1200.9828090667725,
                    1180.925726890564
                ],
                [
                    1089.1504287719727,
                    431.01510405540466
                ],
                [
                    1455.4158449172974,
                    395.63071727752686
                ],
                [
                    2162.273645401001,
                    1213.008999824524
                ],
                [
                    1405.8830738067627,
                    985.8507513999939
                ],
                [
                    1360.9775304794312,
                    687.1098279953003
                ]
            ],
            "provenance": "visii",
            "quaternion_xyzw": [
                0.20136985182762146,
                0.8297538757324219,
                0.5121572017669678,
                -0.09302467107772827
            ],
            "quaternion_xyzw_world": [
                0.21297094225883484,
                0.10462576150894165,
                0.8181528449058533,
                0.5237582921981812
            ],
            "segmentation_id": 4,
            "visibility": 0
        },
        {
            "bounding_box_minx_maxx_miny_maxy": [
                -1,
                -1,
                -1,
                -1
            ],
            "class": "Toys",
            "local_cuboid": null,
            "local_to_world_matrix": [
                [
                    -0.7690749168395996,
                    -0.37466952204704285,
                    -0.5178285837173462,
                    0.0
                ],
                [
                    -0.06141918897628784,
                    0.8497445583343506,
                    -0.5236046314239502,
                    0.0
                ],
                [
                    0.6362007856369019,
                    -0.37088656425476074,
                    -0.6765291690826416,
                    0.0
                ],
                [
                    1.210361123085022,
                    -0.28920602798461914,
                    0.05331234633922577,
                    1.0
                ]
            ],
            "location": [
                0.28920602798461914,
                0.05331234633922577,
                -1.210361123085022
            ],
            "location_world": [
                1.210361123085022,
                -0.28920602798461914,
                0.05331234633922577
            ],
            "name": "google_Toys_R_Us_Treat_Dispenser_Smart_Puzzle_Foobler_4",
            "projected_cuboid": [
                [
                    462.12995052337646,
                    274.19331669807434
                ],
                [
                    400.27955174446106,
                    313.48222494125366
                ],
                [
                    383.10888409614563,
                    264.21868801116943
                ],
                [
                    450.32522082328796,
                    222.01339900493622
                ],
                [
                    418.23720932006836,
                    236.8554025888443
                ],
                [
                    361.48303747177124,
                    272.45473861694336
                ],
                [
                    342.9334759712219,
                    224.65857863426208
                ],
                [
                    404.17253971099854,
                    186.6869032382965
                ],
                [
                    402.2498428821564,
                    249.30882453918457
                ]
            ],
            "provenance": "visii",
            "quaternion_xyzw": [
                -0.796001672744751,
                0.42951324582099915,
                -0.3580273389816284,
                -0.2317672073841095
            ],
            "quaternion_xyzw_world": [
                -0.12011414766311646,
                0.9076547622680664,
                -0.24637429416179657,
                0.3178602159023285
            ],
            "segmentation_id": 5,
            "visibility": 0
        },
        {
            "bounding_box_minx_maxx_miny_maxy": [
                -1,
                -1,
                -1,
                -1
            ],
            "class": "Tag",
            "local_cuboid": null,
            "local_to_world_matrix": [
                [
                    -0.9756264686584473,
                    -0.19977587461471558,
                    0.09079411625862122,
                    0.0
                ],
                [
                    -0.07765021920204163,
                    0.7012780904769897,
                    0.708646297454834,
                    0.0
                ],
                [
                    -0.2052423357963562,
                    0.6843235492706299,
                    -0.6996983289718628,
                    0.0
                ],
                [
                    0.3571093678474426,
                    -0.3808940351009369,
                    -0.2019345462322235,
                    1.0
                ]
            ],
            "location": [
                0.3808940351009369,
                -0.2019345462322235,
                -0.3571093678474426
            ],
            "location_world": [
                0.3571093678474426,
                -0.3808940351009369,
                -0.2019345462322235
            ],
            "name": "google_Tag_Dishtowel_Basket_Weave_Red_18_x_26_5",
            "projected_cuboid": [
                [
                    1246.707558631897,
                    908.6340665817261
                ],
                [
                    934.2547059059143,
                    568.4484243392944
                ],
                [
                    970.0952172279358,
                    504.3290853500366
                ],
                [
                    1272.3650932312012,
                    840.0179743766785
                ],
                [
                    825.423538684845,
                    682.0783615112305
                ],
                [
                    617.5129413604736,
                    465.61264991760254
                ],
                [
                    644.7858214378357,
                    427.92171239852905
                ],
                [
                    848.2901453971863,
                    642.4598097801208
                ],
                [
                    879.6316385269165,
                    615.4764890670776
                ]
            ],
            "provenance": "visii",
            "quaternion_xyzw": [
                -0.2673422396183014,
                0.5708826780319214,
                -0.27240613102912903,
                -0.7269223928451538
            ],
            "quaternion_xyzw_world": [
                -0.0754878968000412,
                0.9187767505645752,
                0.3790283799171448,
                -0.08055178821086884
            ],
            "segmentation_id": 6,
            "visibility": 0
        },
        {
            "bounding_box_minx_maxx_miny_maxy": [
                262,
                335,
                283,
                395
            ],
            "class": "FRACTION",
            "local_cuboid": null,
            "local_to_world_matrix": [
                [
                    -0.4059826135635376,
                    0.068015456199646,
                    0.9113466739654541,
                    0.0
                ],
                [
                    0.39237093925476074,
                    -0.8876632452011108,
                    0.24103939533233643,
                    0.0
                ],
                [
                    0.8253629207611084,
                    0.4554435610771179,
                    0.33368784189224243,
                    0.0
                ],
                [
                    0.9283105731010437,
                    -0.11362791061401367,
                    -0.12793850898742676,
                    1.0
                ]
            ],
            "location": [
                0.11362791061401367,
                -0.12793850898742676,
                -0.9283105731010437
            ],
            "location_world": [
                0.9283105731010437,
                -0.11362791061401367,
                -0.12793850898742676
            ],
            "name": "google_FRACTION_FUN_n4h4qte23QR_6",
            "projected_cuboid": [
                [
                    252.58111953735352,
                    288.1254851818085
                ],
                [
                    357.2830259799957,
                    256.7114531993866
                ],
                [
                    374.3971884250641,
                    266.4562165737152
                ],
                [
                    266.7573094367981,
                    300.0423312187195
                ],
                [
                    259.85902547836304,
                    385.38113236427307
                ],
                [
                    356.86007142066956,
                    349.16195273399353
                ],
                [
                    372.74298071861267,
                    361.55226826667786
                ],
                [
                    273.2310891151428,
                    400.1760482788086
                ],
                [
                    316.1281943321228,
                    326.9568979740143
                ]
            ],
            "provenance": "visii",
            "quaternion_xyzw": [
                0.6156923174858093,
                0.7304823398590088,
                -0.02008359134197235,
                -0.2948140501976013
            ],
            "quaternion_xyzw_world": [
                0.5357221364974976,
                0.21484383940696716,
                0.8104525804519653,
                -0.1000538095831871
            ],
            "segmentation_id": 7,
            "visibility": 1
        },
        {
            "bounding_box_minx_maxx_miny_maxy": [
                -1,
                -1,
                -1,
                -1
            ],
            "class": "FAIRY",
            "local_cuboid": null,
            "local_to_world_matrix": [
                [
                    0.9378371238708496,
                    0.34024739265441895,
                    0.06850692629814148,
                    0.0
                ],
                [
                    0.15015281736850739,
                    -0.5757033824920654,
                    0.8037535548210144,
                    0.0
                ],
                [
                    0.31291472911834717,
                    -0.7435033917427063,
                    -0.5910050868988037,
                    0.0
                ],
                [
                    0.40700843930244446,
                    0.3708331882953644,
                    0.39958468079566956,
                    1.0
                ]
            ],
            "location": [
                -0.3708331882953644,
                0.39958468079566956,
                -0.40700843930244446
            ],
            "location_world": [
                0.40700843930244446,
                0.3708331882953644,
                0.39958468079566956
            ],
            "name": "google_FAIRY_TALE_BLOCKS_7",
            "projected_cuboid": [
                [
                    -90.44846892356873,
                    71.42825424671173
                ],
                [
                    81.73419535160065,
                    -126.54727697372437
                ],
                [
                    -123.99917840957642,
                    -321.25669717788696
                ],
                [
                    -336.2821340560913,
                    -111.23120784759521
                ],
                [
                    -173.0913519859314,
                    -20.061492919921875
                ],
                [
                    112.62737214565277,
                    -329.11181449890137
                ],
                [
                    -239.6315336227417,
                    -714.4565582275391
                ],
                [
                    -650.3877639770508,
                    -382.43430852890015
                ],
                [
                    -142.93614029884338,
                    -205.07270097732544
                ]
            ],
            "provenance": "visii",
            "quaternion_xyzw": [
                0.20549559593200684,
                0.7837275862693787,
                -0.23642078042030334,
                0.536328136920929
            ],
            "quaternion_xyzw_world": [
                0.8809860348701477,
                0.1391623169183731,
                0.10823714733123779,
                0.4390696585178375
            ],
            "segmentation_id": 8,
            "visibility": 0
        },
        {
            "bounding_box_minx_maxx_miny_maxy": [
                -1,
                -1,
                -1,
                -1
            ],
            "class": "Great",
            "local_cuboid": null,
            "local_to_world_matrix": [
                [
                    -0.5469918251037598,
                    0.6965882778167725,
                    0.46429041028022766,
                    0.0
                ],
                [
                    -0.7821459770202637,
                    -0.2275550365447998,
                    -0.5800577402114868,
                    0.0
                ],
                [
                    -0.2984098494052887,
                    -0.6804293394088745,
                    0.6693037748336792,
                    0.0
                ],
                [
                    1.8787583112716675,
                    -0.6822161078453064,
                    0.0956253781914711,
                    1.0
                ]
            ],
            "location": [
                0.6822161078453064,
                0.0956253781914711,
                -1.8787583112716675
            ],
            "location_world": [
                1.8787583112716675,
                -0.6822161078453064,
                0.0956253781914711
            ],
            "name": "google_Great_Jones_Wingtip_kAqSg6EgG0I_8",
            "projected_cuboid": [
                [
                    463.6085033416748,
                    160.2134108543396
                ],
                [
                    519.7302103042603,
                    211.80999279022217
                ],
                [
                    487.37072944641113,
                    239.17493224143982
                ],
                [
                    436.223566532135,
                    185.07787585258484
                ],
                [
                    480.5167317390442,
                    178.55575680732727
                ],
                [
                    537.0441675186157,
                    230.91478645801544
                ],
                [
                    505.45763969421387,
                    256.98524713516235
                ],
                [
                    453.66960763931274,
                    202.36891508102417
                ],
                [
                    483.6943447589874,
                    206.65988326072693
                ]
            ],
            "provenance": "visii",
            "quaternion_xyzw": [
                0.3824460506439209,
                0.4522501826286316,
                0.8023490905761719,
                0.07376331090927124
            ],
            "quaternion_xyzw_world": [
                0.053055230528116226,
                -0.4031541049480438,
                0.7816410064697266,
                0.4729582667350769
            ],
            "segmentation_id": 9,
            "visibility": 0
        },
        {
            "bounding_box_minx_maxx_miny_maxy": [
                150,
                279,
                1,
                83
            ],
            "class": "Ecoforms",
            "local_cuboid": null,
            "local_to_world_matrix": [
                [
                    0.22712725400924683,
                    0.14058691263198853,
                    0.9636642336845398,
                    0.0
                ],
                [
                    0.49282902479171753,
                    -0.8700599670410156,
                    0.010775551199913025,
                    0.0
                ],
                [
                    0.8399601578712463,
                    0.47247421741485596,
                    -0.2668999433517456,
                    0.0
                ],
                [
                    0.971829354763031,
                    0.011376294307410717,
                    0.4478505551815033,
                    1.0
                ]
            ],
            "location": [
                -0.011376294307410717,
                0.4478505551815033,
                -0.971829354763031
            ],
            "location_world": [
                0.971829354763031,
                0.011376294307410717,
                0.4478505551815033
            ],
            "name": "google_Ecoforms_Plant_Container_Quadra_Sand_QP6_9",
            "projected_cuboid": [
                [
                    146.24015986919403,
                    -23.727238178253174
                ],
                [
                    238.9499843120575,
                    -3.070533275604248
                ],
                [
                    283.6437225341797,
                    -63.6042058467865
                ],
                [
                    181.4938187599182,
                    -93.34242343902588
                ],
                [
                    157.4050635099411,
                    70.90641558170319
                ],
                [
                    252.71651148796082,
                    84.559366106987
                ],
                [
                    301.30282044410706,
                    33.84213149547577
                ],
                [
                    196.09558582305908,
                    12.788817286491394
                ],
                [
                    220.3846275806427,
                    3.8000792264938354
                ]
            ],
            "provenance": "visii",
            "quaternion_xyzw": [
                0.6497303247451782,
                0.705571174621582,
                -0.2691892385482788,
                -0.08693195879459381
            ],
            "quaternion_xyzw_world": [
                0.7687793970108032,
                0.20598104596138,
                0.586522102355957,
                -0.1501401662826538
            ],
            "segmentation_id": 10,
            "visibility": 1
        },
        {
            "bounding_box_minx_maxx_miny_maxy": [
                395,
                499,
                448,
                500
            ],
            "class": "ReadytoUse",
            "local_cuboid": null,
            "local_to_world_matrix": [
                [
                    0.6477871537208557,
                    0.6471028327941895,
                    0.40203195810317993,
                    0.0
                ],
                [
                    -0.7611085176467896,
                    0.5725499391555786,
                    0.30479565262794495,
                    0.0
                ],
                [
                    -0.03294922411441803,
                    -0.5034326314926147,
                    0.8634060025215149,
                    0.0
                ],
                [
                    0.34078314900398254,
                    -0.09347608685493469,
                    -0.25409209728240967,
                    1.0
                ]
            ],
            "location": [
                0.09347608685493469,
                -0.25409209728240967,
                -0.34078314900398254
            ],
            "location_world": [
                0.34078314900398254,
                -0.09347608685493469,
                -0.25409209728240967
            ],
            "name": "google_ReadytoUse_Rolled_Fondant_Pure_White_24_oz_box_10",
            "projected_cuboid": [
                [
                    485.2134585380554,
                    390.5891478061676
                ],
                [
                    462.2201919555664,
                    379.9642324447632
                ],
                [
                    317.1418011188507,
                    621.1832165718079
                ],
                [
                    353.4178137779236,
                    609.0424060821533
                ],
                [
                    695.355474948883,
                    519.756019115448
                ],
                [
                    694.1848993301392,
                    523.543119430542
                ],
                [
                    504.07087802886963,
                    829.2320966720581
                ],
                [
                    527.4388790130615,
                    789.7865772247314
                ],
                [
                    493.0981993675232,
                    573.9962458610535
                ]
            ],
            "provenance": "visii",
            "quaternion_xyzw": [
                -0.06154722347855568,
                0.6926307082176208,
                0.5863566398620605,
                0.4155243933200836
            ],
            "quaternion_xyzw_world": [
                0.23012562096118927,
                -0.12385153025388718,
                0.4009578824043274,
                0.878029465675354
            ],
            "segmentation_id": 11,
            "visibility": 1
        },
        {
            "bounding_box_minx_maxx_miny_maxy": [
                -1,
                -1,
                -1,
                -1
            ],
            "class": "Dog",
            "local_cuboid": null,
            "local_to_world_matrix": [
                [
                    0.6997597813606262,
                    -0.7105526924133301,
                    -0.07383161783218384,
                    0.0
                ],
                [
                    0.3726116120815277,
                    0.27485358715057373,
                    0.8863499164581299,
                    0.0
                ],
                [
                    -0.6095054149627686,
                    -0.647742509841919,
                    0.45709162950515747,
                    0.0
                ],
                [
                    1.921651840209961,
                    -0.41282135248184204,
                    -0.4644908607006073,
                    1.0
                ]
            ],
            "location": [
                0.41282135248184204,
                -0.4644908607006073,
                -1.921651840209961
            ],
            "location_world": [
                1.921651840209961,
                -0.41282135248184204,
                -0.4644908607006073
            ],
            "name": "google_Dog_11",
            "projected_cuboid": [
                [
                    462.70644664764404,
                    401.5350341796875
                ],
                [
                    438.9152228832245,
                    344.1377878189087
                ],
                [
                    389.46670293807983,
                    365.48686027526855
                ],
                [
                    410.0503921508789,
                    420.0972318649292
                ],
                [
                    424.1824746131897,
                    409.9929928779602
                ],
                [
                    399.7132182121277,
                    346.9541072845459
                ],
                [
                    348.5246002674103,
                    369.96737122535706
                ],
                [
                    369.3859279155731,
                    429.6538531780243
                ],
                [
                    405.17932176589966,
                    385.6305480003357
                ]
            ],
            "provenance": "visii",
            "quaternion_xyzw": [
                -0.23167723417282104,
                0.376261830329895,
                0.05613119900226593,
                0.895322322845459
            ],
            "quaternion_xyzw_world": [
                0.4918878376483917,
                -0.17175720632076263,
                -0.34730327129364014,
                0.7796962857246399
            ],
            "segmentation_id": 12,
            "visibility": 0
        },
        {
            "bounding_box_minx_maxx_miny_maxy": [
                158,
                186,
                341,
                406
            ],
            "class": "Black",
            "local_cuboid": null,
            "local_to_world_matrix": [
                [
                    0.7037237286567688,
                    0.4972418248653412,
                    -0.5074678063392639,
                    0.0
                ],
                [
                    -0.35536518692970276,
                    0.864846408367157,
                    0.35462138056755066,
                    0.0
                ],
                [
                    0.6152142882347107,
                    -0.06921914219856262,
                    0.7853153347969055,
                    0.0
                ],
                [
                    1.4483834505081177,
                    0.20349010825157166,
                    -0.3606231212615967,
                    1.0
                ]
            ],
            "location": [
                -0.20349010825157166,
                -0.3606231212615967,
                -1.4483834505081177
            ],
            "location_world": [
                1.4483834505081177,
                0.20349010825157166,
                -0.3606231212615967
            ],
            "name": "google_Black_Elderberry_Syrup_54_oz_Gaia_Herbs_12",
            "projected_cuboid": [
                [
                    179.9241453409195,
                    354.5311689376831
                ],
                [
                    159.03893113136292,
                    347.775936126709
                ],
                [
                    149.31151270866394,
                    400.9355306625366
                ],
                [
                    171.5955138206482,
                    407.3437750339508
                ],
                [
                    189.30119276046753,
                    345.82990407943726
                ],
                [
                    167.98943281173706,
                    338.7732803821564
                ],
                [
                    158.54978561401367,
                    392.87352561950684
                ],
                [
                    181.3216358423233,
                    399.5784521102905
                ],
                [
                    169.77554559707642,
                    372.73624539375305
                ]
            ],
            "provenance": "visii",
            "quaternion_xyzw": [
                -0.4368498921394348,
                0.7853466868400574,
                0.36311373114585876,
                0.2460515797138214
            ],
            "quaternion_xyzw_world": [
                0.11571730673313141,
                0.306515634059906,
                0.23277950286865234,
                0.9156809449195862
            ],
            "segmentation_id": 13,
            "visibility": 1
        },
        {
            "bounding_box_minx_maxx_miny_maxy": [
                0,
                81,
                1,
                35
            ],
            "class": "Razer",
