{
    "camera_data": {
        "camera_look_at": {
            "at": [
                1.0,
                0.0,
                0.0
            ],
            "eye": [
                0.0,
                0.0,
                0.0
            ],
            "up": [
                0.0,
                0.0,
                1.0
            ]
        },
        "camera_view_matrix": [
            [
                0.0,
                0.0,
                -1.0,
                0.0
            ],
            [
                -1.0,
                0.0,
                0.0,
                0.0
            ],
            [
                0.0,
                1.0,
                0.0,
                0.0
            ],
            [
                0.0,
                0.0,
                0.0,
                1.0
            ]
        ],
        "height": 500,
        "intrinsics": {
            "cx": 250.0,
            "cy": 250.0,
            "fx": 603.5535278320312,
            "fy": 603.5535278320312
        },
        "location_world": [
            0.0,
            0.0,
            0.0
        ],
        "quaternion_world_xyzw": [
            0.5,
            -0.5,
            -0.5,
            0.5
        ],
        "width": 500
    },
    "objects": [
        {
            "bounding_box_minx_maxx_miny_maxy": [
                -1,
                -1,
                -1,
                -1
            ],
            "class": "Reebok",
            "local_cuboid": null,
            "local_to_world_matrix": [
                [
                    -0.8158570528030396,
                    0.10438711941242218,
                    -0.5687534213066101,
                    0.0
                ],
                [
                    0.45193105936050415,
                    0.7287055850028992,
                    -0.5145351886749268,
                    0.0
                ],
                [
                    0.3607429563999176,
                    -0.6768245697021484,
                    -0.6416953802108765,
                    0.0
                ],
                [
                    0.8111811876296997,
                    0.3524568974971771,
                    -0.047689177095890045,
                    1.0
                ]
            ],
            "location": [
                -0.3524568974971771,
                -0.047689177095890045,
                -0.8111811876296997
            ],
            "location_world": [
                0.8111811876296997,
                0.3524568974971771,
                -0.047689177095890045
            ],
            "name": "google_Reebok_SOMERSET_RUN_0",
            "projected_cuboid": [
                [
                    108.92133414745331,
                    314.2930865287781
                ],
                [
                    -17.127811908721924,
                    408.6463451385498
                ],
                [
                    -87.64448761940002,
                    362.54435777664185
                ],
                [
                    32.61423110961914,
                    253.81383299827576
                ],
                [
                    133.05515050888062,
                    260.6701850891113
                ],
                [
                    15.724524855613708,
                    353.36974263191223
                ],
                [
                    -46.26926779747009,
                    309.3581199645996
                ],
                [
                    66.90840423107147,
                    204.3919414281845
                ],
                [
                    22.81840145587921,
                    311.55508756637573
                ]
            ],
            "provenance": "visii",
            "quaternion_xyzw": [
                -0.6653741598129272,
                0.48749226331710815,
                -0.5608429908752441,
                -0.07129986584186554
            ],
            "quaternion_xyzw_world": [
                0.15583060681819916,
                0.8925046324729919,
                -0.33371248841285706,
                0.26036179065704346
            ],
            "segmentation_id": 1,
            "visibility": 0
        },
        {
            "bounding_box_minx_maxx_miny_maxy": [
                218,
                293,
                397,
                500
            ],
            "class": "Breyer",
            "local_cuboid": null,
            "local_to_world_matrix": [
                [
                    0.7045835256576538,
                    -0.23646022379398346,
                    -0.6690654754638672,
                    0.0
                ],
                [
                    0.031310662627220154,
                    -0.9315714836120605,
                    0.3622075319290161,
                    0.0
                ],
                [
                    -0.7089300155639648,
                    -0.2761543393135071,
                    -0.6489661931991577,
                    0.0
                ],
                [
                    0.5242463946342468,
                    0.00885365717113018,
                    -0.1752970963716507,
                    1.0
                ]
            ],
            "location": [
                -0.00885365717113018,
                -0.1752970963716507,
                -0.5242463946342468
            ],
            "location_world": [
                0.5242463946342468,
                0.00885365717113018,
                -0.1752970963716507
            ],
            "name": "google_Breyer_Horse_Of_The_Year_2015_1",
            "projected_cuboid": [
                [
                    298.7394630908966,
                    688.2246732711792
                ],
                [
                    363.5265827178955,
                    661.3806486129761
                ],
                [
                    301.2479245662689,
                    489.19570446014404
                ],
                [
                    247.88306653499603,
                    510.7170343399048
                ],
                [
                    223.88625144958496,
                    622.5744485855103
                ],
                [
                    320.4343020915985,
                    583.0895900726318
                ],
                [
                    245.88100612163544,
                    367.0009970664978
                ],
                [
                    172.68329858779907,
                    395.93154191970825
                ],
                [
                    273.78106117248535,
                    536.5511775016785
                ]
            ],
            "provenance": "visii",
            "quaternion_xyzw": [
                0.20329946279525757,
                0.3228069543838501,
                -0.5268449187278748,
                0.759539008140564
            ],
            "quaternion_xyzw_world": [
                0.9062451720237732,
                -0.056593284010887146,
                -0.38013872504234314,
                0.17610076069831848
            ],
            "segmentation_id": 2,
            "visibility": 1
        },
        {
            "bounding_box_minx_maxx_miny_maxy": [
                85,
                122,
                61,
                78
            ],
            "class": "Smith",
            "local_cuboid": null,
            "local_to_world_matrix": [
                [
                    0.9920929670333862,
                    -0.09992638975381851,
                    -0.07593561708927155,
                    0.0
                ],
                [
                    -0.12518182396888733,
                    -0.7444751262664795,
                    -0.6558101773262024,
                    0.0
                ],
                [
                    0.009000584483146667,
                    0.6601304411888123,
                    -0.751097559928894,
                    0.0
                ],
                [
                    1.774288296699524,
                    0.3439880609512329,
                    0.5597280859947205,
                    1.0
                ]
            ],
            "location": [
                -0.3439880609512329,
                0.5597280859947205,
                -1.774288296699524
            ],
            "location_world": [
                1.774288296699524,
                0.3439880609512329,
                0.5597280859947205
            ],
            "name": "google_Smith_Hawken_Woven_BasketTray_Organizer_with_3_Compartments_95_x_9_x_13_2",
            "projected_cuboid": [
                [
                    66.1194771528244,
                    118.4147447347641
                ],
                [
                    122.70131707191467,
                    168.7629222869873
                ],
                [
                    177.80789732933044,
                    105.78040778636932
                ],
                [
                    120.25481462478638,
                    56.400954723358154
                ],
                [
                    11.872008442878723,
                    78.99786531925201
                ],
                [
                    80.14929294586182,
                    139.93334770202637
                ],
                [
                    147.67663180828094,
                    62.63619661331177
                ],
                [
                    77.94654369354248,
                    3.1549036502838135
                ],
                [
                    102.39104926586151,
                    93.60791742801666
                ]
            ],
            "provenance": "visii",
            "quaternion_xyzw": [
                0.6642171144485474,
                0.25162678956985474,
                -0.6218688488006592,
                0.3298165202140808
            ],
            "quaternion_xyzw_world": [
                0.933764636516571,
                -0.06026899442076683,
                -0.01792074553668499,
                -0.3523212969303131
            ],
            "segmentation_id": 3,
            "visibility": 1
        },
        {
            "bounding_box_minx_maxx_miny_maxy": [
                -1,
                -1,
                -1,
                -1
            ],
            "class": "Paul",
            "local_cuboid": null,
            "local_to_world_matrix": [
                [
                    0.038962364196777344,
                    -0.6691554188728333,
                    0.7421005368232727,
                    0.0
                ],
                [
                    0.4149327874183655,
                    0.6864423751831055,
                    0.5971831679344177,
                    0.0
                ],
                [
                    -0.9090176224708557,
                    0.28465408086776733,
                    0.30439984798431396,
                    0.0
                ],
                [
                    0.3219975531101227,
                    -0.4161481559276581,
                    0.13447490334510803,
                    1.0
                ]
            ],
            "location": [
                0.4161481559276581,
                0.13447490334510803,
                -0.3219975531101227
            ],
            "location_world": [
                0.3219975531101227,
                -0.4161481559276581,
                0.13447490334510803
            ],
            "name": "google_Paul_Frank_Dot_Lunch_Box_3",
            "projected_cuboid": [
                [
                    3307.392358779907,
                    -1491.9371604919434
                ],
                [
                    1997.594952583313,
                    -1209.920048713684
                ],
                [
                    1057.227373123169,
                    -207.14572072029114
                ],
                [
                    1322.5133419036865,
                    -146.68941497802734
                ],
                [
                    2410.3939533233643,
                    -294.79271173477173
                ],
                [
                    1308.7300062179565,
                    -407.73892402648926
                ],
                [
                    768.1121230125427,
                    126.73678994178772
                ],
                [
                    998.6869096755981,
                    240.06125330924988
                ],
                [
                    1318.4280395507812,
                    -224.06411170959473
                ]
            ],
            "provenance": "visii",
            "quaternion_xyzw": [
                -0.20183831453323364,
                -0.06893885135650635,
                0.40083634853363037,
                0.8909764289855957
            ],
            "quaternion_xyzw_world": [
                0.10968147963285446,
                -0.5794566869735718,
                -0.38045865297317505,
                0.7123561501502991
            ],
            "segmentation_id": 4,
            "visibility": 0
        },
        {
            "bounding_box_minx_maxx_miny_maxy": [
                451,
                499,
                18,
                72
            ],
            "class": "Toys",
            "local_cuboid": null,
            "local_to_world_matrix": [
                [
                    -0.0351790189743042,
                    0.6273261308670044,
                    0.7779617309570312,
                    0.0
                ],
                [
                    -0.8702952861785889,
                    0.3634346127510071,
                    -0.3324175775051117,
                    0.0
                ],
                [
                    -0.4912724494934082,
                    -0.6887505054473877,
                    0.5331736207008362,
                    0.0
                ],
                [
                    1.8559056520462036,
                    -0.633673906326294,
                    0.577036440372467,
                    1.0
                ]
            ],
            "location": [
                0.633673906326294,
                0.577036440372467,
                -1.8559056520462036
            ],
            "location_world": [
                1.8559056520462036,
                -0.633673906326294,
                0.577036440372467
            ],
            "name": "google_Toys_R_Us_Treat_Dispenser_Smart_Puzzle_Foobler_4",
            "projected_cuboid": [
                [
                    485.16422510147095,
                    6.398871541023254
                ],
                [
                    483.84276032447815,
                    5.375802516937256
                ],
                [
                    438.25989961624146,
                    43.34668815135956
                ],
                [
                    442.7090883255005,
                    41.6809618473053
                ],
                [
                    516.1342620849609,
                    46.38016223907471
                ],
                [
                    517.2339677810669,
                    48.48051071166992
                ],
                [
                    470.38453817367554,
                    84.5222920179367
                ],
                [
                    472.58666157722473,
                    79.99719679355621
                ],
                [
                    477.8822958469391,
                    44.89010572433472
                ]
            ],
            "provenance": "visii",
            "quaternion_xyzw": [
                0.2312028557062149,
                0.44822877645492554,
                0.7827860713005066,
                0.36453011631965637
            ],
            "quaternion_xyzw_world": [
                0.13058783113956451,
                -0.46514514088630676,
                0.5488438010215759,
                0.6821710467338562
            ],
            "segmentation_id": 5,
            "visibility": 1
        },
        {
            "bounding_box_minx_maxx_miny_maxy": [
                292,
                499,
                107,
                373
            ],
            "class": "Tag",
            "local_cuboid": null,
            "local_to_world_matrix": [
                [
                    0.7741180658340454,
                    -0.3262808918952942,
                    0.5424776673316956,
                    0.0
                ],
                [
                    -0.0662766546010971,
                    -0.8940024375915527,
                    -0.4431333839893341,
                    0.0
                ],
                [
                    0.6295623183250427,
                    0.30708393454551697,
                    -0.7136882543563843,
                    0.0
                ],
                [
                    0.29686814546585083,
                    -0.15401673316955566,
                    0.00037783465813845396,
                    1.0
                ]
            ],
            "location": [
                0.15401673316955566,
                0.00037783465813845396,
                -0.29686814546585083
            ],
            "location_world": [
                0.29686814546585083,
                -0.15401673316955566,
                0.00037783465813845396
            ],
            "name": "google_Tag_Dishtowel_Basket_Weave_Red_18_x_26_5",
            "projected_cuboid": [
                [
                    352.7967929840088,
                    137.19087839126587
                ],
                [
                    690.5697584152222,
                    297.90642857551575
                ],
                [
                    736.0001802444458,
                    258.57511162757874
                ],
                [
                    376.3248920440674,
                    89.97918665409088
                ],
                [
                    275.94757080078125,
                    294.41532492637634
                ],
                [
                    790.9030914306641,
                    551.6546964645386
                ],
                [
                    873.0983138084412,
                    514.011025428772
                ],
                [
                    305.4284453392029,
                    235.53653061389923
                ],
                [
                    541.339635848999,
                    273.7400531768799
                ]
            ],
            "provenance": "visii",
            "quaternion_xyzw": [
                0.774431586265564,
                0.46372082829475403,
                -0.34903088212013245,
                0.2517862617969513
            ],
            "quaternion_xyzw_world": [
                0.9194847345352173,
                -0.10673303157091141,
                0.31866759061813354,
                -0.20397764444351196
            ],
            "segmentation_id": 6,
            "visibility": 1
        },
        {
            "bounding_box_minx_maxx_miny_maxy": [
                0,
                360,
                40,
                500
            ],
            "class": "FRACTION",
            "local_cuboid": null,
            "local_to_world_matrix": [
                [
                    0.0872582197189331,
                    0.6139346361160278,
                    -0.7845193147659302,
                    0.0
                ],
                [
                    0.8368836641311646,
                    0.3820153474807739,
                    0.39203333854675293,
                    0.0
                ],
                [
                    0.5403813123703003,
                    -0.690759539604187,
                    -0.4804579019546509,
                    0.0
                ],
                [
                    0.2257034033536911,
                    0.0684201642870903,
                    0.007063996512442827,
                    1.0
                ]
            ],
            "location": [
                -0.0684201642870903,
                0.007063996512442827,
                -0.2257034033536911
            ],
            "location_world": [
                0.2257034033536911,
                0.0684201642870903,
                0.007063996512442827
            ],
            "name": "google_FRACTION_FUN_n4h4qte23QR_6",
            "projected_cuboid": [
                [
                    60.60230731964111,
                    656.2160849571228
                ],
                [
                    20.055755972862244,
                    331.8067193031311
                ],
                [
                    -55.772870779037476,
                    297.3686456680298
                ],
                [
                    -86.84054017066956,
                    636.2061500549316
                ],
                [
                    442.0550465583801,
                    184.21220779418945
                ],
                [
                    211.40271425247192,
                    77.19190418720245
                ],
                [
                    146.90770208835602,
                    20.712047815322876
                ],
                [
                    343.3591425418854,
                    81.60637319087982
                ],
                [
                    114.59507048130035,
                    258.6439251899719
                ]
            ],
            "provenance": "visii",
            "quaternion_xyzw": [
                -0.3655179738998413,
                0.7978641986846924,
                -0.41277116537094116,
                0.2437814176082611
            ],
            "quaternion_xyzw_world": [
                0.5444494485855103,
                0.6661859750747681,
                -0.1121031641960144,
                0.497196227312088
            ],
            "segmentation_id": 7,
            "visibility": 1
        },
        {
            "bounding_box_minx_maxx_miny_maxy": [
                -1,
                -1,
                -1,
                -1
            ],
            "class": "FAIRY",
            "local_cuboid": null,
            "local_to_world_matrix": [
                [
                    -0.2910149097442627,
                    0.4342009723186493,
                    -0.8525137901306152,
                    0.0
                ],
                [
                    0.7507345676422119,
                    -0.4487231969833374,
                    -0.48481446504592896,
                    0.0
                ],
                [
                    -0.5930496454238892,
                    -0.7810998558998108,
                    -0.19538450241088867,
                    0.0
                ],
                [
                    0.32719525694847107,
                    0.41494613885879517,
                    0.2788044512271881,
                    1.0
                ]
            ],
            "location": [
                -0.41494613885879517,
                0.2788044512271881,
                -0.32719525694847107
            ],
            "location_world": [
                0.32719525694847107,
                0.41494613885879517,
                0.2788044512271881
            ],
            "name": "google_FAIRY_TALE_BLOCKS_7",
            "projected_cuboid": [
                [
                    -3364.6464347839355,
                    -1722.1102714538574
                ],
                [
                    -300.2042770385742,
                    98.54678809642792
                ],
                [
                    -383.13913345336914,
                    82.48648047447205
                ],
                [
                    -1416.0386323928833,
                    -496.6666102409363
                ],
                [
                    -884.5760822296143,
                    -1610.0414991378784
                ],
                [
                    16.47821068763733,
                    -254.3521523475647
                ],
                [
                    -144.12465691566467,
                    -166.95600748062134
                ],
                [
                    -714.0581607818604,
                    -776.0339975357056
                ],
                [
                    -509.28038358688354,
                    -343.2857394218445
                ]
            ],
            "provenance": "visii",
            "quaternion_xyzw": [
                0.3382173478603363,
                -0.29846981167793274,
                0.7924747467041016,
                -0.4104979336261749
            ],
            "quaternion_xyzw_world": [
                -0.5816125869750977,
                -0.509332001209259,
                0.6213601231575012,
                -0.12735514342784882
            ],
            "segmentation_id": 8,
            "visibility": 0
        },
        {
            "bounding_box_minx_maxx_miny_maxy": [
                0,
                6,
                205,
                225
            ],
            "class": "Great",
            "local_cuboid": null,
            "local_to_world_matrix": [
                [
                    -0.5632288455963135,
                    -0.01716434955596924,
                    -0.8261227607727051,
                    0.0
                ],
                [
                    -0.8240355849266052,
                    0.08565020561218262,
                    0.560026228427887,
                    0.0
                ],
                [
                    0.06114509701728821,
                    0.9961773753166199,
                    -0.062384724617004395,
                    0.0
                ],
                [
                    1.550803780555725,
                    0.656509280204773,
                    0.08645013719797134,
                    1.0
                ]
            ],
            "location": [
                -0.656509280204773,
                0.08645013719797134,
                -1.550803780555725
            ],
            "location_world": [
                1.550803780555725,
                0.656509280204773,
                0.08645013719797134
            ],
            "name": "google_Great_Jones_Wingtip_kAqSg6EgG0I_8",
            "projected_cuboid": [
                [
                    -25.501221418380737,
                    269.6820795536041
                ],
                [
                    -87.7104103565216,
                    197.85979390144348
                ],
                [
                    -40.23563861846924,
                    194.52032446861267
                ],
                [
                    14.829665422439575,
                    267.1666443347931
                ],
                [
                    -16.12308621406555,
                    236.6735339164734
                ],
                [
                    -74.01281595230103,
                    162.12156414985657
                ],
                [
                    -28.51882576942444,
                    158.75503420829773
                ],
                [
                    22.768840193748474,
                    234.11604762077332
                ],
                [
                    -26.912301778793335,
                    217.81209111213684
                ]
            ],
            "provenance": "visii",
            "quaternion_xyzw": [
                -0.3599594533443451,
                0.6332470178604126,
                0.3006926476955414,
                -0.6156389713287354
            ],
            "quaternion_xyzw_world": [
                -0.321522057056427,
                0.6540763974189758,
                0.5948095917701721,
                0.3391300439834595
            ],
            "segmentation_id": 9,
            "visibility": 1
        },
        {
            "bounding_box_minx_maxx_miny_maxy": [
                0,
                84,
                75,
                150
            ],
            "class": "Ecoforms",
            "local_cuboid": null,
            "local_to_world_matrix": [
                [
                    0.8507463932037354,
                    -0.5139321684837341,
                    0.1100197285413742,
                    0.0
                ],
                [
                    0.43366312980651855,
                    0.5681508779525757,
                    -0.6993861794471741,
                    0.0
                ],
                [
                    0.29692918062210083,
                    0.6427118182182312,
                    0.7062257528305054,
                    0.0
                ],
                [
                    1.3837347030639648,
                    0.3973294496536255,
                    0.2396717220544815,
                    1.0
                ]
            ],
            "location": [
                -0.3973294496536255,
                0.2396717220544815,
                -1.3837347030639648
            ],
            "location_world": [
                1.3837347030639648,
                0.3973294496536255,
                0.2396717220544815
            ],
            "name": "google_Ecoforms_Plant_Container_Quadra_Sand_QP6_9",
            "projected_cuboid": [
                [
                    85.02498269081116,
                    71.5627521276474
                ],
                [
                    51.86380445957184,
                    132.60184228420258
                ],
                [
                    88.69211375713348,
                    176.4032244682312
                ],
                [
                    125.15239417552948,
                    115.7555878162384
                ],
                [
                    19.632309675216675,
                    59.16716158390045
                ],
                [
                    -13.513326644897461,
                    128.03077697753906
                ],
                [
                    25.318533182144165,
                    176.94014310836792
                ],
                [
                    62.317222356796265,
                    108.54174196720123
                ],
                [
                    56.544288992881775,
                    121.82898819446564
                ]
            ],
            "provenance": "visii",
            "quaternion_xyzw": [
                -0.7921881079673767,
                0.14457784593105316,
                0.47130802273750305,
                0.35972803831100464
            ],
            "quaternion_xyzw_world": [
                -0.3795951008796692,
                0.0528649240732193,
                -0.2680151164531708,
                0.8839010000228882
            ],
            "segmentation_id": 10,
            "visibility": 1
        },
        {
            "bounding_box_minx_maxx_miny_maxy": [
                -1,
                -1,
                -1,
                -1
            ],
            "class": "ReadytoUse",
            "local_cuboid": null,
            "local_to_world_matrix": [
                [
                    0.839221715927124,
                    0.10124704241752625,
                    -0.5342807769775391,
                    0.0
                ],
                [
                    0.37406817078590393,
                    0.6056368350982666,
                    0.702336847782135,
                    0.0
                ],
                [
                    0.3946896195411682,
                    -0.7892737984657288,
                    0.470390260219574,
                    0.0
                ],
                [
                    0.3437742590904236,
                    -0.15093545615673065,
                    -0.28181493282318115,
                    1.0
                ]
            ],
            "location": [
                0.15093545615673065,
                -0.28181493282318115,
                -0.3437742590904236
            ],
            "location_world": [
                0.3437742590904236,
                -0.15093545615673065,
                -0.28181493282318115
            ],
            "name": "google_ReadytoUse_Rolled_Fondant_Pure_White_24_oz_box_10",
            "projected_cuboid": [
                [
                    640.9629583358765,
                    586.6443514823914
                ],
                [
                    587.5170230865479,
                    529.22523021698
                ],
                [
                    444.19804215431213,
                    693.8271522521973
                ],
                [
                    500.0417232513428,
                    769.0096497535706
                ],
                [
                    776.3116359710693,
                    572.7524757385254
                ],
                [
                    701.2929320335388,
                    500.10550022125244
                ],
                [
                    534.5698595046997,
                    713.9928936958313
                ],
                [
                    616.400957107544,
                    817.579448223114
                ],
                [
                    598.3748435974121,
                    637.6208066940308
                ]
            ],
            "provenance": "visii",
            "quaternion_xyzw": [
                -0.38441699743270874,
                0.741328775882721,
                0.03248289227485657,
                0.5491812229156494
            ],
            "quaternion_xyzw_world": [
                0.4368050694465637,
                0.27204081416130066,
                -0.07989326864480972,
                0.8537049889564514
            ],
            "segmentation_id": 11,
            "visibility": 0
        },
        {
            "bounding_box_minx_maxx_miny_maxy": [
                -1,
                -1,
                -1,
                -1
            ],
            "class": "Dog",
            "local_cuboid": null,
            "local_to_world_matrix": [
                [
                    -0.8182342052459717,
                    0.5231229066848755,
                    0.23840126395225525,
                    0.0
                ],
                [
                    -0.25651752948760986,
                    -0.7033500671386719,
                    0.6629459857940674,
                    0.0
                ],
                [
                    0.514481782913208,
                    0.4812910258769989,
                    0.7096953392028809,
                    0.0
                ],
                [
                    0.6522281169891357,
                    0.3928557336330414,
                    0.4883478283882141,
                    1.0
                ]
            ],
            "location": [
                -0.3928557336330414,
                0.4883478283882141,
                -0.6522281169891357
            ],
            "location_world": [
                0.6522281169891357,
                0.3928557336330414,
                0.4883478283882141
            ],
            "name": "google_Dog_11",
            "projected_cuboid": [
                [
                    -295.2754497528076,
                    -278.373658657074
                ],
                [
                    -211.69021725654602,
                    -435.67347526550293
                ],
                [
                    -191.8315589427948,
                    -407.332181930542
                ],
                [
                    -291.85134172439575,
                    -224.52208399772644
                ],
                [
                    -92.4423336982727,
                    -124.97106194496155
                ],
                [
                    -16.362249851226807,
                    -237.12727427482605
                ],
                [
                    26.036053895950317,
                    -188.021719455719
                ],
                [
                    -62.82034516334534,
                    -63.96132707595825
                ],
                [
                    -130.0888955593109,
                    -231.9236397743225
                ]
            ],
            "provenance": "visii",
            "quaternion_xyzw": [
                0.2865365743637085,
                0.8216676712036133,
                0.2939791977405548,
                -0.39539259672164917
            ],
            "quaternion_xyzw_world": [
                0.2094161957502365,
                0.318272203207016,
                0.8987880349159241,
                0.21685881912708282
            ],
            "segmentation_id": 12,
            "visibility": 0
        },
        {
            "bounding_box_minx_maxx_miny_maxy": [
                -1,
                -1,
                -1,
                -1
            ],
            "class": "Black",
            "local_cuboid": null,
            "local_to_world_matrix": [
                [
                    0.16178637742996216,
                    0.16120129823684692,
                    -0.9735704660415649,
                    0.0
                ],
                [
                    0.9821460843086243,
                    -0.1222689151763916,
                    0.14296650886535645,
                    0.0
                ],
                [
                    -0.09599101543426514,
                    -0.979318380355835,
                    -0.17810475826263428,
                    0.0
                ],
                [
                    0.6812133193016052,
                    -0.3222126066684723,
                    0.5861538648605347,
                    1.0
                ]
            ],
            "location": [
                0.3222126066684723,
                0.5861538648605347,
                -0.6812133193016052
            ],
            "location_world": [
                0.6812133193016052,
                -0.3222126066684723,
                0.5861538648605347
            ],
            "name": "google_Black_Elderberry_Syrup_54_oz_Gaia_Herbs_12",
            "projected_cuboid": [
                [
                    678.2257556915283,
                    -245.97778916358948
                ],
                [
                    648.9908695220947,
                    -212.18639612197876
                ],
                [
                    521.2350487709045,
                    -225.00109672546387
                ],
                [
                    538.561761379242,
                    -259.20820236206055
                ],
                [
                    693.2449340820312,
                    -306.1940670013428
                ],
                [
                    662.3592376708984,
                    -266.89863204956055
                ],
                [
                    532.6659679412842,
                    -278.80120277404785
                ],
                [
                    551.2644052505493,
                    -318.3180093765259
                ],
                [
                    602.0607948303223,
                    -263.1528377532959
                ]
            ],
            "provenance": "visii",
            "quaternion_xyzw": [
                -0.38724708557128906,
                0.5495855212211609,
                -0.5277844667434692,
                0.5190752148628235
            ],
            "quaternion_xyzw_world": [
                0.6045990586280823,
                0.47277092933654785,
                -0.44226062297821045,
                0.4640616476535797
            ],
            "segmentation_id": 13,
            "visibility": 0
        },
        {
            "bounding_box_minx_maxx_miny_maxy": [
                0,
                38,
                111,
                172
            ],
            "class": "Razer",
