{
    "camera_data": {
        "camera_look_at": {
            "at": [
                1.0,
                0.0,
                0.0
            ],
            "eye": [
                0.0,
                0.0,
                0.0
            ],
            "up": [
                0.0,
                0.0,
                1.0
            ]
        },
        "camera_view_matrix": [
            [
                0.0,
                0.0,
                -1.0,
                0.0
            ],
            [
                -1.0,
                0.0,
                0.0,
                0.0
            ],
            [
                0.0,
                1.0,
                0.0,
                0.0
            ],
            [
                0.0,
                0.0,
                0.0,
                1.0
            ]
        ],
        "height": 500,
        "intrinsics": {
            "cx": 250.0,
            "cy": 250.0,
            "fx": 603.5535278320312,
            "fy": 603.5535278320312
        },
        "location_world": [
            0.0,
            0.0,
            0.0
        ],
        "quaternion_world_xyzw": [
            0.5,
            -0.5,
            -0.5,
            0.5
        ],
        "width": 500
    },
    "objects": [
        {
            "bounding_box_minx_maxx_miny_maxy": [
                0,
                61,
                304,
                362
            ],
            "class": "Reebok",
            "local_cuboid": null,
            "local_to_world_matrix": [
                [
                    -0.8657293319702148,
                    0.257230281829834,
                    0.4293547570705414,
                    0.0
                ],
                [
                    -0.2147100567817688,
                    0.5840246677398682,
                    -0.7828249335289001,
                    0.0
                ],
                [
                    -0.4521200358867645,
                    -0.7699012160301208,
                    -0.45037734508514404,
                    0.0
                ],
                [
                    0.8429155349731445,
                    0.32231178879737854,
                    -0.0004858809115830809,
                    1.0
                ]
            ],
            "location": [
                -0.32231178879737854,
                -0.0004858809115830809,
                -0.8429155349731445
            ],
            "location_world": [
                0.8429155349731445,
                0.32231178879737854,
                -0.0004858809115830809
            ],
            "name": "google_Reebok_SOMERSET_RUN_0",
            "projected_cuboid": [
                [
                    123.49459528923035,
                    182.79004096984863
                ],
                [
                    -32.94786810874939,
                    371.5361952781677
                ],
                [
                    -84.20899510383606,
                    321.7933177947998
                ],
                [
                    66.18785858154297,
                    148.83479475975037
                ],
                [
                    157.81378746032715,
                    223.921000957489
                ],
                [
                    22.960931062698364,
                    393.038809299469
                ],
                [
                    -25.889664888381958,
                    347.63312339782715
                ],
                [
                    104.62082922458649,
                    191.22084975242615
                ],
                [
                    44.80746388435364,
                    269.61997151374817
                ]
            ],
            "provenance": "visii",
            "quaternion_xyzw": [
                -0.5180431008338928,
                0.0746414065361023,
                -0.7893312573432922,
                -0.3209614157676697
            ],
            "quaternion_xyzw_world": [
                0.012484082952141762,
                0.8514885902404785,
                -0.45588576793670654,
                -0.258804053068161
            ],
            "segmentation_id": 1,
            "visibility": 1
        },
        {
            "bounding_box_minx_maxx_miny_maxy": [
                168,
                205,
                469,
                500
            ],
            "class": "Breyer",
            "local_cuboid": null,
            "local_to_world_matrix": [
                [
                    0.489244282245636,
                    -0.8683273196220398,
                    -0.08153322339057922,
                    0.0
                ],
                [
                    -0.2815104126930237,
                    -0.06874430179595947,
                    -0.9570925235748291,
                    0.0
                ],
                [
                    0.8254647254943848,
                    0.49120450019836426,
                    -0.2780759334564209,
                    0.0
                ],
                [
                    0.5003518462181091,
                    0.12371255457401276,
                    -0.21500472724437714,
                    1.0
                ]
            ],
            "location": [
                -0.12371255457401276,
                -0.21500472724437714,
                -0.5003518462181091
            ],
            "location_world": [
                0.5003518462181091,
                0.12371255457401276,
                -0.21500472724437714
            ],
            "name": "google_Breyer_Horse_Of_The_Year_2015_1",
            "projected_cuboid": [
                [
                    163.66910934448242,
                    464.6978974342346
                ],
                [
                    165.13989865779877,
                    519.3010568618774
                ],
                [
                    228.46044600009918,
                    534.5326662063599
                ],
                [
                    224.83646869659424,
                    467.248797416687
                ],
                [
                    -63.05587291717529,
                    487.049400806427
                ],
                [
                    -67.85106658935547,
                    553.3040761947632
                ],
                [
                    -55.83587288856506,
                    582.3902487754822
                ],
                [
                    -50.1287579536438,
                    496.50806188583374
                ],
                [
                    78.867107629776,
                    510.16634702682495
                ]
            ],
            "provenance": "visii",
            "quaternion_xyzw": [
                -0.9553644061088562,
                0.0033466219902038574,
                0.25656408071517944,
                -0.14643269777297974
            ],
            "quaternion_xyzw_world": [
                -0.6775072813034058,
                0.4242898225784302,
                -0.2745105028152466,
                0.5344212055206299
            ],
            "segmentation_id": 2,
            "visibility": 1
        },
        {
            "bounding_box_minx_maxx_miny_maxy": [
                112,
                185,
                33,
                169
            ],
            "class": "Smith",
            "local_cuboid": null,
            "local_to_world_matrix": [
                [
                    0.4821980595588684,
                    0.7050560116767883,
                    -0.5199819803237915,
                    0.0
                ],
                [
                    0.33490127325057983,
                    -0.6968159675598145,
                    -0.6342629194259644,
                    0.0
                ],
                [
                    -0.8095223903656006,
                    0.1316978633403778,
                    -0.5721276998519897,
                    0.0
                ],
                [
                    1.7671000957489014,
                    0.2783272862434387,
                    0.5240321755409241,
                    1.0
                ]
            ],
            "location": [
                -0.2783272862434387,
                0.5240321755409241,
                -1.7671000957489014
            ],
            "location_world": [
                1.7671000957489014,
                0.2783272862434387,
                0.5240321755409241
            ],
            "name": "google_Smith_Hawken_Woven_BasketTray_Organizer_with_3_Compartments_95_x_9_x_13_2",
            "projected_cuboid": [
                [
                    48.38429391384125,
                    113.78458142280579
                ],
                [
                    123.23179841041565,
                    179.4838309288025
                ],
                [
                    149.03724193572998,
                    138.64126801490784
                ],
                [
                    84.41375195980072,
                    78.89212667942047
                ],
                [
                    131.86410069465637,
                    17.286643385887146
                ],
                [
                    210.5797976255417,
                    96.1080938577652
                ],
                [
                    227.95942425727844,
                    61.67115271091461
                ],
                [
                    160.6248915195465,
                    -8.485496044158936
                ],
                [
                    141.6880041360855,
                    86.7074579000473
                ]
            ],
            "provenance": "visii",
            "quaternion_xyzw": [
                0.17297744750976562,
                0.2555733621120453,
                -0.8872487545013428,
                0.3428569734096527
            ],
            "quaternion_xyzw_world": [
                0.8293282985687256,
                0.31349384784698486,
                -0.4007774591445923,
                -0.2308979481458664
            ],
            "segmentation_id": 3,
            "visibility": 1
        },
        {
            "bounding_box_minx_maxx_miny_maxy": [
                -1,
                -1,
                -1,
                -1
            ],
            "class": "Paul",
            "local_cuboid": null,
            "local_to_world_matrix": [
                [
                    0.891900360584259,
                    -0.4355435371398926,
                    0.1217193529009819,
                    0.0
                ],
                [
                    0.33564597368240356,
                    0.8179196119308472,
                    0.46727854013442993,
                    0.0
                ],
                [
                    -0.30307677388191223,
                    -0.37591129541397095,
                    0.8756912350654602,
                    0.0
                ],
                [
                    0.2910052537918091,
                    -0.40402281284332275,
                    0.038547333329916,
                    1.0
                ]
            ],
            "location": [
                0.40402281284332275,
                0.038547333329916,
                -0.2910052537918091
            ],
            "location_world": [
                0.2910052537918091,
                -0.40402281284332275,
                0.038547333329916
            ],
            "name": "google_Paul_Frank_Dot_Lunch_Box_3",
            "projected_cuboid": [
                [
                    1366.6197061538696,
                    -187.99272179603577
                ],
                [
                    1103.8684844970703,
                    -228.84255647659302
                ],
                [
                    839.9737477302551,
                    137.1946632862091
                ],
                [
                    1030.9839248657227,
                    204.62173223495483
                ],
                [
                    3624.1328716278076,
                    -1164.8045778274536
                ],
                [
                    2182.7664375305176,
                    -993.8745498657227
                ],
                [
                    1201.0951042175293,
                    99.96546804904938
                ],
                [
                    1763.9672756195068,
                    260.3810429573059
                ],
                [
                    1304.5897483825684,
                    -80.08089661598206
                ]
            ],
            "provenance": "visii",
            "quaternion_xyzw": [
                -0.40779536962509155,
                0.4268074333667755,
                0.3163284659385681,
                0.7426134347915649
            ],
            "quaternion_xyzw_world": [
                0.2226485162973404,
                -0.11216955631971359,
                -0.20363646745681763,
                0.9467723369598389
            ],
            "segmentation_id": 4,
            "visibility": 0
        },
        {
            "bounding_box_minx_maxx_miny_maxy": [
                341,
                394,
                1,
                48
            ],
            "class": "Toys",
            "local_cuboid": null,
            "local_to_world_matrix": [
                [
                    0.2253481149673462,
                    -0.42625924944877625,
                    0.8760829567909241,
                    0.0
                ],
                [
                    0.552358865737915,
                    0.7966294884681702,
                    0.24552203714847565,
                    0.0
                ],
                [
                    -0.802569568157196,
                    0.4285842776298523,
                    0.41496706008911133,
                    0.0
                ],
                [
                    1.8359646797180176,
                    -0.37949666380882263,
                    0.6443013548851013,
                    1.0
                ]
            ],
            "location": [
                0.37949666380882263,
                0.6443013548851013,
                -1.8359646797180176
            ],
            "location_world": [
                1.8359646797180176,
                -0.37949666380882263,
                0.6443013548851013
            ],
            "name": "google_Toys_R_Us_Treat_Dispenser_Smart_Puzzle_Foobler_4",
            "projected_cuboid": [
                [
                    395.9055542945862,
                    -20.64421772956848
                ],
                [
                    347.167432308197,
                    -20.53070068359375
                ],
                [
                    361.79256439208984,
                    17.315015196800232
                ],
                [
                    407.9025983810425,
                    18.985822796821594
                ],
                [
                    374.90114569664,
                    23.142486810684204
                ],
                [
                    326.21264457702637,
                    21.116361021995544
                ],
                [
                    342.4984812736511,
                    56.9150447845459
                ],
                [
                    388.5902166366577,
                    60.51413714885712
                ],
                [
                    367.89798736572266,
                    20.029157400131226
                ]
            ],
            "provenance": "visii",
            "quaternion_xyzw": [
                -0.307476669549942,
                -0.06460116803646088,
                0.5316926836967468,
                0.7865034937858582
            ],
            "quaternion_xyzw_world": [
                -0.05863351374864578,
                -0.5376603007316589,
                -0.3134443461894989,
                0.7805358171463013
            ],
            "segmentation_id": 5,
            "visibility": 1
        },
        {
            "bounding_box_minx_maxx_miny_maxy": [
                417,
                499,
                357,
                500
            ],
            "class": "Tag",
            "local_cuboid": null,
            "local_to_world_matrix": [
                [
                    0.5776944160461426,
                    0.5193987488746643,
                    0.6296778321266174,
                    0.0
                ],
                [
                    0.5669316649436951,
                    -0.8103115558624268,
                    0.14826877415180206,
                    0.0
                ],
                [
                    0.5872458815574646,
                    0.2713302671909332,
                    -0.7625761032104492,
                    0.0
                ],
                [
                    0.2987680435180664,
                    -0.2215937227010727,
                    -0.0967770591378212,
                    1.0
                ]
            ],
            "location": [
                0.2215937227010727,
                -0.0967770591378212,
                -0.2987680435180664
            ],
            "location_world": [
                0.2987680435180664,
                -0.2215937227010727,
                -0.0967770591378212
            ],
            "name": "google_Tag_Dishtowel_Basket_Weave_Red_18_x_26_5",
            "projected_cuboid": [
                [
                    396.7140316963196,
                    423.8523840904236
                ],
                [
                    614.4561171531677,
                    322.9714632034302
                ],
                [
                    646.2699174880981,
                    287.82156109809875
                ],
                [
                    427.626371383667,
                    379.55164909362793
                ],
                [
                    729.9879789352417,
                    825.9475827217102
                ],
                [
                    880.5042505264282,
                    537.3208522796631
                ],
                [
                    939.5202994346619,
                    505.1034688949585
                ],
                [
                    814.7318363189697,
                    802.741289138794
                ],
                [
                    673.8874316215515,
                    465.3416574001312
                ]
            ],
            "provenance": "visii",
            "quaternion_xyzw": [
                0.4794732630252838,
                0.7508184909820557,
                -0.44268617033958435,
                0.10201005637645721
            ],
            "quaternion_xyzw_world": [
                0.8874939680099487,
                0.3060106635093689,
                0.34279772639274597,
                -0.03466544300317764
            ],
            "segmentation_id": 6,
            "visibility": 1
        },
        {
            "bounding_box_minx_maxx_miny_maxy": [
                0,
                169,
                368,
                500
            ],
            "class": "FRACTION",
            "local_cuboid": null,
            "local_to_world_matrix": [
                [
                    0.6585651636123657,
                    -0.7269965410232544,
                    0.19433993101119995,
                    0.0
                ],
                [
                    0.047534435987472534,
                    -0.21754693984985352,
                    -0.9748917818069458,
                    0.0
                ],
                [
                    0.7510209679603577,
                    0.6512675285339355,
                    -0.10871148109436035,
                    0.0
                ],
                [
                    0.1599327027797699,
                    0.08014999330043793,
                    -0.14677391946315765,
                    1.0
                ]
            ],
            "location": [
                -0.08014999330043793,
                -0.14677391946315765,
                -0.1599327027797699
            ],
            "location_world": [
                0.1599327027797699,
                0.08014999330043793,
                -0.14677391946315765
            ],
            "name": "google_FRACTION_FUN_n4h4qte23QR_6",
            "projected_cuboid": [
                [
                    89.09079432487488,
                    353.90955209732056
                ],
                [
                    192.17243790626526,
                    786.7564558982849
                ],
                [
                    261.11459732055664,
                    853.3043265342712
                ],
                [
                    145.03301680088043,
                    356.46286606788635
                ],
                [
                    -641.6560411453247,
                    603.0483245849609
                ],
                [
                    -406.30751848220825,
                    1377.6047229766846
                ],
                [
                    -447.2736120223999,
                    1698.2078552246094
                ],
                [
                    -765.6008005142212,
                    692.4667358398438
                ],
                [
                    -73.18851351737976,
                    760.632574558258
                ]
            ],
            "provenance": "visii",
            "quaternion_xyzw": [
                -0.9291002750396729,
                -0.11082948744297028,
                0.3524465560913086,
                -0.016461357474327087
            ],
            "quaternion_xyzw_world": [
                -0.7044188380241394,
                0.24114279448986053,
                -0.3355109393596649,
                0.577127993106842
            ],
            "segmentation_id": 7,
            "visibility": 1
        },
        {
            "bounding_box_minx_maxx_miny_maxy": [
                -1,
                -1,
                -1,
                -1
            ],
            "class": "FAIRY",
            "local_cuboid": null,
            "local_to_world_matrix": [
                [
                    0.33974015712738037,
                    -0.04440757632255554,
                    -0.9394703507423401,
                    0.0
                ],
                [
                    0.6642681360244751,
                    -0.6958155632019043,
                    0.2731092572212219,
                    0.0
                ],
                [
                    -0.665826141834259,
                    -0.7168464064598083,
                    -0.20689797401428223,
                    0.0
                ],
                [
                    0.2936418652534485,
                    0.3807222545146942,
                    0.3712702691555023,
                    1.0
                ]
            ],
            "location": [
                -0.3807222545146942,
                0.3712702691555023,
                -0.2936418652534485
            ],
            "location_world": [
                0.2936418652534485,
                0.3807222545146942,
                0.3712702691555023
            ],
            "name": "google_FAIRY_TALE_BLOCKS_7",
            "projected_cuboid": [
                [
                    -1617.181420326233,
                    -793.8458919525146
                ],
                [
                    -19.635051488876343,
                    -285.25716066360474
                ],
                [
                    -152.8281271457672,
                    -163.43554854393005
                ],
                [
                    -887.8036737442017,
                    -280.80546855926514
                ],
                [
                    -12363.849639892578,
                    -15774.724960327148
                ],
                [
                    -172.94976115226746,
                    -1254.8918724060059
                ],
                [
                    -272.10843563079834,
                    -679.0716052055359
                ],
                [
                    -1512.915849685669,
                    -1411.0107421875
                ],
                [
                    -576.4684677124023,
                    -705.0424218177795
                ]
            ],
            "provenance": "visii",
            "quaternion_xyzw": [
                -0.16238240897655487,
                0.37512511014938354,
                -0.5805836319923401,
                0.7041560411453247
            ],
            "quaternion_xyzw_world": [
                0.7487412095069885,
                0.2069675624370575,
                -0.5359984636306763,
                0.3305400013923645
            ],
            "segmentation_id": 8,
            "visibility": 0
        },
        {
            "bounding_box_minx_maxx_miny_maxy": [
                0,
                48,
                159,
                178
            ],
            "class": "Great",
            "local_cuboid": null,
            "local_to_world_matrix": [
                [
                    -0.8034404516220093,
                    -0.5160672664642334,
                    0.29691413044929504,
                    0.0
                ],
                [
                    0.5345529317855835,
                    -0.8448498249053955,
                    -0.02195209637284279,
                    0.0
                ],
                [
                    0.26217660307884216,
                    0.1410791277885437,
                    0.9546518325805664,
                    0.0
                ],
                [
                    1.4246864318847656,
                    0.5202250480651855,
                    0.10373517125844955,
                    1.0
                ]
            ],
            "location": [
                -0.5202250480651855,
                0.10373517125844955,
                -1.4246864318847656
            ],
            "location_world": [
                1.4246864318847656,
                0.5202250480651855,
                0.10373517125844955
            ],
            "name": "google_Great_Jones_Wingtip_kAqSg6EgG0I_8",
            "projected_cuboid": [
                [
                    -40.95953702926636,
                    144.32880282402039
                ],
                [
                    98.0910062789917,
                    158.90076756477356
                ],
                [
                    101.61358118057251,
                    201.82739198207855
                ],
                [
                    -40.18184542655945,
                    192.44222342967987
                ],
                [
                    -47.06504940986633,
                    165.07995128631592
                ],
                [
                    84.7761482000351,
                    176.64200067520142
                ],
                [
                    87.8402441740036,
                    217.4384891986847
                ],
                [
                    -46.4688241481781,
                    210.53722500801086
                ],
                [
                    28.50310504436493,
                    183.75739455223083
                ]
            ],
            "provenance": "visii",
            "quaternion_xyzw": [
                0.6708568930625916,
                0.4254871606826782,
                0.24683403968811035,
                -0.5549636483192444
            ],
            "quaternion_xyzw_world": [
                0.14727318286895752,
                0.031379908323287964,
                0.9490708708763123,
                -0.2767496705055237
            ],
            "segmentation_id": 9,
            "visibility": 1
        },
        {
            "bounding_box_minx_maxx_miny_maxy": [
                43,
                137,
                35,
                158
            ],
            "class": "Ecoforms",
            "local_cuboid": null,
            "local_to_world_matrix": [
                [
                    0.5045598745346069,
                    -0.002441197633743286,
                    0.8633733987808228,
                    0.0
                ],
                [
                    0.4300222098827362,
                    -0.8664231300354004,
                    -0.25375714898109436,
                    0.0
                ],
                [
                    0.7486658096313477,
                    0.4993053376674652,
                    -0.43611276149749756,
                    0.0
                ],
                [
                    1.2401630878448486,
                    0.2940264642238617,
                    0.3790961503982544,
                    1.0
                ]
            ],
            "location": [
                -0.2940264642238617,
                0.3790961503982544,
                -1.2401630878448486
            ],
            "location_world": [
                1.2401630878448486,
                0.2940264642238617,
                0.3790961503982544
            ],
            "name": "google_Ecoforms_Plant_Container_Quadra_Sand_QP6_9",
            "projected_cuboid": [
                [
                    47.723934054374695,
                    69.01915371417999
                ],
                [
                    127.41485238075256,
                    99.19893741607666
                ],
                [
                    153.99101376533508,
                    51.50526762008667
                ],
                [
                    67.98088550567627,
                    15.146002173423767
                ],
                [
                    32.295167446136475,
                    133.06505978107452
                ],
                [
                    118.54574084281921,
                    161.52480244636536
                ],
                [
                    146.2845653295517,
                    116.49364233016968
                ],
                [
                    52.55123972892761,
                    81.71656727790833
                ],
                [
                    94.34866905212402,
                    91.47721529006958
                ]
            ],
            "provenance": "visii",
            "quaternion_xyzw": [
                0.707966148853302,
                0.610832929611206,
                -0.35448920726776123,
                0.0021506547927856445
            ],
            "quaternion_xyzw_world": [
                0.8377195000648499,
                0.127602681517601,
                0.481079638004303,
                -0.22473587095737457
            ],
            "segmentation_id": 10,
            "visibility": 1
        },
        {
            "bounding_box_minx_maxx_miny_maxy": [
                -1,
                -1,
                -1,
                -1
            ],
            "class": "ReadytoUse",
            "local_cuboid": null,
            "local_to_world_matrix": [
                [
                    -0.5343363285064697,
                    0.06198763847351074,
                    0.8429961204528809,
                    0.0
                ],
                [
                    -0.5097842812538147,
                    -0.8191499710083008,
                    -0.26289451122283936,
                    0.0
                ],
                [
                    0.6742439270019531,
                    -0.5702202320098877,
                    0.4693017601966858,
                    0.0
                ],
                [
                    0.360452800989151,
                    -0.14126600325107574,
                    -0.28275400400161743,
                    1.0
                ]
            ],
            "location": [
                0.14126600325107574,
                -0.28275400400161743,
                -0.360452800989151
            ],
            "location_world": [
                0.360452800989151,
                -0.14126600325107574,
                -0.28275400400161743
            ],
            "name": "google_ReadytoUse_Rolled_Fondant_Pure_White_24_oz_box_10",
            "projected_cuboid": [
                [
                    533.703625202179,
                    444.0162181854248
                ],
                [
                    606.8315505981445,
                    473.49241375923157
                ],
                [
                    551.4763593673706,
                    705.4260969161987
                ],
                [
                    458.0027163028717,
                    649.0553617477417
                ],
                [
                    506.9512128829956,
                    538.9365553855896
                ],
                [
                    569.1046118736267,
                    569.3445205688477
                ],
                [
                    511.93344593048096,
                    790.2954816818237
                ],
                [
                    435.88441610336304,
                    737.720787525177
                ],
                [
                    523.7799882888794,
                    601.8630266189575
                ]
            ],
            "provenance": "visii",
            "quaternion_xyzw": [
                0.6846807599067688,
                0.606905460357666,
                0.40331074595451355,
                0.014781534671783447
            ],
            "quaternion_xyzw_world": [
                0.45152848958969116,
                -0.2479337751865387,
                0.8400577306747437,
                0.1701585203409195
            ],
            "segmentation_id": 11,
            "visibility": 0
        },
        {
            "bounding_box_minx_maxx_miny_maxy": [
                115,
                264,
                1,
                109
            ],
            "class": "Dog",
            "local_cuboid": null,
            "local_to_world_matrix": [
                [
                    -0.11555039882659912,
                    0.6488938331604004,
                    -0.7520538568496704,
                    0.0
                ],
                [
                    -0.8742555379867554,
                    -0.42584121227264404,
                    -0.23310182988643646,
                    0.0
                ],
                [
                    -0.47151386737823486,
                    0.6305521726608276,
                    0.6165051460266113,
                    0.0
                ],
                [
                    0.9468108415603638,
                    0.017898542806506157,
                    0.2874656617641449,
                    1.0
                ]
            ],
            "location": [
                -0.017898542806506157,
                0.2874656617641449,
                -0.9468108415603638
            ],
            "location_world": [
                0.9468108415603638,
                0.017898542806506157,
                0.2874656617641449
            ],
            "name": "google_Dog_11",
            "projected_cuboid": [
                [
                    79.56789433956146,
                    25.09109675884247
                ],
                [
                    106.11705482006073,
                    11.342152953147888
                ],
                [
                    211.0820859670639,
                    124.78308379650116
                ],
                [
                    170.1476275920868,
                    119.05249953269958
                ],
                [
                    180.352583527565,
                    -79.75614070892334
                ],
                [
                    226.91041231155396,
                    -114.79452252388
                ],
                [
                    315.7457113265991,
                    8.680030703544617
                ],
                [
                    259.50121879577637,
                    21.249935030937195
                ],
                [
                    194.90058720111847,
                    17.07710325717926
                ]
            ],
            "provenance": "visii",
            "quaternion_xyzw": [
                -0.16784976422786713,
                0.4858698844909668,
                0.7670576572418213,
                -0.3839004635810852
            ],
            "quaternion_xyzw_world": [
                -0.4164689779281616,
                0.13528123497962952,
                0.7344890832901001,
                0.5184383988380432
            ],
            "segmentation_id": 12,
            "visibility": 1
        },
        {
            "bounding_box_minx_maxx_miny_maxy": [
                -1,
                -1,
                -1,
                -1
            ],
            "class": "Black",
            "local_cuboid": null,
            "local_to_world_matrix": [
                [
                    0.8871784210205078,
                    0.03562639653682709,
                    0.4600490629673004,
                    0.0
                ],
                [
                    -0.34959864616394043,
                    -0.5988179445266724,
                    0.7205538153648376,
                    0.0
                ],
                [
                    0.3011563718318939,
                    -0.8000923991203308,
                    -0.5188034772872925,
                    0.0
                ],
                [
                    0.765865683555603,
                    -0.24089738726615906,
                    0.5745449066162109,
                    1.0
                ]
            ],
            "location": [
                0.24089738726615906,
                0.5745449066162109,
                -0.765865683555603
            ],
            "location_world": [
                0.765865683555603,
                -0.24089738726615906,
                0.5745449066162109
            ],
            "name": "google_Black_Elderberry_Syrup_54_oz_Gaia_Herbs_12",
            "projected_cuboid": [
                [
                    491.576611995697,
                    -100.6765365600586
                ],
                [
                    523.5282778739929,
                    -140.6266689300537
                ],
                [
                    449.1000473499298,
                    -220.67460417747498
                ],
                [
                    417.32457280158997,
                    -176.48330330848694
                ],
                [
                    508.533775806427,
                    -103.08167338371277
                ],
                [
                    543.030858039856,
                    -145.71258425712585
                ],
                [
                    464.6032452583313,
                    -231.62153363227844
                ],
                [
                    430.256187915802,
                    -184.14586782455444
                ],
                [
                    479.07477617263794,
                    -161.36789321899414
                ]
            ],
            "provenance": "visii",
            "quaternion_xyzw": [
                0.369112491607666,
                0.7171709537506104,
                -0.058983445167541504,
                0.5881689786911011
            ],
            "quaternion_xyzw_world": [
                0.8667179346084595,
                -0.09056356549263,
                0.2195655107498169,
                0.43862199783325195
            ],
            "segmentation_id": 13,
            "visibility": 0
        },
        {
            "bounding_box_minx_maxx_miny_maxy": [
                6,
                63,
                55,
                157
            ],
            "class": "Razer",
