{
    "camera_data": {
        "camera_look_at": {
            "at": [
                1.0,
                0.0,
                0.0
            ],
            "eye": [
                0.0,
                0.0,
                0.0
            ],
            "up": [
                0.0,
                0.0,
                1.0
            ]
        },
        "camera_view_matrix": [
            [
                0.0,
                0.0,
                -1.0,
                0.0
            ],
            [
                -1.0,
                0.0,
                0.0,
                0.0
            ],
            [
                0.0,
                1.0,
                0.0,
                0.0
            ],
            [
                0.0,
                0.0,
                0.0,
                1.0
            ]
        ],
        "height": 500,
        "intrinsics": {
            "cx": 250.0,
            "cy": 250.0,
            "fx": 603.5535278320312,
            "fy": 603.5535278320312
        },
        "location_world": [
            0.0,
            0.0,
            0.0
        ],
        "quaternion_world_xyzw": [
            0.5,
            -0.5,
            -0.5,
            0.5
        ],
        "width": 500
    },
    "objects": [
        {
            "bounding_box_minx_maxx_miny_maxy": [
                0,
                130,
                157,
                309
            ],
            "class": "Reebok",
            "local_cuboid": null,
            "local_to_world_matrix": [
                [
                    -0.5561771392822266,
                    0.661025881767273,
                    0.5036982297897339,
                    0.0
                ],
                [
                    0.3151674270629883,
                    0.7285802960395813,
                    -0.6081449389457703,
                    0.0
                ],
                [
                    -0.7689840793609619,
                    -0.17948698997497559,
                    -0.613553524017334,
                    0.0
                ],
                [
                    0.901300311088562,
                    0.28917741775512695,
                    0.0519925132393837,
                    1.0
                ]
            ],
            "location": [
                -0.28917741775512695,
                0.0519925132393837,
                -0.901300311088562
            ],
            "location_world": [
                0.901300311088562,
                0.28917741775512695,
                0.0519925132393837
            ],
            "name": "google_Reebok_SOMERSET_RUN_0",
            "projected_cuboid": [
                [
                    86.4785760641098,
                    169.26661133766174
                ],
                [
                    -50.926387310028076,
                    308.1907033920288
                ],
                [
                    -35.328209400177,
                    255.5883526802063
                ],
                [
                    88.93278241157532,
                    125.8300244808197
                ],
                [
                    155.82561492919922,
                    218.655064702034
                ],
                [
                    20.92646062374115,
                    342.6552712917328
                ],
                [
                    28.970867395401,
                    290.28284549713135
                ],
                [
                    151.12319588661194,
                    173.32059144973755
                ],
                [
                    53.62527072429657,
                    238.40144276618958
                ]
            ],
            "provenance": "visii",
            "quaternion_xyzw": [
                -0.21103018522262573,
                0.26640987396240234,
                -0.8715152144432068,
                -0.35348737239837646
            ],
            "quaternion_xyzw_world": [
                0.2867037355899811,
                0.8512213230133057,
                -0.23132407665252686,
                -0.3737812638282776
            ],
            "segmentation_id": 1,
            "visibility": 1
        },
        {
            "bounding_box_minx_maxx_miny_maxy": [
                -1,
                -1,
                -1,
                -1
            ],
            "class": "Breyer",
            "local_cuboid": null,
            "local_to_world_matrix": [
                [
                    0.4203145503997803,
                    0.1763187050819397,
                    -0.890082836151123,
                    0.0
                ],
                [
                    0.8682330250740051,
                    0.2068648338317871,
                    0.4509750306606293,
                    0.0
                ],
                [
                    0.26364219188690186,
                    -0.962350606918335,
                    -0.06613743305206299,
                    0.0
                ],
                [
                    0.3370039463043213,
                    0.2723875045776367,
                    -0.3527275323867798,
                    1.0
                ]
            ],
            "location": [
                -0.2723875045776367,
                -0.3527275323867798,
                -0.3370039463043213
            ],
            "location_world": [
                0.3370039463043213,
                0.2723875045776367,
                -0.3527275323867798
            ],
            "name": "google_Breyer_Horse_Of_The_Year_2015_1",
            "projected_cuboid": [
                [
                    40.952444076538086,
                    957.6435685157776
                ],
                [
                    48.101022839546204,
                    845.7626700401306
                ],
                [
                    -184.93598699569702,
                    888.8192772865295
                ],
                [
                    -224.70420598983765,
                    1018.9032554626465
                ],
                [
                    54.788216948509216,
                    778.8204550743103
                ],
                [
                    61.94084882736206,
                    661.6283059120178
                ],
                [
                    -240.17810821533203,
                    694.5067644119263
                ],
                [
                    -304.54540252685547,
                    835.3672623634338
                ],
                [
                    -82.69840478897095,
                    841.9069051742554
                ]
            ],
            "provenance": "visii",
            "quaternion_xyzw": [
                -0.3988572657108307,
                0.6875565648078918,
                -0.33974310755729675,
                0.502746045589447
            ],
            "quaternion_xyzw_world": [
                0.5655941963195801,
                0.46170544624328613,
                -0.2768949270248413,
                0.624708354473114
            ],
            "segmentation_id": 2,
            "visibility": 0
        },
        {
            "bounding_box_minx_maxx_miny_maxy": [
                69,
                180,
                1,
                103
            ],
            "class": "Smith",
            "local_cuboid": null,
            "local_to_world_matrix": [
                [
                    -0.8827919960021973,
                    0.06995801627635956,
                    0.4645257592201233,
                    0.0
                ],
                [
                    -0.13838838040828705,
                    -0.9836961030960083,
                    -0.11484984308481216,
                    0.0
                ],
                [
                    0.44891756772994995,
                    -0.16567349433898926,
                    0.8780804872512817,
                    0.0
                ],
                [
                    1.7465683221817017,
                    0.3944288492202759,
                    0.5422235727310181,
                    1.0
                ]
            ],
            "location": [
                -0.3944288492202759,
                0.5422235727310181,
                -1.7465683221817017
            ],
            "location_world": [
                1.7465683221817017,
                0.3944288492202759,
                0.5422235727310181
            ],
            "name": "google_Smith_Hawken_Woven_BasketTray_Organizer_with_3_Compartments_95_x_9_x_13_2",
            "projected_cuboid": [
                [
                    78.2535970211029,
                    -56.661516427993774
                ],
                [
                    165.05222022533417,
                    -52.56792902946472
                ],
                [
                    141.4077877998352,
                    14.90047574043274
                ],
                [
                    48.6118346452713,
                    9.00210440158844
                ],
                [
                    112.45271563529968,
                    40.56622087955475
                ],
                [
                    186.09914183616638,
                    45.73523998260498
                ],
                [
                    167.78667271137238,
                    108.10592770576477
                ],
                [
                    89.86149728298187,
                    101.45780444145203
                ],
                [
                    125.0288188457489,
                    29.41879630088806
                ]
            ],
            "provenance": "visii",
            "quaternion_xyzw": [
                0.6111074686050415,
                0.5924579501152039,
                0.4289202094078064,
                -0.3026030957698822
            ],
            "quaternion_xyzw_world": [
                0.2360210418701172,
                -0.07248332351446152,
                0.9675443768501282,
                0.05383380874991417
            ],
            "segmentation_id": 3,
            "visibility": 1
        },
        {
            "bounding_box_minx_maxx_miny_maxy": [
                -1,
                -1,
                -1,
                -1
            ],
            "class": "Paul",
            "local_cuboid": null,
            "local_to_world_matrix": [
                [
                    0.5864300727844238,
                    0.7694175839424133,
                    -0.25317245721817017,
                    0.0
                ],
                [
                    -0.5746356844902039,
                    0.6154704093933105,
                    0.5394349098205566,
                    0.0
                ],
                [
                    0.5708708763122559,
                    -0.17085888981819153,
                    0.8030651807785034,
                    0.0
                ],
                [
                    0.22082221508026123,
                    -0.3779269754886627,
                    -0.13633961975574493,
                    1.0
                ]
            ],
            "location": [
                0.3779269754886627,
                -0.13633961975574493,
                -0.22082221508026123
            ],
            "location_world": [
                0.22082221508026123,
                -0.3779269754886627,
                -0.13633961975574493
            ],
            "name": "google_Paul_Frank_Dot_Lunch_Box_3",
            "projected_cuboid": [
                [
                    706.2326669692993,
                    266.48056507110596
                ],
                [
                    676.7240166664124,
                    181.13955855369568
                ],
                [
                    798.6747622489929,
                    567.7714347839355
                ],
                [
                    817.086935043335,
                    614.6281361579895
                ],
                [
                    1333.6825370788574,
                    143.77513527870178
                ],
                [
                    1444.2371129989624,
                    -26.341676712036133
                ],
                [
                    2634.376287460327,
                    646.1072564125061
                ],
                [
                    2017.88330078125,
                    706.5790295600891
                ],
                [
                    1084.800124168396,
                    341.01563692092896
                ]
            ],
            "provenance": "visii",
            "quaternion_xyzw": [
                -0.25593864917755127,
                0.848487377166748,
                0.4059285521507263,
                0.22312913835048676
            ],
            "quaternion_xyzw_world": [
                0.2048746645450592,
                0.2376841902732849,
                0.3876740634441376,
                0.8667418360710144
            ],
            "segmentation_id": 4,
            "visibility": 0
        },
        {
            "bounding_box_minx_maxx_miny_maxy": [
                301,
                361,
                1,
                69
            ],
            "class": "Toys",
            "local_cuboid": null,
            "local_to_world_matrix": [
                [
                    -0.06928682327270508,
                    0.9776245355606079,
                    0.19861949980258942,
                    0.0
                ],
                [
                    -0.9600070714950562,
                    -0.011202454566955566,
                    -0.27975162863731384,
                    0.0
                ],
                [
                    -0.27126702666282654,
                    -0.21005922555923462,
                    0.9393025636672974,
                    0.0
                ],
                [
                    1.4283133745193481,
                    -0.1674908697605133,
                    0.4307737946510315,
                    1.0
                ]
            ],
            "location": [
                0.1674908697605133,
                0.4307737946510315,
                -1.4283133745193481
            ],
            "location_world": [
                1.4283133745193481,
                -0.1674908697605133,
                0.4307737946510315
            ],
            "name": "google_Toys_R_Us_Treat_Dispenser_Smart_Puzzle_Foobler_4",
            "projected_cuboid": [
                [
                    301.11825466156006,
                    -3.7310421466827393
                ],
                [
                    307.69070982933044,
                    -12.528657913208008
                ],
                [
                    291.4891839027405,
                    60.05895137786865
                ],
                [
                    286.69869899749756,
                    61.44694983959198
                ],
                [
                    363.0214035511017,
                    10.777011513710022
                ],
                [
                    376.478910446167,
                    3.677085041999817
                ],
                [
                    358.29925537109375,
                    75.19631087779999
                ],
                [
                    346.995085477829,
                    75.09090006351471
                ],
                [
                    328.73982191085815,
                    34.39520299434662
                ]
            ],
            "provenance": "visii",
            "quaternion_xyzw": [
                0.08783523738384247,
                0.5972030758857727,
                0.7950853705406189,
                0.05892986059188843
            ],
            "quaternion_xyzw_world": [
                -0.025558624416589737,
                -0.17232373356819153,
                0.7105969190597534,
                0.6816915273666382
            ],
            "segmentation_id": 5,
            "visibility": 1
        },
        {
            "bounding_box_minx_maxx_miny_maxy": [
                -1,
                -1,
                -1,
                -1
            ],
            "class": "Tag",
            "local_cuboid": null,
            "local_to_world_matrix": [
                [
                    -0.5749187469482422,
                    0.8179649114608765,
                    0.020065903663635254,
                    0.0
                ],
                [
                    0.45254409313201904,
                    0.2974541187286377,
                    0.8406695127487183,
                    0.0
                ],
                [
                    0.681669294834137,
                    0.4923970699310303,
                    -0.5411772727966309,
                    0.0
                ],
                [
                    0.34651878476142883,
                    -0.3389337658882141,
                    -0.20258314907550812,
                    1.0
                ]
            ],
            "location": [
                0.3389337658882141,
                -0.20258314907550812,
                -0.34651878476142883
            ],
            "location_world": [
                0.34651878476142883,
                -0.3389337658882141,
                -0.20258314907550812
            ],
            "name": "google_Tag_Dishtowel_Basket_Weave_Red_18_x_26_5",
            "projected_cuboid": [
                [
                    894.6825861930847,
                    964.0384912490845
                ],
                [
                    601.090133190155,
                    446.6455578804016
                ],
                [
                    654.4755697250366,
                    427.48281359672546
                ],
                [
                    999.5527863502502,
                    986.831784248352
                ],
                [
                    951.9105553627014,
                    778.7429690361023
                ],
                [
                    706.5027952194214,
                    410.1840555667877
                ],
                [
                    753.8011074066162,
                    393.2792842388153
                ],
                [
                    1030.76171875,
                    782.1788191795349
                ],
                [
                    806.5828680992126,
                    607.1159839630127
                ]
            ],
            "provenance": "visii",
            "quaternion_xyzw": [
                -0.07588663697242737,
                0.9138249158859253,
                -0.2718576192855835,
                -0.29199129343032837
            ],
            "quaternion_xyzw_world": [
                0.4089023172855377,
                0.7767802476882935,
                0.4290359616279602,
                0.2129313200712204
            ],
            "segmentation_id": 6,
            "visibility": 0
        },
        {
            "bounding_box_minx_maxx_miny_maxy": [
                -1,
                -1,
                -1,
                -1
            ],
            "class": "FRACTION",
            "local_cuboid": null,
            "local_to_world_matrix": [
                [
                    0.9732856750488281,
                    -0.04777230694890022,
                    -0.22457255423069,
                    0.0
                ],
                [
                    -0.16381439566612244,
                    -0.8298244476318359,
                    -0.5334382057189941,
                    0.0
                ],
                [
                    -0.1608722060918808,
                    0.5559759140014648,
                    -0.8154820203781128,
                    0.0
                ],
                [
                    0.34746623039245605,
                    0.018763037398457527,
                    -0.2475537210702896,
                    1.0
                ]
            ],
            "location": [
                -0.018763037398457527,
                -0.2475537210702896,
                -0.34746623039245605
            ],
            "location_world": [
                0.34746623039245605,
                0.018763037398457527,
                -0.2475537210702896
            ],
            "name": "google_FRACTION_FUN_n4h4qte23QR_6",
            "projected_cuboid": [
                [
                    89.40954506397247,
                    595.4417586326599
                ],
                [
                    308.25290083885193,
                    770.0172662734985
                ],
                [
                    342.49016642570496,
                    709.5761299133301
                ],
                [
                    124.7195303440094,
                    541.9232845306396
                ],
                [
                    -30.438870191574097,
                    725.3491878509521
                ],
                [
                    328.6230266094208,
                    1040.9386157989502
                ],
                [
                    385.9440088272095,
                    930.9830069541931
                ],
                [
                    29.594913125038147,
                    635.6700658798218
                ],
                [
                    195.76026499271393,
                    715.7820463180542
                ]
            ],
            "provenance": "visii",
            "quaternion_xyzw": [
                0.5958897471427917,
                0.2539277970790863,
                -0.641587495803833,
                0.4108547270298004
            ],
            "quaternion_xyzw_world": [
                0.9511298537254333,
                -0.055614568293094635,
                -0.10131233930587769,
                -0.286347359418869
            ],
            "segmentation_id": 7,
            "visibility": 0
        },
        {
            "bounding_box_minx_maxx_miny_maxy": [
                -1,
                -1,
                -1,
                -1
            ],
            "class": "FAIRY",
            "local_cuboid": null,
            "local_to_world_matrix": [
                [
                    0.806998610496521,
                    0.01546981930732727,
                    -0.5903506875038147,
                    0.0
                ],
                [
                    0.5663857460021973,
                    -0.30332493782043457,
                    0.766290545463562,
                    0.0
                ],
                [
                    -0.16721369326114655,
                    -0.9527616500854492,
                    -0.2535446882247925,
                    0.0
                ],
                [
                    0.3432258367538452,
                    0.37469571828842163,
                    0.4094523787498474,
                    1.0
                ]
            ],
            "location": [
                -0.37469571828842163,
                0.4094523787498474,
                -0.3432258367538452
            ],
            "location_world": [
                0.3432258367538452,
                0.37469571828842163,
                0.4094523787498474
            ],
            "name": "google_FAIRY_TALE_BLOCKS_7",
            "projected_cuboid": [
                [
                    -122.01458215713501,
                    -73.82431626319885
                ],
                [
                    94.7362631559372,
                    -227.4457812309265
                ],
                [
                    -141.38442277908325,
                    -258.9206099510193
                ],
                [
                    -432.3403835296631,
                    -133.65817070007324
                ],
                [
                    -669.8871850967407,
                    -1237.1447086334229
                ],
                [
                    -7.253587245941162,
                    -879.7037601470947
                ],
                [
                    -379.43196296691895,
                    -854.6079397201538
                ],
                [
                    -1226.5880107879639,
                    -1110.7404232025146
                ],
                [
                    -248.25629591941833,
                    -456.7335844039917
                ]
            ],
            "provenance": "visii",
            "quaternion_xyzw": [
                -0.11294462531805038,
                0.6353241205215454,
                -0.32264256477355957,
                0.692465603351593
            ],
            "quaternion_xyzw_world": [
                0.7687438130378723,
                0.18922284245491028,
                -0.24636436998844147,
                0.5590458512306213
            ],
            "segmentation_id": 8,
            "visibility": 0
        },
        {
            "bounding_box_minx_maxx_miny_maxy": [
                415,
                492,
                160,
                201
            ],
            "class": "Great",
            "local_cuboid": null,
            "local_to_world_matrix": [
                [
                    0.28865426778793335,
                    -0.5820304155349731,
                    0.7602100372314453,
                    0.0
                ],
                [
                    -0.7196605205535889,
                    -0.6555891036987305,
                    -0.22867339849472046,
                    0.0
                ],
                [
                    0.63148033618927,
                    -0.4810855984687805,
                    -0.6081027984619141,
                    0.0
                ],
                [
                    1.653532862663269,
                    -0.5749872922897339,
                    0.22125551104545593,
                    1.0
                ]
            ],
            "location": [
                0.5749872922897339,
                0.22125551104545593,
                -1.653532862663269
            ],
            "location_world": [
                1.653532862663269,
                -0.5749872922897339,
                0.22125551104545593
            ],
            "name": "google_Great_Jones_Wingtip_kAqSg6EgG0I_8",
            "projected_cuboid": [
                [
                    432.24620819091797,
                    175.09669065475464
                ],
                [
                    533.1463813781738,
                    191.20581448078156
                ],
                [
                    524.9987244606018,
                    161.68898344039917
                ],
                [
                    421.0582375526428,
                    148.6501395702362
                ],
                [
                    414.00647163391113,
                    201.79596543312073
                ],
                [
                    514.3707990646362,
                    221.98285162448883
                ],
                [
                    505.1674246788025,
                    193.29391419887543
                ],
                [
                    401.8644094467163,
                    175.96003413200378
                ],
                [
                    465.16233682632446,
                    183.31080675125122
                ]
            ],
            "provenance": "visii",
            "quaternion_xyzw": [
                0.781374454498291,
                0.4529835879802704,
                0.061568230390548706,
                0.4248166084289551
            ],
            "quaternion_xyzw_world": [
                0.7988032102584839,
                -0.4073878526687622,
                0.4355548322200775,
                0.07899699360132217
            ],
            "segmentation_id": 9,
            "visibility": 1
        },
        {
            "bounding_box_minx_maxx_miny_maxy": [
                -1,
                -1,
                -1,
                -1
            ],
            "class": "Ecoforms",
            "local_cuboid": null,
            "local_to_world_matrix": [
                [
                    -0.5056771039962769,
                    -0.772347092628479,
                    0.38440951704978943,
                    0.0
                ],
                [
                    0.8581913709640503,
                    -0.495935320854187,
                    0.132498100399971,
                    0.0
                ],
                [
                    0.08830773830413818,
                    0.39689821004867554,
                    0.913604736328125,
                    0.0
                ],
                [
                    1.0658049583435059,
                    0.15417876839637756,
                    0.5056655406951904,
                    1.0
                ]
            ],
            "location": [
                -0.15417876839637756,
                0.5056655406951904,
                -1.0658049583435059
            ],
            "location_world": [
                1.0658049583435059,
                0.15417876839637756,
                0.5056655406951904
            ],
            "name": "google_Ecoforms_Plant_Container_Quadra_Sand_QP6_9",
            "projected_cuboid": [
                [
                    126.39929354190826,
                    -183.81419777870178
                ],
                [
                    195.57811319828033,
                    -133.93032550811768
                ],
                [
                    231.564462184906,
                    -54.59633469581604
                ],
                [
                    167.55828261375427,
                    -91.44538640975952
                ],
                [
                    53.03126573562622,
                    -101.77052021026611
                ],
                [
                    126.59883499145508,
                    -66.91297888755798
                ],
                [
                    158.82916748523712,
                    6.867781281471252
                ],
                [
                    89.29507434368134,
                    -16.83121919631958
                ],
                [
                    144.4614827632904,
                    -77.61168479919434
                ]
            ],
            "provenance": "visii",
            "quaternion_xyzw": [
                0.6572968363761902,
                0.33483532071113586,
                0.04137358069419861,
                -0.6738948822021484
            ],
            "quaternion_xyzw_world": [
                0.1384318470954895,
                0.15502989292144775,
                0.8537003397941589,
                -0.47749143838882446
            ],
            "segmentation_id": 10,
            "visibility": 0
        },
        {
            "bounding_box_minx_maxx_miny_maxy": [
                463,
                499,
                398,
                500
            ],
            "class": "ReadytoUse",
            "local_cuboid": null,
            "local_to_world_matrix": [
                [
                    0.9072035551071167,
                    -0.3117247521877289,
                    -0.282505601644516,
                    0.0
                ],
                [
                    0.3782635033130646,
                    0.8983170390129089,
                    0.22347986698150635,
                    0.0
                ],
                [
                    0.18411538004875183,
                    -0.3096032738685608,
                    0.9328705072402954,
                    0.0
                ],
                [
                    0.3467065095901489,
                    -0.12119662761688232,
                    -0.25829628109931946,
                    1.0
                ]
            ],
            "location": [
                0.12119662761688232,
                -0.25829628109931946,
                -0.3467065095901489
            ],
            "location_world": [
                0.3467065095901489,
                -0.12119662761688232,
                -0.25829628109931946
            ],
            "name": "google_ReadytoUse_Rolled_Fondant_Pure_White_24_oz_box_10",
            "projected_cuboid": [
                [
                    555.569052696228,
                    426.1282980442047
                ],
                [
                    482.47030377388,
                    403.7347435951233
                ],
                [
                    423.35057258605957,
                    646.4099884033203
                ],
                [
                    499.4344711303711,
                    682.0673942565918
                ],
                [
                    590.1881456375122,
                    421.96059226989746
                ],
                [
                    490.8190369606018,
                    392.34691858291626
                ],
                [
                    410.85124015808105,
                    722.9636907577515
                ],
                [
                    515.8928632736206,
                    777.622401714325
                ],
                [
                    495.4882264137268,
                    549.3620038032532
                ]
            ],
            "provenance": "visii",
            "quaternion_xyzw": [
                -0.5639947056770325,
                0.523419201374054,
                0.2648962140083313,
                0.5811818242073059
            ],
            "quaternion_xyzw_world": [
                0.13785502314567566,
                0.1206679418683052,
                -0.17843060195446014,
                0.9667459726333618
            ],
            "segmentation_id": 11,
            "visibility": 1
        },
        {
            "bounding_box_minx_maxx_miny_maxy": [
                489,
                499,
                327,
                332
            ],
            "class": "Dog",
            "local_cuboid": null,
            "local_to_world_matrix": [
                [
                    -0.2241983413696289,
                    0.9477275609970093,
                    -0.22704213857650757,
                    0.0
                ],
                [
                    0.958416223526001,
                    0.17221206426620483,
                    -0.22755609452724457,
                    0.0
                ],
                [
                    -0.17656168341636658,
                    -0.26861846446990967,
                    -0.9469270706176758,
                    0.0
                ],
                [
                    1.3278223276138306,
                    -0.6207950115203857,
                    -0.14650242030620575,
                    1.0
                ]
            ],
            "location": [
                0.6207950115203857,
                -0.14650242030620575,
                -1.3278223276138306
            ],
            "location_world": [
                1.3278223276138306,
                -0.6207950115203857,
                -0.14650242030620575
            ],
            "name": "google_Dog_11",
            "projected_cuboid": [
                [
                    546.3005304336548,
                    424.82805252075195
                ],
                [
                    493.04521083831787,
                    420.67986726760864
                ],
                [
                    463.67359161376953,
                    334.49283242225647
                ],
                [
                    511.06274127960205,
                    325.8412182331085
                ],
                [
                    641.7003870010376,
                    391.5744423866272
                ],
                [
                    578.324019908905,
                    391.79325103759766
                ],
                [
                    547.9319095611572,
                    309.4170391559601
                ],
                [
                    605.2579283714294,
                    297.5839078426361
                ],
                [
                    547.1988916397095,
                    361.27397418022156
                ]
            ],
            "provenance": "visii",
            "quaternion_xyzw": [
                -0.1606760025024414,
                0.621210515499115,
                -0.7667863965034485,
                0.017876505851745605
            ],
            "quaternion_xyzw_world": [
                0.6225987076759338,
                0.7653982043266296,
                -0.16206419467926025,
                0.016488300636410713
            ],
            "segmentation_id": 12,
            "visibility": 1
        },
        {
            "bounding_box_minx_maxx_miny_maxy": [
                280,
                332,
                148,
                227
            ],
            "class": "Black",
            "local_cuboid": null,
            "local_to_world_matrix": [
                [
                    0.7419700622558594,
                    0.3765808939933777,
                    -0.5546776652336121,
                    0.0
                ],
                [
                    -0.11187988519668579,
                    0.8852893114089966,
                    0.45138201117515564,
                    0.0
                ],
                [
                    0.6610320210456848,
                    -0.27285465598106384,
                    0.698989987373352,
                    0.0
                ],
                [
                    1.0739742517471313,
                    -0.08750394731760025,
                    0.06767130643129349,
                    1.0
                ]
            ],
            "location": [
                0.08750394731760025,
                0.06767130643129349,
                -1.0739742517471313
            ],
            "location_world": [
                1.0739742517471313,
                -0.08750394731760025,
                0.06767130643129349
            ],
            "name": "google_Black_Elderberry_Syrup_54_oz_Gaia_Herbs_12",
            "projected_cuboid": [
                [
                    322.0149874687195,
                    179.2803853750229
                ],
                [
                    295.8347797393799,
                    165.33394157886505
                ],
                [
                    277.9754102230072,
                    213.96270394325256
                ],
                [
                    306.54916167259216,
                    228.83430123329163
                ],
                [
                    335.93687415122986,
                    160.07527709007263
                ],
                [
                    308.8681399822235,
                    145.50185203552246
                ],
                [
                    291.47860407829285,
                    194.2821592092514
                ],
                [
                    321.11474871635437,
                    209.87388491630554
                ],
                [
                    307.73288011550903,
                    186.29682064056396
                ]
            ],
            "provenance": "visii",
            "quaternion_xyzw": [
                -0.45636311173439026,
                0.7888274192810059,
                0.2569858431816101,
                0.3216244578361511
            ],
            "quaternion_xyzw_world": [
                0.1985514760017395,
                0.333290159702301,
                0.1339128613471985,
                0.9119004011154175
            ],
            "segmentation_id": 13,
            "visibility": 1
        },
        {
            "bounding_box_minx_maxx_miny_maxy": [
                0,
                28,
                1,
                108
            ],
            "class": "Razer",
            "local_cuboid": null,
