{
    "camera_data": {
        "camera_look_at": {
            "at": [
                1.0,
                0.0,
                0.0
            ],
            "eye": [
                0.0,
                0.0,
                0.0
            ],
            "up": [
                0.0,
                0.0,
                1.0
            ]
        },
        "camera_view_matrix": [
            [
                0.0,
                0.0,
                -1.0,
                0.0
            ],
            [
                -1.0,
                0.0,
                0.0,
                0.0
            ],
            [
                0.0,
                1.0,
                0.0,
                0.0
            ],
            [
                0.0,
                0.0,
                0.0,
                1.0
            ]
        ],
        "height": 500,
        "intrinsics": {
            "cx": 250.0,
            "cy": 250.0,
            "fx": 603.5535278320312,
            "fy": 603.5535278320312
        },
        "location_world": [
            0.0,
            0.0,
            0.0
        ],
        "quaternion_world_xyzw": [
            0.5,
            -0.5,
            -0.5,
            0.5
        ],
        "width": 500
    },
    "objects": [
        {
            "bounding_box_minx_maxx_miny_maxy": [
                0,
                81,
                140,
                197
            ],
            "class": "Reebok",
            "local_cuboid": null,
            "local_to_world_matrix": [
                [
                    0.038048744201660156,
                    0.4043266177177429,
                    0.9138230681419373,
                    0.0
                ],
                [
                    0.6276935935020447,
                    0.701884388923645,
                    -0.33668848872184753,
                    0.0
                ],
                [
                    -0.7775302529335022,
                    0.5864114761352539,
                    -0.2270873785018921,
                    0.0
                ],
                [
                    0.9170836210250854,
                    0.29641300439834595,
                    0.0815695971250534,
                    1.0
                ]
            ],
            "location": [
                -0.29641300439834595,
                0.0815695971250534,
                -0.9170836210250854
            ],
            "location_world": [
                0.9170836210250854,
                0.29641300439834595,
                0.0815695971250534
            ],
            "name": "google_Reebok_SOMERSET_RUN_0",
            "projected_cuboid": [
                [
                    17.041966319084167,
                    122.20589816570282
                ],
                [
                    -71.11671566963196,
                    212.27985620498657
                ],
                [
                    -1.8089115619659424,
                    199.90995526313782
                ],
                [
                    92.11865067481995,
                    116.9167160987854
                ],
                [
                    53.25914919376373,
                    206.39723539352417
                ],
                [
                    -42.571187019348145,
                    280.01970052719116
                ],
                [
                    24.472862482070923,
                    261.523574590683
                ],
                [
                    124.75571036338806,
                    191.84741377830505
                ],
                [
                    21.33193612098694,
                    202.63604819774628
                ]
            ],
            "provenance": "visii",
            "quaternion_xyzw": [
                -0.19674333930015564,
                -0.2693083882331848,
                0.7934963703155518,
                0.5090469717979431
            ],
            "quaternion_xyzw_world": [
                -0.37525051832199097,
                -0.6875541806221008,
                -0.0908011943101883,
                0.6149891018867493
            ],
            "segmentation_id": 1,
            "visibility": 1
        },
        {
            "bounding_box_minx_maxx_miny_maxy": [
                -1,
                -1,
                -1,
                -1
            ],
            "class": "Breyer",
            "local_cuboid": null,
            "local_to_world_matrix": [
                [
                    0.8767988085746765,
                    -0.03882841765880585,
                    0.4792872667312622,
                    0.0
                ],
                [
                    -0.47507935762405396,
                    -0.22400259971618652,
                    0.8509541153907776,
                    0.0
                ],
                [
                    0.07432027161121368,
                    -0.9738150238990784,
                    -0.21485185623168945,
                    0.0
                ],
                [
                    0.29567673802375793,
                    0.3162144124507904,
                    -0.3810659348964691,
                    1.0
                ]
            ],
            "location": [
                -0.3162144124507904,
                -0.3810659348964691,
                -0.29567673802375793
            ],
            "location_world": [
                0.29567673802375793,
                0.3162144124507904,
                -0.3810659348964691
            ],
            "name": "google_Breyer_Horse_Of_The_Year_2015_1",
            "projected_cuboid": [
                [
                    9.483963251113892,
                    791.1052703857422
                ],
                [
                    12.556374073028564,
                    753.4538507461548
                ],
                [
                    -230.40896654129028,
                    716.4279222488403
                ],
                [
                    -217.2888219356537,
                    757.6076984405518
                ],
                [
                    -239.17144536972046,
                    1601.547360420227
                ],
                [
                    -268.62186193466187,
                    1640.480637550354
                ],
                [
                    -804.5207262039185,
                    1617.9479360580444
                ],
                [
                    -702.2933959960938,
                    1579.858899116516
                ],
                [
                    -233.59262943267822,
                    1038.0154848098755
                ]
            ],
            "provenance": "visii",
            "quaternion_xyzw": [
                0.2560247778892517,
                0.6867398619651794,
                0.09473299980163574,
                0.67369544506073
            ],
            "quaternion_xyzw_world": [
                0.7608635425567627,
                -0.16885675489902496,
                0.18190105259418488,
                0.5995717644691467
            ],
            "segmentation_id": 2,
            "visibility": 0
        },
        {
            "bounding_box_minx_maxx_miny_maxy": [
                37,
                166,
                1,
                121
            ],
            "class": "Smith",
            "local_cuboid": null,
            "local_to_world_matrix": [
                [
                    -0.43249011039733887,
                    0.2755827009677887,
                    0.8584907054901123,
                    0.0
                ],
                [
                    -0.3161567151546478,
                    -0.9380428791046143,
                    0.14184629917144775,
                    0.0
                ],
                [
                    0.8443915843963623,
                    -0.21007049083709717,
                    0.49282169342041016,
                    0.0
                ],
                [
                    1.7071268558502197,
                    0.47164830565452576,
                    0.5323965549468994,
                    1.0
                ]
            ],
            "location": [
                -0.47164830565452576,
                0.5323965549468994,
                -1.7071268558502197
            ],
            "location_world": [
                1.7071268558502197,
                0.47164830565452576,
                0.5323965549468994
            ],
            "name": "google_Smith_Hawken_Woven_BasketTray_Organizer_with_3_Compartments_95_x_9_x_13_2",
            "projected_cuboid": [
                [
                    63.0984902381897,
                    -4.825711250305176
                ],
                [
                    134.98276472091675,
                    -28.38367223739624
                ],
                [
                    97.11939096450806,
                    -17.835110425949097
                ],
                [
                    17.315879464149475,
                    8.408740162849426
                ],
                [
                    106.51662945747375,
                    105.5552065372467
                ],
                [
                    174.50614273548126,
                    88.41679990291595
                ],
                [
                    145.1665461063385,
                    113.20914328098297
                ],
                [
                    70.03815472126007,
                    131.37182593345642
                ],
                [
                    102.41693258285522,
                    51.72421038150787
                ]
            ],
            "provenance": "visii",
            "quaternion_xyzw": [
                0.5972777009010315,
                0.7519675493240356,
                0.26895394921302795,
                -0.07394590973854065
            ],
            "quaternion_xyzw_world": [
                0.5031726956367493,
                -0.02015908621251583,
                0.8460724949836731,
                0.17484891414642334
            ],
            "segmentation_id": 3,
            "visibility": 1
        },
        {
            "bounding_box_minx_maxx_miny_maxy": [
                -1,
                -1,
                -1,
                -1
            ],
            "class": "Paul",
            "local_cuboid": null,
            "local_to_world_matrix": [
                [
                    0.06375503540039062,
                    0.9789116978645325,
                    -0.19408032298088074,
                    0.0
                ],
                [
                    -0.7995201945304871,
                    0.16648894548416138,
                    0.577103853225708,
                    0.0
                ],
                [
                    0.5972459316253662,
                    0.11837787926197052,
                    0.7932742238044739,
                    0.0
                ],
                [
                    0.19410663843154907,
                    -0.38019388914108276,
                    -0.1938067078590393,
                    1.0
                ]
            ],
            "location": [
                0.38019388914108276,
                -0.1938067078590393,
                -0.19410663843154907
            ],
            "location_world": [
                0.19410663843154907,
                -0.38019388914108276,
                -0.1938067078590393
            ],
            "name": "google_Paul_Frank_Dot_Lunch_Box_3",
            "projected_cuboid": [
                [
                    614.9351596832275,
                    354.57026958465576
                ],
                [
                    684.2285990715027,
                    258.68093967437744
                ],
                [
                    1165.9088134765625,
                    963.4147882461548
                ],
                [
                    888.3151412010193,
                    865.8415079116821
                ],
                [
                    1055.2129745483398,
                    275.36725997924805
                ],
                [
                    1263.7784481048584,
                    149.44016933441162
                ],
                [
                    2365.614175796509,
                    831.003725528717
                ],
                [
                    1615.2820587158203,
                    776.1971354484558
                ],
                [
                    1088.6982679367065,
                    483.50122570991516
                ]
            ],
            "provenance": "visii",
            "quaternion_xyzw": [
                -0.10152631998062134,
                0.887871265411377,
                0.4484868049621582,
                -0.015380263328552246
            ],
            "quaternion_xyzw_world": [
                0.1612388789653778,
                0.2781454920768738,
                0.6251060366630554,
                0.7112520933151245
            ],
            "segmentation_id": 4,
            "visibility": 0
        },
        {
            "bounding_box_minx_maxx_miny_maxy": [
                326,
                402,
                45,
                121
            ],
            "class": "Toys",
            "local_cuboid": null,
            "local_to_world_matrix": [
                [
                    0.8538509011268616,
                    -0.25027745962142944,
                    0.45639878511428833,
                    0.0
                ],
                [
                    -0.037154823541641235,
                    0.8452750444412231,
                    0.5330381393432617,
                    0.0
                ],
                [
                    -0.5191899538040161,
                    -0.47209250926971436,
                    0.7124398350715637,
                    0.0
                ],
                [
                    1.2909890413284302,
                    -0.20005646347999573,
                    0.2920563817024231,
                    1.0
                ]
            ],
            "location": [
                0.20005646347999573,
                0.2920563817024231,
                -1.2909890413284302
            ],
            "location_world": [
                1.2909890413284302,
                -0.20005646347999573,
                0.2920563817024231
            ],
            "name": "google_Toys_R_Us_Treat_Dispenser_Smart_Puzzle_Foobler_4",
            "projected_cuboid": [
                [
                    418.24668645858765,
                    63.48080933094025
                ],
                [
                    357.3959767818451,
                    23.79496395587921
                ],
                [
                    318.7883496284485,
                    85.83138883113861
                ],
                [
                    376.23631954193115,
                    122.93127179145813
                ],
                [
                    417.2496795654297,
                    79.14024591445923
                ],
                [
                    349.35712814331055,
                    34.94344651699066
                ],
                [
                    307.1000277996063,
                    102.95930504798889
                ],
                [
                    370.7837164402008,
                    143.97135376930237
                ],
                [
                    363.96485567092896,
                    82.76131749153137
                ]
            ],
            "provenance": "visii",
            "quaternion_xyzw": [
                -0.22251370549201965,
                0.4369126856327057,
                0.4289155900478363,
                0.7587004899978638
            ],
            "quaternion_xyzw_world": [
                0.27209192514419556,
                -0.26409482955932617,
                -0.05769294500350952,
                0.9235212206840515
            ],
            "segmentation_id": 5,
            "visibility": 1
        },
        {
            "bounding_box_minx_maxx_miny_maxy": [
                -1,
                -1,
                -1,
                -1
            ],
            "class": "Tag",
            "local_cuboid": null,
            "local_to_world_matrix": [
                [
                    -0.7638871669769287,
                    0.6220957040786743,
                    -0.1716800034046173,
                    0.0
                ],
                [
                    0.3079168200492859,
                    0.585132896900177,
                    0.7502045631408691,
                    0.0
                ],
                [
                    0.5671545267105103,
                    0.5202082395553589,
                    -0.6385294198989868,
                    0.0
                ],
                [
                    0.3510834872722626,
                    -0.3573324680328369,
                    -0.2102353274822235,
                    1.0
                ]
            ],
            "location": [
                0.3573324680328369,
                -0.2102353274822235,
                -0.3510834872722626
            ],
            "location_world": [
                0.3510834872722626,
                -0.3573324680328369,
                -0.2102353274822235
            ],
            "name": "google_Tag_Dishtowel_Basket_Weave_Red_18_x_26_5",
            "projected_cuboid": [
                [
                    1042.640209197998,
                    997.9961514472961
                ],
                [
                    635.3785395622253,
                    532.1691036224365
                ],
                [
                    693.0338740348816,
                    507.771372795105
                ],
                [
                    1149.0086317062378,
                    1003.4074783325195
                ],
                [
                    944.637656211853,
                    710.4032635688782
                ],
                [
                    664.6727323532104,
                    416.85861349105835
                ],
                [
                    707.0012092590332,
                    394.44780349731445
                ],
                [
                    1009.4962120056152,
                    699.0185379981995
                ],
                [
                    832.4711322784424,
                    620.0687289237976
                ]
            ],
            "provenance": "visii",
            "quaternion_xyzw": [
                -0.22071164846420288,
                0.8572419285774231,
                -0.2760148346424103,
                -0.37448447942733765
            ],
            "quaternion_xyzw_world": [
                0.2690303325653076,
                0.8642264604568481,
                0.367499977350235,
                0.21372713148593903
            ],
            "segmentation_id": 6,
            "visibility": 0
        },
        {
            "bounding_box_minx_maxx_miny_maxy": [
                -1,
                -1,
                -1,
                -1
            ],
            "class": "FRACTION",
            "local_cuboid": null,
            "local_to_world_matrix": [
                [
                    0.6070646047592163,
                    0.41041022539138794,
                    -0.6804674863815308,
                    0.0
                ],
                [
                    -0.41790688037872314,
                    -0.5634466409683228,
                    -0.7126582860946655,
                    0.0
                ],
                [
                    -0.6758893728256226,
                    0.7170016765594482,
                    -0.17053532600402832,
                    0.0
                ],
                [
                    0.5413108468055725,
                    -0.005499153397977352,
                    -0.30731630325317383,
                    1.0
                ]
            ],
            "location": [
                0.005499153397977352,
                -0.30731630325317383,
                -0.5413108468055725
            ],
            "location_world": [
                0.5413108468055725,
                -0.005499153397977352,
                -0.30731630325317383
            ],
            "name": "google_FRACTION_FUN_n4h4qte23QR_6",
            "projected_cuboid": [
                [
                    135.0713074207306,
                    556.5546751022339
                ],
                [
                    240.21829664707184,
                    757.5441598892212
                ],
                [
                    274.8865783214569,
                    722.3543524742126
                ],
                [
                    170.3256368637085,
                    535.1349115371704
                ],
                [
                    197.66107201576233,
                    477.55032777786255
                ],
                [
                    341.3047790527344,
                    714.6511077880859
                ],
                [
                    377.52288579940796,
                    673.9484071731567
                ],
                [
                    236.5105301141739,
                    456.24470710754395
                ],
                [
                    238.36040496826172,
                    606.5666675567627
                ]
            ],
            "provenance": "visii",
            "quaternion_xyzw": [
                0.3957141637802124,
                -0.07393017411231995,
                -0.836504340171814,
                0.3717596232891083
            ],
            "quaternion_xyzw_world": [
                0.765023946762085,
                -0.0024498130660504103,
                -0.4432399868965149,
                -0.46719449758529663
            ],
            "segmentation_id": 7,
            "visibility": 0
        },
        {
            "bounding_box_minx_maxx_miny_maxy": [
                -1,
                -1,
                -1,
                -1
            ],
            "class": "FAIRY",
            "local_cuboid": null,
            "local_to_world_matrix": [
                [
                    0.9331333041191101,
                    0.26597583293914795,
                    -0.24190717935562134,
                    0.0
                ],
                [
                    0.33739638328552246,
                    -0.41538476943969727,
                    0.8447598814964294,
                    0.0
                ],
                [
                    0.12420114129781723,
                    -0.8698921799659729,
                    -0.4773486852645874,
                    0.0
                ],
                [
                    0.3685130774974823,
                    0.3748908042907715,
                    0.40571385622024536,
                    1.0
                ]
            ],
            "location": [
                -0.3748908042907715,
                0.40571385622024536,
                -0.3685130774974823
            ],
            "location_world": [
                0.3685130774974823,
                0.3748908042907715,
                0.40571385622024536
            ],
            "name": "google_FAIRY_TALE_BLOCKS_7",
            "projected_cuboid": [
                [
                    -97.0977246761322,
                    47.24051058292389
                ],
                [
                    77.86771655082703,
                    -162.7502143383026
                ],
                [
                    -152.37504243850708,
                    -305.752694606781
                ],
                [
                    -385.1475119590759,
                    -111.59917712211609
                ],
                [
                    -268.0964469909668,
                    -303.64394187927246
                ],
                [
                    77.79797911643982,
                    -566.2572383880615
                ],
                [
                    -330.8256268501282,
                    -857.5253486633301
                ],
                [
                    -897.5074291229248,
                    -684.7547888755798
                ],
                [
                    -188.1181299686432,
                    -305.1013946533203
                ]
            ],
            "provenance": "visii",
            "quaternion_xyzw": [
                0.058020398020744324,
                0.7474852800369263,
                -0.2724953293800354,
                0.6030304431915283
            ],
            "quaternion_xyzw_world": [
                0.8405157327651978,
                0.17946487665176392,
                -0.035010065883398056,
                0.5099999904632568
            ],
            "segmentation_id": 8,
            "visibility": 0
        },
        {
            "bounding_box_minx_maxx_miny_maxy": [
                484,
                499,
                153,
                171
            ],
            "class": "Great",
            "local_cuboid": null,
            "local_to_world_matrix": [
                [
                    -0.7374578714370728,
                    0.3414950966835022,
                    -0.5826979875564575,
                    0.0
                ],
                [
                    0.5927044153213501,
                    0.7408720254898071,
                    -0.31592753529548645,
                    0.0
                ],
                [
                    0.3238169252872467,
                    -0.5783509016036987,
                    -0.7487674951553345,
                    0.0
                ],
                [
                    1.7194361686706543,
                    -0.6709783673286438,
                    0.24166835844516754,
                    1.0
                ]
            ],
            "location": [
                0.6709783673286438,
                0.24166835844516754,
                -1.7194361686706543
            ],
            "location_world": [
                1.7194361686706543,
                -0.6709783673286438,
                0.24166835844516754
            ],
            "name": "google_Great_Jones_Wingtip_kAqSg6EgG0I_8",
            "projected_cuboid": [
                [
                    559.9625110626221,
                    185.49582362174988
                ],
                [
                    451.07096433639526,
                    225.00701248645782
                ],
                [
                    432.8330159187317,
                    195.4612135887146
                ],
                [
                    542.126715183258,
                    151.58715844154358
                ],
                [
                    558.4960579872131,
                    165.65144062042236
                ],
                [
                    454.47513461112976,
                    205.38941025733948
                ],
                [
                    437.11239099502563,
                    176.76180601119995
                ],
                [
                    541.5050983428955,
                    132.9723298549652
                ],
                [
                    494.47017908096313,
                    180.8396577835083
                ]
            ],
            "provenance": "visii",
            "quaternion_xyzw": [
                -0.5697036981582642,
                0.5808150768280029,
                -0.5774092674255371,
                -0.0684843361377716
            ],
            "quaternion_xyzw_world": [
                0.26001811027526855,
                0.8982061743736267,
                -0.24890679121017456,
                0.2523126006126404
            ],
            "segmentation_id": 9,
            "visibility": 1
        },
        {
            "bounding_box_minx_maxx_miny_maxy": [
                142,
                211,
                1,
                22
            ],
            "class": "Ecoforms",
            "local_cuboid": null,
            "local_to_world_matrix": [
                [
                    -0.27501046657562256,
                    -0.549974799156189,
                    0.7886044979095459,
                    0.0
                ],
                [
                    0.6410571336746216,
                    -0.7161831855773926,
                    -0.2759118378162384,
                    0.0
                ],
                [
                    0.7165298461914062,
                    0.4296618402004242,
                    0.549523115158081,
                    0.0
                ],
                [
                    1.0360708236694336,
                    0.10104019194841385,
                    0.48049667477607727,
                    1.0
                ]
            ],
            "location": [
                -0.10104019194841385,
                0.48049667477607727,
                -1.0360708236694336
            ],
            "location_world": [
                1.0360708236694336,
                0.10104019194841385,
                0.48049667477607727
            ],
            "name": "google_Ecoforms_Plant_Container_Quadra_Sand_QP6_9",
            "projected_cuboid": [
                [
                    143.23773980140686,
                    -130.45474886894226
                ],
                [
                    223.12834858894348,
                    -64.96822834014893
                ],
                [
                    260.9093487262726,
                    -48.28926920890808
                ],
                [
                    175.7054328918457,
                    -119.96647715568542
                ],
                [
                    91.90624952316284,
                    -31.95875883102417
                ],
                [
                    173.4643578529358,
                    21.120980381965637
                ],
                [
                    204.1451632976532,
                    46.27794027328491
                ],
                [
                    116.48614704608917,
                    -10.140687227249146
                ],
                [
                    174.43415522575378,
                    -39.933353662490845
                ]
            ],
            "provenance": "visii",
            "quaternion_xyzw": [
                0.7972478270530701,
                0.47186946868896484,
                -0.04849536716938019,
                -0.3733406960964203
            ],
            "quaternion_xyzw_world": [
                0.472135990858078,
                0.048228856176137924,
                0.7969813346862793,
                -0.37360721826553345
            ],
            "segmentation_id": 10,
            "visibility": 1
        },
        {
            "bounding_box_minx_maxx_miny_maxy": [
                413,
                499,
                383,
                500
            ],
            "class": "ReadytoUse",
            "local_cuboid": null,
            "local_to_world_matrix": [
                [
                    0.9855663180351257,
                    0.16915294528007507,
                    -0.006804453209042549,
                    0.0
                ],
                [
                    -0.15745851397514343,
                    0.9307091236114502,
                    0.33013227581977844,
                    0.0
                ],
                [
                    0.06217581778764725,
                    -0.32429584860801697,
                    0.9439101219177246,
                    0.0
                ],
                [
                    0.34426558017730713,
                    -0.11206161230802536,
                    -0.25335100293159485,
                    1.0
                ]
            ],
            "location": [
                0.11206161230802536,
                -0.25335100293159485,
                -0.34426558017730713
            ],
            "location_world": [
                0.34426558017730713,
                -0.11206161230802536,
                -0.25335100293159485
            ],
            "name": "google_ReadytoUse_Rolled_Fondant_Pure_White_24_oz_box_10",
            "projected_cuboid": [
                [
                    508.78238677978516,
                    398.12391996383667
                ],
                [
                    446.4558959007263,
                    377.0771622657776
                ],
                [
                    369.10417675971985,
                    620.5364465713501
                ],
                [
                    434.49997901916504,
                    637.5072002410889
                ],
                [
                    654.3951034545898,
                    455.9707045555115
                ],
                [
                    570.2317357063293,
                    427.78080701828003
                ],
                [
                    464.40839767456055,
                    777.3292064666748
                ],
                [
                    554.4793605804443,
                    797.1560955047607
                ],
                [
                    490.98289012908936,
                    550.2325296401978
                ]
            ],
            "provenance": "visii",
            "quaternion_xyzw": [
                -0.37513014674186707,
                0.6247921586036682,
                0.4406939744949341,
                0.5241191387176514
            ],
            "quaternion_xyzw_world": [
                0.16654357314109802,
                0.017554594203829765,
                0.08311843127012253,
                0.982367753982544
            ],
            "segmentation_id": 11,
            "visibility": 1
        },
        {
            "bounding_box_minx_maxx_miny_maxy": [
                350,
                429,
                427,
                500
            ],
            "class": "Dog",
            "local_cuboid": null,
            "local_to_world_matrix": [
                [
                    0.558627724647522,
                    0.6440958380699158,
                    -0.5225664377212524,
                    0.0
                ],
                [
                    0.5586481690406799,
                    -0.7578822374343872,
                    -0.33693766593933105,
                    0.0
                ],
                [
                    -0.6130639314651489,
                    -0.10370804369449615,
                    -0.7831969261169434,
                    0.0
                ],
                [
                    1.4918569326400757,
                    -0.36852744221687317,
                    -0.4742666780948639,
                    1.0
                ]
            ],
            "location": [
                0.36852744221687317,
                -0.4742666780948639,
                -1.4918569326400757
            ],
            "location_world": [
                1.4918569326400757,
                -0.36852744221687317,
                -0.4742666780948639
            ],
            "name": "google_Dog_11",
            "projected_cuboid": [
                [
                    355.8802008628845,
                    538.2572412490845
                ],
                [
                    405.6956470012665,
                    543.5512661933899
                ],
                [
                    386.138916015625,
                    462.7889394760132
                ],
                [
                    339.01333808898926,
                    452.34906673431396
                ],
                [
                    438.70440125465393,
                    509.7116231918335
                ],
                [
                    486.93251609802246,
                    517.6955461502075
                ],
                [
                    458.96193385124207,
                    431.99774622917175
                ],
                [
                    412.90056705474854,
                    418.2494580745697
                ],
                [
                    409.15805101394653,
                    483.3369851112366
                ]
            ],
            "provenance": "visii",
            "quaternion_xyzw": [
                0.14122499525547028,
                0.4165616035461426,
                -0.8053101301193237,
                0.39750170707702637
            ],
            "quaternion_xyzw_world": [
                0.8802992105484009,
                0.34157249331474304,
                -0.32251259684562683,
                -0.06623589992523193
            ],
            "segmentation_id": 12,
            "visibility": 1
        },
        {
            "bounding_box_minx_maxx_miny_maxy": [
                225,
                269,
                228,
                303
            ],
            "class": "Black",
            "local_cuboid": null,
            "local_to_world_matrix": [
                [
                    -0.38215041160583496,
                    0.864777684211731,
                    -0.32576149702072144,
                    0.0
                ],
                [
                    -0.5519449710845947,
                    -0.4963287115097046,
                    -0.6700854301452637,
                    0.0
                ],
                [
                    -0.7411597371101379,
                    -0.07627105712890625,
                    0.6669819951057434,
                    0.0
                ],
                [
                    1.1987388134002686,
                    0.012448831461369991,
                    -0.07747164368629456,
                    1.0
                ]
            ],
            "location": [
                -0.012448831461369991,
                -0.07747164368629456,
                -1.1987388134002686
            ],
            "location_world": [
                1.1987388134002686,
                0.012448831461369991,
                -0.07747164368629456
            ],
            "name": "google_Black_Elderberry_Syrup_54_oz_Gaia_Herbs_12",
            "projected_cuboid": [
                [
                    227.5850921869278,
                    233.5820496082306
                ],
                [
                    243.534654378891,
                    255.5396556854248
                ],
                [
                    238.42637240886688,
                    304.8931062221527
                ],
                [
                    224.03967380523682,
                    283.5599482059479
                ],
                [
                    254.68507409095764,
                    223.85884821414948
                ],
                [
                    271.12793922424316,
                    245.08287012577057
                ],
                [
                    263.6263370513916,
                    294.4757640361786
                ],
                [
                    248.82546067237854,
                    273.7996578216553
                ],
                [
                    246.3672012090683,
                    265.31556248664856
                ]
            ],
            "provenance": "visii",
            "quaternion_xyzw": [
                0.126637265086174,
                0.33672410249710083,
                0.9049893617630005,
                -0.2270994335412979
            ],
            "quaternion_xyzw_world": [
                -0.3343636989593506,
                -0.23390153050422668,
                0.7977250814437866,
                0.4439883828163147
            ],
            "segmentation_id": 13,
            "visibility": 1
        },
        {
            "bounding_box_minx_maxx_miny_maxy": [
                0,
                37,
                1,
                86
            ],
