{
    "camera_data": {
        "camera_look_at": {
            "at": [
                1.0,
                0.0,
                0.0
            ],
            "eye": [
                0.0,
                0.0,
                0.0
            ],
            "up": [
                0.0,
                0.0,
                1.0
            ]
        },
        "camera_view_matrix": [
            [
                0.0,
                0.0,
                -1.0,
                0.0
            ],
            [
                -1.0,
                0.0,
                0.0,
                0.0
            ],
            [
                0.0,
                1.0,
                0.0,
                0.0
            ],
            [
                0.0,
                0.0,
                0.0,
                1.0
            ]
        ],
        "height": 500,
        "intrinsics": {
            "cx": 250.0,
            "cy": 250.0,
            "fx": 603.5535278320312,
            "fy": 603.5535278320312
        },
        "location_world": [
            0.0,
            0.0,
            0.0
        ],
        "quaternion_world_xyzw": [
            0.5,
            -0.5,
            -0.5,
            0.5
        ],
        "width": 500
    },
    "objects": [
        {
            "bounding_box_minx_maxx_miny_maxy": [
                0,
                84,
                117,
                197
            ],
            "class": "Reebok",
            "local_cuboid": null,
            "local_to_world_matrix": [
                [
                    0.36165547370910645,
                    -0.38387906551361084,
                    0.8496129512786865,
                    0.0
                ],
                [
                    0.7765501737594604,
                    0.628325343132019,
                    -0.04665970802307129,
                    0.0
                ],
                [
                    -0.5159215927124023,
                    0.6766418218612671,
                    0.5253386497497559,
                    0.0
                ],
                [
                    0.9342054724693298,
                    0.3032292425632477,
                    0.11875874549150467,
                    1.0
                ]
            ],
            "location": [
                -0.3032292425632477,
                0.11875874549150467,
                -0.9342054724693298
            ],
            "location_world": [
                0.9342054724693298,
                0.3032292425632477,
                0.11875874549150467
            ],
            "name": "google_Reebok_SOMERSET_RUN_0",
            "projected_cuboid": [
                [
                    42.84703731536865,
                    68.81552934646606
                ],
                [
                    -20.527362823486328,
                    117.82306432723999
                ],
                [
                    39.025530219078064,
                    159.69383716583252
                ],
                [
                    113.97889256477356,
                    125.49124658107758
                ],
                [
                    -3.89900803565979,
                    137.00535893440247
                ],
                [
                    -58.9672327041626,
                    172.06376791000366
                ],
                [
                    5.192622542381287,
                    212.43582665920258
                ],
                [
                    74.36054944992065,
                    191.46771728992462
                ],
                [
                    21.45540714263916,
                    150.4068374633789
                ]
            ],
            "provenance": "visii",
            "quaternion_xyzw": [
                -0.47817811369895935,
                -0.115693099796772,
                0.542840301990509,
                0.6806505918502808
            ],
            "quaternion_xyzw_world": [
                -0.22803042829036713,
                -0.4305029511451721,
                -0.36584076285362244,
                0.7929879426956177
            ],
            "segmentation_id": 1,
            "visibility": 1
        },
        {
            "bounding_box_minx_maxx_miny_maxy": [
                -1,
                -1,
                -1,
                -1
            ],
            "class": "Breyer",
            "local_cuboid": null,
            "local_to_world_matrix": [
                [
                    -0.8190062046051025,
                    0.3345007300376892,
                    0.46619534492492676,
                    0.0
                ],
                [
                    0.14426524937152863,
                    0.9064375758171082,
                    -0.3969363570213318,
                    0.0
                ],
                [
                    -0.5553524494171143,
                    -0.25783759355545044,
                    -0.7906348705291748,
                    0.0
                ],
                [
                    0.230739027261734,
                    0.3171200752258301,
                    -0.3727235198020935,
                    1.0
                ]
            ],
            "location": [
                -0.3171200752258301,
                -0.3727235198020935,
                -0.230739027261734
            ],
            "location_world": [
                0.230739027261734,
                0.3171200752258301,
                -0.3727235198020935
            ],
            "name": "google_Breyer_Horse_Of_The_Year_2015_1",
            "projected_cuboid": [
                [
                    -3598.9785194396973,
                    5836.931228637695
                ],
                [
                    -3590.3570652008057,
                    5240.653038024902
                ],
                [
                    -1425.105333328247,
                    1682.7806234359741
                ],
                [
                    -1291.1615371704102,
                    1668.3648824691772
                ],
                [
                    -310.8413815498352,
                    1627.1865367889404
                ],
                [
                    -421.01526260375977,
                    1636.8509531021118
                ],
                [
                    -320.0204372406006,
                    1056.38587474823
                ],
                [
                    -236.43776774406433,
                    1034.226894378662
                ],
                [
                    -725.7283926010132,
                    1647.8863954544067
                ]
            ],
            "provenance": "visii",
            "quaternion_xyzw": [
                -0.3560488820075989,
                0.3091164231300354,
                -0.7561067342758179,
                -0.4538489580154419
            ],
            "quaternion_xyzw_world": [
                0.12766268849372864,
                0.937560498714447,
                -0.17459511756896973,
                -0.27239516377449036
            ],
            "segmentation_id": 2,
            "visibility": 0
        },
        {
            "bounding_box_minx_maxx_miny_maxy": [
                14,
                150,
                5,
                138
            ],
            "class": "Smith",
            "local_cuboid": null,
            "local_to_world_matrix": [
                [
                    0.18000662326812744,
                    0.3951011300086975,
                    0.9008289575576782,
                    0.0
                ],
                [
                    -0.2968786954879761,
                    -0.851262092590332,
                    0.4326845705509186,
                    0.0
                ],
                [
                    0.9377956390380859,
                    -0.34532299637794495,
                    -0.03593575954437256,
                    0.0
                ],
                [
                    1.6671874523162842,
                    0.5471059679985046,
                    0.5227619409561157,
                    1.0
                ]
            ],
            "location": [
                -0.5471059679985046,
                0.5227619409561157,
                -1.6671874523162842
            ],
            "location_world": [
                1.6671874523162842,
                0.5471059679985046,
                0.5227619409561157
            ],
            "name": "google_Smith_Hawken_Woven_BasketTray_Organizer_with_3_Compartments_95_x_9_x_13_2",
            "projected_cuboid": [
                [
                    56.89072608947754,
                    62.32850253582001
                ],
                [
                    118.28422546386719,
                    19.70982551574707
                ],
                [
                    64.61590528488159,
                    -18.713921308517456
                ],
                [
                    -3.3175647258758545,
                    31.771838665008545
                ],
                [
                    95.05036473274231,
                    157.8507423400879
                ],
                [
                    160.17693281173706,
                    117.68373847007751
                ],
                [
                    110.93683540821075,
                    93.1568294763565
                ],
                [
                    38.252249360084534,
                    140.49232006072998
                ],
                [
                    80.95081150531769,
                    76.05257630348206
                ]
            ],
            "provenance": "visii",
            "quaternion_xyzw": [
                0.5267850160598755,
                0.831501841545105,
                0.07845529913902283,
                0.15794602036476135
            ],
            "quaternion_xyzw_world": [
                0.7188888192176819,
                0.034157730638980865,
                0.6393980979919434,
                0.27055907249450684
            ],
            "segmentation_id": 3,
            "visibility": 1
        },
        {
            "bounding_box_minx_maxx_miny_maxy": [
                -1,
                -1,
                -1,
                -1
            ],
            "class": "Paul",
            "local_cuboid": null,
            "local_to_world_matrix": [
                [
                    -0.41126108169555664,
                    0.9115104079246521,
                    -0.0036082863807678223,
                    0.0
                ],
                [
                    -0.6903056502342224,
                    -0.3088665008544922,
                    0.6542778015136719,
                    0.0
                ],
                [
                    0.595266580581665,
                    0.2715698480606079,
                    0.7562456727027893,
                    0.0
                ],
                [
                    0.16670064628124237,
                    -0.38707637786865234,
                    -0.24434806406497955,
                    1.0
                ]
            ],
            "location": [
                0.38707637786865234,
                -0.24434806406497955,
                -0.16670064628124237
            ],
            "location_world": [
                0.16670064628124237,
                -0.38707637786865234,
                -0.24434806406497955
            ],
            "name": "google_Paul_Frank_Dot_Lunch_Box_3",
            "projected_cuboid": [
                [
                    642.1834230422974,
                    469.6384072303772
                ],
                [
                    873.6286163330078,
                    346.472293138504
                ],
                [
                    2528.2135009765625,
                    1935.2895021438599
                ],
                [
                    1258.725643157959,
                    1380.7002305984497
                ],
                [
                    900.8529782295227,
                    408.1023931503296
                ],
                [
                    1114.2487525939941,
                    312.17992305755615
                ],
                [
                    1972.5881814956665,
                    936.5429878234863
                ],
                [
                    1396.9292640686035,
                    903.4677147865295
                ],
                [
                    1160.116195678711,
                    651.406466960907
                ]
            ],
            "provenance": "visii",
            "quaternion_xyzw": [
                0.08584626019001007,
                0.888967752456665,
                0.40680646896362305,
                -0.19202914834022522
            ],
            "quaternion_xyzw_world": [
                0.18798920512199402,
                0.29417210817337036,
                0.7868248224258423,
                0.5089493989944458
            ],
            "segmentation_id": 4,
            "visibility": 0
        },
        {
            "bounding_box_minx_maxx_miny_maxy": [
                357,
                433,
                123,
                193
            ],
            "class": "Toys",
            "local_cuboid": null,
            "local_to_world_matrix": [
                [
                    0.08829927444458008,
                    0.2890395522117615,
                    0.9532363414764404,
                    0.0
                ],
                [
                    -0.5769703984260559,
                    0.7949302792549133,
                    -0.18759272992610931,
                    0.0
                ],
                [
                    -0.8119781017303467,
                    -0.5334247946739197,
                    0.2369590401649475,
                    0.0
                ],
                [
                    1.2426902055740356,
                    -0.24652403593063354,
                    0.17052067816257477,
                    1.0
                ]
            ],
            "location": [
                0.24652403593063354,
                0.17052067816257477,
                -1.2426902055740356
            ],
            "location_world": [
                1.2426902055740356,
                -0.24652403593063354,
                0.17052067816257477
            ],
            "name": "google_Toys_R_Us_Treat_Dispenser_Smart_Puzzle_Foobler_4",
            "projected_cuboid": [
                [
                    439.5143389701843,
                    97.72269427776337
                ],
                [
                    386.752188205719,
                    101.33512318134308
                ],
                [
                    331.6173553466797,
                    134.91718471050262
                ],
                [
                    383.0823004245758,
                    129.3480396270752
                ],
                [
                    465.11000394821167,
                    172.94713854789734
                ],
                [
                    413.8025641441345,
                    182.8668713569641
                ],
                [
                    355.2067279815674,
                    208.30750465393066
                ],
                [
                    405.5847227573395,
                    197.588711977005
                ],
                [
                    396.9652056694031,
                    153.53375673294067
                ]
            ],
            "provenance": "visii",
            "quaternion_xyzw": [
                0.14711827039718628,
                0.2690114974975586,
                0.7564077377319336,
                0.577785849571228
            ],
            "quaternion_xyzw_world": [
                0.11875393986701965,
                -0.6061501502990723,
                0.29737579822540283,
                0.7280433773994446
            ],
            "segmentation_id": 5,
            "visibility": 1
        },
        {
            "bounding_box_minx_maxx_miny_maxy": [
                -1,
                -1,
                -1,
                -1
            ],
            "class": "Tag",
            "local_cuboid": null,
            "local_to_world_matrix": [
                [
                    -0.8167665004730225,
                    0.4373813271522522,
                    -0.3762856721878052,
                    0.0
                ],
                [
                    0.1566152721643448,
                    0.7957586050033569,
                    0.5850128531455994,
                    0.0
                ],
                [
                    0.5553061962127686,
                    0.41888660192489624,
                    -0.718449592590332,
                    0.0
                ],
                [
                    0.3514752984046936,
                    -0.37079259753227234,
                    -0.21188807487487793,
                    1.0
                ]
            ],
            "location": [
                0.37079259753227234,
                -0.21188807487487793,
                -0.3514752984046936
            ],
            "location_world": [
                0.3514752984046936,
                -0.37079259753227234,
                -0.21188807487487793
            ],
            "name": "google_Tag_Dishtowel_Basket_Weave_Red_18_x_26_5",
            "projected_cuboid": [
                [
                    1127.9821395874023,
                    968.8156247138977
                ],
                [
                    677.523136138916,
                    629.2777061462402
                ],
                [
                    734.4367504119873,
                    603.3873558044434
                ],
                [
                    1225.8307933807373,
                    964.2614126205444
                ],
                [
                    945.0442790985107,
                    640.0961875915527
                ],
                [
                    645.8600759506226,
                    429.76057529449463
                ],
                [
                    683.3439469337463,
                    403.28800678253174
                ],
                [
                    1000.2913475036621,
                    621.3281154632568
                ],
                [
                    857.539176940918,
                    624.843955039978
                ]
            ],
            "provenance": "visii",
            "quaternion_xyzw": [
                -0.36500418186187744,
                0.8027609586715698,
                -0.27251720428466797,
                -0.38481342792510986
            ],
            "quaternion_xyzw_world": [
                0.16273024678230286,
                0.9125478863716125,
                0.27502650022506714,
                0.2552172541618347
            ],
            "segmentation_id": 6,
            "visibility": 0
        },
        {
            "bounding_box_minx_maxx_miny_maxy": [
                202,
                386,
                350,
                500
            ],
            "class": "FRACTION",
            "local_cuboid": null,
            "local_to_world_matrix": [
                [
                    0.1525401473045349,
                    -0.5511714220046997,
                    0.8203302025794983,
                    0.0
                ],
                [
                    -0.4122440814971924,
                    -0.789870023727417,
                    -0.4540488123893738,
                    0.0
                ],
                [
                    0.8982128500938416,
                    -0.268915593624115,
                    -0.34770405292510986,
                    0.0
                ],
                [
                    0.7345837950706482,
                    -0.053458813577890396,
                    -0.23596404492855072,
                    1.0
                ]
            ],
            "location": [
                0.053458813577890396,
                -0.23596404492855072,
                -0.7345837950706482
            ],
            "location_world": [
                0.7345837950706482,
                -0.053458813577890396,
                -0.23596404492855072
            ],
            "name": "google_FRACTION_FUN_n4h4qte23QR_6",
            "projected_cuboid": [
                [
                    278.3476412296295,
                    349.6648669242859
                ],
                [
                    401.8096923828125,
                    429.3235242366791
                ],
                [
                    400.2070128917694,
                    426.31012201309204
                ],
                [
                    270.7328498363495,
                    342.96852350234985
                ],
                [
                    206.40280842781067,
                    461.4846706390381
                ],
                [
                    326.6626000404358,
                    556.1776161193848
                ],
                [
                    320.6646740436554,
                    560.3596568107605
                ],
                [
                    194.79793310165405,
                    460.33841371536255
                ],
                [
                    297.48591780662537,
                    444.9535310268402
                ]
            ],
            "provenance": "visii",
            "quaternion_xyzw": [
                0.8519731163978577,
                0.47249144315719604,
                0.03414881229400635,
                0.22299650311470032
            ],
            "quaternion_xyzw_world": [
                0.7566561698913574,
                -0.31831350922584534,
                0.5678084492683411,
                -0.06116821989417076
            ],
            "segmentation_id": 7,
            "visibility": 1
        },
        {
            "bounding_box_minx_maxx_miny_maxy": [
                -1,
                -1,
                -1,
                -1
            ],
            "class": "FAIRY",
            "local_cuboid": null,
            "local_to_world_matrix": [
                [
                    0.9279553890228271,
                    0.36413586139678955,
                    -0.07939696311950684,
                    0.0
                ],
                [
                    0.25012654066085815,
                    -0.45055627822875977,
                    0.8569923639297485,
                    0.0
                ],
                [
                    0.27628883719444275,
                    -0.8151099681854248,
                    -0.5091762542724609,
                    0.0
                ],
                [
                    0.38980305194854736,
                    0.373185932636261,
                    0.4040766954421997,
                    1.0
                ]
            ],
            "location": [
                -0.373185932636261,
                0.4040766954421997,
                -0.38980305194854736
            ],
            "location_world": [
                0.38980305194854736,
                0.373185932636261,
                0.4040766954421997
            ],
            "name": "google_FAIRY_TALE_BLOCKS_7",
            "projected_cuboid": [
                [
                    -85.07910370826721,
                    61.18494272232056
                ],
                [
                    72.01798260211945,
                    -146.3717818260193
                ],
                [
                    -152.1603763103485,
                    -319.0523386001587
                ],
                [
                    -361.2326383590698,
                    -108.64466428756714
                ],
                [
                    -159.3448519706726,
                    -120.58928608894348
                ],
                [
                    108.54630172252655,
                    -424.4239330291748
                ],
                [
                    -275.2530574798584,
                    -781.1979055404663
                ],
                [
                    -716.2291407585144,
                    -497.6728558540344
                ],
                [
                    -154.75282073020935,
                    -247.43753671646118
                ]
            ],
            "provenance": "visii",
            "quaternion_xyzw": [
                0.11743155866861343,
                0.7901608943939209,
                -0.24023672938346863,
                0.5514906644821167
            ],
            "quaternion_xyzw_world": [
                0.8496599197387695,
                0.1807377189397812,
                0.05793255195021629,
                0.49199163913726807
            ],
            "segmentation_id": 8,
            "visibility": 0
        },
        {
            "bounding_box_minx_maxx_miny_maxy": [
                451,
                476,
                214,
                239
            ],
            "class": "Great",
            "local_cuboid": null,
            "local_to_world_matrix": [
                [
                    -0.9438436031341553,
                    0.004107266664505005,
                    0.3303670287132263,
                    0.0
                ],
                [
                    -0.2849758267402649,
                    0.4958343505859375,
                    -0.8203274011611938,
                    0.0
                ],
                [
                    -0.16717663407325745,
                    -0.8684073686599731,
                    -0.46681952476501465,
                    0.0
                ],
                [
                    1.8054497241973877,
                    -0.6604396104812622,
                    0.18374791741371155,
                    1.0
                ]
            ],
            "location": [
                0.6604396104812622,
                0.18374791741371155,
                -1.8054497241973877
            ],
            "location_world": [
                1.8054497241973877,
                -0.6604396104812622,
                0.18374791741371155
            ],
            "name": "google_Great_Jones_Wingtip_kAqSg6EgG0I_8",
            "projected_cuboid": [
                [
                    533.8335633277893,
                    155.9760421514511
                ],
                [
                    493.5043454170227,
                    242.46352910995483
                ],
                [
                    455.9025466442108,
                    223.7910032272339
                ],
                [
                    497.66528606414795,
                    139.14215564727783
                ],
                [
                    518.1573629379272,
                    172.99428582191467
                ],
                [
                    479.4110059738159,
                    255.2647888660431
                ],
                [
                    444.1339373588562,
                    237.53906786441803
                ],
                [
                    484.14188623428345,
                    156.91930055618286
                ],
                [
                    488.54559659957886,
                    197.15595245361328
                ]
            ],
            "provenance": "visii",
            "quaternion_xyzw": [
                -0.6420754194259644,
                0.06442674994468689,
                -0.7056223154067993,
                -0.29272082448005676
            ],
            "quaternion_xyzw_world": [
                -0.08237361907958984,
                0.8524226546287537,
                -0.49527508020401,
                -0.14592047035694122
            ],
            "segmentation_id": 9,
            "visibility": 1
        },
        {
            "bounding_box_minx_maxx_miny_maxy": [
                121,
                244,
                1,
                62
            ],
            "class": "Ecoforms",
            "local_cuboid": null,
            "local_to_world_matrix": [
                [
                    0.0026302337646484375,
                    -0.23575568199157715,
                    0.9718089699745178,
                    0.0
                ],
                [
                    0.480140745639801,
                    -0.852167010307312,
                    -0.20803073048591614,
                    0.0
                ],
                [
                    0.8771876692771912,
                    0.4671522080898285,
                    0.1109541654586792,
                    0.0
                ],
                [
                    1.000274658203125,
                    0.05629606172442436,
                    0.4618561565876007,
                    1.0
                ]
            ],
            "location": [
                -0.05629606172442436,
                0.4618561565876007,
                -1.000274658203125
            ],
            "location_world": [
                1.000274658203125,
                0.05629606172442436,
                0.4618561565876007
            ],
            "name": "google_Ecoforms_Plant_Container_Quadra_Sand_QP6_9",
            "projected_cuboid": [
                [
                    144.03389394283295,
                    -74.43130016326904
                ],
                [
                    234.03847217559814,
                    -29.631704092025757
                ],
                [
                    277.2027850151062,
                    -58.35786461830139
                ],
                [
                    177.39078402519226,
                    -112.83954977989197
                ],
                [
                    119.41111087799072,
                    26.720479130744934
                ],
                [
                    211.33685111999512,
                    63.801705837249756
                ],
                [
                    251.31240487098694,
                    48.27091097831726
                ],
                [
                    148.97146821022034,
                    3.9602965116500854
                ],
                [
                    196.24900817871094,
                    -14.709055423736572
                ]
            ],
            "provenance": "visii",
            "quaternion_xyzw": [
                0.7617371678352356,
                0.5986237525939941,
                -0.1541813313961029,
                -0.19399574398994446
            ],
            "quaternion_xyzw_world": [
                0.6602732539176941,
                0.09253179281949997,
                0.7000876665115356,
                -0.2556452751159668
            ],
            "segmentation_id": 10,
            "visibility": 1
        },
        {
            "bounding_box_minx_maxx_miny_maxy": [
                383,
                499,
                371,
                500
            ],
            "class": "ReadytoUse",
            "local_cuboid": null,
            "local_to_world_matrix": [
                [
                    0.7837730050086975,
                    0.5642776489257812,
                    0.25940456986427307,
                    0.0
                ],
                [
                    -0.6185898780822754,
                    0.746432363986969,
                    0.2453271448612213,
                    0.0
                ],
                [
                    -0.055195391178131104,
                    -0.35274580121040344,
                    0.9340898990631104,
                    0.0
                ],
                [
                    0.3418024480342865,
                    -0.102979876101017,
                    -0.24897268414497375,
                    1.0
                ]
            ],
            "location": [
                0.102979876101017,
                -0.24897268414497375,
                -0.3418024480342865
            ],
            "location_world": [
                0.3418024480342865,
                -0.102979876101017,
                -0.24897268414497375
            ],
            "name": "google_ReadytoUse_Rolled_Fondant_Pure_White_24_oz_box_10",
            "projected_cuboid": [
                [
                    473.9120602607727,
                    374.8207986354828
                ],
                [
                    431.8995475769043,
                    365.2798533439636
                ],
                [
                    331.39568567276,
                    616.5657043457031
                ],
                [
                    379.9912929534912,
                    607.0101261138916
                ],
                [
                    683.3430528640747,
                    478.0598282814026
                ],
                [
                    650.0797271728516,
                    476.78500413894653
                ],
                [
                    507.9050064086914,
                    810.3177547454834
                ],
                [
                    554.1418790817261,
                    778.7691950798035
                ],
                [
                    487.97184228897095,
                    554.9465417861938
                ]
            ],
            "provenance": "visii",
            "quaternion_xyzw": [
                -0.1838477998971939,
                0.6622706055641174,
                0.5861199498176575,
                0.4290236830711365
            ],
            "quaternion_xyzw_world": [
                0.16066329181194305,
                -0.08451253920793533,
                0.31775954365730286,
                0.9306309819221497
            ],
            "segmentation_id": 11,
            "visibility": 1
        },
        {
            "bounding_box_minx_maxx_miny_maxy": [
                316,
                353,
                340,
                378
            ],
            "class": "Dog",
            "local_cuboid": null,
            "local_to_world_matrix": [
                [
                    0.7097451686859131,
                    0.1559213101863861,
                    0.6869863867759705,
                    0.0
                ],
                [
                    0.5441553592681885,
                    0.49798595905303955,
                    -0.6752073168754578,
                    0.0
                ],
                [
                    -0.44738882780075073,
                    0.8530524373054504,
                    0.26859772205352783,
                    0.0
                ],
                [
                    1.6163338422775269,
                    -0.29573604464530945,
                    -0.38412532210350037,
                    1.0
                ]
            ],
            "location": [
                0.29573604464530945,
                -0.38412532210350037,
                -1.6163338422775269
            ],
            "location_world": [
                1.6163338422775269,
                -0.29573604464530945,
                -0.38412532210350037
            ],
            "name": "google_Dog_11",
            "projected_cuboid": [
                [
                    309.28677320480347,
                    322.2251832485199
                ],
                [
                    272.0164358615875,
                    363.45967650413513
                ],
                [
                    329.4757902622223,
                    376.1291205883026
                ],
                [
                    368.25957894325256,
                    337.90016174316406
                ],
                [
                    331.9147229194641,
                    399.6362090110779
                ],
                [
                    289.0159785747528,
                    440.16873836517334
                ],
                [
                    351.48298740386963,
                    449.84304904937744
                ],
                [
                    396.0666358470917,
                    412.40280866622925
                ],
                [
                    330.5576741695404,
                    386.5566849708557
                ]
            ],
            "provenance": "visii",
            "quaternion_xyzw": [
                -0.5176623463630676,
                -0.0912759006023407,
                0.754737913608551,
                0.39251118898391724
            ],
            "quaternion_xyzw_world": [
                -0.48558250069618225,
                -0.36043134331703186,
                -0.12335575371980667,
                0.7868177890777588
            ],
            "segmentation_id": 12,
            "visibility": 1
        },
        {
            "bounding_box_minx_maxx_miny_maxy": [
                136,
                208,
                311,
                363
            ],
            "class": "Black",
            "local_cuboid": null,
            "local_to_world_matrix": [
                [
                    0.9733930230140686,
                    -0.18787452578544617,
                    0.13118384778499603,
                    0.0
                ],
                [
                    0.19226938486099243,
                    0.35822296142578125,
                    -0.9136239886283875,
                    0.0
                ],
                [
                    0.12465362250804901,
                    0.9145378470420837,
                    0.38481420278549194,
                    0.0
                ],
                [
                    1.3275049924850464,
                    0.10631716996431351,
                    -0.2174854725599289,
                    1.0
                ]
            ],
            "location": [
                -0.10631716996431351,
                -0.2174854725599289,
                -1.3275049924850464
            ],
            "location_world": [
                1.3275049924850464,
                0.10631716996431351,
                -0.2174854725599289
            ],
            "name": "google_Black_Elderberry_Syrup_54_oz_Gaia_Herbs_12",
            "projected_cuboid": [
                [
                    151.54817700386047,
                    307.7647387981415
                ],
                [
                    143.09531450271606,
                    330.91577887535095
                ],
                [
                    200.52562654018402,
                    356.75424337387085
                ],
                [
                    209.57519114017487,
                    333.5104286670685
                ],
                [
                    142.4379050731659,
                    313.6606514453888
                ],
                [
                    133.70805978775024,
                    337.7338945865631
                ],
                [
                    193.45499575138092,
                    364.7676408290863
                ],
                [
                    202.83140242099762,
                    340.5952453613281
                ],
                [
                    172.01289534568787,
                    335.6015086174011
                ]
            ],
            "provenance": "visii",
            "quaternion_xyzw": [
                -0.7460148334503174,
                0.07608397305011749,
                0.6326720714569092,
                0.19338880479335785
            ],
            "quaternion_xyzw_world": [
                -0.5546070337295532,
                -0.001981067005544901,
                -0.1153237521648407,
                0.8240798115730286
            ],
            "segmentation_id": 13,
            "visibility": 1
        },
        {
            "bounding_box_minx_maxx_miny_maxy": [
                0,
                69,
                1,
                63
            ],
