{
    "camera_data": {
        "camera_look_at": {
            "at": [
                1.0,
                0.0,
                0.0
            ],
            "eye": [
                0.0,
                0.0,
                0.0
            ],
            "up": [
                0.0,
                0.0,
                1.0
            ]
        },
        "camera_view_matrix": [
            [
                0.0,
                0.0,
                -1.0,
                0.0
            ],
            [
                -1.0,
                0.0,
                0.0,
                0.0
            ],
            [
                0.0,
                1.0,
                0.0,
                0.0
            ],
            [
                0.0,
                0.0,
                0.0,
                1.0
            ]
        ],
        "height": 500,
        "intrinsics": {
            "cx": 250.0,
            "cy": 250.0,
            "fx": 603.5535278320312,
            "fy": 603.5535278320312
        },
        "location_world": [
            0.0,
            0.0,
            0.0
        ],
        "quaternion_world_xyzw": [
            0.5,
            -0.5,
            -0.5,
            0.5
        ],
        "width": 500
    },
    "objects": [
        {
            "bounding_box_minx_maxx_miny_maxy": [
                0,
                128,
                167,
                336
            ],
            "class": "Reebok",
            "local_cuboid": null,
            "local_to_world_matrix": [
                [
                    -0.8258132934570312,
                    0.10529643297195435,
                    0.5540261268615723,
                    0.0
                ],
                [
                    -0.4339591860771179,
                    0.5087544918060303,
                    -0.7435376644134521,
                    0.0
                ],
                [
                    -0.3601551651954651,
                    -0.8544480800628662,
                    -0.37444186210632324,
                    0.0
                ],
                [
                    0.8628255128860474,
                    0.3080635666847229,
                    0.020406685769557953,
                    1.0
                ]
            ],
            "location": [
                -0.3080635666847229,
                0.020406685769557953,
                -0.8628255128860474
            ],
            "location_world": [
                0.8628255128860474,
                0.3080635666847229,
                0.020406685769557953
            ],
            "name": "google_Reebok_SOMERSET_RUN_0",
            "projected_cuboid": [
                [
                    148.8637775182724,
                    165.6782329082489
                ],
                [
                    4.403367638587952,
                    335.33966541290283
                ],
                [
                    -61.49113178253174,
                    295.7444190979004
                ],
                [
                    85.61553061008453,
                    139.86238837242126
                ],
                [
                    166.69002175331116,
                    214.64842557907104
                ],
                [
                    41.78813099861145,
                    372.379332780838
                ],
                [
                    -18.694251775741577,
                    335.3157043457031
                ],
                [
                    108.73442888259888,
                    189.20104205608368
                ],
                [
                    64.68571722507477,
                    250.90092420578003
                ]
            ],
            "provenance": "visii",
            "quaternion_xyzw": [
                -0.5652623176574707,
                -0.020022407174110413,
                -0.7431334257125854,
                -0.3575335741043091
            ],
            "quaternion_xyzw_world": [
                -0.09984244406223297,
                0.822953462600708,
                -0.48544231057167053,
                -0.2777135372161865
            ],
            "segmentation_id": 1,
            "visibility": 1
        },
        {
            "bounding_box_minx_maxx_miny_maxy": [
                0,
                41,
                447,
                500
            ],
            "class": "Breyer",
            "local_cuboid": null,
            "local_to_world_matrix": [
                [
                    -0.5837523937225342,
                    -0.7109614610671997,
                    0.3921314477920532,
                    0.0
                ],
                [
                    0.8032782077789307,
                    -0.4353858232498169,
                    0.4064275622367859,
                    0.0
                ],
                [
                    -0.11822585761547089,
                    0.552243709564209,
                    0.8252572417259216,
                    0.0
                ],
                [
                    0.4525578022003174,
                    0.1722021847963333,
                    -0.26466816663742065,
                    1.0
                ]
            ],
            "location": [
                -0.1722021847963333,
                -0.26466816663742065,
                -0.4525578022003174
            ],
            "location_world": [
                0.4525578022003174,
                0.1722021847963333,
                -0.26466816663742065
            ],
            "name": "google_Breyer_Horse_Of_The_Year_2015_1",
            "projected_cuboid": [
                [
                    -67.90268421173096,
                    426.0139465332031
                ],
                [
                    7.905542850494385,
                    369.43840980529785
                ],
                [
                    142.33213663101196,
                    549.1910576820374
                ],
                [
                    87.29107677936554,
                    625.7225275039673
                ],
                [
                    -184.46576595306396,
                    490.1159405708313
                ],
                [
                    -117.7777647972107,
                    442.3510730266571
                ],
                [
                    -12.33014464378357,
                    575.3806829452515
                ],
                [
                    -66.85388088226318,
                    633.7238550186157
                ],
                [
                    -33.92869234085083,
                    517.3284411430359
                ]
            ],
            "provenance": "visii",
            "quaternion_xyzw": [
                0.5445888042449951,
                0.3798816502094269,
                0.014464426785707474,
                -0.7475986480712891
            ],
            "quaternion_xyzw_world": [
                0.08120372146368027,
                0.28421351313591003,
                0.8432667851448059,
                -0.44892069697380066
            ],
            "segmentation_id": 2,
            "visibility": 1
        },
        {
            "bounding_box_minx_maxx_miny_maxy": [
                118,
                272,
                43,
                143
            ],
            "class": "Smith",
            "local_cuboid": null,
            "local_to_world_matrix": [
                [
                    -0.472476601600647,
                    0.5915674567222595,
                    -0.6533098816871643,
                    0.0
                ],
                [
                    0.4633517861366272,
                    -0.46383070945739746,
                    -0.7550934553146362,
                    0.0
                ],
                [
                    -0.7497139573097229,
                    -0.6594762802124023,
                    -0.0549546480178833,
                    0.0
                ],
                [
                    1.7624616622924805,
                    0.2470448762178421,
                    0.5029224753379822,
                    1.0
                ]
            ],
            "location": [
                -0.2470448762178421,
                0.5029224753379822,
                -1.7624616622924805
            ],
            "location_world": [
                1.7624616622924805,
                0.2470448762178421,
                0.5029224753379822
            ],
            "name": "google_Smith_Hawken_Woven_BasketTray_Organizer_with_3_Compartments_95_x_9_x_13_2",
            "projected_cuboid": [
                [
                    148.86268973350525,
                    49.92380738258362
                ],
                [
                    203.69639992713928,
                    141.94482564926147
                ],
                [
                    147.4524736404419,
                    149.35120940208435
                ],
                [
                    95.30213475227356,
                    69.34492290019989
                ],
                [
                    240.9636378288269,
                    -18.277287483215332
                ],
                [
                    283.8711738586426,
                    69.31652128696442
                ],
                [
                    224.18247163295746,
                    83.73647928237915
                ],
                [
                    182.12786316871643,
                    6.980597972869873
                ],
                [
                    192.0919269323349,
                    69.3303644657135
                ]
            ],
            "provenance": "visii",
            "quaternion_xyzw": [
                0.32164114713668823,
                -0.14727526903152466,
                0.8798259496688843,
                -0.3174322843551636
            ],
            "quaternion_xyzw_world": [
                -0.5114461779594421,
                -0.5156550407409668,
                0.6858120560646057,
                0.046738628298044205
            ],
            "segmentation_id": 3,
            "visibility": 1
        },
        {
            "bounding_box_minx_maxx_miny_maxy": [
                -1,
                -1,
                -1,
                -1
            ],
            "class": "Paul",
            "local_cuboid": null,
            "local_to_world_matrix": [
                [
                    0.9926650524139404,
                    -0.07393573969602585,
                    -0.09565328806638718,
                    0.0
                ],
                [
                    0.11256592720746994,
                    0.8538608551025391,
                    0.5081836581230164,
                    0.0
                ],
                [
                    0.04410167783498764,
                    -0.5152234435081482,
                    0.8559204936027527,
                    0.0
                ],
                [
                    0.2690332233905792,
                    -0.3940090537071228,
                    -0.015226362273097038,
                    1.0
                ]
            ],
            "location": [
                0.3940090537071228,
                -0.015226362273097038,
                -0.2690332233905792
            ],
            "location_world": [
                0.2690332233905792,
                -0.3940090537071228,
                -0.015226362273097038
            ],
            "name": "google_Paul_Frank_Dot_Lunch_Box_3",
            "projected_cuboid": [
                [
                    1099.7450351715088,
                    36.17367148399353
                ],
                [
                    941.4432048797607,
                    -37.05593943595886
                ],
                [
                    781.277596950531,
                    250.7200539112091
                ],
                [
                    938.7531280517578,
                    334.72004532814026
                ],
                [
                    2572.2830295562744,
                    -461.4807963371277
                ],
                [
                    2031.6591262817383,
                    -619.2130446434021
                ],
                [
                    1659.342646598816,
                    147.01411128044128
                ],
                [
                    2207.5724601745605,
                    387.0684504508972
                ],
                [
                    1247.3070621490479,
                    65.40149450302124
                ]
            ],
            "provenance": "visii",
            "quaternion_xyzw": [
                -0.39046573638916016,
                0.6079370379447937,
                0.30568742752075195,
                0.6200842261314392
            ],
            "quaternion_xyzw_world": [
                0.2659340798854828,
                0.036315564066171646,
                -0.048462774604558945,
                0.9620872139930725
            ],
            "segmentation_id": 4,
            "visibility": 0
        },
        {
            "bounding_box_minx_maxx_miny_maxy": [
                330,
                380,
                1,
                37
            ],
            "class": "Toys",
            "local_cuboid": null,
            "local_to_world_matrix": [
                [
                    0.20875835418701172,
                    0.5199143290519714,
                    0.8283170461654663,
                    0.0
                ],
                [
                    -0.9489261507987976,
                    -0.09718644618988037,
                    0.30015668272972107,
                    0.0
                ],
                [
                    0.23655691742897034,
                    -0.8486717939376831,
                    0.473071813583374,
                    0.0
                ],
                [
                    1.8105971813201904,
                    -0.25399962067604065,
                    0.6901230812072754,
                    1.0
                ]
            ],
            "location": [
                0.25399962067604065,
                0.6901230812072754,
                -1.8105971813201904
            ],
            "location_world": [
                1.8105971813201904,
                -0.25399962067604065,
                0.6901230812072754
            ],
            "name": "google_Toys_R_Us_Treat_Dispenser_Smart_Puzzle_Foobler_4",
            "projected_cuboid": [
                [
                    354.9058735370636,
                    -0.5377531051635742
                ],
                [
                    368.50830912590027,
                    -36.55484318733215
                ],
                [
                    326.1396586894989,
                    -17.50168204307556
                ],
                [
                    315.53441286087036,
                    17.73892343044281
                ],
                [
                    382.18867778778076,
                    35.84231436252594
                ],
                [
                    398.3079195022583,
                    2.186104655265808
                ],
                [
                    355.7727038860321,
                    22.413775324821472
                ],
                [
                    342.6665961742401,
                    55.142298340797424
                ],
                [
                    355.31383752822876,
                    10.264500975608826
                ]
            ],
            "provenance": "visii",
            "quaternion_xyzw": [
                0.3226785957813263,
                0.7170474529266357,
                0.49578240513801575,
                0.3686751425266266
            ],
            "quaternion_xyzw_world": [
                0.45630937814712524,
                -0.23504436016082764,
                0.5834166407585144,
                0.6294131875038147
            ],
            "segmentation_id": 5,
            "visibility": 1
        },
        {
            "bounding_box_minx_maxx_miny_maxy": [
                -1,
                -1,
                -1,
                -1
            ],
            "class": "Tag",
            "local_cuboid": null,
            "local_to_world_matrix": [
                [
                    0.3016442656517029,
                    0.816710889339447,
                    0.49192893505096436,
                    0.0
                ],
                [
                    0.8415879607200623,
                    -0.47054946422576904,
                    0.2651657462120056,
                    0.0
                ],
                [
                    0.4480406641960144,
                    0.33401572704315186,
                    -0.8292726278305054,
                    0.0
                ],
                [
                    0.316666841506958,
                    -0.2595391273498535,
                    -0.13634559512138367,
                    1.0
                ]
            ],
            "location": [
                0.2595391273498535,
                -0.13634559512138367,
                -0.316666841506958
            ],
            "location_world": [
                0.316666841506958,
                -0.2595391273498535,
                -0.13634559512138367
            ],
            "name": "google_Tag_Dishtowel_Basket_Weave_Red_18_x_26_5",
            "projected_cuboid": [
                [
                    537.060022354126,
                    608.475923538208
                ],
                [
                    558.7390661239624,
                    372.48069047927856
                ],
                [
                    585.6484174728394,
                    337.2030258178711
                ],
                [
                    584.1939449310303,
                    559.9591732025146
                ],
                [
                    1011.3058090209961,
                    939.9361610412598
                ],
                [
                    805.806577205658,
                    513.2240056991577
                ],
                [
                    846.1974859237671,
                    478.93226146698
                ],
                [
                    1109.4400882720947,
                    905.327320098877
                ],
                [
                    722.3812341690063,
                    530.8172702789307
                ]
            ],
            "provenance": "visii",
            "quaternion_xyzw": [
                0.30255746841430664,
                0.795285701751709,
                -0.525239109992981,
                -0.010176047682762146
            ],
            "quaternion_xyzw_world": [
                0.8064531087875366,
                0.5140717029571533,
                0.2913900315761566,
                -0.021343450993299484
            ],
            "segmentation_id": 6,
            "visibility": 0
        },
        {
            "bounding_box_minx_maxx_miny_maxy": [
                -1,
                -1,
                -1,
                -1
            ],
            "class": "FRACTION",
            "local_cuboid": null,
            "local_to_world_matrix": [
                [
                    -0.412392258644104,
                    -0.5801708698272705,
                    0.7023775577545166,
                    0.0
                ],
                [
                    -0.06480136513710022,
                    -0.7503564357757568,
                    -0.6578493118286133,
                    0.0
                ],
                [
                    0.9086986780166626,
                    -0.3168070316314697,
                    0.2718454599380493,
                    0.0
                ],
                [
                    0.13722233474254608,
                    0.07342086732387543,
                    -0.17191928625106812,
                    1.0
                ]
            ],
            "location": [
                -0.07342086732387543,
                -0.17191928625106812,
                -0.13722233474254608
            ],
            "location_world": [
                0.13722233474254608,
                0.07342086732387543,
                -0.17191928625106812
            ],
            "name": "google_FRACTION_FUN_n4h4qte23QR_6",
            "projected_cuboid": [
                [
                    -77.20112800598145,
                    399.1483151912689
                ],
                [
                    528.6798477172852,
                    969.9894785881042
                ],
                [
                    557.2777390480042,
                    1347.2901582717896
                ],
                [
                    -276.70079469680786,
                    521.4950442314148
                ],
                [
                    -249.1638958454132,
                    688.709020614624
                ],
                [
                    135.08236408233643,
                    1077.4710178375244
                ],
                [
                    57.66649544239044,
                    1317.335844039917
                ],
                [
                    -406.4815640449524,
                    826.002836227417
                ],
                [
                    -5.432724952697754,
                    887.75235414505
                ]
            ],
            "provenance": "visii",
            "quaternion_xyzw": [
                0.8869496583938599,
                0.40947479009628296,
                0.20553570985794067,
                -0.05835843086242676
            ],
            "quaternion_xyzw_world": [
                0.5162651538848877,
                -0.3123260736465454,
                0.7801592946052551,
                -0.1651488095521927
            ],
            "segmentation_id": 7,
            "visibility": 0
        },
        {
            "bounding_box_minx_maxx_miny_maxy": [
                -1,
                -1,
                -1,
                -1
            ],
            "class": "FAIRY",
            "local_cuboid": null,
            "local_to_world_matrix": [
                [
                    0.6177456378936768,
                    -0.17229889333248138,
                    -0.7672701478004456,
                    0.0
                ],
                [
                    0.5659895539283752,
                    -0.5799545049667358,
                    0.5859254002571106,
                    0.0
                ],
                [
                    -0.5459360480308533,
                    -0.7962197661399841,
                    -0.26074492931365967,
                    0.0
                ],
                [
                    0.2977240979671478,
                    0.373466432094574,
                    0.40695157647132874,
                    1.0
                ]
            ],
            "location": [
                -0.373466432094574,
                0.40695157647132874,
                -0.2977240979671478
            ],
            "location_world": [
                0.2977240979671478,
                0.373466432094574,
                0.40695157647132874
            ],
            "name": "google_FAIRY_TALE_BLOCKS_7",
            "projected_cuboid": [
                [
                    -602.4484038352966,
                    -345.695436000824
                ],
                [
                    70.50146162509918,
                    -359.0168356895447
                ],
                [
                    -119.30352449417114,
                    -272.13817834854126
                ],
                [
                    -613.7490272521973,
                    -220.7416296005249
                ],
                [
                    -6884.383201599121,
                    -8624.907493591309
                ],
                [
                    -233.84824395179749,
                    -1547.807216644287
                ],
                [
                    -396.5930938720703,
                    -928.0586242675781
                ],
                [
                    -1690.4926300048828,
                    -1493.9268827438354
                ],
                [
                    -473.75327348709106,
                    -709.7734212875366
                ]
            ],
            "provenance": "visii",
            "quaternion_xyzw": [
                -0.1005452573299408,
                0.46574950218200684,
                -0.44376564025878906,
                0.7589730620384216
            ],
            "quaternion_xyzw_world": [
                0.7839714884757996,
                0.12554368376731873,
                -0.41876721382141113,
                0.4407511055469513
            ],
            "segmentation_id": 8,
            "visibility": 0
        },
        {
            "bounding_box_minx_maxx_miny_maxy": [
                137,
                259,
                171,
                222
            ],
            "class": "Great",
            "local_cuboid": null,
            "local_to_world_matrix": [
                [
                    0.5686699151992798,
                    -0.20838415622711182,
                    -0.7957327961921692,
                    0.0
                ],
                [
                    -0.14352935552597046,
                    -0.9776759147644043,
                    0.15345773100852966,
                    0.0
                ],
                [
                    -0.8099468350410461,
                    0.026944220066070557,
                    -0.5858840942382812,
                    0.0
                ],
                [
                    1.5272331237792969,
                    0.13167144358158112,
                    0.15764150023460388,
                    1.0
                ]
            ],
            "location": [
                -0.13167144358158112,
                0.15764150023460388,
                -1.5272331237792969
            ],
            "location_world": [
                1.5272331237792969,
                0.13167144358158112,
                0.15764150023460388
            ],
            "name": "google_Great_Jones_Wingtip_kAqSg6EgG0I_8",
            "projected_cuboid": [
                [
                    138.24406266212463,
                    240.74742197990417
                ],
                [
                    262.2509002685547,
                    220.45235335826874
                ],
                [
                    262.7202272415161,
                    196.04752957820892
                ],
                [
                    145.92456817626953,
                    215.85141122341156
                ],
                [
                    123.4738826751709,
                    202.86855101585388
                ],
                [
                    252.68176198005676,
                    180.41561543941498
                ],
                [
                    253.76960635185242,
                    157.46641159057617
                ],
                [
                    132.37079977989197,
                    179.23378944396973
                ],
                [
                    195.6963837146759,
                    199.33068752288818
                ]
            ],
            "provenance": "visii",
            "quaternion_xyzw": [
                0.24747706949710846,
                0.1837979555130005,
                -0.6016861796379089,
                0.7368494868278503
            ],
            "quaternion_xyzw_world": [
                0.8849053382873535,
                -0.09942123293876648,
                -0.45363032817840576,
                0.035742104053497314
            ],
            "segmentation_id": 9,
            "visibility": 1
        },
        {
            "bounding_box_minx_maxx_miny_maxy": [
                87,
                205,
                1,
                95
            ],
            "class": "Ecoforms",
            "local_cuboid": null,
            "local_to_world_matrix": [
                [
                    0.5092663764953613,
                    -0.01097087562084198,
                    -0.8605390191078186,
                    0.0
                ],
                [
                    0.4330587387084961,
                    -0.8608328104019165,
                    0.26725849509239197,
                    0.0
                ],
                [
                    -0.7437122464179993,
                    -0.5087697505950928,
                    -0.43364226818084717,
                    0.0
                ],
                [
                    1.1721301078796387,
                    0.25030776858329773,
                    0.4484002888202667,
                    1.0
                ]
            ],
            "location": [
                -0.25030776858329773,
                0.4484002888202667,
                -1.1721301078796387
            ],
            "location_world": [
                1.1721301078796387,
                0.25030776858329773,
                0.4484002888202667
            ],
            "name": "google_Ecoforms_Plant_Container_Quadra_Sand_QP6_9",
            "projected_cuboid": [
                [
                    109.50464010238647,
                    96.48776054382324
                ],
                [
                    206.61048591136932,
                    80.62280714511871
                ],
                [
                    169.9068248271942,
                    62.490224838256836
                ],
                [
                    80.55786788463593,
                    75.40334761142731
                ],
                [
                    93.95794570446014,
                    -22.355198860168457
                ],
                [
                    201.35138928890228,
                    -30.286043882369995
                ],
                [
                    162.15887665748596,
                    -37.993818521499634
                ],
                [
                    64.2189085483551,
                    -31.567484140396118
                ],
                [
                    137.14559376239777,
                    25.89137852191925
                ]
            ],
            "provenance": "visii",
            "quaternion_xyzw": [
                0.00020514428615570068,
                0.35797184705734253,
                -0.60528564453125,
                0.7109749913215637
            ],
            "quaternion_xyzw_world": [
                0.8372188210487366,
                0.12603870034217834,
                -0.47904181480407715,
                0.23172801733016968
            ],
            "segmentation_id": 10,
            "visibility": 1
        },
        {
            "bounding_box_minx_maxx_miny_maxy": [
                411,
                499,
                412,
                500
            ],
            "class": "ReadytoUse",
            "local_cuboid": null,
            "local_to_world_matrix": [
                [
                    -0.19601917266845703,
                    -0.9373939037322998,
                    -0.28787028789520264,
                    0.0
                ],
                [
                    0.7773696184158325,
                    0.030395209789276123,
                    -0.6283094882965088,
                    0.0
                ],
                [
                    0.5977233052253723,
                    -0.3469422459602356,
                    0.7227433323860168,
                    0.0
                ],
                [
                    0.35332831740379333,
                    -0.1381722092628479,
                    -0.2707086503505707,
                    1.0
                ]
            ],
            "location": [
                0.1381722092628479,
                -0.2707086503505707,
                -0.35332831740379333
            ],
            "location_world": [
                0.35332831740379333,
                -0.1381722092628479,
                -0.2707086503505707
            ],
            "name": "google_ReadytoUse_Rolled_Fondant_Pure_White_24_oz_box_10",
            "projected_cuboid": [
                [
                    612.6471757888794,
                    465.1114344596863
                ],
                [
                    580.6758403778076,
                    487.684965133667
                ],
                [
                    575.1811265945435,
                    758.2096457481384
                ],
                [
                    616.5004968643188,
                    760.624885559082
                ],
                [
                    439.2906725406647,
                    406.3386917114258
                ],
                [
                    422.5350618362427,
                    432.4283301830292
                ],
                [
                    375.9061396121979,
                    671.6746091842651
                ],
                [
                    392.3974633216858,
                    664.3781065940857
                ],
                [
                    499.9600052833557,
                    563.4341835975647
                ]
            ],
            "provenance": "visii",
            "quaternion_xyzw": [
                -0.8893011808395386,
                0.08947068452835083,
                -0.1526370644569397,
                0.42171114683151245
            ],
            "quaternion_xyzw_world": [
                -0.11274115741252899,
                0.3548489212989807,
                -0.6870893836021423,
                0.6239230036735535
            ],
            "segmentation_id": 11,
            "visibility": 1
        },
        {
            "bounding_box_minx_maxx_miny_maxy": [
                276,
                407,
                32,
                183
            ],
            "class": "Dog",
            "local_cuboid": null,
            "local_to_world_matrix": [
                [
                    -0.47793030738830566,
                    0.3682614862918854,
                    -0.7974749207496643,
                    0.0
                ],
                [
                    -0.6800146102905273,
                    -0.7297989130020142,
                    0.07052600383758545,
                    0.0
                ],
                [
                    -0.5560242533683777,
                    0.5760010480880737,
                    0.5992160439491272,
                    0.0
                ],
                [
                    1.0787097215652466,
                    -0.20085124671459198,
                    0.1990569680929184,
                    1.0
                ]
            ],
            "location": [
                0.20085124671459198,
                0.1990569680929184,
                -1.0787097215652466
            ],
            "location_world": [
                1.0787097215652466,
                -0.20085124671459198,
                0.1990569680929184
            ],
            "name": "google_Dog_11",
            "projected_cuboid": [
                [
                    234.47410762310028,
                    115.23817479610443
                ],
                [
                    328.88084650039673,
                    85.76726913452148
                ],
                [
                    392.0399248600006,
                    179.94344234466553
                ],
                [
                    299.9054491519928,
                    195.41847705841064
                ],
                [
                    283.5812568664551,
                    26.101812720298767
                ],
                [
                    373.55220317840576,
                    -11.730790138244629
                ],
                [
                    425.5337715148926,
                    82.78238773345947
                ],
                [
                    338.39648962020874,
                    107.10640251636505
                ],
                [
                    334.4494700431824,
                    98.25506806373596
                ]
            ],
            "provenance": "visii",
            "quaternion_xyzw": [
                -0.03601498156785965,
                0.4697774052619934,
                0.6807642579078674,
                -0.5608673691749573
            ],
            "quaternion_xyzw_world": [
                -0.4039345681667328,
                0.19294776022434235,
                0.8376970291137695,
                0.3128446340560913
            ],
            "segmentation_id": 12,
            "visibility": 1
        },
        {
            "bounding_box_minx_maxx_miny_maxy": [
                -1,
                -1,
                -1,
                -1
            ],
            "class": "Black",
            "local_cuboid": null,
            "local_to_world_matrix": [
                [
                    -0.2484121322631836,
                    0.0032210052013397217,
                    -0.9686493873596191,
                    0.0
                ],
                [
                    0.5066113471984863,
                    -0.8518931865692139,
                    -0.13275419175624847,
                    0.0
                ],
                [
                    -0.8256130218505859,
                    -0.5237063765525818,
                    0.2099882960319519,
                    0.0
                ],
                [
                    0.8549676537513733,
                    -0.21962185204029083,
                    0.3950759768486023,
                    1.0
                ]
            ],
            "location": [
                0.21962185204029083,
                0.3950759768486023,
                -0.8549676537513733
            ],
            "location_world": [
                0.8549676537513733,
                -0.21962185204029083,
                0.3950759768486023
            ],
            "name": "google_Black_Elderberry_Syrup_54_oz_Gaia_Herbs_12",
            "projected_cuboid": [
                [
                    478.8362383842468,
                    -90.10574221611023
                ],
                [
                    510.50567626953125,
                    -70.03161311149597
                ],
                [
                    421.1772680282593,
                    -4.281401634216309
                ],
                [
                    390.8524513244629,
                    -19.104987382888794
                ],
                [
                    474.5233654975891,
                    -129.39509749412537
                ],
                [
                    505.7697296142578,
                    -108.1438660621643
                ],
                [
                    418.5338318347931,
                    -38.251519203186035
                ],
                [
                    388.6237144470215,
                    -54.027259349823
                ],
                [
                    445.57663798332214,
                    -61.505794525146484
                ]
            ],
            "provenance": "visii",
            "quaternion_xyzw": [
                0.27564486861228943,
                -0.1058938205242157,
                0.7002836465835571,
                -0.6499303579330444
            ],
            "quaternion_xyzw_world": [
                -0.5902314782142639,
                -0.21594594419002533,
                0.7599825263023376,
                -0.1655927449464798
            ],
            "segmentation_id": 13,
            "visibility": 0
        },
        {
            "bounding_box_minx_maxx_miny_maxy": [
                0,
                37,
                34,
                141
            ],
