{
    "camera_data": {
        "camera_look_at": {
            "at": [
                1.0,
                0.0,
                0.0
            ],
            "eye": [
                0.0,
                0.0,
                0.0
            ],
            "up": [
                0.0,
                0.0,
                1.0
            ]
        },
        "camera_view_matrix": [
            [
                0.0,
                0.0,
                -1.0,
                0.0
            ],
            [
                -1.0,
                0.0,
                0.0,
                0.0
            ],
            [
                0.0,
                1.0,
                0.0,
                0.0
            ],
            [
                0.0,
                0.0,
                0.0,
                1.0
            ]
        ],
        "height": 500,
        "intrinsics": {
            "cx": 250.0,
            "cy": 250.0,
            "fx": 603.5535278320312,
            "fy": 603.5535278320312
        },
        "location_world": [
            0.0,
            0.0,
            0.0
        ],
        "quaternion_world_xyzw": [
            0.5,
            -0.5,
            -0.5,
            0.5
        ],
        "width": 500
    },
    "objects": [
        {
            "bounding_box_minx_maxx_miny_maxy": [
                0,
                62,
                257,
                362
            ],
            "class": "Reebok",
            "local_cuboid": null,
            "local_to_world_matrix": [
                [
                    -0.5139122009277344,
                    0.20235872268676758,
                    -0.8336336612701416,
                    0.0
                ],
                [
                    0.6667473316192627,
                    0.7056738138198853,
                    -0.23973406851291656,
                    0.0
                ],
                [
                    0.5397611856460571,
                    -0.6790253520011902,
                    -0.49757659435272217,
                    0.0
                ],
                [
                    0.7983214259147644,
                    0.3724571168422699,
                    -0.06483673304319382,
                    1.0
                ]
            ],
            "location": [
                -0.3724571168422699,
                -0.06483673304319382,
                -0.7983214259147644
            ],
            "location_world": [
                0.7983214259147644,
                0.3724571168422699,
                -0.06483673304319382
            ],
            "name": "google_Reebok_SOMERSET_RUN_0",
            "projected_cuboid": [
                [
                    84.13003385066986,
                    360.56026816368103
                ],
                [
                    -15.15081524848938,
                    382.9078674316406
                ],
                [
                    -89.21244740486145,
                    352.2924482822418
                ],
                [
                    -2.184063196182251,
                    318.96600127220154
                ],
                [
                    113.6694997549057,
                    280.7975709438324
                ],
                [
                    14.383241534233093,
                    317.59360432624817
                ],
                [
                    -53.0320405960083,
                    284.47258472442627
                ],
                [
                    36.75343096256256,
                    235.65948009490967
                ],
                [
                    7.676258683204651,
                    318.149209022522
                ]
            ],
            "provenance": "visii",
            "quaternion_xyzw": [
                -0.6279205083847046,
                0.612859308719635,
                -0.474955677986145,
                0.06735359132289886
            ],
            "quaternion_xyzw_world": [
                0.26362401247024536,
                0.8241909146308899,
                -0.27868524193763733,
                0.41658881306648254
            ],
            "segmentation_id": 1,
            "visibility": 1
        },
        {
            "bounding_box_minx_maxx_miny_maxy": [
                289,
                430,
                317,
                500
            ],
            "class": "Breyer",
            "local_cuboid": null,
            "local_to_world_matrix": [
                [
                    -0.049725890159606934,
                    0.22814510762691498,
                    -0.9723564982414246,
                    0.0
                ],
                [
                    0.5502259731292725,
                    0.8187587261199951,
                    0.163968026638031,
                    0.0
                ],
                [
                    0.8335338234901428,
                    -0.526862382888794,
                    -0.16624486446380615,
                    0.0
                ],
                [
                    0.5260065793991089,
                    -0.07179411500692368,
                    -0.15582813322544098,
                    1.0
                ]
            ],
            "location": [
                0.07179411500692368,
                -0.15582813322544098,
                -0.5260065793991089
            ],
            "location_world": [
                0.5260065793991089,
                -0.07179411500692368,
                -0.15582813322544098
            ],
            "name": "google_Breyer_Horse_Of_The_Year_2015_1",
            "projected_cuboid": [
                [
                    386.94772124290466,
                    533.8951349258423
                ],
                [
                    337.70227432250977,
                    511.8309259414673
                ],
                [
                    268.17262172698975,
                    545.3078150749207
                ],
                [
                    325.454443693161,
                    575.0130414962769
                ],
                [
                    433.71105194091797,
                    319.1762864589691
                ],
                [
                    383.1124007701874,
                    307.52846598625183
                ],
                [
                    325.5557119846344,
                    292.9650843143463
                ],
                [
                    385.0775957107544,
                    306.58668279647827
                ],
                [
                    358.4364950656891,
                    422.0041036605835
                ]
            ],
            "provenance": "visii",
            "quaternion_xyzw": [
                -0.600295901298523,
                0.7459300756454468,
                -0.24012665450572968,
                0.15991327166557312
            ],
            "quaternion_xyzw_world": [
                0.2728370726108551,
                0.7132197022438049,
                -0.1272028684616089,
                0.6330063343048096
            ],
            "segmentation_id": 2,
            "visibility": 1
        },
        {
            "bounding_box_minx_maxx_miny_maxy": [
                113,
                134,
                125,
                139
            ],
            "class": "Smith",
            "local_cuboid": null,
            "local_to_world_matrix": [
                [
                    0.8987870216369629,
                    -0.4003426432609558,
                    -0.1786271631717682,
                    0.0
                ],
                [
                    -0.351046085357666,
                    -0.4132041931152344,
                    -0.8402553200721741,
                    0.0
                ],
                [
                    0.2625805139541626,
                    0.8179169297218323,
                    -0.5119211673736572,
                    0.0
                ],
                [
                    1.7672686576843262,
                    0.40415820479393005,
                    0.5534623861312866,
                    1.0
                ]
            ],
            "location": [
                -0.40415820479393005,
                0.5534623861312866,
                -1.7672686576843262
            ],
            "location_world": [
                1.7672686576843262,
                0.40415820479393005,
                0.5534623861312866
            ],
            "name": "google_Smith_Hawken_Woven_BasketTray_Organizer_with_3_Compartments_95_x_9_x_13_2",
            "projected_cuboid": [
                [
                    71.26109302043915,
                    104.39294576644897
                ],
                [
                    95.83434462547302,
                    164.43204879760742
                ],
                [
                    160.4430079460144,
                    117.1790063381195
                ],
                [
                    132.03579187393188,
                    57.15717375278473
                ],
                [
                    -13.02596926689148,
                    54.383277893066406
                ],
                [
                    11.76142692565918,
                    123.58453869819641
                ],
                [
                    85.99065244197845,
                    64.6684467792511
                ],
                [
                    56.080639362335205,
                    -4.265308380126953
                ],
                [
                    77.63515412807465,
                    87.20259368419647
                ]
            ],
            "provenance": "visii",
            "quaternion_xyzw": [
                0.7910718321800232,
                0.07413265854120255,
                -0.5425246953964233,
                0.27272093296051025
            ],
            "quaternion_xyzw_world": [
                0.8402250409126282,
                -0.22356769442558289,
                0.024979429319500923,
                -0.49337145686149597
            ],
            "segmentation_id": 3,
            "visibility": 1
        },
        {
            "bounding_box_minx_maxx_miny_maxy": [
                -1,
                -1,
                -1,
                -1
            ],
            "class": "Paul",
            "local_cuboid": null,
            "local_to_world_matrix": [
                [
                    -0.7565362453460693,
                    -0.30398795008659363,
                    0.5790026783943176,
                    0.0
                ],
                [
                    0.2531452476978302,
                    0.680229902267456,
                    0.6878988146781921,
                    0.0
                ],
                [
                    -0.6029679179191589,
                    0.6669922471046448,
                    -0.4376654624938965,
                    0.0
                ],
                [
                    0.3722148835659027,
                    -0.42568790912628174,
                    0.16593791544437408,
                    1.0
                ]
            ],
            "location": [
                0.42568790912628174,
                0.16593791544437408,
                -0.3722148835659027
            ],
            "location_world": [
                0.3722148835659027,
                -0.42568790912628174,
                0.16593791544437408
            ],
            "name": "google_Paul_Frank_Dot_Lunch_Box_3",
            "projected_cuboid": [
                [
                    2019.0036296844482,
                    -278.06925773620605
                ],
                [
                    1384.475588798523,
                    -486.16480827331543
                ],
                [
                    1156.02707862854,
                    -340.30067920684814
                ],
                [
                    1423.1024980545044,
                    -229.385644197464
                ],
                [
                    758.2488656044006,
                    342.4232006072998
                ],
                [
                    589.7102355957031,
                    205.33941686153412
                ],
                [
                    684.2707395553589,
                    91.89142286777496
                ],
                [
                    806.952714920044,
                    180.3184449672699
                ],
                [
                    946.5785026550293,
                    19.185081124305725
                ]
            ],
            "provenance": "visii",
            "quaternion_xyzw": [
                -0.05727401375770569,
                0.44185489416122437,
                -0.39085838198661804,
                -0.8054276704788208
            ],
            "quaternion_xyzw_world": [
                -0.014994175173342228,
                0.8477074503898621,
                0.39957505464553833,
                -0.3485785722732544
            ],
            "segmentation_id": 4,
            "visibility": 0
        },
        {
            "bounding_box_minx_maxx_miny_maxy": [
                476,
                499,
                37,
                87
            ],
            "class": "Toys",
            "local_cuboid": null,
            "local_to_world_matrix": [
                [
                    0.5713284015655518,
                    0.6763347387313843,
                    0.46492499113082886,
                    0.0
                ],
                [
                    -0.8028310537338257,
                    0.3429185748100281,
                    0.4877183139324188,
                    0.0
                ],
                [
                    0.17042939364910126,
                    -0.651903510093689,
                    0.7389016151428223,
                    0.0
                ],
                [
                    1.8795666694641113,
                    -0.7411062717437744,
                    0.535759687423706,
                    1.0
                ]
            ],
            "location": [
                0.7411062717437744,
                0.535759687423706,
                -1.8795666694641113
            ],
            "location_world": [
                1.8795666694641113,
                -0.7411062717437744,
                0.535759687423706
            ],
            "name": "google_Toys_R_Us_Treat_Dispenser_Smart_Puzzle_Foobler_4",
            "projected_cuboid": [
                [
                    494.5806562900543,
                    55.71947991847992
                ],
                [
                    493.7155842781067,
                    19.011467695236206
                ],
                [
                    464.7110104560852,
                    52.522361278533936
                ],
                [
                    467.3924446105957,
                    87.62852847576141
                ],
                [
                    538.6608839035034,
                    69.36410069465637
                ],
                [
                    540.779709815979,
                    31.789839267730713
                ],
                [
                    511.02346181869507,
                    67.15945899486542
                ],
                [
                    510.8135938644409,
                    102.94808447360992
                ],
                [
                    502.2848844528198,
                    61.07965111732483
                ]
            ],
            "provenance": "visii",
            "quaternion_xyzw": [
                0.03992612287402153,
                0.7639506459236145,
                0.5045262575149536,
                0.4002980589866638
            ],
            "quaternion_xyzw_world": [
                0.34982430934906006,
                -0.09039991348981857,
                0.45405247807502747,
                0.814424455165863
            ],
            "segmentation_id": 5,
            "visibility": 1
        },
        {
            "bounding_box_minx_maxx_miny_maxy": [
                247,
                499,
                68,
                258
            ],
            "class": "Tag",
            "local_cuboid": null,
            "local_to_world_matrix": [
                [
                    0.8958771824836731,
                    -0.3519034683704376,
                    0.2712342143058777,
                    0.0
                ],
                [
                    -0.1557687222957611,
                    -0.8204941749572754,
                    -0.550023078918457,
                    0.0
                ],
                [
                    0.4161011576652527,
                    0.4505033493041992,
                    -0.7898775339126587,
                    0.0
                ],
                [
                    0.2959185242652893,
                    -0.13153351843357086,
                    0.03781130909919739,
                    1.0
                ]
            ],
            "location": [
                0.13153351843357086,
                0.03781130909919739,
                -0.2959185242652893
            ],
            "location_world": [
                0.2959185242652893,
                -0.13153351843357086,
                0.03781130909919739
            ],
            "name": "google_Tag_Dishtowel_Basket_Weave_Red_18_x_26_5",
            "projected_cuboid": [
                [
                    324.7041702270508,
                    104.60883378982544
                ],
                [
                    645.2128887176514,
                    300.20973086357117
                ],
                [
                    688.1769895553589,
                    255.3265392780304
                ],
                [
                    351.7625331878662,
                    56.63129687309265
                ],
                [
                    226.2856513261795,
                    127.24129855632782
                ],
                [
                    757.1889162063599,
                    465.1558995246887
                ],
                [
                    840.8393859863281,
                    398.0882465839386
                ],
                [
                    264.7368311882019,
                    49.789682030677795
                ],
                [
                    496.0871934890747,
                    202.05888152122498
                ]
            ],
            "provenance": "visii",
            "quaternion_xyzw": [
                0.7612535357475281,
                0.35852983593940735,
                -0.4421590566635132,
                0.31055566668510437
            ],
            "quaternion_xyzw_world": [
                0.9362490177154541,
                -0.13556014001369476,
                0.18353433907032013,
                -0.26716354489326477
            ],
            "segmentation_id": 6,
            "visibility": 1
        },
        {
            "bounding_box_minx_maxx_miny_maxy": [
                46,
                175,
                132,
                370
            ],
            "class": "FRACTION",
            "local_cuboid": null,
            "local_to_world_matrix": [
                [
                    -0.9548075199127197,
                    -0.29387155175209045,
                    0.04453262686729431,
                    0.0
                ],
                [
                    0.05473858118057251,
                    -0.3211214542388916,
                    -0.9454551339149475,
                    0.0
                ],
                [
                    0.2921426594257355,
                    -0.9002894759178162,
                    0.3226945996284485,
                    0.0
                ],
                [
                    0.41778501868247986,
                    0.11915221810340881,
                    0.01457205694168806,
                    1.0
                ]
            ],
            "location": [
                -0.11915221810340881,
                0.01457205694168806,
                -0.41778501868247986
            ],
            "location_world": [
                0.41778501868247986,
                0.11915221810340881,
                0.01457205694168806
            ],
            "name": "google_FRACTION_FUN_n4h4qte23QR_6",
            "projected_cuboid": [
                [
                    101.00685060024261,
                    34.6025824546814
                ],
                [
                    209.4855159521103,
                    347.42435812950134
                ],
                [
                    137.84736394882202,
                    376.2269616127014
                ],
                [
                    22.89654314517975,
                    52.14869976043701
                ],
                [
                    88.9253318309784,
                    114.62664604187012
                ],
                [
                    162.7117097377777,
                    325.1160979270935
                ],
                [
                    113.54446411132812,
                    343.84599328041077
                ],
                [
                    36.83042526245117,
                    128.32164764404297
                ],
                [
                    108.49356651306152,
                    219.26355361938477
                ]
            ],
            "provenance": "visii",
            "quaternion_xyzw": [
                0.7955296039581299,
                0.11490893363952637,
                0.5829753279685974,
                -0.11861073970794678
            ],
            "quaternion_xyzw_world": [
                0.10442622005939484,
                -0.5724926590919495,
                0.8060123324394226,
                -0.10812804102897644
            ],
            "segmentation_id": 7,
            "visibility": 1
        },
        {
            "bounding_box_minx_maxx_miny_maxy": [
                -1,
                -1,
                -1,
                -1
            ],
            "class": "FAIRY",
            "local_cuboid": null,
            "local_to_world_matrix": [
                [
                    -0.7169487476348877,
                    -0.024172097444534302,
                    -0.6967066526412964,
                    0.0
                ],
                [
                    0.6950228214263916,
                    -0.10235464572906494,
                    -0.7116649150848389,
                    0.0
                ],
                [
                    -0.05410873889923096,
                    -0.9944542646408081,
                    0.09018319845199585,
                    0.0
                ],
                [
                    0.37673887610435486,
                    0.4253765940666199,
                    0.2645984888076782,
                    1.0
                ]
            ],
            "location": [
                -0.4253765940666199,
                0.2645984888076782,
                -0.37673887610435486
            ],
            "location_world": [
                0.37673887610435486,
                0.4253765940666199,
                0.2645984888076782
            ],
            "name": "google_FAIRY_TALE_BLOCKS_7",
            "projected_cuboid": [
                [
                    -455.03753423690796,
                    -712.5040888786316
                ],
                [
                    -57.04668164253235,
                    79.80118691921234
                ],
                [
                    -400.10160207748413,
                    117.21064150333405
                ],
                [
                    -1097.0228910446167,
                    -590.8474922180176
                ],
                [
                    -118.07668209075928,
                    -527.4648070335388
                ],
                [
                    36.362215876579285,
                    -55.83801865577698
                ],
                [
                    -199.3679404258728,
                    -27.41372585296631
                ],
                [
                    -465.25323390960693,
                    -469.73198652267456
                ],
                [
                    -262.65066862106323,
                    -196.98572158813477
                ]
            ],
            "provenance": "visii",
            "quaternion_xyzw": [
                0.6484073400497437,
                -0.2291584312915802,
                0.6598488092422485,
                -0.3027441203594208
            ],
            "quaternion_xyzw_world": [
                -0.27167198061943054,
                -0.6173352003097534,
                0.690920889377594,
                -0.26023054122924805
            ],
            "segmentation_id": 8,
            "visibility": 0
        },
        {
            "bounding_box_minx_maxx_miny_maxy": [
                3,
                19,
                232,
                239
            ],
            "class": "Great",
            "local_cuboid": null,
            "local_to_world_matrix": [
                [
                    0.09963792562484741,
                    -0.023240476846694946,
                    -0.9947522878646851,
                    0.0
                ],
                [
                    0.8566654920578003,
                    0.510554850101471,
                    0.07387855648994446,
                    0.0
                ],
                [
                    0.506158709526062,
                    -0.859531044960022,
                    0.07077991962432861,
                    0.0
                ],
                [
                    1.6207271814346313,
                    0.6481794118881226,
                    0.08670268952846527,
                    1.0
                ]
            ],
            "location": [
                -0.6481794118881226,
                0.08670268952846527,
                -1.6207271814346313
            ],
            "location_world": [
                1.6207271814346313,
                0.6481794118881226,
                0.08670268952846527
            ],
            "name": "google_Great_Jones_Wingtip_kAqSg6EgG0I_8",
            "projected_cuboid": [
                [
                    67.21220910549164,
                    239.12855982780457
                ],
                [
                    41.19238257408142,
                    233.07226598262787
                ],
                [
                    0.833466649055481,
                    235.27947068214417
                ],
                [
                    20.62922716140747,
                    241.96463823318481
                ],
                [
                    64.88193571567535,
                    195.65482437610626
                ],
                [
                    39.047300815582275,
                    195.99442183971405
                ],
                [
                    -1.6380548477172852,
                    196.99500501155853
                ],
                [
                    17.85995066165924,
                    196.82273268699646
                ],
                [
                    30.714228749275208,
                    216.7932540178299
                ]
            ],
            "provenance": "visii",
            "quaternion_xyzw": [
                -0.6032247543334961,
                0.6238583326339722,
                -0.3149294853210449,
                0.38436973094940186
            ],
            "quaternion_xyzw_world": [
                0.35996636748313904,
                0.5788214206695557,
                -0.33933284878730774,
                0.6482616662979126
            ],
            "segmentation_id": 9,
            "visibility": 1
        },
        {
            "bounding_box_minx_maxx_miny_maxy": [
                8,
                41,
                106,
                156
            ],
            "class": "Ecoforms",
            "local_cuboid": null,
            "local_to_world_matrix": [
                [
                    0.9324527382850647,
                    0.3296990990638733,
                    -0.147751122713089,
                    0.0
                ],
                [
                    -0.3501812219619751,
                    0.9253859519958496,
                    -0.1450311690568924,
                    0.0
                ],
                [
                    0.08891016989946365,
                    0.18697436153888702,
                    0.978333055973053,
                    0.0
                ],
                [
                    1.4569257497787476,
                    0.4538649022579193,
                    0.16499175131320953,
                    1.0
                ]
            ],
            "location": [
                -0.4538649022579193,
                0.16499175131320953,
                -1.4569257497787476
            ],
            "location_world": [
                1.4569257497787476,
                0.4538649022579193,
                0.16499175131320953
            ],
            "name": "google_Ecoforms_Plant_Container_Quadra_Sand_QP6_9",
            "projected_cuboid": [
                [
                    87.64204382896423,
                    125.19791722297668
                ],
                [
                    11.0340416431427,
                    130.65439462661743
                ],
                [
                    21.241918206214905,
                    195.27263939380646
                ],
                [
                    98.1464684009552,
                    187.03944981098175
                ],
                [
                    94.03935074806213,
                    97.57289290428162
                ],
                [
                    7.672905921936035,
                    102.38422453403473
                ],
                [
                    19.200429320335388,
                    175.27784407138824
                ],
                [
                    105.94265162944794,
                    166.95182025432587
                ],
                [
                    56.448325514793396,
                    148.02294969558716
                ]
            ],
            "provenance": "visii",
            "quaternion_xyzw": [
                -0.4754582643508911,
                0.5642646551132202,
                0.5886043310165405,
                0.3302876651287079
            ],
            "quaternion_xyzw_world": [
                -0.08475518226623535,
                0.060415469110012054,
                0.17356151342391968,
                0.9793074727058411
            ],
            "segmentation_id": 10,
            "visibility": 1
        },
        {
            "bounding_box_minx_maxx_miny_maxy": [
                -1,
                -1,
                -1,
                -1
            ],
            "class": "ReadytoUse",
            "local_cuboid": null,
            "local_to_world_matrix": [
                [
                    0.46049654483795166,
                    -0.3106909394264221,
                    -0.8315131068229675,
                    0.0
                ],
                [
                    0.7947583794593811,
                    0.5615214705467224,
                    0.23033171892166138,
                    0.0
                ],
                [
                    0.39535051584243774,
                    -0.7669190168380737,
                    0.5055029392242432,
                    0.0
                ],
                [
                    0.32802635431289673,
                    -0.15743666887283325,
                    -0.27731192111968994,
                    1.0
                ]
            ],
            "location": [
                0.15743666887283325,
                -0.27731192111968994,
                -0.32802635431289673
            ],
            "location_world": [
                0.32802635431289673,
                -0.15743666887283325,
                -0.27731192111968994
            ],
            "name": "google_ReadytoUse_Rolled_Fondant_Pure_White_24_oz_box_10",
            "projected_cuboid": [
                [
                    728.2750606536865,
                    621.5076446533203
                ],
                [
                    648.3862400054932,
                    573.256254196167
                ],
                [
                    511.2065076828003,
                    767.7215337753296
                ],
                [
                    591.0097360610962,
                    848.1054306030273
                ],
                [
                    739.7487163543701,
                    505.53321838378906
                ],
                [
                    647.1056938171387,
                    462.0063900947571
                ],
                [
                    485.59439182281494,
                    667.3614978790283
                ],
                [
                    577.7797102928162,
                    749.8350739479065
                ],
                [
                    620.9866404533386,
                    641.7794823646545
                ]
            ],
            "provenance": "visii",
            "quaternion_xyzw": [
                -0.6073939800262451,
                0.573365330696106,
                -0.12612180411815643,
                0.535180389881134
            ],
            "quaternion_xyzw_world": [
                0.31363677978515625,
                0.38585036993026733,
                -0.347665399312973,
                0.7949089407920837
            ],
            "segmentation_id": 11,
            "visibility": 0
        },
        {
            "bounding_box_minx_maxx_miny_maxy": [
                -1,
                -1,
                -1,
                -1
            ],
            "class": "Dog",
            "local_cuboid": null,
            "local_to_world_matrix": [
                [
                    -0.8874748945236206,
                    0.029148638248443604,
                    0.4599342942237854,
                    0.0
                ],
                [
                    -0.3028011918067932,
                    -0.7892279624938965,
                    -0.5342577695846558,
                    0.0
                ],
                [
                    0.34741997718811035,
                    -0.6134086847305298,
                    0.7092455625534058,
                    0.0
                ],
                [
                    0.6597468852996826,
                    0.4594361186027527,
                    0.4221162497997284,
                    1.0
                ]
            ],
            "location": [
                -0.4594361186027527,
                0.4221162497997284,
                -0.6597468852996826
            ],
            "location_world": [
                0.6597468852996826,
                0.4594361186027527,
                0.4221162497997284
            ],
            "name": "google_Dog_11",
            "projected_cuboid": [
                [
                    -132.96246528625488,
                    -367.85566806793213
                ],
                [
                    -20.32729983329773,
                    -325.5477547645569
                ],
                [
                    -196.05010747909546,
                    -239.18572068214417
                ],
                [
                    -305.06980419158936,
                    -294.8738932609558
                ],
                [
                    -36.28605604171753,
                    -144.48219537734985
                ],
                [
                    54.212167859077454,
                    -97.33405709266663
                ],
                [
                    -65.05194306373596,
                    -13.67911696434021
                ],
                [
                    -154.97061610221863,
                    -70.94541192054749
                ],
                [
                    -97.03734517097473,
                    -180.4938018321991
                ]
            ],
            "provenance": "visii",
            "quaternion_xyzw": [
                0.6805382370948792,
                0.4588875472545624,
                0.5513589382171631,
                -0.14930996298789978
            ],
            "quaternion_xyzw_world": [
                0.21937845647335052,
                -0.31184983253479004,
                0.9200473427772522,
                0.09019912034273148
            ],
            "segmentation_id": 12,
            "visibility": 0
        },
        {
            "bounding_box_minx_maxx_miny_maxy": [
                -1,
                -1,
                -1,
                -1
            ],
            "class": "Black",
            "local_cuboid": null,
            "local_to_world_matrix": [
                [
                    0.356606125831604,
                    0.8417769074440002,
                    -0.4052700400352478,
                    0.0
                ],
                [
                    0.31489044427871704,
                    -0.516703724861145,
                    -0.7961541414260864,
                    0.0
                ],
                [
                    -0.8795886635780334,
                    0.15629783272743225,
                    -0.4493272304534912,
                    0.0
                ],
                [
                    0.605107307434082,
                    -0.3705093562602997,
                    0.564612627029419,
                    1.0
                ]
            ],
            "location": [
                0.3705093562602997,
                0.564612627029419,
                -0.605107307434082
            ],
            "location_world": [
                0.605107307434082,
                -0.3705093562602997,
                0.564612627029419
            ],
            "name": "google_Black_Elderberry_Syrup_54_oz_Gaia_Herbs_12",
            "projected_cuboid": [
                [
                    639.3109560012817,
                    -395.23428678512573
                ],
                [
                    661.8162989616394,
                    -313.93706798553467
                ],
                [
                    599.5759963989258,
                    -261.699914932251
                ],
                [
                    579.899787902832,
                    -324.2694139480591
                ],
                [
                    720.0137376785278,
                    -454.45531606674194
                ],
                [
                    740.3303384780884,
                    -367.3703670501709
                ],
                [
                    659.4054698944092,
                    -302.08414793014526
                ],
                [
                    640.9456729888916,
                    -368.11363697052
                ],
                [
                    650.5264043807983,
                    -343.2438373565674
                ]
            ],
            "provenance": "visii",
            "quaternion_xyzw": [
                0.13673759996891022,
                0.20373646914958954,
                -0.9377526044845581,
                0.2457934468984604
            ],
            "quaternion_xyzw_world": [
                0.7620100378990173,
                0.3794790208339691,
                -0.42153599858283997,
                -0.3124801218509674
            ],
            "segmentation_id": 13,
            "visibility": 0
        },
        {
            "bounding_box_minx_maxx_miny_maxy": [
                0,
                45,
                126,
                148
            ],
            "class": "Razer",
