{
    "camera_data": {
        "camera_look_at": {
            "at": [
                1.0,
                0.0,
                0.0
            ],
            "eye": [
                0.0,
                0.0,
                0.0
            ],
            "up": [
                0.0,
                0.0,
                1.0
            ]
        },
        "camera_view_matrix": [
            [
                0.0,
                0.0,
                -1.0,
                0.0
            ],
            [
                -1.0,
                0.0,
                0.0,
                0.0
            ],
            [
                0.0,
                1.0,
                0.0,
                0.0
            ],
            [
                0.0,
                0.0,
                0.0,
                1.0
            ]
        ],
        "height": 500,
        "intrinsics": {
            "cx": 250.0,
            "cy": 250.0,
            "fx": 603.5535278320312,
            "fy": 603.5535278320312
        },
        "location_world": [
            0.0,
            0.0,
            0.0
        ],
        "quaternion_world_xyzw": [
            0.5,
            -0.5,
            -0.5,
            0.5
        ],
        "width": 500
    },
    "objects": [
        {
            "bounding_box_minx_maxx_miny_maxy": [
                0,
                134,
                158,
                327
            ],
            "class": "Reebok",
            "local_cuboid": null,
            "local_to_world_matrix": [
                [
                    -0.7587375640869141,
                    0.4358621835708618,
                    0.48408830165863037,
                    0.0
                ],
                [
                    -0.06949830055236816,
                    0.6847472190856934,
                    -0.7254593372344971,
                    0.0
                ],
                [
                    -0.6476783752441406,
                    -0.5840765237808228,
                    -0.48925185203552246,
                    0.0
                ],
                [
                    0.8822580575942993,
                    0.2984910309314728,
                    0.036387089639902115,
                    1.0
                ]
            ],
            "location": [
                -0.2984910309314728,
                0.036387089639902115,
                -0.8822580575942993
            ],
            "location_world": [
                0.8822580575942993,
                0.2984910309314728,
                0.036387089639902115
            ],
            "name": "google_Reebok_SOMERSET_RUN_0",
            "projected_cuboid": [
                [
                    129.12632524967194,
                    161.83039546012878
                ],
                [
                    -34.512072801589966,
                    329.36638593673706
                ],
                [
                    -58.0655038356781,
                    280.83229064941406
                ],
                [
                    91.65483713150024,
                    129.2847990989685
                ],
                [
                    175.68057775497437,
                    208.94800126552582
                ],
                [
                    29.856443405151367,
                    360.5409264564514
                ],
                [
                    3.2174140214920044,
                    313.98725509643555
                ],
                [
                    137.8970742225647,
                    175.59412121772766
                ],
                [
                    60.93674898147583,
                    244.2353367805481
                ]
            ],
            "provenance": "visii",
            "quaternion_xyzw": [
                -0.4005991816520691,
                0.1252242475748062,
                -0.8380035758018494,
                -0.3486964702606201
            ],
            "quaternion_xyzw_world": [
                0.10696609318256378,
                0.8562617301940918,
                -0.3823409974575043,
                -0.3304383158683777
            ],
            "segmentation_id": 1,
            "visibility": 1
        },
        {
            "bounding_box_minx_maxx_miny_maxy": [
                -1,
                -1,
                -1,
                -1
            ],
            "class": "Breyer",
            "local_cuboid": null,
            "local_to_world_matrix": [
                [
                    -0.8406598567962646,
                    -0.18159905076026917,
                    -0.5102085471153259,
                    0.0
                ],
                [
                    -0.4891558587551117,
                    0.6589258909225464,
                    0.5714396238327026,
                    0.0
                ],
                [
                    0.23241670429706573,
                    0.7299578189849854,
                    -0.6427627801895142,
                    0.0
                ],
                [
                    0.40477871894836426,
                    0.21918722987174988,
                    -0.3151330053806305,
                    1.0
                ]
            ],
            "location": [
                -0.21918722987174988,
                -0.3151330053806305,
                -0.40477871894836426
            ],
            "location_world": [
                0.40477871894836426,
                0.21918722987174988,
                -0.3151330053806305
            ],
            "name": "google_Breyer_Horse_Of_The_Year_2015_1",
            "projected_cuboid": [
                [
                    -254.32860851287842,
                    1081.573247909546
                ],
                [
                    -368.83223056793213,
                    1092.5679206848145
                ],
                [
                    -211.58438920974731,
                    990.763247013092
                ],
                [
                    -98.21847081184387,
                    987.5895380973816
                ],
                [
                    -121.54018878936768,
                    656.2095880508423
                ],
                [
                    -185.95248460769653,
                    639.9581432342529
                ],
                [
                    -78.44585180282593,
                    545.7413196563721
                ],
                [
                    -15.481293201446533,
                    568.3207511901855
                ],
                [
                    -152.66528725624084,
                    771.8529105186462
                ]
            ],
            "provenance": "visii",
            "quaternion_xyzw": [
                -0.4589597284793854,
                0.6368393301963806,
                -0.06030050665140152,
                -0.6165674924850464
            ],
            "quaternion_xyzw_world": [
                -0.1891937106847763,
                0.8863335251808167,
                0.36707329750061035,
                0.20946551859378815
            ],
            "segmentation_id": 2,
            "visibility": 0
        },
        {
            "bounding_box_minx_maxx_miny_maxy": [
                116,
                236,
                1,
                112
            ],
            "class": "Smith",
            "local_cuboid": null,
            "local_to_world_matrix": [
                [
                    -0.9753404855728149,
                    -0.2203889787197113,
                    0.011861011385917664,
                    0.0
                ],
                [
                    0.1598709225654602,
                    -0.7425223588943481,
                    -0.6504635214805603,
                    0.0
                ],
                [
                    0.15216201543807983,
                    -0.6325268149375916,
                    0.7594449520111084,
                    0.0
                ],
                [
                    1.7764147520065308,
                    0.3052263855934143,
                    0.5183915495872498,
                    1.0
                ]
            ],
            "location": [
                -0.3052263855934143,
                0.5183915495872498,
                -1.7764147520065308
            ],
            "location_world": [
                1.7764147520065308,
                0.3052263855934143,
                0.5183915495872498
            ],
            "name": "google_Smith_Hawken_Woven_BasketTray_Organizer_with_3_Compartments_95_x_9_x_13_2",
            "projected_cuboid": [
                [
                    178.27048897743225,
                    -51.5885055065155
                ],
                [
                    249.4819611310959,
                    16.70791208744049
                ],
                [
                    186.17179989814758,
                    86.82011067867279
                ],
                [
                    111.46730184555054,
                    18.582627177238464
                ],
                [
                    166.73806309700012,
                    3.5186409950256348
                ],
                [
                    225.7421314716339,
                    58.754801750183105
                ],
                [
                    173.23169112205505,
                    117.2335296869278
                ],
                [
                    111.85950040817261,
                    62.0741993188858
                ],
                [
                    175.50420761108398,
                    41.09415411949158
                ]
            ],
            "provenance": "visii",
            "quaternion_xyzw": [
                0.7111636400222778,
                0.26519322395324707,
                0.5652239918708801,
                -0.3231732249259949
            ],
            "quaternion_xyzw_world": [
                0.04397980123758316,
                -0.344010591506958,
                0.9323770403862,
                -0.10195980221033096
            ],
            "segmentation_id": 3,
            "visibility": 1
        },
        {
            "bounding_box_minx_maxx_miny_maxy": [
                -1,
                -1,
                -1,
                -1
            ],
            "class": "Paul",
            "local_cuboid": null,
            "local_to_world_matrix": [
                [
                    0.8951315879821777,
                    0.4090012013912201,
                    -0.17736242711544037,
                    0.0
                ],
                [
                    -0.268492192029953,
                    0.8122072219848633,
                    0.5179106593132019,
                    0.0
                ],
                [
                    0.35588109493255615,
                    -0.4159777760505676,
                    0.8368459343910217,
                    0.0
                ],
                [
                    0.24377189576625824,
                    -0.3843218982219696,
                    -0.07405794411897659,
                    1.0
                ]
            ],
            "location": [
                0.3843218982219696,
                -0.07405794411897659,
                -0.24377189576625824
            ],
            "location_world": [
                0.24377189576625824,
                -0.3843218982219696,
                -0.07405794411897659
            ],
            "name": "google_Paul_Frank_Dot_Lunch_Box_3",
            "projected_cuboid": [
                [
                    868.583619594574,
                    159.70295667648315
                ],
                [
                    787.2633337974548,
                    75.19508898258209
                ],
                [
                    747.3011612892151,
                    370.83929777145386
                ],
                [
                    849.5292663574219,
                    451.1289596557617
                ],
                [
                    1812.847375869751,
                    -61.89465522766113
                ],
                [
                    1773.6458778381348,
                    -281.96531534194946
                ],
                [
                    2378.040313720703,
                    373.477041721344
                ],
                [
                    2315.8199787139893,
                    587.7234935760498
                ],
                [
                    1164.1294956207275,
                    201.55909657478333
                ]
            ],
            "provenance": "visii",
            "quaternion_xyzw": [
                -0.32747870683670044,
                0.7554457187652588,
                0.36579006910324097,
                0.43388602137565613
            ],
            "quaternion_xyzw_world": [
                0.24803148210048676,
                0.14162418246269226,
                0.1799355149269104,
                0.9413002729415894
            ],
            "segmentation_id": 4,
            "visibility": 0
        },
        {
            "bounding_box_minx_maxx_miny_maxy": [
                301,
                358,
                1,
                36
            ],
            "class": "Toys",
            "local_cuboid": null,
            "local_to_world_matrix": [
                [
                    -0.98973548412323,
                    0.0032982295379042625,
                    -0.14287616312503815,
                    0.0
                ],
                [
                    0.0038701165467500687,
                    -0.9987488985061646,
                    -0.04986480996012688,
                    0.0
                ],
                [
                    -0.14286182820796967,
                    -0.04990589991211891,
                    0.9884836673736572,
                    0.0
                ],
                [
                    1.641715168952942,
                    -0.21146343648433685,
                    0.5861684679985046,
                    1.0
                ]
            ],
            "location": [
                0.21146343648433685,
                0.5861684679985046,
                -1.641715168952942
            ],
            "location_world": [
                1.641715168952942,
                -0.21146343648433685,
                0.5861684679985046
            ],
            "name": "google_Toys_R_Us_Treat_Dispenser_Smart_Puzzle_Foobler_4",
            "projected_cuboid": [
                [
                    305.5518567562103,
                    -35.78740358352661
                ],
                [
                    365.6339943408966,
                    -32.6763391494751
                ],
                [
                    361.0619902610779,
                    29.76509928703308
                ],
                [
                    301.8198311328888,
                    26.72135829925537
                ],
                [
                    300.71789026260376,
                    -17.851144075393677
                ],
                [
                    355.37904500961304,
                    -15.027225017547607
                ],
                [
                    351.3452410697937,
                    41.625380516052246
                ],
                [
                    297.3802089691162,
                    38.85705769062042
                ],
                [
                    329.6816349029541,
                    5.003497004508972
                ]
            ],
            "provenance": "visii",
            "quaternion_xyzw": [
                0.47531700134277344,
                0.4501588046550751,
                0.5468146800994873,
                -0.5219432711601257
            ],
            "quaternion_xyzw_world": [
                -0.07164105027914047,
                -0.02501479908823967,
                0.9971168637275696,
                -0.00014338518667500466
            ],
            "segmentation_id": 5,
            "visibility": 1
        },
        {
            "bounding_box_minx_maxx_miny_maxy": [
                -1,
                -1,
                -1,
                -1
            ],
            "class": "Tag",
            "local_cuboid": null,
            "local_to_world_matrix": [
                [
                    -0.12419390678405762,
                    0.9565021991729736,
                    0.26396846771240234,
                    0.0
                ],
                [
                    0.7687441110610962,
                    -0.07545232772827148,
                    0.6350899934768677,
                    0.0
                ],
                [
                    0.6273820400238037,
                    0.2817985415458679,
                    -0.7259347438812256,
                    0.0
                ],
                [
                    0.33253052830696106,
                    -0.29904812574386597,
                    -0.17336760461330414,
                    1.0
                ]
            ],
            "location": [
                0.29904812574386597,
                -0.17336760461330414,
                -0.33253052830696106
            ],
            "location_world": [
                0.33253052830696106,
                -0.29904812574386597,
                -0.17336760461330414
            ],
            "name": "google_Tag_Dishtowel_Basket_Weave_Red_18_x_26_5",
            "projected_cuboid": [
                [
                    722.7020263671875,
                    844.2376852035522
                ],
                [
                    551.7765283584595,
                    392.45086908340454
                ],
                [
                    582.2230577468872,
                    362.90571093559265
                ],
                [
                    792.7138805389404,
                    834.4366550445557
                ],
                [
                    1043.839931488037,
                    897.1946835517883
                ],
                [
                    754.3063163757324,
                    445.58656215667725
                ],
                [
                    793.4994101524353,
                    420.17340660095215
                ],
                [
                    1135.7054710388184,
                    892.7806615829468
                ],
                [
                    767.2978639602661,
                    577.1167278289795
                ]
            ],
            "provenance": "visii",
            "quaternion_xyzw": [
                0.09459096193313599,
                0.8970749974250793,
                -0.4165423512458801,
                -0.11314339935779572
            ],
            "quaternion_xyzw_world": [
                0.6475324630737305,
                0.666084885597229,
                0.34413352608680725,
                0.13639913499355316
            ],
            "segmentation_id": 6,
            "visibility": 0
        },
        {
            "bounding_box_minx_maxx_miny_maxy": [
                -1,
                -1,
                -1,
                -1
            ],
            "class": "FRACTION",
            "local_cuboid": null,
            "local_to_world_matrix": [
                [
                    0.6431949138641357,
                    -0.25102680921554565,
                    0.7233849763870239,
                    0.0
                ],
                [
                    -0.018008358776569366,
                    -0.9494316577911377,
                    -0.31345677375793457,
                    0.0
                ],
                [
                    0.7654906511306763,
                    0.18858683109283447,
                    -0.6151902675628662,
                    0.0
                ],
                [
                    0.1551457941532135,
                    0.044170647859573364,
                    -0.1967240571975708,
                    1.0
                ]
            ],
            "location": [
                -0.044170647859573364,
                -0.1967240571975708,
                -0.1551457941532135
            ],
            "location_world": [
                0.1551457941532135,
                0.044170647859573364,
                -0.1967240571975708
            ],
            "name": "google_FRACTION_FUN_n4h4qte23QR_6",
            "projected_cuboid": [
                [
                    -44.13944482803345,
                    569.7615146636963
                ],
                [
                    397.29902148246765,
                    721.340537071228
                ],
                [
                    444.60219144821167,
                    719.1497683525085
                ],
                [
                    -67.01242923736572,
                    543.7687039375305
                ],
                [
                    -489.59851264953613,
                    1409.5255136489868
                ],
                [
                    321.14166021347046,
                    1713.808536529541
                ],
                [
                    397.0591425895691,
                    2051.814079284668
                ],
                [
                    -686.7440342903137,
                    1634.5529556274414
                ],
                [
                    80.44572174549103,
                    988.2619976997375
                ]
            ],
            "provenance": "visii",
            "quaternion_xyzw": [
                0.7632126808166504,
                0.5479523539543152,
                -0.2724606990814209,
                0.2074122577905655
            ],
            "quaternion_xyzw_world": [
                0.895518958568573,
                -0.0751059353351593,
                0.4156460464000702,
                -0.1401543766260147
            ],
            "segmentation_id": 7,
            "visibility": 0
        },
        {
            "bounding_box_minx_maxx_miny_maxy": [
                -1,
                -1,
                -1,
                -1
            ],
            "class": "FAIRY",
            "local_cuboid": null,
            "local_to_world_matrix": [
                [
                    0.7335785627365112,
                    -0.08663381636142731,
                    -0.674060046672821,
                    0.0
                ],
                [
                    0.5769827365875244,
                    -0.4446922540664673,
                    0.6850836873054504,
                    0.0
                ],
                [
                    -0.3591007590293884,
                    -0.891483724117279,
                    -0.27623045444488525,
                    0.0
                ],
                [
                    0.32205837965011597,
                    0.3753148019313812,
                    0.40858933329582214,
                    1.0
                ]
            ],
            "location": [
                -0.3753148019313812,
                0.40858933329582214,
                -0.32205837965011597
            ],
            "location_world": [
                0.32205837965011597,
                0.3753148019313812,
                0.40858933329582214
            ],
            "name": "google_FAIRY_TALE_BLOCKS_7",
            "projected_cuboid": [
                [
                    -277.66507863998413,
                    -154.64535355567932
                ],
                [
                    92.84068644046783,
                    -271.07250690460205
                ],
                [
                    -126.49223208427429,
                    -261.7833614349365
                ],
                [
                    -508.445143699646,
                    -168.82124543190002
                ],
                [
                    -1725.5738973617554,
                    -2473.525047302246
                ],
                [
                    -89.13969993591309,
                    -1127.9736757278442
                ],
                [
                    -390.4743194580078,
                    -890.4581069946289
                ],
                [
                    -1479.348063468933,
                    -1307.854413986206
                ],
                [
                    -339.1944169998169,
                    -555.9786558151245
                ]
            ],
            "provenance": "visii",
            "quaternion_xyzw": [
                -0.10301622003316879,
                0.5566302537918091,
                -0.3832046687602997,
                0.7298661470413208
            ],
            "quaternion_xyzw_world": [
                0.7833424210548401,
                0.15649251639842987,
                -0.329728364944458,
                0.5031539797782898
            ],
            "segmentation_id": 8,
            "visibility": 0
        },
        {
            "bounding_box_minx_maxx_miny_maxy": [
                278,
                382,
                157,
                198
            ],
            "class": "Great",
            "local_cuboid": null,
            "local_to_world_matrix": [
                [
                    -0.01303410530090332,
                    -0.01032683253288269,
                    -0.9998618364334106,
                    0.0
                ],
                [
                    -0.6530582904815674,
                    -0.757131814956665,
                    0.016332954168319702,
                    0.0
                ],
                [
                    -0.7571957111358643,
                    0.6531808376312256,
                    0.003124237060546875,
                    0.0
                ],
                [
                    1.5957709550857544,
                    -0.2147856503725052,
                    0.19618438184261322,
                    1.0
                ]
            ],
            "location": [
                0.2147856503725052,
                0.19618438184261322,
                -1.5957709550857544
            ],
            "location_world": [
                1.5957709550857544,
                -0.2147856503725052,
                0.19618438184261322
            ],
            "name": "google_Great_Jones_Wingtip_kAqSg6EgG0I_8",
            "projected_cuboid": [
                [
                    258.5863769054413,
                    198.1421709060669
                ],
                [
                    361.16087436676025,
                    188.44658136367798
                ],
                [
                    384.7781717777252,
                    192.1403557062149
                ],
                [
                    284.57358479499817,
                    200.9003758430481
                ],
                [
                    258.1486403942108,
                    156.5524935722351
                ],
                [
                    360.55418848991394,
                    140.85033535957336
                ],
                [
                    384.18352603912354,
                    147.28301763534546
                ],
                [
                    284.1358184814453,
                    161.41721606254578
                ],
                [
                    319.0353512763977,
                    173.66403341293335
                ]
            ],
            "provenance": "visii",
            "quaternion_xyzw": [
                -0.2433096468448639,
                0.24940457940101624,
                0.6577491760253906,
                -0.6678053140640259
            ],
            "quaternion_xyzw_world": [
                -0.6597297787666321,
                0.2513851523399353,
                0.6658247113227844,
                0.24132905900478363
            ],
            "segmentation_id": 9,
            "visibility": 1
        },
        {
            "bounding_box_minx_maxx_miny_maxy": [
                -1,
                -1,
                -1,
                -1
            ],
            "class": "Ecoforms",
            "local_cuboid": null,
            "local_to_world_matrix": [
                [
                    -0.6056922674179077,
                    -0.7726186513900757,
                    -0.19025593996047974,
                    0.0
                ],
                [
                    0.7592653036117554,
                    -0.6327182054519653,
                    0.15226216614246368,
                    0.0
                ],
                [
                    -0.23801898956298828,
                    -0.05223073437809944,
                    0.9698550701141357,
                    0.0
                ],
                [
                    1.1048635244369507,
                    0.20751261711120605,
                    0.5147355198860168,
                    1.0
                ]
            ],
            "location": [
                -0.20751261711120605,
                0.5147355198860168,
                -1.1048635244369507
            ],
            "location_world": [
                1.1048635244369507,
                0.20751261711120605,
                0.5147355198860168
            ],
            "name": "google_Ecoforms_Plant_Container_Quadra_Sand_QP6_9",
            "projected_cuboid": [
                [
                    130.3263157606125,
                    -166.74035787582397
                ],
                [
                    213.60169351100922,
                    -127.19067931175232
                ],
                [
                    210.16019582748413,
                    -25.554627180099487
                ],
                [
                    129.80100512504578,
                    -48.43053221702576
                ],
                [
                    58.94787609577179,
                    -141.80395007133484
                ],
                [
                    142.81155169010162,
                    -109.0846061706543
                ],
                [
                    141.99110865592957,
                    -17.527103424072266
                ],
                [
                    61.10392510890961,
                    -36.92132234573364
                ],
                [
                    136.96451485157013,
                    -81.82621002197266
                ]
            ],
            "provenance": "visii",
            "quaternion_xyzw": [
                0.5878642797470093,
                0.18816515803337097,
                0.27979376912117004,
                -0.7353399991989136
            ],
            "quaternion_xyzw_world": [
                -0.11955218017101288,
                0.027923593297600746,
                0.8955816030502319,
                -0.4276226758956909
            ],
            "segmentation_id": 10,
            "visibility": 0
        },
        {
            "bounding_box_minx_maxx_miny_maxy": [
                421,
                499,
                389,
                500
            ],
            "class": "ReadytoUse",
            "local_cuboid": null,
            "local_to_world_matrix": [
                [
                    0.534697949886322,
                    -0.7215948700904846,
                    -0.43977147340774536,
                    0.0
                ],
                [
                    0.781686007976532,
                    0.6200621128082275,
                    -0.06700697541236877,
                    0.0
                ],
                [
                    0.32103753089904785,
                    -0.3079347014427185,
                    0.8956065773963928,
                    0.0
                ],
                [
                    0.34918951988220215,
                    -0.13048918545246124,
                    -0.26332685351371765,
                    1.0
                ]
            ],
            "location": [
                0.13048918545246124,
                -0.26332685351371765,
                -0.34918951988220215
            ],
            "location_world": [
                0.34918951988220215,
                -0.13048918545246124,
                -0.26332685351371765
            ],
            "name": "google_ReadytoUse_Rolled_Fondant_Pure_White_24_oz_box_10",
            "projected_cuboid": [
                [
                    599.7898578643799,
                    448.9173889160156
                ],
                [
                    529.8547148704529,
                    436.4944100379944
                ],
                [
                    489.4515872001648,
                    689.1603469848633
                ],
                [
                    565.5547380447388,
                    730.212390422821
                ],
                [
                    513.7639045715332,
                    393.84979009628296
                ],
                [
                    440.63103199005127,
                    384.7774267196655
                ],
                [
                    378.00824642181396,
                    678.0672073364258
                ],
                [
                    456.371545791626,
                    726.6695499420166
                ],
                [
                    500.8108615875244,
                    551.1846542358398
                ]
            ],
            "provenance": "visii",
            "quaternion_xyzw": [
                -0.7262299060821533,
                0.3648409843444824,
                0.07806181162595749,
                0.5773972868919373
            ],
            "quaternion_xyzw_world": [
                0.06897325813770294,
                0.2178058922290802,
                -0.43036219477653503,
                0.8732649683952332
            ],
            "segmentation_id": 11,
            "visibility": 1
        },
        {
            "bounding_box_minx_maxx_miny_maxy": [
                462,
                499,
                180,
                270
            ],
            "class": "Dog",
            "local_cuboid": null,
            "local_to_world_matrix": [
                [
                    0.4754446744918823,
                    0.38367342948913574,
                    -0.7916735410690308,
                    0.0
                ],
                [
                    0.8777357339859009,
                    -0.14608216285705566,
                    0.4563332498073578,
                    0.0
                ],
                [
                    0.05943349003791809,
                    -0.9118413925170898,
                    -0.4062178134918213,
                    0.0
                ],
                [
                    1.2594443559646606,
                    -0.4914875328540802,
                    0.10543913394212723,
                    1.0
                ]
            ],
            "location": [
                0.4914875328540802,
                0.10543913394212723,
                -1.2594443559646606
            ],
            "location_world": [
                1.2594443559646606,
                -0.4914875328540802,
                0.10543913394212723
            ],
            "name": "google_Dog_11",
            "projected_cuboid": [
                [
                    547.4523305892944,
                    303.98231744766235
                ],
                [
                    524.6220231056213,
                    261.3622546195984
                ],
                [
                    448.50248098373413,
                    226.51144862174988
                ],
                [
                    461.47841215133667,
                    264.92834091186523
                ],
                [
                    623.6165165901184,
                    211.6532176733017
                ],
                [
                    589.2727375030518,
                    177.02361941337585
                ],
                [
                    507.22742080688477,
                    138.41180503368378
                ],
                [
                    530.0102233886719,
                    167.7951216697693
                ],
                [
                    527.0125865936279,
                    219.84992921352386
                ]
            ],
            "provenance": "visii",
            "quaternion_xyzw": [
                -0.23421511054039001,
                0.6891008615493774,
                -0.46580755710601807,
                0.5032957792282104
            ],
            "quaternion_xyzw_world": [
                0.7119945287704468,
                0.4429139196872711,
                -0.25710874795913696,
                0.4804020822048187
            ],
            "segmentation_id": 12,
            "visibility": 1
        },
        {
            "bounding_box_minx_maxx_miny_maxy": [
                355,
                414,
                50,
                129
            ],
            "class": "Black",
            "local_cuboid": null,
            "local_to_world_matrix": [
                [
                    -0.030622363090515137,
                    0.9988608956336975,
                    0.03659459948539734,
                    0.0
                ],
                [
                    -0.20319658517837524,
                    0.029626190662384033,
                    -0.9786896109580994,
                    0.0
                ],
                [
                    -0.97865891456604,
                    -0.03740566968917847,
                    0.20205795764923096,
                    0.0
                ],
                [
                    0.9530794620513916,
                    -0.19338884949684143,
                    0.2166629135608673,
                    1.0
                ]
            ],
            "location": [
                0.19338884949684143,
                0.2166629135608673,
                -0.9530794620513916
            ],
            "location_world": [
                0.9530794620513916,
                -0.19338884949684143,
                0.2166629135608673
            ],
            "name": "google_Black_Elderberry_Syrup_54_oz_Gaia_Herbs_12",
            "projected_cuboid": [
                [
                    376.58992409706116,
                    45.93878984451294
                ],
                [
                    377.16609239578247,
                    86.29509806632996
                ],
                [
                    354.61777448654175,
                    129.56780195236206
                ],
                [
                    354.4095456600189,
                    94.65034306049347
                ],
                [
                    418.42925548553467,
                    47.91805148124695
                ],
                [
                    419.6275472640991,
                    88.21623027324677
                ],
                [
                    390.7597064971924,
                    131.12127780914307
                ],
                [
                    390.09976387023926,
                    96.24801576137543
                ],
                [
                    384.2039406299591,
                    91.71092510223389
                ]
            ],
            "provenance": "visii",
            "quaternion_xyzw": [
                0.017100870609283447,
                0.10187280178070068,
                0.9945111274719238,
                0.01664656400680542
            ],
            "quaternion_xyzw_world": [
                -0.42944544553756714,
                -0.463192880153656,
                0.5484191179275513,
                0.5479648113250732
            ],
            "segmentation_id": 13,
            "visibility": 1
        },
        {
            "bounding_box_minx_maxx_miny_maxy": [
                0,
                37,
                17,
                127
