{
    "camera_data": {
        "camera_look_at": {
            "at": [
                1.0,
                0.0,
                0.0
            ],
            "eye": [
                0.0,
                0.0,
                0.0
            ],
            "up": [
                0.0,
                0.0,
                1.0
            ]
        },
        "camera_view_matrix": [
            [
                0.0,
                0.0,
                -1.0,
                0.0
            ],
            [
                -1.0,
                0.0,
                0.0,
                0.0
            ],
            [
                0.0,
                1.0,
                0.0,
                0.0
            ],
            [
                0.0,
                0.0,
                0.0,
                1.0
            ]
        ],
        "height": 500,
        "intrinsics": {
            "cx": 250.0,
            "cy": 250.0,
            "fx": 603.5535278320312,
            "fy": 603.5535278320312
        },
        "location_world": [
            0.0,
            0.0,
            0.0
        ],
        "quaternion_world_xyzw": [
            0.5,
            -0.5,
            -0.5,
            0.5
        ],
        "width": 500
    },
    "objects": [
        {
            "bounding_box_minx_maxx_miny_maxy": [
                -1,
                -1,
                -1,
                -1
            ],
            "class": "Reebok",
            "local_cuboid": null,
            "local_to_world_matrix": [
                [
                    -0.9819259643554688,
                    0.18905721604824066,
                    0.00887393206357956,
                    0.0
                ],
                [
                    0.12034185230731964,
                    0.6598457098007202,
                    -0.7417017221450806,
                    0.0
                ],
                [
                    -0.14607948064804077,
                    -0.7272282838821411,
                    -0.6706711053848267,
                    0.0
                ],
                [
                    0.8259644508361816,
                    0.337260365486145,
                    -0.023956112563610077,
                    1.0
                ]
            ],
            "location": [
                -0.337260365486145,
                -0.023956112563610077,
                -0.8259644508361816
            ],
            "location_world": [
                0.8259644508361816,
                0.337260365486145,
                -0.023956112563610077
            ],
            "name": "google_Reebok_SOMERSET_RUN_0",
            "projected_cuboid": [
                [
                    113.06457221508026,
                    244.00869011878967
                ],
                [
                    -31.80760145187378,
                    414.1554534435272
                ],
                [
                    -90.3981626033783,
                    350.99688172340393
                ],
                [
                    48.470333218574524,
                    181.72839283943176
                ],
                [
                    146.19392156600952,
                    245.5066293478012
                ],
                [
                    18.201708793640137,
                    394.2151665687561
                ],
                [
                    -34.10950303077698,
                    339.21873569488525
                ],
                [
                    89.23682570457458,
                    191.18766486644745
                ],
                [
                    32.141104340553284,
                    296.3598072528839
                ]
            ],
            "provenance": "visii",
            "quaternion_xyzw": [
                -0.592993438243866,
                0.2744430899620056,
                -0.7205619812011719,
                -0.23201321065425873
            ],
            "quaternion_xyzw_world": [
                0.0849991962313652,
                0.9100058674812317,
                -0.40354958176612854,
                -0.042569346725940704
            ],
            "segmentation_id": 1,
            "visibility": 0
        },
        {
            "bounding_box_minx_maxx_miny_maxy": [
                -1,
                -1,
                -1,
                -1
            ],
            "class": "Breyer",
            "local_cuboid": null,
            "local_to_world_matrix": [
                [
                    0.6214133501052856,
                    -0.586729109287262,
                    -0.5192247629165649,
                    0.0
                ],
                [
                    -0.7804678082466125,
                    -0.5216528177261353,
                    -0.34459882974624634,
                    0.0
                ],
                [
                    -0.06866887211799622,
                    0.6193764805793762,
                    -0.7820851802825928,
                    0.0
                ],
                [
                    0.5260459780693054,
                    0.07415962219238281,
                    -0.18991322815418243,
                    1.0
                ]
            ],
            "location": [
                -0.07415962219238281,
                -0.18991322815418243,
                -0.5260459780693054
            ],
            "location_world": [
                0.5260459780693054,
                0.07415962219238281,
                -0.18991322815418243
            ],
            "name": "google_Breyer_Horse_Of_The_Year_2015_1",
            "projected_cuboid": [
                [
                    138.41190934181213,
                    611.3651990890503
                ],
                [
                    161.83894872665405,
                    661.768913269043
                ],
                [
                    263.67998123168945,
                    527.6434421539307
                ],
                [
                    233.21367800235748,
                    487.89721727371216
                ],
                [
                    -73.32739233970642,
                    566.9524669647217
                ],
                [
                    -64.68558311462402,
                    629.9145817756653
                ],
                [
                    76.92228257656097,
                    451.53549313545227
                ],
                [
                    54.98647689819336,
                    406.962513923645
                ],
                [
                    112.96568810939789,
                    545.2229380607605
                ]
            ],
            "provenance": "visii",
            "quaternion_xyzw": [
                0.6823963522911072,
                0.0008895248174667358,
                -0.45457082986831665,
                0.5724506974220276
            ],
            "quaternion_xyzw_world": [
                0.8551536798477173,
                -0.3996933400630951,
                -0.17186781764030457,
                -0.28181347250938416
            ],
            "segmentation_id": 2,
            "visibility": 0
        },
        {
            "bounding_box_minx_maxx_miny_maxy": [
                119,
                119,
                25,
                25
            ],
            "class": "Smith",
            "local_cuboid": null,
            "local_to_world_matrix": [
                [
                    0.9676188826560974,
                    0.23001126945018768,
                    -0.10396420955657959,
                    0.0
                ],
                [
                    0.12041057646274567,
                    -0.7826077938079834,
                    -0.610758900642395,
                    0.0
                ],
                [
                    -0.2218446135520935,
                    0.5784634351730347,
                    -0.7849618196487427,
                    0.0
                ],
                [
                    1.7738834619522095,
                    0.3067883551120758,
                    0.5484153032302856,
                    1.0
                ]
            ],
            "location": [
                -0.3067883551120758,
                0.5484153032302856,
                -1.7738834619522095
            ],
            "location_world": [
                1.7738834619522095,
                0.3067883551120758,
                0.5484153032302856
            ],
            "name": "google_Smith_Hawken_Woven_BasketTray_Organizer_with_3_Compartments_95_x_9_x_13_2",
            "projected_cuboid": [
                [
                    54.68158423900604,
                    121.56642973423004
                ],
                [
                    121.73093855381012,
                    173.5020875930786
                ],
                [
                    173.405721783638,
                    110.98751425743103
                ],
                [
                    109.25354063510895,
                    59.65118110179901
                ],
                [
                    42.80617833137512,
                    77.29730010032654
                ],
                [
                    125.14311075210571,
                    141.77370071411133
                ],
                [
                    187.86321580410004,
                    66.91597402095795
                ],
                [
                    109.8538339138031,
                    3.4014880657196045
                ],
                [
                    116.33799970149994,
                    96.2660163640976
                ]
            ],
            "provenance": "visii",
            "quaternion_xyzw": [
                0.5382617712020874,
                0.31520143151283264,
                -0.718090295791626,
                0.30865615606307983
            ],
            "quaternion_xyzw_world": [
                0.9401048421859741,
                0.09318690747022629,
                -0.08664161711931229,
                -0.31624725461006165
            ],
            "segmentation_id": 3,
            "visibility": 1
        },
        {
            "bounding_box_minx_maxx_miny_maxy": [
                -1,
                -1,
                -1,
                -1
            ],
            "class": "Paul",
            "local_cuboid": null,
            "local_to_world_matrix": [
                [
                    0.5832749605178833,
                    -0.7293159365653992,
                    0.3576154410839081,
                    0.0
                ],
                [
                    0.5406026244163513,
                    0.6771426200866699,
                    0.4992261826992035,
                    0.0
                ],
                [
                    -0.6062502264976501,
                    -0.09785839915275574,
                    0.7892303466796875,
                    0.0
                ],
                [
                    0.3126216232776642,
                    -0.4112706184387207,
                    0.09277831763029099,
                    1.0
                ]
            ],
            "location": [
                0.4112706184387207,
                0.09277831763029099,
                -0.3126216232776642
            ],
            "location_world": [
                0.3126216232776642,
                -0.4112706184387207,
                0.09277831763029099
            ],
            "name": "google_Paul_Frank_Dot_Lunch_Box_3",
            "projected_cuboid": [
                [
                    1805.8395385742188,
                    -562.9186630249023
                ],
                [
                    1321.1134672164917,
                    -509.3350410461426
                ],
                [
                    928.7383556365967,
                    9.468615055084229
                ],
                [
                    1160.8796119689941,
                    60.731664299964905
                ],
                [
                    3663.395643234253,
                    -1589.7401571273804
                ],
                [
                    1711.2900018692017,
                    -989.3298149108887
                ],
                [
                    884.7588896751404,
                    84.48328077793121
                ],
                [
                    1276.861548423767,
                    194.95755434036255
                ],
                [
                    1302.2398948669434,
                    -208.95251631736755
                ]
            ],
            "provenance": "visii",
            "quaternion_xyzw": [
                -0.39491763710975647,
                0.20227475464344025,
                0.30728989839553833,
                0.8418421149253845
            ],
            "quaternion_xyzw_world": [
                0.1709546595811844,
                -0.27596980333328247,
                -0.3635975420475006,
                0.8731622099876404
            ],
            "segmentation_id": 4,
            "visibility": 0
        },
        {
            "bounding_box_minx_maxx_miny_maxy": [
                407,
                459,
                5,
                58
            ],
            "class": "Toys",
            "local_cuboid": null,
            "local_to_world_matrix": [
                [
                    0.13132327795028687,
                    0.7197867035865784,
                    0.6816606521606445,
                    0.0
                ],
                [
                    -0.9899589419364929,
                    0.13149547576904297,
                    0.05186736583709717,
                    0.0
                ],
                [
                    -0.052301883697509766,
                    -0.6816274523735046,
                    0.7298277616500854,
                    0.0
                ],
                [
                    1.845372200012207,
                    -0.5058831572532654,
                    0.6115053296089172,
                    1.0
                ]
            ],
            "location": [
                0.5058831572532654,
                0.6115053296089172,
                -1.845372200012207
            ],
            "location_world": [
                1.845372200012207,
                -0.5058831572532654,
                0.6115053296089172
            ],
            "name": "google_Toys_R_Us_Treat_Dispenser_Smart_Puzzle_Foobler_4",
            "projected_cuboid": [
                [
                    427.2395372390747,
                    7.723167538642883
                ],
                [
                    435.58892607688904,
                    -15.836089849472046
                ],
                [
                    399.27107095718384,
                    23.3527272939682
                ],
                [
                    393.8208222389221,
                    43.72316598892212
                ],
                [
                    464.44588899612427,
                    38.58064115047455
                ],
                [
                    476.1296212673187,
                    17.432987689971924
                ],
                [
                    439.2072558403015,
                    56.92267417907715
                ],
                [
                    430.5157661437988,
                    74.8337060213089
                ],
                [
                    432.95586109161377,
                    31.223058700561523
                ]
            ],
            "provenance": "visii",
            "quaternion_xyzw": [
                0.2097880095243454,
                0.6556203365325928,
                0.6557860374450684,
                0.3099929690361023
            ],
            "quaternion_xyzw_world": [
                0.25980764627456665,
                -0.25997331738471985,
                0.6056007146835327,
                0.7058056592941284
            ],
            "segmentation_id": 5,
            "visibility": 1
        },
        {
            "bounding_box_minx_maxx_miny_maxy": [
                368,
                499,
                231,
                500
            ],
            "class": "Tag",
            "local_cuboid": null,
            "local_to_world_matrix": [
                [
                    0.7945712804794312,
                    0.06329331547021866,
                    0.6038629412651062,
                    0.0
                ],
                [
                    0.21246472001075745,
                    -0.9606577157974243,
                    -0.17887362837791443,
                    0.0
                ],
                [
                    0.5687840580940247,
                    0.270427405834198,
                    -0.7767586708068848,
                    0.0
                ],
                [
                    0.28937363624572754,
                    -0.18804986774921417,
                    -0.05277445539832115,
                    1.0
                ]
            ],
            "location": [
                0.18804986774921417,
                -0.05277445539832115,
                -0.28937363624572754
            ],
            "location_world": [
                0.28937363624572754,
                -0.18804986774921417,
                -0.05277445539832115
            ],
            "name": "google_Tag_Dishtowel_Basket_Weave_Red_18_x_26_5",
            "projected_cuboid": [
                [
                    354.983389377594,
                    263.03818821907043
                ],
                [
                    678.5301566123962,
                    324.084997177124
                ],
                [
                    715.692400932312,
                    285.1221561431885
                ],
                [
                    378.37475538253784,
                    214.6250307559967
                ],
                [
                    450.76096057891846,
                    558.2228899002075
                ],
                [
                    921.2643504142761,
                    595.426082611084
                ],
                [
                    998.4225630760193,
                    556.8707585334778
                ],
                [
                    499.9181032180786,
                    506.21354579925537
                ],
                [
                    619.8015213012695,
                    383.96984338760376
                ]
            ],
            "provenance": "visii",
            "quaternion_xyzw": [
                0.6489153504371643,
                0.6027445197105408,
                -0.4102995693683624,
                0.21739889681339264
            ],
            "quaternion_xyzw_world": [
                0.9396791458129883,
                0.07336494326591492,
                0.3119806945323944,
                -0.11953575909137726
            ],
            "segmentation_id": 6,
            "visibility": 1
        },
        {
            "bounding_box_minx_maxx_miny_maxy": [
                0,
                415,
                249,
                500
            ],
            "class": "FRACTION",
            "local_cuboid": null,
            "local_to_world_matrix": [
                [
                    -0.4652782678604126,
                    -0.800117552280426,
                    -0.37858685851097107,
                    0.0
                ],
                [
                    -0.46662455797195435,
                    0.585157036781311,
                    -0.6632139682769775,
                    0.0
                ],
                [
                    0.752181887626648,
                    -0.1319212019443512,
                    -0.6456153392791748,
                    0.0
                ],
                [
                    0.18312817811965942,
                    0.06826789677143097,
                    -0.08458832651376724,
                    1.0
                ]
            ],
            "location": [
                -0.06826789677143097,
                -0.08458832651376724,
                -0.18312817811965942
            ],
            "location_world": [
                0.18312817811965942,
                0.06826789677143097,
                -0.08458832651376724
            ],
            "name": "google_FRACTION_FUN_n4h4qte23QR_6",
            "projected_cuboid": [
                [
                    422.95265197753906,
                    479.08735275268555
                ],
                [
                    30.06833791732788,
                    1210.4138135910034
                ],
                [
                    -79.15928959846497,
                    1358.7291240692139
                ],
                [
                    434.80271100997925,
                    428.05588245391846
                ],
                [
                    94.99290585517883,
                    284.0253710746765
                ],
                [
                    -283.416211605072,
                    654.1270017623901
                ],
                [
                    -400.5542993545532,
                    633.2531571388245
                ],
                [
                    62.934666872024536,
                    224.54240918159485
                ],
                [
                    52.13455855846405,
                    548.5069751739502
                ]
            ],
            "provenance": "visii",
            "quaternion_xyzw": [
                -0.8965926170349121,
                0.2687239646911621,
                -0.1665191948413849,
                -0.31012967228889465
            ],
            "quaternion_xyzw_world": [
                -0.3857395648956299,
                0.8209827542304993,
                -0.24212907254695892,
                0.3443338871002197
            ],
            "segmentation_id": 7,
            "visibility": 1
        },
        {
            "bounding_box_minx_maxx_miny_maxy": [
                -1,
                -1,
                -1,
                -1
            ],
            "class": "FAIRY",
            "local_cuboid": null,
            "local_to_world_matrix": [
                [
                    0.13608527183532715,
                    0.3591299057006836,
                    -0.923312783241272,
                    0.0
                ],
                [
                    0.7186135053634644,
                    -0.6773302555084229,
                    -0.1575380116701126,
                    0.0
                ],
                [
                    -0.6819643974304199,
                    -0.642066478729248,
                    -0.350250244140625,
                    0.0
                ],
                [
                    0.3061080574989319,
                    0.3974212110042572,
                    0.3222328722476959,
                    1.0
                ]
            ],
            "location": [
                -0.3974212110042572,
                0.3222328722476959,
                -0.3061080574989319
            ],
            "location_world": [
                0.3061080574989319,
                0.3974212110042572,
                0.3222328722476959
            ],
            "name": "google_FAIRY_TALE_BLOCKS_7",
            "projected_cuboid": [
                [
                    -2849.544048309326,
                    -945.8458423614502
                ],
                [
                    -224.31161999702454,
                    4.6244412660598755
                ],
                [
                    -258.47798585891724,
                    -18.874287605285645
                ],
                [
                    -1159.117341041565,
                    -354.2557954788208
                ],
                [
                    -4059.455394744873,
                    -5194.327354431152
                ],
                [
                    -62.11709976196289,
                    -624.7931122779846
                ],
                [
                    -163.4446680545807,
                    -401.34358406066895
                ],
                [
                    -1127.226710319519,
                    -1170.20845413208
                ],
                [
                    -605.128824710846,
                    -490.87798595428467
                ]
            ],
            "provenance": "visii",
            "quaternion_xyzw": [
                -0.17061926424503326,
                0.3604259788990021,
                -0.741389274597168,
                0.53974449634552
            ],
            "quaternion_xyzw_world": [
                0.7354702353477478,
                0.36634501814842224,
                -0.5456635355949402,
                0.1647002249956131
            ],
            "segmentation_id": 8,
            "visibility": 0
        },
        {
            "bounding_box_minx_maxx_miny_maxy": [
                0,
                1,
                188,
                205
            ],
            "class": "Great",
            "local_cuboid": null,
            "local_to_world_matrix": [
                [
                    0.6956522464752197,
                    -0.6673583984375,
                    -0.2658962607383728,
                    0.0
                ],
                [
                    -0.37985625863075256,
                    -0.027557730674743652,
                    -0.9246349334716797,
                    0.0
                ],
                [
                    0.609735369682312,
                    0.7442266941070557,
                    -0.2726707458496094,
                    0.0
                ],
                [
                    1.4534791707992554,
                    0.6528087854385376,
                    0.09331437200307846,
                    1.0
                ]
            ],
            "location": [
                -0.6528087854385376,
                0.09331437200307846,
                -1.4534791707992554
            ],
            "location_world": [
                1.4534791707992554,
                0.6528087854385376,
                0.09331437200307846
            ],
            "name": "google_Great_Jones_Wingtip_kAqSg6EgG0I_8",
            "projected_cuboid": [
                [
                    -12.399286031723022,
                    178.5653680562973
                ],
                [
                    -29.64690327644348,
                    288.8396382331848
                ],
                [
                    -7.527083158493042,
                    277.65628695487976
                ],
                [
                    8.80172848701477,
                    163.30699622631073
                ],
                [
                    -54.58703637123108,
                    163.41672837734222
                ],
                [
                    -76.28071308135986,
                    278.41994166374207
                ],
                [
                    -55.28387427330017,
                    266.0650908946991
                ],
                [
                    -34.257858991622925,
                    146.64459228515625
                ],
                [
                    -31.930536031723022,
                    218.41606497764587
                ]
            ],
            "provenance": "visii",
            "quaternion_xyzw": [
                -0.8946687579154968,
                0.06659966707229614,
                0.40234971046447754,
                -0.18233762681484222
            ],
            "quaternion_xyzw_world": [
                -0.7063782215118408,
                0.37062814831733704,
                -0.12169087678194046,
                0.5906402468681335
            ],
            "segmentation_id": 9,
            "visibility": 1
        },
        {
            "bounding_box_minx_maxx_miny_maxy": [
                6,
                76,
                22,
                110
            ],
            "class": "Ecoforms",
            "local_cuboid": null,
            "local_to_world_matrix": [
                [
                    0.1313895583152771,
                    -0.7525336146354675,
                    0.6453140377998352,
                    0.0
                ],
                [
                    0.8023106455802917,
                    -0.30162346363067627,
                    -0.5150935649871826,
                    0.0
                ],
                [
                    0.5822668671607971,
                    0.5854202508926392,
                    0.5641352534294128,
                    0.0
                ],
                [
                    1.3109720945358276,
                    0.34152987599372864,
                    0.3114716410636902,
                    1.0
                ]
            ],
            "location": [
                -0.34152987599372864,
                0.3114716410636902,
                -1.3109720945358276
            ],
            "location_world": [
                1.3109720945358276,
                0.34152987599372864,
                0.3114716410636902
            ],
            "name": "google_Ecoforms_Plant_Container_Quadra_Sand_QP6_9",
            "projected_cuboid": [
                [
                    71.76260650157928,
                    18.12167465686798
                ],
                [
                    113.02271485328674,
                    81.19915425777435
                ],
                [
                    145.9607183933258,
                    110.35947501659393
                ],
                [
                    105.4830551147461,
                    45.88580131530762
                ],
                [
                    2.9024332761764526,
                    69.88285481929779
                ],
                [
                    51.99509859085083,
                    128.67052853107452
                ],
                [
                    81.1762660741806,
                    161.74988448619843
                ],
                [
                    31.78420662879944,
                    102.37100720405579
                ],
                [
                    76.52030885219574,
                    90.71214497089386
                ]
            ],
            "provenance": "visii",
            "quaternion_xyzw": [
                -0.8440815210342407,
                -0.280463844537735,
                0.2123047411441803,
                0.404713898897171
            ],
            "quaternion_xyzw_world": [
                -0.4660680890083313,
                -0.026700500398874283,
                -0.658477246761322,
                0.5903181433677673
            ],
            "segmentation_id": 10,
            "visibility": 1
        },
        {
            "bounding_box_minx_maxx_miny_maxy": [
                -1,
                -1,
                -1,
                -1
            ],
            "class": "ReadytoUse",
            "local_cuboid": null,
            "local_to_world_matrix": [
                [
                    0.6969766616821289,
                    0.6288509368896484,
                    0.34463024139404297,
                    0.0
                ],
                [
                    -0.5389399528503418,
                    0.14233183860778809,
                    0.8302320837974548,
                    0.0
                ],
                [
                    0.4730404019355774,
                    -0.7643874287605286,
                    0.43811488151550293,
                    0.0
                ],
                [
                    0.35732048749923706,
                    -0.14547356963157654,
                    -0.2860819101333618,
                    1.0
                ]
            ],
            "location": [
                0.14547356963157654,
                -0.2860819101333618,
                -0.35732048749923706
            ],
            "location_world": [
                0.35732048749923706,
                -0.14547356963157654,
                -0.2860819101333618
            ],
            "name": "google_ReadytoUse_Rolled_Fondant_Pure_White_24_oz_box_10",
            "projected_cuboid": [
                [
                    543.7881350517273,
                    509.3884468078613
                ],
                [
                    551.4214038848877,
                    471.3119864463806
                ],
                [
                    412.2626781463623,
                    632.4518322944641
                ],
                [
                    412.0787978172302,
                    667.5528287887573
                ],
                [
                    718.1383371353149,
                    625.3985166549683
                ],
                [
                    739.5744919776917,
                    586.908221244812
                ],
                [
                    611.0602617263794,
                    823.9551782608032
                ],
                [
                    594.7830080986023,
                    852.6745438575745
                ],
                [
                    569.3314671516418,
                    628.829836845398
                ]
            ],
            "provenance": "visii",
            "quaternion_xyzw": [
                0.059070609509944916,
                0.8561722636222839,
                0.2852974236011505,
                0.4267144203186035
            ],
            "quaternion_xyzw_world": [
                0.5283299088478088,
                0.0425448901951313,
                0.38691291213035583,
                0.7545567154884338
            ],
            "segmentation_id": 11,
            "visibility": 0
        },
        {
            "bounding_box_minx_maxx_miny_maxy": [
                -1,
                -1,
                -1,
                -1
            ],
            "class": "Dog",
            "local_cuboid": null,
            "local_to_world_matrix": [
                [
                    0.23606550693511963,
                    -0.7877861857414246,
                    0.5689164996147156,
                    0.0
                ],
                [
                    0.5876567959785461,
                    0.5820082426071167,
                    0.5620728731155396,
                    0.0
                ],
                [
                    -0.7739073634147644,
                    0.20164160430431366,
                    0.6003400087356567,
                    0.0
                ],
                [
                    0.8112160563468933,
                    0.24277786910533905,
                    0.378351628780365,
                    1.0
                ]
            ],
            "location": [
                -0.24277786910533905,
                0.378351628780365,
                -0.8112160563468933
            ],
            "location_world": [
                0.8112160563468933,
                0.24277786910533905,
                0.378351628780365
            ],
            "name": "google_Dog_11",
            "projected_cuboid": [
                [
                    119.98043954372406,
                    -241.37789011001587
                ],
                [
                    50.83861947059631,
                    -254.07588481903076
                ],
                [
                    112.30701208114624,
                    -86.39669418334961
                ],
                [
                    176.42995715141296,
                    -52.82273888587952
                ],
                [
                    -83.9512050151825,
                    -149.76966381072998
                ],
                [
                    -126.06394290924072,
                    -178.10672521591187
                ],
                [
                    -28.08573842048645,
                    -13.444274663925171
                ],
                [
                    19.81174945831299,
                    33.57924520969391
                ],
                [
                    35.43008863925934,
                    -111.22068762779236
                ]
            ],
            "provenance": "visii",
            "quaternion_xyzw": [
                -0.3360825777053833,
                0.00973847508430481,
                0.3255949020385742,
                0.8837090730667114
            ],
            "quaternion_xyzw_world": [
                0.11588498950004578,
                -0.4317414462566376,
                -0.44222909212112427,
                0.7775624990463257
            ],
            "segmentation_id": 12,
            "visibility": 0
        },
        {
            "bounding_box_minx_maxx_miny_maxy": [
                -1,
                -1,
                -1,
                -1
            ],
            "class": "Black",
            "local_cuboid": null,
            "local_to_world_matrix": [
                [
                    0.12857019901275635,
                    0.9550358057022095,
                    -0.26716339588165283,
                    0.0
                ],
                [
                    0.9784719944000244,
                    -0.16602051258087158,
                    -0.12259606271982193,
                    0.0
                ],
                [
                    -0.1614382266998291,
                    -0.24564969539642334,
                    -0.9558210372924805,
                    0.0
                ],
                [
                    0.7197520732879639,
                    -0.28946295380592346,
                    0.624686062335968,
                    1.0
                ]
            ],
            "location": [
                0.28946295380592346,
                0.624686062335968,
                -0.7197520732879639
            ],
            "location_world": [
                0.7197520732879639,
                -0.28946295380592346,
                0.624686062335968
            ],
            "name": "google_Black_Elderberry_Syrup_54_oz_Gaia_Herbs_12",
            "projected_cuboid": [
                [
                    513.4737491607666,
                    -183.46595764160156
                ],
                [
                    500.6977319717407,
                    -143.08467507362366
                ],
                [
                    464.2951488494873,
                    -242.11359024047852
                ],
                [
                    473.60971570014954,
                    -289.37679529190063
                ],
                [
                    566.005289554596,
                    -202.1426558494568
                ],
                [
                    548.8899350166321,
                    -159.8537564277649
                ],
                [
                    510.61296463012695,
                    -259.33176279067993
                ],
                [
                    523.9242911338806,
                    -308.5489273071289
                ],
                [
                    511.968731880188,
                    -223.37841987609863
                ]
            ],
            "provenance": "visii",
            "quaternion_xyzw": [
                -0.039121657609939575,
                0.6463361382484436,
                -0.748176097869873,
                0.14474663138389587
            ],
            "quaternion_xyzw_world": [
                0.7500686049461365,
                0.6444436311721802,
                -0.14285413920879364,
                0.04101412370800972
            ],
            "segmentation_id": 13,
            "visibility": 0
        },
        {
            "bounding_box_minx_maxx_miny_maxy": [
                12,
                51,
                80,
                159
            ],
            "class": "Razer",
