{
    "camera_data": {
        "camera_look_at": {
            "at": [
                1.0,
                0.0,
                0.0
            ],
            "eye": [
                0.0,
                0.0,
                0.0
            ],
            "up": [
                0.0,
                0.0,
                1.0
            ]
        },
        "camera_view_matrix": [
            [
                0.0,
                0.0,
                -1.0,
                0.0
            ],
            [
                -1.0,
                0.0,
                0.0,
                0.0
            ],
            [
                0.0,
                1.0,
                0.0,
                0.0
            ],
            [
                0.0,
                0.0,
                0.0,
                1.0
            ]
        ],
        "height": 500,
        "intrinsics": {
            "cx": 250.0,
            "cy": 250.0,
            "fx": 603.5535278320312,
            "fy": 603.5535278320312
        },
        "location_world": [
            0.0,
            0.0,
            0.0
        ],
        "quaternion_world_xyzw": [
            0.5,
            -0.5,
            -0.5,
            0.5
        ],
        "width": 500
    },
    "objects": [
        {
            "bounding_box_minx_maxx_miny_maxy": [
                43,
                139,
                61,
                165
            ],
            "class": "Reebok",
            "local_cuboid": null,
            "local_to_world_matrix": [
                [
                    -0.43367528915405273,
                    0.07735739648342133,
                    -0.8977425694465637,
                    0.0
                ],
                [
                    0.5540133714675903,
                    0.8086315393447876,
                    -0.19795016944408417,
                    0.0
                ],
                [
                    0.7106299996376038,
                    -0.5832074284553528,
                    -0.39354050159454346,
                    0.0
                ],
                [
                    0.9918764233589172,
                    0.32687440514564514,
                    0.24993930757045746,
                    1.0
                ]
            ],
            "location": [
                -0.32687440514564514,
                0.24993930757045746,
                -0.9918764233589172
            ],
            "location_world": [
                0.9918764233589172,
                0.32687440514564514,
                0.24993930757045746
            ],
            "name": "google_Reebok_SOMERSET_RUN_0",
            "projected_cuboid": [
                [
                    159.52369570732117,
                    136.2401694059372
                ],
                [
                    46.19644582271576,
                    183.46714973449707
                ],
                [
                    -8.822858333587646,
                    151.92759037017822
                ],
                [
                    104.9889475107193,
                    94.53412890434265
                ],
                [
                    169.0531075000763,
                    81.6209614276886
                ],
                [
                    59.117838740348816,
                    134.39446687698364
                ],
                [
                    7.52413272857666,
                    100.5721390247345
                ],
                [
                    118.21334064006805,
                    37.27918863296509
                ],
                [
                    78.79436016082764,
                    117.29633808135986
                ]
            ],
            "provenance": "visii",
            "quaternion_xyzw": [
                -0.676613450050354,
                0.6304834485054016,
                -0.3757251501083374,
                0.05929265916347504
            ],
            "quaternion_xyzw_world": [
                0.19444391131401062,
                0.811764657497406,
                -0.240573912858963,
                0.49533215165138245
            ],
            "segmentation_id": 1,
            "visibility": 1
        },
        {
            "bounding_box_minx_maxx_miny_maxy": [
                -1,
                -1,
                -1,
                -1
            ],
            "class": "Breyer",
            "local_cuboid": null,
            "local_to_world_matrix": [
                [
                    0.4161268472671509,
                    -0.5695427656173706,
                    0.7088437676429749,
                    0.0
                ],
                [
                    0.8549903631210327,
                    0.5104589462280273,
                    -0.09177795052528381,
                    0.0
                ],
                [
                    -0.30956417322158813,
                    0.6442458629608154,
                    0.6993692517280579,
                    0.0
                ],
                [
                    0.2656477093696594,
                    0.2693730592727661,
                    -0.34420523047447205,
                    1.0
                ]
            ],
            "location": [
                -0.2693730592727661,
                -0.34420523047447205,
                -0.2656477093696594
            ],
            "location_world": [
                0.2656477093696594,
                0.2693730592727661,
                -0.34420523047447205
            ],
            "name": "google_Breyer_Horse_Of_The_Year_2015_1",
            "projected_cuboid": [
                [
                    -456.073522567749,
                    620.2481985092163
                ],
                [
                    -398.66769313812256,
                    569.5289373397827
                ],
                [
                    -136.4745795726776,
                    713.2413387298584
                ],
                [
                    -140.84160327911377,
                    779.8284888267517
                ],
                [
                    -1428.4098148345947,
                    1507.6829195022583
                ],
                [
                    -1104.7687530517578,
                    1214.7767543792725
                ],
                [
                    -606.1657071113586,
                    1290.932297706604
                ],
                [
                    -729.0775179862976,
                    1532.9128503799438
                ],
                [
                    -531.2045812606812,
                    955.9702277183533
                ]
            ],
            "provenance": "visii",
            "quaternion_xyzw": [
                -0.581325352191925,
                -0.08531571924686432,
                0.4560151994228363,
                0.6684551239013672
            ],
            "quaternion_xyzw_world": [
                -0.22710055112838745,
                -0.314230352640152,
                -0.4395405054092407,
                0.8102399706840515
            ],
            "segmentation_id": 2,
            "visibility": 0
        },
        {
            "bounding_box_minx_maxx_miny_maxy": [
                36,
                77,
                14,
                96
            ],
            "class": "Smith",
            "local_cuboid": null,
            "local_to_world_matrix": [
                [
                    0.8671152591705322,
                    0.29736775159835815,
                    -0.3996042013168335,
                    0.0
                ],
                [
                    0.49720895290374756,
                    -0.4685640335083008,
                    0.7302266955375671,
                    0.0
                ],
                [
                    0.02990572154521942,
                    -0.8318775296211243,
                    -0.5541529655456543,
                    0.0
                ],
                [
                    1.5594606399536133,
                    0.7416703701019287,
                    0.5132343769073486,
                    1.0
                ]
            ],
            "location": [
                -0.7416703701019287,
                0.5132343769073486,
                -1.5594606399536133
            ],
            "location_world": [
                1.5594606399536133,
                0.7416703701019287,
                0.5132343769073486
            ],
            "name": "google_Smith_Hawken_Woven_BasketTray_Organizer_with_3_Compartments_95_x_9_x_13_2",
            "projected_cuboid": [
                [
                    19.693657755851746,
                    178.43268811702728
                ],
                [
                    76.93982124328613,
                    120.05788087844849
                ],
                [
                    0.30678510665893555,
                    68.94272565841675
                ],
                [
                    -63.160449266433716,
                    123.6380934715271
                ],
                [
                    14.27355408668518,
                    97.16719388961792
                ],
                [
                    84.13802087306976,
                    33.46249461174011
                ],
                [
                    -8.80613923072815,
                    -29.033392667770386
                ],
                [
                    -87.98229694366455,
                    29.074907302856445
                ],
                [
                    6.3230544328689575,
                    81.10050857067108
                ]
            ],
            "provenance": "visii",
            "quaternion_xyzw": [
                0.024037890136241913,
                0.717199444770813,
                -0.3664816915988922,
                0.5922316312789917
            ],
            "quaternion_xyzw_world": [
                0.8499753475189209,
                0.2337058037519455,
                -0.1087379977107048,
                0.4594557583332062
            ],
            "segmentation_id": 3,
            "visibility": 1
        },
        {
            "bounding_box_minx_maxx_miny_maxy": [
                -1,
                -1,
                -1,
                -1
            ],
            "class": "Paul",
            "local_cuboid": null,
            "local_to_world_matrix": [
                [
                    -0.5010037422180176,
                    0.8519456386566162,
                    0.15226314961910248,
                    0.0
                ],
                [
                    -0.8637305498123169,
                    -0.5032811164855957,
                    -0.02603454887866974,
                    0.0
                ],
                [
                    0.05445112660527229,
                    -0.14455772936344147,
                    0.9879970550537109,
                    0.0
                ],
                [
                    0.19548514485359192,
                    -0.3990398645401001,
                    -0.2471543699502945,
                    1.0
                ]
            ],
            "location": [
                0.3990398645401001,
                -0.2471543699502945,
                -0.19548514485359192
            ],
            "location_world": [
                0.19548514485359192,
                -0.3990398645401001,
                -0.2471543699502945
            ],
            "name": "google_Paul_Frank_Dot_Lunch_Box_3",
            "projected_cuboid": [
                [
                    1187.6029968261719,
                    238.54970932006836
                ],
                [
                    2449.118137359619,
                    245.1465278863907
                ],
                [
                    2540.3661727905273,
                    1918.819785118103
                ],
                [
                    1139.844298362732,
                    1024.5518684387207
                ],
                [
                    1224.1432666778564,
                    318.80760192871094
                ],
                [
                    1768.0003643035889,
                    354.49525713920593
                ],
                [
                    1763.0362510681152,
                    1005.3669214248657
                ],
                [
                    1198.3603239059448,
                    771.1166739463806
                ],
                [
                    1493.967056274414,
                    646.8076705932617
                ]
            ],
            "provenance": "visii",
            "quaternion_xyzw": [
                0.23902933299541473,
                0.685631513595581,
                0.6751905679702759,
                -0.12996995449066162
            ],
            "quaternion_xyzw_world": [
                0.05975018069148064,
                -0.04930922016501427,
                0.8649106621742249,
                0.4959113895893097
            ],
            "segmentation_id": 4,
            "visibility": 0
        },
        {
            "bounding_box_minx_maxx_miny_maxy": [
                424,
                499,
                282,
                365
            ],
            "class": "Toys",
            "local_cuboid": null,
            "local_to_world_matrix": [
                [
                    0.18062400817871094,
                    -0.8446915149688721,
                    0.5038563013076782,
                    0.0
                ],
                [
                    0.7890208959579468,
                    0.4302922487258911,
                    0.43851402401924133,
                    0.0
                ],
                [
                    -0.5872145891189575,
                    0.3183470070362091,
                    0.7442004084587097,
                    0.0
                ],
                [
                    1.1598511934280396,
                    -0.42603206634521484,
                    -0.191239133477211,
                    1.0
                ]
            ],
            "location": [
                0.42603206634521484,
                -0.191239133477211,
                -1.1598511934280396
            ],
            "location_world": [
                1.1598511934280396,
                -0.42603206634521484,
                -0.191239133477211
            ],
            "name": "google_Toys_R_Us_Treat_Dispenser_Smart_Puzzle_Foobler_4",
            "projected_cuboid": [
                [
                    530.6063890457153,
                    292.38566756248474
                ],
                [
                    465.90790152549744,
                    252.29644775390625
                ],
                [
                    474.03156757354736,
                    307.9604506492615
                ],
                [
                    534.3786478042603,
                    350.87671875953674
                ],
                [
                    459.2169523239136,
                    340.8605456352234
                ],
                [
                    400.66343545913696,
                    294.4956421852112
                ],
                [
                    413.8479232788086,
                    348.2973575592041
                ],
                [
                    469.0145254135132,
                    396.8326151371002
                ],
                [
                    467.41992235183716,
                    322.643518447876
                ]
            ],
            "provenance": "visii",
            "quaternion_xyzw": [
                -0.4524828791618347,
                -0.04064466059207916,
                0.27568507194519043,
                0.8471157550811768
            ],
            "quaternion_xyzw_world": [
                0.03915156051516533,
                -0.3554812967777252,
                -0.5322790741920471,
                0.7673195004463196
            ],
            "segmentation_id": 5,
            "visibility": 1
        },
        {
            "bounding_box_minx_maxx_miny_maxy": [
                -1,
                -1,
                -1,
                -1
            ],
            "class": "Tag",
            "local_cuboid": null,
            "local_to_world_matrix": [
                [
                    -0.04299736022949219,
                    -0.7709965705871582,
                    0.6353861093521118,
                    0.0
                ],
                [
                    -0.196651428937912,
                    0.6300638914108276,
                    0.7512308359146118,
                    0.0
                ],
                [
                    -0.9795302152633667,
                    -0.09264865517616272,
                    -0.17870867252349854,
                    0.0
                ],
                [
                    0.35323503613471985,
                    -0.3648218512535095,
                    -0.25427940487861633,
                    1.0
                ]
            ],
            "location": [
                0.3648218512535095,
                -0.25427940487861633,
                -0.35323503613471985
            ],
            "location_world": [
                0.35323503613471985,
                -0.3648218512535095,
                -0.25427940487861633
            ],
            "name": "google_Tag_Dishtowel_Basket_Weave_Red_18_x_26_5",
            "projected_cuboid": [
                [
                    1154.4662714004517,
                    774.4736671447754
                ],
                [
                    993.2563900947571,
                    495.50455808639526
                ],
                [
                    909.6218943595886,
                    458.3430290222168
                ],
                [
                    1066.34521484375,
                    716.3171172142029
                ],
                [
                    905.7793021202087,
                    952.4900913238525
                ],
                [
                    710.5128765106201,
                    707.5403928756714
                ],
                [
                    657.6117277145386,
                    649.5233774185181
                ],
                [
                    841.7099118232727,
                    879.4565796852112
                ],
                [
                    907.6462984085083,
                    712.4027609825134
                ]
            ],
            "provenance": "visii",
            "quaternion_xyzw": [
                0.10029402375221252,
                0.013266533613204956,
                0.33812087774276733,
                0.9356491565704346
            ],
            "quaternion_xyzw_world": [
                0.35554444789886475,
                -0.6803987622261047,
                -0.24198389053344727,
                0.5933712720870972
            ],
            "segmentation_id": 6,
            "visibility": 0
        },
        {
            "bounding_box_minx_maxx_miny_maxy": [
                373,
                446,
                217,
                307
            ],
            "class": "FRACTION",
            "local_cuboid": null,
            "local_to_world_matrix": [
                [
                    0.6484044194221497,
                    -0.7323114275932312,
                    0.2080666422843933,
                    0.0
                ],
                [
                    -0.1728363037109375,
                    -0.40777134895324707,
                    -0.896577000617981,
                    0.0
                ],
                [
                    0.7414171099662781,
                    0.5453829765319824,
                    -0.3909708261489868,
                    0.0
                ],
                [
                    1.2685856819152832,
                    -0.3403879702091217,
                    -0.01941964030265808,
                    1.0
                ]
            ],
            "location": [
                0.3403879702091217,
                -0.01941964030265808,
                -1.2685856819152832
            ],
            "location_world": [
                1.2685856819152832,
                -0.3403879702091217,
                -0.01941964030265808
            ],
            "name": "google_FRACTION_FUN_n4h4qte23QR_6",
            "projected_cuboid": [
                [
                    400.2472758293152,
                    220.81366181373596
                ],
                [
                    438.6104941368103,
                    296.4019477367401
                ],
                [
                    454.2996287345886,
                    289.65914249420166
                ],
                [
                    414.6258234977722,
                    212.40608394145966
                ],
                [
                    352.3605465888977,
                    235.6361299753189
                ],
                [
                    392.9979205131531,
                    318.61189007759094
                ],
                [
                    408.93906354904175,
                    311.8315041065216
                ],
                [
                    366.8031096458435,
                    226.8427461385727
                ],
                [
                    404.2908549308777,
                    263.15680146217346
                ]
            ],
            "provenance": "visii",
            "quaternion_xyzw": [
                0.9179195761680603,
                0.1677265763282776,
                -0.3251339793205261,
                0.15355569124221802
            ],
            "quaternion_xyzw_world": [
                0.782167911529541,
                -0.2893073558807373,
                0.3034782409667969,
                -0.4608856737613678
            ],
            "segmentation_id": 7,
            "visibility": 1
        },
        {
            "bounding_box_minx_maxx_miny_maxy": [
                -1,
                -1,
                -1,
                -1
            ],
            "class": "FAIRY",
            "local_cuboid": null,
            "local_to_world_matrix": [
                [
                    0.9117136597633362,
                    0.2434280514717102,
                    0.3309395909309387,
                    0.0
                ],
                [
                    -0.02848605066537857,
                    -0.7661495208740234,
                    0.6420308351516724,
                    0.0
                ],
                [
                    0.4098374843597412,
                    -0.5947754383087158,
                    -0.6915746927261353,
                    0.0
                ],
                [
                    0.4481964707374573,
                    0.3756350874900818,
                    0.40109965205192566,
                    1.0
                ]
            ],
            "location": [
                -0.3756350874900818,
                0.40109965205192566,
                -0.4481964707374573
            ],
            "location_world": [
                0.4481964707374573,
                0.3756350874900818,
                0.40109965205192566
            ],
            "name": "google_FAIRY_TALE_BLOCKS_7",
            "projected_cuboid": [
                [
                    -94.3182110786438,
                    63.550710678100586
                ],
                [
                    90.39537608623505,
                    -96.76069021224976
                ],
                [
                    -79.29036021232605,
                    -320.4748034477234
                ],
                [
                    -291.6030287742615,
                    -131.25786185264587
                ],
                [
                    -190.25495648384094,
                    80.64225316047668
                ],
                [
                    91.21875464916229,
                    -164.82585668563843
                ],
                [
                    -193.5996413230896,
                    -559.3661665916443
                ],
                [
                    -544.5029139518738,
                    -239.06150460243225
                ],
                [
                    -127.65833735466003,
                    -145.63342928886414
                ]
            ],
            "provenance": "visii",
            "quaternion_xyzw": [
                0.3620699644088745,
                0.7575117945671082,
                -0.21883772313594818,
                0.4971833825111389
            ],
            "quaternion_xyzw_world": [
                0.9178014397621155,
                0.05854806303977966,
                0.2017803192138672,
                0.3368937373161316
            ],
            "segmentation_id": 8,
            "visibility": 0
        },
        {
            "bounding_box_minx_maxx_miny_maxy": [
                436,
                499,
                256,
                294
            ],
            "class": "Great",
            "local_cuboid": null,
            "local_to_world_matrix": [
                [
                    0.5213943719863892,
                    -0.38784343004226685,
                    -0.760082483291626,
                    0.0
                ],
                [
                    -0.5714526176452637,
                    -0.8202064037322998,
                    0.02652275562286377,
                    0.0
                ],
                [
                    -0.6337112188339233,
                    0.4205223023891449,
                    -0.6492851972579956,
                    0.0
                ],
                [
                    1.918257474899292,
                    -0.7317090034484863,
                    -0.05478141829371452,
                    1.0
                ]
            ],
            "location": [
                0.7317090034484863,
                -0.05478141829371452,
                -1.918257474899292
            ],
            "location_world": [
                1.918257474899292,
                -0.7317090034484863,
                -0.05478141829371452
            ],
            "name": "google_Great_Jones_Wingtip_kAqSg6EgG0I_8",
            "projected_cuboid": [
                [
                    427.41966247558594,
                    303.7727177143097
                ],
                [
                    531.612753868103,
                    306.3443899154663
                ],
                [
                    536.2248420715332,
                    280.17136454582214
                ],
                [
                    435.3157877922058,
                    279.9823582172394
                ],
                [
                    419.1582202911377,
                    278.63946557044983
                ],
                [
                    525.9959697723389,
                    278.7041664123535
                ],
                [
                    530.9815406799316,
                    252.7945637702942
                ],
                [
                    427.58673429489136,
                    255.06728887557983
                ],
                [
                    476.94170475006104,
                    279.39561009407043
                ]
            ],
            "provenance": "visii",
            "quaternion_xyzw": [
                0.426500141620636,
                0.03524258732795715,
                -0.552119791507721,
                0.7155552506446838
            ],
            "quaternion_xyzw_world": [
                0.8647089004516602,
                -0.27734652161598206,
                -0.402966171503067,
                -0.11391103267669678
            ],
            "segmentation_id": 9,
            "visibility": 1
        },
        {
            "bounding_box_minx_maxx_miny_maxy": [
                204,
                277,
                1,
                37
            ],
            "class": "Ecoforms",
            "local_cuboid": null,
            "local_to_world_matrix": [
                [
                    -0.14351117610931396,
                    -0.8611848950386047,
                    0.4876116216182709,
                    0.0
                ],
                [
                    0.46166425943374634,
                    -0.4940725564956665,
                    -0.736721396446228,
                    0.0
                ],
                [
                    0.8753688335418701,
                    0.11938515305519104,
                    0.46848320960998535,
                    0.0
                ],
                [
                    0.9608292579650879,
                    -0.008977461606264114,
                    0.4444873631000519,
                    1.0
                ]
            ],
            "location": [
                0.008977461606264114,
                0.4444873631000519,
                -0.9608292579650879
            ],
            "location_world": [
                0.9608292579650879,
                -0.008977461606264114,
                0.4444873631000519
            ],
            "name": "google_Ecoforms_Plant_Container_Quadra_Sand_QP6_9",
            "projected_cuboid": [
                [
                    263.6602520942688,
                    -117.50021576881409
                ],
                [
                    312.4036490917206,
                    -14.915764331817627
                ],
                [
                    333.94545316696167,
                    -6.267905235290527
                ],
                [
                    279.3347239494324,
                    -124.76596236228943
                ],
                [
                    171.5417504310608,
                    -56.22583627700806
                ],
                [
                    226.07839107513428,
                    39.34180736541748
                ],
                [
                    234.53719913959503,
                    55.617496371269226
                ],
                [
                    172.1530556678772,
                    -53.56472730636597
                ],
                [
                    249.3269145488739,
                    -32.29790925979614
                ]
            ],
            "provenance": "visii",
            "quaternion_xyzw": [
                0.9318362474441528,
                0.26337361335754395,
                0.006472691893577576,
                -0.24954691529273987
            ],
            "quaternion_xyzw_world": [
                0.4695951044559479,
                -0.2126942127943039,
                0.7256147265434265,
                -0.4557684361934662
            ],
            "segmentation_id": 10,
            "visibility": 1
        },
        {
            "bounding_box_minx_maxx_miny_maxy": [
                479,
                499,
                483,
                500
            ],
            "class": "ReadytoUse",
            "local_cuboid": null,
            "local_to_world_matrix": [
                [
                    0.7815819382667542,
                    0.39880117774009705,
                    0.4796741008758545,
                    0.0
                ],
                [
                    -0.6215574741363525,
                    0.5630519986152649,
                    0.5446454882621765,
                    0.0
                ],
                [
                    -0.05287618935108185,
                    -0.7238301634788513,
                    0.6879491806030273,
                    0.0
                ],
                [
                    0.33646586537361145,
                    -0.07919064164161682,
                    -0.2794455885887146,
                    1.0
                ]
            ],
            "location": [
                0.07919064164161682,
                -0.2794455885887146,
                -0.33646586537361145
            ],
            "location_world": [
                0.33646586537361145,
                -0.07919064164161682,
                -0.2794455885887146
            ],
            "name": "google_ReadytoUse_Rolled_Fondant_Pure_White_24_oz_box_10",
            "projected_cuboid": [
                [
                    545.3416705131531,
                    478.498250246048
                ],
                [
                    523.9992141723633,
                    452.99842953681946
                ],
                [
                    317.4630403518677,
                    638.0839347839355
                ],
                [
                    354.1291654109955,
                    648.8543748855591
                ],
                [
                    739.7717833518982,
                    671.5129613876343
                ],
                [
                    733.1966757774353,
                    659.1228246688843
                ],
                [
                    448.01628589630127,
                    901.8497467041016
                ],
                [
                    483.04033279418945,
                    889.4981741905212
                ],
                [
                    505.23704290390015,
                    652.9476642608643
                ]
            ],
            "provenance": "visii",
            "quaternion_xyzw": [
                -0.03031967580318451,
                0.6874901056289673,
                0.4761911630630493,
                0.5474304556846619
            ],
            "quaternion_xyzw_world": [
                0.36420488357543945,
                -0.1529059112071991,
                0.29296553134918213,
                0.8707156777381897
            ],
            "segmentation_id": 11,
            "visibility": 1
        },
        {
            "bounding_box_minx_maxx_miny_maxy": [
                393,
                472,
                445,
                500
            ],
            "class": "Dog",
            "local_cuboid": null,
            "local_to_world_matrix": [
                [
                    0.3180232048034668,
                    0.8949346542358398,
                    -0.31297487020492554,
                    0.0
                ],
                [
                    0.6590142250061035,
                    0.02865588665008545,
                    0.7515844106674194,
                    0.0
                ],
                [
                    0.6815874576568604,
                    -0.4452761709690094,
                    -0.580661416053772,
                    0.0
                ],
                [
                    1.3075371980667114,
                    -0.39915260672569275,
                    -0.5073134899139404,
                    1.0
                ]
            ],
            "location": [
                0.39915260672569275,
                -0.5073134899139404,
                -1.3075371980667114
            ],
            "location_world": [
                1.3075371980667114,
                -0.39915260672569275,
                -0.5073134899139404
            ],
            "name": "google_Dog_11",
            "projected_cuboid": [
                [
                    413.4477376937866,
                    560.1001977920532
                ],
                [
                    398.3651399612427,
                    480.71378469467163
                ],
                [
                    374.6248185634613,
                    453.3500075340271
                ],
                [
                    389.0349268913269,
                    538.5181903839111
                ],
                [
                    515.4806971549988,
                    544.5437431335449
                ],
                [
                    491.1203980445862,
                    462.4691605567932
                ],
                [
                    475.51560401916504,
                    431.73232674598694
                ],
                [
                    501.02782249450684,
                    519.9007987976074
                ],
                [
                    443.50185990333557,
                    497.9427456855774
                ]
            ],
            "provenance": "visii",
            "quaternion_xyzw": [
                -0.09363287687301636,
                0.9121549129486084,
                -0.33976563811302185,
                0.20920225977897644
            ],
            "quaternion_xyzw_world": [
                0.6837449669837952,
                0.5681756138801575,
                0.13477708399295807,
                0.4376122057437897
            ],
            "segmentation_id": 12,
            "visibility": 1
        },
        {
            "bounding_box_minx_maxx_miny_maxy": [
                -1,
                -1,
                -1,
                -1
            ],
            "class": "Black",
            "local_cuboid": null,
            "local_to_world_matrix": [
                [
                    0.32957571744918823,
                    -0.8709598779678345,
                    -0.3644297420978546,
                    0.0
                ],
                [
                    -0.5030354261398315,
                    0.1646539568901062,
                    -0.8484366536140442,
                    0.0
                ],
                [
                    0.7989590167999268,
                    0.46294528245925903,
                    -0.38385772705078125,
                    0.0
                ],
                [
                    1.674041986465454,
                    0.39931175112724304,
                    -0.6464656591415405,
                    1.0
                ]
            ],
            "location": [
                -0.39931175112724304,
                -0.6464656591415405,
                -1.674041986465454
            ],
            "location_world": [
                1.674041986465454,
                0.39931175112724304,
                -0.6464656591415405
            ],
            "name": "google_Black_Elderberry_Syrup_54_oz_Gaia_Herbs_12",
            "projected_cuboid": [
                [
                    104.69678044319153,
                    478.7141680717468
                ],
                [
                    98.98598492145538,
                    499.47941303253174
                ],
                [
                    112.7919852733612,
                    496.66571617126465
                ],
                [
                    118.65094304084778,
                    474.53224658966064
                ],
                [
                    86.44567430019379,
                    474.1137623786926
                ],
                [
                    80.36676049232483,
                    495.0229525566101
                ],
                [
                    93.02189946174622,
                    491.86399579048157
                ],
                [
                    99.29648041725159,
                    469.56735849380493
                ],
                [
                    99.13651645183563,
                    484.9768877029419
                ]
            ],
            "provenance": "visii",
            "quaternion_xyzw": [
                -0.9378640651702881,
                0.1410342901945114,
                0.2112569659948349,
                -0.23641298711299896
            ],
            "quaternion_xyzw_world": [
                -0.6222498416900635,
                0.55202716588974,
                -0.17457988858222961,
                0.5268711447715759
            ],
            "segmentation_id": 13,
            "visibility": 0
        },
        {
            "bounding_box_minx_maxx_miny_maxy": [
                -1,
                -1,
                -1,
                -1
            ],
            "class": "Razer",
