{
    "camera_data": {
        "camera_look_at": {
            "at": [
                1.0,
                0.0,
                0.0
            ],
            "eye": [
                0.0,
                0.0,
                0.0
            ],
            "up": [
                0.0,
                0.0,
                1.0
            ]
        },
        "camera_view_matrix": [
            [
                0.0,
                0.0,
                -1.0,
                0.0
            ],
            [
                -1.0,
                0.0,
                0.0,
                0.0
            ],
            [
                0.0,
                1.0,
                0.0,
                0.0
            ],
            [
                0.0,
                0.0,
                0.0,
                1.0
            ]
        ],
        "height": 500,
        "intrinsics": {
            "cx": 250.0,
            "cy": 250.0,
            "fx": 603.5535278320312,
            "fy": 603.5535278320312
        },
        "location_world": [
            0.0,
            0.0,
            0.0
        ],
        "quaternion_world_xyzw": [
            0.5,
            -0.5,
            -0.5,
            0.5
        ],
        "width": 500
    },
    "objects": [
        {
            "bounding_box_minx_maxx_miny_maxy": [
                19,
                69,
                97,
                142
            ],
            "class": "Reebok",
            "local_cuboid": null,
            "local_to_world_matrix": [
                [
                    -0.13222956657409668,
                    -0.1258881390094757,
                    0.9831924438476562,
                    0.0
                ],
                [
                    0.734315037727356,
                    -0.6787052154541016,
                    0.011856555938720703,
                    0.0
                ],
                [
                    0.6658053398132324,
                    0.7235408425331116,
                    0.18218648433685303,
                    0.0
                ],
                [
                    1.0492311716079712,
                    0.23554018139839172,
                    0.21698053181171417,
                    1.0
                ]
            ],
            "location": [
                -0.23554018139839172,
                0.21698053181171417,
                -1.0492311716079712
            ],
            "location_world": [
                1.0492311716079712,
                0.23554018139839172,
                0.21698053181171417
            ],
            "name": "google_Reebok_SOMERSET_RUN_0",
            "projected_cuboid": [
                [
                    4.337906837463379,
                    75.84787905216217
                ],
                [
                    145.13114094734192,
                    104.65575754642487
                ],
                [
                    182.19734728336334,
                    105.98823428153992
                ],
                [
                    38.280948996543884,
                    75.10320842266083
                ],
                [
                    -0.44479966163635254,
                    143.6288058757782
                ],
                [
                    139.4837498664856,
                    160.35637259483337
                ],
                [
                    175.69971084594727,
                    165.37058353424072
                ],
                [
                    32.57504105567932,
                    148.41599762439728
                ],
                [
                    96.02563083171844,
                    123.74728918075562
                ]
            ],
            "provenance": "visii",
            "quaternion_xyzw": [
                0.667052686214447,
                0.6228510141372681,
                -0.22161339223384857,
                -0.34348922967910767
            ],
            "quaternion_xyzw_world": [
                0.5840139389038086,
                0.2604505121707916,
                0.7058897614479065,
                -0.3046520948410034
            ],
            "segmentation_id": 1,
            "visibility": 1
        },
        {
            "bounding_box_minx_maxx_miny_maxy": [
                -1,
                -1,
                -1,
                -1
            ],
            "class": "Breyer",
            "local_cuboid": null,
            "local_to_world_matrix": [
                [
                    -0.565010666847229,
                    -0.048208653926849365,
                    -0.8236740827560425,
                    0.0
                ],
                [
                    0.7120658159255981,
                    -0.5327931642532349,
                    -0.45726776123046875,
                    0.0
                ],
                [
                    -0.41680362820625305,
                    -0.8448712825775146,
                    0.3353614807128906,
                    0.0
                ],
                [
                    0.54795902967453,
                    0.09034503251314163,
                    -0.3409656286239624,
                    1.0
                ]
            ],
            "location": [
                -0.09034503251314163,
                -0.3409656286239624,
                -0.54795902967453
            ],
            "location_world": [
                0.54795902967453,
                0.09034503251314163,
                -0.3409656286239624
            ],
            "name": "google_Breyer_Horse_Of_The_Year_2015_1",
            "projected_cuboid": [
                [
                    299.12006855010986,
                    814.378023147583
                ],
                [
                    336.4448547363281,
                    797.9826331138611
                ],
                [
                    171.43531143665314,
                    790.1266813278198
                ],
                [
                    124.6727705001831,
                    803.5815358161926
                ],
                [
                    274.44320917129517,
                    460.1709544658661
                ],
                [
                    305.0369322299957,
                    472.8775918483734
                ],
                [
                    176.98100209236145,
                    499.1951882839203
                ],
                [
                    140.8413201570511,
                    489.66196179389954
                ],
                [
                    224.21124577522278,
                    621.0741996765137
                ]
            ],
            "provenance": "visii",
            "quaternion_xyzw": [
                0.5216974020004272,
                -0.13939154148101807,
                0.6756224632263184,
                -0.5019323825836182
            ],
            "quaternion_xyzw_world": [
                -0.39762449264526367,
                -0.41738951206207275,
                0.7799303531646729,
                -0.24369947612285614
            ],
            "segmentation_id": 2,
            "visibility": 0
        },
        {
            "bounding_box_minx_maxx_miny_maxy": [
                0,
                28,
                81,
                126
            ],
            "class": "Smith",
            "local_cuboid": null,
            "local_to_world_matrix": [
                [
                    -0.6987795829772949,
                    -0.04099440574645996,
                    -0.7141619920730591,
                    0.0
                ],
                [
                    0.712089478969574,
                    0.055167317390441895,
                    -0.6999181509017944,
                    0.0
                ],
                [
                    0.06809130311012268,
                    -0.9976353645324707,
                    -0.009358406066894531,
                    0.0
                ],
                [
                    1.5123133659362793,
                    0.7647050023078918,
                    0.5033339858055115,
                    1.0
                ]
            ],
            "location": [
                -0.7647050023078918,
                0.5033339858055115,
                -1.5123133659362793
            ],
            "location_world": [
                1.5123133659362793,
                0.7647050023078918,
                0.5033339858055115
            ],
            "name": "google_Smith_Hawken_Woven_BasketTray_Organizer_with_3_Compartments_95_x_9_x_13_2",
            "projected_cuboid": [
                [
                    28.20529043674469,
                    36.64959967136383
                ],
                [
                    49.67276751995087,
                    135.57446002960205
                ],
                [
                    -62.40031123161316,
                    133.1283450126648
                ],
                [
                    -100.06007552146912,
                    32.45691955089569
                ],
                [
                    58.2541823387146,
                    -28.400152921676636
                ],
                [
                    73.47030937671661,
                    63.07685375213623
                ],
                [
                    -22.007733583450317,
                    60.22000312805176
                ],
                [
                    -48.731833696365356,
                    -32.67917037010193
                ],
                [
                    -0.3458857536315918,
                    50.051793456077576
                ]
            ],
            "provenance": "visii",
            "quaternion_xyzw": [
                -0.6724960803985596,
                0.2859977185726166,
                -0.6306410431861877,
                0.2612398862838745
            ],
            "quaternion_xyzw_world": [
                0.2526912987232208,
                0.6639475226402283,
                -0.6391896605491638,
                0.29454633593559265
            ],
            "segmentation_id": 3,
            "visibility": 1
        },
        {
            "bounding_box_minx_maxx_miny_maxy": [
                -1,
                -1,
                -1,
                -1
            ],
            "class": "Paul",
            "local_cuboid": null,
            "local_to_world_matrix": [
                [
                    0.03415572643280029,
                    0.9424809813499451,
                    0.33251020312309265,
                    0.0
                ],
                [
                    -0.8285737633705139,
                    0.2127399444580078,
                    -0.5178872346878052,
                    0.0
                ],
                [
                    -0.5588371157646179,
                    -0.25782039761543274,
                    0.7881813049316406,
                    0.0
                ],
                [
                    0.3007117807865143,
                    -0.3710343539714813,
                    -0.1425771862268448,
                    1.0
                ]
            ],
            "location": [
                0.3710343539714813,
                -0.1425771862268448,
                -0.3007117807865143
            ],
            "location_world": [
                0.3007117807865143,
                -0.3710343539714813,
                -0.1425771862268448
            ],
            "name": "google_Paul_Frank_Dot_Lunch_Box_3",
            "projected_cuboid": [
                [
                    1120.5601692199707,
                    -57.30295181274414
                ],
                [
                    1609.553337097168,
                    -9.510964155197144
                ],
                [
                    794.2996621131897,
                    543.3273315429688
                ],
                [
                    694.8139667510986,
                    371.97864055633545
                ],
                [
                    1866.8391704559326,
                    179.82125282287598
                ],
                [
                    2939.547300338745,
                    405.1409959793091
                ],
                [
                    1409.4997644424438,
                    763.995349407196
                ],
                [
                    1146.0400819778442,
                    530.2502512931824
                ],
                [
                    1274.5983600616455,
                    380.54412603378296
                ]
            ],
            "provenance": "visii",
            "quaternion_xyzw": [
                0.06436075270175934,
                0.46523019671440125,
                0.8687930703163147,
                0.15689876675605774
            ],
            "quaternion_xyzw_world": [
                -0.09115166962146759,
                -0.3124111592769623,
                0.6207426190376282,
                0.7132806181907654
            ],
            "segmentation_id": 4,
            "visibility": 0
        },
        {
            "bounding_box_minx_maxx_miny_maxy": [
                -1,
                -1,
                -1,
                -1
            ],
            "class": "Toys",
            "local_cuboid": null,
            "local_to_world_matrix": [
                [
                    -0.7285163402557373,
                    -0.3835749626159668,
                    -0.5675687789916992,
                    0.0
                ],
                [
                    0.6177011728286743,
                    -0.009634017944335938,
                    -0.7863539457321167,
                    0.0
                ],
                [
                    0.29615768790245056,
                    -0.923459529876709,
                    0.2439531683921814,
                    0.0
                ],
                [
                    1.374322772026062,
                    -0.41419315338134766,
                    -0.6141974925994873,
                    1.0
                ]
            ],
            "location": [
                0.41419315338134766,
                -0.6141974925994873,
                -1.374322772026062
            ],
            "location_world": [
                1.374322772026062,
                -0.41419315338134766,
                -0.6141974925994873
            ],
            "name": "google_Toys_R_Us_Treat_Dispenser_Smart_Puzzle_Foobler_4",
            "projected_cuboid": [
                [
                    518.222451210022,
                    506.9260597229004
                ],
                [
                    500.7845163345337,
                    541.3841009140015
                ],
                [
                    446.49451971054077,
                    567.6290988922119
                ],
                [
                    460.4937434196472,
                    533.9022874832153
                ],
                [
                    471.9865918159485,
                    449.5545029640198
                ],
                [
                    458.7234854698181,
                    485.0430190563202
                ],
                [
                    407.2800874710083,
                    507.5545907020569
                ],
                [
                    417.4432158470154,
                    472.4472165107727
                ],
                [
                    459.528386592865,
                    507.25865364074707
                ]
            ],
            "provenance": "visii",
            "quaternion_xyzw": [
                0.7851889133453369,
                -0.1776435375213623,
                0.5259803533554077,
                -0.27434617280960083
            ],
            "quaternion_xyzw_world": [
                -0.09639055281877518,
                -0.6072332859039307,
                0.703935980796814,
                -0.35559913516044617
            ],
            "segmentation_id": 5,
            "visibility": 0
        },
        {
            "bounding_box_minx_maxx_miny_maxy": [
                -1,
                -1,
                -1,
                -1
            ],
            "class": "Tag",
            "local_cuboid": null,
            "local_to_world_matrix": [
                [
                    -0.8891541957855225,
                    -0.3301667273044586,
                    0.31685155630111694,
                    0.0
                ],
                [
                    -0.09017612785100937,
                    0.8052510023117065,
                    0.586036741733551,
                    0.0
                ],
                [
                    -0.4486348628997803,
                    0.4925045371055603,
                    -0.7457655668258667,
                    0.0
                ],
                [
                    0.38108882308006287,
                    -0.4379909932613373,
                    -0.4698736369609833,
                    1.0
                ]
            ],
            "location": [
                0.4379909932613373,
                -0.4698736369609833,
                -0.38108882308006287
            ],
            "location_world": [
                0.38108882308006287,
                -0.4379909932613373,
                -0.4698736369609833
            ],
            "name": "google_Tag_Dishtowel_Basket_Weave_Red_18_x_26_5",
            "projected_cuboid": [
                [
                    1340.8228158950806,
                    1329.5928239822388
                ],
                [
                    1017.453670501709,
                    1115.7482862472534
                ],
                [
                    1011.8937492370605,
                    1016.6676044464111
                ],
                [
                    1319.6301460266113,
                    1226.5186309814453
                ],
                [
                    899.7172117233276,
                    1039.5848751068115
                ],
                [
                    668.6058640480042,
                    886.8331909179688
                ],
                [
                    677.1481037139893,
                    829.4052481651306
                ],
                [
                    900.1468420028687,
                    979.629397392273
                ],
                [
                    944.0168142318726,
                    1030.5346250534058
                ]
            ],
            "provenance": "visii",
            "quaternion_xyzw": [
                -0.2717973291873932,
                0.4492313265800476,
                -0.36483949422836304,
                -0.768901526927948
            ],
            "quaternion_xyzw_world": [
                -0.11331403255462646,
                0.9273848533630371,
                0.2907480299472809,
                -0.20635618269443512
            ],
            "segmentation_id": 6,
            "visibility": 0
        },
        {
            "bounding_box_minx_maxx_miny_maxy": [
                -1,
                -1,
                -1,
                -1
            ],
            "class": "FRACTION",
            "local_cuboid": null,
            "local_to_world_matrix": [
                [
                    -0.15240812301635742,
                    -0.9882714748382568,
                    -0.009550631046295166,
                    0.0
                ],
                [
                    0.5441247224807739,
                    -0.07583832740783691,
                    -0.8355697393417358,
                    0.0
                ],
                [
                    0.8250454664230347,
                    -0.1325443685054779,
                    0.5493013262748718,
                    0.0
                ],
                [
                    1.3784096240997314,
                    -0.6139035820960999,
                    -0.11640938371419907,
                    1.0
                ]
            ],
            "location": [
                0.6139035820960999,
                -0.11640938371419907,
                -1.3784096240997314
            ],
            "location_world": [
                1.3784096240997314,
                -0.6139035820960999,
                -0.11640938371419907
            ],
            "name": "google_FRACTION_FUN_n4h4qte23QR_6",
            "projected_cuboid": [
                [
                    562.593936920166,
                    256.3510835170746
                ],
                [
                    546.4069843292236,
                    321.5656876564026
                ],
                [
                    551.4936447143555,
                    333.63935351371765
                ],
                [
                    568.5243606567383,
                    267.5771415233612
                ],
                [
                    480.61347007751465,
                    255.49423694610596
                ],
                [
                    470.42202949523926,
                    319.5914626121521
                ],
                [
                    473.51253032684326,
                    331.3923478126526
                ],
                [
                    484.21597480773926,
                    266.47356152534485
                ],
                [
                    516.5623426437378,
                    295.12766003608704
                ]
            ],
            "provenance": "visii",
            "quaternion_xyzw": [
                -0.9551029801368713,
                -0.0173509418964386,
                -0.07458685338497162,
                0.28620630502700806
            ],
            "quaternion_xyzw_world": [
                -0.30583035945892334,
                0.36306628584861755,
                -0.6666235327720642,
                0.5746857523918152
            ],
            "segmentation_id": 7,
            "visibility": 0
        },
        {
            "bounding_box_minx_maxx_miny_maxy": [
                -1,
                -1,
                -1,
                -1
            ],
            "class": "FAIRY",
            "local_cuboid": null,
            "local_to_world_matrix": [
                [
                    0.4739047884941101,
                    -0.7855926752090454,
                    0.3978170156478882,
                    0.0
                ],
                [
                    -0.7395304441452026,
                    -0.10982179641723633,
                    0.6641038656234741,
                    0.0
                ],
                [
                    -0.4780261516571045,
                    -0.6089198589324951,
                    -0.6330146789550781,
                    0.0
                ],
                [
                    0.4507657289505005,
                    0.45443588495254517,
                    0.46359699964523315,
                    1.0
                ]
            ],
            "location": [
                -0.45443588495254517,
                0.46359699964523315,
                -0.4507657289505005
            ],
            "location_world": [
                0.4507657289505005,
                0.45443588495254517,
                0.46359699964523315
            ],
            "name": "google_FAIRY_TALE_BLOCKS_7",
            "projected_cuboid": [
                [
                    -33.35559368133545,
                    -91.93253517150879
                ],
                [
                    -157.79060125350952,
                    -659.6992015838623
                ],
                [
                    -251.29097700119019,
                    -631.0924887657166
                ],
                [
                    -118.53823065757751,
                    -172.17493057250977
                ],
                [
                    -426.0398745536804,
                    -41.551947593688965
                ],
                [
                    -1038.1715297698975,
                    -911.6599559783936
                ],
                [
                    -850.0427007675171,
                    -780.3785800933838
                ],
                [
                    -446.21598720550537,
                    -151.95608139038086
                ],
                [
                    -335.5875015258789,
                    -346.7060923576355
                ]
            ],
            "provenance": "visii",
            "quaternion_xyzw": [
                0.4010806083679199,
                0.31641945242881775,
                0.08415699005126953,
                0.8555294871330261
            ],
            "quaternion_xyzw_world": [
                0.7444362640380859,
                -0.5121738314628601,
                -0.02693619579076767,
                0.42751264572143555
            ],
            "segmentation_id": 8,
            "visibility": 0
        },
        {
            "bounding_box_minx_maxx_miny_maxy": [
                -1,
                -1,
                -1,
                -1
            ],
            "class": "Great",
            "local_cuboid": null,
            "local_to_world_matrix": [
                [
                    0.5578622817993164,
                    0.8017235398292542,
                    -0.21454396843910217,
                    0.0
                ],
                [
                    0.8285301327705383,
                    -0.553015947341919,
                    0.08781355619430542,
                    0.0
                ],
                [
                    -0.04824405163526535,
                    -0.22674402594566345,
                    -0.9727587699890137,
                    0.0
                ],
                [
                    1.7639589309692383,
                    -0.5450640320777893,
                    -0.4135696291923523,
                    1.0
                ]
            ],
            "location": [
                0.5450640320777893,
                -0.4135696291923523,
                -1.7639589309692383
            ],
            "location_world": [
                1.7639589309692383,
                -0.5450640320777893,
                -0.4135696291923523
            ],
            "name": "google_Great_Jones_Wingtip_kAqSg6EgG0I_8",
            "projected_cuboid": [
                [
                    409.9508225917816,
                    449.8867690563202
                ],
                [
                    442.6780939102173,
                    414.3361449241638
                ],
                [
                    434.0392053127289,
                    379.16314601898193
                ],
                [
                    400.07901191711426,
                    409.1377258300781
                ],
                [
                    449.84370470046997,
                    448.6352503299713
                ],
                [
                    478.1102240085602,
                    412.070631980896
                ],
                [
                    469.07907724380493,
                    375.7321238517761
                ],
                [
                    439.4534230232239,
                    406.31359815597534
                ],
                [
                    441.20997190475464,
                    410.6837511062622
                ]
            ],
            "provenance": "visii",
            "quaternion_xyzw": [
                0.12471860647201538,
                0.6784712076187134,
                -0.6637307405471802,
                0.28910815715789795
            ],
            "quaternion_xyzw_world": [
                0.8780143857002258,
                0.4641876220703125,
                -0.07482451945543289,
                0.08956503868103027
            ],
            "segmentation_id": 9,
            "visibility": 0
        },
        {
            "bounding_box_minx_maxx_miny_maxy": [
                293,
                428,
                1,
                61
            ],
            "class": "Ecoforms",
            "local_cuboid": null,
            "local_to_world_matrix": [
                [
                    -0.07396149635314941,
                    0.07613185048103333,
                    -0.9943509101867676,
                    0.0
                ],
                [
                    0.6868391036987305,
                    0.7267951965332031,
                    0.004558384418487549,
                    0.0
                ],
                [
                    0.723036527633667,
                    -0.682621955871582,
                    -0.10604524612426758,
                    0.0
                ],
                [
                    0.9423518180847168,
                    -0.11712101101875305,
                    0.45993754267692566,
                    1.0
                ]
            ],
            "location": [
                0.11712101101875305,
                0.45993754267692566,
                -0.9423518180847168
            ],
            "location_world": [
                0.9423518180847168,
                -0.11712101101875305,
                0.45993754267692566
            ],
            "name": "google_Ecoforms_Plant_Container_Quadra_Sand_QP6_9",
            "projected_cuboid": [
                [
                    428.8954734802246,
                    38.79562020301819
                ],
                [
                    333.77784490585327,
                    62.90179491043091
                ],
                [
                    274.5894491672516,
                    29.337793588638306
                ],
                [
                    374.14461374282837,
                    -3.1825900077819824
                ],
                [
                    435.08684635162354,
                    -71.81444764137268
                ],
                [
                    340.43607115745544,
                    -35.29757261276245
                ],
                [
                    282.86850452423096,
                    -80.1883339881897
                ],
                [
                    382.0611834526062,
                    -128.3690333366394
                ],
                [
                    355.0516963005066,
                    -21.37291431427002
                ]
            ],
            "provenance": "visii",
            "quaternion_xyzw": [
                -0.6407703161239624,
                0.6715144515037537,
                -0.2951851189136505,
                0.22659990191459656
            ],
            "quaternion_xyzw_world": [
                0.27626460790634155,
                0.690434992313385,
                -0.2455204278230667,
                0.621849775314331
            ],
            "segmentation_id": 10,
            "visibility": 1
        },
        {
            "bounding_box_minx_maxx_miny_maxy": [
                -1,
                -1,
                -1,
                -1
            ],
            "class": "ReadytoUse",
            "local_cuboid": null,
            "local_to_world_matrix": [
                [
                    0.09799188375473022,
                    -0.8398221731185913,
                    0.5339441895484924,
                    0.0
                ],
                [
                    0.7307600975036621,
                    0.4249325394630432,
                    0.5342490673065186,
                    0.0
                ],
                [
                    -0.6755644679069519,
                    0.337833046913147,
                    0.6553484201431274,
                    0.0
                ],
                [
                    0.41599100828170776,
                    -0.026831042021512985,
                    -0.34188538789749146,
                    1.0
                ]
            ],
            "location": [
                0.026831042021512985,
                -0.34188538789749146,
                -0.41599100828170776
            ],
            "location_world": [
                0.41599100828170776,
                -0.026831042021512985,
                -0.34188538789749146
            ],
            "name": "google_ReadytoUse_Rolled_Fondant_Pure_White_24_oz_box_10",
            "projected_cuboid": [
                [
                    314.92599844932556,
                    691.419243812561
                ],
                [
                    269.11965012550354,
                    594.2013263702393
                ],
                [
                    342.34893321990967,
                    656.7037105560303
                ],
                [
                    381.7428946495056,
                    732.0553064346313
                ],
                [
                    95.93623876571655,
                    851.3444662094116
                ],
                [
                    73.42611253261566,
                    732.1517467498779
                ],
                [
                    200.79922676086426,
                    759.6662640571594
                ],
                [
                    228.43024134635925,
                    846.7374444007874
                ],
                [
                    246.90137803554535,
                    732.0973873138428
                ]
            ],
            "provenance": "visii",
            "quaternion_xyzw": [
                -0.3968654274940491,
                -0.06867042183876038,
                0.2745420038700104,
                0.8731603026390076
            ],
            "quaternion_xyzw_world": [
                0.06654123216867447,
                -0.4097536504268646,
                -0.5320770740509033,
                0.7379486560821533
            ],
            "segmentation_id": 11,
            "visibility": 0
        },
        {
            "bounding_box_minx_maxx_miny_maxy": [
                178,
                198,
                346,
                363
            ],
            "class": "Dog",
            "local_cuboid": null,
            "local_to_world_matrix": [
                [
                    -0.01382136344909668,
                    0.8737859129905701,
                    -0.4861147105693817,
                    0.0
                ],
                [
                    0.6888145804405212,
                    0.36072617769241333,
                    0.6288173794746399,
                    0.0
                ],
                [
                    0.724806010723114,
                    -0.32615184783935547,
                    -0.6068621873855591,
                    0.0
                ],
                [
                    0.7024664282798767,
                    -0.000550050928723067,
                    -0.11703860759735107,
                    1.0
                ]
            ],
            "location": [
                0.000550050928723067,
                -0.11703860759735107,
                -0.7024664282798767
            ],
            "location_world": [
                0.7024664282798767,
                -0.000550050928723067,
                -0.11703860759735107
            ],
            "name": "google_Dog_11",
            "projected_cuboid": [
                [
                    246.48410081863403,
                    523.1522917747498
                ],
                [
                    202.43613421916962,
                    407.0098400115967
                ],
                [
                    142.2102302312851,
                    341.27819538116455
                ],
                [
                    184.12363529205322,
                    470.52040696144104
                ],
                [
                    402.3991823196411,
                    435.3036880493164
                ],
                [
                    336.6105556488037,
                    331.9057822227478
                ],
                [
                    301.8496334552765,
                    252.3350715637207
                ],
                [
                    375.51650404930115,
                    363.12174797058105
                ],
                [
                    273.934543132782,
                    388.8798952102661
                ]
            ],
            "provenance": "visii",
            "quaternion_xyzw": [
                -0.23569202423095703,
                0.898249626159668,
                -0.36061152815818787,
                0.08692757785320282
            ],
            "quaternion_xyzw_world": [
                0.5550483465194702,
                0.7038127779960632,
                0.10750923305749893,
                0.4301288425922394
            ],
            "segmentation_id": 12,
            "visibility": 1
        },
        {
            "bounding_box_minx_maxx_miny_maxy": [
                -1,
                -1,
                -1,
                -1
            ],
            "class": "Black",
            "local_cuboid": null,
            "local_to_world_matrix": [
                [
                    -0.1555168628692627,
                    0.886282205581665,
                    -0.43625539541244507,
                    0.0
                ],
                [
                    0.25958454608917236,
                    -0.38944220542907715,
                    -0.8837144374847412,
                    0.0
                ],
                [
                    -0.9531163573265076,
                    -0.2506773769855499,
                    -0.1695007085800171,
                    0.0
                ],
                [
                    1.0963939428329468,
                    0.2716663181781769,
                    -0.5892228484153748,
                    1.0
                ]
            ],
            "location": [
                -0.2716663181781769,
                -0.5892228484153748,
                -1.0963939428329468
            ],
            "location_world": [
                1.0963939428329468,
                0.2716663181781769,
                -0.5892228484153748
            ],
            "name": "google_Black_Elderberry_Syrup_54_oz_Gaia_Herbs_12",
            "projected_cuboid": [
                [
                    76.39986276626587,
                    632.9241991043091
                ],
                [
                    93.61785650253296,
                    659.5993041992188
                ],
                [
                    93.32135319709778,
                    594.5816040039062
                ],
                [
                    78.29543948173523,
                    570.3891515731812
                ],
                [
                    110.02150177955627,
                    613.6064529418945
                ],
                [
                    126.55022740364075,
                    640.3427124023438
                ],
                [
                    122.14720249176025,
                    578.2487392425537
                ],
                [
                    107.64788091182709,
                    554.0238618850708
                ],
                [
                    101.08307003974915,
                    603.4237146377563
                ]
            ],
            "provenance": "visii",
            "quaternion_xyzw": [
                -0.10525685548782349,
                0.11118859052658081,
                -0.9647685289382935,
                0.21396255493164062
            ],
            "quaternion_xyzw_world": [
                0.5923314094543457,
                0.48362571001052856,
                -0.5863996744155884,
                -0.26718026399612427
            ],
            "segmentation_id": 13,
            "visibility": 0
        },
        {
            "bounding_box_minx_maxx_miny_maxy": [
                -1,
                -1,
                -1,
                -1
            ],
