{
    "camera_data": {
        "camera_look_at": {
            "at": [
                1.0,
                0.0,
                0.0
            ],
            "eye": [
                0.0,
                0.0,
                0.0
            ],
            "up": [
                0.0,
                0.0,
                1.0
            ]
        },
        "camera_view_matrix": [
            [
                0.0,
                0.0,
                -1.0,
                0.0
            ],
            [
                -1.0,
                0.0,
                0.0,
                0.0
            ],
            [
                0.0,
                1.0,
                0.0,
                0.0
            ],
            [
                0.0,
                0.0,
                0.0,
                1.0
            ]
        ],
        "height": 500,
        "intrinsics": {
            "cx": 250.0,
            "cy": 250.0,
            "fx": 603.5535278320312,
            "fy": 603.5535278320312
        },
        "location_world": [
            0.0,
            0.0,
            0.0
        ],
        "quaternion_world_xyzw": [
            0.5,
            -0.5,
            -0.5,
            0.5
        ],
        "width": 500
    },
    "objects": [
        {
            "bounding_box_minx_maxx_miny_maxy": [
                24,
                120,
                75,
                154
            ],
            "class": "Reebok",
            "local_cuboid": null,
            "local_to_world_matrix": [
                [
                    0.3960522413253784,
                    -0.4736992120742798,
                    -0.7866078615188599,
                    0.0
                ],
                [
                    0.8161649703979492,
                    0.5741299390792847,
                    0.06519031524658203,
                    0.0
                ],
                [
                    0.42073461413383484,
                    -0.6678204536437988,
                    0.614001989364624,
                    0.0
                ],
                [
                    0.9705568552017212,
                    0.3194469213485718,
                    0.20389509201049805,
                    1.0
                ]
            ],
            "location": [
                -0.3194469213485718,
                0.20389509201049805,
                -0.9705568552017212
            ],
            "location_world": [
                0.9705568552017212,
                0.3194469213485718,
                0.20389509201049805
            ],
            "name": "google_Reebok_SOMERSET_RUN_0",
            "projected_cuboid": [
                [
                    164.137065410614,
                    105.2471250295639
                ],
                [
                    94.46188807487488,
                    125.1073032617569
                ],
                [
                    45.558616518974304,
                    158.3043932914734
                ],
                [
                    105.75693845748901,
                    146.41188085079193
                ],
                [
                    122.99291789531708,
                    36.81398928165436
                ],
                [
                    59.33062732219696,
                    72.1103698015213
                ],
                [
                    6.772264838218689,
                    104.27257418632507
                ],
                [
                    59.03862416744232,
                    76.16549730300903
                ],
                [
                    79.70896363258362,
                    104.72425818443298
                ]
            ],
            "provenance": "visii",
            "quaternion_xyzw": [
                -0.6762477159500122,
                0.5030472278594971,
                -0.10046906769275665,
                0.5287142992019653
            ],
            "quaternion_xyzw_world": [
                0.22799143195152283,
                0.3755248486995697,
                -0.40119192004203796,
                0.8037700653076172
            ],
            "segmentation_id": 1,
            "visibility": 1
        },
        {
            "bounding_box_minx_maxx_miny_maxy": [
                -1,
                -1,
                -1,
                -1
            ],
            "class": "Breyer",
            "local_cuboid": null,
            "local_to_world_matrix": [
                [
                    0.9800940752029419,
                    0.1011846512556076,
                    -0.17081370949745178,
                    0.0
                ],
                [
                    -0.19339250028133392,
                    0.6811109781265259,
                    -0.706177830696106,
                    0.0
                ],
                [
                    0.04488874971866608,
                    0.7251547574996948,
                    0.6871212124824524,
                    0.0
                ],
                [
                    0.22266261279582977,
                    0.27497127652168274,
                    -0.3385709524154663,
                    1.0
                ]
            ],
            "location": [
                -0.27497127652168274,
                -0.3385709524154663,
                -0.22266261279582977
            ],
            "location_world": [
                0.22266261279582977,
                0.27497127652168274,
                -0.3385709524154663
            ],
            "name": "google_Breyer_Horse_Of_The_Year_2015_1",
            "projected_cuboid": [
                [
                    -412.12111711502075,
                    660.9737873077393
                ],
                [
                    -504.2639374732971,
                    747.4013566970825
                ],
                [
                    -317.20656156539917,
                    949.8519897460938
                ],
                [
                    -229.31554913520813,
                    855.0782799720764
                ],
                [
                    -1524.2717266082764,
                    1227.9508113861084
                ],
                [
                    -1916.19873046875,
                    1547.7131605148315
                ],
                [
                    -1415.4716730117798,
                    2243.3815002441406
                ],
                [
                    -1048.624038696289,
                    1837.2337818145752
                ],
                [
                    -642.8616642951965,
                    1024.8804092407227
                ]
            ],
            "provenance": "visii",
            "quaternion_xyzw": [
                -0.6422386169433594,
                0.3316231369972229,
                0.6637909412384033,
                0.1921905279159546
            ],
            "quaternion_xyzw_world": [
                -0.391107976436615,
                0.05894014611840248,
                0.08049245178699493,
                0.9149216413497925
            ],
            "segmentation_id": 2,
            "visibility": 0
        },
        {
            "bounding_box_minx_maxx_miny_maxy": [
                0,
                73,
                17,
                125
            ],
            "class": "Smith",
            "local_cuboid": null,
            "local_to_world_matrix": [
                [
                    0.952168881893158,
                    0.2866559624671936,
                    0.10584349930286407,
                    0.0
                ],
                [
                    0.1352594494819641,
                    -0.7059763669967651,
                    0.6952000260353088,
                    0.0
                ],
                [
                    0.2740061283111572,
                    -0.6476314663887024,
                    -0.7109816074371338,
                    0.0
                ],
                [
                    1.5891497135162354,
                    0.6915252208709717,
                    0.5096850395202637,
                    1.0
                ]
            ],
            "location": [
                -0.6915252208709717,
                0.5096850395202637,
                -1.5891497135162354
            ],
            "location_world": [
                1.5891497135162354,
                0.6915252208709717,
                0.5096850395202637
            ],
            "name": "google_Smith_Hawken_Woven_BasketTray_Organizer_with_3_Compartments_95_x_9_x_13_2",
            "projected_cuboid": [
                [
                    30.251681804656982,
                    168.03708672523499
                ],
                [
                    93.62883865833282,
                    111.23837530612946
                ],
                [
                    28.074979782104492,
                    40.63497483730316
                ],
                [
                    -39.28875923156738,
                    98.42246770858765
                ],
                [
                    21.382436156272888,
                    164.57012295722961
                ],
                [
                    99.39800202846527,
                    94.91604566574097
                ],
                [
                    18.444672226905823,
                    6.570175290107727
                ],
                [
                    -65.68896770477295,
                    77.69054174423218
                ],
                [
                    25.042280554771423,
                    96.79599106311798
                ]
            ],
            "provenance": "visii",
            "quaternion_xyzw": [
                0.2702547013759613,
                0.7509763836860657,
                -0.2817135155200958,
                0.5325735211372375
            ],
            "quaternion_xyzw_world": [
                0.9177590608596802,
                0.11493087559938431,
                0.10347204655408859,
                0.36579084396362305
            ],
            "segmentation_id": 3,
            "visibility": 1
        },
        {
            "bounding_box_minx_maxx_miny_maxy": [
                -1,
                -1,
                -1,
                -1
            ],
            "class": "Paul",
            "local_cuboid": null,
            "local_to_world_matrix": [
                [
                    -0.40834498405456543,
                    0.8676393032073975,
                    0.2836494445800781,
                    0.0
                ],
                [
                    -0.8534208536148071,
                    -0.473138689994812,
                    0.21866253018379211,
                    0.0
                ],
                [
                    0.32392555475234985,
                    -0.1527826189994812,
                    0.9336646795272827,
                    0.0
                ],
                [
                    0.17637459933757782,
                    -0.3991464078426361,
                    -0.26742634177207947,
                    1.0
                ]
            ],
            "location": [
                0.3991464078426361,
                -0.26742634177207947,
                -0.17637459933757782
            ],
            "location_world": [
                0.17637459933757782,
                -0.3991464078426361,
                -0.26742634177207947
            ],
            "name": "google_Paul_Frank_Dot_Lunch_Box_3",
            "projected_cuboid": [
                [
                    979.4096946716309,
                    312.27636337280273
                ],
                [
                    1626.3816356658936,
                    256.11409544944763
                ],
                [
                    2701.6007900238037,
                    1975.5072593688965
                ],
                [
                    1177.886724472046,
                    1116.4379119873047
                ],
                [
                    1148.8127708435059,
                    421.6282069683075
                ],
                [
                    1587.361454963684,
                    427.6677966117859
                ],
                [
                    2017.6465511322021,
                    1211.3680839538574
                ],
                [
                    1316.0666227340698,
                    942.1418309211731
                ],
                [
                    1426.030158996582,
                    699.040412902832
                ]
            ],
            "provenance": "visii",
            "quaternion_xyzw": [
                0.24373343586921692,
                0.7762453556060791,
                0.575554370880127,
                -0.0823071300983429
            ],
            "quaternion_xyzw_world": [
                0.18105864524841309,
                0.019632354378700256,
                0.8389201760292053,
                0.5128796100616455
            ],
            "segmentation_id": 4,
            "visibility": 0
        },
        {
            "bounding_box_minx_maxx_miny_maxy": [
                -1,
                -1,
                -1,
                -1
            ],
            "class": "Toys",
            "local_cuboid": null,
            "local_to_world_matrix": [
                [
                    -0.638247013092041,
                    -0.742802619934082,
                    0.2022007703781128,
                    0.0
                ],
                [
                    -0.46071863174438477,
                    0.15813231468200684,
                    -0.8733456134796143,
                    0.0
                ],
                [
                    0.6167489290237427,
                    -0.6505677700042725,
                    -0.44315052032470703,
                    0.0
                ],
                [
                    1.177115559577942,
                    -0.34222400188446045,
                    -0.05319786071777344,
                    1.0
                ]
            ],
            "location": [
                0.34222400188446045,
                -0.05319786071777344,
                -1.177115559577942
            ],
            "location_world": [
                1.177115559577942,
                -0.34222400188446045,
                -0.05319786071777344
            ],
            "name": "google_Toys_R_Us_Treat_Dispenser_Smart_Puzzle_Foobler_4",
            "projected_cuboid": [
                [
                    495.50652503967285,
                    268.40007305145264
                ],
                [
                    497.79748916625977,
                    337.8481864929199
                ],
                [
                    464.1036093235016,
                    307.8828752040863
                ],
                [
                    463.6801779270172,
                    234.61061716079712
                ],
                [
                    426.502525806427,
                    280.97960352897644
                ],
                [
                    424.81186985969543,
                    345.78728675842285
                ],
                [
                    388.11179995536804,
                    318.93736124038696
                ],
                [
                    391.99140667915344,
                    250.77781081199646
                ],
                [
                    443.2739317417145,
                    292.9794192314148
                ]
            ],
            "provenance": "visii",
            "quaternion_xyzw": [
                -0.8990129232406616,
                -0.012254685163497925,
                -0.3583971858024597,
                -0.25135040283203125
            ],
            "quaternion_xyzw_world": [
                -0.4021104574203491,
                0.7482529282569885,
                -0.5091571807861328,
                0.13850535452365875
            ],
            "segmentation_id": 5,
            "visibility": 0
        },
        {
            "bounding_box_minx_maxx_miny_maxy": [
                -1,
                -1,
                -1,
                -1
            ],
            "class": "Tag",
            "local_cuboid": null,
            "local_to_world_matrix": [
                [
                    -0.4071826934814453,
                    -0.7077954411506653,
                    0.5772590041160583,
                    0.0
                ],
                [
                    -0.1500566601753235,
                    0.6752797365188599,
                    0.7221359014511108,
                    0.0
                ],
                [
                    -0.9009358286857605,
                    0.20741957426071167,
                    -0.3811715841293335,
                    0.0
                ],
                [
                    0.34914782643318176,
                    -0.3729865252971649,
                    -0.21918664872646332,
                    1.0
                ]
            ],
            "location": [
                0.3729865252971649,
                -0.21918664872646332,
                -0.34914782643318176
            ],
            "location_world": [
                0.34914782643318176,
                -0.3729865252971649,
                -0.21918664872646332
            ],
            "name": "google_Tag_Dishtowel_Basket_Weave_Red_18_x_26_5",
            "projected_cuboid": [
                [
                    1263.2774114608765,
                    787.1723771095276
                ],
                [
                    1039.1621589660645,
                    475.59016942977905
                ],
                [
                    970.4319834709167,
                    424.75205659866333
                ],
                [
                    1180.5896759033203,
                    712.2205495834351
                ],
                [
                    876.3314485549927,
                    846.9248414039612
                ],
                [
                    658.2757234573364,
                    606.1354875564575
                ],
                [
                    635.2003812789917,
                    553.7432432174683
                ],
                [
                    838.2100462913513,
                    780.2616953849792
                ],
                [
                    918.2336926460266,
                    658.9345335960388
                ]
            ],
            "provenance": "visii",
            "quaternion_xyzw": [
                -0.14553670585155487,
                0.1683780401945114,
                -0.3431488573551178,
                -0.912533164024353
            ],
            "quaternion_xyzw_world": [
                -0.27327150106430054,
                0.7847983837127686,
                0.2961128354072571,
                -0.47088363766670227
            ],
            "segmentation_id": 6,
            "visibility": 0
        },
        {
            "bounding_box_minx_maxx_miny_maxy": [
                -1,
                -1,
                -1,
                -1
            ],
            "class": "FRACTION",
            "local_cuboid": null,
            "local_to_world_matrix": [
                [
                    0.275127112865448,
                    0.3354025185108185,
                    0.9010050892829895,
                    0.0
                ],
                [
                    -0.40303775668144226,
                    -0.810608983039856,
                    0.4248220920562744,
                    0.0
                ],
                [
                    0.87284916639328,
                    -0.48001915216445923,
                    -0.08784067630767822,
                    0.0
                ],
                [
                    1.1253169775009155,
                    -0.22683031857013702,
                    -0.06865018606185913,
                    1.0
                ]
            ],
            "location": [
                0.22683031857013702,
                -0.06865018606185913,
                -1.1253169775009155
            ],
            "location_world": [
                1.1253169775009155,
                -0.22683031857013702,
                -0.06865018606185913
            ],
            "name": "google_FRACTION_FUN_n4h4qte23QR_6",
            "projected_cuboid": [
                [
                    319.84221935272217,
                    266.6320502758026
                ],
                [
                    404.978483915329,
                    225.5444973707199
                ],
                [
                    398.8928198814392,
                    222.6143181324005
                ],
                [
                    311.40702962875366,
                    265.21238684654236
                ],
                [
                    352.81842947006226,
                    348.21832180023193
                ],
                [
                    443.9634084701538,
                    310.98008155822754
                ],
                [
                    439.0034079551697,
                    310.9886944293976
                ],
                [
                    345.13261914253235,
                    349.475622177124
                ],
                [
                    375.1887381076813,
                    287.2343063354492
                ]
            ],
            "provenance": "visii",
            "quaternion_xyzw": [
                0.5274051427841187,
                0.811337411403656,
                0.09712269902229309,
                0.2326856255531311
            ],
            "quaternion_xyzw_world": [
                0.7371527552604675,
                -0.02293800376355648,
                0.6015897989273071,
                0.30687034130096436
            ],
            "segmentation_id": 7,
            "visibility": 0
        },
        {
            "bounding_box_minx_maxx_miny_maxy": [
                -1,
                -1,
                -1,
                -1
            ],
            "class": "FAIRY",
            "local_cuboid": null,
            "local_to_world_matrix": [
                [
                    0.9077593684196472,
                    0.3379638195037842,
                    0.24850241839885712,
                    0.0
                ],
                [
                    0.05504429340362549,
                    -0.6832320690155029,
                    0.7281243205070496,
                    0.0
                ],
                [
                    0.4158642888069153,
                    -0.6472830176353455,
                    -0.6388133764266968,
                    0.0
                ],
                [
                    0.42758098244667053,
                    0.37083786725997925,
                    0.397693395614624,
                    1.0
                ]
            ],
            "location": [
                -0.37083786725997925,
                0.397693395614624,
                -0.42758098244667053
            ],
            "location_world": [
                0.42758098244667053,
                0.37083786725997925,
                0.397693395614624
            ],
            "name": "google_FAIRY_TALE_BLOCKS_7",
            "projected_cuboid": [
                [
                    -96.11678123474121,
                    67.20244884490967
                ],
                [
                    82.33988285064697,
                    -110.41933298110962
                ],
                [
                    -105.11362552642822,
                    -328.4299373626709
                ],
                [
                    -319.74101066589355,
                    -125.87323784828186
                ],
                [
                    -164.14111852645874,
                    57.35678970813751
                ],
                [
                    113.18077147006989,
                    -215.94718098640442
                ],
                [
                    -195.86026668548584,
                    -615.9672737121582
                ],
                [
                    -571.1942315101624,
                    -279.3888449668884
                ],
                [
                    -130.06779551506042,
                    -165.33681750297546
                ]
            ],
            "provenance": "visii",
            "quaternion_xyzw": [
                0.2957095205783844,
                0.7877107262611389,
                -0.22021323442459106,
                0.49353229999542236
            ],
            "quaternion_xyzw_world": [
                0.8985828757286072,
                0.1093410849571228,
                0.18483735620975494,
                0.3826601207256317
            ],
            "segmentation_id": 8,
            "visibility": 0
        },
        {
            "bounding_box_minx_maxx_miny_maxy": [
                -1,
                -1,
                -1,
                -1
            ],
            "class": "Great",
            "local_cuboid": null,
            "local_to_world_matrix": [
                [
                    -0.1404128074645996,
                    0.5809265971183777,
                    -0.8017537593841553,
                    0.0
                ],
                [
                    -0.6821175217628479,
                    -0.6436977386474609,
                    -0.34694331884384155,
                    0.0
                ],
                [
                    -0.7176352739334106,
                    0.4981750249862671,
                    0.48664307594299316,
                    0.0
                ],
                [
                    1.9005063772201538,
                    -0.7115057706832886,
                    0.018842026591300964,
                    1.0
                ]
            ],
            "location": [
                0.7115057706832886,
                0.018842026591300964,
                -1.9005063772201538
            ],
            "location_world": [
                1.9005063772201538,
                -0.7115057706832886,
                0.018842026591300964
            ],
            "name": "google_Great_Jones_Wingtip_kAqSg6EgG0I_8",
            "projected_cuboid": [
                [
                    414.33200240135193,
                    223.63682091236115
                ],
                [
                    505.9577226638794,
                    258.6720883846283
                ],
                [
                    513.4066939353943,
                    276.97715163230896
                ],
                [
                    424.7289299964905,
                    241.4235770702362
                ],
                [
                    433.18015336990356,
                    196.00453972816467
                ],
                [
                    526.3056755065918,
                    227.30311751365662
                ],
                [
                    532.7684283256531,
                    246.87039852142334
                ],
                [
                    442.73287057876587,
                    214.7727906703949
                ],
                [
                    471.7099070549011,
                    234.8926067352295
                ]
            ],
            "provenance": "visii",
            "quaternion_xyzw": [
                -0.10997918248176575,
                0.3592868447303772,
                0.8132504224777222,
                -0.44434380531311035
            ],
            "quaternion_xyzw_world": [
                -0.5041432976722717,
                0.05017966404557228,
                0.7534509897232056,
                0.41908636689186096
            ],
            "segmentation_id": 9,
            "visibility": 0
        },
        {
            "bounding_box_minx_maxx_miny_maxy": [
                166,
                290,
                1,
                76
            ],
            "class": "Ecoforms",
            "local_cuboid": null,
            "local_to_world_matrix": [
                [
                    0.04390108585357666,
                    -0.5403859615325928,
                    0.8402711749076843,
                    0.0
                ],
                [
                    0.16466817259788513,
                    -0.8256640434265137,
                    -0.539595365524292,
                    0.0
                ],
                [
                    0.9853715300559998,
                    0.16205476224422455,
                    0.05273681879043579,
                    0.0
                ],
                [
                    0.9667012095451355,
                    0.0023203417658805847,
                    0.4472382366657257,
                    1.0
                ]
            ],
            "location": [
                -0.0023203417658805847,
                0.4472382366657257,
                -0.9667012095451355
            ],
            "location_world": [
                0.9667012095451355,
                0.0023203417658805847,
                0.4472382366657257
            ],
            "name": "google_Ecoforms_Plant_Container_Quadra_Sand_QP6_9",
            "projected_cuboid": [
                [
                    219.463512301445,
                    -66.14291667938232
                ],
                [
                    302.4997115135193,
                    -3.830641508102417
                ],
                [
                    328.0457556247711,
                    -41.12088680267334
                ],
                [
                    231.4111441373825,
                    -115.48829078674316
                ],
                [
                    163.4477972984314,
                    18.228113651275635
                ],
                [
                    248.62316250801086,
                    78.68677377700806
                ],
                [
                    265.2408480644226,
                    55.08694052696228
                ],
                [
                    165.67666828632355,
                    -16.75555109977722
                ],
                [
                    240.79196155071259,
                    -9.65985655784607
                ]
            ],
            "provenance": "visii",
            "quaternion_xyzw": [
                0.8754074573516846,
                0.47575998306274414,
                -0.058817148208618164,
                -0.06208682060241699
            ],
            "quaternion_xyzw_world": [
                0.6739488840103149,
                -0.13937178254127502,
                0.6772185564041138,
                -0.2602757215499878
            ],
            "segmentation_id": 10,
            "visibility": 1
        },
        {
            "bounding_box_minx_maxx_miny_maxy": [
                416,
                499,
                411,
                500
            ],
            "class": "ReadytoUse",
            "local_cuboid": null,
            "local_to_world_matrix": [
                [
                    0.5203837752342224,
                    0.6733816862106323,
                    0.5251264572143555,
                    0.0
                ],
                [
                    -0.8520954847335815,
                    0.36915886402130127,
                    0.37101882696151733,
                    0.0
                ],
                [
                    0.05598220229148865,
                    -0.6405300498008728,
                    0.7658898234367371,
                    0.0
                ],
                [
                    0.3405945599079132,
                    -0.08385253697633743,
                    -0.2626257836818695,
                    1.0
                ]
            ],
            "location": [
                0.08385253697633743,
                -0.2626257836818695,
                -0.3405945599079132
            ],
            "location_world": [
                0.3405945599079132,
                -0.08385253697633743,
                -0.2626257836818695
            ],
            "name": "google_ReadytoUse_Rolled_Fondant_Pure_White_24_oz_box_10",
            "projected_cuboid": [
                [
                    490.1232719421387,
                    416.0425662994385
                ],
                [
                    487.64437437057495,
                    404.8130512237549
                ],
                [
                    308.3871304988861,
                    630.9541463851929
                ],
                [
                    330.01431822776794,
                    618.3719038963318
                ],
                [
                    680.7407140731812,
                    560.7326626777649
                ],
                [
                    704.5681476593018,
                    567.4804449081421
                ],
                [
                    492.9998815059662,
                    848.6930727958679
                ],
                [
                    495.345801115036,
                    806.0559034347534
                ],
                [
                    491.32275581359863,
                    596.4546203613281
                ]
            ],
            "provenance": "visii",
            "quaternion_xyzw": [
                0.05380900204181671,
                0.7246348261833191,
                0.558207094669342,
                0.4005168080329895
            ],
            "quaternion_xyzw_world": [
                0.3103767931461334,
                -0.14394903182983398,
                0.46806707978248596,
                0.8147748708724976
            ],
            "segmentation_id": 11,
            "visibility": 1
        },
        {
            "bounding_box_minx_maxx_miny_maxy": [
                399,
                435,
                472,
                500
            ],
            "class": "Dog",
            "local_cuboid": null,
            "local_to_world_matrix": [
                [
                    0.6826493144035339,
                    -0.7261801958084106,
                    -0.08156153559684753,
                    0.0
                ],
                [
                    0.23592332005500793,
                    0.11338096857070923,
                    0.9651346802711487,
                    0.0
                ],
                [
                    -0.6916141510009766,
                    -0.6780907511711121,
                    0.24872231483459473,
                    0.0
                ],
                [
                    1.6556695699691772,
                    -0.4121299088001251,
                    -0.6640098690986633,
                    1.0
                ]
            ],
            "location": [
                0.4121299088001251,
                -0.6640098690986633,
                -1.6556695699691772
            ],
            "location_world": [
                1.6556695699691772,
                -0.4121299088001251,
                -0.6640098690986633
            ],
            "name": "google_Dog_11",
            "projected_cuboid": [
                [
                    496.4025914669037,
                    523.0509638786316
                ],
                [
                    481.86755180358887,
                    448.7552046775818
                ],
                [
                    417.3240065574646,
                    450.18917322158813
                ],
                [
                    429.03780937194824,
                    518.5502767562866
                ],
                [
                    452.23087072372437,
                    545.4851984977722
                ],
                [
                    437.4481439590454,
                    462.46999502182007
                ],
                [
                    370.3423738479614,
                    462.8646969795227
                ],
                [
                    381.92254304885864,
                    538.5399460792542
                ],
                [
                    432.90913105010986,
                    492.7366077899933
                ]
            ],
            "provenance": "visii",
            "quaternion_xyzw": [
                -0.13174915313720703,
                0.3699122667312622,
                0.008650004863739014,
                0.9196370244026184
            ],
            "quaternion_xyzw_world": [
                0.5745750665664673,
                -0.2133127897977829,
                -0.3364119529724121,
                0.7149742245674133
            ],
            "segmentation_id": 12,
            "visibility": 1
        },
        {
            "bounding_box_minx_maxx_miny_maxy": [
                155,
                155,
                394,
                394
            ],
            "class": "Black",
            "local_cuboid": null,
            "local_to_world_matrix": [
                [
                    -0.17969632148742676,
                    0.9452592730522156,
                    0.27238619327545166,
                    0.0
                ],
                [
                    -0.7298585772514343,
                    -0.31375932693481445,
                    0.6073398590087891,
                    0.0
                ],
                [
                    0.6595572829246521,
                    -0.0896666944026947,
                    0.7462868690490723,
                    0.0
                ],
                [
                    1.562619686126709,
                    0.30262184143066406,
                    -0.5053265690803528,
                    1.0
                ]
            ],
            "location": [
                -0.30262184143066406,
                -0.5053265690803528,
                -1.562619686126709
            ],
            "location_world": [
                1.562619686126709,
                0.30262184143066406,
                -0.5053265690803528
            ],
            "name": "google_Black_Elderberry_Syrup_54_oz_Gaia_Herbs_12",
            "projected_cuboid": [
                [
                    132.5683891773224,
                    396.74168825149536
                ],
                [
                    136.32243871688843,
                    387.34543323516846
                ],
                [
                    124.1263598203659,
                    438.456654548645
                ],
                [
                    120.47788500785828,
                    447.02643156051636
                ],
                [
                    152.6273787021637,
                    401.42160654067993
                ],
                [
                    156.8848192691803,
                    392.2070264816284
                ],
                [
                    146.04243636131287,
                    443.27986240386963
                ],
                [
                    141.82284474372864,
                    451.66337490081787
                ],
                [
                    139.03650641441345,
                    419.08198595046997
                ]
            ],
            "provenance": "visii",
            "quaternion_xyzw": [
                0.16352233290672302,
                0.8961244821548462,
                0.41181373596191406,
                -0.02511635422706604
            ],
            "quaternion_xyzw_world": [
                0.31135836243629456,
                0.17295239865779877,
                0.7482884526252747,
                0.5596497654914856
            ],
            "segmentation_id": 13,
            "visibility": 1
        },
        {
            "bounding_box_minx_maxx_miny_maxy": [
                -1,
                -1,
                -1,
                -1
            ],
            "class": "Razer",
