{
    "camera_data": {
        "camera_look_at": {
            "at": [
                1.0,
                0.0,
                0.0
            ],
            "eye": [
                0.0,
                0.0,
                0.0
            ],
            "up": [
                0.0,
                0.0,
                1.0
            ]
        },
        "camera_view_matrix": [
            [
                0.0,
                0.0,
                -1.0,
                0.0
            ],
            [
                -1.0,
                0.0,
                0.0,
                0.0
            ],
            [
                0.0,
                1.0,
                0.0,
                0.0
            ],
            [
                0.0,
                0.0,
                0.0,
                1.0
            ]
        ],
        "height": 500,
        "intrinsics": {
            "cx": 250.0,
            "cy": 250.0,
            "fx": 603.5535278320312,
            "fy": 603.5535278320312
        },
        "location_world": [
            0.0,
            0.0,
            0.0
        ],
        "quaternion_world_xyzw": [
            0.5,
            -0.5,
            -0.5,
            0.5
        ],
        "width": 500
    },
    "objects": [
        {
            "bounding_box_minx_maxx_miny_maxy": [
                133,
                160,
                130,
                170
            ],
            "class": "Reebok",
            "local_cuboid": null,
            "local_to_world_matrix": [
                [
                    -0.0009162425994873047,
                    -0.7603335380554199,
                    0.6495321989059448,
                    0.0
                ],
                [
                    0.9999513626098633,
                    -0.007072925567626953,
                    -0.006868958473205566,
                    0.0
                ],
                [
                    0.00981682538986206,
                    0.6494942903518677,
                    0.7603030800819397,
                    0.0
                ],
                [
                    1.0808861255645752,
                    0.21465720236301422,
                    0.17156580090522766,
                    1.0
                ]
            ],
            "location": [
                -0.21465720236301422,
                0.17156580090522766,
                -1.0808861255645752
            ],
            "location_world": [
                1.0808861255645752,
                0.21465720236301422,
                0.17156580090522766
            ],
            "name": "google_Reebok_SOMERSET_RUN_0",
            "projected_cuboid": [
                [
                    89.93443846702576,
                    58.12908709049225
                ],
                [
                    129.08807396888733,
                    104.83120381832123
                ],
                [
                    166.06423258781433,
                    148.11238646507263
                ],
                [
                    138.44217360019684,
                    114.90713059902191
                ],
                [
                    34.600064158439636,
                    105.43602705001831
                ],
                [
                    86.93303167819977,
                    140.8640444278717
                ],
                [
                    123.86691570281982,
                    184.1750293970108
                ],
                [
                    83.03496241569519,
                    162.26547956466675
                ],
                [
                    109.18810963630676,
                    129.64904308319092
                ]
            ],
            "provenance": "visii",
            "quaternion_xyzw": [
                -0.6665244698524475,
                -0.24627947807312012,
                0.2432686686515808,
                0.6602362394332886
            ],
            "quaternion_xyzw_world": [
                -0.24791815876960754,
                -0.24162998795509338,
                -0.6648857593536377,
                0.6618749499320984
            ],
            "segmentation_id": 1,
            "visibility": 1
        },
        {
            "bounding_box_minx_maxx_miny_maxy": [
                174,
                239,
                441,
                500
            ],
            "class": "Breyer",
            "local_cuboid": null,
            "local_to_world_matrix": [
                [
                    -0.5728602409362793,
                    -0.5334330201148987,
                    -0.6223185062408447,
                    0.0
                ],
                [
                    0.7420153021812439,
                    -0.014966130256652832,
                    -0.6702158451080322,
                    0.0
                ],
                [
                    0.34820154309272766,
                    -0.8457099199295044,
                    0.404388964176178,
                    0.0
                ],
                [
                    0.5055107474327087,
                    0.10250073671340942,
                    -0.33333152532577515,
                    1.0
                ]
            ],
            "location": [
                -0.10250073671340942,
                -0.33333152532577515,
                -0.5055107474327087
            ],
            "location_world": [
                0.5055107474327087,
                0.10250073671340942,
                -0.33333152532577515
            ],
            "name": "google_Breyer_Horse_Of_The_Year_2015_1",
            "projected_cuboid": [
                [
                    363.31772804260254,
                    668.3024168014526
                ],
                [
                    354.9562096595764,
                    678.7887811660767
                ],
                [
                    198.67537915706635,
                    808.518648147583
                ],
                [
                    192.2292411327362,
                    809.8755478858948
                ],
                [
                    216.10543131828308,
                    434.19408798217773
                ],
                [
                    219.13829445838928,
                    457.95756578445435
                ],
                [
                    85.38879454135895,
                    539.1761064529419
                ],
                [
                    71.73077762126923,
                    519.399881362915
                ],
                [
                    208.5525542497635,
                    596.3982343673706
                ]
            ],
            "provenance": "visii",
            "quaternion_xyzw": [
                0.7987256050109863,
                -0.19010040163993835,
                0.44401049613952637,
                -0.35882294178009033
            ],
            "quaternion_xyzw_world": [
                -0.09710413217544556,
                -0.5370067954063416,
                0.7057293057441711,
                -0.4518192410469055
            ],
            "segmentation_id": 2,
            "visibility": 1
        },
        {
            "bounding_box_minx_maxx_miny_maxy": [
                0,
                45,
                12,
                147
            ],
            "class": "Smith",
            "local_cuboid": null,
            "local_to_world_matrix": [
                [
                    -0.7858352661132812,
                    -0.19048070907592773,
                    -0.588370680809021,
                    0.0
                ],
                [
                    0.5254638195037842,
                    0.29603248834609985,
                    -0.797654390335083,
                    0.0
                ],
                [
                    0.32611462473869324,
                    -0.9359924793243408,
                    -0.13254201412200928,
                    0.0
                ],
                [
                    1.5343836545944214,
                    0.7805184721946716,
                    0.49202048778533936,
                    1.0
                ]
            ],
            "location": [
                -0.7805184721946716,
                0.49202048778533936,
                -1.5343836545944214
            ],
            "location_world": [
                1.5343836545944214,
                0.7805184721946716,
                0.49202048778533936
            ],
            "name": "google_Smith_Hawken_Woven_BasketTray_Organizer_with_3_Compartments_95_x_9_x_13_2",
            "projected_cuboid": [
                [
                    55.09120225906372,
                    55.61387538909912
                ],
                [
                    42.39994287490845,
                    152.73982286453247
                ],
                [
                    -74.10183548927307,
                    132.16689229011536
                ],
                [
                    -72.47468829154968,
                    26.509776711463928
                ],
                [
                    63.22072446346283,
                    12.550219893455505
                ],
                [
                    51.89414322376251,
                    97.81685471534729
                ],
                [
                    -45.179933309555054,
                    77.82842218875885
                ],
                [
                    -41.40564799308777,
                    -13.769179582595825
                ],
                [
                    -0.30726194381713867,
                    67.88712739944458
                ]
            ],
            "provenance": "visii",
            "quaternion_xyzw": [
                -0.7606329321861267,
                0.29068002104759216,
                -0.5659193992614746,
                0.12914302945137024
            ],
            "quaternion_xyzw_world": [
                0.11255477368831635,
                0.7440446615219116,
                -0.5825076699256897,
                0.30726829171180725
            ],
            "segmentation_id": 3,
            "visibility": 1
        },
        {
            "bounding_box_minx_maxx_miny_maxy": [
                -1,
                -1,
                -1,
                -1
            ],
            "class": "Paul",
            "local_cuboid": null,
            "local_to_world_matrix": [
                [
                    0.05641603469848633,
                    0.8893290758132935,
                    0.45377427339553833,
                    0.0
                ],
                [
                    -0.8211629390716553,
                    0.29985183477401733,
                    -0.4855722486972809,
                    0.0
                ],
                [
                    -0.5678985714912415,
                    -0.34522852301597595,
                    0.7472004294395447,
                    0.0
                ],
                [
                    0.3063786029815674,
                    -0.3645124137401581,
                    -0.1349000632762909,
                    1.0
                ]
            ],
            "location": [
                0.3645124137401581,
                -0.1349000632762909,
                -0.3063786029815674
            ],
            "location_world": [
                0.3063786029815674,
                -0.3645124137401581,
                -0.1349000632762909
            ],
            "name": "google_Paul_Frank_Dot_Lunch_Box_3",
            "projected_cuboid": [
                [
                    1165.0054454803467,
                    -82.22121000289917
                ],
                [
                    1611.8320226669312,
                    -66.3493275642395
                ],
                [
                    766.6954398155212,
                    476.52843594551086
                ],
                [
                    693.378746509552,
                    332.16801285743713
                ],
                [
                    1897.7307081222534,
                    235.5053275823593
                ],
                [
                    2926.91969871521,
                    482.3942184448242
                ],
                [
                    1352.0362377166748,
                    773.0291485786438
                ],
                [
                    1124.4410276412964,
                    545.8782911300659
                ],
                [
                    1264.0196084976196,
                    370.54890394210815
                ]
            ],
            "provenance": "visii",
            "quaternion_xyzw": [
                0.0841793417930603,
                0.4571264386177063,
                0.8577295541763306,
                0.219657301902771
            ],
            "quaternion_xyzw_world": [
                -0.04838324338197708,
                -0.3522198796272278,
                0.5896890163421631,
                0.7251669764518738
            ],
            "segmentation_id": 4,
            "visibility": 0
        },
        {
            "bounding_box_minx_maxx_miny_maxy": [
                365,
                398,
                495,
                500
            ],
            "class": "Toys",
            "local_cuboid": null,
            "local_to_world_matrix": [
                [
                    -0.3320810794830322,
                    -0.7034619450569153,
                    -0.6283816695213318,
                    0.0
                ],
                [
                    -0.630634605884552,
                    0.6609862446784973,
                    -0.40669047832489014,
                    0.0
                ],
                [
                    0.7014428973197937,
                    0.26122504472732544,
                    -0.6631284952163696,
                    0.0
                ],
                [
                    1.4043337106704712,
                    -0.3419019877910614,
                    -0.6215174198150635,
                    1.0
                ]
            ],
            "location": [
                0.3419019877910614,
                -0.6215174198150635,
                -1.4043337106704712
            ],
            "location_world": [
                1.4043337106704712,
                -0.3419019877910614,
                -0.6215174198150635
            ],
            "name": "google_Toys_R_Us_Treat_Dispenser_Smart_Puzzle_Foobler_4",
            "projected_cuboid": [
                [
                    410.08734703063965,
                    541.2222146987915
                ],
                [
                    378.18920612335205,
                    587.1574878692627
                ],
                [
                    406.75365924835205,
                    568.2663917541504
                ],
                [
                    439.11510705947876,
                    520.1513767242432
                ],
                [
                    363.48652839660645,
                    494.7938919067383
                ],
                [
                    329.6516537666321,
                    536.1179709434509
                ],
                [
                    353.3717393875122,
                    513.9526724815369
                ],
                [
                    388.1128430366516,
                    471.07499837875366
                ],
                [
                    383.220374584198,
                    528.3042788505554
                ]
            ],
            "provenance": "visii",
            "quaternion_xyzw": [
                -0.8383906483650208,
                0.38447707891464233,
                -0.021128594875335693,
                -0.385787695646286
            ],
            "quaternion_xyzw_world": [
                -0.4092863202095032,
                0.8148919939994812,
                -0.044627223163843155,
                0.4079757034778595
            ],
            "segmentation_id": 5,
            "visibility": 1
        },
        {
            "bounding_box_minx_maxx_miny_maxy": [
                -1,
                -1,
                -1,
                -1
            ],
            "class": "Tag",
            "local_cuboid": null,
            "local_to_world_matrix": [
                [
                    -0.8380889892578125,
                    -0.21963560581207275,
                    0.4993666112422943,
                    0.0
                ],
                [
                    0.3290731906890869,
                    0.52654629945755,
                    0.7838748097419739,
                    0.0
                ],
                [
                    -0.435106486082077,
                    0.8212850689888,
                    -0.3690164089202881,
                    0.0
                ],
                [
                    0.40634670853614807,
                    -0.44595566391944885,
                    -0.43111276626586914,
                    1.0
                ]
            ],
            "location": [
                0.44595566391944885,
                -0.43111276626586914,
                -0.40634670853614807
            ],
            "location_world": [
                0.40634670853614807,
                -0.44595566391944885,
                -0.43111276626586914
            ],
            "name": "google_Tag_Dishtowel_Basket_Weave_Red_18_x_26_5",
            "projected_cuboid": [
                [
                    1316.4178133010864,
                    1306.6858053207397
                ],
                [
                    881.4096450805664,
                    772.7304697036743
                ],
                [
                    902.0360708236694,
                    730.7080030441284
                ],
                [
                    1320.1401233673096,
                    1226.5104055404663
                ],
                [
                    904.1051864624023,
                    1071.9878673553467
                ],
                [
                    656.2411189079285,
                    726.2158393859863
                ],
                [
                    677.7722835540771,
                    697.1914172172546
                ],
                [
                    920.8412170410156,
                    1025.9723663330078
                ],
                [
                    903.1367301940918,
                    912.2690558433533
                ]
            ],
            "provenance": "visii",
            "quaternion_xyzw": [
                -0.012789160013198853,
                0.5313032865524292,
                -0.3284798264503479,
                -0.7808035612106323
            ],
            "quaternion_xyzw_world": [
                0.033095188438892365,
                0.8266879320144653,
                0.4854189455509186,
                -0.2825954854488373
            ],
            "segmentation_id": 6,
            "visibility": 0
        },
        {
            "bounding_box_minx_maxx_miny_maxy": [
                -1,
                -1,
                -1,
                -1
            ],
            "class": "FRACTION",
            "local_cuboid": null,
            "local_to_world_matrix": [
                [
                    0.7559531331062317,
                    0.6445653438568115,
                    0.11432601511478424,
                    0.0
                ],
                [
                    -0.3671018183231354,
                    0.2728109359741211,
                    0.8892752528190613,
                    0.0
                ],
                [
                    0.5420066118240356,
                    -0.7142197489738464,
                    0.4428533911705017,
                    0.0
                ],
                [
                    1.8805791139602661,
                    -0.3871370255947113,
                    -0.0732106864452362,
                    1.0
                ]
            ],
            "location": [
                0.3871370255947113,
                -0.0732106864452362,
                -1.8805791139602661
            ],
            "location_world": [
                1.8805791139602661,
                -0.3871370255947113,
                -0.0732106864452362
            ],
            "name": "google_FRACTION_FUN_n4h4qte23QR_6",
            "projected_cuboid": [
                [
                    366.71391129493713,
                    288.49539160728455
                ],
                [
                    354.81175780296326,
                    237.43224143981934
                ],
                [
                    346.2406396865845,
                    243.39745938777924
                ],
                [
                    358.58574509620667,
                    294.8631942272186
                ],
                [
                    411.35910153388977,
                    297.6723909378052
                ],
                [
                    400.30187368392944,
                    243.21261048316956
                ],
                [
                    391.69958233833313,
                    249.69878792762756
                ],
                [
                    403.2217860221863,
                    304.61403727531433
                ],
                [
                    378.46213579177856,
                    270.25339007377625
                ]
            ],
            "provenance": "visii",
            "quaternion_xyzw": [
                -0.045183077454566956,
                0.8769046664237976,
                0.2309131920337677,
                0.41913706064224243
            ],
            "quaternion_xyzw_world": [
                0.5099727511405945,
                0.1360187828540802,
                0.32174885272979736,
                0.7860689759254456
            ],
            "segmentation_id": 7,
            "visibility": 0
        },
        {
            "bounding_box_minx_maxx_miny_maxy": [
                -1,
                -1,
                -1,
                -1
            ],
            "class": "FAIRY",
            "local_cuboid": null,
            "local_to_world_matrix": [
                [
                    0.2195655107498169,
                    -0.975355327129364,
                    0.021746307611465454,
                    0.0
                ],
                [
                    -0.505893886089325,
                    -0.09476757049560547,
                    0.8573741316795349,
                    0.0
                ],
                [
                    -0.8341835737228394,
                    -0.19925111532211304,
                    -0.5142340660095215,
                    0.0
                ],
                [
                    0.4485835134983063,
                    0.46423229575157166,
                    0.454486221075058,
                    1.0
                ]
            ],
            "location": [
                -0.46423229575157166,
                0.454486221075058,
                -0.4485835134983063
            ],
            "location_world": [
                0.4485835134983063,
                0.46423229575157166,
                0.454486221075058
            ],
            "name": "google_FAIRY_TALE_BLOCKS_7",
            "projected_cuboid": [
                [
                    -275.7079005241394,
                    -137.04240322113037
                ],
                [
                    -524.0527391433716,
                    -985.5859279632568
                ],
                [
                    -237.35946416854858,
                    -592.5539135932922
                ],
                [
                    -144.93146538734436,
                    -131.90770149230957
                ],
                [
                    -852.2622585296631,
                    -195.8814561367035
                ],
                [
                    -1639.8534774780273,
                    -1365.2981519699097
                ],
                [
                    -723.4174609184265,
                    -712.6356363296509
                ],
                [
                    -487.3161315917969,
                    -167.76302456855774
                ],
                [
                    -498.8212585449219,
                    -423.88564348220825
                ]
            ],
            "provenance": "visii",
            "quaternion_xyzw": [
                0.266363263130188,
                0.10935623943805695,
                -0.019066423177719116,
                0.9574592709541321
            ],
            "quaternion_xyzw_world": [
                0.6761226058006287,
                -0.5476999282836914,
                -0.30040308833122253,
                0.39069291949272156
            ],
            "segmentation_id": 8,
            "visibility": 0
        },
        {
            "bounding_box_minx_maxx_miny_maxy": [
                -1,
                -1,
                -1,
                -1
            ],
            "class": "Great",
            "local_cuboid": null,
            "local_to_world_matrix": [
                [
                    0.6345213651657104,
                    0.4937148094177246,
                    0.5946666598320007,
                    0.0
                ],
                [
                    0.7727741003036499,
                    -0.3910691738128662,
                    -0.4998852014541626,
                    0.0
                ],
                [
                    -0.014244914054870605,
                    0.7767307758331299,
                    -0.6296716928482056,
                    0.0
                ],
                [
                    1.8474582433700562,
                    -0.5629971027374268,
                    -0.29652032256126404,
                    1.0
                ]
            ],
            "location": [
                0.5629971027374268,
                -0.29652032256126404,
                -1.8474582433700562
            ],
            "location_world": [
                1.8474582433700562,
                -0.5629971027374268,
                -0.29652032256126404
            ],
            "name": "google_Great_Jones_Wingtip_kAqSg6EgG0I_8",
            "projected_cuboid": [
                [
                    382.396399974823,
                    338.1250500679016
                ],
                [
                    403.2406806945801,
                    374.5400011539459
                ],
                [
                    429.73387241363525,
                    352.861613035202
                ],
                [
                    412.5339090824127,
                    313.51375579833984
                ],
                [
                    407.5413942337036,
                    365.43169617652893
                ],
                [
                    426.0078966617584,
                    399.7681140899658
                ],
                [
                    453.4496068954468,
                    377.27683782577515
                ],
                [
                    438.91242146492004,
                    339.7672772407532
                ],
                [
                    419.57902908325195,
                    358.61343145370483
                ]
            ],
            "provenance": "visii",
            "quaternion_xyzw": [
                0.4979773163795471,
                0.4948698580265045,
                -0.7084922194480896,
                -0.07184183597564697
            ],
            "quaternion_xyzw_world": [
                0.8147487640380859,
                0.3886133134365082,
                0.1780983805656433,
                -0.3917207419872284
            ],
            "segmentation_id": 9,
            "visibility": 0
        },
        {
            "bounding_box_minx_maxx_miny_maxy": [
                308,
                430,
                1,
                70
            ],
            "class": "Ecoforms",
            "local_cuboid": null,
            "local_to_world_matrix": [
                [
                    -0.49721693992614746,
                    0.16208885610103607,
                    -0.8523512482643127,
                    0.0
                ],
                [
                    0.45901745557785034,
                    0.8827940225601196,
                    -0.09988857805728912,
                    0.0
                ],
                [
                    0.7362597584724426,
                    -0.4409103989601135,
                    -0.5133417844772339,
                    0.0
                ],
                [
                    0.9617769718170166,
                    -0.15543599426746368,
                    0.4638325870037079,
                    1.0
                ]
            ],
            "location": [
                0.15543599426746368,
                0.4638325870037079,
                -0.9617769718170166
            ],
            "location_world": [
                0.9617769718170166,
                -0.15543599426746368,
                0.4638325870037079
            ],
            "name": "google_Ecoforms_Plant_Container_Quadra_Sand_QP6_9",
            "projected_cuboid": [
                [
                    430.91845512390137,
                    64.50161337852478
                ],
                [
                    322.71838188171387,
                    90.05311131477356
                ],
                [
                    285.3284478187561,
                    14.843255281448364
                ],
                [
                    405.1978588104248,
                    -21.886199712753296
                ],
                [
                    432.2940409183502,
                    -9.26065444946289
                ],
                [
                    332.6939344406128,
                    19.705981016159058
                ],
                [
                    299.8411953449249,
                    -57.0332407951355
                ],
                [
                    409.27159786224365,
                    -96.65915369987488
                ],
                [
                    363.5284900665283,
                    2.0176321268081665
                ]
            ],
            "provenance": "visii",
            "quaternion_xyzw": [
                -0.6469272375106812,
                0.6705334186553955,
                -0.36253196001052856,
                -0.0209931880235672
            ],
            "quaternion_xyzw_world": [
                0.18257245421409607,
                0.8504928946495056,
                -0.1589663326740265,
                0.46696776151657104
            ],
            "segmentation_id": 10,
            "visibility": 1
        },
        {
            "bounding_box_minx_maxx_miny_maxy": [
                -1,
                -1,
                -1,
                -1
            ],
            "class": "ReadytoUse",
            "local_cuboid": null,
            "local_to_world_matrix": [
                [
                    0.7571144700050354,
                    -0.028628483414649963,
                    0.6526547074317932,
                    0.0
                ],
                [
                    0.4659041166305542,
                    0.7239754796028137,
                    -0.5087168216705322,
                    0.0
                ],
                [
                    -0.4579422175884247,
                    0.6892313957214355,
                    0.5614704489707947,
                    0.0
                ],
                [
                    0.4357483386993408,
                    -0.002796629909425974,
                    -0.3402601182460785,
                    1.0
                ]
            ],
            "location": [
                0.002796629909425974,
                -0.3402601182460785,
                -0.4357483386993408
            ],
            "location_world": [
                0.4357483386993408,
                -0.002796629909425974,
                -0.3402601182460785
            ],
            "name": "google_ReadytoUse_Rolled_Fondant_Pure_White_24_oz_box_10",
            "projected_cuboid": [
                [
                    105.738565325737,
                    547.203540802002
                ],
                [
                    62.0596706867218,
                    567.1170949935913
                ],
                [
                    233.7898164987564,
                    633.3581209182739
                ],
                [
                    278.65296602249146,
                    619.9401617050171
                ],
                [
                    54.57119643688202,
                    797.5489497184753
                ],
                [
                    2.079412341117859,
                    805.4297566413879
                ],
                [
                    224.821537733078,
                    840.984046459198
                ],
                [
                    280.0738513469696,
                    836.8656039237976
                ],
                [
                    165.87992012500763,
                    695.573627948761
                ]
            ],
            "provenance": "visii",
            "quaternion_xyzw": [
                -0.5194716453552246,
                0.03432374447584152,
                0.6960659027099609,
                0.4944324493408203
            ],
            "quaternion_xyzw_world": [
                -0.34339064359664917,
                -0.3183514475822449,
                -0.14175726473331451,
                0.8721468448638916
            ],
            "segmentation_id": 11,
            "visibility": 0
        },
        {
            "bounding_box_minx_maxx_miny_maxy": [
                0,
                86,
                220,
                389
            ],
            "class": "Dog",
            "local_cuboid": null,
            "local_to_world_matrix": [
                [
                    -0.7595404386520386,
                    0.5171788334846497,
                    0.3944927155971527,
                    0.0
                ],
                [
                    -0.07986575365066528,
                    0.5277435779571533,
                    -0.8456407189369202,
                    0.0
                ],
                [
                    -0.6455384492874146,
                    -0.6738047003746033,
                    -0.3595377206802368,
                    0.0
                ],
                [
                    0.6041634678840637,
                    0.3212462067604065,
                    -0.015205786563456059,
                    1.0
                ]
            ],
            "location": [
                -0.3212462067604065,
                -0.015205786563456059,
                -0.6041634678840637
            ],
            "location_world": [
                0.6041634678840637,
                0.3212462067604065,
                -0.015205786563456059
            ],
            "name": "google_Dog_11",
            "projected_cuboid": [
                [
                    -56.243330240249634,
                    191.5164291858673
                ],
                [
                    -225.09360313415527,
                    440.48359990119934
                ],
                [
                    -264.41192626953125,
                    306.79646134376526
                ],
                [
                    -136.08214259147644,
                    123.03867936134338
                ],
                [
                    165.79781472682953,
                    306.67150020599365
                ],
                [
                    56.578949093818665,
                    479.58195209503174
                ],
                [
                    -25.64835548400879,
                    373.0241656303406
                ],
                [
                    65.188929438591,
                    234.25810039043427
                ],
                [
                    -36.82282567024231,
                    306.73035979270935
                ]
            ],
            "provenance": "visii",
            "quaternion_xyzw": [
                -0.4131959080696106,
                0.0806221067905426,
                -0.8672309517860413,
                -0.2658565938472748
            ],
            "quaternion_xyzw_world": [
                0.13440026342868805,
                0.8134527802467346,
                -0.46697407960891724,
                -0.3196347653865814
            ],
            "segmentation_id": 12,
            "visibility": 1
        },
        {
            "bounding_box_minx_maxx_miny_maxy": [
                -1,
                -1,
                -1,
                -1
            ],
            "class": "Black",
            "local_cuboid": null,
            "local_to_world_matrix": [
                [
                    -0.47569870948791504,
                    -0.8282956480979919,
                    0.2960357964038849,
                    0.0
                ],
                [
                    0.19713157415390015,
                    0.22760218381881714,
                    0.9535913467407227,
                    0.0
                ],
                [
                    -0.857234001159668,
                    0.5119801759719849,
                    0.055013060569763184,
                    0.0
                ],
                [
                    1.0223923921585083,
                    -0.1220664456486702,
                    -0.46476712822914124,
                    1.0
                ]
            ],
            "location": [
                0.1220664456486702,
                -0.46476712822914124,
                -1.0223923921585083
            ],
            "location_world": [
                1.0223923921585083,
                -0.1220664456486702,
                -0.46476712822914124
            ],
            "name": "google_Black_Elderberry_Syrup_54_oz_Gaia_Herbs_12",
            "projected_cuboid": [
                [
                    303.67013812065125,
                    577.3447751998901
                ],
                [
                    293.8499450683594,
                    534.859836101532
                ],
                [
                    332.6668441295624,
                    504.68528270721436
                ],
                [
                    341.71995520591736,
                    541.5507555007935
                ],
                [
                    270.52655816078186,
                    578.7926912307739
                ],
                [
                    261.41807436943054,
                    537.5480651855469
                ],
                [
                    303.09468507766724,
                    507.8396797180176
                ],
                [
                    311.5745782852173,
                    543.7682271003723
                ],
                [
                    303.35795879364014,
                    539.6385788917542
                ]
            ],
            "provenance": "visii",
            "quaternion_xyzw": [
                0.06608784198760986,
                0.25887343287467957,
                -0.13724704086780548,
                -0.9538240432739258
            ],
            "quaternion_xyzw_world": [
                -0.24580785632133484,
                0.6419283151626587,
                0.5707691311836243,
                -0.449142724275589
            ],
            "segmentation_id": 13,
            "visibility": 0
        },
        {
            "bounding_box_minx_maxx_miny_maxy": [
                -1,
                -1,
                -1,
                -1
            ],
