{
    "camera_data": {
        "camera_look_at": {
            "at": [
                1.0,
                0.0,
                0.0
            ],
            "eye": [
                0.0,
                0.0,
                0.0
            ],
            "up": [
                0.0,
                0.0,
                1.0
            ]
        },
        "camera_view_matrix": [
            [
                0.0,
                0.0,
                -1.0,
                0.0
            ],
            [
                -1.0,
                0.0,
                0.0,
                0.0
            ],
            [
                0.0,
                1.0,
                0.0,
                0.0
            ],
            [
                0.0,
                0.0,
                0.0,
                1.0
            ]
        ],
        "height": 500,
        "intrinsics": {
            "cx": 250.0,
            "cy": 250.0,
            "fx": 603.5535278320312,
            "fy": 603.5535278320312
        },
        "location_world": [
            0.0,
            0.0,
            0.0
        ],
        "quaternion_world_xyzw": [
            0.5,
            -0.5,
            -0.5,
            0.5
        ],
        "width": 500
    },
    "objects": [
        {
            "bounding_box_minx_maxx_miny_maxy": [
                26,
                67,
                74,
                126
            ],
            "class": "Reebok",
            "local_cuboid": null,
            "local_to_world_matrix": [
                [
                    0.802124559879303,
                    -0.5635799765586853,
                    0.1974177360534668,
                    0.0
                ],
                [
                    -0.5882757306098938,
                    -0.8025684356689453,
                    0.09907397627830505,
                    0.0
                ],
                [
                    0.10260511189699173,
                    -0.19560572504997253,
                    -0.9753003120422363,
                    0.0
                ],
                [
                    1.0019031763076782,
                    0.2750994563102722,
                    0.2970937490463257,
                    1.0
                ]
            ],
            "location": [
                -0.2750994563102722,
                0.2970937490463257,
                -1.0019031763076782
            ],
            "location_world": [
                1.0019031763076782,
                0.2750994563102722,
                0.2970937490463257
            ],
            "name": "google_Reebok_SOMERSET_RUN_0",
            "projected_cuboid": [
                [
                    71.82250916957855,
                    154.8224240541458
                ],
                [
                    185.9847605228424,
                    119.99793350696564
                ],
                [
                    170.93029618263245,
                    47.28037118911743
                ],
                [
                    57.855024933815,
                    93.51764619350433
                ],
                [
                    20.126521587371826,
                    159.4035029411316
                ],
                [
                    135.91516017913818,
                    121.90024554729462
                ],
                [
                    118.61006915569305,
                    41.64685308933258
                ],
                [
                    4.355788230895996,
                    92.82857179641724
                ],
                [
                    92.02942252159119,
                    105.94341158866882
                ]
            ],
            "provenance": "visii",
            "quaternion_xyzw": [
                0.6259215474128723,
                0.3994055390357971,
                -0.24225033819675446,
                0.6245095133781433
            ],
            "quaternion_xyzw_world": [
                0.9460434913635254,
                -0.304387629032135,
                0.07928357273340225,
                0.07787160575389862
            ],
            "segmentation_id": 1,
            "visibility": 1
        },
        {
            "bounding_box_minx_maxx_miny_maxy": [
                -1,
                -1,
                -1,
                -1
            ],
            "class": "Breyer",
            "local_cuboid": null,
            "local_to_world_matrix": [
                [
                    -0.4891167879104614,
                    -0.4740965962409973,
                    0.7321182489395142,
                    0.0
                ],
                [
                    0.864637553691864,
                    -0.3739752769470215,
                    0.335476279258728,
                    0.0
                ],
                [
                    0.11474603414535522,
                    0.797104001045227,
                    0.5928393602371216,
                    0.0
                ],
                [
                    0.45905810594558716,
                    0.14685027301311493,
                    -0.3541547656059265,
                    1.0
                ]
            ],
            "location": [
                -0.14685027301311493,
                -0.3541547656059265,
                -0.45905810594558716
            ],
            "location_world": [
                0.45905810594558716,
                0.14685027301311493,
                -0.3541547656059265
            ],
            "name": "google_Breyer_Horse_Of_The_Year_2015_1",
            "projected_cuboid": [
                [
                    -84.79088544845581,
                    529.4390916824341
                ],
                [
                    -18.70456337928772,
                    472.4727272987366
                ],
                [
                    140.89098572731018,
                    608.3469986915588
                ],
                [
                    92.59088337421417,
                    685.6621503829956
                ],
                [
                    -139.94476199150085,
                    666.9710874557495
                ],
                [
                    -82.24537968635559,
                    609.2581748962402
                ],
                [
                    42.20890998840332,
                    721.3680744171143
                ],
                [
                    -5.004972219467163,
                    792.4187779426575
                ],
                [
                    -11.524289846420288,
                    640.1634216308594
                ]
            ],
            "provenance": "visii",
            "quaternion_xyzw": [
                0.5597692131996155,
                0.4939953684806824,
                -0.1375509798526764,
                -0.6509275436401367
            ],
            "quaternion_xyzw_world": [
                0.27019399404525757,
                0.3613523542881012,
                0.7835705876350403,
                -0.4271261990070343
            ],
            "segmentation_id": 2,
            "visibility": 0
        },
        {
            "bounding_box_minx_maxx_miny_maxy": [
                0,
                64,
                2,
                121
            ],
            "class": "Smith",
            "local_cuboid": null,
            "local_to_world_matrix": [
                [
                    -0.09935486316680908,
                    -0.13440966606140137,
                    -0.985932469367981,
                    0.0
                ],
                [
                    0.9693940877914429,
                    0.2104819416999817,
                    -0.12638264894485474,
                    0.0
                ],
                [
                    0.22450807690620422,
                    -0.9683137536048889,
                    0.1093834638595581,
                    0.0
                ],
                [
                    1.5063124895095825,
                    0.7516348958015442,
                    0.5179697275161743,
                    1.0
                ]
            ],
            "location": [
                -0.7516348958015442,
                0.5179697275161743,
                -1.5063124895095825
            ],
            "location_world": [
                1.5063124895095825,
                0.7516348958015442,
                0.5179697275161743
            ],
            "name": "google_Smith_Hawken_Woven_BasketTray_Organizer_with_3_Compartments_95_x_9_x_13_2",
            "projected_cuboid": [
                [
                    63.41443955898285,
                    86.1133486032486
                ],
                [
                    71.70675694942474,
                    122.33205139636993
                ],
                [
                    -32.44668245315552,
                    128.56274843215942
                ],
                [
                    -60.19705533981323,
                    91.88126027584076
                ],
                [
                    47.92776703834534,
                    -57.105422019958496
                ],
                [
                    58.30982327461243,
                    -0.7118880748748779
                ],
                [
                    -44.067978858947754,
                    0.8759945631027222
                ],
                [
                    -73.1821060180664,
                    -57.66862630844116
                ],
                [
                    5.7317763566970825,
                    40.36895930767059
                ]
            ],
            "provenance": "visii",
            "quaternion_xyzw": [
                -0.6093645095825195,
                0.4908451437950134,
                -0.4380253851413727,
                0.44258302450180054
            ],
            "quaternion_xyzw_world": [
                0.38104453682899475,
                0.5478259921073914,
                -0.49956390261650085,
                0.5523836612701416
            ],
            "segmentation_id": 3,
            "visibility": 1
        },
        {
            "bounding_box_minx_maxx_miny_maxy": [
                -1,
                -1,
                -1,
                -1
            ],
            "class": "Paul",
            "local_cuboid": null,
            "local_to_world_matrix": [
                [
                    -0.24086356163024902,
                    0.9577751755714417,
                    0.15700790286064148,
                    0.0
                ],
                [
                    -0.9211869835853577,
                    -0.1746608018875122,
                    -0.34771856665611267,
                    0.0
                ],
                [
                    -0.30561307072639465,
                    -0.22838637232780457,
                    0.9243594408035278,
                    0.0
                ],
                [
                    0.2906342148780823,
                    -0.38367465138435364,
                    -0.16335706412792206,
                    1.0
                ]
            ],
            "location": [
                0.38367465138435364,
                -0.16335706412792206,
                -0.2906342148780823
            ],
            "location_world": [
                0.2906342148780823,
                -0.38367465138435364,
                -0.16335706412792206
            ],
            "name": "google_Paul_Frank_Dot_Lunch_Box_3",
            "projected_cuboid": [
                [
                    1013.6804580688477,
                    19.87259089946747
                ],
                [
                    1645.492434501648,
                    18.213942646980286
                ],
                [
                    1019.2351341247559,
                    715.9533500671387
                ],
                [
                    734.4663143157959,
                    492.37966537475586
                ],
                [
                    1358.5578203201294,
                    151.2972116470337
                ],
                [
                    1961.5975618362427,
                    214.96397256851196
                ],
                [
                    1398.8908529281616,
                    699.0689039230347
                ],
                [
                    1061.2229108810425,
                    518.146276473999
                ],
                [
                    1219.4792032241821,
                    382.7335238456726
                ]
            ],
            "provenance": "visii",
            "quaternion_xyzw": [
                0.14519840478897095,
                0.5710611939430237,
                0.807945966720581,
                -0.005462288856506348
            ],
            "quaternion_xyzw_world": [
                -0.04857432842254639,
                -0.18831045925617218,
                0.764833927154541,
                0.6141732335090637
            ],
            "segmentation_id": 4,
            "visibility": 0
        },
        {
            "bounding_box_minx_maxx_miny_maxy": [
                -1,
                -1,
                -1,
                -1
            ],
            "class": "Toys",
            "local_cuboid": null,
            "local_to_world_matrix": [
                [
                    0.6676209568977356,
                    -0.3250943422317505,
                    -0.6697731018066406,
                    0.0
                ],
                [
                    0.5581926703453064,
                    -0.3767271041870117,
                    0.7392547726631165,
                    0.0
                ],
                [
                    -0.4926491975784302,
                    -0.8674044013023376,
                    -0.07004570960998535,
                    0.0
                ],
                [
                    1.2456271648406982,
                    -0.5148435235023499,
                    -0.5669082403182983,
                    1.0
                ]
            ],
            "location": [
                0.5148435235023499,
                -0.5669082403182983,
                -1.2456271648406982
            ],
            "location_world": [
                1.2456271648406982,
                -0.5148435235023499,
                -0.5669082403182983
            ],
            "name": "google_Toys_R_Us_Treat_Dispenser_Smart_Puzzle_Foobler_4",
            "projected_cuboid": [
                [
                    579.7879099845886,
                    601.4286875724792
                ],
                [
                    585.0561857223511,
                    523.2565402984619
                ],
                [
                    506.2122941017151,
                    503.0018091201782
                ],
                [
                    495.8615303039551,
                    575.0751495361328
                ],
                [
                    583.2352638244629,
                    577.0251750946045
                ],
                [
                    588.7171030044556,
                    493.705153465271
                ],
                [
                    503.065288066864,
                    473.5651910305023
                ],
                [
                    491.5508031845093,
                    549.9094724655151
                ],
                [
                    540.5021905899048,
                    535.9562635421753
                ]
            ],
            "provenance": "visii",
            "quaternion_xyzw": [
                -0.15263547003269196,
                0.47997692227363586,
                -0.32722318172454834,
                0.7995308637619019
            ],
            "quaternion_xyzw_world": [
                0.7270477414131165,
                0.08015235513448715,
                -0.39970630407333374,
                0.5524600148200989
            ],
            "segmentation_id": 5,
            "visibility": 0
        },
        {
            "bounding_box_minx_maxx_miny_maxy": [
                -1,
                -1,
                -1,
                -1
            ],
            "class": "Tag",
            "local_cuboid": null,
            "local_to_world_matrix": [
                [
                    -0.8997728824615479,
                    -0.3554185926914215,
                    0.25315341353416443,
                    0.0
                ],
                [
                    -0.31638994812965393,
                    0.9309192299842834,
                    0.18244659900665283,
                    0.0
                ],
                [
                    -0.30051031708717346,
                    0.08406528830528259,
                    -0.9500668048858643,
                    0.0
                ],
                [
                    0.34983721375465393,
                    -0.41380417346954346,
                    -0.5148321390151978,
                    1.0
                ]
            ],
            "location": [
                0.41380417346954346,
                -0.5148321390151978,
                -0.34983721375465393
            ],
            "location_world": [
                0.34983721375465393,
                -0.41380417346954346,
                -0.5148321390151978
            ],
            "name": "google_Tag_Dishtowel_Basket_Weave_Red_18_x_26_5",
            "projected_cuboid": [
                [
                    1356.8462133407593,
                    1352.8228998184204
                ],
                [
                    1138.6146545410156,
                    1599.037766456604
                ],
                [
                    1106.7345142364502,
                    1454.7709226608276
                ],
                [
                    1325.1742124557495,
                    1251.1568069458008
                ],
                [
                    901.3833403587341,
                    1036.933422088623
                ],
                [
                    682.8970313072205,
                    1122.2118139266968
                ],
                [
                    675.8034825325012,
                    1047.5220680236816
                ],
                [
                    890.4818892478943,
                    976.0472178459167
                ],
                [
                    971.799373626709,
                    1180.2124977111816
                ]
            ],
            "provenance": "visii",
            "quaternion_xyzw": [
                -0.46702831983566284,
                0.3628077208995819,
                -0.43664780259132385,
                -0.6779335141181946
            ],
            "quaternion_xyzw_world": [
                -0.17275317013263702,
                0.9722086787223816,
                0.06853258609771729,
                -0.14237265288829803
            ],
            "segmentation_id": 6,
            "visibility": 0
        },
        {
            "bounding_box_minx_maxx_miny_maxy": [
                479,
                499,
                300,
                343
            ],
            "class": "FRACTION",
            "local_cuboid": null,
            "local_to_world_matrix": [
                [
                    0.6719120740890503,
                    -0.004088501445949078,
                    -0.7406196594238281,
                    0.0
                ],
                [
                    0.02028987929224968,
                    0.9997110366821289,
                    0.012888794764876366,
                    0.0
                ],
                [
                    0.740352988243103,
                    -0.023687219247221947,
                    0.6718008518218994,
                    0.0
                ],
                [
                    1.3459385633468628,
                    -0.6178666353225708,
                    -0.1848762035369873,
                    1.0
                ]
            ],
            "location": [
                0.6178666353225708,
                -0.1848762035369873,
                -1.3459385633468628
            ],
            "location_world": [
                1.3459385633468628,
                -0.6178666353225708,
                -0.1848762035369873
            ],
            "name": "google_FRACTION_FUN_n4h4qte23QR_6",
            "projected_cuboid": [
                [
                    550.1590371131897,
                    343.1583046913147
                ],
                [
                    470.05414962768555,
                    341.8874144554138
                ],
                [
                    474.6805429458618,
                    356.62683844566345
                ],
                [
                    556.6492676734924,
                    357.96740651130676
                ],
                [
                    576.6474008560181,
                    292.0452952384949
                ],
                [
                    489.3297553062439,
                    290.80963134765625
                ],
                [
                    494.8633909225464,
                    305.61041831970215
                ],
                [
                    584.4002962112427,
                    306.92142248153687
                ],
                [
                    523.9958763122559,
                    325.3925144672394
                ]
            ],
            "provenance": "visii",
            "quaternion_xyzw": [
                -0.6579424142837524,
                0.6612778306007385,
                0.2463076263666153,
                0.26297542452812195
            ],
            "quaternion_xyzw_world": [
                0.010001626797020435,
                0.4049685597419739,
                -0.006666211877018213,
                0.9142516255378723
            ],
            "segmentation_id": 7,
            "visibility": 1
        },
        {
            "bounding_box_minx_maxx_miny_maxy": [
                -1,
                -1,
                -1,
                -1
            ],
            "class": "FAIRY",
            "local_cuboid": null,
            "local_to_world_matrix": [
                [
                    0.6444586515426636,
                    -0.44887399673461914,
                    0.6190195679664612,
                    0.0
                ],
                [
                    -0.7631237506866455,
                    -0.32663023471832275,
                    0.5576332807540894,
                    0.0
                ],
                [
                    -0.04811662435531616,
                    -0.8317601680755615,
                    -0.5530459880828857,
                    0.0
                ],
                [
                    0.4353005588054657,
                    0.4432278275489807,
                    0.4537603259086609,
                    1.0
                ]
            ],
            "location": [
                -0.4432278275489807,
                0.4537603259086609,
                -0.4353005588054657
            ],
            "location_world": [
                0.4353005588054657,
                0.4432278275489807,
                0.4537603259086609
            ],
            "name": "google_FAIRY_TALE_BLOCKS_7",
            "projected_cuboid": [
                [
                    5.945280194282532,
                    -82.25607872009277
                ],
                [
                    13.097748160362244,
                    -469.6654677391052
                ],
                [
                    -251.00421905517578,
                    -630.7092308998108
                ],
                [
                    -171.41643166542053,
                    -197.22691178321838
                ],
                [
                    -231.674462556839,
                    6.246462464332581
                ],
                [
                    -416.7404770851135,
                    -561.1783862113953
                ],
                [
                    -828.170895576477,
                    -819.2461729049683
                ],
                [
                    -465.39485454559326,
                    -150.9537398815155
                ],
                [
                    -240.98122119903564,
                    -300.42994022369385
                ]
            ],
            "provenance": "visii",
            "quaternion_xyzw": [
                0.45910894870758057,
                0.5149375796318054,
                0.10199186205863953,
                0.7166979908943176
            ],
            "quaternion_xyzw_world": [
                0.7943763136863708,
                -0.38143059611320496,
                0.17967018485069275,
                0.4372592270374298
            ],
            "segmentation_id": 8,
            "visibility": 0
        },
        {
            "bounding_box_minx_maxx_miny_maxy": [
                352,
                411,
                289,
                360
            ],
            "class": "Great",
            "local_cuboid": null,
            "local_to_world_matrix": [
                [
                    0.721390962600708,
                    -0.5434487462043762,
                    0.4292534589767456,
                    0.0
                ],
                [
                    -0.09658302366733551,
                    0.5348272323608398,
                    0.8394232988357544,
                    0.0
                ],
                [
                    -0.6857600212097168,
                    -0.6470110416412354,
                    0.3333316445350647,
                    0.0
                ],
                [
                    1.792063593864441,
                    -0.38115882873535156,
                    -0.2723834812641144,
                    1.0
                ]
            ],
            "location": [
                0.38115882873535156,
                -0.2723834812641144,
                -1.792063593864441
            ],
            "location_world": [
                1.792063593864441,
                -0.38115882873535156,
                -0.2723834812641144
            ],
            "name": "google_Great_Jones_Wingtip_kAqSg6EgG0I_8",
            "projected_cuboid": [
                [
                    443.9064860343933,
                    366.53831601142883
                ],
                [
                    389.3532454967499,
                    277.6615619659424
                ],
                [
                    358.9286804199219,
                    289.0669107437134
                ],
                [
                    411.6748571395874,
                    374.00490045547485
                ],
                [
                    431.51670694351196,
                    389.1385793685913
                ],
                [
                    374.09937381744385,
                    296.3729500770569
                ],
                [
                    342.9541289806366,
                    307.46498703956604
                ],
                [
                    398.36812019348145,
                    395.9466814994812
                ],
                [
                    393.89657974243164,
                    337.2744619846344
                ]
            ],
            "provenance": "visii",
            "quaternion_xyzw": [
                -0.06757484376430511,
                0.3905811905860901,
                0.2751762866973877,
                0.8758755922317505
            ],
            "quaternion_xyzw_world": [
                0.4618528187274933,
                -0.3464479148387909,
                -0.1388464868068695,
                0.8046039342880249
            ],
            "segmentation_id": 9,
            "visibility": 1
        },
        {
            "bounding_box_minx_maxx_miny_maxy": [
                340,
                391,
                1,
                12
            ],
            "class": "Ecoforms",
            "local_cuboid": null,
            "local_to_world_matrix": [
                [
                    0.5289572477340698,
                    -0.34663987159729004,
                    -0.7746257185935974,
                    0.0
                ],
                [
                    0.84535813331604,
                    0.29552024602890015,
                    0.44501394033432007,
                    0.0
                ],
                [
                    0.07465803623199463,
                    -0.8902295231819153,
                    0.4493523836135864,
                    0.0
                ],
                [
                    0.9383062124252319,
                    -0.055119723081588745,
                    0.4338393211364746,
                    1.0
                ]
            ],
            "location": [
                0.055119723081588745,
                0.4338393211364746,
                -0.9383062124252319
            ],
            "location_world": [
                0.9383062124252319,
                -0.055119723081588745,
                0.4338393211364746
            ],
            "name": "google_Ecoforms_Plant_Container_Quadra_Sand_QP6_9",
            "projected_cuboid": [
                [
                    424.4638681411743,
                    -7.981479167938232
                ],
                [
                    367.18180775642395,
                    -16.859620809555054
                ],
                [
                    283.8546335697174,
                    22.75581657886505
                ],
                [
                    327.1840512752533,
                    38.76756131649017
                ],
                [
                    397.32375741004944,
                    -148.16877245903015
                ],
                [
                    338.6087417602539,
                    -134.98654961585999
                ],
                [
                    246.24527990818024,
                    -92.78643131256104
                ],
                [
                    287.4917685985565,
                    -97.77489304542542
                ],
                [
                    333.11599493026733,
                    -51.44929885864258
                ]
            ],
            "provenance": "visii",
            "quaternion_xyzw": [
                -0.49403542280197144,
                0.5415331125259399,
                -0.18281696736812592,
                0.6551709175109863
            ],
            "quaternion_xyzw_world": [
                0.4427427649497986,
                0.2816072404384613,
                -0.39524513483047485,
                0.7539612054824829
            ],
            "segmentation_id": 10,
            "visibility": 1
        },
        {
            "bounding_box_minx_maxx_miny_maxy": [
                -1,
                -1,
                -1,
                -1
            ],
            "class": "ReadytoUse",
            "local_cuboid": null,
            "local_to_world_matrix": [
                [
                    -0.990422248840332,
                    -0.04046071320772171,
                    -0.13201040029525757,
                    0.0
                ],
                [
                    0.042137108743190765,
                    -0.9990625381469727,
                    -0.009929128922522068,
                    0.0
                ],
                [
                    -0.13148489594459534,
                    -0.01539656613022089,
                    0.9911985993385315,
                    0.0
                ],
                [
                    0.3783756196498871,
                    -0.06718903034925461,
                    -0.332289457321167,
                    1.0
                ]
            ],
            "location": [
                0.06718903034925461,
                -0.332289457321167,
                -0.3783756196498871
            ],
            "location_world": [
                0.3783756196498871,
                -0.06718903034925461,
                -0.332289457321167
            ],
            "name": "google_ReadytoUse_Rolled_Fondant_Pure_White_24_oz_box_10",
            "projected_cuboid": [
                [
                    347.5186824798584,
                    603.5236120223999
                ],
                [
                    446.5069770812988,
                    602.0519733428955
                ],
                [
                    427.9550313949585,
                    893.5316801071167
                ],
                [
                    335.7638716697693,
                    896.802008152008
                ],
                [
                    312.09471821784973,
                    477.69659757614136
                ],
                [
                    382.6996684074402,
                    477.27304697036743
                ],
                [
                    372.4469542503357,
                    695.1885223388672
                ],
                [
                    305.3697645664215,
                    696.6208815574646
                ],
                [
                    362.4376058578491,
                    658.3827137947083
                ]
            ],
            "provenance": "visii",
            "quaternion_xyzw": [
                0.4792976379394531,
                0.4522513747215271,
                0.5246316194534302,
                -0.5389843583106995
            ],
            "quaternion_xyzw_world": [
                -0.06603346019983292,
                -0.0063467673026025295,
                0.9975824952125549,
                -0.020699497312307358
            ],
            "segmentation_id": 11,
            "visibility": 0
        },
        {
            "bounding_box_minx_maxx_miny_maxy": [
                482,
                499,
                255,
                313
            ],
            "class": "Dog",
            "local_cuboid": null,
            "local_to_world_matrix": [
                [
                    -0.13195884227752686,
                    0.24689345061779022,
                    -0.9600158333778381,
                    0.0
                ],
                [
                    0.4042181372642517,
                    0.8977054953575134,
                    0.17530691623687744,
                    0.0
                ],
                [
                    0.9050936102867126,
                    -0.36492252349853516,
                    -0.21825897693634033,
                    0.0
                ],
                [
                    0.9855296611785889,
                    -0.4760029911994934,
                    -0.03477897495031357,
                    1.0
                ]
            ],
            "location": [
                0.4760029911994934,
                -0.03477897495031357,
                -0.9855296611785889
            ],
            "location_world": [
                0.9855296611785889,
                -0.4760029911994934,
                -0.03477897495031357
            ],
            "name": "google_Dog_11",
            "projected_cuboid": [
                [
                    576.7701268196106,
                    362.89986968040466
                ],
                [
                    471.1965322494507,
                    339.17468786239624
                ],
                [
                    467.2328233718872,
                    329.0869891643524
                ],
                [
                    592.9040312767029,
                    356.58666491508484
                ],
                [
                    598.2532501220703,
                    242.32657253742218
                ],
                [
                    494.00532245635986,
                    226.64082050323486
                ],
                [
                    494.1199719905853,
                    197.3055750131607
                ],
                [
                    617.8971529006958,
                    213.6368751525879
                ],
                [
                    536.8760824203491,
                    282.9699218273163
                ]
            ],
            "provenance": "visii",
            "quaternion_xyzw": [
                -0.6088705062866211,
                0.7627735137939453,
                -0.20401768386363983,
                0.07635411620140076
            ],
            "quaternion_xyzw_world": [
                0.2171374261379242,
                0.7496538162231445,
                -0.06323438882827759,
                0.6219902634620667
            ],
            "segmentation_id": 12,
            "visibility": 1
        },
        {
            "bounding_box_minx_maxx_miny_maxy": [
                -1,
                -1,
                -1,
                -1
            ],
            "class": "Black",
            "local_cuboid": null,
            "local_to_world_matrix": [
                [
                    -0.2309279441833496,
                    -0.9406732320785522,
                    -0.24860841035842896,
                    0.0
                ],
                [
                    -0.18567129969596863,
                    0.29342418909072876,
                    -0.9377784729003906,
                    0.0
                ],
                [
                    0.9550908207893372,
                    -0.17039969563484192,
                    -0.2424159049987793,
                    0.0
                ],
                [
                    1.4912705421447754,
                    0.7632873058319092,
                    -0.7211593985557556,
                    1.0
                ]
            ],
            "location": [
                -0.7632873058319092,
                -0.7211593985557556,
                -1.4912705421447754
            ],
            "location_world": [
                1.4912705421447754,
                0.7632873058319092,
                -0.7211593985557556
            ],
            "name": "google_Black_Elderberry_Syrup_54_oz_Gaia_Herbs_12",
            "projected_cuboid": [
                [
                    -10.515838861465454,
                    522.6287245750427
                ],
                [
                    -18.750816583633423,
                    545.1501607894897
                ],
                [
                    -54.019153118133545,
                    558.4505796432495
                ],
                [
                    -44.758617877960205,
                    533.7365865707397
                ],
                [
                    -28.177112340927124,
                    515.2172446250916
                ],
                [
                    -36.46436333656311,
                    537.5066995620728
                ],
                [
                    -73.06575775146484,
                    549.979567527771
                ],
                [
                    -63.74749541282654,
                    525.5444049835205
                ],
                [
                    -40.42437672615051,
                    535.706639289856
                ]
            ],
            "provenance": "visii",
            "quaternion_xyzw": [
                -0.9789717197418213,
                0.13841888308525085,
                -0.1024869978427887,
                -0.10932064056396484
            ],
            "quaternion_xyzw_world": [
                -0.4236932396888733,
                0.6645991206169128,
                -0.41685962677001953,
                0.4527914822101593
            ],
            "segmentation_id": 13,
            "visibility": 0
        },
        {
            "bounding_box_minx_maxx_miny_maxy": [
                -1,
                -1,
                -1,
                -1
            ],
            "class": "Razer",
