{
    "camera_data": {
        "camera_look_at": {
            "at": [
                1.0,
                0.0,
                0.0
            ],
            "eye": [
                0.0,
                0.0,
                0.0
            ],
            "up": [
                0.0,
                0.0,
                1.0
            ]
        },
        "camera_view_matrix": [
            [
                0.0,
                0.0,
                -1.0,
                0.0
            ],
            [
                -1.0,
                0.0,
                0.0,
                0.0
            ],
            [
                0.0,
                1.0,
                0.0,
                0.0
            ],
            [
                0.0,
                0.0,
                0.0,
                1.0
            ]
        ],
        "height": 500,
        "intrinsics": {
            "cx": 250.0,
            "cy": 250.0,
            "fx": 603.5535278320312,
            "fy": 603.5535278320312
        },
        "location_world": [
            0.0,
            0.0,
            0.0
        ],
        "quaternion_world_xyzw": [
            0.5,
            -0.5,
            -0.5,
            0.5
        ],
        "width": 500
    },
    "objects": [
        {
            "bounding_box_minx_maxx_miny_maxy": [
                0,
                140,
                53,
                132
            ],
            "class": "Reebok",
            "local_cuboid": null,
            "local_to_world_matrix": [
                [
                    -0.6644047498703003,
                    -0.6891492605209351,
                    0.28920507431030273,
                    0.0
                ],
                [
                    -0.7472342252731323,
                    0.6050750017166138,
                    -0.274818480014801,
                    0.0
                ],
                [
                    0.014400169253349304,
                    -0.39869463443756104,
                    -0.9169707298278809,
                    0.0
                ],
                [
                    1.0013850927352905,
                    0.3179629147052765,
                    0.3066478371620178,
                    1.0
                ]
            ],
            "location": [
                -0.3179629147052765,
                0.3066478371620178,
                -1.0013850927352905
            ],
            "location_world": [
                1.0013850927352905,
                0.3179629147052765,
                0.3066478371620178
            ],
            "name": "google_Reebok_SOMERSET_RUN_0",
            "projected_cuboid": [
                [
                    169.0065711736679,
                    105.80115020275116
                ],
                [
                    23.505643010139465,
                    125.66444277763367
                ],
                [
                    -9.62856411933899,
                    50.233736634254456
                ],
                [
                    142.8501307964325,
                    45.70858180522919
                ],
                [
                    133.46412777900696,
                    132.3365420103073
                ],
                [
                    -8.66672396659851,
                    156.8315029144287
                ],
                [
                    -39.185941219329834,
                    87.54175901412964
                ],
                [
                    108.96407067775726,
                    76.20701193809509
                ],
                [
                    72.4591463804245,
                    97.33349084854126
                ]
            ],
            "provenance": "visii",
            "quaternion_xyzw": [
                -0.7032723426818848,
                0.1122857928276062,
                -0.37791168689727783,
                -0.5915932655334473
            ],
            "quaternion_xyzw_world": [
                -0.4023340940475464,
                0.8925315737724304,
                -0.18865245580673218,
                -0.07697344571352005
            ],
            "segmentation_id": 1,
            "visibility": 1
        },
        {
            "bounding_box_minx_maxx_miny_maxy": [
                -1,
                -1,
                -1,
                -1
            ],
            "class": "Breyer",
            "local_cuboid": null,
            "local_to_world_matrix": [
                [
                    0.01723325252532959,
                    -0.5273483991622925,
                    0.849474310874939,
                    0.0
                ],
                [
                    0.9532442092895508,
                    0.2650359272956848,
                    0.14519423246383667,
                    0.0
                ],
                [
                    -0.3017091453075409,
                    0.8072543740272522,
                    0.5072592496871948,
                    0.0
                ],
                [
                    0.3396478295326233,
                    0.2164771556854248,
                    -0.36625349521636963,
                    1.0
                ]
            ],
            "location": [
                -0.2164771556854248,
                -0.36625349521636963,
                -0.3396478295326233
            ],
            "location_world": [
                0.3396478295326233,
                0.2164771556854248,
                -0.36625349521636963
            ],
            "name": "google_Breyer_Horse_Of_The_Year_2015_1",
            "projected_cuboid": [
                [
                    -349.94667768478394,
                    673.6019849777222
                ],
                [
                    -277.7111530303955,
                    587.4261856079102
                ],
                [
                    -13.799309730529785,
                    670.8548069000244
                ],
                [
                    -30.28467297554016,
                    758.9210867881775
                ],
                [
                    -631.2538385391235,
                    1118.7353134155273
                ],
                [
                    -510.53380966186523,
                    956.1835527420044
                ],
                [
                    -214.8045301437378,
                    994.5985078811646
                ],
                [
                    -266.45320653915405,
                    1140.074372291565
                ],
                [
                    -272.1934914588928,
                    858.2851886749268
                ]
            ],
            "provenance": "visii",
            "quaternion_xyzw": [
                -0.5197222828865051,
                -0.2811301648616791,
                0.39660006761550903,
                0.7025403380393982
            ],
            "quaternion_xyzw_world": [
                -0.24745610356330872,
                -0.4302741587162018,
                -0.5533963441848755,
                0.6688662767410278
            ],
            "segmentation_id": 2,
            "visibility": 0
        },
        {
            "bounding_box_minx_maxx_miny_maxy": [
                0,
                29,
                1,
                115
            ],
            "class": "Smith",
            "local_cuboid": null,
            "local_to_world_matrix": [
                [
                    0.44206541776657104,
                    -0.05734372138977051,
                    -0.895147979259491,
                    0.0
                ],
                [
                    0.8936915397644043,
                    0.11356902122497559,
                    0.434070885181427,
                    0.0
                ],
                [
                    0.07676982879638672,
                    -0.9918739199638367,
                    0.1014525294303894,
                    0.0
                ],
                [
                    1.526731252670288,
                    0.7766221761703491,
                    0.52076655626297,
                    1.0
                ]
            ],
            "location": [
                -0.7766221761703491,
                0.52076655626297,
                -1.526731252670288
            ],
            "location_world": [
                1.526731252670288,
                0.7766221761703491,
                0.52076655626297
            ],
            "name": "google_Smith_Hawken_Woven_BasketTray_Organizer_with_3_Compartments_95_x_9_x_13_2",
            "projected_cuboid": [
                [
                    56.24134838581085,
                    118.18088591098785
                ],
                [
                    71.7179924249649,
                    96.85114026069641
                ],
                [
                    -23.97218346595764,
                    104.58259284496307
                ],
                [
                    -54.443955421447754,
                    127.40203738212585
                ],
                [
                    24.123311042785645,
                    -41.66722297668457
                ],
                [
                    45.8359569311142,
                    -41.88293218612671
                ],
                [
                    -59.976935386657715,
                    -35.19579768180847
                ],
                [
                    -100.33023357391357,
                    -33.819884061813354
                ],
                [
                    -2.8138458728790283,
                    40.24399816989899
                ]
            ],
            "provenance": "visii",
            "quaternion_xyzw": [
                -0.4183427691459656,
                0.6028053164482117,
                -0.328563392162323,
                0.594694197177887
            ],
            "quaternion_xyzw_world": [
                0.553860068321228,
                0.37750864028930664,
                -0.36939752101898193,
                0.6436394453048706
            ],
            "segmentation_id": 3,
            "visibility": 1
        },
        {
            "bounding_box_minx_maxx_miny_maxy": [
                -1,
                -1,
                -1,
                -1
            ],
            "class": "Paul",
            "local_cuboid": null,
            "local_to_world_matrix": [
                [
                    -0.5288059711456299,
                    0.8486619591712952,
                    0.011709645390510559,
                    0.0
                ],
                [
                    -0.8104496598243713,
                    -0.5008022785186768,
                    -0.30392175912857056,
                    0.0
                ],
                [
                    -0.2520626187324524,
                    -0.1702057272195816,
                    0.952625036239624,
                    0.0
                ],
                [
                    0.24460870027542114,
                    -0.39629656076431274,
                    -0.2063094824552536,
                    1.0
                ]
            ],
            "location": [
                0.39629656076431274,
                -0.2063094824552536,
                -0.24460870027542114
            ],
            "location_world": [
                0.24460870027542114,
                -0.39629656076431274,
                -0.2063094824552536
            ],
            "name": "google_Paul_Frank_Dot_Lunch_Box_3",
            "projected_cuboid": [
                [
                    1369.0897226333618,
                    126.88955664634705
                ],
                [
                    3169.463634490967,
                    251.4452338218689
                ],
                [
                    1683.7719678878784,
                    1269.3990468978882
                ],
                [
                    960.3349566459656,
                    770.5908417701721
                ],
                [
                    1299.0477085113525,
                    190.41773676872253
                ],
                [
                    1886.323094367981,
                    259.28518176078796
                ],
                [
                    1444.0319538116455,
                    750.885546207428
                ],
                [
                    1060.9089136123657,
                    573.0825662612915
                ],
                [
                    1416.1691665649414,
                    518.891453742981
                ]
            ],
            "provenance": "visii",
            "quaternion_xyzw": [
                0.22538702189922333,
                0.5684798955917358,
                0.7753461599349976,
                -0.15770140290260315
            ],
            "quaternion_xyzw_world": [
                -0.06959029287099838,
                -0.13727590441703796,
                0.863457202911377,
                0.48036879301071167
            ],
            "segmentation_id": 4,
            "visibility": 0
        },
        {
            "bounding_box_minx_maxx_miny_maxy": [
                -1,
                -1,
                -1,
                -1
            ],
            "class": "Toys",
            "local_cuboid": null,
            "local_to_world_matrix": [
                [
                    0.8542065620422363,
                    -0.47763141989707947,
                    -0.2054249346256256,
                    0.0
                ],
                [
                    0.4784916937351227,
                    0.5675872564315796,
                    0.6699928641319275,
                    0.0
                ],
                [
                    -0.20341306924819946,
                    -0.6706064343452454,
                    0.7133793830871582,
                    0.0
                ],
                [
                    1.0954673290252686,
                    -0.5694922208786011,
                    -0.4941694438457489,
                    1.0
                ]
            ],
            "location": [
                0.5694922208786011,
                -0.4941694438457489,
                -1.0954673290252686
            ],
            "location_world": [
                1.0954673290252686,
                -0.5694922208786011,
                -0.4941694438457489
            ],
            "name": "google_Toys_R_Us_Treat_Dispenser_Smart_Puzzle_Foobler_4",
            "projected_cuboid": [
                [
                    665.6051874160767,
                    499.57075715065
                ],
                [
                    594.2098498344421,
                    430.50140142440796
                ],
                [
                    533.413290977478,
                    480.9359908103943
                ],
                [
                    598.8463163375854,
                    551.3905882835388
                ],
                [
                    676.345944404602,
                    513.9269232749939
                ],
                [
                    595.0695276260376,
                    435.0161552429199
                ],
                [
                    526.7114639282227,
                    491.5703535079956
                ],
                [
                    600.3600358963013,
                    572.1954107284546
                ],
                [
                    597.0363616943359,
                    495.6211447715759
                ]
            ],
            "provenance": "visii",
            "quaternion_xyzw": [
                -0.38865968585014343,
                0.4972294569015503,
                0.11809828877449036,
                0.7666546106338501
            ],
            "quaternion_xyzw_world": [
                0.3785630464553833,
                0.0005681140464730561,
                -0.2699933350086212,
                0.8853210210800171
            ],
            "segmentation_id": 5,
            "visibility": 0
        },
        {
            "bounding_box_minx_maxx_miny_maxy": [
                -1,
                -1,
                -1,
                -1
            ],
            "class": "Tag",
            "local_cuboid": null,
            "local_to_world_matrix": [
                [
                    -0.44408905506134033,
                    -0.5309253334999084,
                    0.7217361927032471,
                    0.0
                ],
                [
                    -0.16513852775096893,
                    0.8402259349822998,
                    0.5164781808853149,
                    0.0
                ],
                [
                    -0.880632758140564,
                    0.11017584800720215,
                    -0.4608113765716553,
                    0.0
                ],
                [
                    0.3661979138851166,
                    -0.36529073119163513,
                    -0.3698243200778961,
                    1.0
                ]
            ],
            "location": [
                0.36529073119163513,
                -0.3698243200778961,
                -0.3661979138851166
            ],
            "location_world": [
                0.3661979138851166,
                -0.36529073119163513,
                -0.3698243200778961
            ],
            "name": "google_Tag_Dishtowel_Basket_Weave_Red_18_x_26_5",
            "projected_cuboid": [
                [
                    1210.702896118164,
                    982.4485778808594
                ],
                [
                    919.172465801239,
                    822.8539228439331
                ],
                [
                    860.2448105812073,
                    734.6425652503967
                ],
                [
                    1132.561445236206,
                    889.9111151695251
                ],
                [
                    886.3412141799927,
                    1030.3525924682617
                ],
                [
                    621.8937039375305,
                    910.0757241249084
                ],
                [
                    598.2613563537598,
                    832.261860370636
                ],
                [
                    845.6869125366211,
                    950.8915543556213
                ],
                [
                    874.8452663421631,
                    900.0874161720276
                ]
            ],
            "provenance": "visii",
            "quaternion_xyzw": [
                -0.1829032003879547,
                0.161956787109375,
                -0.45640695095062256,
                -0.8555753231048584
            ],
            "quaternion_xyzw_world": [
                -0.21005737781524658,
                0.8284211158752441,
                0.18911094963550568,
                -0.48356112837791443
            ],
            "segmentation_id": 6,
            "visibility": 0
        },
        {
            "bounding_box_minx_maxx_miny_maxy": [
                440,
                499,
                196,
                270
            ],
            "class": "FRACTION",
            "local_cuboid": null,
            "local_to_world_matrix": [
                [
                    0.023576736450195312,
                    0.7306161522865295,
                    0.6823811531066895,
                    0.0
                ],
                [
                    0.39857178926467896,
                    -0.6328476667404175,
                    0.6638103723526001,
                    0.0
                ],
                [
                    0.9168339967727661,
                    0.25632742047309875,
                    -0.3061234951019287,
                    0.0
                ],
                [
                    1.4193041324615479,
                    -0.5605451464653015,
                    0.018382953479886055,
                    1.0
                ]
            ],
            "location": [
                0.5605451464653015,
                0.018382953479886055,
                -1.4193041324615479
            ],
            "location_world": [
                1.4193041324615479,
                -0.5605451464653015,
                0.018382953479886055
            ],
            "name": "google_FRACTION_FUN_n4h4qte23QR_6",
            "projected_cuboid": [
                [
                    430.3804337978363,
                    249.1665631532669
                ],
                [
                    469.4991111755371,
                    198.66161048412323
                ],
                [
                    480.18166422843933,
                    191.70409440994263
                ],
                [
                    440.51000475883484,
                    243.29537153244019
                ],
                [
                    485.31973361968994,
                    299.98624324798584
                ],
                [
                    521.7761993408203,
                    246.779203414917
                ],
                [
                    533.9316129684448,
                    241.12968146800995
                ],
                [
                    497.07841873168945,
                    295.57639360427856
                ],
                [
                    482.7154874801636,
                    245.10470032691956
                ]
            ],
            "provenance": "visii",
            "quaternion_xyzw": [
                0.3613887429237366,
                0.9098434448242188,
                -0.1936309039592743,
                -0.06395348906517029
            ],
            "quaternion_xyzw_world": [
                0.700454831123352,
                0.4030195474624634,
                0.570777416229248,
                0.1454351395368576
            ],
            "segmentation_id": 7,
            "visibility": 1
        },
        {
            "bounding_box_minx_maxx_miny_maxy": [
                -1,
                -1,
                -1,
                -1
            ],
            "class": "FAIRY",
            "local_cuboid": null,
            "local_to_world_matrix": [
                [
                    0.812919557094574,
                    -0.2760953903198242,
                    0.5127700567245483,
                    0.0
                ],
                [
                    -0.5606321692466736,
                    -0.6093493700027466,
                    0.5607002377510071,
                    0.0
                ],
                [
                    0.15764939785003662,
                    -0.7432796359062195,
                    -0.6501399278640747,
                    0.0
                ],
                [
                    0.42236703634262085,
                    0.4095969796180725,
                    0.42841601371765137,
                    1.0
                ]
            ],
            "location": [
                -0.4095969796180725,
                0.42841601371765137,
                -0.42236703634262085
            ],
            "location_world": [
                0.42236703634262085,
                0.4095969796180725,
                0.42841601371765137
            ],
            "name": "google_FAIRY_TALE_BLOCKS_7",
            "projected_cuboid": [
                [
                    -26.592016220092773,
                    -10.204106569290161
                ],
                [
                    89.76562321186066,
                    -275.12526512145996
                ],
                [
                    -145.5194056034088,
                    -511.060893535614
                ],
                [
                    -210.25127172470093,
                    -171.92408442497253
                ],
                [
                    -251.18416547775269,
                    45.9943562746048
                ],
                [
                    -169.9424684047699,
                    -377.8204917907715
                ],
                [
                    -633.1028938293457,
                    -819.8901414871216
                ],
                [
                    -548.0113625526428,
                    -192.8510069847107
                ],
                [
                    -197.29703664779663,
                    -238.09373378753662
                ]
            ],
            "provenance": "visii",
            "quaternion_xyzw": [
                0.46718424558639526,
                0.6004694104194641,
                -0.037265777587890625,
                0.6479093432426453
            ],
            "quaternion_xyzw_world": [
                0.87641441822052,
                -0.2386792004108429,
                0.19123928248882294,
                0.37196439504623413
            ],
            "segmentation_id": 8,
            "visibility": 0
        },
        {
            "bounding_box_minx_maxx_miny_maxy": [
                -1,
                -1,
                -1,
                -1
            ],
            "class": "Great",
            "local_cuboid": null,
            "local_to_world_matrix": [
                [
                    -0.6378880739212036,
                    0.718946099281311,
                    -0.2760723829269409,
                    0.0
                ],
                [
                    0.7693545818328857,
                    0.6109714508056641,
                    -0.1865679770708084,
                    0.0
                ],
                [
                    0.034540072083473206,
                    -0.33140695095062256,
                    -0.942855954170227,
                    0.0
                ],
                [
                    1.700965166091919,
                    -0.500967264175415,
                    -0.170598566532135,
                    1.0
                ]
            ],
            "location": [
                0.500967264175415,
                -0.170598566532135,
                -1.700965166091919
            ],
            "location_world": [
                1.700965166091919,
                -0.500967264175415,
                -0.170598566532135
            ],
            "name": "google_Great_Jones_Wingtip_kAqSg6EgG0I_8",
            "projected_cuboid": [
                [
                    481.4082384109497,
                    352.86086797714233
                ],
                [
                    386.06545329093933,
                    358.69649052619934
                ],
                [
                    373.6230731010437,
                    322.6851224899292
                ],
                [
                    467.2755002975464,
                    311.2410008907318
                ],
                [
                    501.0644793510437,
                    336.91683411598206
                ],
                [
                    406.8220257759094,
                    344.58720684051514
                ],
                [
                    394.8991298675537,
                    309.9224269390106
                ],
                [
                    487.5999093055725,
                    297.08531498908997
                ],
                [
                    434.25363302230835,
                    329.4559121131897
                ]
            ],
            "provenance": "visii",
            "quaternion_xyzw": [
                -0.3543170094490051,
                0.6258831024169922,
                -0.683917760848999,
                -0.12241942435503006
            ],
            "quaternion_xyzw_world": [
                0.4165322184562683,
                0.8932686448097229,
                -0.14496617019176483,
                0.08693142980337143
            ],
            "segmentation_id": 9,
            "visibility": 0
        },
        {
            "bounding_box_minx_maxx_miny_maxy": [
                -1,
                -1,
                -1,
                -1
            ],
            "class": "Ecoforms",
            "local_cuboid": null,
            "local_to_world_matrix": [
                [
                    0.06266188621520996,
                    -0.9282922744750977,
                    -0.3665335774421692,
                    0.0
                ],
                [
                    0.9673358201980591,
                    0.1468774676322937,
                    -0.20661158859729767,
                    0.0
                ],
                [
                    0.24563145637512207,
                    -0.34161442518234253,
                    0.9071740508079529,
                    0.0
                ],
                [
                    0.9491790533065796,
                    -0.032159410417079926,
                    0.438187837600708,
                    1.0
                ]
            ],
            "location": [
                0.032159410417079926,
                0.438187837600708,
                -0.9491790533065796
            ],
            "location_world": [
                0.9491790533065796,
                -0.032159410417079926,
                0.438187837600708
            ],
            "name": "google_Ecoforms_Plant_Container_Quadra_Sand_QP6_9",
            "projected_cuboid": [
                [
                    378.07485461235046,
                    -134.21028852462769
                ],
                [
                    340.94974398612976,
                    -47.50898480415344
                ],
                [
                    311.3612234592438,
                    28.851449489593506
                ],
                [
                    343.9621925354004,
                    -45.737385749816895
                ],
                [
                    260.3085935115814,
                    -186.51974201202393
                ],
                [
                    242.8913712501526,
                    -89.9212658405304
                ],
                [
                    209.04070138931274,
                    -14.376908540725708
                ],
                [
                    219.99114751815796,
                    -99.35081005096436
                ],
                [
                    287.8674566745758,
                    -70.25957107543945
                ]
            ],
            "provenance": "visii",
            "quaternion_xyzw": [
                -0.7714492082595825,
                0.16637876629829407,
                -0.0903988629579544,
                0.6074638366699219
            ],
            "quaternion_xyzw_world": [
                0.04639614000916481,
                0.21038147807121277,
                -0.6514665484428406,
                0.727446436882019
            ],
            "segmentation_id": 10,
            "visibility": 0
        },
        {
            "bounding_box_minx_maxx_miny_maxy": [
                446,
                499,
                483,
                500
            ],
            "class": "ReadytoUse",
            "local_cuboid": null,
            "local_to_world_matrix": [
                [
                    0.7749836444854736,
                    0.6276583671569824,
                    -0.07379260659217834,
                    0.0
                ],
                [
                    -0.4963209629058838,
                    0.6767475605010986,
                    0.5437630414962769,
                    0.0
                ],
                [
                    0.3912363648414612,
                    -0.384782612323761,
                    0.8359882831573486,
                    0.0
                ],
                [
                    0.35411059856414795,
                    -0.07274670153856277,
                    -0.30422312021255493,
                    1.0
                ]
            ],
            "location": [
                0.07274670153856277,
                -0.30422312021255493,
                -0.35411059856414795
            ],
            "location_world": [
                0.35411059856414795,
                -0.07274670153856277,
                -0.30422312021255493
            ],
            "name": "google_ReadytoUse_Rolled_Fondant_Pure_White_24_oz_box_10",
            "projected_cuboid": [
                [
                    396.37330174446106,
                    478.0111014842987
                ],
                [
                    360.10923981666565,
                    454.79047298431396
                ],
                [
                    278.0753970146179,
                    708.3558440208435
                ],
                [
                    324.96893405914307,
                    720.3251123428345
                ],
                [
                    551.9641637802124,
                    519.7856426239014
                ],
                [
                    516.7368650436401,
                    493.31700801849365
                ],
                [
                    443.5265064239502,
                    836.6748094558716
                ],
                [
                    491.6367530822754,
                    842.3746228218079
                ],
                [
                    414.32392597198486,
                    614.5498752593994
                ]
            ],
            "provenance": "visii",
            "quaternion_xyzw": [
                -0.23442217707633972,
                0.8004152178764343,
                0.4161306917667389,
                0.3622390031814575
            ],
            "quaternion_xyzw_world": [
                0.25605064630508423,
                0.12823383510112762,
                0.309942364692688,
                0.9066035151481628
            ],
            "segmentation_id": 11,
            "visibility": 1
        },
        {
            "bounding_box_minx_maxx_miny_maxy": [
                482,
                499,
                420,
                476
            ],
            "class": "Dog",
            "local_cuboid": null,
            "local_to_world_matrix": [
                [
                    -0.9365963935852051,
                    0.22893710434436798,
                    0.26528334617614746,
                    0.0
                ],
                [
                    0.30891478061676025,
                    0.8968135118484497,
                    0.3166974186897278,
                    0.0
                ],
                [
                    -0.16540588438510895,
                    0.37856757640838623,
                    -0.9106743335723877,
                    0.0
                ],
                [
                    1.0287926197052002,
                    -0.49181389808654785,
                    -0.20196320116519928,
                    1.0
                ]
            ],
            "location": [
                0.49181389808654785,
                -0.20196320116519928,
                -1.0287926197052002
            ],
            "location_world": [
                1.0287926197052002,
                -0.49181389808654785,
                -0.20196320116519928
            ],
            "name": "google_Dog_11",
            "projected_cuboid": [
                [
                    582.8168392181396,
                    518.769383430481
                ],
                [
                    451.6272842884064,
                    462.9254937171936
                ],
                [
                    492.6949739456177,
                    339.83755111694336
                ],
                [
                    621.6776967048645,
                    385.6532871723175
                ],
                [
                    545.3180074691772,
                    498.9728331565857
                ],
                [
                    441.2354826927185,
                    454.8625648021698
                ],
                [
                    474.93186593055725,
                    354.97793555259705
                ],
                [
                    577.6653289794922,
                    392.58426427841187
                ],
                [
                    520.6581354141235,
                    424.399733543396
                ]
            ],
            "provenance": "visii",
            "quaternion_xyzw": [
                -0.2687748074531555,
                0.5874156951904297,
                -0.5190485715866089,
                -0.5597245693206787
            ],
            "quaternion_xyzw_world": [
                0.13898243010044098,
                0.967481791973114,
                0.1796584129333496,
                -0.1112912967801094
            ],
            "segmentation_id": 12,
            "visibility": 1
        },
        {
            "bounding_box_minx_maxx_miny_maxy": [
                -1,
                -1,
                -1,
                -1
            ],
            "class": "Black",
            "local_cuboid": null,
            "local_to_world_matrix": [
                [
                    -0.18593788146972656,
                    0.3426651060581207,
                    -0.9208735823631287,
                    0.0
                ],
                [
                    0.9431077241897583,
                    0.3251572251319885,
                    -0.06943318247795105,
                    0.0
                ],
                [
                    0.2756364941596985,
                    -0.8813930749893188,
                    -0.3836292028427124,
                    0.0
                ],
                [
                    1.8830268383026123,
                    0.5675542950630188,
                    -0.7702094316482544,
                    1.0
                ]
            ],
            "location": [
                -0.5675542950630188,
                -0.7702094316482544,
                -1.8830268383026123
            ],
            "location_world": [
                1.8830268383026123,
                0.5675542950630188,
                -0.7702094316482544
            ],
            "name": "google_Black_Elderberry_Syrup_54_oz_Gaia_Herbs_12",
            "projected_cuboid": [
                [
                    109.54053699970245,
                    521.4967727661133
                ],
                [
                    107.60344564914703,
                    514.9930715560913
                ],
                [
                    64.10661339759827,
                    502.92378664016724
                ],
                [
                    64.77522850036621,
                    509.2045068740845
                ],
                [
                    116.54295027256012,
                    503.2709240913391
                ],
                [
                    114.41689729690552,
                    497.3217248916626
                ],
                [
                    71.30339741706848,
                    484.9505126476288
                ],
                [
                    72.18378782272339,
                    490.6570315361023
                ],
                [
                    90.28960764408112,
                    503.0971169471741
                ]
            ],
            "provenance": "visii",
            "quaternion_xyzw": [
                -0.5006008148193359,
                0.6222677230834961,
                -0.5330248475074768,
                0.27940356731414795
            ],
            "quaternion_xyzw_world": [
                0.46704766154289246,
                0.6882449388504028,
                -0.3453807532787323,
                0.434623658657074
            ],
            "segmentation_id": 13,
            "visibility": 0
        },
        {
            "bounding_box_minx_maxx_miny_maxy": [
                -1,
                -1,
                -1,
                -1
            ],
            "class": "Razer",
            "local_cuboid": null,
