{
    "camera_data": {
        "camera_look_at": {
            "at": [
                1.0,
                0.0,
                0.0
            ],
            "eye": [
                0.0,
                0.0,
                0.0
            ],
            "up": [
                0.0,
                0.0,
                1.0
            ]
        },
        "camera_view_matrix": [
            [
                0.0,
                0.0,
                -1.0,
                0.0
            ],
            [
                -1.0,
                0.0,
                0.0,
                0.0
            ],
            [
                0.0,
                1.0,
                0.0,
                0.0
            ],
            [
                0.0,
                0.0,
                0.0,
                1.0
            ]
        ],
        "height": 500,
        "intrinsics": {
            "cx": 250.0,
            "cy": 250.0,
            "fx": 603.5535278320312,
            "fy": 603.5535278320312
        },
        "location_world": [
            0.0,
            0.0,
            0.0
        ],
        "quaternion_world_xyzw": [
            0.5,
            -0.5,
            -0.5,
            0.5
        ],
        "width": 500
    },
    "objects": [
        {
            "bounding_box_minx_maxx_miny_maxy": [
                0,
                146,
                64,
                163
            ],
            "class": "Reebok",
            "local_cuboid": null,
            "local_to_world_matrix": [
                [
                    -0.9714334011077881,
                    -0.2071094512939453,
                    -0.11586020886898041,
                    0.0
                ],
                [
                    -0.15186354517936707,
                    0.9176868200302124,
                    -0.36713534593582153,
                    0.0
                ],
                [
                    0.18236057460308075,
                    -0.3390524387359619,
                    -0.9229240417480469,
                    0.0
                ],
                [
                    1.0015759468078613,
                    0.3285267949104309,
                    0.2879110276699066,
                    1.0
                ]
            ],
            "location": [
                -0.3285267949104309,
                0.2879110276699066,
                -1.0015759468078613
            ],
            "location_world": [
                1.0015759468078613,
                0.3285267949104309,
                0.2879110276699066
            ],
            "name": "google_Reebok_SOMERSET_RUN_0",
            "projected_cuboid": [
                [
                    162.72199153900146,
                    110.99223792552948
                ],
                [
                    -12.779057025909424,
                    173.03067445755005
                ],
                [
                    -44.49453949928284,
                    101.31701827049255
                ],
                [
                    136.295884847641,
                    41.212305426597595
                ],
                [
                    158.5947722196579,
                    117.67405271530151
                ],
                [
                    1.1529773473739624,
                    173.54857921600342
                ],
                [
                    -26.914864778518677,
                    109.44849252700806
                ],
                [
                    134.773850440979,
                    55.11839687824249
                ],
                [
                    65.8414214849472,
                    110.2035641670227
                ]
            ],
            "provenance": "visii",
            "quaternion_xyzw": [
                -0.662684977054596,
                0.38990893959999084,
                -0.4943848252296448,
                -0.4054669439792633
            ],
            "quaternion_xyzw_world": [
                -0.09192905575037003,
                0.9762228727340698,
                -0.18084697425365448,
                0.07637108117341995
            ],
            "segmentation_id": 1,
            "visibility": 1
        },
        {
            "bounding_box_minx_maxx_miny_maxy": [
                -1,
                -1,
                -1,
                -1
            ],
            "class": "Breyer",
            "local_cuboid": null,
            "local_to_world_matrix": [
                [
                    0.09467291831970215,
                    -0.6336812376976013,
                    0.7677793502807617,
                    0.0
                ],
                [
                    0.9067732691764832,
                    0.3731880187988281,
                    0.19619619846343994,
                    0.0
                ],
                [
                    -0.41085195541381836,
                    0.6776273250579834,
                    0.609935998916626,
                    0.0
                ],
                [
                    0.30428487062454224,
                    0.2442280650138855,
                    -0.3581620156764984,
                    1.0
                ]
            ],
            "location": [
                -0.2442280650138855,
                -0.3581620156764984,
                -0.30428487062454224
            ],
            "location_world": [
                0.30428487062454224,
                0.2442280650138855,
                -0.3581620156764984
            ],
            "name": "google_Breyer_Horse_Of_The_Year_2015_1",
            "projected_cuboid": [
                [
                    -440.24133682250977,
                    716.1339521408081
                ],
                [
                    -358.9538335800171,
                    606.3531041145325
                ],
                [
                    -68.20505857467651,
                    704.1497826576233
                ],
                [
                    -80.58556914329529,
                    807.8520894050598
                ],
                [
                    -932.7586889266968,
                    1274.3319272994995
                ],
                [
                    -746.5301752090454,
                    1044.1436767578125
                ],
                [
                    -361.2699508666992,
                    1063.8461112976074
                ],
                [
                    -430.7815432548523,
                    1244.7607517242432
                ],
                [
                    -394.142210483551,
                    919.1088080406189
                ]
            ],
            "provenance": "visii",
            "quaternion_xyzw": [
                -0.5066145658493042,
                -0.19471970200538635,
                0.38110843300819397,
                0.7484532594680786
            ],
            "quaternion_xyzw_world": [
                -0.16699467599391937,
                -0.40883344411849976,
                -0.5343395471572876,
                0.7207282781600952
            ],
            "segmentation_id": 2,
            "visibility": 0
        },
        {
            "bounding_box_minx_maxx_miny_maxy": [
                0,
                67,
                1,
                90
            ],
            "class": "Smith",
            "local_cuboid": null,
            "local_to_world_matrix": [
                [
                    0.6444838047027588,
                    0.07036980986595154,
                    -0.761372983455658,
                    0.0
                ],
                [
                    0.7595471143722534,
                    -0.1734102964401245,
                    0.626910924911499,
                    0.0
                ],
                [
                    -0.08791422843933105,
                    -0.9823325872421265,
                    -0.16520941257476807,
                    0.0
                ],
                [
                    1.5381689071655273,
                    0.7715004682540894,
                    0.5199217796325684,
                    1.0
                ]
            ],
            "location": [
                -0.7715004682540894,
                0.5199217796325684,
                -1.5381689071655273
            ],
            "location_world": [
                1.5381689071655273,
                0.7715004682540894,
                0.5199217796325684
            ],
            "name": "google_Smith_Hawken_Woven_BasketTray_Organizer_with_3_Compartments_95_x_9_x_13_2",
            "projected_cuboid": [
                [
                    36.06224060058594,
                    149.0238606929779
                ],
                [
                    75.89000463485718,
                    104.04986143112183
                ],
                [
                    -12.774169445037842,
                    90.71281552314758
                ],
                [
                    -63.14653158187866,
                    133.32636654376984
                ],
                [
                    9.56641137599945,
                    3.3343881368637085
                ],
                [
                    59.05677378177643,
                    -29.572784900665283
                ],
                [
                    -42.9234504699707,
                    -42.87275671958923
                ],
                [
                    -106.6083014011383,
                    -12.519985437393188
                ],
                [
                    -3.258258104324341,
                    53.494349122047424
                ]
            ],
            "provenance": "visii",
            "quaternion_xyzw": [
                -0.23173537850379944,
                0.6343040466308594,
                -0.3644767701625824,
                0.6411816477775574
            ],
            "quaternion_xyzw_world": [
                0.7041135430335999,
                0.2946673035621643,
                -0.30154484510421753,
                0.5713721513748169
            ],
            "segmentation_id": 3,
            "visibility": 1
        },
        {
            "bounding_box_minx_maxx_miny_maxy": [
                -1,
                -1,
                -1,
                -1
            ],
            "class": "Paul",
            "local_cuboid": null,
            "local_to_world_matrix": [
                [
                    -0.49279892444610596,
                    0.8688735961914062,
                    0.046988558024168015,
                    0.0
                ],
                [
                    -0.8602566719055176,
                    -0.4783717393875122,
                    -0.17640556395053864,
                    0.0
                ],
                [
                    -0.1307961344718933,
                    -0.127354696393013,
                    0.9831953644752502,
                    0.0
                ],
                [
                    0.21986670792102814,
                    -0.3993036150932312,
                    -0.22741243243217468,
                    1.0
                ]
            ],
            "location": [
                0.3993036150932312,
                -0.22741243243217468,
                -0.21986670792102814
            ],
            "location_world": [
                0.21986670792102814,
                -0.3993036150932312,
                -0.22741243243217468
            ],
            "name": "google_Paul_Frank_Dot_Lunch_Box_3",
            "projected_cuboid": [
                [
                    1268.4175968170166,
                    192.04439222812653
                ],
                [
                    2881.1793327331543,
                    270.4288959503174
                ],
                [
                    1979.1309833526611,
                    1536.1250638961792
                ],
                [
                    1026.08060836792,
                    885.347306728363
                ],
                [
                    1288.1666421890259,
                    241.9246882200241
                ],
                [
                    1902.0631313323975,
                    293.6224043369293
                ],
                [
                    1616.5931224822998,
                    866.3241863250732
                ],
                [
                    1139.074206352234,
                    658.7085723876953
                ],
                [
                    1471.1674451828003,
                    584.6917629241943
                ]
            ],
            "provenance": "visii",
            "quaternion_xyzw": [
                0.21019978821277618,
                0.6248343586921692,
                0.7375763058662415,
                -0.14621642231941223
            ],
            "quaternion_xyzw_world": [
                -0.024379296228289604,
                -0.0883626639842987,
                0.8594134449958801,
                0.5029972195625305
            ],
            "segmentation_id": 4,
            "visibility": 0
        },
        {
            "bounding_box_minx_maxx_miny_maxy": [
                469,
                499,
                353,
                403
            ],
            "class": "Toys",
            "local_cuboid": null,
            "local_to_world_matrix": [
                [
                    0.652502715587616,
                    -0.6600928902626038,
                    -0.3721795976161957,
                    0.0
                ],
                [
                    0.5018988251686096,
                    0.7444241046905518,
                    -0.44037526845932007,
                    0.0
                ],
                [
                    0.5677480101585388,
                    0.10054956376552582,
                    0.8170385360717773,
                    0.0
                ],
                [
                    1.131981611251831,
                    -0.5167086124420166,
                    -0.33893734216690063,
                    1.0
                ]
            ],
            "location": [
                0.5167086124420166,
                -0.33893734216690063,
                -1.131981611251831
            ],
            "location_world": [
                1.131981611251831,
                -0.5167086124420166,
                -0.33893734216690063
            ],
            "name": "google_Toys_R_Us_Treat_Dispenser_Smart_Puzzle_Foobler_4",
            "projected_cuboid": [
                [
                    548.9078164100647,
                    352.228045463562
                ],
                [
                    478.3986806869507,
                    377.4615228176117
                ],
                [
                    502.3226737976074,
                    448.53129982948303
                ],
                [
                    579.8182487487793,
                    426.1752963066101
                ],
                [
                    521.0621356964111,
                    330.6039273738861
                ],
                [
                    446.43816351890564,
                    359.3311905860901
                ],
                [
                    470.0324535369873,
                    435.39637327194214
                ],
                [
                    552.638590335846,
                    409.90328788757324
                ],
                [
                    511.32941246032715,
                    391.8517827987671
                ]
            ],
            "provenance": "visii",
            "quaternion_xyzw": [
                -0.816733717918396,
                0.3417893648147583,
                0.2305072546005249,
                0.40372318029403687
            ],
            "quaternion_xyzw_world": [
                -0.15086424350738525,
                0.26214635372161865,
                -0.32408013939857483,
                0.8963767886161804
            ],
            "segmentation_id": 5,
            "visibility": 1
        },
        {
            "bounding_box_minx_maxx_miny_maxy": [
                -1,
                -1,
                -1,
                -1
            ],
            "class": "Tag",
            "local_cuboid": null,
            "local_to_world_matrix": [
                [
                    -0.2712632417678833,
                    -0.6545588970184326,
                    0.705669105052948,
                    0.0
                ],
                [
                    -0.1690877228975296,
                    0.7541643977165222,
                    0.6345434188842773,
                    0.0
                ],
                [
                    -0.9475365281105042,
                    0.05280831456184387,
                    -0.31525492668151855,
                    0.0
                ],
                [
                    0.367860347032547,
                    -0.3485480844974518,
                    -0.30368897318840027,
                    1.0
                ]
            ],
            "location": [
                0.3485480844974518,
                -0.30368897318840027,
                -0.367860347032547
            ],
            "location_world": [
                0.367860347032547,
                -0.3485480844974518,
                -0.30368897318840027
            ],
            "name": "google_Tag_Dishtowel_Basket_Weave_Red_18_x_26_5",
            "projected_cuboid": [
                [
                    1142.7302360534668,
                    848.3368754386902
                ],
                [
                    900.0407457351685,
                    623.531699180603
                ],
                [
                    837.4280333518982,
                    565.1916861534119
                ],
                [
                    1064.8977756500244,
                    775.9355306625366
                ],
                [
                    855.0962209701538,
                    967.3227667808533
                ],
                [
                    612.0891571044922,
                    787.1044278144836
                ],
                [
                    582.8810930252075,
                    721.4844822883606
                ],
                [
                    809.1525435447693,
                    893.5075998306274
                ],
                [
                    846.9237089157104,
                    781.312108039856
                ]
            ],
            "provenance": "visii",
            "quaternion_xyzw": [
                0.13460946083068848,
                -0.09006660431623459,
                0.4057198166847229,
                0.8995330929756165
            ],
            "quaternion_xyzw_world": [
                0.2691780626773834,
                -0.7649644613265991,
                -0.22463519871234894,
                0.5402883887290955
            ],
            "segmentation_id": 6,
            "visibility": 0
        },
        {
            "bounding_box_minx_maxx_miny_maxy": [
                401,
                495,
                180,
                263
            ],
            "class": "FRACTION",
            "local_cuboid": null,
            "local_to_world_matrix": [
                [
                    0.16108804941177368,
                    -0.652808666229248,
                    -0.7401968240737915,
                    0.0
                ],
                [
                    -0.2070983499288559,
                    0.7109353542327881,
                    -0.6720722913742065,
                    0.0
                ],
                [
                    0.9649667739868164,
                    0.26155638694763184,
                    -0.02067244052886963,
                    0.0
                ],
                [
                    1.3835970163345337,
                    -0.4623757004737854,
                    0.04160412773489952,
                    1.0
                ]
            ],
            "location": [
                0.4623757004737854,
                0.04160412773489952,
                -1.3835970163345337
            ],
            "location_world": [
                1.3835970163345337,
                -0.4623757004737854,
                0.04160412773489952
            ],
            "name": "google_FRACTION_FUN_n4h4qte23QR_6",
            "projected_cuboid": [
                [
                    487.9017472267151,
                    233.6920201778412
                ],
                [
                    437.3220205307007,
                    287.2595191001892
                ],
                [
                    448.08152318000793,
                    288.0055010318756
                ],
                [
                    499.8718500137329,
                    232.8203320503235
                ],
                [
                    444.3672299385071,
                    178.68965864181519
                ],
                [
                    391.5371894836426,
                    231.79538547992706
                ],
                [
                    401.0884761810303,
                    230.82081973552704
                ],
                [
                    455.25628328323364,
                    176.1271059513092
                ],
                [
                    446.1892247200012,
                    232.31244087219238
                ]
            ],
            "provenance": "visii",
            "quaternion_xyzw": [
                -0.9068969488143921,
                0.40002676844596863,
                0.11650839447975159,
                -0.06278851628303528
            ],
            "quaternion_xyzw_world": [
                -0.3430835008621216,
                0.6266018748283386,
                -0.16378659009933472,
                0.6803217530250549
            ],
            "segmentation_id": 7,
            "visibility": 1
        },
        {
            "bounding_box_minx_maxx_miny_maxy": [
                -1,
                -1,
                -1,
                -1
            ],
            "class": "FAIRY",
            "local_cuboid": null,
            "local_to_world_matrix": [
                [
                    0.9062994122505188,
                    -0.04414445161819458,
                    0.42032450437545776,
                    0.0
                ],
                [
                    -0.3174770474433899,
                    -0.7275935411453247,
                    0.608125627040863,
                    0.0
                ],
                [
                    0.2789798378944397,
                    -0.684587299823761,
                    -0.673432469367981,
                    0.0
                ],
                [
                    0.43397393822669983,
                    0.39282089471817017,
                    0.41438695788383484,
                    1.0
                ]
            ],
            "location": [
                -0.39282089471817017,
                0.41438695788383484,
                -0.43397393822669983
            ],
            "location_world": [
                0.43397393822669983,
                0.39282089471817017,
                0.41438695788383484
            ],
            "name": "google_FAIRY_TALE_BLOCKS_7",
            "projected_cuboid": [
                [
                    -56.80146813392639,
                    31.340256333351135
                ],
                [
                    102.93085873126984,
                    -172.66377806663513
                ],
                [
                    -97.81691431999207,
                    -404.4165015220642
                ],
                [
                    -245.74875831604004,
                    -145.74134349822998
                ],
                [
                    -233.6706519126892,
                    63.566550612449646
                ],
                [
                    -12.709617614746094,
                    -266.20709896087646
                ],
                [
                    -399.89548921585083,
                    -704.3206691741943
                ],
                [
                    -569.2008137702942,
                    -217.08080172538757
                ],
                [
                    -160.04887223243713,
                    -190.04249572753906
                ]
            ],
            "provenance": "visii",
            "quaternion_xyzw": [
                0.42278802394866943,
                0.6787785887718201,
                -0.1311013400554657,
                0.5859373211860657
            ],
            "quaternion_xyzw_world": [
                0.9093026518821716,
                -0.09942275285720825,
                0.1922639161348343,
                0.3554132878780365
            ],
            "segmentation_id": 8,
            "visibility": 0
        },
        {
            "bounding_box_minx_maxx_miny_maxy": [
                464,
                494,
                277,
                318
            ],
            "class": "Great",
            "local_cuboid": null,
            "local_to_world_matrix": [
                [
                    0.8268962502479553,
                    0.507523238658905,
                    0.24220415949821472,
                    0.0
                ],
                [
                    0.4771348536014557,
                    -0.8611319065093994,
                    0.17548510432243347,
                    0.0
                ],
                [
                    0.2976323664188385,
                    -0.029543966054916382,
                    -0.9542237520217896,
                    0.0
                ],
                [
                    1.8769922256469727,
                    -0.6530467867851257,
                    -0.11544175446033478,
                    1.0
                ]
            ],
            "location": [
                0.6530467867851257,
                -0.11544175446033478,
                -1.8769922256469727
            ],
            "location_world": [
                1.8769922256469727,
                -0.6530467867851257,
                -0.11544175446033478
            ],
            "name": "google_Great_Jones_Wingtip_kAqSg6EgG0I_8",
            "projected_cuboid": [
                [
                    408.33115577697754,
                    326.2733817100525
                ],
                [
                    476.5641689300537,
                    304.41343784332275
                ],
                [
                    479.3887436389923,
                    272.539883852005
                ],
                [
                    410.13360023498535,
                    292.23310947418213
                ],
                [
                    435.4984164237976,
                    339.2750024795532
                ],
                [
                    504.8823356628418,
                    315.3800368309021
                ],
                [
                    508.34643840789795,
                    282.16254711151123
                ],
                [
                    437.91884183883667,
                    303.7026524543762
                ],
                [
                    458.6428999900818,
                    304.08382415771484
                ]
            ],
            "provenance": "visii",
            "quaternion_xyzw": [
                0.3919898569583893,
                0.7036762237548828,
                -0.5085287690162659,
                0.3042736053466797
            ],
            "quaternion_xyzw_world": [
                0.95423424243927,
                0.25797075033187866,
                0.14143186807632446,
                0.053715601563453674
            ],
            "segmentation_id": 9,
            "visibility": 1
        },
        {
            "bounding_box_minx_maxx_miny_maxy": [
                227,
                285,
                1,
                10
            ],
            "class": "Ecoforms",
            "local_cuboid": null,
            "local_to_world_matrix": [
                [
                    -0.12875378131866455,
                    -0.9907757639884949,
                    0.04225945472717285,
                    0.0
                ],
                [
                    0.8028923869132996,
                    -0.12916028499603271,
                    -0.5819634795188904,
                    0.0
                ],
                [
                    0.582053542137146,
                    -0.041000187397003174,
                    0.8121161460876465,
                    0.0
                ],
                [
                    0.9549540877342224,
                    -0.02066812850534916,
                    0.44131049513816833,
                    1.0
                ]
            ],
            "location": [
                0.02066812850534916,
                0.44131049513816833,
                -0.9549540877342224
            ],
            "location_world": [
                0.9549540877342224,
                -0.02066812850534916,
                0.44131049513816833
            ],
            "name": "google_Ecoforms_Plant_Container_Quadra_Sand_QP6_9",
            "projected_cuboid": [
                [
                    318.5295760631561,
                    -148.93561601638794
                ],
                [
                    322.4327564239502,
                    -34.63974595069885
                ],
                [
                    325.31267404556274,
                    19.02216672897339
                ],
                [
                    321.47499918937683,
                    -98.7592339515686
                ],
                [
                    201.73239707946777,
                    -134.1398060321808
                ],
                [
                    221.16953134536743,
                    -24.27607774734497
                ],
                [
                    214.4632190465927,
                    29.099643230438232
                ],
                [
                    191.73681735992432,
                    -83.71466398239136
                ],
                [
                    264.4473910331726,
                    -56.41260743141174
                ]
            ],
            "provenance": "visii",
            "quaternion_xyzw": [
                -0.8880868554115295,
                -0.048255354166030884,
                -0.047786399722099304,
                0.45463135838508606
            ],
            "quaternion_xyzw_world": [
                -0.21696218848228455,
                0.21649326384067535,
                -0.7193799614906311,
                0.6233382225036621
            ],
            "segmentation_id": 10,
            "visibility": 1
        },
        {
            "bounding_box_minx_maxx_miny_maxy": [
                467,
                499,
                477,
                500
            ],
            "class": "ReadytoUse",
            "local_cuboid": null,
            "local_to_world_matrix": [
                [
                    0.946500301361084,
                    0.2917042672634125,
                    0.13800650835037231,
                    0.0
                ],
                [
                    -0.303040474653244,
                    0.6564513444900513,
                    0.6908242106437683,
                    0.0
                ],
                [
                    0.11092180013656616,
                    -0.6956868767738342,
                    0.7097296118736267,
                    0.0
                ],
                [
                    0.34139496088027954,
                    -0.07650279253721237,
                    -0.2939082682132721,
                    1.0
                ]
            ],
            "location": [
                0.07650279253721237,
                -0.2939082682132721,
                -0.34139496088027954
            ],
            "location_world": [
                0.34139496088027954,
                -0.07650279253721237,
                -0.2939082682132721
            ],
            "name": "google_ReadytoUse_Rolled_Fondant_Pure_White_24_oz_box_10",
            "projected_cuboid": [
                [
                    523.127555847168,
                    509.6689462661743
                ],
                [
                    485.57671904563904,
                    469.1440463066101
                ],
                [
                    315.87207317352295,
                    664.2401218414307
                ],
                [
                    361.3714575767517,
                    699.481725692749
                ],
                [
                    693.8397884368896,
                    638.9366388320923
                ],
                [
                    650.2407789230347,
                    589.1096591949463
                ],
                [
                    420.9173917770386,
                    873.6956119537354
                ],
                [
                    479.04831171035767,
                    912.169337272644
                ],
                [
                    482.8665852546692,
                    653.0605554580688
                ]
            ],
            "provenance": "visii",
            "quaternion_xyzw": [
                -0.17916008830070496,
                0.723438024520874,
                0.34998512268066406,
                0.5674941539764404
            ],
            "quaternion_xyzw_world": [
                0.3808934688568115,
                -0.007440539076924324,
                0.16338446736335754,
                0.9100386500358582
            ],
            "segmentation_id": 11,
            "visibility": 1
        },
        {
            "bounding_box_minx_maxx_miny_maxy": [
                431,
                499,
                381,
                500
            ],
            "class": "Dog",
            "local_cuboid": null,
            "local_to_world_matrix": [
                [
                    -0.2587168216705322,
                    -0.588891327381134,
                    0.7656843662261963,
                    0.0
                ],
                [
                    0.3232238292694092,
                    0.6942005157470703,
                    0.6431267857551575,
                    0.0
                ],
                [
                    -0.9102702140808105,
                    0.41387519240379333,
                    0.01074230670928955,
                    0.0
                ],
                [
                    1.0054670572280884,
                    -0.39629122614860535,
                    -0.3091545104980469,
                    1.0
                ]
            ],
            "location": [
                0.39629122614860535,
                -0.3091545104980469,
                -1.0054670572280884
            ],
            "location_world": [
                1.0054670572280884,
                -0.39629122614860535,
                -0.3091545104980469
            ],
            "name": "google_Dog_11",
            "projected_cuboid": [
                [
                    603.9475202560425,
                    468.04338693618774
                ],
                [
                    483.412504196167,
                    364.4009530544281
                ],
                [
                    490.8129572868347,
                    345.0406789779663
                ],
                [
                    588.6814594268799,
                    427.5553226470947
                ],
                [
                    478.0274033546448,
                    582.3350548744202
                ],
                [
                    374.25169348716736,
                    477.9508709907532
                ],
                [
                    399.82497692108154,
                    440.3442442417145
                ],
                [
                    486.400842666626,
                    523.6362218856812
                ],
                [
                    485.05479097366333,
                    451.9098401069641
                ]
            ],
            "provenance": "visii",
            "quaternion_xyzw": [
                -0.09419968724250793,
                -0.1897137314081192,
                0.41178029775619507,
                0.8863250017166138
            ],
            "quaternion_xyzw_world": [
                0.09531566500663757,
                -0.696809709072113,
                -0.3792290687561035,
                0.6012956500053406
            ],
            "segmentation_id": 12,
            "visibility": 1
        },
        {
            "bounding_box_minx_maxx_miny_maxy": [
                -1,
                -1,
                -1,
                -1
            ],
            "class": "Black",
            "local_cuboid": null,
            "local_to_world_matrix": [
                [
                    0.3371649384498596,
                    0.44329798221588135,
                    0.8305460214614868,
                    0.0
                ],
                [
                    0.6083773374557495,
                    0.570663332939148,
                    -0.5515617728233337,
                    0.0
                ],
                [
                    -0.718468427658081,
                    0.6912526488304138,
                    -0.0772848129272461,
                    0.0
                ],
                [
                    1.7818864583969116,
                    0.4932249188423157,
                    -0.780447244644165,
                    1.0
                ]
            ],
            "location": [
                -0.4932249188423157,
                -0.780447244644165,
                -1.7818864583969116
            ],
            "location_world": [
                1.7818864583969116,
                0.4932249188423157,
                -0.780447244644165
            ],
            "name": "google_Black_Elderberry_Syrup_54_oz_Gaia_Herbs_12",
            "projected_cuboid": [
                [
                    36.913588643074036,
                    521.7782258987427
                ],
                [
                    29.470741748809814,
                    527.5843143463135
                ],
                [
                    75.63379406929016,
                    507.85040855407715
                ],
                [
                    83.57486128807068,
                    501.9856095314026
                ],
                [
                    43.69010031223297,
                    542.3080921173096
                ],
                [
                    36.01768612861633,
                    547.7428436279297
                ],
                [
                    82.2962075471878,
                    526.6226530075073
                ],
                [
                    90.46100080013275,
                    521.0781097412109
                ],
                [
                    60.3981614112854,
                    524.285078048706
                ]
            ],
            "provenance": "visii",
            "quaternion_xyzw": [
                -0.3121680021286011,
                -0.20812726020812988,
                0.8236091732978821,
                0.4253259599208832
            ],
            "quaternion_xyzw_world": [
                -0.45928922295570374,
                -0.5724471807479858,
                -0.06100602447986603,
                0.676487922668457
            ],
            "segmentation_id": 13,
            "visibility": 0
        },
        {
            "bounding_box_minx_maxx_miny_maxy": [
                9,
                12,
                1,
                1
            ],
            "class": "Razer",
