{
    "camera_data": {
        "camera_look_at": {
            "at": [
                1.0,
                0.0,
                0.0
            ],
            "eye": [
                0.0,
                0.0,
                0.0
            ],
            "up": [
                0.0,
                0.0,
                1.0
            ]
        },
        "camera_view_matrix": [
            [
                0.0,
                0.0,
                -1.0,
                0.0
            ],
            [
                -1.0,
                0.0,
                0.0,
                0.0
            ],
            [
                0.0,
                1.0,
                0.0,
                0.0
            ],
            [
                0.0,
                0.0,
                0.0,
                1.0
            ]
        ],
        "height": 500,
        "intrinsics": {
            "cx": 250.0,
            "cy": 250.0,
            "fx": 603.5535278320312,
            "fy": 603.5535278320312
        },
        "location_world": [
            0.0,
            0.0,
            0.0
        ],
        "quaternion_world_xyzw": [
            0.5,
            -0.5,
            -0.5,
            0.5
        ],
        "width": 500
    },
    "objects": [
        {
            "bounding_box_minx_maxx_miny_maxy": [
                22,
                165,
                86,
                147
            ],
            "class": "Reebok",
            "local_cuboid": null,
            "local_to_world_matrix": [
                [
                    0.6650228500366211,
                    0.07480298727750778,
                    0.7430673837661743,
                    0.0
                ],
                [
                    -0.022620752453804016,
                    -0.9924972057342529,
                    0.12015743553638458,
                    0.0
                ],
                [
                    0.7464803457260132,
                    -0.09671618044376373,
                    -0.6583411693572998,
                    0.0
                ],
                [
                    1.0172784328460693,
                    0.25747615098953247,
                    0.26417168974876404,
                    1.0
                ]
            ],
            "location": [
                -0.25747615098953247,
                0.26417168974876404,
                -1.0172784328460693
            ],
            "location_world": [
                1.0172784328460693,
                0.25747615098953247,
                0.26417168974876404
            ],
            "name": "google_Reebok_SOMERSET_RUN_0",
            "projected_cuboid": [
                [
                    41.33947193622589,
                    138.14525306224823
                ],
                [
                    194.15849447250366,
                    118.8465803861618
                ],
                [
                    183.11014771461487,
                    64.16156888008118
                ],
                [
                    17.842844128608704,
                    85.38316190242767
                ],
                [
                    31.4616858959198,
                    177.6173710823059
                ],
                [
                    195.00911235809326,
                    157.20190107822418
                ],
                [
                    183.18691849708557,
                    101.71754658222198
                ],
                [
                    5.299985408782959,
                    124.30660426616669
                ],
                [
                    106.63430392742157,
                    121.37696146965027
                ]
            ],
            "provenance": "visii",
            "quaternion_xyzw": [
                0.6228001117706299,
                0.6966779828071594,
                -0.22812563180923462,
                0.2733469009399414
            ],
            "quaternion_xyzw_world": [
                0.9104753136634827,
                0.014328294433653355,
                0.40900278091430664,
                0.05954955890774727
            ],
            "segmentation_id": 1,
            "visibility": 1
        },
        {
            "bounding_box_minx_maxx_miny_maxy": [
                -1,
                -1,
                -1,
                -1
            ],
            "class": "Breyer",
            "local_cuboid": null,
            "local_to_world_matrix": [
                [
                    0.8113877773284912,
                    0.007480800151824951,
                    -0.5844603776931763,
                    0.0
                ],
                [
                    -0.5338558554649353,
                    -0.39767563343048096,
                    -0.7462251782417297,
                    0.0
                ],
                [
                    -0.23800797760486603,
                    0.9174955487251282,
                    -0.3186753988265991,
                    0.0
                ],
                [
                    0.5194671750068665,
                    0.11172083765268326,
                    -0.34442952275276184,
                    1.0
                ]
            ],
            "location": [
                -0.11172083765268326,
                -0.34442952275276184,
                -0.5194671750068665
            ],
            "location_world": [
                0.5194671750068665,
                0.11172083765268326,
                -0.34442952275276184
            ],
            "name": "google_Breyer_Horse_Of_The_Year_2015_1",
            "projected_cuboid": [
                [
                    -18.047332763671875,
                    705.064058303833
                ],
                [
                    -8.04990530014038,
                    776.5816450119019
                ],
                [
                    150.12717247009277,
                    694.9011087417603
                ],
                [
                    132.936030626297,
                    631.5603256225586
                ],
                [
                    -140.33657312393188,
                    714.5271301269531
                ],
                [
                    -135.42702794075012,
                    822.9086995124817
                ],
                [
                    106.79870843887329,
                    699.5636224746704
                ],
                [
                    85.30324697494507,
                    608.8363528251648
                ],
                [
                    33.00252556800842,
                    702.8149366378784
                ]
            ],
            "provenance": "visii",
            "quaternion_xyzw": [
                -0.6125227212905884,
                0.07623586058616638,
                0.7056404948234558,
                -0.347959041595459
            ],
            "quaternion_xyzw_world": [
                -0.7949432134628296,
                0.16553857922554016,
                0.2586563229560852,
                0.5232200026512146
            ],
            "segmentation_id": 2,
            "visibility": 0
        },
        {
            "bounding_box_minx_maxx_miny_maxy": [
                0,
                66,
                14,
                126
            ],
            "class": "Smith",
            "local_cuboid": null,
            "local_to_world_matrix": [
                [
                    -0.33321285247802734,
                    -0.07237428426742554,
                    -0.9400697946548462,
                    0.0
                ],
                [
                    0.9322741627693176,
                    0.12363845109939575,
                    -0.33996832370758057,
                    0.0
                ],
                [
                    0.14083373546600342,
                    -0.9896845817565918,
                    0.026274800300598145,
                    0.0
                ],
                [
                    1.499525547027588,
                    0.7444466352462769,
                    0.5136634707450867,
                    1.0
                ]
            ],
            "location": [
                -0.7444466352462769,
                0.5136634707450867,
                -1.499525547027588
            ],
            "location_world": [
                1.499525547027588,
                0.7444466352462769,
                0.5136634707450867
            ],
            "name": "google_Smith_Hawken_Woven_BasketTray_Organizer_with_3_Compartments_95_x_9_x_13_2",
            "projected_cuboid": [
                [
                    49.96521770954132,
                    73.80175590515137
                ],
                [
                    68.01752746105194,
                    133.4228664636612
                ],
                [
                    -39.46578502655029,
                    133.32629203796387
                ],
                [
                    -77.61761546134949,
                    71.97491824626923
                ],
                [
                    55.581241846084595,
                    -50.553202629089355
                ],
                [
                    71.58304750919342,
                    22.288650274276733
                ],
                [
                    -28.119176626205444,
                    19.691959023475647
                ],
                [
                    -61.18711829185486,
                    -55.50089478492737
                ],
                [
                    6.77335262298584,
                    43.87137293815613
                ]
            ],
            "provenance": "visii",
            "quaternion_xyzw": [
                -0.6231324672698975,
                0.4267584979534149,
                -0.5307448506355286,
                0.3845686614513397
            ],
            "quaternion_xyzw_world": [
                0.3594697415828705,
                0.5980335474014282,
                -0.5558437705039978,
                0.45185738801956177
            ],
            "segmentation_id": 3,
            "visibility": 1
        },
        {
            "bounding_box_minx_maxx_miny_maxy": [
                -1,
                -1,
                -1,
                -1
            ],
            "class": "Paul",
            "local_cuboid": null,
            "local_to_world_matrix": [
                [
                    -0.07676613330841064,
                    0.9703304767608643,
                    0.22927221655845642,
                    0.0
                ],
                [
                    -0.9116014242172241,
                    0.024832725524902344,
                    -0.4103246033191681,
                    0.0
                ],
                [
                    -0.4038439095020294,
                    -0.24050387740135193,
                    0.8826482892036438,
                    0.0
                ],
                [
                    0.2970075309276581,
                    -0.37587615847587585,
                    -0.1510152369737625,
                    1.0
                ]
            ],
            "location": [
                0.37587615847587585,
                -0.1510152369737625,
                -0.2970075309276581
            ],
            "location_world": [
                0.2970075309276581,
                -0.37587615847587585,
                -0.1510152369737625
            ],
            "name": "google_Paul_Frank_Dot_Lunch_Box_3",
            "projected_cuboid": [
                [
                    1008.9294910430908,
                    -14.446109533309937
                ],
                [
                    1516.3193941116333,
                    -9.510964155197144
                ],
                [
                    875.3483295440674,
                    612.8866672515869
                ],
                [
                    697.08651304245,
                    427.11636424064636
                ],
                [
                    1538.0239486694336,
                    144.74640786647797
                ],
                [
                    2299.9560832977295,
                    244.46183443069458
                ],
                [
                    1424.513816833496,
                    725.7763147354126
                ],
                [
                    1104.7234535217285,
                    519.3768739700317
                ],
                [
                    1223.1783866882324,
                    367.1657145023346
                ]
            ],
            "provenance": "visii",
            "quaternion_xyzw": [
                0.09506604820489883,
                0.5376248359680176,
                0.8343409299850464,
                0.0761394202709198
            ],
            "quaternion_xyzw_world": [
                -0.062755286693573,
                -0.23396076261997223,
                0.6954461932182312,
                0.6765195727348328
            ],
            "segmentation_id": 4,
            "visibility": 0
        },
        {
            "bounding_box_minx_maxx_miny_maxy": [
                -1,
                -1,
                -1,
                -1
            ],
            "class": "Toys",
            "local_cuboid": null,
            "local_to_world_matrix": [
                [
                    -0.6005308628082275,
                    0.732696533203125,
                    -0.3201853632926941,
                    0.0
                ],
                [
                    0.0810091495513916,
                    -0.3426206111907959,
                    -0.9359747171401978,
                    0.0
                ],
                [
                    -0.7954874634742737,
                    -0.588019609451294,
                    0.14639902114868164,
                    0.0
                ],
                [
                    1.321304440498352,
                    -0.46672946214675903,
                    -0.5996027588844299,
                    1.0
                ]
            ],
            "location": [
                0.46672946214675903,
                -0.5996027588844299,
                -1.321304440498352
            ],
            "location_world": [
                1.321304440498352,
                -0.46672946214675903,
                -0.5996027588844299
            ],
            "name": "google_Toys_R_Us_Treat_Dispenser_Smart_Puzzle_Foobler_4",
            "projected_cuboid": [
                [
                    499.46320056915283,
                    528.9270281791687
                ],
                [
                    524.2382287979126,
                    600.9377241134644
                ],
                [
                    455.5959105491638,
                    578.082263469696
                ],
                [
                    432.5302839279175,
                    512.7760171890259
                ],
                [
                    535.9636545181274,
                    483.8957488536835
                ],
                [
                    558.5364103317261,
                    551.0106086730957
                ],
                [
                    491.4886951446533,
                    534.1362953186035
                ],
                [
                    470.3257977962494,
                    472.88423776626587
                ],
                [
                    495.1161742210388,
                    531.7667722702026
                ]
            ],
            "provenance": "visii",
            "quaternion_xyzw": [
                0.31929251551628113,
                0.017566382884979248,
                0.9306125640869141,
                -0.17805637419223785
            ],
            "quaternion_xyzw_world": [
                -0.38590502738952637,
                -0.5271411538124084,
                0.7227638959884644,
                0.22541502118110657
            ],
            "segmentation_id": 5,
            "visibility": 0
        },
        {
            "bounding_box_minx_maxx_miny_maxy": [
                -1,
                -1,
                -1,
                -1
            ],
            "class": "Tag",
            "local_cuboid": null,
            "local_to_world_matrix": [
                [
                    -0.8729126453399658,
                    -0.4371182918548584,
                    0.21668195724487305,
                    0.0
                ],
                [
                    -0.36931025981903076,
                    0.8822426795959473,
                    0.2919892370700836,
                    0.0
                ],
                [
                    -0.3187999129295349,
                    0.1748582273721695,
                    -0.9315531253814697,
                    0.0
                ],
                [
                    0.3574689030647278,
                    -0.4307248294353485,
                    -0.5093716979026794,
                    1.0
                ]
            ],
            "location": [
                0.4307248294353485,
                -0.5093716979026794,
                -0.3574689030647278
            ],
            "location_world": [
                0.3574689030647278,
                -0.4307248294353485,
                -0.5093716979026794
            ],
            "name": "google_Tag_Dishtowel_Basket_Weave_Red_18_x_26_5",
            "projected_cuboid": [
                [
                    1331.3729763031006,
                    1317.4713850021362
                ],
                [
                    1195.9927082061768,
                    1539.1721725463867
                ],
                [
                    1167.54949092865,
                    1397.9716300964355
                ],
                [
                    1305.8210611343384,
                    1221.0607528686523
                ],
                [
                    887.5560164451599,
                    1023.1181383132935
                ],
                [
                    704.4405937194824,
                    1090.4947519302368
                ],
                [
                    700.9165287017822,
                    1016.1247253417969
                ],
                [
                    880.3878426551819,
                    963.7933373451233
                ],
                [
                    983.0669164657593,
                    1150.9875059127808
                ]
            ],
            "provenance": "visii",
            "quaternion_xyzw": [
                -0.45451322197914124,
                0.36608433723449707,
                -0.3839571475982666,
                -0.7155255675315857
            ],
            "quaternion_xyzw_world": [
                -0.20999865233898163,
                0.9600401520729065,
                0.12156978249549866,
                -0.139442577958107
            ],
            "segmentation_id": 6,
            "visibility": 0
        },
        {
            "bounding_box_minx_maxx_miny_maxy": [
                -1,
                -1,
                -1,
                -1
            ],
            "class": "FRACTION",
            "local_cuboid": null,
            "local_to_world_matrix": [
                [
                    0.8658493757247925,
                    0.20228052139282227,
                    0.45758867263793945,
                    0.0
                ],
                [
                    -0.3372827172279358,
                    0.9115344882011414,
                    0.23525574803352356,
                    0.0
                ],
                [
                    -0.3695201873779297,
                    -0.35803279280662537,
                    0.8574773073196411,
                    0.0
                ],
                [
                    1.33234441280365,
                    -0.6366586685180664,
                    -0.15650013089179993,
                    1.0
                ]
            ],
            "location": [
                0.6366586685180664,
                -0.15650013089179993,
                -1.33234441280365
            ],
            "location_world": [
                1.33234441280365,
                -0.6366586685180664,
                -0.15650013089179993
            ],
            "name": "google_FRACTION_FUN_n4h4qte23QR_6",
            "projected_cuboid": [
                [
                    555.5363893508911,
                    292.8749620914459
                ],
                [
                    493.3570623397827,
                    275.13957023620605
                ],
                [
                    483.6205244064331,
                    291.31031036376953
                ],
                [
                    545.5326437950134,
                    308.13005566596985
                ],
                [
                    608.7785959243774,
                    336.01871132850647
                ],
                [
                    541.6048169136047,
                    318.33475828170776
                ],
                [
                    530.0247669219971,
                    335.9377980232239
                ],
                [
                    596.9282984733582,
                    352.52803564071655
                ],
                [
                    543.7405109405518,
                    312.7861022949219
                ]
            ],
            "provenance": "visii",
            "quaternion_xyzw": [
                -0.21962669491767883,
                0.5167242884635925,
                0.578045129776001,
                0.592134952545166
            ],
            "quaternion_xyzw_world": [
                0.15559370815753937,
                -0.2169145792722702,
                0.14150391519069672,
                0.9532656073570251
            ],
            "segmentation_id": 7,
            "visibility": 0
        },
        {
            "bounding_box_minx_maxx_miny_maxy": [
                -1,
                -1,
                -1,
                -1
            ],
            "class": "FAIRY",
            "local_cuboid": null,
            "local_to_world_matrix": [
                [
                    0.5909225940704346,
                    -0.6102874875068665,
                    0.527597963809967,
                    0.0
                ],
                [
                    -0.7680348753929138,
                    -0.22547757625579834,
                    0.599401593208313,
                    0.0
                ],
                [
                    -0.24684573709964752,
                    -0.7594135999679565,
                    -0.6019618511199951,
                    0.0
                ],
                [
                    0.4439167082309723,
                    0.44967252016067505,
                    0.4588814079761505,
                    1.0
                ]
            ],
            "location": [
                -0.44967252016067505,
                0.4588814079761505,
                -0.4439167082309723
            ],
            "location_world": [
                0.4439167082309723,
                0.44967252016067505,
                0.4588814079761505
            ],
            "name": "google_FAIRY_TALE_BLOCKS_7",
            "projected_cuboid": [
                [
                    -0.4203319549560547,
                    -82.53586292266846
                ],
                [
                    -41.750580072402954,
                    -536.05717420578
                ],
                [
                    -249.06665086746216,
                    -626.8986463546753
                ],
                [
                    -143.26930046081543,
                    -183.84838104248047
                ],
                [
                    -306.4648509025574,
                    -10.262608528137207
                ],
                [
                    -666.7125225067139,
                    -704.871654510498
                ],
                [
                    -858.9047193527222,
                    -810.558557510376
                ],
                [
                    -457.88490772247314,
                    -151.34495496749878
                ],
                [
                    -277.8387665748596,
                    -317.79569387435913
                ]
            ],
            "provenance": "visii",
            "quaternion_xyzw": [
                0.43704694509506226,
                0.4307749569416046,
                0.09638035297393799,
                0.7836667895317078
            ],
            "quaternion_xyzw_world": [
                0.7775542140007019,
                -0.4431595802307129,
                0.09026772528886795,
                0.43688759207725525
            ],
            "segmentation_id": 8,
            "visibility": 0
        },
        {
            "bounding_box_minx_maxx_miny_maxy": [
                -1,
                -1,
                -1,
                -1
            ],
            "class": "Great",
            "local_cuboid": null,
            "local_to_world_matrix": [
                [
                    -0.4565885066986084,
                    0.46155697107315063,
                    -0.760586678981781,
                    0.0
                ],
                [
                    -0.6537675261497498,
                    0.4057685136795044,
                    0.6387017369270325,
                    0.0
                ],
                [
                    0.6034193634986877,
                    0.7888707518577576,
                    0.1164817214012146,
                    0.0
                ],
                [
                    1.7727751731872559,
                    -0.4367896020412445,
                    -0.3717571794986725,
                    1.0
                ]
            ],
            "location": [
                0.4367896020412445,
                -0.3717571794986725,
                -1.7727751731872559
            ],
            "location_world": [
                1.7727751731872559,
                -0.4367896020412445,
                -0.3717571794986725
            ],
            "name": "google_Great_Jones_Wingtip_kAqSg6EgG0I_8",
            "projected_cuboid": [
                [
                    371.06895446777344,
                    407.4847102165222
                ],
                [
                    340.8964276313782,
                    356.0542166233063
                ],
                [
                    377.59968638420105,
                    365.3374910354614
                ],
                [
                    404.84362840652466,
                    417.6526665687561
                ],
                [
                    383.6853504180908,
                    377.4849772453308
                ],
                [
                    355.83940148353577,
                    324.0671753883362
                ],
                [
                    392.04829931259155,
                    331.7781984806061
                ],
                [
                    417.01292991638184,
                    386.2976133823395
                ],
                [
                    380.9148073196411,
                    371.9547688961029
                ]
            ],
            "provenance": "visii",
            "quaternion_xyzw": [
                -0.35466909408569336,
                0.8221433162689209,
                0.23421987891197205,
                -0.3787233233451843
            ],
            "quaternion_xyzw_world": [
                -0.0727345198392868,
                0.6606578826904297,
                0.5402086973190308,
                0.5161544680595398
            ],
            "segmentation_id": 9,
            "visibility": 0
        },
        {
            "bounding_box_minx_maxx_miny_maxy": [
                -1,
                -1,
                -1,
                -1
            ],
            "class": "Ecoforms",
            "local_cuboid": null,
            "local_to_world_matrix": [
                [
                    0.3078111410140991,
                    -0.06694427132606506,
                    -0.949089527130127,
                    0.0
                ],
                [
                    0.7240831851959229,
                    0.6635873317718506,
                    0.18803024291992188,
                    0.0
                ],
                [
                    0.6172162294387817,
                    -0.7450975179672241,
                    0.2527327537536621,
                    0.0
                ],
                [
                    0.9368705153465271,
                    -0.0804780051112175,
                    0.4477258622646332,
                    1.0
                ]
            ],
            "location": [
                0.0804780051112175,
                0.4477258622646332,
                -0.9368705153465271
            ],
            "location_world": [
                0.9368705153465271,
                -0.0804780051112175,
                0.4477258622646332
            ],
            "name": "google_Ecoforms_Plant_Container_Quadra_Sand_QP6_9",
            "projected_cuboid": [
                [
                    416.0441756248474,
                    19.628852605819702
                ],
                [
                    329.11646366119385,
                    28.52986752986908
                ],
                [
                    263.84133100509644,
                    31.10957145690918
                ],
                [
                    350.8308231830597,
                    21.57251536846161
                ],
                [
                    418.2059168815613,
                    -110.3559136390686
                ],
                [
                    326.2883126735687,
                    -84.40852165222168
                ],
                [
                    256.79463148117065,
                    -93.70574355125427
                ],
                [
                    348.7046957015991,
                    -124.39727783203125
                ],
                [
                    337.42350339889526,
                    -36.3239049911499
                ]
            ],
            "provenance": "visii",
            "quaternion_xyzw": [
                -0.6115820407867432,
                0.6592234373092651,
                -0.178752139210701,
                0.39929887652397156
            ],
            "quaternion_xyzw_world": [
                0.31284621357917786,
                0.5251293778419495,
                -0.2652047872543335,
                0.7456761002540588
            ],
            "segmentation_id": 10,
            "visibility": 0
        },
        {
            "bounding_box_minx_maxx_miny_maxy": [
                -1,
                -1,
                -1,
                -1
            ],
            "class": "ReadytoUse",
            "local_cuboid": null,
            "local_to_world_matrix": [
                [
                    -0.46065545082092285,
                    -0.8653228878974915,
                    -0.19751647114753723,
                    0.0
                ],
                [
                    0.7571390271186829,
                    -0.4992324113845825,
                    0.4213164746761322,
                    0.0
                ],
                [
                    -0.46318140625953674,
                    0.04453432559967041,
                    0.8851438760757446,
                    0.0
                ],
                [
                    0.39609622955322266,
                    -0.05073844641447067,
                    -0.3392549455165863,
                    1.0
                ]
            ],
            "location": [
                0.05073844641447067,
                -0.3392549455165863,
                -0.39609622955322266
            ],
            "location_world": [
                0.39609622955322266,
                -0.05073844641447067,
                -0.3392549455165863
            ],
            "name": "google_ReadytoUse_Rolled_Fondant_Pure_White_24_oz_box_10",
            "projected_cuboid": [
                [
                    435.45788526535034,
                    722.0243811607361
                ],
                [
                    461.06666326522827,
                    624.6680617332458
                ],
                [
                    430.15560507774353,
                    781.9600701332092
                ],
                [
                    406.98087215423584,
                    874.2953538894653
                ],
                [
                    209.67134833335876,
                    596.9438552856445
                ],
                [
                    254.37140464782715,
                    527.3074507713318
                ],
                [
                    263.83790373802185,
                    681.8652153015137
                ],
                [
                    228.6148965358734,
                    752.2624135017395
                ],
                [
                    329.0601968765259,
                    697.1273422241211
                ]
            ],
            "provenance": "visii",
            "quaternion_xyzw": [
                0.4951830804347992,
                0.15232542157173157,
                0.21008449792861938,
                -0.8291292190551758
            ],
            "quaternion_xyzw_world": [
                -0.1958526074886322,
                0.1380935162305832,
                0.8433610796928406,
                -0.4809511601924896
            ],
            "segmentation_id": 11,
            "visibility": 0
        },
        {
            "bounding_box_minx_maxx_miny_maxy": [
                428,
                499,
                263,
                321
            ],
            "class": "Dog",
            "local_cuboid": null,
            "local_to_world_matrix": [
                [
                    -0.043089866638183594,
                    0.9926941394805908,
                    -0.11270254850387573,
                    0.0
                ],
                [
                    0.9387694597244263,
                    0.07882833480834961,
                    0.33540743589401245,
                    0.0
                ],
                [
                    0.3418411314487457,
                    -0.09134909510612488,
                    -0.9353077411651611,
                    0.0
                ],
                [
                    0.8643333315849304,
                    -0.2906607389450073,
                    -0.047353655099868774,
                    1.0
                ]
            ],
            "location": [
                0.2906607389450073,
                -0.047353655099868774,
                -0.8643333315849304
            ],
            "location_world": [
                0.8643333315849304,
                -0.2906607389450073,
                -0.047353655099868774
            ],
            "name": "google_Dog_11",
            "projected_cuboid": [
                [
                    392.6125168800354,
                    449.7168958187103
                ],
                [
                    359.3447208404541,
                    378.2294988632202
                ],
                [
                    355.60929775238037,
                    268.6895430088043
                ],
                [
                    390.9657895565033,
                    321.7006027698517
                ],
                [
                    554.3613433837891,
                    428.8155436515808
                ],
                [
                    493.8506782054901,
                    361.5874648094177
                ],
                [
                    499.7265338897705,
                    252.00721621513367
                ],
                [
                    566.8175220489502,
                    300.61522126197815
                ],
                [
                    449.6438503265381,
                    344.44916248321533
                ]
            ],
            "provenance": "visii",
            "quaternion_xyzw": [
                -0.058608174324035645,
                0.8169980049133301,
                -0.5734643936157227,
                0.014767296612262726
            ],
            "quaternion_xyzw_world": [
                0.6733107566833496,
                0.7171516418457031,
                0.08507905900478363,
                0.1584545224905014
            ],
            "segmentation_id": 12,
            "visibility": 1
        },
        {
            "bounding_box_minx_maxx_miny_maxy": [
                -1,
                -1,
                -1,
                -1
            ],
            "class": "Black",
            "local_cuboid": null,
            "local_to_world_matrix": [
                [
                    -0.4967987537384033,
                    0.03397754579782486,
                    -0.867200493812561,
                    0.0
                ],
                [
                    -0.2677794396877289,
                    -0.9564805030822754,
                    0.11592890322208405,
                    0.0
                ],
                [
                    -0.8255212306976318,
                    0.28981178998947144,
                    0.48427659273147583,
                    0.0
                ],
                [
                    1.2109253406524658,
                    0.6580927968025208,
                    -0.6915715336799622,
                    1.0
                ]
            ],
            "location": [
                -0.6580927968025208,
                -0.6915715336799622,
                -1.2109253406524658
            ],
            "location_world": [
                1.2109253406524658,
                0.6580927968025208,
                -0.6915715336799622
            ],
            "name": "google_Black_Elderberry_Syrup_54_oz_Gaia_Herbs_12",
            "projected_cuboid": [
                [
                    -155.79068660736084,
                    611.3271713256836
                ],
                [
                    -129.88808751106262,
                    612.8078699111938
                ],
                [
                    -70.25939226150513,
                    611.9267344474792
                ],
                [
                    -94.36947107315063,
                    610.6048822402954
                ],
                [
                    -144.39213275909424,
                    575.2533674240112
                ],
                [
                    -118.99515986442566,
                    576.1755704879761
                ],
                [
                    -61.82891130447388,
                    578.9200663566589
                ],
                [
                    -85.49216389656067,
                    578.052282333374
                ],
                [
                    -106.10875487327576,
                    594.1920280456543
                ]
            ],
            "provenance": "visii",
            "quaternion_xyzw": [
                0.07837780565023422,
                0.28477412462234497,
                0.660221517086029,
                -0.6905564069747925
            ],
            "quaternion_xyzw_world": [
                -0.49381300806999207,
                0.11836560070514679,
                0.8569649457931519,
                0.08803072571754456
            ],
            "segmentation_id": 13,
            "visibility": 0
        },
        {
            "bounding_box_minx_maxx_miny_maxy": [
                -1,
                -1,
                -1,
                -1
            ],
            "class": "Razer",
