{
    "camera_data": {
        "camera_look_at": {
            "at": [
                1.0,
                0.0,
                0.0
            ],
            "eye": [
                0.0,
                0.0,
                0.0
            ],
            "up": [
                0.0,
                0.0,
                1.0
            ]
        },
        "camera_view_matrix": [
            [
                0.0,
                0.0,
                -1.0,
                0.0
            ],
            [
                -1.0,
                0.0,
                0.0,
                0.0
            ],
            [
                0.0,
                1.0,
                0.0,
                0.0
            ],
            [
                0.0,
                0.0,
                0.0,
                1.0
            ]
        ],
        "height": 500,
        "intrinsics": {
            "cx": 250.0,
            "cy": 250.0,
            "fx": 603.5535278320312,
            "fy": 603.5535278320312
        },
        "location_world": [
            0.0,
            0.0,
            0.0
        ],
        "quaternion_world_xyzw": [
            0.5,
            -0.5,
            -0.5,
            0.5
        ],
        "width": 500
    },
    "objects": [
        {
            "bounding_box_minx_maxx_miny_maxy": [
                101,
                184,
                114,
                202
            ],
            "class": "Reebok",
            "local_cuboid": null,
            "local_to_world_matrix": [
                [
                    0.5867547988891602,
                    -0.7753458023071289,
                    0.23357589542865753,
                    0.0
                ],
                [
                    0.8048685789108276,
                    0.5267463326454163,
                    -0.2733585834503174,
                    0.0
                ],
                [
                    0.08891217410564423,
                    0.3483923673629761,
                    0.9331223964691162,
                    0.0
                ],
                [
                    1.1162500381469727,
                    0.19632819294929504,
                    0.130764439702034,
                    1.0
                ]
            ],
            "location": [
                -0.19632819294929504,
                0.130764439702034,
                -1.1162500381469727
            ],
            "location_world": [
                1.1162500381469727,
                0.19632819294929504,
                0.130764439702034
            ],
            "name": "google_Reebok_SOMERSET_RUN_0",
            "projected_cuboid": [
                [
                    182.86821246147156,
                    80.7231217622757
                ],
                [
                    122.412770986557,
                    149.73413944244385
                ],
                [
                    140.63994586467743,
                    200.52030682563782
                ],
                [
                    205.8623731136322,
                    142.41530001163483
                ],
                [
                    124.1769790649414,
                    85.54142713546753
                ],
                [
                    71.82994484901428,
                    157.38868713378906
                ],
                [
                    90.62749147415161,
                    211.04131639003754
                ],
                [
                    148.12099933624268,
                    151.5173614025116
                ],
                [
                    133.47816467285156,
                    150.50166845321655
                ]
            ],
            "provenance": "visii",
            "quaternion_xyzw": [
                -0.7310295104980469,
                0.1002594530582428,
                0.3198048770427704,
                0.5943641662597656
            ],
            "quaternion_xyzw_world": [
                -0.17810538411140442,
                -0.041440047323703766,
                -0.45266467332839966,
                0.8727290034294128
            ],
            "segmentation_id": 1,
            "visibility": 1
        },
        {
            "bounding_box_minx_maxx_miny_maxy": [
                87,
                112,
                479,
                500
            ],
            "class": "Breyer",
            "local_cuboid": null,
            "local_to_world_matrix": [
                [
                    -0.1649489402770996,
                    -0.7751121520996094,
                    -0.6099123954772949,
                    0.0
                ],
                [
                    0.3630259037017822,
                    0.527259349822998,
                    -0.7682511210441589,
                    0.0
                ],
                [
                    0.9170627593994141,
                    -0.34813612699508667,
                    0.19441485404968262,
                    0.0
                ],
                [
                    0.4907723069190979,
                    0.1320461481809616,
                    -0.3533187210559845,
                    1.0
                ]
            ],
            "location": [
                -0.1320461481809616,
                -0.3533187210559845,
                -0.4907723069190979
            ],
            "location_world": [
                0.4907723069190979,
                0.1320461481809616,
                -0.3533187210559845
            ],
            "name": "google_Breyer_Horse_Of_The_Year_2015_1",
            "projected_cuboid": [
                [
                    273.946613073349,
                    627.5969743728638
                ],
                [
                    243.75352263450623,
                    657.7606201171875
                ],
                [
                    175.46679079532623,
                    813.185453414917
                ],
                [
                    211.72845363616943,
                    780.901849269867
                ],
                [
                    104.05541956424713,
                    472.6046621799469
                ],
                [
                    80.96753060817719,
                    505.93066215515137
                ],
                [
                    -26.11595392227173,
                    609.1758012771606
                ],
                [
                    -1.0323524475097656,
                    570.8251595497131
                ],
                [
                    134.76191461086273,
                    619.0522909164429
                ]
            ],
            "provenance": "visii",
            "quaternion_xyzw": [
                -0.9301110506057739,
                0.3056548833847046,
                -0.13790962100028992,
                0.14983180165290833
            ],
            "quaternion_xyzw_world": [
                -0.16835737228393555,
                0.6119218468666077,
                -0.4560987949371338,
                0.6238440275192261
            ],
            "segmentation_id": 2,
            "visibility": 1
        },
        {
            "bounding_box_minx_maxx_miny_maxy": [
                0,
                39,
                22,
                106
            ],
            "class": "Smith",
            "local_cuboid": null,
            "local_to_world_matrix": [
                [
                    -0.9263203144073486,
                    -0.1398366093635559,
                    -0.34982430934906006,
                    0.0
                ],
                [
                    0.3084544241428375,
                    0.25162190198898315,
                    -0.9173563718795776,
                    0.0
                ],
                [
                    0.21630346775054932,
                    -0.9576703310012817,
                    -0.18994951248168945,
                    0.0
                ],
                [
                    1.557111382484436,
                    0.7772868275642395,
                    0.48570960760116577,
                    1.0
                ]
            ],
            "location": [
                -0.7772868275642395,
                0.48570960760116577,
                -1.557111382484436
            ],
            "location_world": [
                1.557111382484436,
                0.7772868275642395,
                0.48570960760116577
            ],
            "name": "google_Smith_Hawken_Woven_BasketTray_Organizer_with_3_Compartments_95_x_9_x_13_2",
            "projected_cuboid": [
                [
                    52.051618695259094,
                    39.264172315597534
                ],
                [
                    36.3321453332901,
                    146.3596522808075
                ],
                [
                    -81.04348182678223,
                    120.58712542057037
                ],
                [
                    -71.55293226242065,
                    7.363170385360718
                ],
                [
                    72.54473865032196,
                    35.965725779533386
                ],
                [
                    58.815568685531616,
                    123.55783581733704
                ],
                [
                    -35.575926303863525,
                    101.9175797700882
                ],
                [
                    -25.824427604675293,
                    10.28124988079071
                ],
                [
                    3.3270567655563354,
                    74.10210371017456
                ]
            ],
            "provenance": "visii",
            "quaternion_xyzw": [
                -0.7539058923721313,
                0.19944339990615845,
                -0.6247432231903076,
                0.03929704427719116
            ],
            "quaternion_xyzw_world": [
                0.05478888750076294,
                0.7693977952003479,
                -0.6092513799667358,
                0.18395158648490906
            ],
            "segmentation_id": 3,
            "visibility": 1
        },
        {
            "bounding_box_minx_maxx_miny_maxy": [
                -1,
                -1,
                -1,
                -1
            ],
            "class": "Paul",
            "local_cuboid": null,
            "local_to_world_matrix": [
                [
                    -0.03924298286437988,
                    0.8524057269096375,
                    0.5214062929153442,
                    0.0
                ],
                [
                    -0.7915434241294861,
                    0.2919522523880005,
                    -0.5368639826774597,
                    0.0
                ],
                [
                    -0.609851598739624,
                    -0.4337838888168335,
                    0.6632590293884277,
                    0.0
                ],
                [
                    0.3053210377693176,
                    -0.35424724221229553,
                    -0.13097628951072693,
                    1.0
                ]
            ],
            "location": [
                0.35424724221229553,
                -0.13097628951072693,
                -0.3053210377693176
            ],
            "location_world": [
                0.3053210377693176,
                -0.35424724221229553,
                -0.13097628951072693
            ],
            "name": "google_Paul_Frank_Dot_Lunch_Box_3",
            "projected_cuboid": [
                [
                    1322.9172229766846,
                    -112.00621724128723
                ],
                [
                    1949.4709968566895,
                    -77.11321115493774
                ],
                [
                    779.3492078781128,
                    463.4987711906433
                ],
                [
                    702.9250264167786,
                    308.31122398376465
                ],
                [
                    1910.7091426849365,
                    297.2644567489624
                ],
                [
                    2883.629322052002,
                    606.1863899230957
                ],
                [
                    1265.0249004364014,
                    764.8389339447021
                ],
                [
                    1073.371410369873,
                    541.3107872009277
                ],
                [
                    1289.8730039596558,
                    388.4858191013336
                ]
            ],
            "provenance": "visii",
            "quaternion_xyzw": [
                0.13657107949256897,
                0.4200268089771271,
                0.8658985495567322,
                0.2348307967185974
            ],
            "quaternion_xyzw_world": [
                -0.037234947085380554,
                -0.40863680839538574,
                0.5938328504562378,
                0.6920925378799438
            ],
            "segmentation_id": 4,
            "visibility": 0
        },
        {
            "bounding_box_minx_maxx_miny_maxy": [
                327,
                364,
                485,
                500
            ],
            "class": "Toys",
            "local_cuboid": null,
            "local_to_world_matrix": [
                [
                    -0.33460915088653564,
                    -0.07557925581932068,
                    -0.9393212795257568,
                    0.0
                ],
                [
                    -0.7969365119934082,
                    -0.5092692375183105,
                    0.32486483454704285,
                    0.0
                ],
                [
                    -0.5029205083847046,
                    0.8572821617126465,
                    0.11017417907714844,
                    0.0
                ],
                [
                    1.4318616390228271,
                    -0.26831895112991333,
                    -0.6298823952674866,
                    1.0
                ]
            ],
            "location": [
                0.26831895112991333,
                -0.6298823952674866,
                -1.4318616390228271
            ],
            "location_world": [
                1.4318616390228271,
                -0.26831895112991333,
                -0.6298823952674866
            ],
            "name": "google_Toys_R_Us_Treat_Dispenser_Smart_Puzzle_Foobler_4",
            "projected_cuboid": [
                [
                    294.9182689189911,
                    558.5260391235352
                ],
                [
                    336.58698201179504,
                    564.5731687545776
                ],
                [
                    390.66627621650696,
                    554.1070699691772
                ],
                [
                    346.6688096523285,
                    549.2528080940247
                ],
                [
                    288.4107828140259,
                    486.615389585495
                ],
                [
                    327.83931493759155,
                    485.7397675514221
                ],
                [
                    380.39711117744446,
                    480.01858592033386
                ],
                [
                    338.7282192707062,
                    481.3116192817688
                ],
                [
                    337.7542495727539,
                    519.1835761070251
                ]
            ],
            "provenance": "visii",
            "quaternion_xyzw": [
                -0.2488945573568344,
                0.43196213245391846,
                0.5249943733215332,
                -0.689812421798706
            ],
            "quaternion_xyzw_world": [
                -0.5158696174621582,
                0.42283734679222107,
                0.698937177658081,
                0.2580193281173706
            ],
            "segmentation_id": 5,
            "visibility": 1
        },
        {
            "bounding_box_minx_maxx_miny_maxy": [
                -1,
                -1,
                -1,
                -1
            ],
            "class": "Tag",
            "local_cuboid": null,
            "local_to_world_matrix": [
                [
                    -0.501976490020752,
                    0.4847690463066101,
                    0.7162531614303589,
                    0.0
                ],
                [
                    0.7991660237312317,
                    -0.05666148662567139,
                    0.5984339714050293,
                    0.0
                ],
                [
                    0.33068621158599854,
                    0.8728048801422119,
                    -0.3589681386947632,
                    0.0
                ],
                [
                    0.43707436323165894,
                    -0.4547014534473419,
                    -0.395393043756485,
                    1.0
                ]
            ],
            "location": [
                0.4547014534473419,
                -0.395393043756485,
                -0.43707436323165894
            ],
            "location_world": [
                0.43707436323165894,
                -0.4547014534473419,
                -0.395393043756485
            ],
            "name": "google_Tag_Dishtowel_Basket_Weave_Red_18_x_26_5",
            "projected_cuboid": [
                [
                    976.6068458557129,
                    1054.3749332427979
                ],
                [
                    721.3802337646484,
                    585.4630470275879
                ],
                [
                    770.1980471611023,
                    577.9026746749878
                ],
                [
                    1065.3756856918335,
                    1060.0848197937012
                ],
                [
                    945.716917514801,
                    1066.5843486785889
                ],
                [
                    737.705409526825,
                    662.4476313591003
                ],
                [
                    779.5591950416565,
                    657.5652360916138
                ],
                [
                    1013.9205455780029,
                    1071.394443511963
                ],
                [
                    849.1291403770447,
                    797.6635694503784
                ]
            ],
            "provenance": "visii",
            "quaternion_xyzw": [
                0.2487383782863617,
                0.7768348455429077,
                -0.3727092742919922,
                -0.44243043661117554
            ],
            "quaternion_xyzw_world": [
                0.4779260456562042,
                0.6716180443763733,
                0.5476471781730652,
                -0.14352166652679443
            ],
            "segmentation_id": 6,
            "visibility": 0
        },
        {
            "bounding_box_minx_maxx_miny_maxy": [
                250,
                321,
                195,
                261
            ],
            "class": "FRACTION",
            "local_cuboid": null,
            "local_to_world_matrix": [
                [
                    -0.19789588451385498,
                    -0.20865550637245178,
                    0.9577577710151672,
                    0.0
                ],
                [
                    -0.012409627437591553,
                    0.9775365591049194,
                    0.21040032804012299,
                    0.0
                ],
                [
                    -0.9801444411277771,
                    0.029751941561698914,
                    -0.19603979587554932,
                    0.0
                ],
                [
                    1.8274353742599487,
                    -0.10802765935659409,
                    0.06906203925609589,
                    1.0
                ]
            ],
            "location": [
                0.10802765935659409,
                0.06906203925609589,
                -1.8274353742599487
            ],
            "location_world": [
                1.8274353742599487,
                -0.10802765935659409,
                0.06906203925609589
            ],
            "name": "google_FRACTION_FUN_n4h4qte23QR_6",
            "projected_cuboid": [
                [
                    324.20414686203003,
                    207.52806961536407
                ],
                [
                    261.11331582069397,
                    193.87100636959076
                ],
                [
                    261.28432154655457,
                    192.33861565589905
                ],
                [
                    322.87999987602234,
                    205.67405223846436
                ],
                [
                    310.5413317680359,
                    264.5097076892853
                ],
                [
                    248.64739179611206,
                    251.18988752365112
                ],
                [
                    249.10537898540497,
                    248.35193157196045
                ],
                [
                    309.55970287323,
                    261.365681886673
                ],
                [
                    285.87260842323303,
                    228.3651977777481
                ]
            ],
            "provenance": "visii",
            "quaternion_xyzw": [
                0.06728798151016235,
                -0.07348526269197464,
                0.6247175931930542,
                0.7744675874710083
            ],
            "quaternion_xyzw_world": [
                0.07177633047103882,
                -0.7699792385101318,
                -0.0779736191034317,
                0.6292060017585754
            ],
            "segmentation_id": 7,
            "visibility": 1
        },
        {
            "bounding_box_minx_maxx_miny_maxy": [
                -1,
                -1,
                -1,
                -1
            ],
            "class": "FAIRY",
            "local_cuboid": null,
            "local_to_world_matrix": [
                [
                    0.3391072750091553,
                    -0.940575122833252,
                    -0.018021881580352783,
                    0.0
                ],
                [
                    0.13063451647758484,
                    0.028109073638916016,
                    0.9910322427749634,
                    0.0
                ],
                [
                    -0.9316335320472717,
                    -0.33842065930366516,
                    0.13240349292755127,
                    0.0
                ],
                [
                    0.4417261481285095,
                    0.4310051202774048,
                    0.41787970066070557,
                    1.0
                ]
            ],
            "location": [
                -0.4310051202774048,
                0.41787970066070557,
                -0.4417261481285095
            ],
            "location_world": [
                0.4417261481285095,
                0.4310051202774048,
                0.41787970066070557
            ],
            "name": "google_FAIRY_TALE_BLOCKS_7",
            "projected_cuboid": [
                [
                    -297.12873697280884,
                    -481.8921089172363
                ],
                [
                    -247.89473414421082,
                    -935.7955455780029
                ],
                [
                    -132.35601782798767,
                    -408.555269241333
                ],
                [
                    -151.0889232158661,
                    -117.70230531692505
                ],
                [
                    -1364.3348217010498,
                    -848.9521741867065
                ],
                [
                    -1118.9318895339966,
                    -1424.2076873779297
                ],
                [
                    -546.2774634361267,
                    -547.5670695304871
                ],
                [
                    -606.5733432769775,
                    -205.4513394832611
                ],
                [
                    -450.90389251708984,
                    -522.426962852478
                ]
            ],
            "provenance": "visii",
            "quaternion_xyzw": [
                -0.06691335141658783,
                0.17235402762889862,
                0.002566099166870117,
                0.9827564358711243
            ],
            "quaternion_xyzw_world": [
                0.5428155064582825,
                -0.37302759289741516,
                -0.43737486004829407,
                0.6122949719429016
            ],
            "segmentation_id": 8,
            "visibility": 0
        },
        {
            "bounding_box_minx_maxx_miny_maxy": [
                -1,
                -1,
                -1,
                -1
            ],
            "class": "Great",
            "local_cuboid": null,
            "local_to_world_matrix": [
                [
                    -0.17174601554870605,
                    0.6552186012268066,
                    -0.7356575131416321,
                    0.0
                ],
                [
                    0.9680935144424438,
                    -0.0260697603225708,
                    -0.2492295205593109,
                    0.0
                ],
                [
                    -0.1824781894683838,
                    -0.7549893856048584,
                    -0.6298356056213379,
                    0.0
                ],
                [
                    1.6284403800964355,
                    -0.6270141005516052,
                    -0.2679087817668915,
                    1.0
                ]
            ],
            "location": [
                0.6270141005516052,
                -0.2679087817668915,
                -1.6284403800964355
            ],
            "location_world": [
                1.6284403800964355,
                -0.6270141005516052,
                -0.2679087817668915
            ],
            "name": "google_Great_Jones_Wingtip_kAqSg6EgG0I_8",
            "projected_cuboid": [
                [
                    530.4429531097412,
                    392.45080947875977
                ],
                [
                    484.8189949989319,
                    394.6837782859802
                ],
                [
                    452.7817368507385,
                    368.55781078338623
                ],
                [
                    491.1676049232483,
                    360.97994446754456
                ],
                [
                    556.7930936813354,
                    356.90659284591675
                ],
                [
                    507.1606636047363,
                    365.1873469352722
                ],
                [
                    475.2063751220703,
                    339.68260884284973
                ],
                [
                    517.654538154602,
                    326.33620500564575
                ],
                [
                    499.9064803123474,
                    363.27892541885376
                ]
            ],
            "provenance": "visii",
            "quaternion_xyzw": [
                -0.3207540810108185,
                0.5530621409416199,
                -0.7223098874092102,
                0.2636428475379944
            ],
            "quaternion_xyzw_world": [
                0.6091303825378418,
                0.6662416458129883,
                -0.3768223226070404,
                0.20757457613945007
            ],
            "segmentation_id": 9,
            "visibility": 0
        },
        {
            "bounding_box_minx_maxx_miny_maxy": [
                375,
                425,
                1,
                80
            ],
            "class": "Ecoforms",
            "local_cuboid": null,
            "local_to_world_matrix": [
                [
                    -0.9429845809936523,
                    0.05860676243901253,
                    -0.3276363015174866,
                    0.0
                ],
                [
                    0.04780660942196846,
                    0.9980177283287048,
                    0.040928617119789124,
                    0.0
                ],
                [
                    0.32938551902770996,
                    0.02293187379837036,
                    -0.9439171552658081,
                    0.0
                ],
                [
                    0.9904941916465759,
                    -0.19372810423374176,
                    0.46170398592948914,
                    1.0
                ]
            ],
            "location": [
                0.19372810423374176,
                0.46170398592948914,
                -0.9904941916465759
            ],
            "location_world": [
                0.9904941916465759,
                -0.19372810423374176,
                0.46170398592948914
            ],
            "name": "google_Ecoforms_Plant_Container_Quadra_Sand_QP6_9",
            "projected_cuboid": [
                [
                    427.0244240760803,
                    80.30018210411072
                ],
                [
                    306.15970492362976,
                    77.01753079891205
                ],
                [
                    312.1792674064636,
                    -39.633363485336304
                ],
                [
                    440.59062004089355,
                    -37.330418825149536
                ],
                [
                    404.88773584365845,
                    73.95300269126892
                ],
                [
                    303.2242953777313,
                    71.23759388923645
                ],
                [
                    308.0976605415344,
                    -26.407986879348755
                ],
                [
                    415.0480628013611,
                    -24.377554655075073
                ],
                [
                    363.67547512054443,
                    23.459777235984802
                ]
            ],
            "provenance": "visii",
            "quaternion_xyzw": [
                -0.5544930696487427,
                0.5976873636245728,
                -0.4148170053958893,
                -0.4040223956108093
            ],
            "quaternion_xyzw_world": [
                0.02699449472129345,
                0.9855099320411682,
                0.016199858859181404,
                0.1666705161333084
            ],
            "segmentation_id": 10,
            "visibility": 1
        },
        {
            "bounding_box_minx_maxx_miny_maxy": [
                -1,
                -1,
                -1,
                -1
            ],
            "class": "ReadytoUse",
            "local_cuboid": null,
            "local_to_world_matrix": [
                [
                    0.5026555061340332,
                    0.6239952445030212,
                    -0.5983037948608398,
                    0.0
                ],
                [
                    -0.8371437191963196,
                    0.17865806818008423,
                    -0.5169833898544312,
                    0.0
                ],
                [
                    -0.2157033085823059,
                    0.7607307434082031,
                    0.6121771335601807,
                    0.0
                ],
                [
                    0.45189735293388367,
                    0.016730235889554024,
                    -0.32862579822540283,
                    1.0
                ]
            ],
            "location": [
                -0.016730235889554024,
                -0.32862579822540283,
                -0.45189735293388367
            ],
            "location_world": [
                0.45189735293388367,
                0.016730235889554024,
                -0.32862579822540283
            ],
            "name": "google_ReadytoUse_Rolled_Fondant_Pure_White_24_oz_box_10",
            "projected_cuboid": [
                [
                    19.126340746879578,
                    572.0291137695312
                ],
                [
                    -15.641599893569946,
                    639.186680316925
                ],
                [
                    172.9678213596344,
                    743.4660196304321
                ],
                [
                    189.79871273040771,
                    672.6397275924683
                ],
                [
                    97.33457863330841,
                    512.2278928756714
                ],
                [
                    65.55818021297455,
                    583.910346031189
                ],
                [
                    275.58714151382446,
                    709.1279625892639
                ],
                [
                    285.19561886787415,
                    631.6924095153809
                ],
                [
                    137.61144876480103,
                    635.3689432144165
                ]
            ],
            "provenance": "visii",
            "quaternion_xyzw": [
                -0.41148653626441956,
                0.4720457196235657,
                0.7675743699073792,
                -0.13667915761470795
            ],
            "quaternion_xyzw_world": [
                -0.42184722423553467,
                0.12631851434707642,
                0.482406347990036,
                0.7572137713432312
            ],
            "segmentation_id": 11,
            "visibility": 0
        },
        {
            "bounding_box_minx_maxx_miny_maxy": [
                -1,
                -1,
                -1,
                -1
            ],
            "class": "Dog",
            "local_cuboid": null,
            "local_to_world_matrix": [
                [
                    -0.7866419553756714,
                    -0.5803130269050598,
                    0.21078714728355408,
                    0.0
                ],
                [
                    -0.6154105067253113,
                    0.7095334529876709,
                    -0.34326696395874023,
                    0.0
                ],
                [
                    0.04964175075292587,
                    -0.39974886178970337,
                    -0.9152795076370239,
                    0.0
                ],
                [
                    0.5619253516197205,
                    0.45664212107658386,
                    -0.03478630632162094,
                    1.0
                ]
            ],
            "location": [
                -0.45664212107658386,
                -0.03478630632162094,
                -0.5619253516197205
            ],
            "location_world": [
                0.5619253516197205,
                0.45664212107658386,
                -0.03478630632162094
            ],
            "name": "google_Dog_11",
            "projected_cuboid": [
                [
                    -23.40710163116455,
                    430.85014820098877
                ],
                [
                    -287.1059775352478,
                    571.641743183136
                ],
                [
                    -416.9570803642273,
                    311.65462732315063
                ],
                [
                    -120.00218033790588,
                    224.86436367034912
                ],
                [
                    -67.0783519744873,
                    425.9902536869049
                ],
                [
                    -259.33021306991577,
                    523.2877731323242
                ],
                [
                    -348.8006591796875,
                    342.4181342124939
                ],
                [
                    -139.39189910888672,
                    273.0168402194977
                ],
                [
                    -194.46799159049988,
                    384.36102867126465
                ]
            ],
            "provenance": "visii",
            "quaternion_xyzw": [
                -0.7023570537567139,
                0.17752587795257568,
                -0.42228907346725464,
                -0.544840395450592
            ],
            "quaternion_xyzw_world": [
                -0.3236912488937378,
                0.9235062003135681,
                -0.2011399120092392,
                -0.04362326115369797
            ],
            "segmentation_id": 12,
            "visibility": 0
        },
        {
            "bounding_box_minx_maxx_miny_maxy": [
                -1,
                -1,
                -1,
                -1
            ],
            "class": "Black",
            "local_cuboid": null,
            "local_to_world_matrix": [
                [
                    0.17695236206054688,
                    0.47282737493515015,
                    -0.8632047176361084,
                    0.0
                ],
                [
                    -0.8558630347251892,
                    -0.35914647579193115,
                    -0.37217286229133606,
                    0.0
                ],
                [
                    -0.4859902858734131,
                    0.804641842842102,
                    0.34112346172332764,
                    0.0
                ],
                [
                    1.005543828010559,
                    -0.4813430607318878,
                    -0.37715497612953186,
                    1.0
                ]
            ],
            "location": [
                0.4813430607318878,
                -0.37715497612953186,
                -1.005543828010559
            ],
            "location_world": [
                1.005543828010559,
                -0.4813430607318878,
                -0.37715497612953186
            ],
            "name": "google_Black_Elderberry_Syrup_54_oz_Gaia_Herbs_12",
            "projected_cuboid": [
                [
                    462.8610610961914,
                    463.3787274360657
                ],
                [
                    488.6303246021271,
                    489.684522151947
                ],
                [
                    543.0724620819092,
                    502.85089015960693
                ],
                [
                    516.3995027542114,
                    477.6931405067444
                ],
                [
                    482.1818470954895,
                    434.4770312309265
                ],
                [
                    509.3191862106323,
                    459.46115255355835
                ],
                [
                    562.8296136856079,
                    474.94959831237793
                ],
                [
                    534.9197387695312,
                    450.9194493293762
                ],
                [
                    513.0987167358398,
                    469.1935181617737
                ]
            ],
            "provenance": "visii",
            "quaternion_xyzw": [
                -0.32146358489990234,
                0.3920027017593384,
                0.7633790969848633,
                -0.40030932426452637
            ],
            "quaternion_xyzw_world": [
                -0.5465746521949768,
                0.17519822716712952,
                0.6171137690544128,
                0.5382680296897888
            ],
            "segmentation_id": 13,
            "visibility": 0
        },
        {
            "bounding_box_minx_maxx_miny_maxy": [
                -1,
                -1,
                -1,
                -1
            ],
