{
    "camera_data": {
        "camera_look_at": {
            "at": [
                1.0,
                0.0,
                0.0
            ],
            "eye": [
                0.0,
                0.0,
                0.0
            ],
            "up": [
                0.0,
                0.0,
                1.0
            ]
        },
        "camera_view_matrix": [
            [
                0.0,
                0.0,
                -1.0,
                0.0
            ],
            [
                -1.0,
                0.0,
                0.0,
                0.0
            ],
            [
                0.0,
                1.0,
                0.0,
                0.0
            ],
            [
                0.0,
                0.0,
                0.0,
                1.0
            ]
        ],
        "height": 500,
        "intrinsics": {
            "cx": 250.0,
            "cy": 250.0,
            "fx": 603.5535278320312,
            "fy": 603.5535278320312
        },
        "location_world": [
            0.0,
            0.0,
            0.0
        ],
        "quaternion_world_xyzw": [
            0.5,
            -0.5,
            -0.5,
            0.5
        ],
        "width": 500
    },
    "objects": [
        {
            "bounding_box_minx_maxx_miny_maxy": [
                38,
                107,
                46,
                128
            ],
            "class": "Reebok",
            "local_cuboid": null,
            "local_to_world_matrix": [
                [
                    0.11538755893707275,
                    -0.9689789414405823,
                    0.2185533046722412,
                    0.0
                ],
                [
                    -0.9692264199256897,
                    -0.1579960584640503,
                    -0.18877866864204407,
                    0.0
                ],
                [
                    0.21745312213897705,
                    -0.19004493951797485,
                    -0.9573907852172852,
                    0.0
                ],
                [
                    0.9990068078041077,
                    0.3003796339035034,
                    0.3165534734725952,
                    1.0
                ]
            ],
            "location": [
                -0.3003796339035034,
                0.3165534734725952,
                -0.9990068078041077
            ],
            "location_world": [
                0.9990068078041077,
                0.3003796339035034,
                0.3165534734725952
            ],
            "name": "google_Reebok_SOMERSET_RUN_0",
            "projected_cuboid": [
                [
                    122.9846179485321,
                    123.66275489330292
                ],
                [
                    113.85007202625275,
                    120.86077034473419
                ],
                [
                    94.45258975028992,
                    39.415210485458374
                ],
                [
                    108.58343541622162,
                    62.413185834884644
                ],
                [
                    64.63605165481567,
                    135.0826472043991
                ],
                [
                    36.47163510322571,
                    135.93697547912598
                ],
                [
                    14.48085904121399,
                    53.69199812412262
                ],
                [
                    48.77093434333801,
                    73.38407635688782
                ],
                [
                    77.36432552337646,
                    94.24363076686859
                ]
            ],
            "provenance": "visii",
            "quaternion_xyzw": [
                0.7705858945846558,
                0.1221633329987526,
                0.024220973253250122,
                0.6250494122505188
            ],
            "quaternion_xyzw_world": [
                0.7467888593673706,
                -0.6488465070724487,
                0.14596040546894073,
                0.00042390459566377103
            ],
            "segmentation_id": 1,
            "visibility": 1
        },
        {
            "bounding_box_minx_maxx_miny_maxy": [
                -1,
                -1,
                -1,
                -1
            ],
            "class": "Breyer",
            "local_cuboid": null,
            "local_to_world_matrix": [
                [
                    0.3315102458000183,
                    0.5085960030555725,
                    -0.7946263551712036,
                    0.0
                ],
                [
                    -0.9394581913948059,
                    0.10054194927215576,
                    -0.32758137583732605,
                    0.0
                ],
                [
                    -0.08671331405639648,
                    0.8551148176193237,
                    0.5111353993415833,
                    0.0
                ],
                [
                    0.39860033988952637,
                    0.18357771635055542,
                    -0.3620384633541107,
                    1.0
                ]
            ],
            "location": [
                -0.18357771635055542,
                -0.3620384633541107,
                -0.39860033988952637
            ],
            "location_world": [
                0.39860033988952637,
                0.18357771635055542,
                -0.3620384633541107
            ],
            "name": "google_Breyer_Horse_Of_The_Year_2015_1",
            "projected_cuboid": [
                [
                    -254.01932001113892,
                    750.780999660492
                ],
                [
                    -332.81707763671875,
                    849.343478679657
                ],
                [
                    -118.17124485969543,
                    946.5159773826599
                ],
                [
                    -67.02414155006409,
                    839.3238186836243
                ],
                [
                    -166.3241982460022,
                    554.1810989379883
                ],
                [
                    -249.20794367790222,
                    642.8759694099426
                ],
                [
                    12.230053544044495,
                    771.1330652236938
                ],
                [
                    55.134326219558716,
                    667.3233509063721
                ],
                [
                    -141.135573387146,
                    759.4097256660461
                ]
            ],
            "provenance": "visii",
            "quaternion_xyzw": [
                -0.4278644919395447,
                0.5230442881584167,
                0.6933416724205017,
                -0.25026780366897583
            ],
            "quaternion_xyzw_world": [
                -0.42421483993530273,
                0.2539174556732178,
                0.5193946361541748,
                0.6969913244247437
            ],
            "segmentation_id": 2,
            "visibility": 0
        },
        {
            "bounding_box_minx_maxx_miny_maxy": [
                0,
                54,
                8,
                115
            ],
            "class": "Smith",
            "local_cuboid": null,
            "local_to_world_matrix": [
                [
                    0.0444486141204834,
                    -0.18644455075263977,
                    -0.9814594388008118,
                    0.0
                ],
                [
                    0.9714648723602295,
                    0.23718112707138062,
                    -0.0010605156421661377,
                    0.0
                ],
                [
                    0.2329813838005066,
                    -0.9534062147140503,
                    0.19166672229766846,
                    0.0
                ],
                [
                    1.5155831575393677,
                    0.7654527425765991,
                    0.5204891562461853,
                    1.0
                ]
            ],
            "location": [
                -0.7654527425765991,
                0.5204891562461853,
                -1.5155831575393677
            ],
            "location_world": [
                1.5155831575393677,
                0.7654527425765991,
                0.5204891562461853
            ],
            "name": "google_Smith_Hawken_Woven_BasketTray_Organizer_with_3_Compartments_95_x_9_x_13_2",
            "projected_cuboid": [
                [
                    66.12563133239746,
                    86.54920756816864
                ],
                [
                    71.46911323070526,
                    110.56254804134369
                ],
                [
                    -29.228270053863525,
                    124.13975596427917
                ],
                [
                    -52.84523963928223,
                    101.48142278194427
                ],
                [
                    35.95443069934845,
                    -63.33613395690918
                ],
                [
                    45.805156230926514,
                    -16.95576310157776
                ],
                [
                    -56.867778301239014,
                    -8.14121961593628
                ],
                [
                    -85.76655387878418,
                    -55.028170347213745
                ],
                [
                    1.2162178754806519,
                    36.57658398151398
                ]
            ],
            "provenance": "visii",
            "quaternion_xyzw": [
                -0.5959208011627197,
                0.5112426280975342,
                -0.381324827671051,
                0.48795557022094727
            ],
            "quaternion_xyzw_world": [
                0.39230114221572876,
                0.5002663731575012,
                -0.4769792854785919,
                0.6068971157073975
            ],
            "segmentation_id": 3,
            "visibility": 1
        },
        {
            "bounding_box_minx_maxx_miny_maxy": [
                -1,
                -1,
                -1,
                -1
            ],
            "class": "Paul",
            "local_cuboid": null,
            "local_to_world_matrix": [
                [
                    -0.4604095220565796,
                    0.8871468305587769,
                    0.03152108192443848,
                    0.0
                ],
                [
                    -0.8340363502502441,
                    -0.4201411008834839,
                    -0.3575819730758667,
                    0.0
                ],
                [
                    -0.3039844036102295,
                    -0.19092386960983276,
                    0.9333496689796448,
                    0.0
                ],
                [
                    0.27033084630966187,
                    -0.3910965621471405,
                    -0.18442633748054504,
                    1.0
                ]
            ],
            "location": [
                0.3910965621471405,
                -0.18442633748054504,
                -0.27033084630966187
            ],
            "location_world": [
                0.27033084630966187,
                -0.3910965621471405,
                -0.18442633748054504
            ],
            "name": "google_Paul_Frank_Dot_Lunch_Box_3",
            "projected_cuboid": [
                [
                    1219.428300857544,
                    67.72485375404358
                ],
                [
                    2439.746379852295,
                    141.0229653120041
                ],
                [
                    1338.0602598190308,
                    982.5140833854675
                ],
                [
                    845.6598520278931,
                    631.8873167037964
                ],
                [
                    1296.3311672210693,
                    156.571626663208
                ],
                [
                    1861.1116409301758,
                    225.7225215435028
                ],
                [
                    1369.8532581329346,
                    689.145565032959
                ],
                [
                    1028.7671089172363,
                    521.9642519950867
                ],
                [
                    1310.9430074691772,
                    445.7813501358032
                ]
            ],
            "provenance": "visii",
            "quaternion_xyzw": [
                0.2039918601512909,
                0.5535297393798828,
                0.7982345223426819,
                -0.12171235680580139
            ],
            "quaternion_xyzw_world": [
                -0.08121265470981598,
                -0.1634921431541443,
                0.8387342095375061,
                0.5130299925804138
            ],
            "segmentation_id": 4,
            "visibility": 0
        },
        {
            "bounding_box_minx_maxx_miny_maxy": [
                -1,
                -1,
                -1,
                -1
            ],
            "class": "Toys",
            "local_cuboid": null,
            "local_to_world_matrix": [
                [
                    0.877273440361023,
                    -0.2681105136871338,
                    0.39813074469566345,
                    0.0
                ],
                [
                    -0.3099866509437561,
                    0.316816508769989,
                    0.896401584148407,
                    0.0
                ],
                [
                    -0.3664691150188446,
                    -0.9098045229911804,
                    0.19482403993606567,
                    0.0
                ],
                [
                    1.1683803796768188,
                    -0.5639553666114807,
                    -0.5335356593132019,
                    1.0
                ]
            ],
            "location": [
                0.5639553666114807,
                -0.5335356593132019,
                -1.1683803796768188
            ],
            "location_world": [
                1.1683803796768188,
                -0.5639553666114807,
                -0.5335356593132019
            ],
            "name": "google_Toys_R_Us_Treat_Dispenser_Smart_Puzzle_Foobler_4",
            "projected_cuboid": [
                [
                    625.3330707550049,
                    521.647036075592
                ],
                [
                    615.3668165206909,
                    460.83617210388184
                ],
                [
                    528.9144515991211,
                    465.93987941741943
                ],
                [
                    541.7090654373169,
                    523.84352684021
                ],
                [
                    649.588942527771,
                    590.9745097160339
                ],
                [
                    639.4311189651489,
                    525.3159999847412
                ],
                [
                    540.8227443695068,
                    527.6951789855957
                ],
                [
                    554.6566247940063,
                    589.9686217308044
                ],
                [
                    585.4348540306091,
                    524.5023965835571
                ]
            ],
            "provenance": "visii",
            "quaternion_xyzw": [
                0.036193959414958954,
                0.5616543292999268,
                0.2246982455253601,
                0.795452892780304
            ],
            "quaternion_xyzw_world": [
                0.5843014717102051,
                -0.24734541773796082,
                0.013546783477067947,
                0.7728057503700256
            ],
            "segmentation_id": 5,
            "visibility": 0
        },
        {
            "bounding_box_minx_maxx_miny_maxy": [
                -1,
                -1,
                -1,
                -1
            ],
            "class": "Tag",
            "local_cuboid": null,
            "local_to_world_matrix": [
                [
                    -0.6836051940917969,
                    -0.484540730714798,
                    0.5458059310913086,
                    0.0
                ],
                [
                    -0.23660966753959656,
                    0.8545717000961304,
                    0.46230196952819824,
                    0.0
                ],
                [
                    -0.690434455871582,
                    0.18688909709453583,
                    -0.6988366842269897,
                    0.0
                ],
                [
                    0.358249694108963,
                    -0.38997775316238403,
                    -0.44155794382095337,
                    1.0
                ]
            ],
            "location": [
                0.38997775316238403,
                -0.44155794382095337,
                -0.358249694108963
            ],
            "location_world": [
                0.358249694108963,
                -0.38997775316238403,
                -0.44155794382095337
            ],
            "name": "google_Tag_Dishtowel_Basket_Weave_Red_18_x_26_5",
            "projected_cuboid": [
                [
                    1292.2266721725464,
                    1190.93918800354
                ],
                [
                    1039.8316383361816,
                    1138.0665302276611
                ],
                [
                    984.5238924026489,
                    1005.7289600372314
                ],
                [
                    1227.6899814605713,
                    1076.9834518432617
                ],
                [
                    884.4482898712158,
                    1063.6014938354492
                ],
                [
                    651.0567665100098,
                    1008.3794593811035
                ],
                [
                    636.3581418991089,
                    923.7026572227478
                ],
                [
                    858.931839466095,
                    986.4417314529419
                ],
                [
                    923.8229990005493,
                    1040.8315658569336
                ]
            ],
            "provenance": "visii",
            "quaternion_xyzw": [
                -0.2880122661590576,
                0.2680143713951111,
                -0.4311588406562805,
                -0.8119847774505615
            ],
            "quaternion_xyzw_world": [
                -0.20041194558143616,
                0.8995851278305054,
                0.18041402101516724,
                -0.34355849027633667
            ],
            "segmentation_id": 6,
            "visibility": 0
        },
        {
            "bounding_box_minx_maxx_miny_maxy": [
                489,
                499,
                262,
                285
            ],
            "class": "FRACTION",
            "local_cuboid": null,
            "local_to_world_matrix": [
                [
                    0.8921992182731628,
                    0.34106430411338806,
                    0.29606708884239197,
                    0.0
                ],
                [
                    0.45116040110588074,
                    -0.7033069133758545,
                    -0.5493760108947754,
                    0.0
                ],
                [
                    0.020853430032730103,
                    0.6237266063690186,
                    -0.7813645601272583,
                    0.0
                ],
                [
                    1.3173857927322388,
                    -0.6349909901618958,
                    -0.0935467779636383,
                    1.0
                ]
            ],
            "location": [
                0.6349909901618958,
                -0.0935467779636383,
                -1.3173857927322388
            ],
            "location_world": [
                1.3173857927322388,
                -0.6349909901618958,
                -0.0935467779636383
            ],
            "name": "google_FRACTION_FUN_n4h4qte23QR_6",
            "projected_cuboid": [
                [
                    477.97197103500366,
                    272.24117517471313
                ],
                [
                    520.2451944351196,
                    314.5028352737427
                ],
                [
                    531.8785905838013,
                    300.1852035522461
                ],
                [
                    490.3106689453125,
                    256.9918632507324
                ],
                [
                    537.8446578979492,
                    301.28687620162964
                ],
                [
                    581.2857747077942,
                    346.76575660705566
                ],
                [
                    594.3810939788818,
                    330.7253122329712
                ],
                [
                    551.8407821655273,
                    284.0677797794342
                ],
                [
                    534.5891714096069,
                    300.68573355674744
                ]
            ],
            "provenance": "visii",
            "quaternion_xyzw": [
                0.5543386340141296,
                0.45070549845695496,
                -0.6836642026901245,
                0.1489180326461792
            ],
            "quaternion_xyzw_world": [
                0.918813169002533,
                0.2155565321445465,
                0.08623094856739044,
                -0.3191896378993988
            ],
            "segmentation_id": 7,
            "visibility": 1
        },
        {
            "bounding_box_minx_maxx_miny_maxy": [
                -1,
                -1,
                -1,
                -1
            ],
            "class": "FAIRY",
            "local_cuboid": null,
            "local_to_world_matrix": [
                [
                    0.7283593416213989,
                    -0.346990704536438,
                    0.5908385515213013,
                    0.0
                ],
                [
                    -0.6851952075958252,
                    -0.36824822425842285,
                    0.6284112930297852,
                    0.0
                ],
                [
                    -0.0004776120185852051,
                    -0.8625489473342896,
                    -0.5059734582901001,
                    0.0
                ],
                [
                    0.42457395792007446,
                    0.4279586970806122,
                    0.44987940788269043,
                    1.0
                ]
            ],
            "location": [
                -0.4279586970806122,
                0.44987940788269043,
                -0.42457395792007446
            ],
            "location_world": [
                0.42457395792007446,
                0.4279586970806122,
                0.44987940788269043
            ],
            "name": "google_FAIRY_TALE_BLOCKS_7",
            "projected_cuboid": [
                [
                    9.871423244476318,
                    -75.99824666976929
                ],
                [
                    45.91967165470123,
                    -452.36045122146606
                ],
                [
                    -227.63481736183167,
                    -612.6818656921387
                ],
                [
                    -181.7132830619812,
                    -188.34984302520752
                ],
                [
                    -213.80195021629333,
                    -6.649523973464966
                ],
                [
                    -317.5817131996155,
                    -609.6785068511963
                ],
                [
                    -793.1567430496216,
                    -888.4220123291016
                ],
                [
                    -486.5223169326782,
                    -166.631817817688
                ],
                [
                    -220.70947289466858,
                    -309.2769980430603
                ]
            ],
            "provenance": "visii",
            "quaternion_xyzw": [
                0.42370444536209106,
                0.5658937096595764,
                0.07917642593383789,
                0.7028299570083618
            ],
            "quaternion_xyzw_world": [
                0.8066258430480957,
                -0.3199085295200348,
                0.18297235667705536,
                0.46209782361984253
            ],
            "segmentation_id": 8,
            "visibility": 0
        },
        {
            "bounding_box_minx_maxx_miny_maxy": [
                354,
                394,
                311,
                374
            ],
            "class": "Great",
            "local_cuboid": null,
            "local_to_world_matrix": [
                [
                    -0.6805353164672852,
                    -0.6373990178108215,
                    -0.361378014087677,
                    0.0
                ],
                [
                    -0.7080671191215515,
                    0.44524461030960083,
                    0.5480859875679016,
                    0.0
                ],
                [
                    -0.18844783306121826,
                    0.628871738910675,
                    -0.7543259859085083,
                    0.0
                ],
                [
                    1.6326431035995483,
                    -0.3842414915561676,
                    -0.23260636627674103,
                    1.0
                ]
            ],
            "location": [
                0.3842414915561676,
                -0.23260636627674103,
                -1.6326431035995483
            ],
            "location_world": [
                1.6326431035995483,
                -0.3842414915561676,
                -0.23260636627674103
            ],
            "name": "google_Great_Jones_Wingtip_kAqSg6EgG0I_8",
            "projected_cuboid": [
                [
                    399.6972441673279,
                    401.97962522506714
                ],
                [
                    364.9897873401642,
                    354.3786108493805
                ],
                [
                    392.412394285202,
                    317.9866671562195
                ],
                [
                    423.13089966773987,
                    369.7040379047394
                ],
                [
                    368.93582344055176,
                    381.65199756622314
                ],
                [
                    331.51912689208984,
                    333.4742784500122
                ],
                [
                    358.07088017463684,
                    299.1354465484619
                ],
                [
                    391.74360036849976,
                    350.99294781684875
                ],
                [
                    379.67830896377563,
                    352.51981019973755
                ]
            ],
            "provenance": "visii",
            "quaternion_xyzw": [
                -0.4745696187019348,
                0.42492324113845825,
                -0.027216047048568726,
                -0.7703786492347717
            ],
            "quaternion_xyzw_world": [
                -0.3964044749736786,
                0.8485437631607056,
                0.346758097410202,
                0.0509491004049778
            ],
            "segmentation_id": 9,
            "visibility": 1
        },
        {
            "bounding_box_minx_maxx_miny_maxy": [
                289,
                309,
                1,
                6
            ],
            "class": "Ecoforms",
            "local_cuboid": null,
            "local_to_world_matrix": [
                [
                    0.35576194524765015,
                    -0.7018057107925415,
                    -0.6171728372573853,
                    0.0
                ],
                [
                    0.9344745874404907,
                    0.25736570358276367,
                    0.24600853025913239,
                    0.0
                ],
                [
                    -0.01381102204322815,
                    -0.664252758026123,
                    0.7473804950714111,
                    0.0
                ],
                [
                    0.9435024857521057,
                    -0.04345480725169182,
                    0.4351183772087097,
                    1.0
                ]
            ],
            "location": [
                0.04345480725169182,
                0.4351183772087097,
                -0.9435024857521057
            ],
            "location_world": [
                0.9435024857521057,
                -0.04345480725169182,
                0.4351183772087097
            ],
            "name": "google_Ecoforms_Plant_Container_Quadra_Sand_QP6_9",
            "projected_cuboid": [
                [
                    417.9386794567108,
                    -76.22292637825012
                ],
                [
                    362.12989687919617,
                    -48.2768714427948
                ],
                [
                    298.51487278938293,
                    23.67502450942993
                ],
                [
                    341.45641326904297,
                    10.190293192863464
                ],
                [
                    333.3190977573395,
                    -189.85053896903992
                ],
                [
                    288.80923986434937,
                    -139.73748683929443
                ],
                [
                    221.05038166046143,
                    -62.692224979400635
                ],
                [
                    250.7663369178772,
                    -95.9852933883667
                ],
                [
                    313.6296272277832,
                    -69.0544843673706
                ]
            ],
            "provenance": "visii",
            "quaternion_xyzw": [
                -0.6004136800765991,
                0.3641400635242462,
                -0.12844926118850708,
                0.7002902030944824
            ],
            "quaternion_xyzw_world": [
                0.2962329089641571,
                0.1963563859462738,
                -0.53250652551651,
                0.7681972980499268
            ],
            "segmentation_id": 10,
            "visibility": 1
        },
        {
            "bounding_box_minx_maxx_miny_maxy": [
                -1,
                -1,
                -1,
                -1
            ],
            "class": "ReadytoUse",
            "local_cuboid": null,
            "local_to_world_matrix": [
                [
                    -0.34838926792144775,
                    0.9280574321746826,
                    0.13166071474552155,
                    0.0
                ],
                [
                    -0.9275215864181519,
                    -0.3616056442260742,
                    0.09457884728908539,
                    0.0
                ],
                [
                    0.13538385927677155,
                    -0.08916790783405304,
                    0.9867726564407349,
                    0.0
                ],
                [
                    0.3659781515598297,
                    -0.07040690630674362,
                    -0.3189837634563446,
                    1.0
                ]
            ],
            "location": [
                0.07040690630674362,
                -0.3189837634563446,
                -0.3659781515598297
            ],
            "location_world": [
                0.3659781515598297,
                -0.07040690630674362,
                -0.3189837634563446
            ],
            "name": "google_ReadytoUse_Rolled_Fondant_Pure_White_24_oz_box_10",
            "projected_cuboid": [
                [
                    281.3858091831207,
                    477.0464897155762
                ],
                [
                    316.61444902420044,
                    498.9088773727417
                ],
                [
                    293.1560277938843,
                    828.4158706665039
                ],
                [
                    258.646696805954,
                    764.3599510192871
                ],
                [
                    435.7602596282959,
                    477.14877128601074
                ],
                [
                    485.29356718063354,
                    496.63031101226807
                ],
                [
                    475.13073682785034,
                    787.6709699630737
                ],
                [
                    423.96843433380127,
                    734.7647547721863
                ],
                [
                    374.92141127586365,
                    627.0089149475098
                ]
            ],
            "provenance": "visii",
            "quaternion_xyzw": [
                0.16788959503173828,
                0.734510064125061,
                0.6515548229217529,
                -0.08822929859161377
            ],
            "quaternion_xyzw_world": [
                0.08130776137113571,
                0.0016474814619868994,
                0.821091890335083,
                0.564972996711731
            ],
            "segmentation_id": 11,
            "visibility": 0
        },
        {
            "bounding_box_minx_maxx_miny_maxy": [
                -1,
                -1,
                -1,
                -1
            ],
            "class": "Dog",
            "local_cuboid": null,
            "local_to_world_matrix": [
                [
                    -0.3707466125488281,
                    0.7378858923912048,
                    -0.5639781355857849,
                    0.0
                ],
                [
                    0.673204243183136,
                    0.6318501234054565,
                    0.3841373026371002,
                    0.0
                ],
                [
                    0.639799177646637,
                    -0.23725488781929016,
                    -0.7310042381286621,
                    0.0
                ],
                [
                    1.0565537214279175,
                    -0.572719931602478,
                    -0.08856862783432007,
                    1.0
                ]
            ],
            "location": [
                0.572719931602478,
                -0.08856862783432007,
                -1.0565537214279175
            ],
            "location_world": [
                1.0565537214279175,
                -0.572719931602478,
                -0.08856862783432007
            ],
            "name": "google_Dog_11",
            "projected_cuboid": [
                [
                    580.964982509613,
                    438.4615421295166
                ],
                [
                    487.501323223114,
                    382.96759128570557
                ],
                [
                    489.1234040260315,
                    316.999614238739
                ],
                [
                    595.3382253646851,
                    371.23996019363403
                ],
                [
                    645.2761888504028,
                    356.6870987415314
                ],
                [
                    551.7971515655518,
                    312.8436207771301
                ],
                [
                    560.3550672531128,
                    244.06424164772034
                ],
                [
                    666.3674116134644,
                    284.98512506484985
                ],
                [
                    570.274293422699,
                    337.62475848197937
                ]
            ],
            "provenance": "visii",
            "quaternion_xyzw": [
                -0.35978323221206665,
                0.8309366106987,
                -0.422477662563324,
                -0.04016304761171341
            ],
            "quaternion_xyzw_world": [
                0.42673397064208984,
                0.8266802430152893,
                0.04441935941576958,
                0.3640395700931549
            ],
            "segmentation_id": 12,
            "visibility": 0
        },
        {
            "bounding_box_minx_maxx_miny_maxy": [
                32,
                56,
                464,
                500
            ],
            "class": "Black",
            "local_cuboid": null,
            "local_to_world_matrix": [
                [
                    -0.040660858154296875,
                    -0.9972274303436279,
                    0.06232273578643799,
                    0.0
                ],
                [
                    -0.9723469018936157,
                    0.02513575553894043,
                    -0.23218441009521484,
                    0.0
                ],
                [
                    0.22997412085533142,
                    -0.07004014402627945,
                    -0.9706730842590332,
                    0.0
                ],
                [
                    1.9121776819229126,
                    0.6545925140380859,
                    -0.6915035843849182,
                    1.0
                ]
            ],
            "location": [
                -0.6545925140380859,
                -0.6915035843849182,
                -1.9121776819229126
            ],
            "location_world": [
                1.9121776819229126,
                0.6545925140380859,
                -0.6915035843849182
            ],
            "name": "google_Black_Elderberry_Syrup_54_oz_Gaia_Herbs_12",
            "projected_cuboid": [
                [
                    61.810702085494995,
                    501.97160243988037
                ],
                [
                    55.69855868816376,
                    513.8512849807739
                ],
                [
                    48.9950031042099,
                    473.36575388908386
                ],
                [
                    55.41089177131653,
                    462.4808430671692
                ],
                [
                    44.62499916553497,
                    502.76315212249756
                ],
                [
                    38.00542652606964,
                    514.6521925926208
                ],
                [
                    30.99687397480011,
                    474.23067688941956
                ],
                [
                    37.93753683567047,
                    463.3331894874573
                ],
                [
                    46.757251024246216,
                    488.41941356658936
                ]
            ],
            "provenance": "visii",
            "quaternion_xyzw": [
                -0.7841214537620544,
                -0.011856261640787125,
                -0.03529459238052368,
                -0.6194894313812256
            ],
            "quaternion_xyzw_world": [
                -0.690086305141449,
                0.7135246396064758,
                -0.10589141398668289,
                0.05874057114124298
            ],
            "segmentation_id": 13,
            "visibility": 1
        },
        {
            "bounding_box_minx_maxx_miny_maxy": [
                -1,
                -1,
                -1,
                -1
            ],
            "class": "Razer",
