{
    "camera_data": {
        "camera_look_at": {
            "at": [
                1.0,
                0.0,
                0.0
            ],
            "eye": [
                0.0,
                0.0,
                0.0
            ],
            "up": [
                0.0,
                0.0,
                1.0
            ]
        },
        "camera_view_matrix": [
            [
                0.0,
                0.0,
                -1.0,
                0.0
            ],
            [
                -1.0,
                0.0,
                0.0,
                0.0
            ],
            [
                0.0,
                1.0,
                0.0,
                0.0
            ],
            [
                0.0,
                0.0,
                0.0,
                1.0
            ]
        ],
        "height": 500,
        "intrinsics": {
            "cx": 250.0,
            "cy": 250.0,
            "fx": 603.5535278320312,
            "fy": 603.5535278320312
        },
        "location_world": [
            0.0,
            0.0,
            0.0
        ],
        "quaternion_world_xyzw": [
            0.5,
            -0.5,
            -0.5,
            0.5
        ],
        "width": 500
    },
    "objects": [
        {
            "bounding_box_minx_maxx_miny_maxy": [
                225,
                230,
                181,
                186
            ],
            "class": "Reebok",
            "local_cuboid": null,
            "local_to_world_matrix": [
                [
                    0.5904404520988464,
                    0.8063527345657349,
                    -0.034282177686691284,
                    0.0
                ],
                [
                    -0.07226631045341492,
                    0.09512662887573242,
                    0.9928386211395264,
                    0.0
                ],
                [
                    0.8038393259048462,
                    -0.5837346315383911,
                    0.11443871259689331,
                    0.0
                ],
                [
                    1.8176432847976685,
                    0.057648468762636185,
                    0.20567256212234497,
                    1.0
                ]
            ],
            "location": [
                -0.057648468762636185,
                0.20567256212234497,
                -1.8176432847976685
            ],
            "location_world": [
                1.8176432847976685,
                0.057648468762636185,
                0.20567256212234497
            ],
            "name": "google_Reebok_SOMERSET_RUN_0",
            "projected_cuboid": [
                [
                    243.35719645023346,
                    227.86568105220795
                ],
                [
                    234.59511995315552,
                    136.93231344223022
                ],
                [
                    211.58772706985474,
                    135.55589318275452
                ],
                [
                    221.0504412651062,
                    231.0638427734375
                ],
                [
                    272.2136676311493,
                    225.84769129753113
                ],
                [
                    263.4657323360443,
                    131.64576888084412
                ],
                [
                    241.11300706863403,
                    129.939466714859
                ],
                [
                    250.57917833328247,
                    229.05965149402618
                ],
                [
                    242.28957295417786,
                    181.28100037574768
                ]
            ],
            "provenance": "visii",
            "quaternion_xyzw": [
                -0.034087881445884705,
                0.9490824937820435,
                0.049180418252944946,
                0.30929213762283325
            ],
            "quaternion_xyzw_world": [
                0.5875532031059265,
                0.3123489320278168,
                0.3274414539337158,
                0.670821487903595
            ],
            "segmentation_id": 1,
            "visibility": 1
        },
        {
            "bounding_box_minx_maxx_miny_maxy": [
                -1,
                -1,
                -1,
                -1
            ],
            "class": "Breyer",
            "local_cuboid": null,
            "local_to_world_matrix": [
                [
                    -0.5172492265701294,
                    -0.8509521484375,
                    0.0912887454032898,
                    0.0
                ],
                [
                    0.24177893996238708,
                    -0.24761390686035156,
                    -0.938205897808075,
                    0.0
                ],
                [
                    0.8209726810455322,
                    -0.46321457624435425,
                    0.3338204026222229,
                    0.0
                ],
                [
                    0.4689794182777405,
                    0.02308204397559166,
                    -0.567337691783905,
                    1.0
                ]
            ],
            "location": [
                -0.02308204397559166,
                -0.567337691783905,
                -0.4689794182777405
            ],
            "location_world": [
                0.4689794182777405,
                0.02308204397559166,
                -0.567337691783905
            ],
            "name": "google_Breyer_Horse_Of_The_Year_2015_1",
            "projected_cuboid": [
                [
                    412.09691762924194,
                    803.0055165290833
                ],
                [
                    423.81954193115234,
                    848.9948511123657
                ],
                [
                    373.52317571640015,
                    1103.735327720642
                ],
                [
                    356.4004898071289,
                    1052.210807800293
                ],
                [
                    199.06684756278992,
                    720.6574082374573
                ],
                [
                    213.16033601760864,
                    760.0778937339783
                ],
                [
                    124.68691170215607,
                    937.1961355209351
                ],
                [
                    104.83908653259277,
                    893.0158019065857
                ],
                [
                    267.34668016433716,
                    870.5888986587524
                ]
            ],
            "provenance": "visii",
            "quaternion_xyzw": [
                0.9500172138214111,
                0.08918330073356628,
                0.2580121159553528,
                -0.15147076547145844
            ],
            "quaternion_xyzw_world": [
                0.3148587942123413,
                -0.4836876392364502,
                0.7243416905403137,
                -0.37714627385139465
            ],
            "segmentation_id": 2,
            "visibility": 0
        },
        {
            "bounding_box_minx_maxx_miny_maxy": [
                43,
                116,
                36,
                118
            ],
            "class": "Smith",
            "local_cuboid": null,
            "local_to_world_matrix": [
                [
                    -0.06989634037017822,
                    0.11766338348388672,
                    -0.9905906319618225,
                    0.0
                ],
                [
                    0.7028514742851257,
                    0.7104849219322205,
                    0.03479874134063721,
                    0.0
                ],
                [
                    0.7078942656517029,
                    -0.6938058137893677,
                    -0.13236021995544434,
                    0.0
                ],
                [
                    1.7238361835479736,
                    0.5715844035148621,
                    0.4586041271686554,
                    1.0
                ]
            ],
            "location": [
                -0.5715844035148621,
                0.4586041271686554,
                -1.7238361835479736
            ],
            "location_world": [
                1.7238361835479736,
                0.5715844035148621,
                0.4586041271686554
            ],
            "name": "google_Smith_Hawken_Woven_BasketTray_Organizer_with_3_Compartments_95_x_9_x_13_2",
            "projected_cuboid": [
                [
                    145.4794406890869,
                    170.00585794448853
                ],
                [
                    99.51826930046082,
                    174.56133663654327
                ],
                [
                    21.110713481903076,
                    154.66532111167908
                ],
                [
                    63.70961666107178,
                    147.35141396522522
                ],
                [
                    160.87785363197327,
                    53.56062948703766
                ],
                [
                    114.10927772521973,
                    68.51233541965485
                ],
                [
                    38.3051335811615,
                    37.83996403217316
                ],
                [
                    82.14287459850311,
                    17.783865332603455
                ],
                [
                    91.65748953819275,
                    103.63326966762543
                ]
            ],
            "provenance": "visii",
            "quaternion_xyzw": [
                -0.6235848069190979,
                0.6819744110107422,
                -0.3061741590499878,
                0.22871437668800354
            ],
            "quaternion_xyzw_world": [
                0.2966390550136566,
                0.691509485244751,
                -0.23824946582317352,
                0.6140497326850891
            ],
            "segmentation_id": 3,
            "visibility": 1
        },
        {
            "bounding_box_minx_maxx_miny_maxy": [
                -1,
                -1,
                -1,
                -1
            ],
            "class": "Paul",
            "local_cuboid": null,
            "local_to_world_matrix": [
                [
                    0.20653283596038818,
                    -0.20573091506958008,
                    0.956566333770752,
                    0.0
                ],
                [
                    -0.7215406894683838,
                    -0.6923379898071289,
                    0.006885617971420288,
                    0.0
                ],
                [
                    0.6608504056930542,
                    -0.6916235685348511,
                    -0.29143381118774414,
                    0.0
                ],
                [
                    0.3266732096672058,
                    -0.30061668157577515,
                    -0.13330811262130737,
                    1.0
                ]
            ],
            "location": [
                0.30061668157577515,
                -0.13330811262130737,
                -0.3266732096672058
            ],
            "location_world": [
                0.3266732096672058,
                -0.30061668157577515,
                -0.13330811262130737
            ],
            "name": "google_Paul_Frank_Dot_Lunch_Box_3",
            "projected_cuboid": [
                [
                    748.2495903968811,
                    332.69956707954407
                ],
                [
                    927.3887872695923,
                    345.4926609992981
                ],
                [
                    949.6505260467529,
                    262.40795850753784
                ],
                [
                    696.1783170700073,
                    261.09015941619873
                ],
                [
                    736.859381198883,
                    651.0926485061646
                ],
                [
                    937.401533126831,
                    725.4660129547119
                ],
                [
                    970.203161239624,
                    848.6270904541016
                ],
                [
                    671.2574362754822,
                    712.2219204902649
                ],
                [
                    819.9387788772583,
                    499.3398189544678
                ]
            ],
            "provenance": "visii",
            "quaternion_xyzw": [
                0.6818533539772034,
                0.6045670509338379,
                0.1778574287891388,
                0.3714047968387604
            ],
            "quaternion_xyzw_world": [
                0.739983856678009,
                -0.3132742643356323,
                0.5464364886283875,
                0.23598799109458923
            ],
            "segmentation_id": 4,
            "visibility": 0
        },
        {
            "bounding_box_minx_maxx_miny_maxy": [
                70,
                82,
                319,
                337
            ],
            "class": "Toys",
            "local_cuboid": null,
            "local_to_world_matrix": [
                [
                    -0.5573952198028564,
                    0.7286719679832458,
                    -0.3979295790195465,
                    0.0
                ],
                [
                    0.7690677046775818,
                    0.6337295770645142,
                    0.0831967145204544,
                    0.0
                ],
                [
                    0.31280288100242615,
                    -0.25966131687164307,
                    -0.9136358499526978,
                    0.0
                ],
                [
                    1.207810640335083,
                    0.32363423705101013,
                    -0.06881777197122574,
                    1.0
                ]
            ],
            "location": [
                -0.32363423705101013,
                -0.06881777197122574,
                -1.207810640335083
            ],
            "location_world": [
                1.207810640335083,
                0.32363423705101013,
                -0.06881777197122574
            ],
            "name": "google_Toys_R_Us_Treat_Dispenser_Smart_Puzzle_Foobler_4",
            "projected_cuboid": [
                [
                    97.5368320941925,
                    378.79717350006104
                ],
                [
                    65.44199585914612,
                    360.7350289821625
                ],
                [
                    38.55279088020325,
                    295.9364056587219
                ],
                [
                    69.16232407093048,
                    307.8451156616211
                ],
                [
                    163.02882134914398,
                    339.86419439315796
                ],
                [
                    127.26426124572754,
                    326.34204626083374
                ],
                [
                    104.41024601459503,
                    264.54877853393555
                ],
                [
                    139.34552669525146,
                    272.4783718585968
                ],
                [
                    101.19199752807617,
                    318.0418610572815
                ]
            ],
            "provenance": "visii",
            "quaternion_xyzw": [
                -0.3538835644721985,
                0.7288126945495605,
                -0.5772071480751038,
                -0.1021297350525856
            ],
            "quaternion_xyzw_world": [
                0.4250032603740692,
                0.8810165524482727,
                -0.050074148923158646,
                0.20167966187000275
            ],
            "segmentation_id": 5,
            "visibility": 1
        },
        {
            "bounding_box_minx_maxx_miny_maxy": [
                -1,
                -1,
                -1,
                -1
            ],
            "class": "Tag",
            "local_cuboid": null,
            "local_to_world_matrix": [
                [
                    0.5849453210830688,
                    -0.7744596004486084,
                    -0.24093839526176453,
                    0.0
                ],
                [
                    -0.7946686744689941,
                    -0.48780059814453125,
                    -0.3613204061985016,
                    0.0
                ],
                [
                    0.16229817271232605,
                    0.402818888425827,
                    -0.9007754325866699,
                    0.0
                ],
                [
                    0.36170995235443115,
                    -0.17797613143920898,
                    -0.43213173747062683,
                    1.0
                ]
            ],
            "location": [
                0.17797613143920898,
                -0.43213173747062683,
                -0.36170995235443115
            ],
            "location_world": [
                0.36170995235443115,
                -0.17797613143920898,
                -0.43213173747062683
            ],
            "name": "google_Tag_Dishtowel_Basket_Weave_Red_18_x_26_5",
            "projected_cuboid": [
                [
                    454.75462079048157,
                    773.1450200080872
                ],
                [
                    782.8864455223083,
                    1228.0983924865723
                ],
                [
                    818.9042806625366,
                    1186.0365867614746
                ],
                [
                    473.8610088825226,
                    741.4276599884033
                ],
                [
                    310.18543243408203,
                    839.9253487586975
                ],
                [
                    664.8128032684326,
                    1551.655650138855
                ],
                [
                    714.171290397644,
                    1498.805284500122
                ],
                [
                    331.98195695877075,
                    801.3191819190979
                ],
                [
                    532.7638387680054,
                    991.3585782051086
                ]
            ],
            "provenance": "visii",
            "quaternion_xyzw": [
                0.7579706907272339,
                0.08142207562923431,
                -0.3257923722267151,
                0.5592050552368164
            ],
            "quaternion_xyzw_world": [
                0.8621950745582581,
                -0.45498064160346985,
                -0.02280232682824135,
                -0.22156798839569092
            ],
            "segmentation_id": 6,
            "visibility": 0
        },
        {
            "bounding_box_minx_maxx_miny_maxy": [
                -1,
                -1,
                -1,
                -1
            ],
            "class": "FRACTION",
            "local_cuboid": null,
            "local_to_world_matrix": [
                [
                    -0.8703080415725708,
                    0.19101397693157196,
                    -0.453957736492157,
                    0.0
                ],
                [
                    0.2902306616306305,
                    -0.545772910118103,
                    -0.7860649824142456,
                    0.0
                ],
                [
                    -0.39790719747543335,
                    -0.8158711194992065,
                    0.4195523262023926,
                    0.0
                ],
                [
                    1.5578370094299316,
                    0.5885645151138306,
                    0.012490750290453434,
                    1.0
                ]
            ],
            "location": [
                -0.5885645151138306,
                0.012490750290453434,
                -1.5578370094299316
            ],
            "location_world": [
                1.5578370094299316,
                0.5885645151138306,
                0.012490750290453434
            ],
            "name": "google_FRACTION_FUN_n4h4qte23QR_6",
            "projected_cuboid": [
                [
                    -10.938972234725952,
                    222.51485288143158
                ],
                [
                    40.43221473693848,
                    283.68431329727173
                ],
                [
                    28.563737869262695,
                    290.6429171562195
                ],
                [
                    -22.64001965522766,
                    230.4690182209015
                ],
                [
                    26.80283784866333,
                    194.94932889938354
                ],
                [
                    72.1500962972641,
                    251.3667345046997
                ],
                [
                    61.038076877593994,
                    258.0257058143616
                ],
                [
                    15.802964568138123,
                    202.44762301445007
                ],
                [
                    27.660533785820007,
                    241.55843257904053
                ]
            ],
            "provenance": "visii",
            "quaternion_xyzw": [
                0.5470703840255737,
                0.04195764660835266,
                0.7705495357513428,
                -0.3243563771247864
            ],
            "quaternion_xyzw_world": [
                -0.2529389560222626,
                -0.47565293312072754,
                0.8419669270515442,
                -0.029459791257977486
            ],
            "segmentation_id": 7,
            "visibility": 0
        },
        {
            "bounding_box_minx_maxx_miny_maxy": [
                0,
                271,
                53,
                449
            ],
            "class": "FAIRY",
            "local_cuboid": null,
            "local_to_world_matrix": [
                [
                    -0.6507099866867065,
                    -0.751702606678009,
                    -0.10733029246330261,
                    0.0
                ],
                [
                    -0.5656185746192932,
                    0.5741497278213501,
                    -0.59196937084198,
                    0.0
                ],
                [
                    0.5066086053848267,
                    -0.32449233531951904,
                    -0.7987818717956543,
                    0.0
                ],
                [
                    0.4241630434989929,
                    0.16049624979496002,
                    0.07749807089567184,
                    1.0
                ]
            ],
            "location": [
                -0.16049624979496002,
                0.07749807089567184,
                -0.4241630434989929
            ],
            "location_world": [
                0.4241630434989929,
                0.16049624979496002,
                0.07749807089567184
            ],
            "name": "google_FAIRY_TALE_BLOCKS_7",
            "projected_cuboid": [
                [
                    342.75877475738525,
                    290.49333930015564
                ],
                [
                    138.2896602153778,
                    554.847002029419
                ],
                [
                    -71.74500823020935,
                    282.22209215164185
                ],
                [
                    263.3197605609894,
                    44.15811598300934
                ],
                [
                    158.83207321166992,
                    257.887601852417
                ],
                [
                    -35.71280837059021,
                    434.6686899662018
                ],
                [
                    -212.70635724067688,
                    232.75217413902283
                ],
                [
                    65.60756266117096,
                    73.7336277961731
                ],
                [
                    94.45425868034363,
                    264.6818459033966
                ]
            ],
            "provenance": "visii",
            "quaternion_xyzw": [
                -0.8441386818885803,
                0.2018270194530487,
                -0.28881579637527466,
                -0.40408065915107727
            ],
            "quaternion_xyzw_world": [
                -0.3787882626056671,
                0.8694310784339905,
                -0.2635233998298645,
                0.17653465270996094
            ],
            "segmentation_id": 8,
            "visibility": 1
        },
        {
            "bounding_box_minx_maxx_miny_maxy": [
                297,
                402,
                279,
                413
            ],
            "class": "Great",
            "local_cuboid": null,
            "local_to_world_matrix": [
                [
                    -0.5469298362731934,
                    -0.4681743085384369,
                    0.6940322518348694,
                    0.0
                ],
                [
                    -0.6249045133590698,
                    -0.3233625888824463,
                    -0.7105849981307983,
                    0.0
                ],
                [
                    0.5571016669273376,
                    -0.8223439455032349,
                    -0.11570775508880615,
                    0.0
                ],
                [
                    1.1552363634109497,
                    -0.1411360502243042,
                    -0.1765388697385788,
                    1.0
                ]
            ],
            "location": [
                0.1411360502243042,
                -0.1765388697385788,
                -1.1552363634109497
            ],
            "location_world": [
                1.1552363634109497,
                -0.1411360502243042,
                -0.1765388697385788
            ],
            "name": "google_Great_Jones_Wingtip_kAqSg6EgG0I_8",
            "projected_cuboid": [
                [
                    348.6808240413666,
                    268.8784599304199
                ],
                [
                    422.15099930763245,
                    394.93852853775024
                ],
                [
                    377.8204321861267,
                    396.1462676525116
                ],
                [
                    307.6130449771881,
                    263.3588910102844
                ],
                [
                    320.87865471839905,
                    302.63033509254456
                ],
                [
                    385.7598304748535,
                    427.74498462677
                ],
                [
                    341.7888283729553,
                    430.7955503463745
                ],
                [
                    280.38519620895386,
                    299.03915524482727
                ],
                [
                    345.5215096473694,
                    343.101441860199
                ]
            ],
            "provenance": "visii",
            "quaternion_xyzw": [
                0.8270219564437866,
                0.3075477182865143,
                0.4139169454574585,
                0.22387921810150146
            ],
            "quaternion_xyzw_world": [
                0.47226595878601074,
                -0.5786352157592773,
                0.6623036861419678,
                0.05916100740432739
            ],
            "segmentation_id": 9,
            "visibility": 1
        },
        {
            "bounding_box_minx_maxx_miny_maxy": [
                293,
                429,
                48,
                228
            ],
            "class": "Ecoforms",
            "local_cuboid": null,
            "local_to_world_matrix": [
                [
                    -0.018300175666809082,
                    0.8325155973434448,
                    0.5536993145942688,
                    0.0
                ],
                [
                    -0.02094218134880066,
                    0.5533513426780701,
                    -0.8326846361160278,
                    0.0
                ],
                [
                    -0.9996132254600525,
                    -0.02683389186859131,
                    0.007308244705200195,
                    0.0
                ],
                [
                    1.0163713693618774,
                    -0.1833673119544983,
                    0.15718486905097961,
                    1.0
                ]
            ],
            "location": [
                0.1833673119544983,
                0.15718486905097961,
                -1.0163713693618774
            ],
            "location_world": [
                1.0163713693618774,
                -0.1833673119544983,
                0.15718486905097961
            ],
            "name": "google_Ecoforms_Plant_Container_Quadra_Sand_QP6_9",
            "projected_cuboid": [
                [
                    364.7979199886322,
                    43.48552227020264
                ],
                [
                    290.12155532836914,
                    155.69940209388733
                ],
                [
                    280.7520031929016,
                    172.1206158399582
                ],
                [
                    343.09110045433044,
                    78.43637466430664
                ],
                [
                    476.63354873657227,
                    119.02347207069397
                ],
                [
                    402.7893841266632,
                    231.13101720809937
                ],
                [
                    374.7735917568207,
                    234.9907010793686
                ],
                [
                    436.5328550338745,
                    141.38096570968628
                ],
                [
                    370.2350854873657,
                    147.86462485790253
                ]
            ],
            "provenance": "visii",
            "quaternion_xyzw": [
                0.011788219213485718,
                0.007378533482551575,
                0.9571851491928101,
                0.2891422510147095
            ],
            "quaternion_xyzw_world": [
                -0.32443806529045105,
                -0.6253685355186462,
                0.34360480308532715,
                0.6209588646888733
            ],
            "segmentation_id": 10,
            "visibility": 1
        },
        {
            "bounding_box_minx_maxx_miny_maxy": [
                -1,
                -1,
                -1,
                -1
            ],
            "class": "ReadytoUse",
            "local_cuboid": null,
            "local_to_world_matrix": [
                [
                    0.6816240549087524,
                    0.7009266018867493,
                    0.20997729897499084,
                    0.0
                ],
                [
                    0.6660495400428772,
                    -0.7131751775741577,
                    0.21853844821453094,
                    0.0
                ],
                [
                    0.3029300272464752,
                    -0.009105786681175232,
                    -0.9529693126678467,
                    0.0
                ],
                [
                    0.4689539670944214,
                    0.14554931223392487,
                    -0.4137985408306122,
                    1.0
                ]
            ],
            "location": [
                -0.14554931223392487,
                -0.4137985408306122,
                -0.4689539670944214
            ],
            "location_world": [
                0.4689539670944214,
                0.14554931223392487,
                -0.4137985408306122
            ],
            "name": "google_ReadytoUse_Rolled_Fondant_Pure_White_24_oz_box_10",
            "projected_cuboid": [
                [
                    24.05102550983429,
                    878.1149387359619
                ],
                [
                    73.4487920999527,
                    831.3257098197937
                ],
                [
                    54.559946060180664,
                    703.5179138183594
                ],
                [
                    -1.199096441268921,
                    746.6806173324585
                ],
                [
                    94.89943087100983,
                    1024.2362022399902
                ],
                [
                    147.89262413978577,
                    959.9409699440002
                ],
                [
                    134.04536247253418,
                    823.0521082878113
                ],
                [
                    73.36147129535675,
                    884.4424486160278
                ],
                [
                    73.4124630689621,
                    853.4047603607178
                ]
            ],
            "provenance": "visii",
            "quaternion_xyzw": [
                0.30962270498275757,
                0.745384931564331,
                -0.5430142879486084,
                0.23166882991790771
            ],
            "quaternion_xyzw_world": [
                0.9148454070091248,
                0.3735538721084595,
                0.14016228914260864,
                0.0622083880007267
            ],
            "segmentation_id": 11,
            "visibility": 0
        },
        {
            "bounding_box_minx_maxx_miny_maxy": [
                398,
                499,
                476,
                500
            ],
            "class": "Dog",
            "local_cuboid": null,
            "local_to_world_matrix": [
                [
                    -0.9581568241119385,
                    -0.014496464282274246,
                    0.2858765423297882,
                    0.0
                ],
                [
                    -0.05535265430808067,
                    -0.9704822301864624,
                    -0.23473450541496277,
                    0.0
                ],
                [
                    0.2808409035205841,
                    -0.2407364845275879,
                    0.9290717840194702,
                    0.0
                ],
                [
                    0.24542030692100525,
                    -0.1547548472881317,
                    -0.19796456396579742,
                    1.0
                ]
            ],
            "location": [
                0.1547548472881317,
                -0.19796456396579742,
                -0.24542030692100525
            ],
            "location_world": [
                0.24542030692100525,
                -0.1547548472881317,
                -0.19796456396579742
            ],
            "name": "google_Dog_11",
            "projected_cuboid": [
                [
                    608.5371375083923,
                    116.30220711231232
                ],
                [
                    1225.3496646881104,
                    253.0662715435028
                ],
                [
                    1427.496314048767,
                    1135.7117891311646
                ],
                [
                    543.7018275260925,
                    876.7830729484558
                ],
                [
                    411.7627143859863,
                    284.2327654361725
                ],
                [
                    685.057520866394,
                    350.2112627029419
                ],
                [
                    671.8624830245972,
                    686.369776725769
                ],
                [
                    356.38895630836487,
                    600.479781627655
                ],
                [
                    649.3121385574341,
                    483.36800932884216
                ]
            ],
            "provenance": "visii",
            "quaternion_xyzw": [
                0.618480384349823,
                0.5078409910202026,
                0.48461249470710754,
                -0.353171706199646
            ],
            "quaternion_xyzw_world": [
                0.14426857233047485,
                -0.12104007601737976,
                0.9820528030395508,
                0.010400711558759212
            ],
            "segmentation_id": 12,
            "visibility": 1
        },
        {
            "bounding_box_minx_maxx_miny_maxy": [
                -1,
                -1,
                -1,
                -1
            ],
            "class": "Black",
            "local_cuboid": null,
            "local_to_world_matrix": [
                [
                    0.5623213052749634,
                    0.027794107794761658,
                    0.8264515995979309,
                    0.0
                ],
                [
                    0.3840824365615845,
                    0.876307487487793,
                    -0.2908021807670593,
                    0.0
                ],
                [
                    -0.7323083281517029,
                    0.4809497594833374,
                    0.48209118843078613,
                    0.0
                ],
                [
                    1.3822606801986694,
                    0.15382705628871918,
                    -0.13954459130764008,
                    1.0
                ]
            ],
            "location": [
                -0.15382705628871918,
                -0.13954459130764008,
                -1.3822606801986694
            ],
            "location_world": [
                1.3822606801986694,
                0.15382705628871918,
                -0.13954459130764008
            ],
            "name": "google_Black_Elderberry_Syrup_54_oz_Gaia_Herbs_12",
            "projected_cuboid": [
                [
                    156.43782913684845,
                    267.6253914833069
                ],
                [
                    134.08920168876648,
                    275.27549862861633
                ],
                [
                    172.7077066898346,
                    303.3219575881958
                ],
                [
                    193.9760148525238,
                    296.7168688774109
                ],
                [
                    154.7979861497879,
                    290.90362787246704
                ],
                [
                    131.91384077072144,
                    298.33146929740906
                ],
                [
                    171.6008484363556,
                    325.2534866333008
                ],
                [
                    193.35493445396423,
                    318.85918974876404
                ],
                [
                    164.2955243587494,
                    297.4890172481537
                ]
            ],
            "provenance": "visii",
            "quaternion_xyzw": [
                -0.364245742559433,
                0.034218598157167435,
                0.7160489559173584,
                0.5944980978965759
            ],
            "quaternion_xyzw_world": [
                -0.22578899562358856,
                -0.4560413956642151,
                -0.1042381301522255,
                0.854505717754364
            ],
            "segmentation_id": 13,
            "visibility": 0
        },
        {
            "bounding_box_minx_maxx_miny_maxy": [
                76,
                176,
                39,
                123
            ],
            "class": "Razer",
