{
    "camera_data": {
        "camera_look_at": {
            "at": [
                1.0,
                0.0,
                0.0
            ],
            "eye": [
                0.0,
                0.0,
                0.0
            ],
            "up": [
                0.0,
                0.0,
                1.0
            ]
        },
        "camera_view_matrix": [
            [
                0.0,
                0.0,
                -1.0,
                0.0
            ],
            [
                -1.0,
                0.0,
                0.0,
                0.0
            ],
            [
                0.0,
                1.0,
                0.0,
                0.0
            ],
            [
                0.0,
                0.0,
                0.0,
                1.0
            ]
        ],
        "height": 500,
        "intrinsics": {
            "cx": 250.0,
            "cy": 250.0,
            "fx": 603.5535278320312,
            "fy": 603.5535278320312
        },
        "location_world": [
            0.0,
            0.0,
            0.0
        ],
        "quaternion_world_xyzw": [
            0.5,
            -0.5,
            -0.5,
            0.5
        ],
        "width": 500
    },
    "objects": [
        {
            "bounding_box_minx_maxx_miny_maxy": [
                130,
                196,
                152,
                207
            ],
            "class": "Reebok",
            "local_cuboid": null,
            "local_to_world_matrix": [
                [
                    0.8098996877670288,
                    -0.2815271019935608,
                    -0.5145920515060425,
                    0.0
                ],
                [
                    0.29264968633651733,
                    0.9542423486709595,
                    -0.061462655663490295,
                    0.0
                ],
                [
                    0.5083489418029785,
                    -0.10081662237644196,
                    0.855229377746582,
                    0.0
                ],
                [
                    1.3527380228042603,
                    0.14162810146808624,
                    0.13263410329818726,
                    1.0
                ]
            ],
            "location": [
                -0.14162810146808624,
                0.13263410329818726,
                -1.3527380228042603
            ],
            "location_world": [
                1.3527380228042603,
                0.14162810146808624,
                0.13263410329818726
            ],
            "name": "google_Reebok_SOMERSET_RUN_0",
            "projected_cuboid": [
                [
                    260.9361708164215,
                    159.63135659694672
                ],
                [
                    147.9637622833252,
                    172.02657461166382
                ],
                [
                    138.8835310935974,
                    210.41494607925415
                ],
                [
                    256.2008798122406,
                    199.9054253101349
                ],
                [
                    247.19814956188202,
                    126.89632177352905
                ],
                [
                    127.73087620735168,
                    142.08576083183289
                ],
                [
                    117.15108156204224,
                    181.7646324634552
                ],
                [
                    241.4790838956833,
                    168.55423152446747
                ],
                [
                    190.72842597961426,
                    170.43864727020264
                ]
            ],
            "provenance": "visii",
            "quaternion_xyzw": [
                -0.6803195476531982,
                0.5397590398788452,
                0.26056987047195435,
                0.4218161702156067
            ],
            "quaternion_xyzw_world": [
                0.010342891328036785,
                0.2688462734222412,
                -0.15090340375900269,
                0.9512323141098022
            ],
            "segmentation_id": 1,
            "visibility": 1
        },
        {
            "bounding_box_minx_maxx_miny_maxy": [
                -1,
                -1,
                -1,
                -1
            ],
            "class": "Breyer",
            "local_cuboid": null,
            "local_to_world_matrix": [
                [
                    0.2889808416366577,
                    0.8818442821502686,
                    0.3726133108139038,
                    0.0
                ],
                [
                    -0.6653913259506226,
                    0.46485191583633423,
                    -0.5840951204299927,
                    0.0
                ],
                [
                    -0.6882909536361694,
                    -0.07914137840270996,
                    0.7211048603057861,
                    0.0
                ],
                [
                    0.5510290265083313,
                    0.10274045914411545,
                    -0.4912289083003998,
                    1.0
                ]
            ],
            "location": [
                -0.10274045914411545,
                -0.4912289083003998,
                -0.5510290265083313
            ],
            "location_world": [
                0.5510290265083313,
                0.10274045914411545,
                -0.4912289083003998
            ],
            "name": "google_Breyer_Horse_Of_The_Year_2015_1",
            "projected_cuboid": [
                [
                    26.04110538959503,
                    645.4756259918213
                ],
                [
                    -28.301715850830078,
                    723.3597040176392
                ],
                [
                    10.925188660621643,
                    753.2100081443787
                ],
                [
                    53.20657789707184,
                    687.1044635772705
                ],
                [
                    278.7308394908905,
                    828.7971615791321
                ],
                [
                    239.9824857711792,
                    938.1241798400879
                ],
                [
                    227.32678055763245,
                    926.2324571609497
                ],
                [
                    259.32279229164124,
                    839.3844962120056
                ],
                [
                    126.70953571796417,
                    785.8896255493164
                ]
            ],
            "provenance": "visii",
            "quaternion_xyzw": [
                -0.059075936675071716,
                0.3903390169143677,
                0.888007640838623,
                0.23577085137367249
            ],
            "quaternion_xyzw_world": [
                -0.1604868620634079,
                -0.33718177676200867,
                0.49174994230270386,
                0.7865967154502869
            ],
            "segmentation_id": 2,
            "visibility": 0
        },
        {
            "bounding_box_minx_maxx_miny_maxy": [
                0,
                78,
                26,
                152
            ],
            "class": "Smith",
            "local_cuboid": null,
            "local_to_world_matrix": [
                [
                    -0.008140206336975098,
                    -0.11291033029556274,
                    -0.9935718774795532,
                    0.0
                ],
                [
                    0.6872539520263672,
                    0.7211185097694397,
                    -0.08757910132408142,
                    0.0
                ],
                [
                    0.7263716459274292,
                    -0.6835490465164185,
                    0.07172799110412598,
                    0.0
                ],
                [
                    1.6833925247192383,
                    0.6724988222122192,
                    0.4450438320636749,
                    1.0
                ]
            ],
            "location": [
                -0.6724988222122192,
                0.4450438320636749,
                -1.6833925247192383
            ],
            "location_world": [
                1.6833925247192383,
                0.6724988222122192,
                0.4450438320636749
            ],
            "name": "google_Smith_Hawken_Woven_BasketTray_Organizer_with_3_Compartments_95_x_9_x_13_2",
            "projected_cuboid": [
                [
                    123.6770749092102,
                    149.83737468719482
                ],
                [
                    78.00918817520142,
                    165.78829288482666
                ],
                [
                    -3.6401450634002686,
                    163.0725860595703
                ],
                [
                    38.552746176719666,
                    144.86414194107056
                ],
                [
                    110.15258729457855,
                    29.167667031288147
                ],
                [
                    65.76934456825256,
                    55.94851076602936
                ],
                [
                    -17.093002796173096,
                    41.137367486953735
                ],
                [
                    23.529857397079468,
                    9.436056017875671
                ],
                [
                    53.595125675201416,
                    95.72137892246246
                ]
            ],
            "provenance": "visii",
            "quaternion_xyzw": [
                -0.6940571069717407,
                0.6176329851150513,
                -0.24914710223674774,
                0.2733859717845917
            ],
            "quaternion_xyzw_world": [
                0.22305449843406677,
                0.6437256336212158,
                -0.29947859048843384,
                0.667964518070221
            ],
            "segmentation_id": 3,
            "visibility": 1
        },
        {
            "bounding_box_minx_maxx_miny_maxy": [
                -1,
                -1,
                -1,
                -1
            ],
            "class": "Paul",
            "local_cuboid": null,
            "local_to_world_matrix": [
                [
                    0.29760557413101196,
                    0.2917368412017822,
                    0.9090219140052795,
                    0.0
                ],
                [
                    -0.6578761339187622,
                    0.7526712417602539,
                    -0.026175707578659058,
                    0.0
                ],
                [
                    -0.6918310523033142,
                    -0.5902336835861206,
                    0.4159258008003235,
                    0.0
                ],
                [
                    0.30855298042297363,
                    -0.305453896522522,
                    -0.12780585885047913,
                    1.0
                ]
            ],
            "location": [
                0.305453896522522,
                -0.12780585885047913,
                -0.30855298042297363
            ],
            "location_world": [
                0.30855298042297363,
                -0.305453896522522,
                -0.12780585885047913
            ],
            "name": "google_Paul_Frank_Dot_Lunch_Box_3",
            "projected_cuboid": [
                [
                    1453.4204006195068,
                    5.6029558181762695
                ],
                [
                    1693.1748390197754,
                    -97.41488099098206
                ],
                [
                    687.0529651641846,
                    267.54048466682434
                ],
                [
                    733.9895963668823,
                    259.84546542167664
                ],
                [
                    2427.3688793182373,
                    873.2368350028992
                ],
                [
                    3863.80672454834,
                    1498.5438585281372
                ],
                [
                    1031.6689014434814,
                    890.9969329833984
                ],
                [
                    1010.452389717102,
                    736.200749874115
                ],
                [
                    1237.4074459075928,
                    459.0848386287689
                ]
            ],
            "provenance": "visii",
            "quaternion_xyzw": [
                0.10320846736431122,
                0.37872493267059326,
                0.7088271379470825,
                0.5860713720321655
            ],
            "quaternion_xyzw_world": [
                0.17958882451057434,
                -0.509691059589386,
                0.30234459042549133,
                0.7852075099945068
            ],
            "segmentation_id": 4,
            "visibility": 0
        },
        {
            "bounding_box_minx_maxx_miny_maxy": [
                -1,
                -1,
                -1,
                -1
            ],
            "class": "Toys",
            "local_cuboid": null,
            "local_to_world_matrix": [
                [
                    -0.013247132301330566,
                    0.41589733958244324,
                    -0.9093151092529297,
                    0.0
                ],
                [
                    0.33418652415275574,
                    0.8589430451393127,
                    0.38798996806144714,
                    0.0
                ],
                [
                    0.9424139261245728,
                    -0.29874107241630554,
                    -0.15036582946777344,
                    0.0
                ],
                [
                    1.4413505792617798,
                    -0.009610476903617382,
                    -0.05622745677828789,
                    1.0
                ]
            ],
            "location": [
                0.009610476903617382,
                -0.05622745677828789,
                -1.4413505792617798
            ],
            "location_world": [
                1.4413505792617798,
                -0.009610476903617382,
                -0.05622745677828789
            ],
            "name": "google_Toys_R_Us_Treat_Dispenser_Smart_Puzzle_Foobler_4",
            "projected_cuboid": [
                [
                    284.59420800209045,
                    319.47264075279236
                ],
                [
                    233.95180702209473,
                    294.87764835357666
                ],
                [
                    213.49458396434784,
                    289.80493545532227
                ],
                [
                    268.5706913471222,
                    316.72996282577515
                ],
                [
                    309.4249963760376,
                    264.99229669570923
                ],
                [
                    258.05503129959106,
                    242.16610193252563
                ],
                [
                    240.00084400177002,
                    231.90772533416748
                ],
                [
                    295.95959186553955,
                    256.69175386428833
                ],
                [
                    262.9687786102295,
                    277.0082950592041
                ]
            ],
            "provenance": "visii",
            "quaternion_xyzw": [
                -0.533508837223053,
                0.8285984396934509,
                -0.1461963802576065,
                0.08613762259483337
            ],
            "quaternion_xyzw_world": [
                0.2637117803096771,
                0.7110829949378967,
                0.031377799808979034,
                0.6510242223739624
            ],
            "segmentation_id": 5,
            "visibility": 0
        },
        {
            "bounding_box_minx_maxx_miny_maxy": [
                -1,
                -1,
                -1,
                -1
            ],
            "class": "Tag",
            "local_cuboid": null,
            "local_to_world_matrix": [
                [
                    -0.9556266069412231,
                    -0.2633642256259918,
                    -0.13197433948516846,
                    0.0
                ],
                [
                    -0.27083858847618103,
                    0.6092910766601562,
                    0.7452589273452759,
                    0.0
                ],
                [
                    -0.11586377024650574,
                    0.7479329109191895,
                    -0.6535838842391968,
                    0.0
                ],
                [
                    0.4673972725868225,
                    -0.34675806760787964,
                    -0.3685799539089203,
                    1.0
                ]
            ],
            "location": [
                0.34675806760787964,
                -0.3685799539089203,
                -0.4673972725868225
            ],
            "location_world": [
                0.4673972725868225,
                -0.34675806760787964,
                -0.3685799539089203
            ],
            "name": "google_Tag_Dishtowel_Basket_Weave_Red_18_x_26_5",
            "projected_cuboid": [
                [
                    854.2888760566711,
                    964.179277420044
                ],
                [
                    718.636155128479,
                    793.7608957290649
                ],
                [
                    757.6713562011719,
                    748.7930655479431
                ],
                [
                    886.1147165298462,
                    924.358069896698
                ],
                [
                    636.5121603012085,
                    738.7987375259399
                ],
                [
                    517.1409845352173,
                    594.7593450546265
                ],
                [
                    545.4580783843994,
                    565.5026435852051
                ],
                [
                    660.9213948249817,
                    711.7201089859009
                ],
                [
                    682.6481819152832,
                    742.6044940948486
                ]
            ],
            "provenance": "visii",
            "quaternion_xyzw": [
                -0.3171125650405884,
                0.5843865871429443,
                -0.16373805701732635,
                -0.72878098487854
            ],
            "quaternion_xyzw_world": [
                -0.14888444542884827,
                0.8970091342926025,
                0.4161584973335266,
                0.004490080289542675
            ],
            "segmentation_id": 6,
            "visibility": 0
        },
        {
            "bounding_box_minx_maxx_miny_maxy": [
                0,
                7,
                208,
                223
            ],
            "class": "FRACTION",
            "local_cuboid": null,
            "local_to_world_matrix": [
                [
                    -0.18287837505340576,
                    -0.24558866024017334,
                    -0.9519672989845276,
                    0.0
                ],
                [
                    0.9813061952590942,
                    0.013443827629089355,
                    -0.19198280572891235,
                    0.0
                ],
                [
                    0.05994695425033569,
                    -0.9692808985710144,
                    0.23853909969329834,
                    0.0
                ],
                [
                    1.4988082647323608,
                    0.6566721200942993,
                    0.04165147244930267,
                    1.0
                ]
            ],
            "location": [
                -0.6566721200942993,
                0.04165147244930267,
                -1.4988082647323608
            ],
            "location_world": [
                1.4988082647323608,
                0.6566721200942993,
                0.04165147244930267
            ],
            "name": "google_FRACTION_FUN_n4h4qte23QR_6",
            "projected_cuboid": [
                [
                    -6.336838006973267,
                    255.67787885665894
                ],
                [
                    22.837013006210327,
                    268.89675855636597
                ],
                [
                    6.200551986694336,
                    272.92928099632263
                ],
                [
                    -25.24980902671814,
                    260.223925113678
                ],
                [
                    -18.7990665435791,
                    184.89862978458405
                ],
                [
                    11.23078167438507,
                    206.01283013820648
                ],
                [
                    -5.093038082122803,
                    209.86232161521912
                ],
                [
                    -37.308961153030396,
                    189.21160697937012
                ],
                [
                    -5.670368671417236,
                    231.12837970256805
                ]
            ],
            "provenance": "visii",
            "quaternion_xyzw": [
                -0.6118656992912292,
                0.39445388317108154,
                -0.4707566201686859,
                0.49841219186782837
            ],
            "quaternion_xyzw_world": [
                0.3758785128593445,
                0.489331990480423,
                -0.5932903289794922,
                0.5169875621795654
            ],
            "segmentation_id": 7,
            "visibility": 1
        },
        {
            "bounding_box_minx_maxx_miny_maxy": [
                -1,
                -1,
                -1,
                -1
            ],
            "class": "FAIRY",
            "local_cuboid": null,
            "local_to_world_matrix": [
                [
                    0.763200044631958,
                    -0.6380650997161865,
                    -0.1019735336303711,
                    0.0
                ],
                [
                    0.17880602180957794,
                    0.3601977825164795,
                    -0.9155795574188232,
                    0.0
                ],
                [
                    0.620930016040802,
                    0.6805368661880493,
                    0.38899290561676025,
                    0.0
                ],
                [
                    0.40644100308418274,
                    0.29893940687179565,
                    0.1839534044265747,
                    1.0
                ]
            ],
            "location": [
                -0.29893940687179565,
                0.1839534044265747,
                -0.40644100308418274
            ],
            "location_world": [
                0.40644100308418274,
                0.29893940687179565,
                0.1839534044265747
            ],
            "name": "google_FAIRY_TALE_BLOCKS_7",
            "projected_cuboid": [
                [
                    -66.83680415153503,
                    -121.49468064308167
                ],
                [
                    -131.02519512176514,
                    125.69183111190796
                ],
                [
                    -57.047247886657715,
                    192.635640501976
                ],
                [
                    33.08849036693573,
                    -119.57758665084839
                ],
                [
                    -430.22894859313965,
                    -321.5152621269226
                ],
                [
                    -483.7002754211426,
                    44.07547414302826
                ],
                [
                    -513.4562849998474,
                    115.03036320209503
                ],
                [
                    -439.21732902526855,
                    -414.29680585861206
                ],
                [
                    -224.46098923683167,
                    -38.01858425140381
                ]
            ],
            "provenance": "visii",
            "quaternion_xyzw": [
                -0.890866756439209,
                0.1296970695257187,
                0.4051494598388672,
                0.15933889150619507
            ],
            "quaternion_xyzw_world": [
                -0.503490149974823,
                0.2280377596616745,
                -0.2576795518398285,
                0.792526125907898
            ],
            "segmentation_id": 8,
            "visibility": 0
        },
        {
            "bounding_box_minx_maxx_miny_maxy": [
                380,
                480,
                312,
                410
            ],
            "class": "Great",
            "local_cuboid": null,
            "local_to_world_matrix": [
                [
                    -0.3765566349029541,
                    0.2950538992881775,
                    0.8781505227088928,
                    0.0
                ],
                [
                    0.5233356952667236,
                    -0.7144253253936768,
                    0.4644528031349182,
                    0.0
                ],
                [
                    0.7644115090370178,
                    0.6344602704048157,
                    0.1146092414855957,
                    0.0
                ],
                [
                    1.1350535154342651,
                    -0.37568676471710205,
                    -0.20172229409217834,
                    1.0
                ]
            ],
            "location": [
                0.37568676471710205,
                -0.20172229409217834,
                -1.1350535154342651
            ],
            "location_world": [
                1.1350535154342651,
                -0.37568676471710205,
                -0.20172229409217834
            ],
            "name": "google_Great_Jones_Wingtip_kAqSg6EgG0I_8",
            "projected_cuboid": [
                [
                    344.70048546791077,
                    364.5002841949463
                ],
                [
                    437.5356435775757,
                    281.7334532737732
                ],
                [
                    487.5967800617218,
                    290.62071442604065
                ],
                [
                    394.86151933670044,
                    381.76316022872925
                ],
                [
                    358.3434224128723,
                    411.1415147781372
                ],
                [
                    446.560800075531,
                    325.24222135543823
                ],
                [
                    495.5616295337677,
                    336.8852734565735
                ],
                [
                    407.65273571014404,
                    431.5059185028076
                ],
                [
                    423.91490936279297,
                    350.00014305114746
                ]
            ],
            "provenance": "visii",
            "quaternion_xyzw": [
                0.5012247562408447,
                0.7943422198295593,
                -0.12863676249980927,
                -0.31819313764572144
            ],
            "quaternion_xyzw_world": [
                0.5530052781105042,
                0.36997368931770325,
                0.7425616383552551,
                -0.07685618102550507
            ],
            "segmentation_id": 9,
            "visibility": 1
        },
        {
            "bounding_box_minx_maxx_miny_maxy": [
                -1,
                -1,
                -1,
                -1
            ],
            "class": "Ecoforms",
            "local_cuboid": null,
            "local_to_world_matrix": [
                [
                    -0.042917728424072266,
                    -0.7613421082496643,
                    -0.6469283103942871,
                    0.0
                ],
                [
                    0.9684076905250549,
                    0.12751108407974243,
                    -0.2143072485923767,
                    0.0
                ],
                [
                    0.24565163254737854,
                    -0.6356879472732544,
                    0.7318170070648193,
                    0.0
                ],
                [
                    1.0464552640914917,
                    -0.24283467233181,
                    0.32884088158607483,
                    1.0
                ]
            ],
            "location": [
                0.24283467233181,
                0.32884088158607483,
                -1.0464552640914917
            ],
            "location_world": [
                1.0464552640914917,
                -0.24283467233181,
                0.32884088158607483
            ],
            "name": "google_Ecoforms_Plant_Container_Quadra_Sand_QP6_9",
            "projected_cuboid": [
                [
                    514.4128203392029,
                    -0.13893842697143555
                ],
                [
                    460.5640172958374,
                    59.945493936538696
                ],
                [
                    411.25208139419556,
                    118.62486600875854
                ],
                [
                    457.89241790771484,
                    67.29219853878021
                ],
                [
                    424.7716963291168,
                    -72.42926955223083
                ],
                [
                    385.234534740448,
                    -1.5175938606262207
                ],
                [
                    333.5459232330322,
                    54.51527237892151
                ],
                [
                    364.8613393306732,
                    -8.695274591445923
                ],
                [
                    417.58573055267334,
                    29.120221734046936
                ]
            ],
            "provenance": "visii",
            "quaternion_xyzw": [
                -0.7452014684677124,
                0.259808748960495,
                -0.2276584655046463,
                0.5703909397125244
            ],
            "quaternion_xyzw_world": [
                0.15632832050323486,
                0.33113887906074524,
                -0.6417210698127747,
                0.6738713383674622
            ],
            "segmentation_id": 10,
            "visibility": 0
        },
        {
            "bounding_box_minx_maxx_miny_maxy": [
                -1,
                -1,
                -1,
                -1
            ],
            "class": "ReadytoUse",
            "local_cuboid": null,
            "local_to_world_matrix": [
                [
                    0.8170971274375916,
                    -0.018162891268730164,
                    0.5762138366699219,
                    0.0
                ],
                [
                    0.49684786796569824,
                    -0.48475074768066406,
                    -0.7198325395584106,
                    0.0
                ],
                [
                    0.29239439964294434,
                    0.874463677406311,
                    -0.38706421852111816,
                    0.0
                ],
                [
                    0.5322780609130859,
                    0.09381402283906937,
                    -0.29458537697792053,
                    1.0
                ]
            ],
            "location": [
                -0.09381402283906937,
                -0.29458537697792053,
                -0.5322780609130859
            ],
            "location_world": [
                0.5322780609130859,
                0.09381402283906937,
                -0.29458537697792053
            ],
            "name": "google_ReadytoUse_Rolled_Fondant_Pure_White_24_oz_box_10",
            "projected_cuboid": [
                [
                    4.139944911003113,
                    549.6274828910828
                ],
                [
                    35.80877184867859,
                    571.4350938796997
                ],
                [
                    167.8837537765503,
                    531.7896008491516
                ],
                [
                    139.13249969482422,
                    506.3951015472412
                ],
                [
                    -45.482337474823,
                    688.4316205978394
                ],
                [
                    -5.797713994979858,
                    707.9968452453613
                ],
                [
                    148.6791968345642,
                    673.9982962608337
                ],
                [
                    112.85124719142914,
                    650.6159901618958
                ],
                [
                    68.34003329277039,
                    604.8693656921387
                ]
            ],
            "provenance": "visii",
            "quaternion_xyzw": [
                0.7124587297439575,
                0.37228989601135254,
                -0.593564510345459,
                -0.038522787392139435
            ],
            "quaternion_xyzw_world": [
                0.8198951482772827,
                0.14595921337604523,
                0.26485344767570496,
                -0.4861280620098114
            ],
            "segmentation_id": 11,
            "visibility": 0
        },
        {
            "bounding_box_minx_maxx_miny_maxy": [
                17,
                471,
                255,
                500
            ],
            "class": "Dog",
            "local_cuboid": null,
            "local_to_world_matrix": [
                [
                    -0.6750447750091553,
                    -0.10471035540103912,
                    -0.7303083539009094,
                    0.0
                ],
                [
                    -0.21706993877887726,
                    -0.9178739786148071,
                    0.3322470784187317,
                    0.0
                ],
                [
                    -0.7051207423210144,
                    0.3828096389770508,
                    0.5968765020370483,
                    0.0
                ],
                [
                    0.3120921552181244,
                    -0.02702391892671585,
                    -0.16655129194259644,
                    1.0
                ]
            ],
            "location": [
                0.02702391892671585,
                -0.16655129194259644,
                -0.3120921552181244
            ],
            "location_world": [
                0.3120921552181244,
                -0.02702391892671585,
                -0.16655129194259644
            ],
            "name": "google_Dog_11",
            "projected_cuboid": [
                [
                    -407.9582691192627,
                    1140.4863595962524
                ],
                [
                    665.4036045074463,
                    1121.6092109680176
                ],
                [
                    607.203483581543,
                    882.3283314704895
                ],
                [
                    141.12703502178192,
                    929.0223717689514
                ],
                [
                    -78.57072353363037,
                    239.6184504032135
                ],
                [
                    315.6287670135498,
                    74.0024745464325
                ],
                [
                    415.5653119087219,
                    335.97108721733093
                ],
                [
                    146.96967601776123,
                    418.7760651111603
                ],
                [
                    223.96136820316315,
                    523.1524705886841
                ]
            ],
            "provenance": "visii",
            "quaternion_xyzw": [
                0.12975221872329712,
                0.36139175295829773,
                0.5630638003349304,
                -0.7317919731140137
            ],
            "quaternion_xyzw_world": [
                -0.4018559157848358,
                0.20018386840820312,
                0.8929998874664307,
                0.03145565465092659
            ],
            "segmentation_id": 12,
            "visibility": 1
        },
        {
            "bounding_box_minx_maxx_miny_maxy": [
                -1,
                -1,
                -1,
                -1
            ],
            "class": "Black",
            "local_cuboid": null,
            "local_to_world_matrix": [
                [
                    -0.731726884841919,
                    -0.4902076721191406,
                    -0.4735739827156067,
                    0.0
                ],
                [
                    0.050325438380241394,
                    0.654046893119812,
                    -0.7547782063484192,
                    0.0
                ],
                [
                    0.6797376275062561,
                    -0.5761242508888245,
                    -0.4539138078689575,
                    0.0
                ],
                [
                    1.056610345840454,
                    -0.44894346594810486,
                    -0.5510017275810242,
                    1.0
                ]
            ],
            "location": [
                0.44894346594810486,
                -0.5510017275810242,
                -1.056610345840454
            ],
            "location_world": [
                1.056610345840454,
                -0.44894346594810486,
                -0.5510017275810242
            ],
            "name": "google_Black_Elderberry_Syrup_54_oz_Gaia_Herbs_12",
            "projected_cuboid": [
                [
                    551.4712333679199,
                    573.9651322364807
                ],
                [
                    530.1464796066284,
                    596.8152284622192
                ],
                [
                    508.1412196159363,
                    591.4685726165771
                ],
                [
                    531.4363241195679,
                    566.4240121841431
                ],
                [
                    526.3527631759644,
                    548.5345125198364
                ],
                [
                    505.8485269546509,
                    570.637583732605
                ],
                [
                    482.4747145175934,
                    563.1053447723389
                ],
                [
                    504.7938823699951,
                    538.9553308486938
                ],
                [
                    517.8129076957703,
                    568.6674118041992
                ]
            ],
            "provenance": "visii",
            "quaternion_xyzw": [
                -0.8550911545753479,
                0.32967859506607056,
                -0.38237184286117554,
                -0.11799570918083191
            ],
            "quaternion_xyzw_world": [
                -0.13051822781562805,
                0.8425686359405518,
                -0.3948943614959717,
                0.3422010838985443
            ],
            "segmentation_id": 13,
            "visibility": 0
        },
        {
            "bounding_box_minx_maxx_miny_maxy": [
                127,
                150,
                1,
                25
            ],
            "class": "Razer",
