{
    "camera_data": {
        "camera_look_at": {
            "at": [
                1.0,
                0.0,
                0.0
            ],
            "eye": [
                0.0,
                0.0,
                0.0
            ],
            "up": [
                0.0,
                0.0,
                1.0
            ]
        },
        "camera_view_matrix": [
            [
                0.0,
                0.0,
                -1.0,
                0.0
            ],
            [
                -1.0,
                0.0,
                0.0,
                0.0
            ],
            [
                0.0,
                1.0,
                0.0,
                0.0
            ],
            [
                0.0,
                0.0,
                0.0,
                1.0
            ]
        ],
        "height": 500,
        "intrinsics": {
            "cx": 250.0,
            "cy": 250.0,
            "fx": 603.5535278320312,
            "fy": 603.5535278320312
        },
        "location_world": [
            0.0,
            0.0,
            0.0
        ],
        "quaternion_world_xyzw": [
            0.5,
            -0.5,
            -0.5,
            0.5
        ],
        "width": 500
    },
    "objects": [
        {
            "bounding_box_minx_maxx_miny_maxy": [
                117,
                243,
                151,
                212
            ],
            "class": "Reebok",
            "local_cuboid": null,
            "local_to_world_matrix": [
                [
                    0.8875766396522522,
                    -0.27857348322868347,
                    -0.36688485741615295,
                    0.0
                ],
                [
                    0.23846647143363953,
                    0.9592669606208801,
                    -0.15146182477474213,
                    0.0
                ],
                [
                    0.3941337764263153,
                    0.04694424197077751,
                    0.9178533554077148,
                    0.0
                ],
                [
                    1.2864978313446045,
                    0.15300075709819794,
                    0.11877647787332535,
                    1.0
                ]
            ],
            "location": [
                -0.15300075709819794,
                0.11877647787332535,
                -1.2864978313446045
            ],
            "location_world": [
                1.2864978313446045,
                0.15300075709819794,
                0.11877647787332535
            ],
            "name": "google_Reebok_SOMERSET_RUN_0",
            "projected_cuboid": [
                [
                    248.96353483200073,
                    148.4440714120865
                ],
                [
                    129.45789098739624,
                    172.32221364974976
                ],
                [
                    127.8345137834549,
                    216.6270911693573
                ],
                [
                    251.45426392555237,
                    194.28493082523346
                ],
                [
                    233.6656153202057,
                    120.24934589862823
                ],
                [
                    105.8807224035263,
                    147.4376916885376
                ],
                [
                    103.28076779842377,
                    194.3380981683731
                ],
                [
                    235.78137159347534,
                    168.83844137191772
                ],
                [
                    178.2403141260147,
                    170.7238256931305
                ]
            ],
            "provenance": "visii",
            "quaternion_xyzw": [
                -0.6753090023994446,
                0.4909425973892212,
                0.34596046805381775,
                0.42807063460350037
            ],
            "quaternion_xyzw_world": [
                -0.05112813413143158,
                0.19611024856567383,
                -0.1332383006811142,
                0.9701413512229919
            ],
            "segmentation_id": 1,
            "visibility": 1
        },
        {
            "bounding_box_minx_maxx_miny_maxy": [
                -1,
                -1,
                -1,
                -1
            ],
            "class": "Breyer",
            "local_cuboid": null,
            "local_to_world_matrix": [
                [
                    0.7649839520454407,
                    0.6416207551956177,
                    0.05587854981422424,
                    0.0
                ],
                [
                    -0.32307037711143494,
                    0.4573429822921753,
                    -0.8285306096076965,
                    0.0
                ],
                [
                    -0.5571581125259399,
                    0.6157599091529846,
                    0.5571486949920654,
                    0.0
                ],
                [
                    0.5200715065002441,
                    0.11581949889659882,
                    -0.4371069669723511,
                    1.0
                ]
            ],
            "location": [
                -0.11581949889659882,
                -0.4371069669723511,
                -0.5200715065002441
            ],
            "location_world": [
                0.5200715065002441,
                0.11581949889659882,
                -0.4371069669723511
            ],
            "name": "google_Breyer_Horse_Of_The_Year_2015_1",
            "projected_cuboid": [
                [
                    -62.20683455467224,
                    620.7575798034668
                ],
                [
                    -104.59268093109131,
                    690.4655694961548
                ],
                [
                    41.13095998764038,
                    713.7267589569092
                ],
                [
                    73.25142621994019,
                    652.958869934082
                ],
                [
                    34.478962421417236,
                    827.4907469749451
                ],
                [
                    -24.840056896209717,
                    945.3245401382446
                ],
                [
                    165.8632457256317,
                    926.7414212226868
                ],
                [
                    205.605149269104,
                    832.5423002243042
                ],
                [
                    38.65477442741394,
                    756.0756206512451
                ]
            ],
            "provenance": "visii",
            "quaternion_xyzw": [
                -0.39678454399108887,
                0.2529486417770386,
                0.8699582815170288,
                0.14748454093933105
            ],
            "quaternion_xyzw_world": [
                -0.43315479159355164,
                -0.18385480344295502,
                0.28931891918182373,
                0.8335880041122437
            ],
            "segmentation_id": 2,
            "visibility": 0
        },
        {
            "bounding_box_minx_maxx_miny_maxy": [
                0,
                76,
                24,
                168
            ],
            "class": "Smith",
            "local_cuboid": null,
            "local_to_world_matrix": [
                [
                    -0.25486087799072266,
                    -0.15760034322738647,
                    -0.9540482759475708,
                    0.0
                ],
                [
                    0.7615411281585693,
                    0.5753006339073181,
                    -0.2984699010848999,
                    0.0
                ],
                [
                    0.5959035158157349,
                    -0.8026152849197388,
                    -0.026602506637573242,
                    0.0
                ],
                [
                    1.6310075521469116,
                    0.7015898823738098,
                    0.44961002469062805,
                    1.0
                ]
            ],
            "location": [
                -0.7015898823738098,
                0.44961002469062805,
                -1.6310075521469116
            ],
            "location_world": [
                1.6310075521469116,
                0.7015898823738098,
                0.44961002469062805
            ],
            "name": "google_Smith_Hawken_Woven_BasketTray_Organizer_with_3_Compartments_95_x_9_x_13_2",
            "projected_cuboid": [
                [
                    109.83103513717651,
                    136.50210201740265
                ],
                [
                    76.21347904205322,
                    173.76765608787537
                ],
                [
                    -17.75294542312622,
                    163.9418601989746
                ],
                [
                    7.086396217346191,
                    121.36222422122955
                ],
                [
                    97.49986231327057,
                    22.963285446166992
                ],
                [
                    66.7310357093811,
                    69.96944546699524
                ],
                [
                    -23.22050929069519,
                    51.280513405799866
                ],
                [
                    -0.508427619934082,
                    -2.820521593093872
                ],
                [
                    40.81748425960541,
                    92.29786694049835
                ]
            ],
            "provenance": "visii",
            "quaternion_xyzw": [
                -0.7162356376647949,
                0.5338149070739746,
                -0.36910906434059143,
                0.25652822852134705
            ],
            "quaternion_xyzw_world": [
                0.22160828113555908,
                0.6813156604766846,
                -0.4040290117263794,
                0.5687348246574402
            ],
            "segmentation_id": 3,
            "visibility": 1
        },
        {
            "bounding_box_minx_maxx_miny_maxy": [
                -1,
                -1,
                -1,
                -1
            ],
            "class": "Paul",
            "local_cuboid": null,
            "local_to_world_matrix": [
                [
                    0.274588942527771,
                    0.4513125419616699,
                    0.849068820476532,
                    0.0
                ],
                [
                    -0.5738488435745239,
                    0.7854399681091309,
                    -0.23190858960151672,
                    0.0
                ],
                [
                    -0.7715558409690857,
                    -0.42355766892433167,
                    0.4746583104133606,
                    0.0
                ],
                [
                    0.3035890758037567,
                    -0.3127753436565399,
                    -0.12723922729492188,
                    1.0
                ]
            ],
            "location": [
                0.3127753436565399,
                -0.12723922729492188,
                -0.3035890758037567
            ],
            "location_world": [
                0.3035890758037567,
                -0.3127753436565399,
                -0.12723922729492188
            ],
            "name": "google_Paul_Frank_Dot_Lunch_Box_3",
            "projected_cuboid": [
                [
                    1488.6804819107056,
                    -88.55897188186646
                ],
                [
                    1685.3506565093994,
                    -133.6747407913208
                ],
                [
                    661.6137027740479,
                    303.8121163845062
                ],
                [
                    730.8262586593628,
                    254.09641861915588
                ],
                [
                    2838.6714458465576,
                    836.0047340393066
                ],
                [
                    4734.1413497924805,
                    1728.4975051879883
                ],
                [
                    1090.6962156295776,
                    890.7812237739563
                ],
                [
                    1087.66770362854,
                    707.2576284408569
                ],
                [
                    1268.899917602539,
                    452.2662162780762
                ]
            ],
            "provenance": "visii",
            "quaternion_xyzw": [
                0.04753999412059784,
                0.3346073031425476,
                0.7833864092826843,
                0.5216163992881775
            ],
            "quaternion_xyzw_world": [
                0.060188643634319305,
                -0.5089677572250366,
                0.32195863127708435,
                0.7960350513458252
            ],
            "segmentation_id": 4,
            "visibility": 0
        },
        {
            "bounding_box_minx_maxx_miny_maxy": [
                232,
                243,
                294,
                315
            ],
            "class": "Toys",
            "local_cuboid": null,
            "local_to_world_matrix": [
                [
                    0.47099894285202026,
                    0.8012017607688904,
                    -0.36910128593444824,
                    0.0
                ],
                [
                    -0.8803992867469788,
                    0.453171968460083,
                    -0.13975819945335388,
                    0.0
                ],
                [
                    0.055291831493377686,
                    0.3907824456691742,
                    0.9188209176063538,
                    0.0
                ],
                [
                    1.4389808177947998,
                    -0.06286726146936417,
                    -0.23287677764892578,
                    1.0
                ]
            ],
            "location": [
                0.06286726146936417,
                -0.23287677764892578,
                -1.4389808177947998
            ],
            "location_world": [
                1.4389808177947998,
                -0.06286726146936417,
                -0.23287677764892578
            ],
            "name": "google_Toys_R_Us_Treat_Dispenser_Smart_Puzzle_Foobler_4",
            "projected_cuboid": [
                [
                    240.595743060112,
                    292.6742136478424
                ],
                [
                    209.97077226638794,
                    305.92456459999084
                ],
                [
                    235.44208705425262,
                    366.71799421310425
                ],
                [
                    263.99892568588257,
                    348.0567932128906
                ],
                [
                    290.7279431819916,
                    271.4685797691345
                ],
                [
                    263.4984254837036,
                    283.2987308502197
                ],
                [
                    290.70064425468445,
                    347.2674489021301
                ],
                [
                    315.5803978443146,
                    329.4738233089447
                ],
                [
                    263.76599073410034,
                    317.9200291633606
                ]
            ],
            "provenance": "visii",
            "quaternion_xyzw": [
                -0.31378668546676636,
                0.6551212668418884,
                0.6865981221199036,
                0.030611321330070496
            ],
            "quaternion_xyzw_world": [
                -0.1573261320590973,
                0.12584921717643738,
                0.49866071343421936,
                0.843058705329895
            ],
            "segmentation_id": 5,
            "visibility": 1
        },
        {
            "bounding_box_minx_maxx_miny_maxy": [
                -1,
                -1,
                -1,
                -1
            ],
            "class": "Tag",
            "local_cuboid": null,
            "local_to_world_matrix": [
                [
                    -0.14464449882507324,
                    -0.16892343759536743,
                    -0.9749578237533569,
                    0.0
                ],
                [
                    -0.8924686312675476,
                    -0.40322065353393555,
                    0.20226934552192688,
                    0.0
                ],
                [
                    -0.4272911250591278,
                    0.8993765115737915,
                    -0.09243524074554443,
                    0.0
                ],
                [
                    0.48807084560394287,
                    -0.4013659656047821,
                    -0.3450441062450409,
                    1.0
                ]
            ],
            "location": [
                0.4013659656047821,
                -0.3450441062450409,
                -0.48807084560394287
            ],
            "location_world": [
                0.48807084560394287,
                -0.4013659656047821,
                -0.3450441062450409
            ],
            "name": "google_Tag_Dishtowel_Basket_Weave_Red_18_x_26_5",
            "projected_cuboid": [
                [
                    610.4444265365601,
                    735.8572483062744
                ],
                [
                    979.2585968971252,
                    939.197301864624
                ],
                [
                    1000.9286403656006,
                    906.368613243103
                ],
                [
                    633.8151693344116,
                    720.0249433517456
                ],
                [
                    565.882682800293,
                    545.362114906311
                ],
                [
                    886.5824341773987,
                    631.7650079727173
                ],
                [
                    910.3851914405823,
                    612.5240325927734
                ],
                [
                    589.3978476524353,
                    534.8688364028931
                ],
                [
                    734.148383140564,
                    684.9911212921143
                ]
            ],
            "provenance": "visii",
            "quaternion_xyzw": [
                -0.3672066926956177,
                0.3892475962638855,
                0.513833224773407,
                -0.6705378293991089
            ],
            "quaternion_xyzw_world": [
                -0.581165075302124,
                0.45657944679260254,
                0.6032059788703918,
                0.29987484216690063
            ],
            "segmentation_id": 6,
            "visibility": 0
        },
        {
            "bounding_box_minx_maxx_miny_maxy": [
                0,
                26,
                168,
                215
            ],
            "class": "FRACTION",
            "local_cuboid": null,
            "local_to_world_matrix": [
                [
                    -0.29181337356567383,
                    0.2871076464653015,
                    -0.9123673439025879,
                    0.0
                ],
                [
                    0.9042331576347351,
                    -0.22812676429748535,
                    -0.3609994947910309,
                    0.0
                ],
                [
                    -0.31178101897239685,
                    -0.9303373098373413,
                    -0.19304180145263672,
                    0.0
                ],
                [
                    1.5901228189468384,
                    0.6423395276069641,
                    0.102793850004673,
                    1.0
                ]
            ],
            "location": [
                -0.6423395276069641,
                0.102793850004673,
                -1.5901228189468384
            ],
            "location_world": [
                1.5901228189468384,
                0.6423395276069641,
                0.102793850004673
            ],
            "name": "google_FRACTION_FUN_n4h4qte23QR_6",
            "projected_cuboid": [
                [
                    -17.017453908920288,
                    229.98479008674622
                ],
                [
                    26.80318057537079,
                    257.2597861289978
                ],
                [
                    13.749480247497559,
                    254.10795211791992
                ],
                [
                    -31.176120042800903,
                    226.72027349472046
                ],
                [
                    12.000679969787598,
                    167.0490801334381
                ],
                [
                    51.55295133590698,
                    199.87614452838898
                ],
                [
                    38.692936301231384,
                    197.27952778339386
                ],
                [
                    -1.9438862800598145,
                    164.4551157951355
                ],
                [
                    12.911960482597351,
                    212.4144583940506
                ]
            ],
            "provenance": "visii",
            "quaternion_xyzw": [
                0.4364948272705078,
                -0.3918950855731964,
                0.6999800205230713,
                -0.4073309302330017
            ],
            "quaternion_xyzw_world": [
                -0.531355619430542,
                -0.5605195164680481,
                0.575955331325531,
                -0.26787039637565613
            ],
            "segmentation_id": 7,
            "visibility": 1
        },
        {
            "bounding_box_minx_maxx_miny_maxy": [
                -1,
                -1,
                -1,
                -1
            ],
            "class": "FAIRY",
            "local_cuboid": null,
            "local_to_world_matrix": [
                [
                    0.8107800483703613,
                    -0.5743532180786133,
                    0.1129341572523117,
                    0.0
                ],
                [
                    0.45902594923973083,
                    0.5041394829750061,
                    -0.7315317988395691,
                    0.0
                ],
                [
                    0.36322301626205444,
                    0.6449511647224426,
                    0.6723892092704773,
                    0.0
                ],
                [
                    0.4076848328113556,
                    0.33396515250205994,
                    0.22947685420513153,
                    1.0
                ]
            ],
            "location": [
                -0.33396515250205994,
                0.22947685420513153,
                -0.4076848328113556
            ],
            "location_world": [
                0.4076848328113556,
                0.33396515250205994,
                0.22947685420513153
            ],
            "name": "google_FAIRY_TALE_BLOCKS_7",
            "projected_cuboid": [
                [
                    -137.42923736572266,
                    -309.744656085968
                ],
                [
                    -188.94025683403015,
                    -25.186479091644287
                ],
                [
                    -98.90562295913696,
                    94.63639557361603
                ],
                [
                    -13.615697622299194,
                    -208.86075496673584
                ],
                [
                    -636.3133192062378,
                    -600.9244918823242
                ],
                [
                    -575.8676528930664,
                    -110.52849888801575
                ],
                [
                    -521.8369960784912,
                    55.80298602581024
                ],
                [
                    -575.5015015602112,
                    -513.546884059906
                ],
                [
                    -295.32891511917114,
                    -159.59206223487854
                ]
            ],
            "provenance": "visii",
            "quaternion_xyzw": [
                -0.8168703317642212,
                0.11972694098949432,
                0.44552096724510193,
                0.3462653160095215
            ],
            "quaternion_xyzw_world": [
                -0.39819949865341187,
                0.07240547239780426,
                -0.2989438474178314,
                0.8641917705535889
            ],
            "segmentation_id": 8,
            "visibility": 0
        },
        {
            "bounding_box_minx_maxx_miny_maxy": [
                -1,
                -1,
                -1,
                -1
            ],
            "class": "Great",
            "local_cuboid": null,
            "local_to_world_matrix": [
                [
                    -0.4076530933380127,
                    -0.703240692615509,
                    -0.582470178604126,
                    0.0
                ],
                [
                    0.7232992053031921,
                    0.14067208766937256,
                    -0.6760543584823608,
                    0.0
                ],
                [
                    0.5573662519454956,
                    -0.6968958377838135,
                    0.45130807161331177,
                    0.0
                ],
                [
                    1.1858820915222168,
                    -0.5317434072494507,
                    -0.2817946672439575,
                    1.0
                ]
            ],
            "location": [
                0.5317434072494507,
                -0.2817946672439575,
                -1.1858820915222168
            ],
            "location_world": [
                1.1858820915222168,
                -0.5317434072494507,
                -0.2817946672439575
            ],
            "name": "google_Great_Jones_Wingtip_kAqSg6EgG0I_8",
            "projected_cuboid": [
                [
                    614.1974925994873,
                    335.2680802345276
                ],
                [
                    533.0538153648376,
                    415.9536361694336
                ],
                [
                    509.6242427825928,
                    448.4783411026001
                ],
                [
                    590.6312465667725,
                    369.9113726615906
                ],
                [
                    559.2126846313477,
                    298.19199442863464
                ],
                [
                    489.68759179115295,
                    382.27778673171997
                ],
                [
                    464.9816155433655,
                    412.070631980896
                ],
                [
                    533.4405303001404,
                    329.2562663555145
                ],
                [
                    533.227801322937,
                    376.9437074661255
                ]
            ],
            "provenance": "visii",
            "quaternion_xyzw": [
                -0.8568344116210938,
                0.21099236607551575,
                -0.3222760558128357,
                0.34271711111068726
            ],
            "quaternion_xyzw_world": [
                0.009575535543262959,
                0.5236929059028625,
                -0.6554176211357117,
                0.5441339612007141
            ],
            "segmentation_id": 9,
            "visibility": 0
        },
        {
            "bounding_box_minx_maxx_miny_maxy": [
                -1,
                -1,
                -1,
                -1
            ],
            "class": "Ecoforms",
            "local_cuboid": null,
            "local_to_world_matrix": [
                [
                    0.6583347320556641,
                    -0.7373824119567871,
                    0.15120436251163483,
                    0.0
                ],
                [
                    0.6816807985305786,
                    0.6692372560501099,
                    0.2956906855106354,
                    0.0
                ],
                [
                    -0.3192286491394043,
                    -0.09159037470817566,
                    0.9432413578033447,
                    0.0
                ],
                [
                    1.0375112295150757,
                    -0.2540135979652405,
                    0.39162907004356384,
                    1.0
                ]
            ],
            "location": [
                0.2540135979652405,
                0.39162907004356384,
                -1.0375112295150757
            ],
            "location_world": [
                1.0375112295150757,
                -0.2540135979652405,
                0.39162907004356384
            ],
            "name": "google_Ecoforms_Plant_Container_Quadra_Sand_QP6_9",
            "projected_cuboid": [
                [
                    497.921347618103,
                    -80.10733127593994
                ],
                [
                    399.88547563552856,
                    -72.13979959487915
                ],
                [
                    384.96649265289307,
                    25.094732642173767
                ],
                [
                    476.04045271873474,
                    29.713720083236694
                ],
                [
                    435.26268005371094,
                    -108.13388228416443
                ],
                [
                    333.00238847732544,
                    -95.46869993209839
                ],
                [
                    319.74610686302185,
                    14.69394564628601
                ],
                [
                    414.0728712081909,
                    18.467620015144348
                ],
                [
                    406.2732756137848,
                    -31.344354152679443
                ]
            ],
            "provenance": "visii",
            "quaternion_xyzw": [
                -0.529731810092926,
                0.2444789707660675,
                0.2674676477909088,
                0.766860842704773
            ],
            "quaternion_xyzw_world": [
                0.10707012563943863,
                -0.13005883991718292,
                -0.39232301712036133,
                0.9042696356773376
            ],
            "segmentation_id": 10,
            "visibility": 0
        },
        {
            "bounding_box_minx_maxx_miny_maxy": [
                -1,
                -1,
                -1,
                -1
            ],
            "class": "ReadytoUse",
            "local_cuboid": null,
            "local_to_world_matrix": [
                [
                    0.5188310742378235,
                    -0.019627004861831665,
                    0.8546514511108398,
                    0.0
                ],
                [
                    0.808861255645752,
                    -0.3123056888580322,
                    -0.49820542335510254,
                    0.0
                ],
                [
                    0.2766907215118408,
                    0.9497789144515991,
                    -0.1461583375930786,
                    0.0
                ],
                [
                    0.5242846608161926,
                    0.07594211399555206,
                    -0.288274347782135,
                    1.0
                ]
            ],
            "location": [
                -0.07594211399555206,
                -0.288274347782135,
                -0.5242846608161926
            ],
            "location_world": [
                0.5242846608161926,
                0.07594211399555206,
                -0.288274347782135
            ],
            "name": "google_ReadytoUse_Rolled_Fondant_Pure_White_24_oz_box_10",
            "projected_cuboid": [
                [
                    -1.379847526550293,
                    507.8636407852173
                ],
                [
                    29.552742838859558,
                    515.1358842849731
                ],
                [
                    179.65085804462433,
                    510.78343391418457
                ],
                [
                    157.15445578098297,
                    502.55513191223145
                ],
                [
                    -34.709632396698,
                    660.050630569458
                ],
                [
                    2.0841211080551147,
                    657.3287844657898
                ],
                [
                    168.1717038154602,
                    665.3887033462524
                ],
                [
                    141.70612394809723,
                    669.05677318573
                ],
                [
                    77.97156274318695,
                    581.586480140686
                ]
            ],
            "provenance": "visii",
            "quaternion_xyzw": [
                -0.6697990894317627,
                -0.4355623722076416,
                0.5481531620025635,
                0.24735140800476074
            ],
            "quaternion_xyzw_world": [
                -0.7030816078186035,
                -0.28063395619392395,
                -0.4022798240184784,
                0.5148706436157227
            ],
            "segmentation_id": 11,
            "visibility": 0
        },
        {
            "bounding_box_minx_maxx_miny_maxy": [
                -1,
                -1,
                -1,
                -1
            ],
            "class": "Dog",
            "local_cuboid": null,
            "local_to_world_matrix": [
                [
                    0.7681803107261658,
                    -0.26330530643463135,
                    0.5835832357406616,
                    0.0
                ],
                [
                    0.6401945948600769,
                    0.3058475852012634,
                    -0.7047042846679688,
                    0.0
                ],
                [
                    0.007064849138259888,
                    0.9149467945098877,
                    0.40351271629333496,
                    0.0
                ],
                [
                    0.23917579650878906,
                    0.20185379683971405,
                    -0.2848663032054901,
                    1.0
                ]
            ],
            "location": [
                -0.20185379683971405,
                -0.2848663032054901,
                -0.23917579650878906
            ],
            "location_world": [
                0.23917579650878906,
                0.20185379683971405,
                -0.2848663032054901
            ],
            "name": "google_Dog_11",
            "projected_cuboid": [
                [
                    -469.6803092956543,
                    405.47943115234375
                ],
                [
                    -338.390588760376,
                    560.3747367858887
                ],
                [
                    -58.43311548233032,
                    685.8990788459778
                ],
                [
                    -67.26962327957153,
                    585.4090452194214
                ],
                [
                    -2224.0519523620605,
                    1568.038821220398
                ],
                [
                    -1002.8862953186035,
                    1202.831745147705
                ],
                [
                    -491.86772108078003,
                    1438.2048845291138
                ],
                [
                    -1074.7740268707275,
                    2111.477851867676
                ],
                [
                    -479.3887734413147,
                    857.3704957962036
                ]
            ],
            "provenance": "visii",
            "quaternion_xyzw": [
                -0.7026866674423218,
                -0.0988120287656784,
                0.5988184809684753,
                0.37132740020751953
            ],
            "quaternion_xyzw_world": [
                -0.5144948959350586,
                -0.18313559889793396,
                -0.28700384497642517,
                0.7870102524757385
            ],
            "segmentation_id": 12,
            "visibility": 0
        },
        {
            "bounding_box_minx_maxx_miny_maxy": [
                -1,
                -1,
                -1,
                -1
            ],
            "class": "Black",
            "local_cuboid": null,
            "local_to_world_matrix": [
                [
                    -0.8235646486282349,
                    0.3645979166030884,
                    -0.43452322483062744,
                    0.0
                ],
                [
                    -0.21352605521678925,
                    -0.9089791774749756,
                    -0.3580002188682556,
                    0.0
                ],
                [
                    -0.5254985094070435,
                    -0.2020541876554489,
                    0.8264535665512085,
                    0.0
                ],
                [
                    1.024664044380188,
                    -0.6016754508018494,
                    -0.5879455208778381,
                    1.0
                ]
            ],
            "location": [
                0.6016754508018494,
                -0.5879455208778381,
                -1.024664044380188
            ],
            "location_world": [
                1.024664044380188,
                -0.6016754508018494,
                -0.5879455208778381
            ],
            "name": "google_Black_Elderberry_Syrup_54_oz_Gaia_Herbs_12",
            "projected_cuboid": [
                [
                    634.8276138305664,
                    554.5146465301514
                ],
                [
                    675.4037737846375,
                    572.5963115692139
                ],
                [
                    625.0095367431641,
                    620.6254959106445
                ],
                [
                    588.1357192993164,
                    603.3108234405518
                ],
                [
                    629.1699409484863,
                    524.5518088340759
                ],
                [
                    667.6950454711914,
                    541.3609743118286
                ],
                [
                    620.140790939331,
                    589.5071029663086
                ],
                [
                    584.9704742431641,
                    573.3373761177063
                ],
                [
                    627.0722150802612,
                    572.9923844337463
                ]
            ],
            "provenance": "visii",
            "quaternion_xyzw": [
                0.3420175313949585,
                0.3468066453933716,
                0.7496827840805054,
                -0.44802358746528625
            ],
            "quaternion_xyzw_world": [
                -0.2544410824775696,
                -0.14843502640724182,
                0.9432652592658997,
                0.1532241255044937
            ],
            "segmentation_id": 13,
            "visibility": 0
        },
        {
            "bounding_box_minx_maxx_miny_maxy": [
                -1,
                -1,
                -1,
                -1
            ],
            "class": "Razer",
