{
    "camera_data": {
        "camera_look_at": {
            "at": [
                1.0,
                0.0,
                0.0
            ],
            "eye": [
                0.0,
                0.0,
                0.0
            ],
            "up": [
                0.0,
                0.0,
                1.0
            ]
        },
        "camera_view_matrix": [
            [
                0.0,
                0.0,
                -1.0,
                0.0
            ],
            [
                -1.0,
                0.0,
                0.0,
                0.0
            ],
            [
                0.0,
                1.0,
                0.0,
                0.0
            ],
            [
                0.0,
                0.0,
                0.0,
                1.0
            ]
        ],
        "height": 500,
        "intrinsics": {
            "cx": 250.0,
            "cy": 250.0,
            "fx": 603.5535278320312,
            "fy": 603.5535278320312
        },
        "location_world": [
            0.0,
            0.0,
            0.0
        ],
        "quaternion_world_xyzw": [
            0.5,
            -0.5,
            -0.5,
            0.5
        ],
        "width": 500
    },
    "objects": [
        {
            "bounding_box_minx_maxx_miny_maxy": [
                102,
                233,
                150,
                218
            ],
            "class": "Reebok",
            "local_cuboid": null,
            "local_to_world_matrix": [
                [
                    0.9481316804885864,
                    -0.23773454129695892,
                    -0.21101820468902588,
                    0.0
                ],
                [
                    0.18430785834789276,
                    0.951995849609375,
                    -0.24440638720989227,
                    0.0
                ],
                [
                    0.2589922845363617,
                    0.19283713400363922,
                    0.9464337825775146,
                    0.0
                ],
                [
                    1.2189573049545288,
                    0.16459664702415466,
                    0.10464681684970856,
                    1.0
                ]
            ],
            "location": [
                -0.16459664702415466,
                0.10464681684970856,
                -1.2189573049545288
            ],
            "location_world": [
                1.2189573049545288,
                0.16459664702415466,
                0.10464681684970856
            ],
            "name": "google_Reebok_SOMERSET_RUN_0",
            "projected_cuboid": [
                [
                    233.81559550762177,
                    137.23891973495483
                ],
                [
                    107.99282789230347,
                    174.28478598594666
                ],
                [
                    115.10568857192993,
                    223.57028722763062
                ],
                [
                    244.27418410778046,
                    187.76443600654602
                ],
                [
                    218.47468614578247,
                    114.61122334003448
                ],
                [
                    82.31472969055176,
                    155.89837729930878
                ],
                [
                    89.41841125488281,
                    209.1432809829712
                ],
                [
                    229.51115667819977,
                    169.2882925271988
                ],
                [
                    164.04928267002106,
                    171.9799041748047
                ]
            ],
            "provenance": "visii",
            "quaternion_xyzw": [
                -0.659760057926178,
                0.4406959116458893,
                0.43234238028526306,
                0.4284670650959015
            ],
            "quaternion_xyzw_world": [
                -0.11146974563598633,
                0.11982326954603195,
                -0.10759440809488297,
                0.9806327223777771
            ],
            "segmentation_id": 1,
            "visibility": 1
        },
        {
            "bounding_box_minx_maxx_miny_maxy": [
                -1,
                -1,
                -1,
                -1
            ],
            "class": "Breyer",
            "local_cuboid": null,
            "local_to_world_matrix": [
                [
                    0.8418776392936707,
                    -0.4233035445213318,
                    -0.33474791049957275,
                    0.0
                ],
                [
                    -0.46239882707595825,
                    -0.24597251415252686,
                    -0.8518713712692261,
                    0.0
                ],
                [
                    0.27826136350631714,
                    0.8719584941864014,
                    -0.40281379222869873,
                    0.0
                ],
                [
                    0.5021401643753052,
                    0.1421201527118683,
                    -0.39146703481674194,
                    1.0
                ]
            ],
            "location": [
                -0.1421201527118683,
                -0.39146703481674194,
                -0.5021401643753052
            ],
            "location_world": [
                0.5021401643753052,
                0.1421201527118683,
                -0.39146703481674194
            ],
            "name": "google_Breyer_Horse_Of_The_Year_2015_1",
            "projected_cuboid": [
                [
                    36.1909419298172,
                    686.8376135826111
                ],
                [
                    40.75324535369873,
                    752.7188658714294
                ],
                [
                    163.41733932495117,
                    725.6641387939453
                ],
                [
                    153.18283438682556,
                    656.3690900802612
                ],
                [
                    -183.01033973693848,
                    770.2550292015076
                ],
                [
                    -189.9150013923645,
                    870.9207773208618
                ],
                [
                    -31.249165534973145,
                    843.2856202125549
                ],
                [
                    -33.7984561920166,
                    734.0894341468811
                ],
                [
                    10.996773838996887,
                    745.2832460403442
                ]
            ],
            "provenance": "visii",
            "quaternion_xyzw": [
                -0.798973798751831,
                0.027777940034866333,
                0.5362616777420044,
                -0.2707262337207794
            ],
            "quaternion_xyzw_world": [
                -0.7890918850898743,
                0.2806081175804138,
                0.017896054312586784,
                0.5461435914039612
            ],
            "segmentation_id": 2,
            "visibility": 0
        },
        {
            "bounding_box_minx_maxx_miny_maxy": [
                0,
                62,
                22,
                169
            ],
            "class": "Smith",
            "local_cuboid": null,
            "local_to_world_matrix": [
                [
                    -0.4239816665649414,
                    -0.24257077276706696,
                    -0.8725817203521729,
                    0.0
                ],
                [
                    0.6444870829582214,
                    0.5960941314697266,
                    -0.47886142134666443,
                    0.0
                ],
                [
                    0.6362985372543335,
                    -0.7653961181640625,
                    -0.09639918804168701,
                    0.0
                ],
                [
                    1.6060751676559448,
                    0.7218875288963318,
                    0.4547133147716522,
                    1.0
                ]
            ],
            "location": [
                -0.7218875288963318,
                0.4547133147716522,
                -1.6060751676559448
            ],
            "location_world": [
                1.6060751676559448,
                0.7218875288963318,
                0.4547133147716522
            ],
            "name": "google_Smith_Hawken_Woven_BasketTray_Organizer_with_3_Compartments_95_x_9_x_13_2",
            "projected_cuboid": [
                [
                    102.71598398685455,
                    125.250443816185
                ],
                [
                    64.45756554603577,
                    178.61366271972656
                ],
                [
                    -32.277703285217285,
                    161.33439540863037
                ],
                [
                    -0.5982518196105957,
                    99.67446327209473
                ],
                [
                    85.59830486774445,
                    28.659656643867493
                ],
                [
                    51.83115601539612,
                    86.08724176883698
                ],
                [
                    -37.74186968803406,
                    61.33809685707092
                ],
                [
                    -9.661078453063965,
                    -4.802584648132324
                ],
                [
                    29.415056109428406,
                    91.89637005329132
                ]
            ],
            "provenance": "visii",
            "quaternion_xyzw": [
                -0.7677451372146606,
                0.47824323177337646,
                -0.38729578256607056,
                0.17847321927547455
            ],
            "quaternion_xyzw_world": [
                0.13813351094722748,
                0.7274054884910583,
                -0.42763546109199524,
                0.5185829401016235
            ],
            "segmentation_id": 3,
            "visibility": 1
        },
        {
            "bounding_box_minx_maxx_miny_maxy": [
                -1,
                -1,
                -1,
                -1
            ],
            "class": "Paul",
            "local_cuboid": null,
            "local_to_world_matrix": [
                [
                    0.2102431058883667,
                    0.6190358996391296,
                    0.7566986680030823,
                    0.0
                ],
                [
                    -0.5510404706001282,
                    0.7143726348876953,
                    -0.4313075840473175,
                    0.0
                ],
                [
                    -0.8075596690177917,
                    -0.3262919485569,
                    0.4913055896759033,
                    0.0
                ],
                [
                    0.2991926372051239,
                    -0.3229876160621643,
                    -0.12756752967834473,
                    1.0
                ]
            ],
            "location": [
                0.3229876160621643,
                -0.12756752967834473,
                -0.2991926372051239
            ],
            "location_world": [
                0.2991926372051239,
                -0.3229876160621643,
                -0.12756752967834473
            ],
            "name": "google_Paul_Frank_Dot_Lunch_Box_3",
            "projected_cuboid": [
                [
                    1516.4380073547363,
                    -140.91798663139343
                ],
                [
                    1778.3374786376953,
                    -96.81996703147888
                ],
                [
                    661.2899899482727,
                    353.2335162162781
                ],
                [
                    723.1622934341431,
                    257.2741210460663
                ],
                [
                    2995.211124420166,
                    724.6020436286926
                ],
                [
                    5136.313915252686,
                    1757.6628923416138
                ],
                [
                    1162.3265743255615,
                    874.2205500602722
                ],
                [
                    1136.6978883743286,
                    657.8178405761719
                ],
                [
                    1308.1581592559814,
                    456.1617374420166
                ]
            ],
            "provenance": "visii",
            "quaternion_xyzw": [
                0.0343230664730072,
                0.30828920006752014,
                0.8452666997909546,
                0.43509089946746826
            ],
            "quaternion_xyzw_world": [
                -0.033781781792640686,
                -0.5031957626342773,
                0.37639403343200684,
                0.7771618962287903
            ],
            "segmentation_id": 4,
            "visibility": 0
        },
        {
            "bounding_box_minx_maxx_miny_maxy": [
                -1,
                -1,
                -1,
                -1
            ],
            "class": "Toys",
            "local_cuboid": null,
            "local_to_world_matrix": [
                [
                    0.9045124650001526,
                    -0.02502167969942093,
                    -0.425712525844574,
                    0.0
                ],
                [
                    -0.16744446754455566,
                    0.8972647786140442,
                    -0.40850746631622314,
                    0.0
                ],
                [
                    0.392198383808136,
                    0.4407833218574524,
                    0.8073974251747131,
                    0.0
                ],
                [
                    1.4507579803466797,
                    -0.12662029266357422,
                    -0.4391286373138428,
                    1.0
                ]
            ],
            "location": [
                0.12662029266357422,
                -0.4391286373138428,
                -1.4507579803466797
            ],
            "location_world": [
                1.4507579803466797,
                -0.12662029266357422,
                -0.4391286373138428
            ],
            "name": "google_Toys_R_Us_Treat_Dispenser_Smart_Puzzle_Foobler_4",
            "projected_cuboid": [
                [
                    299.2204427719116,
                    369.953453540802
                ],
                [
                    246.8745857477188,
                    396.12528681755066
                ],
                [
                    273.82585406303406,
                    451.55414938926697
                ],
                [
                    327.77315378189087,
                    423.42376708984375
                ],
                [
                    302.35132575035095,
                    354.15568947792053
                ],
                [
                    244.93208527565002,
                    382.60722160339355
                ],
                [
                    274.5553255081177,
                    443.112313747406
                ],
                [
                    333.90653133392334,
                    412.31322288513184
                ],
                [
                    287.82859444618225,
                    403.7427008152008
                ]
            ],
            "provenance": "visii",
            "quaternion_xyzw": [
                -0.6755974888801575,
                0.4895583391189575,
                0.49781712889671326,
                0.23681007325649261
            ],
            "quaternion_xyzw_world": [
                -0.2235230952501297,
                0.21526429057121277,
                0.03748396411538124,
                0.9498915076255798
            ],
            "segmentation_id": 5,
            "visibility": 0
        },
        {
            "bounding_box_minx_maxx_miny_maxy": [
                -1,
                -1,
                -1,
                -1
            ],
            "class": "Tag",
            "local_cuboid": null,
            "local_to_world_matrix": [
                [
                    0.7378573417663574,
                    0.048297345638275146,
                    -0.6732264757156372,
                    0.0
                ],
                [
                    -0.5910525321960449,
                    -0.43540167808532715,
                    -0.6790302991867065,
                    0.0
                ],
                [
                    -0.32591935992240906,
                    0.8989397287368774,
                    -0.2927180528640747,
                    0.0
                ],
                [
                    0.5106064081192017,
                    -0.4510631561279297,
                    -0.3193203806877136,
                    1.0
                ]
            ],
            "location": [
                0.4510631561279297,
                -0.3193203806877136,
                -0.5106064081192017
            ],
            "location_world": [
                0.5106064081192017,
                -0.4510631561279297,
                -0.3193203806877136
            ],
            "name": "google_Tag_Dishtowel_Basket_Weave_Red_18_x_26_5",
            "projected_cuboid": [
                [
                    599.0357995033264,
                    544.2513227462769
                ],
                [
                    820.6498026847839,
                    820.0360536575317
                ],
                [
                    845.2802896499634,
                    794.9991226196289
                ],
                [
                    622.3044991493225,
                    529.4603109359741
                ],
                [
                    695.8112716674805,
                    480.38023710250854
                ],
                [
                    1029.5913219451904,
                    826.662003993988
                ],
                [
                    1056.1368465423584,
                    793.1097745895386
                ],
                [
                    722.6195335388184,
                    463.390976190567
                ],
                [
                    770.5050110816956,
                    637.6039981842041
                ]
            ],
            "provenance": "visii",
            "quaternion_xyzw": [
                -0.5711422562599182,
                0.10410048067569733,
                0.7164577841758728,
                -0.3868435323238373
            ],
            "quaternion_xyzw_world": [
                -0.7851715087890625,
                0.17281422019004822,
                0.3181298077106476,
                0.5024284720420837
            ],
            "segmentation_id": 6,
            "visibility": 0
        },
        {
            "bounding_box_minx_maxx_miny_maxy": [
                44,
                103,
                143,
                226
            ],
            "class": "FRACTION",
            "local_cuboid": null,
            "local_to_world_matrix": [
                [
                    -0.20377135276794434,
                    -0.5955781936645508,
                    -0.7770224809646606,
                    0.0
                ],
                [
                    0.2623433470726013,
                    0.731431245803833,
                    -0.6294317245483398,
                    0.0
                ],
                [
                    0.9432142972946167,
                    -0.3321067690849304,
                    0.007201194763183594,
                    0.0
                ],
                [
                    1.6723272800445557,
                    0.49675264954566956,
                    0.17816030979156494,
                    1.0
                ]
            ],
            "location": [
                -0.49675264954566956,
                0.17816030979156494,
                -1.6723272800445557
            ],
            "location_world": [
                1.6723272800445557,
                0.49675264954566956,
                0.17816030979156494
            ],
            "name": "google_FRACTION_FUN_n4h4qte23QR_6",
            "projected_cuboid": [
                [
                    119.63587999343872,
                    188.61165642738342
                ],
                [
                    74.86589252948761,
                    232.14413225650787
                ],
                [
                    65.33187627792358,
                    231.8183183670044
                ],
                [
                    110.94622313976288,
                    187.17265129089355
                ],
                [
                    85.46426892280579,
                    141.7561173439026
                ],
                [
                    42.569756507873535,
                    185.7275813817978
                ],
                [
                    32.45644271373749,
                    184.29070711135864
                ],
                [
                    76.11337304115295,
                    139.18592035770416
                ],
                [
                    75.4794180393219,
                    186.42306327819824
                ]
            ],
            "provenance": "visii",
            "quaternion_xyzw": [
                -0.8899753093719482,
                0.42373472452163696,
                -0.15053173899650574,
                0.07571686804294586
            ],
            "quaternion_xyzw_world": [
                -0.11999599635601044,
                0.6942624449729919,
                -0.34624460339546204,
                0.6194475889205933
            ],
            "segmentation_id": 7,
            "visibility": 1
        },
        {
            "bounding_box_minx_maxx_miny_maxy": [
                -1,
                -1,
                -1,
                -1
            ],
            "class": "FAIRY",
            "local_cuboid": null,
            "local_to_world_matrix": [
                [
                    0.6778115034103394,
                    -0.7169381976127625,
                    0.16300708055496216,
                    0.0
                ],
                [
                    0.7352209687232971,
                    0.6623395681381226,
                    -0.14407166838645935,
                    0.0
                ],
                [
                    -0.004675574600696564,
                    0.21749964356422424,
                    0.9760491847991943,
                    0.0
                ],
                [
                    0.4204864799976349,
                    0.36577484011650085,
                    0.2949899733066559,
                    1.0
                ]
            ],
            "location": [
                -0.36577484011650085,
                0.2949899733066559,
                -0.4204864799976349
            ],
            "location_world": [
                0.4204864799976349,
                0.36577484011650085,
                0.2949899733066559
            ],
            "name": "google_FAIRY_TALE_BLOCKS_7",
            "projected_cuboid": [
                [
                    -102.25969552993774,
                    -569.909393787384
                ],
                [
                    -164.306640625,
                    -265.87873697280884
                ],
                [
                    -114.96737599372864,
                    -46.79077863693237
                ],
                [
                    -29.48513627052307,
                    -245.2746033668518
                ],
                [
                    -799.436092376709,
                    -1044.7752475738525
                ],
                [
                    -572.0725059509277,
                    -409.4820022583008
                ],
                [
                    -502.68834829330444,
                    -105.38876056671143
                ],
                [
                    -672.6338863372803,
                    -490.6046390533447
                ],
                [
                    -309.14515256881714,
                    -329.9102783203125
                ]
            ],
            "provenance": "visii",
            "quaternion_xyzw": [
                -0.6812368035316467,
                0.18324489891529083,
                0.3285609781742096,
                0.6280012726783752
            ],
            "quaternion_xyzw_world": [
                -0.09927583485841751,
                -0.04604025185108185,
                -0.39871612191200256,
                0.9105219841003418
            ],
            "segmentation_id": 8,
            "visibility": 0
        },
        {
            "bounding_box_minx_maxx_miny_maxy": [
                -1,
                -1,
                -1,
                -1
            ],
            "class": "Great",
            "local_cuboid": null,
            "local_to_world_matrix": [
                [
                    0.19088268280029297,
                    0.1494956612586975,
                    -0.9701622724533081,
                    0.0
                ],
                [
                    -0.8519894480705261,
                    0.5160924792289734,
                    -0.08810535073280334,
                    0.0
                ],
                [
                    0.48752203583717346,
                    0.8433858156204224,
                    0.22588181495666504,
                    0.0
                ],
                [
                    1.2921452522277832,
                    -0.6423197984695435,
                    -0.28803205490112305,
                    1.0
                ]
            ],
            "location": [
                0.6423197984695435,
                -0.28803205490112305,
                -1.2921452522277832
            ],
            "location_world": [
                1.2921452522277832,
                -0.6423197984695435,
                -0.28803205490112305
            ],
            "name": "google_Great_Jones_Wingtip_kAqSg6EgG0I_8",
            "projected_cuboid": [
                [
                    500.39803981781006,
                    372.44898080825806
                ],
                [
                    475.4045009613037,
                    412.5550389289856
                ],
                [
                    535.5774760246277,
                    433.51447582244873
                ],
                [
                    550.3947734832764,
                    387.97858357429504
                ],
                [
                    510.84351539611816,
                    329.9051523208618
                ],
                [
                    487.7152740955353,
                    361.32583022117615
                ],
                [
                    549.5948791503906,
                    380.1996111869812
                ],
                [
                    562.0002746582031,
                    344.00004148483276
                ],
                [
                    521.8048095703125,
                    375.82147121429443
                ]
            ],
            "provenance": "visii",
            "quaternion_xyzw": [
                -0.5971037745475769,
                0.6222765445709229,
                0.4330354928970337,
                -0.2621435523033142
            ],
            "quaternion_xyzw_world": [
                -0.335003137588501,
                0.5242441892623901,
                0.36017587780952454,
                0.6951361298561096
            ],
            "segmentation_id": 9,
            "visibility": 0
        },
        {
            "bounding_box_minx_maxx_miny_maxy": [
                352,
                401,
                1,
                27
            ],
            "class": "Ecoforms",
            "local_cuboid": null,
            "local_to_world_matrix": [
                [
                    0.21684646606445312,
                    -0.4985033869743347,
                    0.8393282890319824,
                    0.0
                ],
                [
                    0.037319183349609375,
                    0.8633910417556763,
                    0.5031533241271973,
                    0.0
                ],
                [
                    -0.9754921197891235,
                    -0.07778400182723999,
                    0.20582705736160278,
                    0.0
                ],
                [
                    1.0306261777877808,
                    -0.2552547752857208,
                    0.4325760304927826,
                    1.0
                ]
            ],
            "location": [
                0.2552547752857208,
                0.4325760304927826,
                -1.0306261777877808
            ],
            "location_world": [
                1.0306261777877808,
                -0.2552547752857208,
                0.4325760304927826
            ],
            "name": "google_Ecoforms_Plant_Container_Quadra_Sand_QP6_9",
            "projected_cuboid": [
                [
                    521.8294858932495,
                    -91.11449122428894
                ],
                [
                    408.3932042121887,
                    -153.24053168296814
                ],
                [
                    376.2069046497345,
                    -70.54761052131653
                ],
                [
                    471.62628173828125,
                    -17.60956645011902
                ],
                [
                    467.13894605636597,
                    6.6817402839660645
                ],
                [
                    348.6454486846924,
                    -59.28155779838562
                ],
                [
                    324.8392939567566,
                    11.539176106452942
                ],
                [
                    423.81006479263306,
                    67.22714006900787
                ],
                [
                    416.57310724258423,
                    -36.26435995101929
                ]
            ],
            "provenance": "visii",
            "quaternion_xyzw": [
                -0.07045909762382507,
                0.08537828922271729,
                0.4934154748916626,
                0.862720787525177
            ],
            "quaternion_xyzw_world": [
                0.19211223721504211,
                -0.6001494526863098,
                -0.1771930754184723,
                0.7559868693351746
            ],
            "segmentation_id": 10,
            "visibility": 1
        },
        {
            "bounding_box_minx_maxx_miny_maxy": [
                -1,
                -1,
                -1,
                -1
            ],
            "class": "ReadytoUse",
            "local_cuboid": null,
            "local_to_world_matrix": [
                [
                    -0.3887641429901123,
                    0.12820753455162048,
                    0.9123736619949341,
                    0.0
                ],
                [
                    0.9151865243911743,
                    -0.060500383377075195,
                    0.39846402406692505,
                    0.0
                ],
                [
                    0.10628494620323181,
                    0.9899004101753235,
                    -0.09381365776062012,
                    0.0
                ],
                [
                    0.4937720000743866,
                    0.05742805823683739,
                    -0.30764269828796387,
                    1.0
                ]
            ],
            "location": [
                -0.05742805823683739,
                -0.30764269828796387,
                -0.4937720000743866
            ],
            "location_world": [
                0.4937720000743866,
                0.05742805823683739,
                -0.30764269828796387
            ],
            "name": "google_ReadytoUse_Rolled_Fondant_Pure_White_24_oz_box_10",
            "projected_cuboid": [
                [
                    -52.8455376625061,
                    610.2790236473083
                ],
                [
                    -22.667348384857178,
                    555.419385433197
                ],
                [
                    171.94180190563202,
                    547.1485257148743
                ],
                [
                    160.09707748889923,
                    603.3741235733032
                ],
                [
                    -6.5611302852630615,
                    707.6804637908936
                ],
                [
                    17.328590154647827,
                    649.6235132217407
                ],
                [
                    196.2168961763382,
                    645.2045440673828
                ],
                [
                    187.70870566368103,
                    704.9626111984253
                ],
                [
                    80.89111745357513,
                    629.0326118469238
                ]
            ],
            "provenance": "visii",
            "quaternion_xyzw": [
                0.38066181540489197,
                0.638935923576355,
                -0.39479702711105347,
                -0.5394375920295715
            ],
            "quaternion_xyzw_world": [
                0.43747857213020325,
                0.5962544083595276,
                0.5821191668510437,
                -0.3379802107810974
            ],
            "segmentation_id": 11,
            "visibility": 0
        },
        {
            "bounding_box_minx_maxx_miny_maxy": [
                -1,
                -1,
                -1,
                -1
            ],
            "class": "Dog",
            "local_cuboid": null,
            "local_to_world_matrix": [
                [
                    -0.6174781322479248,
                    0.6551795601844788,
                    0.43527063727378845,
                    0.0
                ],
                [
                    0.6387245059013367,
                    0.7405998706817627,
                    -0.20866914093494415,
                    0.0
                ],
                [
                    -0.4590771496295929,
                    0.14916940033435822,
                    -0.8757834434509277,
                    0.0
                ],
                [
                    0.41209885478019714,
                    0.44970858097076416,
                    -0.36516284942626953,
                    1.0
                ]
            ],
            "location": [
                -0.44970858097076416,
                -0.36516284942626953,
                -0.41209885478019714
            ],
            "location_world": [
                0.41209885478019714,
                0.44970858097076416,
                -0.36516284942626953
            ],
            "name": "google_Dog_11",
            "projected_cuboid": [
                [
                    -1314.9781227111816,
                    1752.0036697387695
                ],
                [
                    -980.2553653717041,
                    1247.1778392791748
                ],
                [
                    -653.0497670173645,
                    754.298985004425
                ],
                [
                    -739.3788695335388,
                    884.7589492797852
                ],
                [
                    -362.41406202316284,
                    1287.0134115219116
                ],
                [
                    -385.47855615615845,
                    1065.3983354568481
                ],
                [
                    -245.13044953346252,
                    733.4612607955933
                ],
                [
                    -187.61810660362244,
                    813.8994574546814
                ],
                [
                    -521.0846662521362,
                    996.181845664978
                ]
            ],
            "provenance": "visii",
            "quaternion_xyzw": [
                -0.1536330282688141,
                0.4968484044075012,
                -0.762057363986969,
                -0.3857552409172058
            ],
            "quaternion_xyzw_world": [
                0.35975876450538635,
                0.8991470336914062,
                -0.01654338650405407,
                -0.24866561591625214
            ],
            "segmentation_id": 12,
            "visibility": 0
        },
        {
            "bounding_box_minx_maxx_miny_maxy": [
                -1,
                -1,
                -1,
                -1
            ],
            "class": "Black",
            "local_cuboid": null,
            "local_to_world_matrix": [
                [
                    -0.23735594749450684,
                    0.9502479434013367,
                    -0.2017202526330948,
                    0.0
                ],
                [
                    -0.7728602290153503,
                    -0.31052589416503906,
                    -0.5534082651138306,
                    0.0
                ],
                [
                    -0.5885144472122192,
                    0.02454686164855957,
                    0.8081139922142029,
                    0.0
                ],
                [
                    1.027999997138977,
                    -0.6513205170631409,
                    -0.5201334357261658,
                    1.0
                ]
            ],
            "location": [
                0.6513205170631409,
                -0.5201334357261658,
                -1.027999997138977
            ],
            "location_world": [
                1.027999997138977,
                -0.6513205170631409,
                -0.5201334357261658
            ],
            "name": "google_Black_Elderberry_Syrup_54_oz_Gaia_Herbs_12",
            "projected_cuboid": [
                [
                    634.9695324897766,
                    496.96028232574463
                ],
                [
                    666.3556694984436,
                    530.930757522583
                ],
                [
                    632.8957080841064,
                    577.7900218963623
                ],
                [
                    605.54039478302,
                    544.548511505127
                ],
                [
                    663.3031368255615,
                    486.36096715927124
                ],
                [
                    695.6265568733215,
                    519.3119645118713
                ],
                [
                    660.1448059082031,
                    566.5237903594971
                ],
                [
                    631.9634914398193,
                    534.1948866844177
                ],
                [
                    647.8976011276245,
                    532.6825380325317
                ]
            ],
            "provenance": "visii",
            "quaternion_xyzw": [
                0.06051015108823776,
                0.44953453540802,
                0.879228413105011,
                -0.145652174949646
            ],
            "quaternion_xyzw_world": [
                -0.2574179470539093,
                -0.17227594554424286,
                0.7674626708030701,
                0.5613003373146057
            ],
            "segmentation_id": 13,
            "visibility": 0
        },
        {
            "bounding_box_minx_maxx_miny_maxy": [
                -1,
                -1,
                -1,
                -1
            ],
            "class": "Razer",
