{
    "camera_data": {
        "camera_look_at": {
            "at": [
                1.0,
                0.0,
                0.0
            ],
            "eye": [
                0.0,
                0.0,
                0.0
            ],
            "up": [
                0.0,
                0.0,
                1.0
            ]
        },
        "camera_view_matrix": [
            [
                0.0,
                0.0,
                -1.0,
                0.0
            ],
            [
                -1.0,
                0.0,
                0.0,
                0.0
            ],
            [
                0.0,
                1.0,
                0.0,
                0.0
            ],
            [
                0.0,
                0.0,
                0.0,
                1.0
            ]
        ],
        "height": 500,
        "intrinsics": {
            "cx": 250.0,
            "cy": 250.0,
            "fx": 603.5535278320312,
            "fy": 603.5535278320312
        },
        "location_world": [
            0.0,
            0.0,
            0.0
        ],
        "quaternion_world_xyzw": [
            0.5,
            -0.5,
            -0.5,
            0.5
        ],
        "width": 500
    },
    "objects": [
        {
            "bounding_box_minx_maxx_miny_maxy": [
                199,
                278,
                119,
                209
            ],
            "class": "Reebok",
            "local_cuboid": null,
            "local_to_world_matrix": [
                [
                    0.8885127902030945,
                    -0.05595897138118744,
                    0.4554268717765808,
                    0.0
                ],
                [
                    -0.3191804885864258,
                    0.6376856565475464,
                    0.701056957244873,
                    0.0
                ],
                [
                    -0.3296496272087097,
                    -0.7682614326477051,
                    0.5487308502197266,
                    0.0
                ],
                [
                    1.6820844411849976,
                    0.05594591796398163,
                    0.19971485435962677,
                    1.0
                ]
            ],
            "location": [
                -0.05594591796398163,
                0.19971485435962677,
                -1.6820844411849976
            ],
            "location_world": [
                1.6820844411849976,
                0.05594591796398163,
                0.19971485435962677
            ],
            "name": "google_Reebok_SOMERSET_RUN_0",
            "projected_cuboid": [
                [
                    294.96291279792786,
                    185.34892797470093
                ],
                [
                    229.1373312473297,
                    106.51285946369171
                ],
                [
                    197.67311215400696,
                    132.58245587348938
                ],
                [
                    263.7346684932709,
                    208.353653550148
                ],
                [
                    295.3878343105316,
                    200.30853152275085
                ],
                [
                    225.3209352493286,
                    117.26540327072144
                ],
                [
                    191.95853173732758,
                    144.72448825836182
                ],
                [
                    262.28439807891846,
                    224.34644401073456
                ],
                [
                    245.86732685565948,
                    165.9858524799347
                ]
            ],
            "provenance": "visii",
            "quaternion_xyzw": [
                -0.07945507764816284,
                0.5734649896621704,
                0.37836283445358276,
                0.7222647666931152
            ],
            "quaternion_xyzw_world": [
                0.41895592212677,
                -0.22385376691818237,
                0.07505398988723755,
                0.8767738342285156
            ],
            "segmentation_id": 1,
            "visibility": 1
        },
        {
            "bounding_box_minx_maxx_miny_maxy": [
                -1,
                -1,
                -1,
                -1
            ],
            "class": "Breyer",
            "local_cuboid": null,
            "local_to_world_matrix": [
                [
                    -0.5147559642791748,
                    -0.8474405407905579,
                    0.12989073991775513,
                    0.0
                ],
                [
                    0.422629177570343,
                    -0.38264036178588867,
                    -0.8215665817260742,
                    0.0
                ],
                [
                    0.7459300756454468,
                    -0.3680103123188019,
                    0.5551189184188843,
                    0.0
                ],
                [
                    0.49126961827278137,
                    0.049833666533231735,
                    -0.5790398716926575,
                    1.0
                ]
            ],
            "location": [
                -0.049833666533231735,
                -0.5790398716926575,
                -0.49126961827278137
            ],
            "location_world": [
                0.49126961827278137,
                0.049833666533231735,
                -0.5790398716926575
            ],
            "name": "google_Breyer_Horse_Of_The_Year_2015_1",
            "projected_cuboid": [
                [
                    359.51659083366394,
                    768.6206102371216
                ],
                [
                    378.5378932952881,
                    797.1203327178955
                ],
                [
                    335.1633548736572,
                    1052.4733066558838
                ],
                [
                    308.4752559661865,
                    1031.0200452804565
                ],
                [
                    159.02969241142273,
                    702.0445466041565
                ],
                [
                    181.91686272621155,
                    727.9411554336548
                ],
                [
                    107.90112614631653,
                    915.5047535896301
                ],
                [
                    76.83521509170532,
                    892.5951719284058
                ],
                [
                    230.38223385810852,
                    844.00475025177
                ]
            ],
            "provenance": "visii",
            "quaternion_xyzw": [
                0.9239774942398071,
                0.13867512345314026,
                0.2388494312763214,
                -0.26454874873161316
            ],
            "quaternion_xyzw_world": [
                0.2796272039413452,
                -0.37980151176452637,
                0.7830253839492798,
                -0.4055008292198181
            ],
            "segmentation_id": 2,
            "visibility": 0
        },
        {
            "bounding_box_minx_maxx_miny_maxy": [
                24,
                79,
                39,
                117
            ],
            "class": "Smith",
            "local_cuboid": null,
            "local_to_world_matrix": [
                [
                    -0.02409803867340088,
                    0.07905077934265137,
                    -0.9965792894363403,
                    0.0
                ],
                [
                    0.6534302234649658,
                    0.755698561668396,
                    0.04414317011833191,
                    0.0
                ],
                [
                    0.7566031217575073,
                    -0.6501312255859375,
                    -0.06986498832702637,
                    0.0
                ],
                [
                    1.7214789390563965,
                    0.5967580676078796,
                    0.4454227685928345,
                    1.0
                ]
            ],
            "location": [
                -0.5967580676078796,
                0.4454227685928345,
                -1.7214789390563965
            ],
            "location_world": [
                1.7214789390563965,
                0.5967580676078796,
                0.4454227685928345
            ],
            "name": "google_Smith_Hawken_Woven_BasketTray_Organizer_with_3_Compartments_95_x_9_x_13_2",
            "projected_cuboid": [
                [
                    139.02407884597778,
                    170.68323493003845
                ],
                [
                    89.72622454166412,
                    173.91997575759888
                ],
                [
                    13.038337230682373,
                    159.03043746948242
                ],
                [
                    60.57257950305939,
                    153.85526418685913
                ],
                [
                    148.88206124305725,
                    53.37540805339813
                ],
                [
                    98.97290170192719,
                    66.40675663948059
                ],
                [
                    23.69309961795807,
                    39.502426981925964
                ],
                [
                    72.06813991069794,
                    22.09678292274475
                ],
                [
                    81.77638053894043,
                    105.568066239357
                ]
            ],
            "provenance": "visii",
            "quaternion_xyzw": [
                -0.6390244960784912,
                0.6855284571647644,
                -0.2637728452682495,
                0.22830313444137573
            ],
            "quaternion_xyzw_world": [
                0.2692900002002716,
                0.6800113320350647,
                -0.22278602421283722,
                0.6445416212081909
            ],
            "segmentation_id": 3,
            "visibility": 1
        },
        {
            "bounding_box_minx_maxx_miny_maxy": [
                -1,
                -1,
                -1,
                -1
            ],
            "class": "Paul",
            "local_cuboid": null,
            "local_to_world_matrix": [
                [
                    0.24982917308807373,
                    -0.08882912993431091,
                    0.964206874370575,
                    0.0
                ],
                [
                    -0.9044195413589478,
                    -0.3770749568939209,
                    0.19959944486618042,
                    0.0
                ],
                [
                    0.3458479046821594,
                    -0.921913206577301,
                    -0.17454314231872559,
                    0.0
                ],
                [
                    0.32253777980804443,
                    -0.29953548312187195,
                    -0.13133643567562103,
                    1.0
                ]
            ],
            "location": [
                0.29953548312187195,
                -0.13133643567562103,
                -0.32253777980804443
            ],
            "location_world": [
                0.32253777980804443,
                -0.29953548312187195,
                -0.13133643567562103
            ],
            "name": "google_Paul_Frank_Dot_Lunch_Box_3",
            "projected_cuboid": [
                [
                    878.7379264831543,
                    318.67697834968567
                ],
                [
                    1100.7990837097168,
                    302.40195989608765
                ],
                [
                    902.4651050567627,
                    236.4187091588974
                ],
                [
                    684.2101812362671,
                    271.8525528907776
                ],
                [
                    943.8213109970093,
                    695.5422163009644
                ],
                [
                    1231.1663627624512,
                    790.4696464538574
                ],
                [
                    1022.0785140991211,
                    869.0372705459595
                ],
                [
                    726.9041538238525,
                    728.9527654647827
                ],
                [
                    926.3367056846619,
                    501.43396854400635
                ]
            ],
            "provenance": "visii",
            "quaternion_xyzw": [
                0.5556702613830566,
                0.603452205657959,
                0.3023754358291626,
                0.4854329824447632
            ],
            "quaternion_xyzw_world": [
                0.6710900068283081,
                -0.37001320719718933,
                0.48803243041038513,
                0.41779518127441406
            ],
            "segmentation_id": 4,
            "visibility": 0
        },
        {
            "bounding_box_minx_maxx_miny_maxy": [
                119,
                191,
                256,
                333
            ],
            "class": "Toys",
            "local_cuboid": null,
            "local_to_world_matrix": [
                [
                    -0.6921346187591553,
                    0.7217218279838562,
                    0.008209258317947388,
                    0.0
                ],
                [
                    0.4640553593635559,
                    0.4536849856376648,
                    -0.7608039379119873,
                    0.0
                ],
                [
                    -0.5528131723403931,
                    -0.5227690935134888,
                    -0.6489299535751343,
                    0.0
                ],
                [
                    1.2408816814422607,
                    0.23380671441555023,
                    -0.037398505955934525,
                    1.0
                ]
            ],
            "location": [
                -0.23380671441555023,
                -0.037398505955934525,
                -1.2408816814422607
            ],
            "location_world": [
                1.2408816814422607,
                0.23380671441555023,
                -0.037398505955934525
            ],
            "name": "google_Toys_R_Us_Treat_Dispenser_Smart_Puzzle_Foobler_4",
            "projected_cuboid": [
                [
                    151.2710154056549,
                    294.0024137496948
                ],
                [
                    120.44209241867065,
                    353.32804918289185
                ],
                [
                    89.84091877937317,
                    297.02022671699524
                ],
                [
                    116.50121212005615,
                    238.57273161411285
                ],
                [
                    217.68853068351746,
                    290.6414568424225
                ],
                [
                    185.7016384601593,
                    345.0583219528198
                ],
                [
                    153.40201556682587,
                    293.8111126422882
                ],
                [
                    181.40056729316711,
                    240.1539385318756
                ],
                [
                    152.45360136032104,
                    293.8961982727051
                ]
            ],
            "provenance": "visii",
            "quaternion_xyzw": [
                -0.34866487979888916,
                0.3194153904914856,
                -0.871111273765564,
                -0.1325589269399643
            ],
            "quaternion_xyzw_world": [
                0.35465139150619507,
                0.8358752131462097,
                -0.383900910615921,
                -0.16779492795467377
            ],
            "segmentation_id": 5,
            "visibility": 1
        },
        {
            "bounding_box_minx_maxx_miny_maxy": [
                -1,
                -1,
                -1,
                -1
            ],
            "class": "Tag",
            "local_cuboid": null,
            "local_to_world_matrix": [
                [
                    0.8086867332458496,
                    0.351129949092865,
                    -0.4719465970993042,
                    0.0
                ],
                [
                    -0.24163776636123657,
                    -0.5331954956054688,
                    -0.8107488751411438,
                    0.0
                ],
                [
                    -0.5363180637359619,
                    0.769681990146637,
                    -0.3463418483734131,
                    0.0
                ],
                [
                    0.37909963726997375,
                    -0.21628960967063904,
                    -0.4430096745491028,
                    1.0
                ]
            ],
            "location": [
                0.21628960967063904,
                -0.4430096745491028,
                -0.37909963726997375
            ],
            "location_world": [
                0.37909963726997375,
                -0.21628960967063904,
                -0.4430096745491028
            ],
            "name": "google_Tag_Dishtowel_Basket_Weave_Red_18_x_26_5",
            "projected_cuboid": [
                [
                    378.57723236083984,
                    778.7245512008667
                ],
                [
                    583.5885405540466,
                    1137.2318267822266
                ],
                [
                    607.3048114776611,
                    1080.3664922714233
                ],
                [
                    407.5382947921753,
                    742.6611185073853
                ],
                [
                    547.1726059913635,
                    854.8970818519592
                ],
                [
                    895.6614136695862,
                    1417.5289869308472
                ],
                [
                    910.2843403816223,
                    1314.2588138580322
                ],
                [
                    578.6231756210327,
                    799.9188899993896
                ],
                [
                    581.3171863555908,
                    982.9238653182983
                ]
            ],
            "provenance": "visii",
            "quaternion_xyzw": [
                0.48044276237487793,
                0.031871095299720764,
                -0.8213094472885132,
                0.30595719814300537
            ],
            "quaternion_xyzw_world": [
                0.819790244102478,
                0.033390309661626816,
                -0.3074764013290405,
                -0.4819619655609131
            ],
            "segmentation_id": 6,
            "visibility": 0
        },
        {
            "bounding_box_minx_maxx_miny_maxy": [
                -1,
                -1,
                -1,
                -1
            ],
            "class": "FRACTION",
            "local_cuboid": null,
            "local_to_world_matrix": [
                [
                    -0.8107038736343384,
                    -0.5552259087562561,
                    0.185699000954628,
                    0.0
                ],
                [
                    0.5478177666664124,
                    -0.8313069343566895,
                    -0.09394273906946182,
                    0.0
                ],
                [
                    0.20653222501277924,
                    0.025569476187229156,
                    0.9781056642532349,
                    0.0
                ],
                [
                    1.6039482355117798,
                    0.6104276180267334,
                    0.14002104103565216,
                    1.0
                ]
            ],
            "location": [
                -0.6104276180267334,
                0.14002104103565216,
                -1.6039482355117798
            ],
            "location_world": [
                1.6039482355117798,
                0.6104276180267334,
                0.14002104103565216
            ],
            "name": "google_FRACTION_FUN_n4h4qte23QR_6",
            "projected_cuboid": [
                [
                    -9.827345609664917,
                    165.7685935497284
                ],
                [
                    66.60705804824829,
                    177.97327041625977
                ],
                [
                    65.98691642284393,
                    193.87340545654297
                ],
                [
                    -10.957568883895874,
                    182.70650506019592
                ],
                [
                    -23.18611741065979,
                    185.12709438800812
                ],
                [
                    47.791942954063416,
                    195.17765939235687
                ],
                [
                    47.12432622909546,
                    209.8601758480072
                ],
                [
                    -24.29187297821045,
                    200.6908506155014
                ],
                [
                    20.74277400970459,
                    189.43575024604797
                ]
            ],
            "provenance": "visii",
            "quaternion_xyzw": [
                0.6811205744743347,
                0.3732840120792389,
                0.28817740082740784,
                -0.5600783824920654
            ],
            "quaternion_xyzw_world": [
                0.10307441651821136,
                -0.01796780526638031,
                0.9513301849365234,
                -0.2898687720298767
            ],
            "segmentation_id": 7,
            "visibility": 0
        },
        {
            "bounding_box_minx_maxx_miny_maxy": [
                0,
                207,
                26,
                399
            ],
            "class": "FAIRY",
            "local_cuboid": null,
            "local_to_world_matrix": [
                [
                    -0.4601156711578369,
                    -0.8423454165458679,
                    -0.2806204855442047,
                    0.0
                ],
                [
                    -0.4930092692375183,
                    0.5052546262741089,
                    -0.7082793712615967,
                    0.0
                ],
                [
                    0.7384006977081299,
                    -0.18754196166992188,
                    -0.6477596759796143,
                    0.0
                ],
                [
                    0.41651371121406555,
                    0.20411540567874908,
                    0.09106188267469406,
                    1.0
                ]
            ],
            "location": [
                -0.20411540567874908,
                0.09106188267469406,
                -0.41651371121406555
            ],
            "location_world": [
                0.41651371121406555,
                0.20411540567874908,
                0.09106188267469406
            ],
            "name": "google_FAIRY_TALE_BLOCKS_7",
            "projected_cuboid": [
                [
                    259.84275341033936,
                    244.41532790660858
                ],
                [
                    86.40895783901215,
                    489.8795485496521
                ],
                [
                    -91.23629331588745,
                    327.53753662109375
                ],
                [
                    204.1766494512558,
                    36.787986755371094
                ],
                [
                    79.18176054954529,
                    185.666024684906
                ],
                [
                    -100.96025466918945,
                    368.8650131225586
                ],
                [
                    -304.64988946914673,
                    203.00571620464325
                ],
                [
                    -19.972175359725952,
                    4.007518291473389
                ],
                [
                    28.956502676010132,
                    227.47814655303955
                ]
            ],
            "provenance": "visii",
            "quaternion_xyzw": [
                -0.9067835807800293,
                0.21666556596755981,
                -0.1785590499639511,
                -0.31450968980789185
            ],
            "quaternion_xyzw_world": [
                -0.4130342900753021,
                0.8082589507102966,
                -0.2770836353302002,
                0.3151901960372925
            ],
            "segmentation_id": 8,
            "visibility": 1
        },
        {
            "bounding_box_minx_maxx_miny_maxy": [
                327,
                455,
                213,
                325
            ],
            "class": "Great",
            "local_cuboid": null,
            "local_to_world_matrix": [
                [
                    -0.6497336626052856,
                    0.062359511852264404,
                    -0.7575998306274414,
                    0.0
                ],
                [
                    0.5483459234237671,
                    -0.6517835855484009,
                    -0.5239226222038269,
                    0.0
                ],
                [
                    -0.5264626741409302,
                    -0.7558369040489197,
                    0.38929110765457153,
                    0.0
                ],
                [
                    1.0942676067352295,
                    -0.20743700861930847,
                    -0.03609542176127434,
                    1.0
                ]
            ],
            "location": [
                0.20743700861930847,
                -0.03609542176127434,
                -1.0942676067352295
            ],
            "location_world": [
                1.0942676067352295,
                -0.20743700861930847,
                -0.03609542176127434
            ],
            "name": "google_Great_Jones_Wingtip_kAqSg6EgG0I_8",
            "projected_cuboid": [
                [
                    374.455064535141,
                    218.3738350868225
                ],
                [
                    468.06132793426514,
                    314.40287828445435
                ],
                [
                    411.2759828567505,
                    334.39767360687256
                ],
                [
                    313.4433627128601,
                    247.7983683347702
                ],
                [
                    369.57329511642456,
                    169.0535992383957
                ],
                [
                    458.0497741699219,
                    266.37813448905945
                ],
                [
                    405.13288974761963,
                    287.54937648773193
                ],
                [
                    313.06180357933044,
                    199.26917552947998
                ],
                [
                    391.9791579246521,
                    257.8890323638916
                ]
            ],
            "provenance": "visii",
            "quaternion_xyzw": [
                0.48350298404693604,
                -0.05471333861351013,
                0.7267642021179199,
                -0.48481452465057373
            ],
            "quaternion_xyzw_world": [
                -0.39139455556869507,
                -0.390082985162735,
                0.8201841711997986,
                -0.14813332259655
            ],
            "segmentation_id": 9,
            "visibility": 1
        },
        {
            "bounding_box_minx_maxx_miny_maxy": [
                269,
                396,
                77,
                220
            ],
            "class": "Ecoforms",
            "local_cuboid": null,
            "local_to_world_matrix": [
                [
                    0.4331459403038025,
                    0.8939237594604492,
                    -0.11526009440422058,
                    0.0
                ],
                [
                    0.09795522689819336,
                    -0.17380869388580322,
                    -0.9798955917358398,
                    0.0
                ],
                [
                    -0.8959851264953613,
                    0.4131474792957306,
                    -0.16284894943237305,
                    0.0
                ],
                [
                    1.0493310689926147,
                    -0.19714172184467316,
                    0.17631566524505615,
                    1.0
                ]
            ],
            "location": [
                0.19714172184467316,
                0.17631566524505615,
                -1.0493310689926147
            ],
            "location_world": [
                1.0493310689926147,
                -0.19714172184467316,
                0.17631566524505615
            ],
            "name": "google_Ecoforms_Plant_Container_Quadra_Sand_QP6_9",
            "projected_cuboid": [
                [
                    266.87225699424744,
                    100.08129477500916
                ],
                [
                    287.5613570213318,
                    221.5317189693451
                ],
                [
                    320.6123113632202,
                    210.37988364696503
                ],
                [
                    303.3817410469055,
                    105.69813847541809
                ],
                [
                    389.65553045272827,
                    69.8811262845993
                ],
                [
                    409.67416763305664,
                    203.53855192661285
                ],
                [
                    427.2804260253906,
                    194.15336847305298
                ],
                [
                    410.61651706695557,
                    80.52732050418854
                ],
                [
                    350.66601634025574,
                    149.2224782705307
                ]
            ],
            "provenance": "visii",
            "quaternion_xyzw": [
                -0.21793724596500397,
                -0.06716223061084747,
                0.9707992076873779,
                -0.07444092631340027
            ],
            "quaternion_xyzw_world": [
                -0.6651698350906372,
                -0.3727916181087494,
                0.380070298910141,
                0.5235666632652283
            ],
            "segmentation_id": 10,
            "visibility": 1
        },
        {
            "bounding_box_minx_maxx_miny_maxy": [
                -1,
                -1,
                -1,
                -1
            ],
            "class": "ReadytoUse",
            "local_cuboid": null,
            "local_to_world_matrix": [
                [
                    0.4469849467277527,
                    0.8082641363143921,
                    0.38329291343688965,
                    0.0
                ],
                [
                    0.8484078645706177,
                    -0.51887047290802,
                    0.10477323085069656,
                    0.0
                ],
                [
                    0.28356385231018066,
                    0.2783567011356354,
                    -0.9176650047302246,
                    0.0
                ],
                [
                    0.4946568012237549,
                    0.12908439338207245,
                    -0.3987104594707489,
                    1.0
                ]
            ],
            "location": [
                -0.12908439338207245,
                -0.3987104594707489,
                -0.4946568012237549
            ],
            "location_world": [
                0.4946568012237549,
                0.12908439338207245,
                -0.3987104594707489
            ],
            "name": "google_ReadytoUse_Rolled_Fondant_Pure_White_24_oz_box_10",
            "projected_cuboid": [
                [
                    -11.534631252288818,
                    836.0670804977417
                ],
                [
                    32.98410773277283,
                    789.4344329833984
                ],
                [
                    66.07852876186371,
                    664.8170948028564
                ],
                [
                    20.06286382675171,
                    705.5332660675049
                ],
                [
                    79.76776361465454,
                    957.4906826019287
                ],
                [
                    121.70460820198059,
                    896.6853618621826
                ],
                [
                    167.17761754989624,
                    768.6911821365356
                ],
                [
                    124.99339878559113,
                    824.0626454353333
                ],
                [
                    72.60474562644958,
                    804.3459057807922
                ]
            ],
            "provenance": "visii",
            "quaternion_xyzw": [
                0.30435439944267273,
                0.7410467863082886,
                -0.5958034992218018,
                0.05688854306936264
            ],
            "quaternion_xyzw_world": [
                0.8490465879440308,
                0.4878036379814148,
                0.19635458290576935,
                -0.051111288368701935
            ],
            "segmentation_id": 11,
            "visibility": 0
        },
        {
            "bounding_box_minx_maxx_miny_maxy": [
                407,
                499,
                257,
                500
            ],
            "class": "Dog",
            "local_cuboid": null,
            "local_to_world_matrix": [
                [
                    -0.04445755481719971,
                    -0.28065234422683716,
                    0.9587792754173279,
                    0.0
                ],
                [
                    -0.5779767632484436,
                    -0.7755744457244873,
                    -0.2538251280784607,
                    0.0
                ],
                [
                    0.8148413300514221,
                    -0.565436601638794,
                    -0.1277303695678711,
                    0.0
                ],
                [
                    0.2715131342411041,
                    -0.16135066747665405,
                    -0.10692156851291656,
                    1.0
                ]
            ],
            "location": [
                0.16135066747665405,
                -0.10692156851291656,
                -0.2715131342411041
            ],
            "location_world": [
                0.2715131342411041,
                -0.16135066747665405,
                -0.10692156851291656
            ],
            "name": "google_Dog_11",
            "projected_cuboid": [
                [
                    544.8660254478455,
                    244.193896651268
                ],
                [
                    862.2034192085266,
                    318.6625838279724
                ],
                [
                    1010.199785232544,
                    298.8051474094391
                ],
                [
                    481.9221794605255,
                    193.20227205753326
                ],
                [
                    458.8872492313385,
                    516.942024230957
                ],
                [
                    743.6848878860474,
                    665.6609177589417
                ],
                [
                    798.3231544494629,
                    899.9696969985962
                ],
                [
                    355.6143045425415,
                    601.7182469367981
                ],
                [
                    624.8960494995117,
                    451.257586479187
                ]
            ],
            "provenance": "visii",
            "quaternion_xyzw": [
                0.766374409198761,
                0.5657658576965332,
                0.19895440340042114,
                0.23020964860916138
            ],
            "quaternion_xyzw_world": [
                0.6816977262496948,
                -0.31488630175590515,
                0.6504424810409546,
                0.11427774280309677
            ],
            "segmentation_id": 12,
            "visibility": 1
        },
        {
            "bounding_box_minx_maxx_miny_maxy": [
                228,
                260,
                339,
                371
            ],
            "class": "Black",
            "local_cuboid": null,
            "local_to_world_matrix": [
                [
                    -0.06466782093048096,
                    0.06830577552318573,
                    -0.9955663084983826,
                    0.0
                ],
                [
                    0.15151691436767578,
                    0.9867597818374634,
                    0.057859648019075394,
                    0.0
                ],
                [
                    0.9863370060920715,
                    -0.14710348844528198,
                    -0.07416105270385742,
                    0.0
                ],
                [
                    1.2810291051864624,
                    0.021253403276205063,
                    -0.22747188806533813,
                    1.0
                ]
            ],
            "location": [
                -0.021253403276205063,
                -0.22747188806533813,
                -1.2810291051864624
            ],
            "location_world": [
                1.2810291051864624,
                0.021253403276205063,
                -0.22747188806533813
            ],
            "name": "google_Black_Elderberry_Syrup_54_oz_Gaia_Herbs_12",
            "projected_cuboid": [
                [
                    261.6215944290161,
                    364.2348051071167
                ],
                [
                    236.88440024852753,
                    362.07178235054016
                ],
                [
                    225.38596391677856,
                    369.5075213909149
                ],
                [
                    252.81983613967896,
                    371.96558713912964
                ],
                [
                    263.2482945919037,
                    339.78867530822754
                ],
                [
                    238.56478929519653,
                    337.7842307090759
                ],
                [
                    227.2861748933792,
                    342.4984812736511
                ],
                [
                    254.65407967567444,
                    344.76029872894287
                ],
                [
                    245.2818900346756,
                    353.8908362388611
                ]
            ],
            "provenance": "visii",
            "quaternion_xyzw": [
                -0.6819405555725098,
                0.7267224788665771,
                -0.07763554900884628,
                0.02835872396826744
            ],
            "quaternion_xyzw_world": [
                0.0753881186246872,
                0.728969931602478,
                -0.030606145039200783,
                0.6796931028366089
            ],
            "segmentation_id": 13,
            "visibility": 1
        },
        {
            "bounding_box_minx_maxx_miny_maxy": [
                138,
                177,
                6,
                47
            ],
