{
    "camera_data": {
        "camera_look_at": {
            "at": [
                1.0,
                0.0,
                0.0
            ],
            "eye": [
                0.0,
                0.0,
                0.0
            ],
            "up": [
                0.0,
                0.0,
                1.0
            ]
        },
        "camera_view_matrix": [
            [
                0.0,
                0.0,
                -1.0,
                0.0
            ],
            [
                -1.0,
                0.0,
                0.0,
                0.0
            ],
            [
                0.0,
                1.0,
                0.0,
                0.0
            ],
            [
                0.0,
                0.0,
                0.0,
                1.0
            ]
        ],
        "height": 500,
        "intrinsics": {
            "cx": 250.0,
            "cy": 250.0,
            "fx": 603.5535278320312,
            "fy": 603.5535278320312
        },
        "location_world": [
            0.0,
            0.0,
            0.0
        ],
        "quaternion_world_xyzw": [
            0.5,
            -0.5,
            -0.5,
            0.5
        ],
        "width": 500
    },
    "objects": [
        {
            "bounding_box_minx_maxx_miny_maxy": [
                247,
                257,
                206,
                206
            ],
            "class": "Reebok",
            "local_cuboid": null,
            "local_to_world_matrix": [
                [
                    -0.32275569438934326,
                    -0.27588778734207153,
                    0.9053809642791748,
                    0.0
                ],
                [
                    -0.276605486869812,
                    0.9423079490661621,
                    0.1885341852903366,
                    0.0
                ],
                [
                    -0.90516197681427,
                    -0.18958286941051483,
                    -0.38044726848602295,
                    0.0
                ],
                [
                    1.5488733053207397,
                    0.0656447559595108,
                    0.187751904129982,
                    1.0
                ]
            ],
            "location": [
                -0.0656447559595108,
                0.187751904129982,
                -1.5488733053207397
            ],
            "location_world": [
                1.5488733053207397,
                0.0656447559595108,
                0.187751904129982
            ],
            "name": "google_Reebok_SOMERSET_RUN_0",
            "projected_cuboid": [
                [
                    295.22010684013367,
                    181.20378255844116
                ],
                [
                    177.7060031890869,
                    153.14285457134247
                ],
                [
                    173.88981580734253,
                    142.08441972732544
                ],
                [
                    283.7408185005188,
                    168.8382923603058
                ],
                [
                    281.61633014678955,
                    223.91749918460846
                ],
                [
                    166.33878648281097,
                    199.00771975517273
                ],
                [
                    163.39609026908875,
                    185.05613505840302
                ],
                [
                    271.28636837005615,
                    209.040105342865
                ],
                [
                    227.97419130802155,
                    183.1689178943634
                ]
            ],
            "provenance": "visii",
            "quaternion_xyzw": [
                0.21341954171657562,
                -0.04325629398226738,
                0.6001541614532471,
                0.7696726322174072
            ],
            "quaternion_xyzw_world": [
                0.16984087228775024,
                -0.8132513165473938,
                0.0003223772218916565,
                0.5565754771232605
            ],
            "segmentation_id": 1,
            "visibility": 1
        },
        {
            "bounding_box_minx_maxx_miny_maxy": [
                -1,
                -1,
                -1,
                -1
            ],
            "class": "Breyer",
            "local_cuboid": null,
            "local_to_world_matrix": [
                [
                    -0.6436880826950073,
                    -0.5962694883346558,
                    0.4797169268131256,
                    0.0
                ],
                [
                    0.406543493270874,
                    -0.7975058555603027,
                    -0.4457653760910034,
                    0.0
                ],
                [
                    0.6483733654022217,
                    -0.0919080525636673,
                    0.7557545900344849,
                    0.0
                ],
                [
                    0.5243507623672485,
                    0.08418259024620056,
                    -0.5661802291870117,
                    1.0
                ]
            ],
            "location": [
                -0.08418259024620056,
                -0.5661802291870117,
                -0.5243507623672485
            ],
            "location_world": [
                0.5243507623672485,
                0.08418259024620056,
                -0.5661802291870117
            ],
            "name": "google_Breyer_Horse_Of_The_Year_2015_1",
            "projected_cuboid": [
                [
                    229.6254187822342,
                    680.1364421844482
                ],
                [
                    279.83883023262024,
                    689.7944808006287
                ],
                [
                    267.8927481174469,
                    934.9310994148254
                ],
                [
                    205.70175349712372,
                    936.1657500267029
                ],
                [
                    113.10391128063202,
                    684.3909025192261
                ],
                [
                    156.65656328201294,
                    691.8886303901672
                ],
                [
                    127.62394547462463,
                    877.770721912384
                ],
                [
                    75.56469738483429,
                    876.4153718948364
                ],
                [
                    175.3939986228943,
                    785.2131724357605
                ]
            ],
            "provenance": "visii",
            "quaternion_xyzw": [
                0.8201231956481934,
                0.3893387019634247,
                0.22423343360424042,
                -0.3543059527873993
            ],
            "quaternion_xyzw_world": [
                0.31546124815940857,
                -0.1503559947013855,
                0.8940006494522095,
                -0.2804284989833832
            ],
            "segmentation_id": 2,
            "visibility": 0
        },
        {
            "bounding_box_minx_maxx_miny_maxy": [
                12,
                91,
                34,
                151
            ],
            "class": "Smith",
            "local_cuboid": null,
            "local_to_world_matrix": [
                [
                    0.02568662166595459,
                    0.02245613932609558,
                    -0.999417781829834,
                    0.0
                ],
                [
                    0.6409363746643066,
                    0.7668536901473999,
                    0.03370368480682373,
                    0.0
                ],
                [
                    0.7671639919281006,
                    -0.6414290070533752,
                    0.005304932594299316,
                    0.0
                ],
                [
                    1.7157611846923828,
                    0.6209463477134705,
                    0.4409789741039276,
                    1.0
                ]
            ],
            "location": [
                -0.6209463477134705,
                0.4409789741039276,
                -1.7157611846923828
            ],
            "location_world": [
                1.7157611846923828,
                0.6209463477134705,
                0.4409789741039276
            ],
            "name": "google_Smith_Hawken_Woven_BasketTray_Organizer_with_3_Compartments_95_x_9_x_13_2",
            "projected_cuboid": [
                [
                    134.6219778060913,
                    165.57416319847107
                ],
                [
                    84.75571870803833,
                    169.90438103675842
                ],
                [
                    8.1014484167099,
                    161.2165868282318
                ],
                [
                    56.52056634426117,
                    155.46496212482452
                ],
                [
                    136.7054283618927,
                    46.47231101989746
                ],
                [
                    86.43597364425659,
                    60.65651774406433
                ],
                [
                    9.578660130500793,
                    39.35791552066803
                ],
                [
                    58.42328071594238,
                    21.217167377471924
                ],
                [
                    72.96741008758545,
                    103.3412516117096
                ]
            ],
            "provenance": "visii",
            "quaternion_xyzw": [
                -0.6540268063545227,
                0.6751525402069092,
                -0.2353658825159073,
                0.2470240294933319
            ],
            "quaternion_xyzw_world": [
                0.25175783038139343,
                0.6587606072425842,
                -0.23063208162784576,
                0.6704187393188477
            ],
            "segmentation_id": 3,
            "visibility": 1
        },
        {
            "bounding_box_minx_maxx_miny_maxy": [
                -1,
                -1,
                -1,
                -1
            ],
            "class": "Paul",
            "local_cuboid": null,
            "local_to_world_matrix": [
                [
                    0.3099743127822876,
                    0.006599128246307373,
                    0.9507220983505249,
                    0.0
                ],
                [
                    -0.9499347805976868,
                    0.04342341423034668,
                    0.3094162046909332,
                    0.0
                ],
                [
                    -0.03924176096916199,
                    -0.9990350008010864,
                    0.019728899002075195,
                    0.0
                ],
                [
                    0.3180961608886719,
                    -0.3001726567745209,
                    -0.12905943393707275,
                    1.0
                ]
            ],
            "location": [
                0.3001726567745209,
                -0.12905943393707275,
                -0.3180961608886719
            ],
            "location_world": [
                0.3180961608886719,
                -0.3001726567745209,
                -0.12905943393707275
            ],
            "name": "google_Paul_Frank_Dot_Lunch_Box_3",
            "projected_cuboid": [
                [
                    1052.4075031280518,
                    273.3194828033447
                ],
                [
                    1318.3494806289673,
                    213.84698152542114
                ],
                [
                    832.1925401687622,
                    223.8929569721222
                ],
                [
                    693.6215162277222,
                    279.5356214046478
                ],
                [
                    1260.7264518737793,
                    752.2966265678406
                ],
                [
                    1725.1254320144653,
                    896.7007398605347
                ],
                [
                    1047.0491647720337,
                    882.8794956207275
                ],
                [
                    807.0299029350281,
                    746.7872500419617
                ],
                [
                    1050.4759550094604,
                    493.0473268032074
                ]
            ],
            "provenance": "visii",
            "quaternion_xyzw": [
                0.40147942304611206,
                0.5649720430374146,
                0.4290759861469269,
                0.5792363286018372
            ],
            "quaternion_xyzw_world": [
                0.5583059191703796,
                -0.4224098324775696,
                0.408145546913147,
                0.5859024524688721
            ],
            "segmentation_id": 4,
            "visibility": 0
        },
        {
            "bounding_box_minx_maxx_miny_maxy": [
                152,
                218,
                239,
                310
            ],
            "class": "Toys",
            "local_cuboid": null,
            "local_to_world_matrix": [
                [
                    -0.5850331783294678,
                    0.3517746925354004,
                    -0.7307466268539429,
                    0.0
                ],
                [
                    0.5755376219749451,
                    0.8149024248123169,
                    -0.06848686933517456,
                    0.0
                ],
                [
                    0.5713952779769897,
                    -0.4606392979621887,
                    -0.6792045831680298,
                    0.0
                ],
                [
                    1.2505500316619873,
                    0.16739903390407562,
                    -0.00039581640157848597,
                    1.0
                ]
            ],
            "location": [
                -0.16739903390407562,
                -0.00039581640157848597,
                -1.2505500316619873
            ],
            "location_world": [
                1.2505500316619873,
                0.16739903390407562,
                -0.00039581640157848597
            ],
            "name": "google_Toys_R_Us_Treat_Dispenser_Smart_Puzzle_Foobler_4",
            "projected_cuboid": [
                [
                    220.40298581123352,
                    325.32498240470886
                ],
                [
                    165.75825214385986,
                    325.0928819179535
                ],
                [
                    125.70363283157349,
                    280.01871705055237
                ],
                [
                    181.4194917678833,
                    276.82945132255554
                ],
                [
                    246.93290889263153,
                    269.2783772945404
                ],
                [
                    194.10665333271027,
                    272.53803610801697
                ],
                [
                    158.6124300956726,
                    227.0696759223938
                ],
                [
                    212.62770891189575,
                    220.3635275363922
                ],
                [
                    188.4167641401291,
                    274.4626998901367
                ]
            ],
            "provenance": "visii",
            "quaternion_xyzw": [
                -0.5674741268157959,
                0.6809337735176086,
                -0.46066969633102417,
                -0.045670315623283386
            ],
            "quaternion_xyzw_world": [
                0.26422950625419617,
                0.8773739337921143,
                -0.15076985955238342,
                0.3710339069366455
            ],
            "segmentation_id": 5,
            "visibility": 1
        },
        {
            "bounding_box_minx_maxx_miny_maxy": [
                -1,
                -1,
                -1,
                -1
            ],
            "class": "Tag",
            "local_cuboid": null,
            "local_to_world_matrix": [
                [
                    0.25820809602737427,
                    0.9655286073684692,
                    0.03291136026382446,
                    0.0
                ],
                [
                    0.5520901679992676,
                    -0.11951649188995361,
                    -0.82517409324646,
                    0.0
                ],
                [
                    -0.792795717716217,
                    0.23123669624328613,
                    -0.563918948173523,
                    0.0
                ],
                [
                    0.40996015071868896,
                    -0.25395750999450684,
                    -0.43294888734817505,
                    1.0
                ]
            ],
            "location": [
                0.25395750999450684,
                -0.43294888734817505,
                -0.40996015071868896
            ],
            "location_world": [
                0.40996015071868896,
                -0.25395750999450684,
                -0.43294888734817505
            ],
            "name": "google_Tag_Dishtowel_Basket_Weave_Red_18_x_26_5",
            "projected_cuboid": [
                [
                    516.0332918167114,
                    877.7639269828796
                ],
                [
                    478.8667559623718,
                    953.0789852142334
                ],
                [
                    475.9250283241272,
                    890.020489692688
                ],
                [
                    509.2679262161255,
                    798.2974648475647
                ],
                [
                    891.4169669151306,
                    982.6145172119141
                ],
                [
                    736.6498112678528,
                    1033.9689254760742
                ],
                [
                    717.6690101623535,
                    959.8276019096375
                ],
                [
                    851.671040058136,
                    883.379340171814
                ],
                [
                    631.1377286911011,
                    924.6101975440979
                ]
            ],
            "provenance": "visii",
            "quaternion_xyzw": [
                0.12927663326263428,
                0.29477056860923767,
                -0.9465065002441406,
                0.02287493646144867
            ],
            "quaternion_xyzw_world": [
                0.6967143416404724,
                0.5445627570152283,
                -0.2726671099662781,
                -0.3790688216686249
            ],
            "segmentation_id": 6,
            "visibility": 0
        },
        {
            "bounding_box_minx_maxx_miny_maxy": [
                0,
                5,
                205,
                210
            ],
            "class": "FRACTION",
            "local_cuboid": null,
            "local_to_world_matrix": [
                [
                    0.8617373704910278,
                    0.14775240421295166,
                    -0.48536375164985657,
                    0.0
                ],
                [
                    0.44085603952407837,
                    -0.6915448904037476,
                    0.5721991062164307,
                    0.0
                ],
                [
                    -0.25110694766044617,
                    -0.7070609331130981,
                    -0.6610676050186157,
                    0.0
                ],
                [
                    1.5901546478271484,
                    0.6600035429000854,
                    0.18297812342643738,
                    1.0
                ]
            ],
            "location": [
                -0.6600035429000854,
                0.18297812342643738,
                -1.5901546478271484
            ],
            "location_world": [
                1.5901546478271484,
                0.6600035429000854,
                0.18297812342643738
            ],
            "name": "google_FRACTION_FUN_n4h4qte23QR_6",
            "projected_cuboid": [
                [
                    -14.697045087814331,
                    228.50225865840912
                ],
                [
                    44.854536652565,
                    191.0509467124939
                ],
                [
                    35.23071110248566,
                    181.19755387306213
                ],
                [
                    -24.41185712814331,
                    217.88932383060455
                ],
                [
                    -31.34414553642273,
                    191.17899239063263
                ],
                [
                    34.923255443573,
                    152.08297967910767
                ],
                [
                    24.436086416244507,
                    141.54911041259766
                ],
                [
                    -41.93034768104553,
                    179.75692451000214
                ],
                [
                    4.52016294002533,
                    185.8019083738327
                ]
            ],
            "provenance": "visii",
            "quaternion_xyzw": [
                0.08506104350090027,
                0.6059795022010803,
                -0.45460429787635803,
                0.6472159028053284
            ],
            "quaternion_xyzw_world": [
                0.8964303731918335,
                0.16415342688560486,
                -0.2053898274898529,
                0.3567650318145752
            ],
            "segmentation_id": 7,
            "visibility": 1
        },
        {
            "bounding_box_minx_maxx_miny_maxy": [
                0,
                143,
                1,
                330
            ],
            "class": "FAIRY",
            "local_cuboid": null,
            "local_to_world_matrix": [
                [
                    0.04391002655029297,
                    -0.9073417782783508,
                    -0.4180946350097656,
                    0.0
                ],
                [
                    -0.2888844609260559,
                    0.3890879154205322,
                    -0.874732255935669,
                    0.0
                ],
                [
                    0.9563566446304321,
                    0.15919062495231628,
                    -0.24503207206726074,
                    0.0
                ],
                [
                    0.41586998105049133,
                    0.2364865243434906,
                    0.1140754222869873,
                    1.0
                ]
            ],
            "location": [
                -0.2364865243434906,
                0.1140754222869873,
                -0.41586998105049133
            ],
            "location_world": [
                0.41586998105049133,
                0.2364865243434906,
                0.1140754222869873
            ],
            "name": "google_FAIRY_TALE_BLOCKS_7",
            "projected_cuboid": [
                [
                    153.6669135093689,
                    139.46762681007385
                ],
                [
                    36.943018436431885,
                    359.88932847976685
                ],
                [
                    -25.772452354431152,
                    334.96323227882385
                ],
                [
                    155.5849015712738,
                    16.36885106563568
                ],
                [
                    -52.77875065803528,
                    43.252915143966675
                ],
                [
                    -198.665589094162,
                    255.1877498626709
                ],
                [
                    -398.28598499298096,
                    169.50872540473938
                ],
                [
                    -148.97394180297852,
                    -128.5770833492279
                ],
                [
                    -42.880892753601074,
                    150.1651406288147
                ]
            ],
            "provenance": "visii",
            "quaternion_xyzw": [
                -0.9667510986328125,
                0.20873591303825378,
                0.0525214821100235,
                -0.1380697786808014
            ],
            "quaternion_xyzw_world": [
                -0.4743032157421112,
                0.6305176615715027,
                -0.2837119698524475,
                0.544969379901886
            ],
            "segmentation_id": 8,
            "visibility": 1
        },
        {
            "bounding_box_minx_maxx_miny_maxy": [
                396,
                469,
                240,
                309
            ],
            "class": "Great",
            "local_cuboid": null,
            "local_to_world_matrix": [
                [
                    0.2741473913192749,
                    0.8877576589584351,
                    -0.3697696030139923,
                    0.0
                ],
                [
                    0.11171415448188782,
                    0.3524996042251587,
                    0.9291200041770935,
                    0.0
                ],
                [
                    0.9551770687103271,
                    -0.2960243821144104,
                    -0.0025382041931152344,
                    0.0
                ],
                [
                    1.0447852611541748,
                    -0.2954569160938263,
                    0.010055627673864365,
                    1.0
                ]
            ],
            "location": [
                0.2954569160938263,
                0.010055627673864365,
                -1.0447852611541748
            ],
            "location_world": [
                1.0447852611541748,
                -0.2954569160938263,
                0.010055627673864365
            ],
            "name": "google_Great_Jones_Wingtip_kAqSg6EgG0I_8",
            "projected_cuboid": [
                [
                    425.5182147026062,
                    331.67916536331177
                ],
                [
                    364.3917143344879,
                    181.75718188285828
                ],
                [
                    357.06526041030884,
                    174.7143268585205
                ],
                [
                    424.3164658546448,
                    340.023398399353
                ],
                [
                    483.4781289100647,
                    311.7496073246002
                ],
                [
                    418.9901351928711,
                    158.47226977348328
                ],
                [
                    417.1159863471985,
                    148.80791306495667
                ],
                [
                    488.46185207366943,
                    318.20595264434814
                ],
                [
                    421.51641845703125,
                    244.58128213882446
                ]
            ],
            "provenance": "visii",
            "quaternion_xyzw": [
                -0.1859431117773056,
                0.9710888862609863,
                -0.029413476586341858,
                0.14678668975830078
            ],
            "quaternion_xyzw_world": [
                0.4806729853153229,
                0.5198293924331665,
                0.30447280406951904,
                0.6372026205062866
            ],
            "segmentation_id": 9,
            "visibility": 1
        },
        {
            "bounding_box_minx_maxx_miny_maxy": [
                370,
                493,
                36,
                154
            ],
            "class": "Ecoforms",
            "local_cuboid": null,
            "local_to_world_matrix": [
                [
                    -0.2476334571838379,
                    0.840333104133606,
                    -0.48220133781433105,
                    0.0
                ],
                [
                    0.2286868393421173,
                    -0.432942271232605,
                    -0.8719308376312256,
                    0.0
                ],
                [
                    -0.9414776563644409,
                    -0.3261922597885132,
                    -0.08496212959289551,
                    0.0
                ],
                [
                    1.0584033727645874,
                    -0.2117793709039688,
                    0.21213966608047485,
                    1.0
                ]
            ],
            "location": [
                0.2117793709039688,
                0.21213966608047485,
                -1.0584033727645874
            ],
            "location_world": [
                1.0584033727645874,
                -0.2117793709039688,
                0.21213966608047485
            ],
            "name": "google_Ecoforms_Plant_Container_Quadra_Sand_QP6_9",
            "projected_cuboid": [
                [
                    352.9012203216553,
                    84.11085605621338
                ],
                [
                    403.24607491493225,
                    203.5711258649826
                ],
                [
                    348.834365606308,
                    202.36417651176453
                ],
                [
                    304.0385842323303,
                    101.56011581420898
                ],
                [
                    454.6012878417969,
                    31.33903443813324
                ],
                [
                    497.75636196136475,
                    147.2688466310501
                ],
                [
                    432.0828318595886,
                    154.20672297477722
                ],
                [
                    392.6924467086792,
                    55.909350514411926
                ],
                [
                    397.5318670272827,
                    123.62031638622284
                ]
            ],
            "provenance": "visii",
            "quaternion_xyzw": [
                0.15010012686252594,
                -0.08204364776611328,
                0.9557381272315979,
                -0.2393813580274582
            ],
            "quaternion_xyzw_world": [
                -0.5635315179824829,
                -0.47425028681755066,
                0.6315879821777344,
                0.24210649728775024
            ],
            "segmentation_id": 10,
            "visibility": 1
        },
        {
            "bounding_box_minx_maxx_miny_maxy": [
                -1,
                -1,
                -1,
                -1
            ],
            "class": "ReadytoUse",
            "local_cuboid": null,
            "local_to_world_matrix": [
                [
                    0.3332864046096802,
                    0.5958688259124756,
                    0.7306576371192932,
                    0.0
                ],
                [
                    0.6672768592834473,
                    -0.6965687274932861,
                    0.26369285583496094,
                    0.0
                ],
                [
                    0.6660794615745544,
                    0.3996656537055969,
                    -0.6297663450241089,
                    0.0
                ],
                [
                    0.5246153473854065,
                    0.11831795424222946,
                    -0.35871705412864685,
                    1.0
                ]
            ],
            "location": [
                -0.11831795424222946,
                -0.35871705412864685,
                -0.5246153473854065
            ],
            "location_world": [
                0.5246153473854065,
                0.11831795424222946,
                -0.35871705412864685
            ],
            "name": "google_ReadytoUse_Rolled_Fondant_Pure_White_24_oz_box_10",
            "projected_cuboid": [
                [
                    24.912521243095398,
                    652.3253917694092
                ],
                [
                    66.5295422077179,
                    621.1376190185547
                ],
                [
                    102.29703783988953,
                    581.1997652053833
                ],
                [
                    54.05113101005554,
                    616.5404319763184
                ],
                [
                    82.61309564113617,
                    768.9104676246643
                ],
                [
                    123.9083856344223,
                    729.6873331069946
                ],
                [
                    174.8424768447876,
                    710.0604176521301
                ],
                [
                    127.46042013168335,
                    756.9968104362488
                ],
                [
                    92.12449193000793,
                    678.2073378562927
                ]
            ],
            "provenance": "visii",
            "quaternion_xyzw": [
                0.4490317106246948,
                0.794613242149353,
                -0.40807366371154785,
                -0.020884111523628235
            ],
            "quaternion_xyzw_world": [
                0.8154172897338867,
                0.3872697055339813,
                0.4282277226448059,
                -0.04168809950351715
            ],
            "segmentation_id": 11,
            "visibility": 0
        },
        {
            "bounding_box_minx_maxx_miny_maxy": [
                335,
                499,
                306,
                500
            ],
            "class": "Dog",
            "local_cuboid": null,
            "local_to_world_matrix": [
                [
                    0.8806807994842529,
                    -0.47182831168174744,
                    0.04218285530805588,
                    0.0
                ],
                [
                    -0.47363778948783875,
                    -0.8754910230636597,
                    0.09582594037055969,
                    0.0
                ],
                [
                    -0.008282678201794624,
                    -0.10437145829200745,
                    -0.9945038557052612,
                    0.0
                ],
                [
                    0.3037763833999634,
                    -0.15353184938430786,
                    -0.035614967346191406,
                    1.0
                ]
            ],
            "location": [
                0.15353184938430786,
                -0.035614967346191406,
                -0.3037763833999634
            ],
            "location_world": [
                0.3037763833999634,
                -0.15353184938430786,
                -0.035614967346191406
            ],
            "name": "google_Dog_11",
            "projected_cuboid": [
                [
                    450.0405788421631,
                    568.6320066452026
                ],
                [
                    770.3961730003357,
                    616.4834499359131
                ],
                [
                    733.5238456726074,
                    285.98272800445557
                ],
                [
                    421.5320348739624,
                    302.78605222702026
                ],
                [
                    347.5883901119232,
                    857.3734164237976
                ],
                [
                    1025.583028793335,
                    1128.5569667816162
                ],
                [
                    938.8095736503601,
                    369.1540062427521
                ],
                [
                    296.23547196388245,
                    370.2067732810974
                ],
                [
                    577.8436660766602,
                    516.4726972579956
                ]
            ],
            "provenance": "visii",
            "quaternion_xyzw": [
                0.5847477316856384,
                0.39233753085136414,
                -0.3318992257118225,
                0.6276816129684448
            ],
            "quaternion_xyzw_world": [
                0.9683330655097961,
                -0.2440963089466095,
                0.008752199821174145,
                0.05168608948588371
            ],
            "segmentation_id": 12,
            "visibility": 1
        },
        {
            "bounding_box_minx_maxx_miny_maxy": [
                300,
                343,
                405,
                463
            ],
            "class": "Black",
            "local_cuboid": null,
            "local_to_world_matrix": [
                [
                    0.7098101377487183,
                    -0.1256585568189621,
                    0.6930941343307495,
                    0.0
                ],
                [
                    -0.3180878758430481,
                    -0.9351009130477905,
                    0.15622490644454956,
                    0.0
                ],
                [
                    0.6284819841384888,
                    -0.33135488629341125,
                    -0.7037146091461182,
                    0.0
                ],
                [
                    1.2006574869155884,
                    -0.12791000306606293,
                    -0.3271509110927582,
                    1.0
                ]
            ],
            "location": [
                0.12791000306606293,
                -0.3271509110927582,
                -1.2006574869155884
            ],
            "location_world": [
                1.2006574869155884,
                -0.12791000306606293,
                -0.3271509110927582
            ],
            "name": "google_Black_Elderberry_Syrup_54_oz_Gaia_Herbs_12",
            "projected_cuboid": [
                [
                    319.4005489349365,
                    439.1310513019562
                ],
                [
                    346.0010290145874,
                    437.58299946784973
                ],
                [
                    329.27441596984863,
                    400.83298087120056
                ],
                [
                    300.95770955085754,
                    403.0572175979614
                ],
                [
                    318.215012550354,
                    463.77578377723694
                ],
                [
                    345.6525206565857,
                    462.5449776649475
                ],
                [
                    328.3195197582245,
                    426.46631598472595
                ],
                [
                    299.0527153015137,
                    428.36135625839233
                ],
                [
                    323.5906660556793,
                    433.18113684654236
                ]
            ],
            "provenance": "visii",
            "quaternion_xyzw": [
                0.6320434212684631,
                0.6440202593803406,
                -0.14969512820243835,
                0.4041662812232971
            ],
            "quaternion_xyzw_world": [
                0.9149625301361084,
                -0.12124716490507126,
                0.3611011505126953,
                0.1332239806652069
            ],
            "segmentation_id": 13,
            "visibility": 1
        },
        {
            "bounding_box_minx_maxx_miny_maxy": [
                117,
                188,
                1,
                98
            ],
            "class": "Razer",
