{
    "camera_data": {
        "camera_look_at": {
            "at": [
                1.0,
                0.0,
                0.0
            ],
            "eye": [
                0.0,
                0.0,
                0.0
            ],
            "up": [
                0.0,
                0.0,
                1.0
            ]
        },
        "camera_view_matrix": [
            [
                0.0,
                0.0,
                -1.0,
                0.0
            ],
            [
                -1.0,
                0.0,
                0.0,
                0.0
            ],
            [
                0.0,
                1.0,
                0.0,
                0.0
            ],
            [
                0.0,
                0.0,
                0.0,
                1.0
            ]
        ],
        "height": 500,
        "intrinsics": {
            "cx": 250.0,
            "cy": 250.0,
            "fx": 603.5535278320312,
            "fy": 603.5535278320312
        },
        "location_world": [
            0.0,
            0.0,
            0.0
        ],
        "quaternion_world_xyzw": [
            0.5,
            -0.5,
            -0.5,
            0.5
        ],
        "width": 500
    },
    "objects": [
        {
            "bounding_box_minx_maxx_miny_maxy": [
                203,
                249,
                142,
                218
            ],
            "class": "Reebok",
            "local_cuboid": null,
            "local_to_world_matrix": [
                [
                    -0.2928776741027832,
                    0.8598524332046509,
                    0.41818246245384216,
                    0.0
                ],
                [
                    0.019632548093795776,
                    -0.4318605661392212,
                    0.9017267227172852,
                    0.0
                ],
                [
                    0.9559483528137207,
                    0.27230551838874817,
                    0.10960119962692261,
                    0.0
                ],
                [
                    1.8857011795043945,
                    0.05471576377749443,
                    0.20087973773479462,
                    1.0
                ]
            ],
            "location": [
                -0.05471576377749443,
                0.20087973773479462,
                -1.8857011795043945
            ],
            "location_world": [
                1.8857011795043945,
                0.05471576377749443,
                0.20087973773479462
            ],
            "name": "google_Reebok_SOMERSET_RUN_0",
            "projected_cuboid": [
                [
                    189.54481184482574,
                    217.88467466831207
                ],
                [
                    228.18781435489655,
                    137.65671849250793
                ],
                [
                    237.087681889534,
                    135.09874045848846
                ],
                [
                    196.17396593093872,
                    220.09004652500153
                ],
                [
                    219.67588365077972,
                    232.58331418037415
                ],
                [
                    257.599413394928,
                    153.62891554832458
                ],
                [
                    268.05832982063293,
                    152.0458608865738
                ],
                [
                    227.95037925243378,
                    235.60920357704163
                ],
                [
                    228.0716747045517,
                    185.57734787464142
                ]
            ],
            "provenance": "visii",
            "quaternion_xyzw": [
                0.22043664753437042,
                0.9640445709228516,
                0.023331046104431152,
                -0.14656563103199005
            ],
            "quaternion_xyzw_world": [
                0.5072922706604004,
                0.43342122435569763,
                0.6771889328956604,
                0.3101866543292999
            ],
            "segmentation_id": 1,
            "visibility": 1
        },
        {
            "bounding_box_minx_maxx_miny_maxy": [
                -1,
                -1,
                -1,
                -1
            ],
            "class": "Breyer",
            "local_cuboid": null,
            "local_to_world_matrix": [
                [
                    -0.16245830059051514,
                    -0.9834886789321899,
                    -0.0797332227230072,
                    0.0
                ],
                [
                    -0.3810518980026245,
                    0.13707125186920166,
                    -0.9143363237380981,
                    0.0
                ],
                [
                    0.9101685285568237,
                    -0.11815902590751648,
                    -0.3970285654067993,
                    0.0
                ],
                [
                    0.468756765127182,
                    -0.02106066606938839,
                    -0.5291928648948669,
                    1.0
                ]
            ],
            "location": [
                0.02106066606938839,
                -0.5291928648948669,
                -0.468756765127182
            ],
            "location_world": [
                0.468756765127182,
                -0.02106066606938839,
                -0.5291928648948669
            ],
            "name": "google_Breyer_Horse_Of_The_Year_2015_1",
            "projected_cuboid": [
                [
                    409.0108275413513,
                    834.4303965568542
                ],
                [
                    406.79237246513367,
                    912.0473265647888
                ],
                [
                    431.85824155807495,
                    1039.4783020019531
                ],
                [
                    433.54928493499756,
                    932.1349263191223
                ],
                [
                    183.62939357757568,
                    782.3735475540161
                ],
                [
                    173.46754670143127,
                    853.3719182014465
                ],
                [
                    127.89422273635864,
                    953.4398913383484
                ],
                [
                    142.93408393859863,
                    858.0407500267029
                ],
                [
                    284.69908237457275,
                    887.0572447776794
                ]
            ],
            "provenance": "visii",
            "quaternion_xyzw": [
                -0.9757040739059448,
                0.05555073916912079,
                -0.07190123200416565,
                -0.1993638426065445
            ],
            "quaternion_xyzw_world": [
                -0.523807942867279,
                0.6512599587440491,
                -0.3963453471660614,
                0.37999486923217773
            ],
            "segmentation_id": 2,
            "visibility": 0
        },
        {
            "bounding_box_minx_maxx_miny_maxy": [
                58,
                138,
                28,
                157
            ],
            "class": "Smith",
            "local_cuboid": null,
            "local_to_world_matrix": [
                [
                    -0.29020845890045166,
                    -0.035137563943862915,
                    -0.9563180804252625,
                    0.0
                ],
                [
                    0.8391075134277344,
                    0.47110748291015625,
                    -0.2719489336013794,
                    0.0
                ],
                [
                    0.4600842595100403,
                    -0.8813756704330444,
                    -0.10723519325256348,
                    0.0
                ],
                [
                    1.7181872129440308,
                    0.5197150111198425,
                    0.47490936517715454,
                    1.0
                ]
            ],
            "location": [
                -0.5197150111198425,
                0.47490936517715454,
                -1.7181872129440308
            ],
            "location_world": [
                1.7181872129440308,
                0.5197150111198425,
                0.47490936517715454
            ],
            "name": "google_Smith_Hawken_Woven_BasketTray_Organizer_with_3_Compartments_95_x_9_x_13_2",
            "projected_cuboid": [
                [
                    172.80477285385132,
                    138.90056312084198
                ],
                [
                    142.98748970031738,
                    173.85070025920868
                ],
                [
                    54.855525493621826,
                    158.72351825237274
                ],
                [
                    74.80686902999878,
                    118.89642477035522
                ],
                [
                    173.04639518260956,
                    28.739333152770996
                ],
                [
                    144.76339519023895,
                    73.75679910182953
                ],
                [
                    61.66423857212067,
                    52.87963151931763
                ],
                [
                    81.24357461929321,
                    1.7951875925064087
                ],
                [
                    114.15524780750275,
                    93.50675344467163
                ]
            ],
            "provenance": "visii",
            "quaternion_xyzw": [
                -0.6646748781204224,
                0.5368887186050415,
                -0.44066059589385986,
                0.2752745747566223
            ],
            "quaternion_xyzw_world": [
                0.29407447576522827,
                0.6834747791290283,
                -0.4218606948852539,
                0.5180887579917908
            ],
            "segmentation_id": 3,
            "visibility": 1
        },
        {
            "bounding_box_minx_maxx_miny_maxy": [
                -1,
                -1,
                -1,
                -1
            ],
            "class": "Paul",
            "local_cuboid": null,
            "local_to_world_matrix": [
                [
                    0.30770742893218994,
                    -0.4503318667411804,
                    0.8381630778312683,
                    0.0
                ],
                [
                    -0.6714023947715759,
                    -0.7269498109817505,
                    -0.14409269392490387,
                    0.0
                ],
                [
                    0.6741920113563538,
                    -0.518406331539154,
                    -0.5260417461395264,
                    0.0
                ],
                [
                    0.3327191174030304,
                    -0.29921120405197144,
                    -0.13029590249061584,
                    1.0
                ]
            ],
            "location": [
                0.29921120405197144,
                -0.13029590249061584,
                -0.3327191174030304
            ],
            "location_world": [
                0.3327191174030304,
                -0.29921120405197144,
                -0.13029590249061584
            ],
            "name": "google_Paul_Frank_Dot_Lunch_Box_3",
            "projected_cuboid": [
                [
                    718.9503908157349,
                    392.63206720352173
                ],
                [
                    883.7393522262573,
                    432.5892925262451
                ],
                [
                    962.4632000923157,
                    298.79000782966614
                ],
                [
                    720.8068370819092,
                    267.2424018383026
                ],
                [
                    649.6931910514832,
                    691.2614107131958
                ],
                [
                    834.6982002258301,
                    791.5286421775818
                ],
                [
                    908.3817601203918,
                    834.6623778343201
                ],
                [
                    619.0285086631775,
                    677.1358251571655
                ],
                [
                    777.954638004303,
                    530.3158760070801
                ]
            ],
            "provenance": "visii",
            "quaternion_xyzw": [
                0.7530964016914368,
                0.5195592641830444,
                0.06994423270225525,
                0.3975069522857666
            ],
            "quaternion_xyzw_world": [
                0.8001092076301575,
                -0.3504941165447235,
                0.47254645824432373,
                0.11695703864097595
            ],
            "segmentation_id": 4,
            "visibility": 0
        },
        {
            "bounding_box_minx_maxx_miny_maxy": [
                -1,
                -1,
                -1,
                -1
            ],
            "class": "Toys",
            "local_cuboid": null,
            "local_to_world_matrix": [
                [
                    -0.6632758378982544,
                    0.7059891819953918,
                    0.24828310310840607,
                    0.0
                ],
                [
                    -0.5328113436698914,
                    -0.21250760555267334,
                    -0.81911700963974,
                    0.0
                ],
                [
                    -0.525525689125061,
                    -0.6755885481834412,
                    0.5171101093292236,
                    0.0
                ],
                [
                    1.1153936386108398,
                    0.5420609712600708,
                    -0.09749127179384232,
                    1.0
                ]
            ],
            "location": [
                -0.5420609712600708,
                -0.09749127179384232,
                -1.1153936386108398
            ],
            "location_world": [
                1.1153936386108398,
                0.5420609712600708,
                -0.09749127179384232
            ],
            "name": "google_Toys_R_Us_Treat_Dispenser_Smart_Puzzle_Foobler_4",
            "projected_cuboid": [
                [
                    -50.08572340011597,
                    212.25473284721375
                ],
                [
                    -55.25079369544983,
                    289.70226645469666
                ],
                [
                    -92.34893321990967,
                    333.3854079246521
                ],
                [
                    -84.8081111907959,
                    258.3482563495636
                ],
                [
                    35.73054075241089,
                    236.26239597797394
                ],
                [
                    37.806153297424316,
                    307.98864364624023
                ],
                [
                    -2.5765597820281982,
                    346.3795781135559
                ],
                [
                    -1.7717480659484863,
                    276.83618664741516
                ],
                [
                    -25.212377309799194,
                    282.4755907058716
                ]
            ],
            "provenance": "visii",
            "quaternion_xyzw": [
                0.3832760453224182,
                0.30056053400039673,
                0.8733029365539551,
                0.010241478681564331
            ],
            "quaternion_xyzw_world": [
                -0.0896124318242073,
                -0.48312994837760925,
                0.7734490036964417,
                0.4004144072532654
            ],
            "segmentation_id": 5,
            "visibility": 0
        },
        {
            "bounding_box_minx_maxx_miny_maxy": [
                -1,
                -1,
                -1,
                -1
            ],
            "class": "Tag",
            "local_cuboid": null,
            "local_to_world_matrix": [
                [
                    0.2021862268447876,
                    -0.7711330652236938,
                    -0.6037172079086304,
                    0.0
                ],
                [
                    -0.9379905462265015,
                    -0.3297257423400879,
                    0.10702641308307648,
                    0.0
                ],
                [
                    -0.2815927267074585,
                    0.5446417927742004,
                    -0.789981484413147,
                    0.0
                ],
                [
                    0.3461545407772064,
                    -0.14882004261016846,
                    -0.4188389480113983,
                    1.0
                ]
            ],
            "location": [
                0.14882004261016846,
                -0.4188389480113983,
                -0.3461545407772064
            ],
            "location_world": [
                0.3461545407772064,
                -0.14882004261016846,
                -0.4188389480113983
            ],
            "name": "google_Tag_Dishtowel_Basket_Weave_Red_18_x_26_5",
            "projected_cuboid": [
                [
                    454.6920657157898,
                    915.1797294616699
                ],
                [
                    827.5483250617981,
                    1448.552131652832
                ],
                [
                    850.3234386444092,
                    1336.8889093399048
                ],
                [
                    474.6783375740051,
                    866.2164211273193
                ],
                [
                    285.93605756759644,
                    823.6905336380005
                ],
                [
                    544.299840927124,
                    1349.4004011154175
                ],
                [
                    583.3027362823486,
                    1224.6441841125488
                ],
                [
                    311.2737536430359,
                    772.9244232177734
                ],
                [
                    496.0845708847046,
                    1014.7789716720581
                ]
            ],
            "provenance": "visii",
            "quaternion_xyzw": [
                0.5879017114639282,
                -0.11651243269443512,
                -0.3175819516181946,
                0.7348047494888306
            ],
            "quaternion_xyzw_world": [
                0.7618880271911621,
                -0.5608184933662415,
                -0.2904987037181854,
                -0.14359569549560547
            ],
            "segmentation_id": 6,
            "visibility": 0
        },
        {
            "bounding_box_minx_maxx_miny_maxy": [
                -1,
                -1,
                -1,
                -1
            ],
            "class": "FRACTION",
            "local_cuboid": null,
            "local_to_world_matrix": [
                [
                    0.612127959728241,
                    0.2557421326637268,
                    -0.7482615113258362,
                    0.0
                ],
                [
                    0.7359064221382141,
                    0.1620478630065918,
                    0.65740567445755,
                    0.0
                ],
                [
                    0.2893804907798767,
                    -0.953066885471344,
                    -0.08900833129882812,
                    0.0
                ],
                [
                    1.2488796710968018,
                    0.6936572790145874,
                    -0.010696286335587502,
                    1.0
                ]
            ],
            "location": [
                -0.6936572790145874,
                -0.010696286335587502,
                -1.2488796710968018
            ],
            "location_world": [
                1.2488796710968018,
                0.6936572790145874,
                -0.010696286335587502
            ],
            "name": "google_FRACTION_FUN_n4h4qte23QR_6",
            "projected_cuboid": [
                [
                    -69.33212280273438,
                    318.93253326416016
                ],
                [
                    -50.592631101608276,
                    257.80704617500305
                ],
                [
                    -71.72611355781555,
                    256.16466999053955
                ],
                [
                    -93.04419159889221,
                    317.7329897880554
                ],
                [
                    -75.6601095199585,
                    255.92315196990967
                ],
                [
                    -54.65814471244812,
                    196.53192162513733
                ],
                [
                    -77.62417197227478,
                    194.13645565509796
                ],
                [
                    -101.70239210128784,
                    253.90005111694336
                ],
                [
                    -73.50999116897583,
                    256.05517625808716
                ]
            ],
            "provenance": "visii",
            "quaternion_xyzw": [
                -0.30668905377388,
                0.7420458793640137,
                -0.2779190242290497,
                0.5273241996765137
            ],
            "quaternion_xyzw_world": [
                0.6202999949455261,
                0.39966490864753723,
                -0.18494316935539246,
                0.6490700244903564
            ],
            "segmentation_id": 7,
            "visibility": 0
        },
        {
            "bounding_box_minx_maxx_miny_maxy": [
                0,
                328,
                62,
                470
            ],
            "class": "FAIRY",
            "local_cuboid": null,
            "local_to_world_matrix": [
                [
                    -0.8041558265686035,
                    -0.5865352153778076,
                    0.09648707509040833,
                    0.0
                ],
                [
                    -0.5614912509918213,
                    0.6962614059448242,
                    -0.4471549391746521,
                    0.0
                ],
                [
                    0.1950918734073639,
                    -0.41375893354415894,
                    -0.8892371654510498,
                    0.0
                ],
                [
                    0.42969179153442383,
                    0.12195289880037308,
                    0.06495033204555511,
                    1.0
                ]
            ],
            "location": [
                -0.12195289880037308,
                0.06495033204555511,
                -0.42969179153442383
            ],
            "location_world": [
                0.42969179153442383,
                0.12195289880037308,
                0.06495033204555511
            ],
            "name": "google_FAIRY_TALE_BLOCKS_7",
            "projected_cuboid": [
                [
                    433.02401900291443,
                    333.8472247123718
                ],
                [
                    151.27554535865784,
                    615.1491403579712
                ],
                [
                    -83.96121859550476,
                    208.08562636375427
                ],
                [
                    314.8142099380493,
                    46.44398391246796
                ],
                [
                    241.04847013950348,
                    330.3266167640686
                ],
                [
                    14.640644192695618,
                    498.0250597000122
                ],
                [
                    -130.5493712425232,
                    258.2135796546936
                ],
                [
                    148.0235606431961,
                    137.58604228496552
                ],
                [
                    149.10051226615906,
                    295.7436442375183
                ]
            ],
            "provenance": "visii",
            "quaternion_xyzw": [
                -0.7464553117752075,
                0.2008741796016693,
                -0.4078994393348694,
                -0.4858724772930145
            ],
            "quaternion_xyzw_world": [
                -0.3117770850658417,
                0.9205507040023804,
                -0.23380403220653534,
                0.026778751984238625
            ],
            "segmentation_id": 8,
            "visibility": 1
        },
        {
            "bounding_box_minx_maxx_miny_maxy": [
                255,
                303,
                351,
                435
            ],
            "class": "Great",
            "local_cuboid": null,
            "local_to_world_matrix": [
                [
                    -0.8798789978027344,
                    -0.27411043643951416,
                    -0.38817059993743896,
                    0.0
                ],
                [
                    -0.32054609060287476,
                    -0.26066291332244873,
                    0.9106619358062744,
                    0.0
                ],
                [
                    -0.35080355405807495,
                    0.9256988763809204,
                    0.14148670434951782,
                    0.0
                ],
                [
                    1.235698938369751,
                    -0.10647808015346527,
                    -0.27316009998321533,
                    1.0
                ]
            ],
            "location": [
                0.10647808015346527,
                -0.27316009998321533,
                -1.235698938369751
            ],
            "location_world": [
                1.235698938369751,
                -0.10647808015346527,
                -0.27316009998321533
            ],
            "name": "google_Great_Jones_Wingtip_kAqSg6EgG0I_8",
            "projected_cuboid": [
                [
                    237.7793937921524,
                    462.1778428554535
                ],
                [
                    281.4163863658905,
                    325.1795172691345
                ],
                [
                    336.21346950531006,
                    331.0847282409668
                ],
                [
                    289.5530164241791,
                    463.18596601486206
                ],
                [
                    224.48959946632385,
                    426.01048946380615
                ],
                [
                    263.43923807144165,
                    297.20771312713623
                ],
                [
                    314.47333097457886,
                    303.54875326156616
                ],
                [
                    272.8637754917145,
                    428.02584171295166
                ],
                [
                    276.72189474105835,
                    381.6315531730652
                ]
            ],
            "provenance": "visii",
            "quaternion_xyzw": [
                -0.05622491240501404,
                0.5669541358947754,
                0.2037346512079239,
                -0.7961745858192444
            ],
            "quaternion_xyzw_world": [
                -0.24459001421928406,
                0.6078094840049744,
                0.7553192377090454,
                0.015369552187621593
            ],
            "segmentation_id": 9,
            "visibility": 1
        },
        {
            "bounding_box_minx_maxx_miny_maxy": [
                278,
                424,
                126,
                271
            ],
            "class": "Ecoforms",
            "local_cuboid": null,
            "local_to_world_matrix": [
                [
                    -0.6918497085571289,
                    0.3014289140701294,
                    0.6561135053634644,
                    0.0
                ],
                [
                    0.2730270028114319,
                    0.9504368901252747,
                    -0.1487480252981186,
                    0.0
                ],
                [
                    -0.6684314012527466,
                    0.07622542977333069,
                    -0.7398576736450195,
                    0.0
                ],
                [
                    0.9755370020866394,
                    -0.1665562093257904,
                    0.14156517386436462,
                    1.0
                ]
            ],
            "location": [
                0.1665562093257904,
                0.14156517386436462,
                -0.9755370020866394
            ],
            "location_world": [
                0.9755370020866394,
                -0.1665562093257904,
                0.14156517386436462
            ],
            "name": "google_Ecoforms_Plant_Container_Quadra_Sand_QP6_9",
            "projected_cuboid": [
                [
                    418.58091950416565,
                    176.87848210334778
                ],
                [
                    275.4380702972412,
                    202.22875475883484
                ],
                [
                    280.6614339351654,
                    127.55689024925232
                ],
                [
                    405.86668252944946,
                    101.05177760124207
                ],
                [
                    432.34753608703613,
                    271.03474736213684
                ],
                [
                    308.2005977630615,
                    287.769079208374
                ],
                [
                    309.3220293521881,
                    213.28283846378326
                ],
                [
                    419.7550415992737,
                    194.59721446037292
                ],
                [
                    355.14894127845764,
                    198.01360368728638
                ]
            ],
            "provenance": "visii",
            "quaternion_xyzw": [
                -0.21147562563419342,
                0.34794020652770996,
                -0.727772057056427,
                -0.5518727898597717
            ],
            "quaternion_xyzw_world": [
                0.15618188679218292,
                0.9195303320884705,
                -0.019717292860150337,
                -0.36011451482772827
            ],
            "segmentation_id": 10,
            "visibility": 1
        },
        {
            "bounding_box_minx_maxx_miny_maxy": [
                -1,
                -1,
                -1,
                -1
            ],
            "class": "ReadytoUse",
            "local_cuboid": null,
            "local_to_world_matrix": [
                [
                    0.6850024461746216,
                    -0.37081199884414673,
                    0.6271125674247742,
                    0.0
                ],
                [
                    -0.6979774832725525,
                    -0.5807297229766846,
                    0.4190232753753662,
                    0.0
                ],
                [
                    0.2088039666414261,
                    -0.7247424125671387,
                    -0.656619668006897,
                    0.0
                ],
                [
                    0.4413250982761383,
                    0.17477871477603912,
                    -0.4085618555545807,
                    1.0
                ]
            ],
            "location": [
                -0.17477871477603912,
                -0.4085618555545807,
                -0.4413250982761383
            ],
            "location_world": [
                0.4413250982761383,
                0.17477871477603912,
                -0.4085618555545807
            ],
            "name": "google_ReadytoUse_Rolled_Fondant_Pure_White_24_oz_box_10",
            "projected_cuboid": [
                [
                    200.00189542770386,
                    804.362416267395
                ],
                [
                    230.95180094242096,
                    817.5061345100403
                ],
                [
                    71.0984617471695,
                    716.8974876403809
                ],
                [
                    48.93055558204651,
                    709.7272872924805
                ],
                [
                    130.51295280456543,
                    1008.5408687591553
                ],
                [
                    161.93485260009766,
                    1041.0730838775635
                ],
                [
                    -39.121270179748535,
                    939.1241669654846
                ],
                [
                    -56.653499603271484,
                    912.2318029403687
                ],
                [
                    100.35744309425354,
                    860.5186939239502
                ]
            ],
            "provenance": "visii",
            "quaternion_xyzw": [
                0.5386540293693542,
                0.5605834722518921,
                0.018444091081619263,
                0.6286953687667847
            ],
            "quaternion_xyzw_world": [
                0.8547443747520447,
                -0.31260502338409424,
                0.24449312686920166,
                0.3345344364643097
            ],
            "segmentation_id": 11,
            "visibility": 0
        },
        {
            "bounding_box_minx_maxx_miny_maxy": [
                489,
                499,
                426,
                498
            ],
            "class": "Dog",
            "local_cuboid": null,
            "local_to_world_matrix": [
                [
                    -0.8813983201980591,
                    -0.4495903551578522,
                    -0.1449354887008667,
                    0.0
                ],
                [
                    0.46067389845848083,
                    -0.7502390146255493,
                    -0.47425922751426697,
                    0.0
                ],
                [
                    0.1044861450791359,
                    -0.48477908968925476,
                    0.8683731555938721,
                    0.0
                ],
                [
                    0.24041181802749634,
                    -0.20849086344242096,
                    -0.171469584107399,
                    1.0
                ]
            ],
            "location": [
                0.20849086344242096,
                -0.171469584107399,
                -0.24041181802749634
            ],
            "location_world": [
                0.24041181802749634,
                -0.20849086344242096,
                -0.171469584107399
            ],
            "name": "google_Dog_11",
            "projected_cuboid": [
                [
                    1776.4465808868408,
                    100.487619638443
                ],
                [
                    1543.4163808822632,
                    430.9903085231781
                ],
                [
                    1368.3218955993652,
                    1034.8796844482422
                ],
                [
                    1492.5835132598877,
                    1184.9613189697266
                ],
                [
                    599.6559858322144,
                    132.73486495018005
                ],
                [
                    733.9078187942505,
                    289.31957483291626
                ],
                [
                    608.2035303115845,
                    563.664436340332
                ],
                [
                    428.38728427886963,
                    475.1018285751343
                ],
                [
                    876.2702345848083,
                    457.3831558227539
                ]
            ],
            "provenance": "visii",
            "quaternion_xyzw": [
                0.712098240852356,
                0.21250692009925842,
                0.47963082790374756,
                -0.46659544110298157
            ],
            "quaternion_xyzw_world": [
                -0.010810524225234985,
                -0.25631338357925415,
                0.9354157447814941,
                -0.24327799677848816
            ],
            "segmentation_id": 12,
            "visibility": 1
        },
        {
            "bounding_box_minx_maxx_miny_maxy": [
                -1,
                -1,
                -1,
                -1
            ],
            "class": "Black",
            "local_cuboid": null,
            "local_to_world_matrix": [
                [
                    -0.011855363845825195,
                    -0.1289663016796112,
                    0.9915781021118164,
                    0.0
                ],
                [
                    -0.5267797708511353,
                    -0.8420741558074951,
                    -0.1158197820186615,
                    0.0
                ],
                [
                    0.8499191999435425,
                    -0.5237163305282593,
                    -0.057953834533691406,
                    0.0
                ],
                [
                    1.4828671216964722,
                    0.23193883895874023,
                    -0.041017550975084305,
                    1.0
                ]
            ],
            "location": [
                -0.23193883895874023,
                -0.041017550975084305,
                -1.4828671216964722
            ],
            "location_world": [
                1.4828671216964722,
                0.23193883895874023,
                -0.041017550975084305
            ],
            "name": "google_Black_Elderberry_Syrup_54_oz_Gaia_Herbs_12",
            "projected_cuboid": [
                [
                    184.0662956237793,
                    256.5910518169403
                ],
                [
                    201.65956020355225,
                    259.3173384666443
                ],
                [
                    166.32972657680511,
                    256.64082169532776
                ],
                [
                    148.02218973636627,
                    253.7456750869751
                ],
                [
                    181.35231733322144,
                    277.66677737236023
                ],
                [
                    198.884978890419,
                    280.80424666404724
                ],
                [
                    163.3383333683014,
                    279.93449568748474
                ],
                [
                    145.10120451450348,
                    276.55690908432007
                ],
                [
                    174.21820759773254,
                    267.681747674942
                ]
            ],
            "provenance": "visii",
            "quaternion_xyzw": [
                0.7236548662185669,
                0.6334692239761353,
                0.18502315878868103,
                0.20200702548027039
            ],
            "quaternion_xyzw_world": [
                0.6870539784431458,
                -0.23860791325569153,
                0.6700701117515564,
                0.14842231571674347
            ],
            "segmentation_id": 13,
            "visibility": 0
        },
        {
            "bounding_box_minx_maxx_miny_maxy": [
                79,
                161,
                59,
                112
