{
    "camera_data": {
        "camera_look_at": {
            "at": [
                1.0,
                0.0,
                0.0
            ],
            "eye": [
                0.0,
                0.0,
                0.0
            ],
            "up": [
                0.0,
                0.0,
                1.0
            ]
        },
        "camera_view_matrix": [
            [
                0.0,
                0.0,
                -1.0,
                0.0
            ],
            [
                -1.0,
                0.0,
                0.0,
                0.0
            ],
            [
                0.0,
                1.0,
                0.0,
                0.0
            ],
            [
                0.0,
                0.0,
                0.0,
                1.0
            ]
        ],
        "height": 500,
        "intrinsics": {
            "cx": 250.0,
            "cy": 250.0,
            "fx": 603.5535278320312,
            "fy": 603.5535278320312
        },
        "location_world": [
            0.0,
            0.0,
            0.0
        ],
        "quaternion_world_xyzw": [
            0.5,
            -0.5,
            -0.5,
            0.5
        ],
        "width": 500
    },
    "objects": [
        {
            "bounding_box_minx_maxx_miny_maxy": [
                142,
                220,
                157,
                211
            ],
            "class": "Reebok",
            "local_cuboid": null,
            "local_to_world_matrix": [
                [
                    0.7555501461029053,
                    -0.5647170543670654,
                    -0.33202219009399414,
                    0.0
                ],
                [
                    0.48050546646118164,
                    0.8222302198410034,
                    -0.3050442636013031,
                    0.0
                ],
                [
                    0.4452623724937439,
                    0.07093777507543564,
                    0.8925857543945312,
                    0.0
                ],
                [
                    1.149060606956482,
                    0.17903418838977814,
                    0.09018248319625854,
                    1.0
                ]
            ],
            "location": [
                -0.17903418838977814,
                0.09018248319625854,
                -1.149060606956482
            ],
            "location_world": [
                1.149060606956482,
                0.17903418838977814,
                0.09018248319625854
            ],
            "name": "google_Reebok_SOMERSET_RUN_0",
            "projected_cuboid": [
                [
                    231.97096586227417,
                    136.9880735874176
                ],
                [
                    123.34544956684113,
                    190.10116159915924
                ],
                [
                    122.09615111351013,
                    237.20985651016235
                ],
                [
                    235.57274043560028,
                    187.55583465099335
                ],
                [
                    195.1926350593567,
                    107.33585059642792
                ],
                [
                    83.23648571968079,
                    167.5305962562561
                ],
                [
                    80.1345556974411,
                    217.06166863441467
                ],
                [
                    197.25576043128967,
                    160.5861335992813
                ],
                [
                    155.93481063842773,
                    177.08708345890045
                ]
            ],
            "provenance": "visii",
            "quaternion_xyzw": [
                -0.7607600688934326,
                0.37930893898010254,
                0.2715993821620941,
                0.4512234628200531
            ],
            "quaternion_xyzw_world": [
                -0.10091353952884674,
                0.20862309634685516,
                -0.28053760528564453,
                0.9314459562301636
            ],
            "segmentation_id": 1,
            "visibility": 1
        },
        {
            "bounding_box_minx_maxx_miny_maxy": [
                -1,
                -1,
                -1,
                -1
            ],
            "class": "Breyer",
            "local_cuboid": null,
            "local_to_world_matrix": [
                [
                    0.09102451801300049,
                    -0.9492533206939697,
                    -0.30105265974998474,
                    0.0
                ],
                [
                    -0.5035690069198608,
                    0.2169346809387207,
                    -0.8362760543823242,
                    0.0
                ],
                [
                    0.8591464757919312,
                    0.2277224361896515,
                    -0.4582681655883789,
                    0.0
                ],
                [
                    0.4805867373943329,
                    0.1631583869457245,
                    -0.372257798910141,
                    1.0
                ]
            ],
            "location": [
                -0.1631583869457245,
                -0.372257798910141,
                -0.4805867373943329
            ],
            "location_world": [
                0.4805867373943329,
                0.1631583869457245,
                -0.372257798910141
            ],
            "name": "google_Breyer_Horse_Of_The_Year_2015_1",
            "projected_cuboid": [
                [
                    172.0176637172699,
                    686.7377758026123
                ],
                [
                    155.79067170619965,
                    755.8274269104004
                ],
                [
                    174.06967282295227,
                    806.9379329681396
                ],
                [
                    193.48937273025513,
                    716.8012261390686
                ],
                [
                    -46.64233326911926,
                    633.225679397583
                ],
                [
                    -74.33000206947327,
                    702.1423578262329
                ],
                [
                    -122.13429808616638,
                    740.0146722793579
                ],
                [
                    -83.99507403373718,
                    649.9772667884827
                ],
                [
                    49.5343804359436,
                    708.9219093322754
                ]
            ],
            "provenance": "visii",
            "quaternion_xyzw": [
                -0.9545516967773438,
                0.13566243648529053,
                0.08348080515861511,
                -0.2519080936908722
            ],
            "quaternion_xyzw_world": [
                -0.5771390795707703,
                0.6293207406997681,
                -0.24175016582012177,
                0.4608934223651886
            ],
            "segmentation_id": 2,
            "visibility": 0
        },
        {
            "bounding_box_minx_maxx_miny_maxy": [
                0,
                51,
                29,
                148
            ],
            "class": "Smith",
            "local_cuboid": null,
            "local_to_world_matrix": [
                [
                    -0.7123593091964722,
                    -0.26191845536231995,
                    -0.651108980178833,
                    0.0
                ],
                [
                    0.49322739243507385,
                    0.4731617569923401,
                    -0.7299621105194092,
                    0.0
                ],
                [
                    0.4992704391479492,
                    -0.8411401510238647,
                    -0.20787584781646729,
                    0.0
                ],
                [
                    1.5826284885406494,
                    0.7547019720077515,
                    0.47099924087524414,
                    1.0
                ]
            ],
            "location": [
                -0.7547019720077515,
                0.47099924087524414,
                -1.5826284885406494
            ],
            "location_world": [
                1.5826284885406494,
                0.7547019720077515,
                0.47099924087524414
            ],
            "name": "google_Smith_Hawken_Woven_BasketTray_Organizer_with_3_Compartments_95_x_9_x_13_2",
            "projected_cuboid": [
                [
                    83.85571837425232,
                    94.26778554916382
                ],
                [
                    52.09872126579285,
                    174.9553382396698
                ],
                [
                    -55.35989999771118,
                    146.08637988567352
                ],
                [
                    -30.35596013069153,
                    54.97086048126221
                ],
                [
                    75.80846548080444,
                    37.13679313659668
                ],
                [
                    48.864468932151794,
                    110.75897514820099
                ],
                [
                    -43.269991874694824,
                    81.21635019779205
                ],
                [
                    -21.235615015029907,
                    -0.6827116012573242
                ],
                [
                    15.47802984714508,
                    87.24772930145264
                ]
            ],
            "provenance": "visii",
            "quaternion_xyzw": [
                -0.7891690135002136,
                0.35615652799606323,
                -0.49213141202926636,
                0.0903962105512619
            ],
            "quaternion_xyzw_world": [
                0.07475754618644714,
                0.7735303640365601,
                -0.5077700614929199,
                0.3717951774597168
            ],
            "segmentation_id": 3,
            "visibility": 1
        },
        {
            "bounding_box_minx_maxx_miny_maxy": [
                -1,
                -1,
                -1,
                -1
            ],
            "class": "Paul",
            "local_cuboid": null,
            "local_to_world_matrix": [
                [
                    0.06291413307189941,
                    0.7690600752830505,
                    0.6360726356506348,
                    0.0
                ],
                [
                    -0.6518304944038391,
                    0.5142865180969238,
                    -0.5573386549949646,
                    0.0
                ],
                [
                    -0.7557505369186401,
                    -0.3795470595359802,
                    0.533652663230896,
                    0.0
                ],
                [
                    0.2994653284549713,
                    -0.33866798877716064,
                    -0.1296640932559967,
                    1.0
                ]
            ],
            "location": [
                0.33866798877716064,
                -0.1296640932559967,
                -0.2994653284549713
            ],
            "location_world": [
                0.2994653284549713,
                -0.33866798877716064,
                -0.1296640932559967
            ],
            "name": "google_Paul_Frank_Dot_Lunch_Box_3",
            "projected_cuboid": [
                [
                    1520.3028917312622,
                    -139.88104462623596
                ],
                [
                    2094.5818424224854,
                    -48.631250858306885
                ],
                [
                    713.1825685501099,
                    417.5701141357422
                ],
                [
                    715.8517837524414,
                    277.3538827896118
                ],
                [
                    2469.165563583374,
                    486.849844455719
                ],
                [
                    3988.4884357452393,
                    1143.151879310608
                ],
                [
                    1220.6751108169556,
                    823.3570456504822
                ],
                [
                    1114.105463027954,
                    588.5665416717529
                ],
                [
                    1339.2173051834106,
                    442.2694146633148
                ]
            ],
            "provenance": "visii",
            "quaternion_xyzw": [
                0.09017771482467651,
                0.3376280963420868,
                0.8778025507926941,
                0.32762467861175537
            ],
            "quaternion_xyzw_world": [
                -0.06118602678179741,
                -0.4789884388446808,
                0.4889918267726898,
                0.7264388203620911
            ],
            "segmentation_id": 4,
            "visibility": 0
        },
        {
            "bounding_box_minx_maxx_miny_maxy": [
                -1,
                -1,
                -1,
                -1
            ],
            "class": "Toys",
            "local_cuboid": null,
            "local_to_world_matrix": [
                [
                    -0.27871060371398926,
                    -0.8854173421859741,
                    0.3719630539417267,
                    0.0
                ],
                [
                    -0.16347527503967285,
                    0.42539703845977783,
                    0.8901197910308838,
                    0.0
                ],
                [
                    -0.9463595151901245,
                    0.1872791051864624,
                    -0.2633066177368164,
                    0.0
                ],
                [
                    1.4533238410949707,
                    -0.19688600301742554,
                    -0.6459692120552063,
                    1.0
                ]
            ],
            "location": [
                0.19688600301742554,
                -0.6459692120552063,
                -1.4533238410949707
            ],
            "location_world": [
                1.4533238410949707,
                -0.19688600301742554,
                -0.6459692120552063
            ],
            "name": "google_Toys_R_Us_Treat_Dispenser_Smart_Puzzle_Foobler_4",
            "projected_cuboid": [
                [
                    375.137597322464,
                    587.3194932937622
                ],
                [
                    346.5925455093384,
                    529.0812253952026
                ],
                [
                    348.9304780960083,
                    483.33993554115295
                ],
                [
                    374.5647072792053,
                    536.5194082260132
                ],
                [
                    309.5187842845917,
                    602.3602485656738
                ],
                [
                    280.6549072265625,
                    546.3159084320068
                ],
                [
                    289.4721329212189,
                    500.2118945121765
                ],
                [
                    315.3688907623291,
                    551.5642762184143
                ],
                [
                    329.7736942768097,
                    541.1919355392456
                ]
            ],
            "provenance": "visii",
            "quaternion_xyzw": [
                -0.11060984432697296,
                0.12077142298221588,
                -0.20665331184864044,
                -0.9646108746528625
            ],
            "quaternion_xyzw_world": [
                -0.3738979995250702,
                0.7013227343559265,
                0.3840595781803131,
                -0.46994146704673767
            ],
            "segmentation_id": 5,
            "visibility": 0
        },
        {
            "bounding_box_minx_maxx_miny_maxy": [
                -1,
                -1,
                -1,
                -1
            ],
            "class": "Tag",
            "local_cuboid": null,
            "local_to_world_matrix": [
                [
                    0.8506454825401306,
                    0.5152645707130432,
                    0.1044255793094635,
                    0.0
                ],
                [
                    0.5223152041435242,
                    -0.8056322336196899,
                    -0.27954134345054626,
                    0.0
                ],
                [
                    -0.059909120202064514,
                    0.2923336327075958,
                    -0.9544379711151123,
                    0.0
                ],
                [
                    0.4721149802207947,
                    -0.4594671130180359,
                    -0.3560168445110321,
                    1.0
                ]
            ],
            "location": [
                0.4594671130180359,
                -0.3560168445110321,
                -0.4721149802207947
            ],
            "location_world": [
                0.4721149802207947,
                -0.4594671130180359,
                -0.3560168445110321
            ],
            "name": "google_Tag_Dishtowel_Basket_Weave_Red_18_x_26_5",
            "projected_cuboid": [
                [
                    640.4908895492554,
                    685.9543919563293
                ],
                [
                    749.5378255844116,
                    663.1673574447632
                ],
                [
                    757.9745054244995,
                    628.5707354545593
                ],
                [
                    651.5218615531921,
                    642.5520181655884
                ],
                [
                    966.4549827575684,
                    905.8467745780945
                ],
                [
                    1023.4324932098389,
                    817.4305558204651
                ],
                [
                    1033.2852602005005,
                    771.2306976318359
                ],
                [
                    980.201780796051,
                    842.4916863441467
                ],
                [
                    832.4563503265381,
                    727.6303768157959
                ]
            ],
            "provenance": "visii",
            "quaternion_xyzw": [
                0.41963309049606323,
                0.5421748161315918,
                -0.6809396147727966,
                0.2574408948421478
            ],
            "quaternion_xyzw_world": [
                0.9500941634178162,
                0.2730202376842499,
                0.011713695712387562,
                -0.15047849714756012
            ],
            "segmentation_id": 6,
            "visibility": 0
        },
        {
            "bounding_box_minx_maxx_miny_maxy": [
                162,
                206,
                191,
                215
            ],
            "class": "FRACTION",
            "local_cuboid": null,
            "local_to_world_matrix": [
                [
                    0.4826778769493103,
                    0.10686561465263367,
                    -0.8692535758018494,
                    0.0
                ],
                [
                    0.6295309066772461,
                    0.6476778388023376,
                    0.4291902482509613,
                    0.0
                ],
                [
                    0.6088619828224182,
                    -0.7543826103210449,
                    0.24534457921981812,
                    0.0
                ],
                [
                    1.7476036548614502,
                    0.20193195343017578,
                    0.13179399073123932,
                    1.0
                ]
            ],
            "location": [
                -0.20193195343017578,
                0.13179399073123932,
                -1.7476036548614502
            ],
            "location_world": [
                1.7476036548614502,
                0.20193195343017578,
                0.13179399073123932
            ],
            "name": "google_FRACTION_FUN_n4h4qte23QR_6",
            "projected_cuboid": [
                [
                    209.79735255241394,
                    241.11947417259216
                ],
                [
                    172.93763160705566,
                    215.56676924228668
                ],
                [
                    161.04641556739807,
                    218.57641637325287
                ],
                [
                    197.65576720237732,
                    244.7299361228943
                ],
                [
                    214.52096104621887,
                    185.7144832611084
                ],
                [
                    175.60747265815735,
                    162.63818740844727
                ],
                [
                    163.18686306476593,
                    164.99246656894684
                ],
                [
                    201.83205604553223,
                    188.6129081249237
                ],
                [
                    186.44016981124878,
                    202.97108590602875
                ]
            ],
            "provenance": "visii",
            "quaternion_xyzw": [
                -0.5178817510604858,
                0.7322768568992615,
                -0.13116155564785004,
                0.42233359813690186
            ],
            "quaternion_xyzw_world": [
                0.38394513726234436,
                0.47949331998825073,
                -0.16955001652240753,
                0.7706653475761414
            ],
            "segmentation_id": 7,
            "visibility": 1
        },
        {
            "bounding_box_minx_maxx_miny_maxy": [
                -1,
                -1,
                -1,
                -1
            ],
            "class": "FAIRY",
            "local_cuboid": null,
            "local_to_world_matrix": [
                [
                    0.5330429673194885,
                    -0.8415948152542114,
                    0.08708342909812927,
                    0.0
                ],
                [
                    0.6897027492523193,
                    0.4918278455734253,
                    0.5314278602600098,
                    0.0
                ],
                [
                    -0.4900769293308258,
                    -0.22321219742298126,
                    0.84261554479599,
                    0.0
                ],
                [
                    0.43354225158691406,
                    0.3982159197330475,
                    0.3618035316467285,
                    1.0
                ]
            ],
            "location": [
                -0.3982159197330475,
                0.3618035316467285,
                -0.43354225158691406
            ],
            "location_world": [
                0.43354225158691406,
                0.3982159197330475,
                0.3618035316467285
            ],
            "name": "google_FAIRY_TALE_BLOCKS_7",
            "projected_cuboid": [
                [
                    -109.87591743469238,
                    -738.8476133346558
                ],
                [
                    -136.61986589431763,
                    -540.1991605758667
                ],
                [
                    -115.96253514289856,
                    -202.22142338752747
                ],
                [
                    -87.13307976722717,
                    -196.48218154907227
                ],
                [
                    -1146.6578245162964,
                    -1441.9188499450684
                ],
                [
                    -641.963005065918,
                    -801.1047840118408
                ],
                [
                    -495.07302045822144,
                    -303.86853218078613
                ],
                [
                    -703.0997276306152,
                    -362.5853657722473
                ],
                [
                    -343.12766790390015,
                    -475.45063495635986
                ]
            ],
            "provenance": "visii",
            "quaternion_xyzw": [
                -0.4527941346168518,
                0.22347046434879303,
                0.1710660457611084,
                0.846034824848175
            ],
            "quaternion_xyzw_world": [
                0.22282256186008453,
                -0.1704181283712387,
                -0.4521462023258209,
                0.8466827273368835
            ],
            "segmentation_id": 8,
            "visibility": 0
        },
        {
            "bounding_box_minx_maxx_miny_maxy": [
                -1,
                -1,
                -1,
                -1
            ],
            "class": "Great",
            "local_cuboid": null,
            "local_to_world_matrix": [
                [
                    0.2438877820968628,
                    0.7497991919517517,
                    0.6150771379470825,
                    0.0
                ],
                [
                    -0.9692198634147644,
                    0.21044659614562988,
                    0.12776973843574524,
                    0.0
                ],
                [
                    -0.033639222383499146,
                    -0.6273064613342285,
                    0.778045654296875,
                    0.0
                ],
                [
                    1.44028902053833,
                    -0.6892406940460205,
                    -0.2599616050720215,
                    1.0
                ]
            ],
            "location": [
                0.6892406940460205,
                -0.2599616050720215,
                -1.44028902053833
            ],
            "location_world": [
                1.44028902053833,
                -0.6892406940460205,
                -0.2599616050720215
            ],
            "name": "google_Great_Jones_Wingtip_kAqSg6EgG0I_8",
            "projected_cuboid": [
                [
                    533.3441495895386,
                    309.2626929283142
                ],
                [
                    568.8024759292603,
                    304.53574657440186
                ],
                [
                    534.8093509674072,
                    345.37583589553833
                ],
                [
                    505.8399438858032,
                    342.39697456359863
                ],
                [
                    570.2074766159058,
                    336.51795983314514
                ],
                [
                    615.1881814002991,
                    338.1713628768921
                ],
                [
                    580.33287525177,
                    379.77921962738037
                ],
                [
                    542.1410799026489,
                    370.15584111213684
                ],
                [
                    554.1784763336182,
                    340.52902460098267
                ]
            ],
            "provenance": "visii",
            "quaternion_xyzw": [
                0.14898979663848877,
                0.6789568662643433,
                0.6433639526367188,
                0.3207840919494629
            ],
            "quaternion_xyzw_world": [
                0.2526834011077881,
                -0.21709047257900238,
                0.575263261795044,
                0.7470575571060181
            ],
            "segmentation_id": 9,
            "visibility": 0
        },
        {
            "bounding_box_minx_maxx_miny_maxy": [
                342,
                454,
                1,
                84
            ],
            "class": "Ecoforms",
            "local_cuboid": null,
            "local_to_world_matrix": [
                [
                    -0.6078352928161621,
                    -0.3277900218963623,
                    0.7232496738433838,
                    0.0
                ],
                [
                    -0.008489727973937988,
                    0.9134518504142761,
                    0.4068582355976105,
                    0.0
                ],
                [
                    -0.7940177917480469,
                    0.24116256833076477,
                    -0.5580110549926758,
                    0.0
                ],
                [
                    1.0141181945800781,
                    -0.230455219745636,
                    0.4544142782688141,
                    1.0
                ]
            ],
            "location": [
                0.230455219745636,
                0.4544142782688141,
                -1.0141181945800781
            ],
            "location_world": [
                1.0141181945800781,
                -0.230455219745636,
                0.4544142782688141
            ],
            "name": "google_Ecoforms_Plant_Container_Quadra_Sand_QP6_9",
            "projected_cuboid": [
                [
                    475.64980387687683,
                    -36.249011754989624
                ],
                [
                    348.5288918018341,
                    -93.62936019897461
                ],
                [
                    360.40207743644714,
                    -104.90655899047852
                ],
                [
                    469.7311520576477,
                    -55.529117584228516
                ],
                [
                    407.7419936656952,
                    87.50906586647034
                ],
                [
                    296.1943447589874,
                    37.42411732673645
                ],
                [
                    313.32239508628845,
                    10.994672775268555
                ],
                [
                    410.93146800994873,
                    54.872527718544006
                ],
                [
                    383.86598229408264,
                    -9.536296129226685
                ]
            ],
            "provenance": "visii",
            "quaternion_xyzw": [
                -0.17812496423721313,
                0.2669505476951599,
                -0.5146284699440002,
                -0.7950890064239502
            ],
            "quaternion_xyzw_world": [
                -0.09581749886274338,
                0.8773964643478394,
                0.18464308977127075,
                -0.4323209524154663
            ],
            "segmentation_id": 10,
            "visibility": 1
        },
        {
            "bounding_box_minx_maxx_miny_maxy": [
                57,
                89,
                490,
                500
            ],
            "class": "ReadytoUse",
            "local_cuboid": null,
            "local_to_world_matrix": [
                [
                    -0.8847813606262207,
                    0.30442607402801514,
                    -0.3528277575969696,
                    0.0
                ],
                [
                    -0.43907803297042847,
                    -0.29094672203063965,
                    0.8500359058380127,
                    0.0
                ],
                [
                    0.15611901879310608,
                    0.9070144891738892,
                    0.3910905718803406,
                    0.0
                ],
                [
                    0.47124814987182617,
                    0.03724433109164238,
                    -0.3176897168159485,
                    1.0
                ]
            ],
            "location": [
                -0.03724433109164238,
                -0.3176897168159485,
                -0.47124814987182617
            ],
            "location_world": [
                0.47124814987182617,
                0.03724433109164238,
                -0.3176897168159485
            ],
            "name": "google_ReadytoUse_Rolled_Fondant_Pure_White_24_oz_box_10",
            "projected_cuboid": [
                [
                    -36.456018686294556,
                    640.2164697647095
                ],
                [
                    -30.805498361587524,
                    601.4649868011475
                ],
                [
                    177.9630184173584,
                    722.0660448074341
                ],
                [
                    161.45431995391846,
                    757.1272850036621
                ],
                [
                    58.13264846801758,
                    519.4447040557861
                ],
                [
                    66.43073260784149,
                    483.59060287475586
                ],
                [
                    236.49068176746368,
                    572.9233026504517
                ],
                [
                    220.94251215457916,
                    606.9440245628357
                ],
                [
                    108.43169689178467,
                    604.4953465461731
                ]
            ],
            "provenance": "visii",
            "quaternion_xyzw": [
                -0.02035483717918396,
                0.7600297927856445,
                0.27307116985321045,
                -0.5893833637237549
            ],
            "quaternion_xyzw_world": [
                -0.061389774084091187,
                0.5483484268188477,
                0.8010647296905518,
                0.23203621804714203
            ],
            "segmentation_id": 11,
            "visibility": 1
        },
        {
            "bounding_box_minx_maxx_miny_maxy": [
                -1,
                -1,
                -1,
                -1
            ],
            "class": "Dog",
            "local_cuboid": null,
            "local_to_world_matrix": [
                [
                    0.27960431575775146,
                    0.6489335298538208,
                    0.7076063752174377,
                    0.0
                ],
                [
                    -0.9560389518737793,
                    0.12033772468566895,
                    0.26741063594818115,
                    0.0
                ],
                [
                    0.08837991952896118,
                    -0.7512683868408203,
                    0.6540526151657104,
                    0.0
                ],
                [
                    0.5186949968338013,
                    0.42263123393058777,
                    -0.3205379545688629,
                    1.0
                ]
            ],
            "location": [
                -0.42263123393058777,
                -0.3205379545688629,
                -0.5186949968338013
            ],
            "location_world": [
                0.5186949968338013,
                0.42263123393058777,
                -0.3205379545688629
            ],
            "name": "google_Dog_11",
            "projected_cuboid": [
                [
                    -60.6689453125,
                    370.3054189682007
                ],
                [
                    -204.03748750686646,
                    352.31655836105347
                ],
                [
                    -416.77534580230713,
                    526.365339756012
                ],
                [
                    -210.33412218093872,
                    496.47319316864014
                ],
                [
                    58.576762676239014,
                    550.5485534667969
                ],
                [
                    -56.07086420059204,
                    607.029378414154
                ],
                [
                    -296.9740033149719,
                    820.7722306251526
                ],
                [
                    -104.31128740310669,
                    696.456789970398
                ],
                [
                    -149.66312050819397,
                    539.954423904419
                ]
            ],
            "provenance": "visii",
            "quaternion_xyzw": [
                0.20738601684570312,
                0.7079414129257202,
                0.5685821771621704,
                0.3640388548374176
            ],
            "quaternion_xyzw_world": [
                0.3553920388221741,
                -0.21603286266326904,
                0.5599353909492493,
                0.7165882587432861
            ],
            "segmentation_id": 12,
            "visibility": 0
        },
        {
            "bounding_box_minx_maxx_miny_maxy": [
                -1,
                -1,
                -1,
                -1
            ],
            "class": "Black",
            "local_cuboid": null,
            "local_to_world_matrix": [
                [
                    0.8342648148536682,
                    0.22505521774291992,
                    -0.5033411979675293,
                    0.0
                ],
                [
                    -0.3498416543006897,
                    -0.4895343780517578,
                    -0.7987282872200012,
                    0.0
                ],
                [
                    -0.4261608123779297,
                    0.842440664768219,
                    -0.32966768741607666,
                    0.0
                ],
                [
                    1.0295199155807495,
                    -0.6355651617050171,
                    -0.4480195641517639,
                    1.0
                ]
            ],
            "location": [
                0.6355651617050171,
                -0.4480195641517639,
                -1.0295199155807495
            ],
            "location_world": [
                1.0295199155807495,
                -0.6355651617050171,
                -0.4480195641517639
            ],
            "name": "google_Black_Elderberry_Syrup_54_oz_Gaia_Herbs_12",
            "projected_cuboid": [
                [
                    546.6591119766235,
                    543.1748628616333
                ],
                [
                    570.7034468650818,
                    578.3846378326416
                ],
                [
                    622.4285364151001,
                    531.232476234436
                ],
                [
                    598.7769365310669,
                    498.98624420166016
                ],
                [
                    569.6116089820862,
                    539.6296977996826
                ],
                [
                    595.3917503356934,
                    576.5585899353027
                ],
                [
                    648.0600833892822,
                    527.2620320320129
                ],
                [
                    622.7773427963257,
                    493.5838282108307
                ],
                [
                    597.1946716308594,
                    535.244345664978
                ]
            ],
            "provenance": "visii",
            "quaternion_xyzw": [
                -0.535610020160675,
                0.006444424390792847,
                0.7826149463653564,
                -0.3171660900115967
            ],
            "quaternion_xyzw_world": [
                -0.8144732713699341,
                0.03830280154943466,
                0.28530770540237427,
                0.5037516355514526
            ],
            "segmentation_id": 13,
            "visibility": 0
        },
        {
            "bounding_box_minx_maxx_miny_maxy": [
                -1,
                -1,
                -1,
                -1
            ],
            "class": "Razer",
            "local_cuboid": null,
