{
    "camera_data": {
        "camera_look_at": {
            "at": [
                1.0,
                0.0,
                0.0
            ],
            "eye": [
                0.0,
                0.0,
                0.0
            ],
            "up": [
                0.0,
                0.0,
                1.0
            ]
        },
        "camera_view_matrix": [
            [
                0.0,
                0.0,
                -1.0,
                0.0
            ],
            [
                -1.0,
                0.0,
                0.0,
                0.0
            ],
            [
                0.0,
                1.0,
                0.0,
                0.0
            ],
            [
                0.0,
                0.0,
                0.0,
                1.0
            ]
        ],
        "height": 500,
        "intrinsics": {
            "cx": 250.0,
            "cy": 250.0,
            "fx": 603.5535278320312,
            "fy": 603.5535278320312
        },
        "location_world": [
            0.0,
            0.0,
            0.0
        ],
        "quaternion_world_xyzw": [
            0.5,
            -0.5,
            -0.5,
            0.5
        ],
        "width": 500
    },
    "objects": [
        {
            "bounding_box_minx_maxx_miny_maxy": [
                202,
                261,
                154,
                208
            ],
            "class": "Reebok",
            "local_cuboid": null,
            "local_to_world_matrix": [
                [
                    -0.8941251039505005,
                    0.32205432653427124,
                    0.3111627697944641,
                    0.0
                ],
                [
                    -0.12898965179920197,
                    -0.850609302520752,
                    0.5097315907478333,
                    0.0
                ],
                [
                    0.4288390278816223,
                    0.41562676429748535,
                    0.8020919561386108,
                    0.0
                ],
                [
                    1.9062013626098633,
                    0.0484318844974041,
                    0.18753337860107422,
                    1.0
                ]
            ],
            "location": [
                -0.0484318844974041,
                0.18753337860107422,
                -1.9062013626098633
            ],
            "location_world": [
                1.9062013626098633,
                0.0484318844974041,
                0.18753337860107422
            ],
            "name": "google_Reebok_SOMERSET_RUN_0",
            "projected_cuboid": [
                [
                    174.9369502067566,
                    179.8914670944214
                ],
                [
                    253.07118892669678,
                    130.7663917541504
                ],
                [
                    269.00988817214966,
                    158.13294053077698
                ],
                [
                    188.479483127594,
                    208.0116868019104
                ],
                [
                    189.5093023777008,
                    193.8505917787552
                ],
                [
                    263.9531195163727,
                    147.4849283695221
                ],
                [
                    279.34136986732483,
                    173.85582625865936
                ],
                [
                    202.7272880077362,
                    220.88612616062164
                ],
                [
                    227.31998562812805,
                    176.8631935119629
                ]
            ],
            "provenance": "visii",
            "quaternion_xyzw": [
                0.38634613156318665,
                0.7517687678337097,
                0.309630423784256,
                -0.43555665016174316
            ],
            "quaternion_xyzw_world": [
                0.1964639276266098,
                0.24567444622516632,
                0.9416509866714478,
                0.11974818259477615
            ],
            "segmentation_id": 1,
            "visibility": 1
        },
        {
            "bounding_box_minx_maxx_miny_maxy": [
                -1,
                -1,
                -1,
                -1
            ],
            "class": "Breyer",
            "local_cuboid": null,
            "local_to_world_matrix": [
                [
                    -0.06537246704101562,
                    -0.9721451997756958,
                    0.22507792711257935,
                    0.0
                ],
                [
                    -0.5279674530029297,
                    -0.15770447254180908,
                    -0.8344936370849609,
                    0.0
                ],
                [
                    0.8467448353767395,
                    -0.17338666319847107,
                    -0.5029515027999878,
                    0.0
                ],
                [
                    0.47144216299057007,
                    -0.060697611421346664,
                    -0.4859834909439087,
                    1.0
                ]
            ],
            "location": [
                0.060697611421346664,
                -0.4859834909439087,
                -0.47144216299057007
            ],
            "location_world": [
                0.47144216299057007,
                -0.060697611421346664,
                -0.4859834909439087
            ],
            "name": "google_Breyer_Horse_Of_The_Year_2015_1",
            "projected_cuboid": [
                [
                    447.012722492218,
                    766.3217186927795
                ],
                [
                    467.00289845466614,
                    844.2217111587524
                ],
                [
                    494.2195415496826,
                    912.9003286361694
                ],
                [
                    467.035174369812,
                    809.3591332435608
                ],
                [
                    223.63576292991638,
                    804.3546080589294
                ],
                [
                    231.5819263458252,
                    882.2230100631714
                ],
                [
                    191.56576693058014,
                    959.3555331230164
                ],
                [
                    184.003084897995,
                    856.1190962791443
                ],
                [
                    336.6749882698059,
                    849.7007489204407
                ]
            ],
            "provenance": "visii",
            "quaternion_xyzw": [
                0.9556913375854492,
                0.10013233125209808,
                0.06245717406272888,
                0.26967883110046387
            ],
            "quaternion_xyzw_world": [
                0.6315226554870605,
                -0.5938475131988525,
                0.42430099844932556,
                -0.2617115080356598
            ],
            "segmentation_id": 2,
            "visibility": 0
        },
        {
            "bounding_box_minx_maxx_miny_maxy": [
                75,
                192,
                1,
                129
            ],
            "class": "Smith",
            "local_cuboid": null,
            "local_to_world_matrix": [
                [
                    -0.3612804412841797,
                    -0.07622581720352173,
                    -0.929336428642273,
                    0.0
                ],
                [
                    0.930337131023407,
                    -0.09663641452789307,
                    -0.35374316573143005,
                    0.0
                ],
                [
                    -0.06284335255622864,
                    -0.9923965930938721,
                    0.10582858324050903,
                    0.0
                ],
                [
                    1.67544686794281,
                    0.4483543932437897,
                    0.5118167996406555,
                    1.0
                ]
            ],
            "location": [
                -0.4483543932437897,
                0.5118167996406555,
                -1.67544686794281
            ],
            "location_world": [
                1.67544686794281,
                0.4483543932437897,
                0.5118167996406555
            ],
            "name": "google_Smith_Hawken_Woven_BasketTray_Organizer_with_3_Compartments_95_x_9_x_13_2",
            "projected_cuboid": [
                [
                    175.9774088859558,
                    78.18849384784698
                ],
                [
                    195.11327147483826,
                    134.35816764831543
                ],
                [
                    102.50809788703918,
                    145.4208493232727
                ],
                [
                    68.68894398212433,
                    91.66842699050903
                ],
                [
                    171.63988947868347,
                    -34.13251042366028
                ],
                [
                    189.98567759990692,
                    32.67097473144531
                ],
                [
                    103.9210706949234,
                    43.88195276260376
                ],
                [
                    73.03343713283539,
                    -20.56601643562317
                ],
                [
                    135.76528429985046,
                    59.04315412044525
                ]
            ],
            "provenance": "visii",
            "quaternion_xyzw": [
                0.5846207141876221,
                -0.35608553886413574,
                0.5788697600364685,
                -0.44309312105178833
            ],
            "quaternion_xyzw_world": [
                -0.39671382308006287,
                -0.538241446018219,
                0.6252490282058716,
                -0.4024648368358612
            ],
            "segmentation_id": 3,
            "visibility": 1
        },
        {
            "bounding_box_minx_maxx_miny_maxy": [
                -1,
                -1,
                -1,
                -1
            ],
            "class": "Paul",
            "local_cuboid": null,
            "local_to_world_matrix": [
                [
                    0.4052395820617676,
                    -0.6699901819229126,
                    0.6220080256462097,
                    0.0
                ],
                [
                    -0.6346617937088013,
                    -0.6958835124969482,
                    -0.336080938577652,
                    0.0
                ],
                [
                    0.6580161452293396,
                    -0.25857141613960266,
                    -0.707216739654541,
                    0.0
                ],
                [
                    0.3459945023059845,
                    -0.3022889792919159,
                    -0.1299230009317398,
                    1.0
                ]
            ],
            "location": [
                0.3022889792919159,
                -0.1299230009317398,
                -0.3459945023059845
            ],
            "location_world": [
                0.3459945023059845,
                -0.3022889792919159,
                -0.1299230009317398
            ],
            "name": "google_Paul_Frank_Dot_Lunch_Box_3",
            "projected_cuboid": [
                [
                    675.3510236740112,
                    449.28109645843506
                ],
                [
                    819.1147446632385,
                    517.8999900817871
                ],
                [
                    957.8673243522644,
                    358.73347520828247
                ],
                [
                    741.5895462036133,
                    291.0948097705841
                ],
                [
                    547.9450225830078,
                    699.7876167297363
                ],
                [
                    707.8083157539368,
                    827.9480934143066
                ],
                [
                    838.1179571151733,
                    786.1724495887756
                ],
                [
                    576.3206481933594,
                    606.9242358207703
                ],
                [
                    725.1498699188232,
                    552.3536205291748
                ]
            ],
            "provenance": "visii",
            "quaternion_xyzw": [
                0.816101610660553,
                0.4037155508995056,
                -0.04492950439453125,
                0.411063551902771
            ],
            "quaternion_xyzw_world": [
                0.8379051089286804,
                -0.38926005363464355,
                0.3819120228290558,
                -0.023125983774662018
            ],
            "segmentation_id": 4,
            "visibility": 0
        },
        {
            "bounding_box_minx_maxx_miny_maxy": [
                -1,
                -1,
                -1,
                -1
            ],
            "class": "Toys",
            "local_cuboid": null,
            "local_to_world_matrix": [
                [
                    -0.6102887392044067,
                    -0.15502111613750458,
                    -0.7768633961677551,
                    0.0
                ],
                [
                    0.15897290408611298,
                    0.9367501735687256,
                    -0.3118121325969696,
                    0.0
                ],
                [
                    0.7760643362998962,
                    -0.3137955367565155,
                    -0.5470439195632935,
                    0.0
                ],
                [
                    1.0667178630828857,
                    0.6682573556900024,
                    -0.11173824220895767,
                    1.0
                ]
            ],
            "location": [
                -0.6682573556900024,
                -0.11173824220895767,
                -1.0667178630828857
            ],
            "location_world": [
                1.0667178630828857,
                0.6682573556900024,
                -0.11173824220895767
            ],
            "name": "google_Toys_R_Us_Treat_Dispenser_Smart_Puzzle_Foobler_4",
            "projected_cuboid": [
                [
                    -37.24232316017151,
                    374.1829991340637
                ],
                [
                    -106.74634575843811,
                    396.7111110687256
                ],
                [
                    -176.0963797569275,
                    364.5367920398712
                ],
                [
                    -100.05903244018555,
                    338.5635316371918
                ],
                [
                    -26.882827281951904,
                    305.15140295028687
                ],
                [
                    -91.32000803947449,
                    327.3276090621948
                ],
                [
                    -153.22381258010864,
                    290.5135154724121
                ],
                [
                    -83.19568634033203,
                    265.1224732398987
                ],
                [
                    -95.22789716720581,
                    332.35204219818115
                ]
            ],
            "provenance": "visii",
            "quaternion_xyzw": [
                -0.7488153576850891,
                0.5721082091331482,
                -0.308515340089798,
                -0.12956160306930542
            ],
            "quaternion_xyzw_world": [
                0.0011233034310862422,
                0.8795002698898315,
                -0.17783044278621674,
                0.44142332673072815
            ],
            "segmentation_id": 5,
            "visibility": 0
        },
        {
            "bounding_box_minx_maxx_miny_maxy": [
                -1,
                -1,
                -1,
                -1
            ],
            "class": "Tag",
            "local_cuboid": null,
            "local_to_world_matrix": [
                [
                    -0.5878967046737671,
                    -0.4179324805736542,
                    -0.692611038684845,
                    0.0
                ],
                [
                    -0.7606760263442993,
                    -0.005693793296813965,
                    0.6491068005561829,
                    0.0
                ],
                [
                    -0.275226354598999,
                    0.9084603190422058,
                    -0.3145639896392822,
                    0.0
                ],
                [
                    0.3386315405368805,
                    -0.12083857506513596,
                    -0.41038602590560913,
                    1.0
                ]
            ],
            "location": [
                0.12083857506513596,
                -0.41038602590560913,
                -0.3386315405368805
            ],
            "location_world": [
                0.3386315405368805,
                -0.12083857506513596,
                -0.41038602590560913
            ],
            "name": "google_Tag_Dishtowel_Basket_Weave_Red_18_x_26_5",
            "projected_cuboid": [
                [
                    453.6547660827637,
                    1162.4597311019897
                ],
                [
                    647.3574638366699,
                    1532.265305519104
                ],
                [
                    723.820686340332,
                    1437.7154111862183
                ],
                [
                    499.1242289543152,
                    1121.7254400253296
                ],
                [
                    318.12381744384766,
                    814.6952986717224
                ],
                [
                    362.4105155467987,
                    844.9745178222656
                ],
                [
                    422.4531054496765,
                    803.9367198944092
                ],
                [
                    356.7715287208557,
                    789.4966006278992
                ],
                [
                    439.62815403938293,
                    1001.2868642807007
                ]
            ],
            "provenance": "visii",
            "quaternion_xyzw": [
                -0.35128316283226013,
                0.4888629615306854,
                0.22813764214515686,
                -0.7652231454849243
            ],
            "quaternion_xyzw_world": [
                -0.42789047956466675,
                0.6886157989501953,
                0.565470278263092,
                0.15153032541275024
            ],
            "segmentation_id": 6,
            "visibility": 0
        },
        {
            "bounding_box_minx_maxx_miny_maxy": [
                -1,
                -1,
                -1,
                -1
            ],
            "class": "FRACTION",
            "local_cuboid": null,
            "local_to_world_matrix": [
                [
                    -0.9238107204437256,
                    -0.20298627018928528,
                    0.32460829615592957,
                    0.0
                ],
                [
                    -0.3822309076786041,
                    0.4408203959465027,
                    -0.8121433854103088,
                    0.0
                ],
                [
                    0.021759986877441406,
                    -0.8743420243263245,
                    -0.48482227325439453,
                    0.0
                ],
                [
                    1.0454241037368774,
                    0.6466158628463745,
                    0.03737465292215347,
                    1.0
                ]
            ],
            "location": [
                -0.6466158628463745,
                0.03737465292215347,
                -1.0454241037368774
            ],
            "location_world": [
                1.0454241037368774,
                0.6466158628463745,
                0.03737465292215347
            ],
            "name": "google_FRACTION_FUN_n4h4qte23QR_6",
            "projected_cuboid": [
                [
                    -80.74748516082764,
                    176.8740713596344
                ],
                [
                    -160.62769293785095,
                    270.9483504295349
                ],
                [
                    -185.93913316726685,
                    257.16838240623474
                ],
                [
                    -104.15413975715637,
                    164.00009393692017
                ],
                [
                    -53.18751931190491,
                    216.54579043388367
                ],
                [
                    -119.39418315887451,
                    299.2958128452301
                ],
                [
                    -140.91211557388306,
                    287.58618235588074
                ],
                [
                    -73.31305742263794,
                    205.49657940864563
                ],
                [
                    -112.10381984710693,
                    234.57446694374084
                ]
            ],
            "provenance": "visii",
            "quaternion_xyzw": [
                -0.7135982513427734,
                0.04071344435214996,
                -0.6299598217010498,
                -0.30376100540161133
            ],
            "quaternion_xyzw_world": [
                -0.1733430027961731,
                0.8440161943435669,
                -0.4995417892932892,
                -0.08970453590154648
            ],
            "segmentation_id": 7,
            "visibility": 0
        },
        {
            "bounding_box_minx_maxx_miny_maxy": [
                0,
                348,
                76,
                481
            ],
            "class": "FAIRY",
            "local_cuboid": null,
            "local_to_world_matrix": [
                [
                    -0.9031351804733276,
                    -0.346063494682312,
                    0.2541397213935852,
                    0.0
                ],
                [
                    -0.4053966999053955,
                    0.8822751641273499,
                    -0.23925736546516418,
                    0.0
                ],
                [
                    -0.14142291247844696,
                    -0.31910911202430725,
                    -0.937106728553772,
                    0.0
                ],
                [
                    0.43144792318344116,
                    0.10469656437635422,
                    0.05679624527692795,
                    1.0
                ]
            ],
            "location": [
                -0.10469656437635422,
                0.05679624527692795,
                -0.43144792318344116
            ],
            "location_world": [
                0.43144792318344116,
                0.10469656437635422,
                0.05679624527692795
            ],
            "name": "google_FAIRY_TALE_BLOCKS_7",
            "projected_cuboid": [
                [
                    473.86252880096436,
                    407.3071479797363
                ],
                [
                    -27.180492877960205,
                    643.4270739555359
                ],
                [
                    -156.21799230575562,
                    120.85515260696411
                ],
                [
                    339.6078944206238,
                    55.39049208164215
                ],
                [
                    293.6062216758728,
                    412.27012872695923
                ],
                [
                    -4.725843667984009,
                    534.0712070465088
                ],
                [
                    -76.17378234863281,
                    257.64915347099304
                ],
                [
                    219.24708783626556,
                    192.09438562393188
                ],
                [
                    149.8727798461914,
                    319.1535770893097
                ]
            ],
            "provenance": "visii",
            "quaternion_xyzw": [
                -0.6008115410804749,
                0.26136961579322815,
                -0.5085805654525757,
                -0.558620810508728
            ],
            "quaternion_xyzw_world": [
                -0.19474110007286072,
                0.9646912813186646,
                -0.144700825214386,
                -0.10251015424728394
            ],
            "segmentation_id": 8,
            "visibility": 1
        },
        {
            "bounding_box_minx_maxx_miny_maxy": [
                238,
                241,
                468,
                483
            ],
            "class": "Great",
            "local_cuboid": null,
            "local_to_world_matrix": [
                [
                    0.9030651450157166,
                    0.3497315049171448,
                    -0.24932152032852173,
                    0.0
                ],
                [
                    0.42908525466918945,
                    -0.7090061902999878,
                    0.559639036655426,
                    0.0
                ],
                [
                    0.018952876329421997,
                    -0.6123706698417664,
                    -0.7903434038162231,
                    0.0
                ],
                [
                    1.3160001039505005,
                    -0.0709853321313858,
                    -0.3676622807979584,
                    1.0
                ]
            ],
            "location": [
                0.0709853321313858,
                -0.3676622807979584,
                -1.3160001039505005
            ],
            "location_world": [
                1.3160001039505005,
                -0.0709853321313858,
                -0.3676622807979584
            ],
            "name": "google_Great_Jones_Wingtip_kAqSg6EgG0I_8",
            "projected_cuboid": [
                [
                    254.8833191394806,
                    509.13047790527344
                ],
                [
                    347.45484590530396,
                    411.5299880504608
                ],
                [
                    318.268358707428,
                    373.91483783721924
                ],
                [
                    222.53566980361938,
                    467.80118346214294
                ],
                [
                    274.8439908027649,
                    516.867995262146
                ],
                [
                    372.3803758621216,
                    411.14604473114014
                ],
                [
                    341.0341143608093,
                    370.6947863101959
                ],
                [
                    239.82153832912445,
                    472.0892608165741
                ],
                [
                    298.47002029418945,
                    439.0909671783447
                ]
            ],
            "provenance": "visii",
            "quaternion_xyzw": [
                0.16551610827445984,
                0.6943204402923584,
                -0.43907275795936584,
                0.545654296875
            ],
            "quaternion_xyzw_world": [
                0.922281801700592,
                0.211111381649971,
                -0.062445297837257385,
                0.31769296526908875
            ],
            "segmentation_id": 9,
            "visibility": 1
        },
        {
            "bounding_box_minx_maxx_miny_maxy": [
                238,
                392,
                158,
                296
            ],
            "class": "Ecoforms",
            "local_cuboid": null,
            "local_to_world_matrix": [
                [
                    -0.9988409280776978,
                    0.033097848296165466,
                    -0.03495888411998749,
                    0.0
                ],
                [
                    0.006048277951776981,
                    0.8066936731338501,
                    0.590938925743103,
                    0.0
                ],
                [
                    0.04775991290807724,
                    0.5900423526763916,
                    -0.8059589862823486,
                    0.0
                ],
                [
                    0.9330787658691406,
                    -0.16079525649547577,
                    0.1287994384765625,
                    1.0
                ]
            ],
            "location": [
                0.16079525649547577,
                0.1287994384765625,
                -0.9330787658691406
            ],
            "location_world": [
                0.9330787658691406,
                -0.16079525649547577,
                0.1287994384765625
            ],
            "name": "google_Ecoforms_Plant_Container_Quadra_Sand_QP6_9",
            "projected_cuboid": [
                [
                    346.29639983177185,
                    297.4672317504883
                ],
                [
                    236.83662712574005,
                    217.31442213058472
                ],
                [
                    308.270126581192,
                    119.2546933889389
                ],
                [
                    418.8799262046814,
                    200.04315674304962
                ],
                [
                    332.2899043560028,
                    284.8753035068512
                ],
                [
                    242.91788041591644,
                    219.43451464176178
                ],
                [
                    301.197350025177,
                    139.5137906074524
                ],
                [
                    391.33453369140625,
                    205.3776979446411
                ],
                [
                    321.54250144958496,
                    210.769921541214
                ]
            ],
            "provenance": "visii",
            "quaternion_xyzw": [
                -0.3254701793193817,
                0.6464899778366089,
                -0.3140060603618622,
                -0.614426851272583
            ],
            "quaternion_xyzw_world": [
                0.010299481451511383,
                0.9501965045928955,
                0.3107202649116516,
                0.021763602271676064
            ],
            "segmentation_id": 10,
            "visibility": 1
        },
        {
            "bounding_box_minx_maxx_miny_maxy": [
                -1,
                -1,
                -1,
                -1
            ],
            "class": "ReadytoUse",
            "local_cuboid": null,
            "local_to_world_matrix": [
                [
                    -0.8965091705322266,
                    0.44240081310272217,
                    0.023514732718467712,
                    0.0
                ],
                [
                    0.15137885510921478,
                    0.3557824492454529,
                    -0.9222273230552673,
                    0.0
                ],
                [
                    -0.4163602590560913,
                    -0.8232255578041077,
                    -0.3859323263168335,
                    0.0
                ],
                [
                    0.41160914301872253,
                    0.20651251077651978,
                    -0.4051608741283417,
                    1.0
                ]
            ],
            "location": [
                -0.20651251077651978,
                -0.4051608741283417,
                -0.41160914301872253
            ],
            "location_world": [
                0.41160914301872253,
                0.20651251077651978,
                -0.4051608741283417
            ],
            "name": "google_ReadytoUse_Rolled_Fondant_Pure_White_24_oz_box_10",
            "projected_cuboid": [
                [
                    67.35792756080627,
                    1200.4461288452148
                ],
                [
                    35.74976325035095,
                    1270.178198814392
                ],
                [
                    -154.71583604812622,
                    962.8897309303284
                ],
                [
                    -133.39197635650635,
                    900.5447626113892
                ],
                [
                    200.92648267745972,
                    940.6314492225647
                ],
                [
                    175.45755207538605,
                    996.1711168289185
                ],
                [
                    8.321523666381836,
                    801.1270761489868
                ],
                [
                    27.237966656684875,
                    750.8825659751892
                ],
                [
                    30.52292764186859,
                    951.296329498291
                ]
            ],
            "provenance": "visii",
            "quaternion_xyzw": [
                -0.5156224966049194,
                0.16110026836395264,
                -0.833814799785614,
                -0.11372345685958862
            ],
            "quaternion_xyzw_world": [
                0.1827845573425293,
                0.8121305108070374,
                -0.5373067855834961,
                -0.1354077309370041
            ],
            "segmentation_id": 11,
            "visibility": 0
        },
        {
            "bounding_box_minx_maxx_miny_maxy": [
                -1,
                -1,
                -1,
                -1
            ],
            "class": "Dog",
            "local_cuboid": null,
            "local_to_world_matrix": [
                [
                    -0.8164753913879395,
                    -0.14766478538513184,
                    0.5581789612770081,
                    0.0
                ],
                [
                    0.2345813810825348,
                    -0.968195915222168,
                    0.08699977397918701,
                    0.0
                ],
                [
                    0.5275796055793762,
                    0.20197150111198425,
                    0.8251468539237976,
                    0.0
                ],
                [
                    0.20841047167778015,
                    -0.22843362390995026,
                    -0.16837246716022491,
                    1.0
                ]
            ],
            "location": [
                0.22843362390995026,
                -0.16837246716022491,
                -0.20841047167778015
            ],
            "location_world": [
                0.20841047167778015,
                -0.22843362390995026,
                -0.16837246716022491
            ],
            "name": "google_Dog_11",
            "projected_cuboid": [
                [
                    609.055757522583,
                    82.61159062385559
                ],
                [
                    998.8276362419128,
                    72.29092717170715
                ],
                [
                    1769.2410945892334,
                    674.7490167617798
                ],
                [
                    1297.9975938796997,
                    989.2539381980896
                ],
                [
                    378.45379114151,
                    368.27296018600464
                ],
                [
                    619.3413734436035,
                    333.3916366100311
                ],
                [
                    814.6764039993286,
                    667.6366925239563
                ],
                [
                    513.6924982070923,
                    767.8627371788025
                ],
                [
                    737.2469902038574,
                    447.33718037605286
                ]
            ],
            "provenance": "visii",
            "quaternion_xyzw": [
                0.6301279664039612,
                0.6055812835693359,
                0.24380116164684296,
                -0.42044177651405334
            ],
            "quaternion_xyzw_world": [
                0.2857331335544586,
                0.07604698836803436,
                0.9499760866165161,
                -0.10059362649917603
            ],
            "segmentation_id": 12,
            "visibility": 0
        },
        {
            "bounding_box_minx_maxx_miny_maxy": [
                -1,
                -1,
                -1,
                -1
            ],
            "class": "Black",
            "local_cuboid": null,
            "local_to_world_matrix": [
                [
                    0.9598481059074402,
                    -0.10207037627696991,
                    0.2612915635108948,
                    0.0
                ],
                [
                    -0.16372068226337433,
                    -0.9601916074752808,
                    0.22633688151836395,
                    0.0
                ],
                [
                    0.227787584066391,
                    -0.26002785563468933,
                    -0.9383491277694702,
                    0.0
                ],
                [
                    1.5406436920166016,
                    0.2874775826931,
                    -0.05231205374002457,
                    1.0
                ]
            ],
            "location": [
                -0.2874775826931,
                -0.05231205374002457,
                -1.5406436920166016
            ],
            "location_world": [
                1.5406436920166016,
                0.2874775826931,
                -0.05231205374002457
            ],
            "name": "google_Black_Elderberry_Syrup_54_oz_Gaia_Herbs_12",
            "projected_cuboid": [
                [
                    146.57384157180786,
                    320.55240869522095
                ],
                [
                    167.39945113658905,
                    315.92321395874023
                ],
                [
                    151.08473598957062,
                    264.7457420825958
                ],
                [
                    129.9217939376831,
                    269.7870135307312
                ],
                [
                    140.64812660217285,
                    328.8555145263672
                ],
                [
                    162.17747330665588,
                    324.11372661590576
                ],
                [
                    145.1551914215088,
                    271.25513553619385
                ],
                [
                    123.26554954051971,
                    276.43704414367676
                ],
                [
                    145.88668942451477,
                    296.6759502887726
                ]
            ],
            "provenance": "visii",
            "quaternion_xyzw": [
                0.5252431035041809,
                0.5813893675804138,
                -0.3330935835838318,
                0.5245521664619446
            ],
            "quaternion_xyzw_world": [
                0.9821391105651855,
                -0.06765616685152054,
                0.12449334561824799,
                0.12380240112543106
            ],
            "segmentation_id": 13,
            "visibility": 0
        },
        {
            "bounding_box_minx_maxx_miny_maxy": [
                95,
                150,
                82,
                117
            ],
            "class": "Razer",
