{
    "camera_data": {
        "camera_look_at": {
            "at": [
                1.0,
                0.0,
                0.0
            ],
            "eye": [
                0.0,
                0.0,
                0.0
            ],
            "up": [
                0.0,
                0.0,
                1.0
            ]
        },
        "camera_view_matrix": [
            [
                0.0,
                0.0,
                -1.0,
                0.0
            ],
            [
                -1.0,
                0.0,
                0.0,
                0.0
            ],
            [
                0.0,
                1.0,
                0.0,
                0.0
            ],
            [
                0.0,
                0.0,
                0.0,
                1.0
            ]
        ],
        "height": 500,
        "intrinsics": {
            "cx": 250.0,
            "cy": 250.0,
            "fx": 603.5535278320312,
            "fy": 603.5535278320312
        },
        "location_world": [
            0.0,
            0.0,
            0.0
        ],
        "quaternion_world_xyzw": [
            0.5,
            -0.5,
            -0.5,
            0.5
        ],
        "width": 500
    },
    "objects": [
        {
            "bounding_box_minx_maxx_miny_maxy": [
                138,
                183,
                177,
                226
            ],
            "class": "Reebok",
            "local_cuboid": null,
            "local_to_world_matrix": [
                [
                    -0.6536017656326294,
                    -0.18752679228782654,
                    -0.7332384586334229,
                    0.0
                ],
                [
                    -0.24689924716949463,
                    0.9686466455459595,
                    -0.027649179100990295,
                    0.0
                ],
                [
                    0.7154339551925659,
                    0.16296447813510895,
                    -0.679409384727478,
                    0.0
                ],
                [
                    1.432530164718628,
                    0.11710405349731445,
                    0.1538737714290619,
                    1.0
                ]
            ],
            "location": [
                -0.11710405349731445,
                0.1538737714290619,
                -1.432530164718628
            ],
            "location_world": [
                1.432530164718628,
                0.11710405349731445,
                0.1538737714290619
            ],
            "name": "google_Reebok_SOMERSET_RUN_0",
            "projected_cuboid": [
                [
                    256.5177083015442,
                    234.97039079666138
                ],
                [
                    138.23813199996948,
                    237.6030534505844
                ],
                [
                    139.80945944786072,
                    201.82624459266663
                ],
                [
                    264.871746301651,
                    200.84640383720398
                ],
                [
                    248.17359447479248,
                    204.22585308551788
                ],
                [
                    135.25071740150452,
                    205.26540279388428
                ],
                [
                    136.56803965568542,
                    169.45591568946838
                ],
                [
                    255.65791130065918,
                    170.07766664028168
                ],
                [
                    198.20192456245422,
                    203.11927795410156
                ]
            ],
            "provenance": "visii",
            "quaternion_xyzw": [
                -0.6947319507598877,
                0.6124250888824463,
                -0.1765562891960144,
                -0.3333330452442169
            ],
            "quaternion_xyzw_world": [
                -0.11954180896282196,
                0.9085232019424438,
                0.03723495826125145,
                0.3986338675022125
            ],
            "segmentation_id": 1,
            "visibility": 1
        },
        {
            "bounding_box_minx_maxx_miny_maxy": [
                -1,
                -1,
                -1,
                -1
            ],
            "class": "Breyer",
            "local_cuboid": null,
            "local_to_world_matrix": [
                [
                    -0.47951698303222656,
                    0.5428415536880493,
                    0.6894828081130981,
                    0.0
                ],
                [
                    -0.8672009706497192,
                    -0.4133484363555908,
                    -0.27767884731292725,
                    0.0
                ],
                [
                    0.13426107168197632,
                    -0.7310718297958374,
                    0.6689603328704834,
                    0.0
                ],
                [
                    0.5545527338981628,
                    0.094619520008564,
                    -0.5508300065994263,
                    1.0
                ]
            ],
            "location": [
                -0.094619520008564,
                -0.5508300065994263,
                -0.5545527338981628
            ],
            "location_world": [
                0.5545527338981628,
                0.094619520008564,
                -0.5508300065994263
            ],
            "name": "google_Breyer_Horse_Of_The_Year_2015_1",
            "projected_cuboid": [
                [
                    187.72950768470764,
                    655.0298929214478
                ],
                [
                    210.81894636154175,
                    716.3139581680298
                ],
                [
                    64.62845206260681,
                    869.0068125724792
                ],
                [
                    54.744794964790344,
                    790.5380725860596
                ],
                [
                    314.9935305118561,
                    734.0313792228699
                ],
                [
                    344.4373607635498,
                    790.5764579772949
                ],
                [
                    230.99519312381744,
                    916.6635870933533
                ],
                [
                    209.6153199672699,
                    848.2354879379272
                ],
                [
                    210.14152467250824,
                    790.5586957931519
                ]
            ],
            "provenance": "visii",
            "quaternion_xyzw": [
                0.4661272168159485,
                0.5914862155914307,
                0.649280309677124,
                0.1063232421875
            ],
            "quaternion_xyzw_world": [
                0.25732821226119995,
                -0.31512224674224854,
                0.8002852201461792,
                0.4404812455177307
            ],
            "segmentation_id": 2,
            "visibility": 0
        },
        {
            "bounding_box_minx_maxx_miny_maxy": [
                0,
                84,
                31,
                161
            ],
            "class": "Smith",
            "local_cuboid": null,
            "local_to_world_matrix": [
                [
                    0.07082575559616089,
                    -0.04530325531959534,
                    -0.996459424495697,
                    0.0
                ],
                [
                    0.6310176849365234,
                    0.7757092118263245,
                    0.00958406925201416,
                    0.0
                ],
                [
                    0.7725285887718201,
                    -0.6294623613357544,
                    0.0835273265838623,
                    0.0
                ],
                [
                    1.7102856636047363,
                    0.645555853843689,
                    0.4422895610332489,
                    1.0
                ]
            ],
            "location": [
                -0.645555853843689,
                0.4422895610332489,
                -1.7102856636047363
            ],
            "location_world": [
                1.7102856636047363,
                0.645555853843689,
                0.4422895610332489
            ],
            "name": "google_Smith_Hawken_Woven_BasketTray_Organizer_with_3_Compartments_95_x_9_x_13_2",
            "projected_cuboid": [
                [
                    130.24094700813293,
                    157.32204914093018
                ],
                [
                    79.9684077501297,
                    164.06971216201782
                ],
                [
                    3.76717746257782,
                    161.68943047523499
                ],
                [
                    52.85550653934479,
                    153.8522094488144
                ],
                [
                    123.15058708190918,
                    36.99280321598053
                ],
                [
                    72.81129062175751,
                    53.67496609687805
                ],
                [
                    -5.321115255355835,
                    38.366883993148804
                ],
                [
                    43.62951219081879,
                    18.000438809394836
                ],
                [
                    63.781529664993286,
                    99.00414943695068
                ]
            ],
            "provenance": "visii",
            "quaternion_xyzw": [
                -0.6723555326461792,
                0.6589403748512268,
                -0.2077162265777588,
                0.2656872272491455
            ],
            "quaternion_xyzw_world": [
                0.22999413311481476,
                0.6366624236106873,
                -0.24340932071208954,
                0.694633424282074
            ],
            "segmentation_id": 3,
            "visibility": 1
        },
        {
            "bounding_box_minx_maxx_miny_maxy": [
                -1,
                -1,
                -1,
                -1
            ],
            "class": "Paul",
            "local_cuboid": null,
            "local_to_world_matrix": [
                [
                    0.3785080313682556,
                    0.07900041341781616,
                    0.9222204685211182,
                    0.0
                ],
                [
                    -0.8240286707878113,
                    0.48253941535949707,
                    0.296871155500412,
                    0.0
                ],
                [
                    -0.4215548038482666,
                    -0.8723042011260986,
                    0.2477436065673828,
                    0.0
                ],
                [
                    0.31347426772117615,
                    -0.30158641934394836,
                    -0.1266232430934906,
                    1.0
                ]
            ],
            "location": [
                0.30158641934394836,
                -0.1266232430934906,
                -0.31347426772117615
            ],
            "location_world": [
                0.31347426772117615,
                -0.30158641934394836,
                -0.1266232430934906
            ],
            "name": "google_Paul_Frank_Dot_Lunch_Box_3",
            "projected_cuboid": [
                [
                    1260.9575986862183,
                    178.50929498672485
                ],
                [
                    1525.269865989685,
                    62.36448884010315
                ],
                [
                    751.4025568962097,
                    228.63565385341644
                ],
                [
                    719.1479802131653,
                    280.6905210018158
                ],
                [
                    1799.5973825454712,
                    841.3310647010803
                ],
                [
                    2674.9393939971924,
                    1114.9400472640991
                ],
                [
                    1036.594271659851,
                    887.4005079269409
                ],
                [
                    911.6339683532715,
                    766.2490010261536
                ],
                [
                    1168.018102645874,
                    472.1575975418091
                ]
            ],
            "provenance": "visii",
            "quaternion_xyzw": [
                0.22504091262817383,
                0.4884456992149353,
                0.5485626459121704,
                0.6402002573013306
            ],
            "quaternion_xyzw_world": [
                0.40256211161613464,
                -0.46267908811569214,
                0.3109245002269745,
                0.7260838747024536
            ],
            "segmentation_id": 4,
            "visibility": 0
        },
        {
            "bounding_box_minx_maxx_miny_maxy": [
                204,
                242,
                211,
                247
            ],
            "class": "Toys",
            "local_cuboid": null,
            "local_to_world_matrix": [
                [
                    0.1295345425605774,
                    0.8723778128623962,
                    0.4713572859764099,
                    0.0
                ],
                [
                    -0.9915468096733093,
                    0.11038029193878174,
                    0.06819936633110046,
                    0.0
                ],
                [
                    0.007467061281204224,
                    -0.4762069880962372,
                    0.8793015480041504,
                    0.0
                ],
                [
                    1.269919514656067,
                    0.08696644753217697,
                    0.01620561070740223,
                    1.0
                ]
            ],
            "location": [
                -0.08696644753217697,
                0.01620561070740223,
                -1.269919514656067
            ],
            "location_world": [
                1.269919514656067,
                0.08696644753217697,
                0.01620561070740223
            ],
            "name": "google_Toys_R_Us_Treat_Dispenser_Smart_Puzzle_Foobler_4",
            "projected_cuboid": [
                [
                    217.59295463562012,
                    168.9372956752777
                ],
                [
                    204.97769117355347,
                    153.41123938560486
                ],
                [
                    168.29031705856323,
                    220.98219394683838
                ],
                [
                    185.0443184375763,
                    228.91829907894135
                ],
                [
                    278.0233919620514,
                    200.63623785972595
                ],
                [
                    272.97863364219666,
                    188.93058598041534
                ],
                [
                    235.73589324951172,
                    257.68014788627625
                ],
                [
                    245.03837525844574,
                    261.5441083908081
                ],
                [
                    226.04398429393768,
                    210.27390658855438
                ]
            ],
            "provenance": "visii",
            "quaternion_xyzw": [
                0.12931537628173828,
                0.6978617906570435,
                0.6702073812484741,
                0.2169990837574005
            ],
            "quaternion_xyzw_world": [
                0.18698446452617645,
                -0.15933001041412354,
                0.6401926875114441,
                0.7278764247894287
            ],
            "segmentation_id": 5,
            "visibility": 1
        },
        {
            "bounding_box_minx_maxx_miny_maxy": [
                -1,
                -1,
                -1,
                -1
            ],
            "class": "Tag",
            "local_cuboid": null,
            "local_to_world_matrix": [
                [
                    -0.38907110691070557,
                    0.38814985752105713,
                    0.8354420065879822,
                    0.0
                ],
                [
                    0.7494875192642212,
                    0.6606793403625488,
                    0.0420871376991272,
                    0.0
                ],
                [
                    -0.5356231331825256,
                    0.642528235912323,
                    -0.5479646921157837,
                    0.0
                ],
                [
                    0.4477924108505249,
                    -0.2916121184825897,
                    -0.39191651344299316,
                    1.0
                ]
            ],
            "location": [
                0.2916121184825897,
                -0.39191651344299316,
                -0.4477924108505249
            ],
            "location_world": [
                0.4477924108505249,
                -0.2916121184825897,
                -0.39191651344299316
            ],
            "name": "google_Tag_Dishtowel_Basket_Weave_Red_18_x_26_5",
            "projected_cuboid": [
                [
                    862.568199634552,
                    924.3394136428833
                ],
                [
                    448.951780796051,
                    668.4117317199707
                ],
                [
                    468.47987174987793,
                    629.885733127594
                ],
                [
                    868.9247369766235,
                    850.6606221199036
                ],
                [
                    860.7205152511597,
                    1034.3204736709595
                ],
                [
                    497.61560559272766,
                    774.3380069732666
                ],
                [
                    513.2654905319214,
                    736.8296384811401
                ],
                [
                    866.0934567451477,
                    967.8426384925842
                ],
                [
                    636.2048387527466,
                    802.8249144554138
                ]
            ],
            "provenance": "visii",
            "quaternion_xyzw": [
                0.09238490462303162,
                0.47292014956474304,
                -0.6858727931976318,
                -0.5453348159790039
            ],
            "quaternion_xyzw_world": [
                0.3529214859008789,
                0.8058714270591736,
                0.21238355338573456,
                -0.42533618211746216
            ],
            "segmentation_id": 6,
            "visibility": 0
        },
        {
            "bounding_box_minx_maxx_miny_maxy": [
                0,
                20,
                174,
                220
            ],
            "class": "FRACTION",
            "local_cuboid": null,
            "local_to_world_matrix": [
                [
                    0.015944182872772217,
                    0.11048747599124908,
                    0.9937496185302734,
                    0.0
                ],
                [
                    0.36553680896759033,
                    -0.925722599029541,
                    0.0970592200756073,
                    0.0
                ],
                [
                    0.9306602478027344,
                    0.361704558134079,
                    -0.05514717102050781,
                    0.0
                ],
                [
                    1.528255581855774,
                    0.6845429539680481,
                    0.10769364982843399,
                    1.0
                ]
            ],
            "location": [
                -0.6845429539680481,
                0.10769364982843399,
                -1.528255581855774
            ],
            "location_world": [
                1.528255581855774,
                0.6845429539680481,
                0.10769364982843399
            ],
            "name": "google_FRACTION_FUN_n4h4qte23QR_6",
            "projected_cuboid": [
                [
                    -63.43141198158264,
                    178.042471408844
                ],
                [
                    15.916138887405396,
                    174.23860728740692
                ],
                [
                    15.928894281387329,
                    171.33307456970215
                ],
                [
                    -65.580815076828,
                    175.10628700256348
                ],
                [
                    -56.38203024864197,
                    246.45115435123444
                ],
                [
                    22.79961109161377,
                    239.68857526779175
                ],
                [
                    22.992044687271118,
                    238.48605155944824
                ],
                [
                    -58.34299325942993,
                    245.3775852918625
                ],
                [
                    -19.86256241798401,
                    208.514004945755
                ]
            ],
            "provenance": "visii",
            "quaternion_xyzw": [
                0.6563370823860168,
                0.7311304807662964,
                -0.14384707808494568,
                -0.1182279884815216
            ],
            "quaternion_xyzw_world": [
                0.7065433263778687,
                0.16843421757221222,
                0.6809242367744446,
                -0.09364087134599686
            ],
            "segmentation_id": 7,
            "visibility": 1
        },
        {
            "bounding_box_minx_maxx_miny_maxy": [
                0,
                70,
                1,
                138
            ],
            "class": "FAIRY",
            "local_cuboid": null,
            "local_to_world_matrix": [
                [
                    0.5231044292449951,
                    -0.7920607924461365,
                    -0.3146449029445648,
                    0.0
                ],
                [
                    -0.051164448261260986,
                    0.33933407068252563,
                    -0.9392733573913574,
                    0.0
                ],
                [
                    0.850731372833252,
                    0.5074367523193359,
                    0.1369817852973938,
                    0.0
                ],
                [
                    0.41077348589897156,
                    0.2653019428253174,
                    0.1475045084953308,
                    1.0
                ]
            ],
            "location": [
                -0.2653019428253174,
                0.1475045084953308,
                -0.41077348589897156
            ],
            "location_world": [
                0.41077348589897156,
                0.2653019428253174,
                0.1475045084953308
            ],
            "name": "google_FAIRY_TALE_BLOCKS_7",
            "projected_cuboid": [
                [
                    39.20678794384003,
                    13.659924268722534
                ],
                [
                    -47.50680923461914,
                    236.81147396564484
                ],
                [
                    -22.22353219985962,
                    270.79206705093384
                ],
                [
                    97.87535667419434,
                    -41.05651378631592
                ],
                [
                    -229.18084263801575,
                    -129.37340140342712
                ],
                [
                    -343.9926505088806,
                    144.73068714141846
                ],
                [
                    -474.7748374938965,
                    140.21055400371552
                ],
                [
                    -293.2344079017639,
                    -281.03965520858765
                ],
                [
                    -133.24704766273499,
                    56.1208575963974
                ]
            ],
            "provenance": "visii",
            "quaternion_xyzw": [
                -0.9463172554969788,
                0.1727694720029831,
                0.2722504436969757,
                0.022671401500701904
            ],
            "quaternion_xyzw_world": [
                -0.5115634202957153,
                0.4120824635028839,
                -0.26198437809944153,
                0.7070043087005615
            ],
            "segmentation_id": 8,
            "visibility": 1
        },
        {
            "bounding_box_minx_maxx_miny_maxy": [
                -1,
                -1,
                -1,
                -1
            ],
            "class": "Great",
            "local_cuboid": null,
            "local_to_world_matrix": [
                [
                    0.619613766670227,
                    0.6881467700004578,
                    -0.3775351643562317,
                    0.0
                ],
                [
                    0.7653688788414001,
                    -0.6363593339920044,
                    0.09621486067771912,
                    0.0
                ],
                [
                    -0.17403805255889893,
                    -0.34856972098350525,
                    -0.920983076095581,
                    0.0
                ],
                [
                    1.0567107200622559,
                    -0.26930421590805054,
                    -0.04278966784477234,
                    1.0
                ]
            ],
            "location": [
                0.26930421590805054,
                -0.04278966784477234,
                -1.0567107200622559
            ],
            "location_world": [
                1.0567107200622559,
                -0.26930421590805054,
                -0.04278966784477234
            ],
            "name": "google_Great_Jones_Wingtip_kAqSg6EgG0I_8",
            "projected_cuboid": [
                [
                    358.6577773094177,
                    366.36409163475037
                ],
                [
                    437.50911951065063,
                    327.80957221984863
                ],
                [
                    414.675772190094,
                    274.308979511261
                ],
                [
                    331.81920647621155,
                    298.92975091934204
                ],
                [
                    419.46426033973694,
                    346.74084186553955
                ],
                [
                    490.2160167694092,
                    309.9948465824127
                ],
                [
                    465.0900959968567,
                    253.57288122177124
                ],
                [
                    389.24330472946167,
                    274.5882570743561
                ],
                [
                    416.69541597366333,
                    304.858922958374
                ]
            ],
            "provenance": "visii",
            "quaternion_xyzw": [
                0.10198076069355011,
                0.6344926357269287,
                -0.6644489765167236,
                0.381479412317276
            ],
            "quaternion_xyzw_world": [
                0.8912009000778198,
                0.4077407419681549,
                -0.1547275185585022,
                0.1247711330652237
            ],
            "segmentation_id": 9,
            "visibility": 0
        },
        {
            "bounding_box_minx_maxx_miny_maxy": [
                371,
                499,
                4,
                150
            ],
            "class": "Ecoforms",
            "local_cuboid": null,
            "local_to_world_matrix": [
                [
                    -0.7383701801300049,
                    -0.12328851222991943,
                    -0.6630305051803589,
                    0.0
                ],
                [
                    0.6719592213630676,
                    -0.21799123287200928,
                    -0.7077786922454834,
                    0.0
                ],
                [
                    -0.05727386474609375,
                    -0.9681321382522583,
                    0.2438030242919922,
                    0.0
                ],
                [
                    1.056464433670044,
                    -0.23064717650413513,
                    0.26351824402809143,
                    1.0
                ]
            ],
            "location": [
                0.23064717650413513,
                0.26351824402809143,
                -1.056464433670044
            ],
            "location_world": [
                1.056464433670044,
                -0.23064717650413513,
                0.26351824402809143
            ],
            "name": "google_Ecoforms_Plant_Container_Quadra_Sand_QP6_9",
            "projected_cuboid": [
                [
                    504.4384002685547,
                    45.779719948768616
                ],
                [
                    497.2382187843323,
                    148.91567826271057
                ],
                [
                    401.1951684951782,
                    173.45887422561646
                ],
                [
                    395.0169086456299,
                    74.80171322822571
                ],
                [
                    457.0375382900238,
                    0.7096081972122192
                ],
                [
                    455.82181215286255,
                    96.44713997840881
                ],
                [
                    371.45164608955383,
                    118.51853132247925
                ],
                [
                    362.51533031463623,
                    26.3032466173172
                ],
                [
                    429.1580021381378,
                    86.95529401302338
                ]
            ],
            "provenance": "visii",
            "quaternion_xyzw": [
                0.6659191846847534,
                -0.16707706451416016,
                0.6406567096710205,
                -0.34379634261131287
            ],
            "quaternion_xyzw_world": [
                -0.24280546605587006,
                -0.5649282932281494,
                0.7416476011276245,
                -0.2680679261684418
            ],
            "segmentation_id": 10,
            "visibility": 1
        },
        {
            "bounding_box_minx_maxx_miny_maxy": [
                -1,
                -1,
                -1,
                -1
            ],
            "class": "ReadytoUse",
            "local_cuboid": null,
            "local_to_world_matrix": [
                [
                    0.47765427827835083,
                    0.2031395435333252,
                    0.8547402620315552,
                    0.0
                ],
                [
                    0.7184553146362305,
                    -0.6502594947814941,
                    -0.24695232510566711,
                    0.0
                ],
                [
                    0.5056368112564087,
                    0.7320504188537598,
                    -0.4565460681915283,
                    0.0
                ],
                [
                    0.5346595048904419,
                    0.10833944380283356,
                    -0.32202714681625366,
                    1.0
                ]
            ],
            "location": [
                -0.10833944380283356,
                -0.32202714681625366,
                -0.5346595048904419
            ],
            "location_world": [
                0.5346595048904419,
                0.10833944380283356,
                -0.32202714681625366
            ],
            "name": "google_ReadytoUse_Rolled_Fondant_Pure_White_24_oz_box_10",
            "projected_cuboid": [
                [
                    1.3041049242019653,
                    576.1895179748535
                ],
                [
                    43.39797794818878,
                    569.9024796485901
                ],
                [
                    141.29002392292023,
                    536.8829965591431
                ],
                [
                    98.94919395446777,
                    542.0174598693848
                ],
                [
                    2.1140575408935547,
                    718.7960147857666
                ],
                [
                    48.18204045295715,
                    703.6359906196594
                ],
                [
                    157.72992372512817,
                    688.7490749359131
                ],
                [
                    111.53407394886017,
                    705.4821848869324
                ],
                [
                    72.19237089157104,
                    627.1985769271851
                ]
            ],
            "provenance": "visii",
            "quaternion_xyzw": [
                0.6223845481872559,
                0.604529619216919,
                -0.4859154522418976,
                -0.10520407557487488
            ],
            "quaternion_xyzw_world": [
                0.8038127422332764,
                0.28663232922554016,
                0.42310136556625366,
                -0.3044871985912323
            ],
            "segmentation_id": 11,
            "visibility": 0
        },
        {
            "bounding_box_minx_maxx_miny_maxy": [
                164,
                499,
                157,
                500
            ],
            "class": "Dog",
            "local_cuboid": null,
            "local_to_world_matrix": [
                [
                    0.6423425674438477,
                    0.1070060133934021,
                    -0.7589108943939209,
                    0.0
                ],
                [
                    -0.6490684747695923,
                    -0.4506145715713501,
                    -0.6129082441329956,
                    0.0
                ],
                [
                    -0.40756118297576904,
                    0.886282205581665,
                    -0.2199946641921997,
                    0.0
                ],
                [
                    0.3594374358654022,
                    -0.13910597562789917,
                    -0.06649429351091385,
                    1.0
                ]
            ],
            "location": [
                0.13910597562789917,
                -0.06649429351091385,
                -0.3594374358654022
            ],
            "location_world": [
                0.3594374358654022,
                -0.13910597562789917,
                -0.06649429351091385
            ],
            "name": "google_Dog_11",
            "projected_cuboid": [
                [
                    116.15104973316193,
                    459.0620994567871
                ],
                [
                    233.5338145494461,
                    779.7168493270874
                ],
                [
                    521.5560793876648,
                    594.3044424057007
                ],
                [
                    353.1886339187622,
                    371.4063763618469
                ],
                [
                    97.4438339471817,
                    175.95405876636505
                ],
                [
                    320.250004529953,
                    590.5976891517639
                ],
                [
                    767.2391533851624,
                    350.81472992897034
                ],
                [
                    440.8048391342163,
                    116.95343255996704
                ],
                [
                    345.75262665748596,
                    420.8894371986389
                ]
            ],
            "provenance": "visii",
            "quaternion_xyzw": [
                0.5240088701248169,
                -0.14708544313907623,
                -0.7292934060096741,
                0.41462239623069763
            ],
            "quaternion_xyzw_world": [
                0.7604196071624756,
                -0.17821162939071655,
                -0.3834961950778961,
                -0.492882639169693
            ],
            "segmentation_id": 12,
            "visibility": 1
        },
        {
            "bounding_box_minx_maxx_miny_maxy": [
                -1,
                -1,
                -1,
                -1
            ],
            "class": "Black",
            "local_cuboid": null,
            "local_to_world_matrix": [
                [
                    -0.3433431386947632,
                    0.8350439071655273,
                    -0.4299038052558899,
                    0.0
                ],
                [
                    -0.8957539796829224,
                    -0.4287604093551636,
                    -0.11742804944515228,
                    0.0
                ],
                [
                    -0.2823832631111145,
                    0.3447698950767517,
                    0.8952057957649231,
                    0.0
                ],
                [
                    1.1254701614379883,
                    -0.286000519990921,
                    -0.4368380308151245,
                    1.0
                ]
            ],
            "location": [
                0.286000519990921,
                -0.4368380308151245,
                -1.1254701614379883
            ],
            "location_world": [
                1.1254701614379883,
                -0.286000519990921,
                -0.4368380308151245
            ],
            "name": "google_Black_Elderberry_Syrup_54_oz_Gaia_Herbs_12",
            "projected_cuboid": [
                [
                    359.32788252830505,
                    423.04694652557373
                ],
                [
                    379.43583726882935,
                    435.78001856803894
                ],
                [
                    402.28837728500366,
                    500.7716417312622
                ],
                [
                    381.8427622318268,
                    485.4835569858551
                ],
                [
                    383.1058144569397,
                    406.7915976047516
                ],
                [
                    404.0229916572571,
                    418.48504543304443
                ],
                [
                    425.5625903606415,
                    482.9661250114441
                ],
                [
                    404.40183877944946,
                    468.7473475933075
                ],
                [
                    392.56003499031067,
                    453.11039686203003
                ]
            ],
            "provenance": "visii",
            "quaternion_xyzw": [
                -0.00047721341252326965,
                0.599005937576294,
                0.7474715709686279,
                -0.2871895432472229
            ],
            "quaternion_xyzw_world": [
                -0.21806620061397552,
                0.06960055977106094,
                0.8165949583053589,
                0.5298826098442078
            ],
            "segmentation_id": 13,
            "visibility": 0
        },
        {
            "bounding_box_minx_maxx_miny_maxy": [
                -1,
                -1,
                -1,
                -1
            ],
            "class": "Razer",
            "local_cuboid": null,
