{
    "camera_data": {
        "camera_look_at": {
            "at": [
                1.0,
                0.0,
                0.0
            ],
            "eye": [
                0.0,
                0.0,
                0.0
            ],
            "up": [
                0.0,
                0.0,
                1.0
            ]
        },
        "camera_view_matrix": [
            [
                0.0,
                0.0,
                -1.0,
                0.0
            ],
            [
                -1.0,
                0.0,
                0.0,
                0.0
            ],
            [
                0.0,
                1.0,
                0.0,
                0.0
            ],
            [
                0.0,
                0.0,
                0.0,
                1.0
            ]
        ],
        "height": 500,
        "intrinsics": {
            "cx": 250.0,
            "cy": 250.0,
            "fx": 603.5535278320312,
            "fy": 603.5535278320312
        },
        "location_world": [
            0.0,
            0.0,
            0.0
        ],
        "quaternion_world_xyzw": [
            0.5,
            -0.5,
            -0.5,
            0.5
        ],
        "width": 500
    },
    "objects": [
        {
            "bounding_box_minx_maxx_miny_maxy": [
                292,
                336,
                118,
                157
            ],
            "class": "Reebok",
            "local_cuboid": null,
            "local_to_world_matrix": [
                [
                    -0.40595459938049316,
                    -0.7789146304130554,
                    0.47801002860069275,
                    0.0
                ],
                [
                    0.7474861741065979,
                    -0.5839260816574097,
                    -0.3166944682598114,
                    0.0
                ],
                [
                    0.5258002877235413,
                    0.2287423312664032,
                    0.8192747831344604,
                    0.0
                ],
                [
                    1.512521505355835,
                    -0.1994638890028,
                    0.21408142149448395,
                    1.0
                ]
            ],
            "location": [
                0.1994638890028,
                0.21408142149448395,
                -1.512521505355835
            ],
            "location_world": [
                1.512521505355835,
                -0.1994638890028,
                0.21408142149448395
            ],
            "name": "google_Reebok_SOMERSET_RUN_0",
            "projected_cuboid": [
                [
                    305.03568053245544,
                    89.83166515827179
                ],
                [
                    359.91671681404114,
                    144.63751018047333
                ],
                [
                    374.13787841796875,
                    176.51957273483276
                ],
                [
                    319.0835118293762,
                    124.34287369251251
                ],
                [
                    267.65817403793335,
                    116.66420102119446
                ],
                [
                    325.858473777771,
                    166.55686497688293
                ],
                [
                    338.4193778038025,
                    198.36431741714478
                ],
                [
                    279.65450286865234,
                    151.21521055698395
                ],
                [
                    322.82841205596924,
                    147.6769745349884
                ]
            ],
            "provenance": "visii",
            "quaternion_xyzw": [
                0.8095383644104004,
                0.32794487476348877,
                0.0547262579202652,
                -0.48384401202201843
            ],
            "quaternion_xyzw_world": [
                0.29945650696754456,
                -0.026237865909934044,
                0.838026762008667,
                -0.45535561442375183
            ],
            "segmentation_id": 1,
            "visibility": 1
        },
        {
            "bounding_box_minx_maxx_miny_maxy": [
                -1,
                -1,
                -1,
                -1
            ],
            "class": "Breyer",
            "local_cuboid": null,
            "local_to_world_matrix": [
                [
                    -0.9803814888000488,
                    -0.1704912930727005,
                    0.09892334789037704,
                    0.0
                ],
                [
                    -0.14580102264881134,
                    0.28950703144073486,
                    -0.9460064172744751,
                    0.0
                ],
                [
                    0.13264679908752441,
                    -0.941869854927063,
                    -0.30868542194366455,
                    0.0
                ],
                [
                    0.6843615174293518,
                    0.2525220513343811,
                    -0.5441858172416687,
                    1.0
                ]
            ],
            "location": [
                -0.2525220513343811,
                -0.5441858172416687,
                -0.6843615174293518
            ],
            "location_world": [
                0.6843615174293518,
                0.2525220513343811,
                -0.5441858172416687
            ],
            "name": "google_Breyer_Horse_Of_The_Year_2015_1",
            "projected_cuboid": [
                [
                    166.78151488304138,
                    818.4269070625305
                ],
                [
                    148.34310114383698,
                    882.9427361488342
                ],
                [
                    -9.61330533027649,
                    855.1622629165649
                ],
                [
                    11.798873543739319,
                    788.7658476829529
                ],
                [
                    160.77116131782532,
                    678.1217455863953
                ],
                [
                    147.42055535316467,
                    723.162591457367
                ],
                [
                    34.69347953796387,
                    699.2365121841431
                ],
                [
                    49.56960678100586,
                    653.3024907112122
                ],
                [
                    91.29542112350464,
                    750.3116130828857
                ]
            ],
            "provenance": "visii",
            "quaternion_xyzw": [
                -0.7498574256896973,
                0.06354004144668579,
                -0.6408721208572388,
                -0.15152418613433838
            ],
            "quaternion_xyzw_world": [
                -0.09848471730947495,
                0.8028969168663025,
                -0.5878326892852783,
                0.01050055306404829
            ],
            "segmentation_id": 2,
            "visibility": 0
        },
        {
            "bounding_box_minx_maxx_miny_maxy": [
                8,
                85,
                1,
                62
            ],
            "class": "Smith",
            "local_cuboid": null,
            "local_to_world_matrix": [
                [
                    0.9688946008682251,
                    0.015030674636363983,
                    0.24701689183712006,
                    0.0
                ],
                [
                    0.16408038139343262,
                    0.70820152759552,
                    -0.6866791248321533,
                    0.0
                ],
                [
                    -0.18525899946689606,
                    0.70585036277771,
                    0.6837064027786255,
                    0.0
                ],
                [
                    1.5002814531326294,
                    0.4917656183242798,
                    0.5577167868614197,
                    1.0
                ]
            ],
            "location": [
                -0.4917656183242798,
                0.5577167868614197,
                -1.5002814531326294
            ],
            "location_world": [
                1.5002814531326294,
                0.4917656183242798,
                0.5577167868614197
            ],
            "name": "google_Smith_Hawken_Woven_BasketTray_Organizer_with_3_Compartments_95_x_9_x_13_2",
            "projected_cuboid": [
                [
                    27.36981213092804,
                    -79.62247729301453
                ],
                [
                    -33.77315402030945,
                    -6.338238716125488
                ],
                [
                    42.06894338130951,
                    66.58048927783966
                ],
                [
                    103.3085435628891,
                    -2.6344358921051025
                ],
                [
                    -32.05907344818115,
                    -128.59633564949036
                ],
                [
                    -107.7485978603363,
                    -33.96046161651611
                ],
                [
                    -9.481459856033325,
                    58.91023576259613
                ],
                [
                    66.5016621351242,
                    -29.104232788085938
                ],
                [
                    10.55234670639038,
                    -16.401737928390503
                ]
            ],
            "provenance": "visii",
            "quaternion_xyzw": [
                -0.6095879077911377,
                0.18913789093494415,
                0.6868349313735962,
                0.3476884961128235
            ],
            "quaternion_xyzw_world": [
                -0.37979820370674133,
                -0.1178988367319107,
                -0.04065178707242012,
                0.9166246056556702
            ],
            "segmentation_id": 3,
            "visibility": 1
        },
        {
            "bounding_box_minx_maxx_miny_maxy": [
                -1,
                -1,
                -1,
                -1
            ],
            "class": "Paul",
            "local_cuboid": null,
            "local_to_world_matrix": [
                [
                    -0.4199286699295044,
                    -0.8865199089050293,
                    0.19427411258220673,
                    0.0
                ],
                [
                    -0.6789169311523438,
                    0.4489107131958008,
                    0.5809913277626038,
                    0.0
                ],
                [
                    -0.602272093296051,
                    0.1120789498090744,
                    -0.7903838157653809,
                    0.0
                ],
                [
                    0.302558034658432,
                    -0.4163149893283844,
                    -0.12558582425117493,
                    1.0
                ]
            ],
            "location": [
                0.4163149893283844,
                -0.12558582425117493,
                -0.302558034658432
            ],
            "location_world": [
                0.302558034658432,
                -0.4163149893283844,
                -0.12558582425117493
            ],
            "name": "google_Paul_Frank_Dot_Lunch_Box_3",
            "projected_cuboid": [
                [
                    2479.271650314331,
                    1569.0011978149414
                ],
                [
                    4376.400947570801,
                    2400.8543491363525
                ],
                [
                    1710.6717824935913,
                    446.4787244796753
                ],
                [
                    1436.4991188049316,
                    529.1286706924438
                ],
                [
                    956.9402933120728,
                    1117.1936988830566
                ],
                [
                    1081.356167793274,
                    1258.9203119277954
                ],
                [
                    768.3738470077515,
                    474.9893546104431
                ],
                [
                    746.2072372436523,
                    529.1558504104614
                ],
                [
                    1298.030138015747,
                    813.671350479126
                ]
            ],
            "provenance": "visii",
            "quaternion_xyzw": [
                -0.41930192708969116,
                0.15182176232337952,
                -0.1835489571094513,
                -0.8760398626327515
            ],
            "quaternion_xyzw_world": [
                -0.4799855351448059,
                0.8153562545776367,
                0.21250535547733307,
                -0.24423256516456604
            ],
            "segmentation_id": 4,
            "visibility": 0
        },
        {
            "bounding_box_minx_maxx_miny_maxy": [
                118,
                123,
                124,
                127
            ],
            "class": "Toys",
            "local_cuboid": null,
            "local_to_world_matrix": [
                [
                    -0.4216412305831909,
                    -0.89908766746521,
                    0.11773131787776947,
                    0.0
                ],
                [
                    -0.8668516874313354,
                    0.36157405376434326,
                    -0.34326761960983276,
                    0.0
                ],
                [
                    0.2660589814186096,
                    -0.24679125845432281,
                    -0.9318301677703857,
                    0.0
                ],
                [
                    1.2023546695709229,
                    0.20802994072437286,
                    0.3281179964542389,
                    1.0
                ]
            ],
            "location": [
                -0.20802994072437286,
                0.3281179964542389,
                -1.2023546695709229
            ],
            "location_world": [
                1.2023546695709229,
                0.20802994072437286,
                0.3281179964542389
            ],
            "name": "google_Toys_R_Us_Treat_Dispenser_Smart_Puzzle_Foobler_4",
            "projected_cuboid": [
                [
                    215.59199690818787,
                    145.72075009346008
                ],
                [
                    182.2163611650467,
                    161.43417358398438
                ],
                [
                    158.98442268371582,
                    79.91068065166473
                ],
                [
                    195.968896150589,
                    72.47480750083923
                ],
                [
                    154.7243893146515,
                    158.97735953330994
                ],
                [
                    116.43336713314056,
                    175.30567944049835
                ],
                [
                    92.19971299171448,
                    98.81936013698578
                ],
                [
                    134.17555391788483,
                    89.81816470623016
                ],
                [
                    156.64583444595337,
                    123.31530451774597
                ]
            ],
            "provenance": "visii",
            "quaternion_xyzw": [
                -0.7918987274169922,
                0.07698045670986176,
                -0.2110220491886139,
                -0.5678382515907288
            ],
            "quaternion_xyzw_world": [
                -0.5358672738075256,
                0.8238697648048401,
                -0.179051011800766,
                0.045009441673755646
            ],
            "segmentation_id": 5,
            "visibility": 1
        },
        {
            "bounding_box_minx_maxx_miny_maxy": [
                -1,
                -1,
                -1,
                -1
            ],
            "class": "Tag",
            "local_cuboid": null,
            "local_to_world_matrix": [
                [
                    0.5155035257339478,
                    0.8392302393913269,
                    -0.17305710911750793,
                    0.0
                ],
                [
                    -0.3595030903816223,
                    0.02849411964416504,
                    -0.9327087998390198,
                    0.0
                ],
                [
                    -0.7778263092041016,
                    0.543029248714447,
                    0.3163946270942688,
                    0.0
                ],
                [
                    0.33044904470443726,
                    0.06885706633329391,
                    -0.4270874857902527,
                    1.0
                ]
            ],
            "location": [
                -0.06885706633329391,
                -0.4270874857902527,
                -0.33044904470443726
            ],
            "location_world": [
                0.33044904470443726,
                0.06885706633329391,
                -0.4270874857902527
            ],
            "name": "google_Tag_Dishtowel_Basket_Weave_Red_18_x_26_5",
            "projected_cuboid": [
                [
                    8.29179584980011,
                    749.477744102478
                ],
                [
                    -71.13933563232422,
                    1316.0679340362549
                ],
                [
                    -10.594010353088379,
                    1249.1576671600342
                ],
                [
                    51.47872865200043,
                    732.9361438751221
                ],
                [
                    224.47845339775085,
                    836.1027836799622
                ],
                [
                    196.2192952632904,
                    1665.0840044021606
                ],
                [
                    248.88844788074493,
                    1535.4374647140503
                ],
                [
                    261.37685775756836,
                    807.9804182052612
                ],
                [
                    101.1478453874588,
                    1052.811622619629
                ]
            ],
            "provenance": "visii",
            "quaternion_xyzw": [
                -0.28091469407081604,
                0.17937058210372925,
                0.9420410394668579,
                -0.038364291191101074
            ],
            "quaternion_xyzw_world": [
                -0.5409747362136841,
                -0.22169573605060577,
                0.4394305944442749,
                0.6819810271263123
            ],
            "segmentation_id": 6,
            "visibility": 0
        },
        {
            "bounding_box_minx_maxx_miny_maxy": [
                -1,
                -1,
                -1,
                -1
            ],
            "class": "FRACTION",
            "local_cuboid": null,
            "local_to_world_matrix": [
                [
                    0.7568581700325012,
                    -0.08691775053739548,
                    0.6477738618850708,
                    0.0
                ],
                [
                    0.03957580775022507,
                    0.9953938126564026,
                    0.08732078224420547,
                    0.0
                ],
                [
                    -0.6523798704147339,
                    -0.04045327752828598,
                    0.7568117380142212,
                    0.0
                ],
                [
                    0.1788034588098526,
                    0.05531715601682663,
                    0.15087778866291046,
                    1.0
                ]
            ],
            "location": [
                -0.05531715601682663,
                0.15087778866291046,
                -0.1788034588098526
            ],
            "location_world": [
                0.1788034588098526,
                0.05531715601682663,
                0.15087778866291046
            ],
            "name": "google_FRACTION_FUN_n4h4qte23QR_6",
            "projected_cuboid": [
                [
                    386.64931058883667,
                    -409.4119668006897
                ],
                [
                    -133.91181826591492,
                    -432.26003646850586
                ],
                [
                    -94.13284063339233,
                    -273.5474705696106
                ],
                [
                    366.04443192481995,
                    -248.4811246395111
                ],
                [
                    498.00628423690796,
                    -645.6419229507446
                ],
                [
                    -819.4186687469482,
                    -682.8761100769043
                ],
                [
                    -565.7800436019897,
                    -281.513512134552
                ],
                [
                    423.02507162094116,
                    -226.43199563026428
                ],
                [
                    50.17253756523132,
                    -364.2275929450989
                ]
            ],
            "provenance": "visii",
            "quaternion_xyzw": [
                -0.2946256399154663,
                0.2949674725532532,
                0.6078941822052002,
                0.6757622957229614
            ],
            "quaternion_xyzw_world": [
                0.03410492092370987,
                -0.3470316529273987,
                -0.033763136714696884,
                0.9366247653961182
            ],
            "segmentation_id": 7,
            "visibility": 0
        },
        {
            "bounding_box_minx_maxx_miny_maxy": [
                0,
                302,
                1,
                260
            ],
            "class": "FAIRY",
            "local_cuboid": null,
            "local_to_world_matrix": [
                [
                    -0.5977672338485718,
                    0.24104845523834229,
                    0.7645717263221741,
                    0.0
                ],
                [
                    0.4368569850921631,
                    -0.7017321586608887,
                    0.5627859830856323,
                    0.0
                ],
                [
                    0.6721832156181335,
                    0.6704235076904297,
                    0.3141688108444214,
                    0.0
                ],
                [
                    0.46274709701538086,
                    0.05801956355571747,
                    0.11866848170757294,
                    1.0
                ]
            ],
            "location": [
                -0.05801956355571747,
                0.11866848170757294,
                -0.46274709701538086
            ],
            "location_world": [
                0.46274709701538086,
                0.05801956355571747,
                0.11866848170757294
            ],
            "name": "google_FAIRY_TALE_BLOCKS_7",
            "projected_cuboid": [
                [
                    -165.4026210308075,
                    -13.129204511642456
                ],
                [
                    103.57736051082611,
                    -113.03853988647461
                ],
                [
                    256.695032119751,
                    -140.24585485458374
                ],
                [
                    -80.71690797805786,
                    -4.521727561950684
                ],
                [
                    -10.187298059463501,
                    230.74978590011597
                ],
                [
                    181.1298131942749,
                    112.77444660663605
                ],
                [
                    315.6682848930359,
                    149.33425188064575
                ],
                [
                    96.94260358810425,
                    313.1352961063385
                ],
                [
                    100.62326490879059,
                    76.71093940734863
                ]
            ],
            "provenance": "visii",
            "quaternion_xyzw": [
                0.4659261703491211,
                0.7867683172225952,
                -0.03898485004901886,
                -0.4029746651649475
            ],
            "quaternion_xyzw_world": [
                0.4443523585796356,
                0.38140082359313965,
                0.8083421587944031,
                -0.060558680444955826
            ],
            "segmentation_id": 8,
            "visibility": 1
        },
        {
            "bounding_box_minx_maxx_miny_maxy": [
                363,
                441,
                416,
                495
            ],
            "class": "Great",
            "local_cuboid": null,
            "local_to_world_matrix": [
                [
                    -0.22559285163879395,
                    -0.09812602400779724,
                    0.9692672491073608,
                    0.0
                ],
                [
                    -0.9553003311157227,
                    -0.1728508472442627,
                    -0.2398410439491272,
                    0.0
                ],
                [
                    0.19107338786125183,
                    -0.980047881603241,
                    -0.05474591255187988,
                    0.0
                ],
                [
                    1.5195306539535522,
                    -0.3168468475341797,
                    -0.5135253667831421,
                    1.0
                ]
            ],
            "location": [
                0.3168468475341797,
                -0.5135253667831421,
                -1.5195306539535522
            ],
            "location_world": [
                1.5195306539535522,
                -0.3168468475341797,
                -0.5135253667831421
            ],
            "name": "google_Great_Jones_Wingtip_kAqSg6EgG0I_8",
            "projected_cuboid": [
                [
                    396.3285982608795,
                    404.12014722824097
                ],
                [
                    451.53266191482544,
                    470.150887966156
                ],
                [
                    405.21615743637085,
                    470.9066152572632
                ],
                [
                    357.6239347457886,
                    403.87335419654846
                ],
                [
                    390.30343294143677,
                    440.0639235973358
                ],
                [
                    443.24296712875366,
                    512.5414729118347
                ],
                [
                    397.6365625858307,
                    513.9495730400085
                ],
                [
                    352.09864377975464,
                    440.28544425964355
                ],
                [
                    396.9196379184723,
                    453.74760031700134
                ]
            ],
            "provenance": "visii",
            "quaternion_xyzw": [
                0.6182718873023987,
                0.46181875467300415,
                0.4875042736530304,
                0.4084151089191437
            ],
            "quaternion_xyzw_world": [
                0.5005007386207581,
                -0.5261862277984619,
                0.5795899033546448,
                0.36973312497138977
            ],
            "segmentation_id": 9,
            "visibility": 1
        },
        {
            "bounding_box_minx_maxx_miny_maxy": [
                252,
                478,
                95,
                317
            ],
            "class": "Ecoforms",
            "local_cuboid": null,
            "local_to_world_matrix": [
                [
                    0.41051119565963745,
                    0.8202739953994751,
                    -0.3982852101325989,
                    0.0
                ],
                [
                    -0.8838258981704712,
                    0.46539509296417236,
                    0.04753154516220093,
                    0.0
                ],
                [
                    0.22434888780117035,
                    0.332502543926239,
                    0.9160292744636536,
                    0.0
                ],
                [
                    0.6379918456077576,
                    -0.17598195374011993,
                    -0.04872051998972893,
                    1.0
                ]
            ],
            "location": [
                0.17598195374011993,
                -0.04872051998972893,
                -0.6379918456077576
            ],
            "location_world": [
                0.6379918456077576,
                -0.17598195374011993,
                -0.04872051998972893
            ],
            "name": "google_Ecoforms_Plant_Container_Quadra_Sand_QP6_9",
            "projected_cuboid": [
                [
                    315.12588262557983,
                    202.22117006778717
                ],
                [
                    247.81127274036407,
                    180.84624409675598
                ],
                [
                    304.7046363353729,
                    333.56016874313354
                ],
                [
                    362.8009259700775,
                    322.2765624523163
                ],
                [
                    452.9499411582947,
                    133.54866206645966
                ],
                [
                    418.02453994750977,
                    88.27072381973267
                ],
                [
                    496.0528016090393,
                    257.3648989200592
                ],
                [
                    513.7110352516174,
                    263.5398507118225
                ],
                [
                    386.03296875953674,
                    223.83254766464233
                ]
            ],
            "provenance": "visii",
            "quaternion_xyzw": [
                -0.29855623841285706,
                0.7232140898704529,
                0.6221722960472107,
                0.026965945959091187
            ],
            "quaternion_xyzw_world": [
                -0.08527426421642303,
                0.18631602823734283,
                0.5099321007728577,
                0.8354542851448059
            ],
            "segmentation_id": 10,
            "visibility": 1
        },
        {
            "bounding_box_minx_maxx_miny_maxy": [
                -1,
                -1,
                -1,
                -1
            ],
            "class": "ReadytoUse",
            "local_cuboid": null,
            "local_to_world_matrix": [
                [
                    -0.5119774341583252,
                    0.20618166029453278,
                    -0.83388751745224,
                    0.0
                ],
                [
                    -0.5515915751457214,
                    -0.8230934143066406,
                    0.1351448893547058,
                    0.0
                ],
                [
                    -0.6585028767585754,
                    0.5291564464569092,
                    0.5351331233978271,
                    0.0
                ],
                [
                    0.3281749486923218,
                    0.3953137695789337,
                    -0.36775997281074524,
                    1.0
                ]
            ],
            "location": [
                -0.3953137695789337,
                -0.36775997281074524,
                -0.3281749486923218
            ],
            "location_world": [
                0.3281749486923218,
                0.3953137695789337,
                -0.36775997281074524
            ],
            "name": "google_ReadytoUse_Rolled_Fondant_Pure_White_24_oz_box_10",
            "projected_cuboid": [
                [
                    -1313.9286041259766,
                    1251.8353462219238
                ],
                [
                    -1418.0976152420044,
                    1385.9472274780273
                ],
                [
                    -574.905514717102,
                    1133.1701278686523
                ],
                [
                    -581.5096497535706,
                    1069.0436363220215
                ],
                [
                    -884.1572999954224,
                    779.7553539276123
                ],
                [
                    -911.1027717590332,
                    823.8187432289124
                ],
                [
                    -382.5613260269165,
                    797.0593571662903
                ],
                [
                    -402.03559398651123,
                    768.0602669715881
                ],
                [
                    -723.3894467353821,
                    963.4817242622375
                ]
            ],
            "provenance": "visii",
            "quaternion_xyzw": [
                -0.0065313950181007385,
                0.41316574811935425,
                0.6575598120689392,
                -0.6299734115600586
            ],
            "quaternion_xyzw_world": [
                -0.44044944643974304,
                0.1960553675889969,
                0.8470838069915771,
                0.2236417531967163
            ],
            "segmentation_id": 11,
            "visibility": 0
        },
        {
            "bounding_box_minx_maxx_miny_maxy": [
                0,
                247,
                461,
                500
            ],
            "class": "Dog",
            "local_cuboid": null,
            "local_to_world_matrix": [
                [
                    0.6627517342567444,
                    -0.7419717311859131,
                    -0.10118341445922852,
                    0.0
                ],
                [
                    -0.17615646123886108,
                    -0.023146986961364746,
                    -0.9840899705886841,
                    0.0
                ],
                [
                    0.727824866771698,
                    0.6700314283370972,
                    -0.1460437774658203,
                    0.0
                ],
                [
                    0.4041568338871002,
                    0.0689811259508133,
                    -0.25206056237220764,
                    1.0
                ]
            ],
            "location": [
                -0.0689811259508133,
                -0.25206056237220764,
                -0.4041568338871002
            ],
            "location_world": [
                0.4041568338871002,
                0.0689811259508133,
                -0.25206056237220764
            ],
            "name": "google_Dog_11",
            "projected_cuboid": [
                [
                    140.5378133058548,
                    439.42907452583313
                ],
                [
                    138.92005383968353,
                    630.4726600646973
                ],
                [
                    277.22007036209106,
                    711.1618518829346
                ],
                [
                    270.2197730541229,
                    459.28722620010376
                ],
                [
                    -105.7119369506836,
                    469.94006633758545
                ],
                [
                    -125.52407383918762,
                    727.382481098175
                ],
                [
                    -41.91857576370239,
                    892.7677869796753
                ],
                [
                    -21.724164485931396,
                    511.461079120636
                ],
                [
                    80.9367299079895,
                    587.5163078308105
                ]
            ],
            "provenance": "visii",
            "quaternion_xyzw": [
                -0.9292317032814026,
                0.02099485695362091,
                0.35857123136520386,
                -0.08668459951877594
            ],
            "quaternion_xyzw_world": [
                -0.6767463684082031,
                0.339169979095459,
                -0.23149052262306213,
                0.6110566258430481
            ],
            "segmentation_id": 12,
            "visibility": 1
        },
        {
            "bounding_box_minx_maxx_miny_maxy": [
                86,
                135,
                251,
                294
            ],
            "class": "Black",
            "local_cuboid": null,
            "local_to_world_matrix": [
                [
                    -0.9854931831359863,
                    -0.12126602232456207,
                    0.11873425543308258,
                    0.0
                ],
                [
                    0.15806324779987335,
                    -0.40105926990509033,
                    0.9023122787475586,
                    0.0
                ],
                [
                    -0.061800356954336166,
                    0.9079900979995728,
                    0.4144088625907898,
                    0.0
                ],
                [
                    1.349089503288269,
                    0.26716187596321106,
                    -0.07611238211393356,
                    1.0
                ]
            ],
            "location": [
                -0.26716187596321106,
                -0.07611238211393356,
                -1.349089503288269
            ],
            "location_world": [
                1.349089503288269,
                0.26716187596321106,
                -0.07611238211393356
            ],
            "name": "google_Black_Elderberry_Syrup_54_oz_Gaia_Herbs_12",
            "projected_cuboid": [
                [
                    61.94844841957092,
                    268.1158781051636
                ],
                [
                    74.14555549621582,
                    243.5472011566162
                ],
                [
                    135.32249629497528,
                    270.9692120552063
                ],
                [
                    123.64254891872406,
                    295.5650985240936
                ],
                [
                    66.64648652076721,
                    270.37033438682556
                ],
                [
                    78.31147313117981,
                    246.79385125637054
                ],
                [
                    136.96885108947754,
                    273.0775475502014
                ],
                [
                    125.77925622463226,
                    296.6788709163666
                ],
                [
                    100.49934685230255,
                    270.66555619239807
                ]
            ],
            "provenance": "visii",
            "quaternion_xyzw": [
                0.1982128620147705,
                0.6556000709533691,
                0.09775226563215256,
                -0.7220419645309448
            ],
            "quaternion_xyzw_world": [
                0.01700933836400509,
                0.5408384799957275,
                0.8368036150932312,
                -0.08345126360654831
            ],
            "segmentation_id": 13,
            "visibility": 1
        },
        {
            "bounding_box_minx_maxx_miny_maxy": [
                1,
                28,
                72,
                104
            ],
