{
    "camera_data": {
        "camera_look_at": {
            "at": [
                1.0,
                0.0,
                0.0
            ],
            "eye": [
                0.0,
                0.0,
                0.0
            ],
            "up": [
                0.0,
                0.0,
                1.0
            ]
        },
        "camera_view_matrix": [
            [
                0.0,
                0.0,
                -1.0,
                0.0
            ],
            [
                -1.0,
                0.0,
                0.0,
                0.0
            ],
            [
                0.0,
                1.0,
                0.0,
                0.0
            ],
            [
                0.0,
                0.0,
                0.0,
                1.0
            ]
        ],
        "height": 500,
        "intrinsics": {
            "cx": 250.0,
            "cy": 250.0,
            "fx": 603.5535278320312,
            "fy": 603.5535278320312
        },
        "location_world": [
            0.0,
            0.0,
            0.0
        ],
        "quaternion_world_xyzw": [
            0.5,
            -0.5,
            -0.5,
            0.5
        ],
        "width": 500
    },
    "objects": [
        {
            "bounding_box_minx_maxx_miny_maxy": [
                194,
                229,
                168,
                193
            ],
            "class": "Reebok",
            "local_cuboid": null,
            "local_to_world_matrix": [
                [
                    -0.9723665714263916,
                    0.21267731487751007,
                    -0.09628932178020477,
                    0.0
                ],
                [
                    -0.2067999392747879,
                    -0.9760525226593018,
                    -0.06749320030212402,
                    0.0
                ],
                [
                    -0.10833770036697388,
                    -0.04571550339460373,
                    0.993062436580658,
                    0.0
                ],
                [
                    1.931658387184143,
                    0.03945478796958923,
                    0.17682498693466187,
                    1.0
                ]
            ],
            "location": [
                -0.03945478796958923,
                0.17682498693466187,
                -1.931658387184143
            ],
            "location_world": [
                1.931658387184143,
                0.03945478796958923,
                0.17682498693466187
            ],
            "name": "google_Reebok_SOMERSET_RUN_0",
            "projected_cuboid": [
                [
                    189.7803544998169,
                    155.5478423833847
                ],
                [
                    281.79731965065,
                    158.93125534057617
                ],
                [
                    279.8459231853485,
                    197.23603129386902
                ],
                [
                    188.49778175354004,
                    192.65933334827423
                ],
                [
                    200.306236743927,
                    157.44706988334656
                ],
                [
                    287.4554991722107,
                    160.69859266281128
                ],
                [
                    285.5772078037262,
                    196.84314727783203
                ],
                [
                    199.02780652046204,
                    192.52727925777435
                ],
                [
                    238.44753205776215,
                    176.52687430381775
                ]
            ],
            "provenance": "visii",
            "quaternion_xyzw": [
                0.43199485540390015,
                0.5091282725334167,
                0.5891749262809753,
                -0.45501846075057983
            ],
            "quaternion_xyzw_world": [
                -0.05153511464595795,
                -0.028511499986052513,
                0.992658257484436,
                0.10564493387937546
            ],
            "segmentation_id": 1,
            "visibility": 1
        },
        {
            "bounding_box_minx_maxx_miny_maxy": [
                -1,
                -1,
                -1,
                -1
            ],
            "class": "Breyer",
            "local_cuboid": null,
            "local_to_world_matrix": [
                [
                    0.20240461826324463,
                    -0.9227296710014343,
                    0.32802844047546387,
                    0.0
                ],
                [
                    -0.6754456162452698,
                    -0.3740757703781128,
                    -0.6354849338531494,
                    0.0
                ],
                [
                    0.7090880870819092,
                    -0.09294012188911438,
                    -0.6989684104919434,
                    0.0
                ],
                [
                    0.4752459228038788,
                    -0.10183128714561462,
                    -0.445414274930954,
                    1.0
                ]
            ],
            "location": [
                0.10183128714561462,
                -0.445414274930954,
                -0.4752459228038788
            ],
            "location_world": [
                0.4752459228038788,
                -0.10183128714561462,
                -0.445414274930954
            ],
            "name": "google_Breyer_Horse_Of_The_Year_2015_1",
            "projected_cuboid": [
                [
                    459.0969681739807,
                    734.3142032623291
                ],
                [
                    495.3654110431671,
                    804.5446872711182
                ],
                [
                    533.3701372146606,
                    795.3107953071594
                ],
                [
                    486.55903339385986,
                    710.9429836273193
                ],
                [
                    252.59029865264893,
                    853.1030416488647
                ],
                [
                    277.0335376262665,
                    938.071608543396
                ],
                [
                    263.8300061225891,
                    961.6854190826416
                ],
                [
                    234.80677604675293,
                    855.0001382827759
                ],
                [
                    379.5171082019806,
                    826.9779682159424
                ]
            ],
            "provenance": "visii",
            "quaternion_xyzw": [
                0.9037841558456421,
                0.19421228766441345,
                -0.030279546976089478,
                0.3801831305027008
            ],
            "quaternion_xyzw_world": [
                0.7542295455932617,
                -0.5297377109527588,
                0.34376686811447144,
                -0.17983412742614746
            ],
            "segmentation_id": 2,
            "visibility": 0
        },
        {
            "bounding_box_minx_maxx_miny_maxy": [
                79,
                206,
                1,
                110
            ],
            "class": "Smith",
            "local_cuboid": null,
            "local_to_world_matrix": [
                [
                    -0.4051254987716675,
                    -0.14255940914154053,
                    -0.9030784368515015,
                    0.0
                ],
                [
                    0.8937085866928101,
                    -0.2700154781341553,
                    -0.3582974672317505,
                    0.0
                ],
                [
                    -0.19276630878448486,
                    -0.9522441625595093,
                    0.2367963194847107,
                    0.0
                ],
                [
                    1.6348799467086792,
                    0.4084484279155731,
                    0.5398611426353455,
                    1.0
                ]
            ],
            "location": [
                -0.4084484279155731,
                0.5398611426353455,
                -1.6348799467086792
            ],
            "location_world": [
                1.6348799467086792,
                0.4084484279155731,
                0.5398611426353455
            ],
            "name": "google_Smith_Hawken_Woven_BasketTray_Organizer_with_3_Compartments_95_x_9_x_13_2",
            "projected_cuboid": [
                [
                    179.7705441713333,
                    38.78282010555267
                ],
                [
                    215.57395160198212,
                    103.02242636680603
                ],
                [
                    124.43122267723083,
                    130.49733638763428
                ],
                [
                    75.39775967597961,
                    72.93589413166046
                ],
                [
                    166.27401113510132,
                    -68.89930367469788
                ],
                [
                    200.87531208992004,
                    4.037588834762573
                ],
                [
                    117.46455729007721,
                    32.123371958732605
                ],
                [
                    71.92742824554443,
                    -34.37724709510803
                ],
                [
                    144.4690376520157,
                    35.00963747501373
                ]
            ],
            "provenance": "visii",
            "quaternion_xyzw": [
                0.5718590021133423,
                -0.2767566740512848,
                0.5934021472930908,
                -0.4942237436771393
            ],
            "quaternion_xyzw_world": [
                -0.3962618112564087,
                -0.4738970398902893,
                0.6913641095161438,
                -0.3747186064720154
            ],
            "segmentation_id": 3,
            "visibility": 1
        },
        {
            "bounding_box_minx_maxx_miny_maxy": [
                -1,
                -1,
                -1,
                -1
            ],
            "class": "Paul",
            "local_cuboid": null,
            "local_to_world_matrix": [
                [
                    0.43535202741622925,
                    -0.8435485363006592,
                    0.3144749104976654,
                    0.0
                ],
                [
                    -0.7736121416091919,
                    -0.5291931629180908,
                    -0.3485381603240967,
                    0.0
                ],
                [
                    0.46042683720588684,
                    -0.09154483675956726,
                    -0.8829647302627563,
                    0.0
                ],
                [
                    0.35156816244125366,
                    -0.30948060750961304,
                    -0.132868230342865,
                    1.0
                ]
            ],
            "location": [
                0.30948060750961304,
                -0.132868230342865,
                -0.35156816244125366
            ],
            "location_world": [
                0.35156816244125366,
                -0.30948060750961304,
                -0.132868230342865
            ],
            "name": "google_Paul_Frank_Dot_Lunch_Box_3",
            "projected_cuboid": [
                [
                    697.7182030677795,
                    550.1514673233032
                ],
                [
                    849.2485880851746,
                    650.8815288543701
                ],
                [
                    988.6319041252136,
                    430.8449625968933
                ],
                [
                    775.3792405128479,
                    346.9943702220917
                ],
                [
                    510.8659267425537,
                    740.7279014587402
                ],
                [
                    667.3405766487122,
                    917.8540110588074
                ],
                [
                    793.0716276168823,
                    710.8300924301147
                ],
                [
                    555.6361675262451,
                    528.8292169570923
                ],
                [
                    727.4489998817444,
                    600.2503633499146
                ]
            ],
            "provenance": "visii",
            "quaternion_xyzw": [
                0.8143269419670105,
                0.2590077519416809,
                -0.10554948449134827,
                0.5085723996162415
            ],
            "quaternion_xyzw_world": [
                0.8437283039093018,
                -0.4791710376739502,
                0.22960641980171204,
                -0.0761481299996376
            ],
            "segmentation_id": 4,
            "visibility": 0
        },
        {
            "bounding_box_minx_maxx_miny_maxy": [
                -1,
                -1,
                -1,
                -1
            ],
            "class": "Toys",
            "local_cuboid": null,
            "local_to_world_matrix": [
                [
                    -0.42325735092163086,
                    -0.7078748941421509,
                    -0.5654789805412292,
                    0.0
                ],
                [
                    0.6427994966506958,
                    0.2052232027053833,
                    -0.7380326986312866,
                    0.0
                ],
                [
                    0.6384841799736023,
                    -0.6758673191070557,
                    0.36815935373306274,
                    0.0
                ],
                [
                    1.0245065689086914,
                    0.6713917255401611,
                    -0.1425265669822693,
                    1.0
                ]
            ],
            "location": [
                -0.6713917255401611,
                -0.1425265669822693,
                -1.0245065689086914
            ],
            "location_world": [
                1.0245065689086914,
                0.6713917255401611,
                -0.1425265669822693
            ],
            "name": "google_Toys_R_Us_Treat_Dispenser_Smart_Puzzle_Foobler_4",
            "projected_cuboid": [
                [
                    -38.45340013504028,
                    292.3480272293091
                ],
                [
                    -30.137479305267334,
                    348.84920716285706
                ],
                [
                    -116.62006378173828,
                    390.9003734588623
                ],
                [
                    -134.88039374351501,
                    332.9389691352844
                ],
                [
                    -81.15142583847046,
                    242.08422005176544
                ],
                [
                    -69.78118419647217,
                    299.6416687965393
                ],
                [
                    -154.6560823917389,
                    334.84792709350586
                ],
                [
                    -175.46367645263672,
                    275.1505374908447
                ],
                [
                    -98.35264086723328,
                    314.2555356025696
                ]
            ],
            "provenance": "visii",
            "quaternion_xyzw": [
                -0.8781218528747559,
                0.2194177806377411,
                -0.31291916966438293,
                0.2878185212612152
            ],
            "quaternion_xyzw_world": [
                -0.028983179479837418,
                0.5613201260566711,
                -0.6297208666801453,
                0.5362194776535034
            ],
            "segmentation_id": 5,
            "visibility": 0
        },
        {
            "bounding_box_minx_maxx_miny_maxy": [
                -1,
                -1,
                -1,
                -1
            ],
            "class": "Tag",
            "local_cuboid": null,
            "local_to_world_matrix": [
                [
                    -0.7551518678665161,
                    -0.44717124104499817,
                    -0.4793574810028076,
                    0.0
                ],
                [
                    -0.6553350687026978,
                    0.4962231516838074,
                    0.5694721937179565,
                    0.0
                ],
                [
                    -0.016783297061920166,
                    0.7441776990890503,
                    -0.6677708625793457,
                    0.0
                ],
                [
                    0.33199694752693176,
                    -0.1021115779876709,
                    -0.4061596691608429,
                    1.0
                ]
            ],
            "location": [
                0.1021115779876709,
                -0.4061596691608429,
                -0.33199694752693176
            ],
            "location_world": [
                0.33199694752693176,
                -0.1021115779876709,
                -0.4061596691608429
            ],
            "name": "google_Tag_Dishtowel_Basket_Weave_Red_18_x_26_5",
            "projected_cuboid": [
                [
                    552.2980690002441,
                    1192.5866603851318
                ],
                [
                    428.5336434841156,
                    1527.0533561706543
                ],
                [
                    509.7465515136719,
                    1449.7880935668945
                ],
                [
                    597.2687005996704,
                    1150.1703262329102
                ],
                [
                    372.46644496917725,
                    831.2020301818848
                ],
                [
                    212.6488834619522,
                    858.3012223243713
                ],
                [
                    261.6017162799835,
                    813.324511051178
                ],
                [
                    405.41577339172363,
                    800.7809519767761
                ],
                [
                    412.0635390281677,
                    1009.6273422241211
                ]
            ],
            "provenance": "visii",
            "quaternion_xyzw": [
                -0.4639277458190918,
                0.5257179737091064,
                -0.0059137046337127686,
                -0.7129913568496704
            ],
            "quaternion_xyzw_world": [
                -0.3226436972618103,
                0.8542754054069519,
                0.38443395495414734,
                0.13537032902240753
            ],
            "segmentation_id": 6,
            "visibility": 0
        },
        {
            "bounding_box_minx_maxx_miny_maxy": [
                -1,
                -1,
                -1,
                -1
            ],
            "class": "FRACTION",
            "local_cuboid": null,
            "local_to_world_matrix": [
                [
                    0.6592709422111511,
                    0.2666391134262085,
                    -0.7030401229858398,
                    0.0
                ],
                [
                    0.742467999458313,
                    -0.3785315752029419,
                    0.5526800751686096,
                    0.0
                ],
                [
                    -0.1187567412853241,
                    -0.886350691318512,
                    -0.44752585887908936,
                    0.0
                ],
                [
                    0.8741223216056824,
                    0.616653323173523,
                    0.13223184645175934,
                    1.0
                ]
            ],
            "location": [
                -0.616653323173523,
                0.13223184645175934,
                -0.8741223216056824
            ],
            "location_world": [
                0.8741223216056824,
                0.616653323173523,
                0.13223184645175934
            ],
            "name": "google_FRACTION_FUN_n4h4qte23QR_6",
            "projected_cuboid": [
                [
                    -198.89789819717407,
                    250.81825256347656
                ],
                [
                    -92.31206774711609,
                    187.4120682477951
                ],
                [
                    -113.91189694404602,
                    175.9340763092041
                ],
                [
                    -223.37490320205688,
                    237.08681762218475
                ],
                [
                    -230.82011938095093,
                    150.62101185321808
                ],
                [
                    -105.18109798431396,
                    94.870924949646
                ],
                [
                    -129.5192837715149,
                    82.44042098522186
                ],
                [
                    -258.8633894920349,
                    135.46237349510193
                ],
                [
                    -163.60875964164734,
                    165.17364978790283
                ]
            ],
            "provenance": "visii",
            "quaternion_xyzw": [
                -0.12442278861999512,
                0.6520280838012695,
                -0.456266313791275,
                0.592620849609375
            ],
            "quaternion_xyzw_world": [
                0.788246214389801,
                0.32004818320274353,
                -0.2606409192085266,
                0.4564026892185211
            ],
            "segmentation_id": 7,
            "visibility": 0
        },
        {
            "bounding_box_minx_maxx_miny_maxy": [
                0,
                357,
                79,
                500
            ],
            "class": "FAIRY",
            "local_cuboid": null,
            "local_to_world_matrix": [
                [
                    -0.9116373062133789,
                    -0.1939530074596405,
                    0.3623538911342621,
                    0.0
                ],
                [
                    -0.2409684956073761,
                    0.9664484858512878,
                    -0.08894678950309753,
                    0.0
                ],
                [
                    -0.3329448997974396,
                    -0.1684030294418335,
                    -0.9277870655059814,
                    0.0
                ],
                [
                    0.4386192858219147,
                    0.08751243352890015,
                    0.05690589174628258,
                    1.0
                ]
            ],
            "location": [
                -0.08751243352890015,
                0.05690589174628258,
                -0.4386192858219147
            ],
            "location_world": [
                0.4386192858219147,
                0.08751243352890015,
                0.05690589174628258
            ],
            "name": "google_FAIRY_TALE_BLOCKS_7",
            "projected_cuboid": [
                [
                    468.3796167373657,
                    448.87953996658325
                ],
                [
                    -174.31268095970154,
                    571.9338655471802
                ],
                [
                    -144.1478729248047,
                    64.15389478206635
                ],
                [
                    359.4205379486084,
                    57.54557251930237
                ],
                [
                    314.3913149833679,
                    467.0935273170471
                ],
                [
                    -24.045556783676147,
                    530.2743315696716
                ],
                [
                    -28.516024351119995,
                    249.40834939479828
                ],
                [
                    267.2748565673828,
                    225.05918145179749
                ],
                [
                    146.7224806547165,
                    319.7551667690277
                ]
            ],
            "provenance": "visii",
            "quaternion_xyzw": [
                -0.4873282015323639,
                0.3099014163017273,
                -0.554062008857727,
                -0.599573016166687
            ],
            "quaternion_xyzw_world": [
                -0.11146890372037888,
                0.9754323363304138,
                -0.06595788896083832,
                -0.17820271849632263
            ],
            "segmentation_id": 8,
            "visibility": 1
        },
        {
            "bounding_box_minx_maxx_miny_maxy": [
                242,
                303,
                421,
                494
            ],
            "class": "Great",
            "local_cuboid": null,
            "local_to_world_matrix": [
                [
                    -0.5236620903015137,
                    0.6588589549064636,
                    -0.5400773882865906,
                    0.0
                ],
                [
                    0.5526315569877625,
                    0.7451798915863037,
                    0.37323641777038574,
                    0.0
                ],
                [
                    0.6483649611473083,
                    -0.10301408171653748,
                    -0.754328727722168,
                    0.0
                ],
                [
                    1.319290280342102,
                    -0.11694592982530594,
                    -0.45474162697792053,
                    1.0
                ]
            ],
            "location": [
                0.11694592982530594,
                -0.45474162697792053,
                -1.319290280342102
            ],
            "location_world": [
                1.319290280342102,
                -0.11694592982530594,
                -0.45474162697792053
            ],
            "name": "google_Great_Jones_Wingtip_kAqSg6EgG0I_8",
            "projected_cuboid": [
                [
                    348.4134078025818,
                    547.0367670059204
                ],
                [
                    239.9369776248932,
                    463.2452428340912
                ],
                [
                    234.25984382629395,
                    437.04754114151
                ],
                [
                    348.56775403022766,
                    522.2195386886597
                ],
                [
                    377.2347569465637,
                    506.94143772125244
                ],
                [
                    269.65293288230896,
                    430.9695363044739
                ],
                [
                    265.7337784767151,
                    404.1765332221985
                ],
                [
                    379.0658712387085,
                    480.9269905090332
                ],
                [
                    304.68159914016724,
                    471.4735150337219
                ]
            ],
            "provenance": "visii",
            "quaternion_xyzw": [
                -0.39251425862312317,
                0.8186056017875671,
                -0.39914214611053467,
                -0.1284647434949875
            ],
            "quaternion_xyzw_world": [
                0.34838438034057617,
                0.8693633675575256,
                0.0777069628238678,
                0.3417564928531647
            ],
            "segmentation_id": 9,
            "visibility": 1
        },
        {
            "bounding_box_minx_maxx_miny_maxy": [
                229,
                362,
                106,
                275
            ],
            "class": "Ecoforms",
            "local_cuboid": null,
            "local_to_world_matrix": [
                [
                    -0.6246597766876221,
                    -0.01645413041114807,
                    -0.7807238101959229,
                    0.0
                ],
                [
                    -0.7615814208984375,
                    0.23382794857025146,
                    0.6044157147407532,
                    0.0
                ],
                [
                    0.17260992527008057,
                    0.9721388220787048,
                    -0.15859413146972656,
                    0.0
                ],
                [
                    0.8888096213340759,
                    -0.15651829540729523,
                    0.115200474858284,
                    1.0
                ]
            ],
            "location": [
                0.15651829540729523,
                0.115200474858284,
                -0.8888096213340759
            ],
            "location_world": [
                0.8888096213340759,
                -0.15651829540729523,
                0.115200474858284
            ],
            "name": "google_Ecoforms_Plant_Container_Quadra_Sand_QP6_9",
            "projected_cuboid": [
                [
                    260.7024013996124,
                    278.01835536956787
                ],
                [
                    228.53943705558777,
                    194.94642317295074
                ],
                [
                    358.3351671695709,
                    171.52154445648193
                ],
                [
                    370.6945776939392,
                    261.03439927101135
                ],
                [
                    257.6894462108612,
                    189.40284848213196
                ],
                [
                    229.27029430866241,
                    103.06714475154877
                ],
                [
                    341.4701819419861,
                    79.77095246315002
                ],
                [
                    354.7823131084442,
                    171.87200486660004
                ],
                [
                    299.85737800598145,
                    181.91105127334595
                ]
            ],
            "provenance": "visii",
            "quaternion_xyzw": [
                -0.38231152296066284,
                0.6634326577186584,
                0.2272225022315979,
                -0.6017183661460876
            ],
            "quaternion_xyzw_world": [
                -0.27390986680984497,
                0.7101200222969055,
                0.5550310015678406,
                0.33562415838241577
            ],
            "segmentation_id": 10,
            "visibility": 1
        },
        {
            "bounding_box_minx_maxx_miny_maxy": [
                -1,
                -1,
                -1,
                -1
            ],
            "class": "ReadytoUse",
            "local_cuboid": null,
            "local_to_world_matrix": [
                [
                    0.6356085538864136,
                    0.2138533741235733,
                    -0.7418009042739868,
                    0.0
                ],
                [
                    0.6353746652603149,
                    -0.6907026767730713,
                    0.3452954590320587,
                    0.0
                ],
                [
                    -0.43852126598358154,
                    -0.6907942295074463,
                    -0.574893593788147,
                    0.0
                ],
                [
                    0.39233171939849854,
                    0.23550447821617126,
                    -0.400069922208786,
                    1.0
                ]
            ],
            "location": [
                -0.23550447821617126,
                -0.400069922208786,
                -0.39233171939849854
            ],
            "location_world": [
                0.39233171939849854,
                0.23550447821617126,
                -0.400069922208786
            ],
            "name": "google_ReadytoUse_Rolled_Fondant_Pure_White_24_oz_box_10",
            "projected_cuboid": [
                [
                    -13.382107019424438,
                    1223.524808883667
                ],
                [
                    63.66448104381561,
                    1114.466667175293
                ],
                [
                    -62.97290325164795,
                    840.1773571968079
                ],
                [
                    -135.81523299217224,
                    909.1933965682983
                ],
                [
                    -31.055301427841187,
                    1302.3868799209595
                ],
                [
                    68.04902851581573,
                    1156.412124633789
                ],
                [
                    -86.00121736526489,
                    816.2463903427124
                ],
                [
                    -177.6430308818817,
                    898.8485336303711
                ],
                [
                    -51.11423134803772,
                    1011.9073390960693
                ]
            ],
            "provenance": "visii",
            "quaternion_xyzw": [
                -0.02413485199213028,
                0.5292985439300537,
                -0.5716378688812256,
                0.6264908909797668
            ],
            "quaternion_xyzw_world": [
                0.8516461849212646,
                0.24929015338420868,
                -0.3464825451374054,
                0.3041432201862335
            ],
            "segmentation_id": 11,
            "visibility": 0
        },
        {
            "bounding_box_minx_maxx_miny_maxy": [
                306,
                499,
                435,
                500
            ],
            "class": "Dog",
            "local_cuboid": null,
            "local_to_world_matrix": [
                [
                    -0.8883646726608276,
                    0.44188618659973145,
                    -0.12467911839485168,
                    0.0
                ],
                [
                    -0.22976811230182648,
                    -0.19276070594787598,
                    0.953965425491333,
                    0.0
                ],
                [
                    0.3975108563899994,
                    0.8761163949966431,
                    0.2727731466293335,
                    0.0
                ],
                [
                    0.1842242181301117,
                    -0.19467224180698395,
                    -0.1729665994644165,
                    1.0
                ]
            ],
            "location": [
                0.19467224180698395,
                -0.1729665994644165,
                -0.1842242181301117
            ],
            "location_world": [
                0.1842242181301117,
                -0.19467224180698395,
                -0.1729665994644165
            ],
            "name": "google_Dog_11",
            "projected_cuboid": [
                [
                    81.56637847423553,
                    995.1348900794983
                ],
                [
                    187.25678324699402,
                    444.41646337509155
                ],
                [
                    1932.4651956558228,
                    1282.3647260665894
                ],
                [
                    999.1106390953064,
                    1910.6990098953247
                ],
                [
                    332.0501446723938,
                    551.6020059585571
                ],
                [
                    405.4519534111023,
                    276.620090007782
                ],
                [
                    851.8492579460144,
                    409.05922651290894
                ],
                [
                    697.1601247787476,
                    736.6437315940857
                ],
                [
                    539.8181080818176,
                    646.4705467224121
                ]
            ],
            "provenance": "visii",
            "quaternion_xyzw": [
                0.020367413759231567,
                0.8356677293777466,
                0.1503412276506424,
                -0.5278655886650085
            ],
            "quaternion_xyzw_world": [
                0.0889141783118248,
                0.5964123606681824,
                0.7671210169792175,
                0.21888798475265503
            ],
            "segmentation_id": 12,
            "visibility": 1
        },
        {
            "bounding_box_minx_maxx_miny_maxy": [
                160,
                165,
                248,
                256
            ],
            "class": "Black",
            "local_cuboid": null,
            "local_to_world_matrix": [
                [
                    -0.6416534185409546,
                    -0.49079471826553345,
                    0.5894078016281128,
                    0.0
                ],
                [
                    -0.23091907799243927,
                    -0.6091926097869873,
                    -0.7586572766304016,
                    0.0
                ],
                [
                    0.7314077615737915,
                    -0.6229005455970764,
                    0.2775565981864929,
                    0.0
                ],
                [
                    1.595385193824768,
                    0.34108084440231323,
                    -0.06304775178432465,
                    1.0
                ]
            ],
            "location": [
                -0.34108084440231323,
                -0.06304775178432465,
                -1.595385193824768
            ],
            "location_world": [
                1.595385193824768,
                0.34108084440231323,
                -0.06304775178432465
            ],
            "name": "google_Black_Elderberry_Syrup_54_oz_Gaia_Herbs_12",
            "projected_cuboid": [
                [
                    159.05135869979858,
                    244.11773681640625
                ],
                [
                    171.2709218263626,
                    260.2093517780304
                ],
                [
                    131.20850920677185,
                    276.37964487075806
                ],
                [
                    118.51531267166138,
                    259.070485830307
                ],
                [
                    151.18110179901123,
                    256.01306557655334
                ],
                [
                    163.0764603614807,
                    271.85508608818054
                ],
                [
                    123.38680028915405,
                    288.42565417289734
                ],
                [
                    111.04658246040344,
                    271.4066207408905
                ],
                [
                    141.6686475276947,
                    265.7131850719452
                ]
            ],
            "provenance": "visii",
            "quaternion_xyzw": [
                0.8632583618164062,
                0.3471151888370514,
                0.36621537804603577,
                -0.013506263494491577
            ],
            "quaternion_xyzw_world": [
                0.41532593965530396,
                -0.43442612886428833,
                0.7950475811958313,
                -0.08171699941158295
            ],
            "segmentation_id": 13,
            "visibility": 1
        },
        {
            "bounding_box_minx_maxx_miny_maxy": [
                73,
                154,
                100,
                142
            ],
            "class": "Razer",
