{
    "camera_data": {
        "camera_look_at": {
            "at": [
                1.0,
                0.0,
                0.0
            ],
            "eye": [
                0.0,
                0.0,
                0.0
            ],
            "up": [
                0.0,
                0.0,
                1.0
            ]
        },
        "camera_view_matrix": [
            [
                0.0,
                0.0,
                -1.0,
                0.0
            ],
            [
                -1.0,
                0.0,
                0.0,
                0.0
            ],
            [
                0.0,
                1.0,
                0.0,
                0.0
            ],
            [
                0.0,
                0.0,
                0.0,
                1.0
            ]
        ],
        "height": 500,
        "intrinsics": {
            "cx": 250.0,
            "cy": 250.0,
            "fx": 603.5535278320312,
            "fy": 603.5535278320312
        },
        "location_world": [
            0.0,
            0.0,
            0.0
        ],
        "quaternion_world_xyzw": [
            0.5,
            -0.5,
            -0.5,
            0.5
        ],
        "width": 500
    },
    "objects": [
        {
            "bounding_box_minx_maxx_miny_maxy": [
                -1,
                -1,
                -1,
                -1
            ],
            "class": "Reebok",
            "local_cuboid": null,
            "local_to_world_matrix": [
                [
                    0.674868643283844,
                    -0.32429492473602295,
                    -0.6628612875938416,
                    0.0
                ],
                [
                    0.5456388592720032,
                    -0.38546597957611084,
                    0.7441062331199646,
                    0.0
                ],
                [
                    -0.4968203902244568,
                    -0.863856852054596,
                    -0.08319091796875,
                    0.0
                ],
                [
                    1.5640168190002441,
                    -0.1522127091884613,
                    0.20938058197498322,
                    1.0
                ]
            ],
            "location": [
                0.1522127091884613,
                0.20938058197498322,
                -1.5640168190002441
            ],
            "location_world": [
                1.5640168190002441,
                -0.1522127091884613,
                0.20938058197498322
            ],
            "name": "google_Reebok_SOMERSET_RUN_0",
            "projected_cuboid": [
                [
                    338.3152484893799,
                    227.99333930015564
                ],
                [
                    371.54990434646606,
                    149.24021065235138
                ],
                [
                    331.3925862312317,
                    149.22982454299927
                ],
                [
                    295.20487785339355,
                    224.9978482723236
                ],
                [
                    327.24958658218384,
                    194.26469504833221
                ],
                [
                    363.26080560684204,
                    115.11583626270294
                ],
                [
                    321.4963972568512,
                    116.33071303367615
                ],
                [
                    282.309889793396,
                    192.45675206184387
                ],
                [
                    329.519122838974,
                    169.59461569786072
                ]
            ],
            "provenance": "visii",
            "quaternion_xyzw": [
                -0.14436779916286469,
                0.48036205768585205,
                -0.32726871967315674,
                0.8008154630661011
            ],
            "quaternion_xyzw_world": [
                0.732039213180542,
                0.0755915641784668,
                -0.39604493975639343,
                0.5491383075714111
            ],
            "segmentation_id": 1,
            "visibility": 0
        },
        {
            "bounding_box_minx_maxx_miny_maxy": [
                -1,
                -1,
                -1,
                -1
            ],
            "class": "Breyer",
            "local_cuboid": null,
            "local_to_world_matrix": [
                [
                    -0.8717302083969116,
                    0.4778217077255249,
                    0.10850676894187927,
                    0.0
                ],
                [
                    0.20480488240718842,
                    0.5564953088760376,
                    -0.8052131533622742,
                    0.0
                ],
                [
                    -0.44513174891471863,
                    -0.6797055602073669,
                    -0.5829741954803467,
                    0.0
                ],
                [
                    0.6253103017807007,
                    0.16973301768302917,
                    -0.5103678107261658,
                    1.0
                ]
            ],
            "location": [
                -0.16973301768302917,
                -0.5103678107261658,
                -0.6253103017807007
            ],
            "location_world": [
                0.6253103017807007,
                0.16973301768302917,
                -0.5103678107261658
            ],
            "name": "google_Breyer_Horse_Of_The_Year_2015_1",
            "projected_cuboid": [
                [
                    103.81731390953064,
                    1012.2482776641846
                ],
                [
                    65.63098728656769,
                    1053.4228086471558
                ],
                [
                    -29.147475957870483,
                    848.5172390937805
                ],
                [
                    1.8583834171295166,
                    808.0878257751465
                ],
                [
                    251.25673413276672,
                    799.8644113540649
                ],
                [
                    222.03856706619263,
                    832.319974899292
                ],
                [
                    138.7813538312912,
                    704.425036907196
                ],
                [
                    163.8665795326233,
                    672.9442477226257
                ],
                [
                    125.4616528749466,
                    821.6911554336548
                ]
            ],
            "provenance": "visii",
            "quaternion_xyzw": [
                -0.4696434736251831,
                0.23847277462482452,
                -0.8258581757545471,
                -0.20130644738674164
            ],
            "quaternion_xyzw_world": [
                0.19669052958488464,
                0.8676404356956482,
                -0.42786118388175964,
                -0.15952418744564056
            ],
            "segmentation_id": 2,
            "visibility": 0
        },
        {
            "bounding_box_minx_maxx_miny_maxy": [
                0,
                62,
                1,
                45
            ],
            "class": "Smith",
            "local_cuboid": null,
            "local_to_world_matrix": [
                [
                    0.8614603877067566,
                    0.4277704656124115,
                    -0.2736758291721344,
                    0.0
                ],
                [
                    -0.4234192669391632,
                    0.30752015113830566,
                    -0.852142870426178,
                    0.0
                ],
                [
                    -0.28036072850227356,
                    0.8499669432640076,
                    0.4460427165031433,
                    0.0
                ],
                [
                    1.5120127201080322,
                    0.47296884655952454,
                    0.5681605935096741,
                    1.0
                ]
            ],
            "location": [
                -0.47296884655952454,
                0.5681605935096741,
                -1.5120127201080322
            ],
            "location_world": [
                1.5120127201080322,
                0.47296884655952454,
                0.5681605935096741
            ],
            "name": "google_Smith_Hawken_Woven_BasketTray_Organizer_with_3_Compartments_95_x_9_x_13_2",
            "projected_cuboid": [
                [
                    -20.5095112323761,
                    -24.839580059051514
                ],
                [
                    -70.73953747749329,
                    41.757285594940186
                ],
                [
                    29.66378629207611,
                    96.31067514419556
                ],
                [
                    71.34383916854858,
                    29.174327850341797
                ],
                [
                    -13.722330331802368,
                    -133.31365585327148
                ],
                [
                    -76.06455683708191,
                    -59.491366147994995
                ],
                [
                    48.592403531074524,
                    13.927161693572998
                ],
                [
                    97.98407554626465,
                    -61.624377965927124
                ],
                [
                    10.008051991462708,
                    -7.718920707702637
                ]
            ],
            "provenance": "visii",
            "quaternion_xyzw": [
                -0.534792423248291,
                0.27169230580329895,
                0.8000428676605225,
                0.010575786232948303
            ],
            "quaternion_xyzw_world": [
                -0.5262835621833801,
                -0.002066944958642125,
                0.26318347454071045,
                0.8085516691207886
            ],
            "segmentation_id": 3,
            "visibility": 1
        },
        {
            "bounding_box_minx_maxx_miny_maxy": [
                -1,
                -1,
                -1,
                -1
            ],
            "class": "Paul",
            "local_cuboid": null,
            "local_to_world_matrix": [
                [
                    -0.11437976360321045,
                    -0.9928295016288757,
                    -0.034740149974823,
                    0.0
                ],
                [
                    -0.5904843211174011,
                    0.039822161197662354,
                    0.8060660362243652,
                    0.0
                ],
                [
                    -0.7989027500152588,
                    0.11271113157272339,
                    -0.5908050537109375,
                    0.0
                ],
                [
                    0.30419883131980896,
                    -0.42006587982177734,
                    -0.13145367801189423,
                    1.0
                ]
            ],
            "location": [
                0.42006587982177734,
                -0.13145367801189423,
                -0.30419883131980896
            ],
            "location_world": [
                0.30419883131980896,
                -0.42006587982177734,
                -0.13145367801189423
            ],
            "name": "google_Paul_Frank_Dot_Lunch_Box_3",
            "projected_cuboid": [
                [
                    2596.992254257202,
                    1659.1020822525024
                ],
                [
                    4641.849517822266,
                    2177.961826324463
                ],
                [
                    1538.4374856948853,
                    467.0369625091553
                ],
                [
                    1290.7085418701172,
                    587.5265598297119
                ],
                [
                    1217.8581953048706,
                    1369.5971965789795
                ],
                [
                    1797.0936298370361,
                    1554.3283224105835
                ],
                [
                    854.0691137313843,
                    425.06158351898193
                ],
                [
                    751.8156170845032,
                    542.8299903869629
                ],
                [
                    1412.827491760254,
                    820.6789493560791
                ]
            ],
            "provenance": "visii",
            "quaternion_xyzw": [
                -0.31139230728149414,
                0.05986200273036957,
                -0.0013396143913269043,
                -0.9483931660652161
            ],
            "quaternion_xyzw_world": [
                -0.5992919206619263,
                0.6604935526847839,
                0.3477616012096405,
                -0.28923922777175903
            ],
            "segmentation_id": 4,
            "visibility": 0
        },
        {
            "bounding_box_minx_maxx_miny_maxy": [
                154,
                179,
                95,
                126
            ],
            "class": "Toys",
            "local_cuboid": null,
            "local_to_world_matrix": [
                [
                    0.03223741054534912,
                    -0.9867450594902039,
                    0.1590442955493927,
                    0.0
                ],
                [
                    -0.6637811064720154,
                    -0.14010357856750488,
                    -0.7346875071525574,
                    0.0
                ],
                [
                    0.7472318410873413,
                    -0.0818861722946167,
                    -0.6594992876052856,
                    0.0
                ],
                [
                    1.2095075845718384,
                    0.22917509078979492,
                    0.304434210062027,
                    1.0
                ]
            ],
            "location": [
                -0.22917509078979492,
                0.304434210062027,
                -1.2095075845718384
            ],
            "location_world": [
                1.2095075845718384,
                0.22917509078979492,
                0.304434210062027
            ],
            "name": "google_Toys_R_Us_Treat_Dispenser_Smart_Puzzle_Foobler_4",
            "projected_cuboid": [
                [
                    183.81337821483612,
                    130.8024525642395
                ],
                [
                    188.71523439884186,
                    174.7579425573349
                ],
                [
                    176.12850666046143,
                    114.70820009708405
                ],
                [
                    171.7996597290039,
                    71.61906361579895
                ],
                [
                    116.44704639911652,
                    141.18872582912445
                ],
                [
                    115.95162749290466,
                    186.1518770456314
                ],
                [
                    96.09220921993256,
                    126.97333097457886
                ],
                [
                    98.24542701244354,
                    82.71737396717072
                ],
                [
                    143.79273355007172,
                    129.05550003051758
                ]
            ],
            "provenance": "visii",
            "quaternion_xyzw": [
                0.9312175512313843,
                0.08031094074249268,
                0.013328969478607178,
                0.35525545477867126
            ],
            "quaternion_xyzw_world": [
                0.6767274737358093,
                -0.6097455024719238,
                0.3348010182380676,
                -0.24116109311580658
            ],
            "segmentation_id": 5,
            "visibility": 1
        },
        {
            "bounding_box_minx_maxx_miny_maxy": [
                -1,
                -1,
                -1,
                -1
            ],
            "class": "Tag",
            "local_cuboid": null,
            "local_to_world_matrix": [
                [
                    -0.09577667713165283,
                    0.9541393518447876,
                    0.28362828493118286,
                    0.0
                ],
                [
                    0.7496558427810669,
                    0.25659769773483276,
                    -0.610060453414917,
                    0.0
                ],
                [
                    -0.6548610329627991,
                    0.15419405698776245,
                    -0.7398521900177002,
                    0.0
                ],
                [
                    0.32541221380233765,
                    0.042249225080013275,
                    -0.43216681480407715,
                    1.0
                ]
            ],
            "location": [
                -0.042249225080013275,
                -0.43216681480407715,
                -0.32541221380233765
            ],
            "location_world": [
                0.32541221380233765,
                0.042249225080013275,
                -0.43216681480407715
            ],
            "name": "google_Tag_Dishtowel_Basket_Weave_Red_18_x_26_5",
            "projected_cuboid": [
                [
                    -38.19534182548523,
                    1307.239294052124
                ],
                [
                    -0.8511543273925781,
                    1048.1964349746704
                ],
                [
                    21.319925785064697,
                    964.690089225769
                ],
                [
                    4.532158374786377,
                    1134.5524787902832
                ],
                [
                    422.47074842453003,
                    1360.6172800064087
                ],
                [
                    256.125271320343,
                    1088.778018951416
                ],
                [
                    263.50003480911255,
                    1006.3111782073975
                ],
                [
                    419.65633630752563,
                    1194.437026977539
                ],
                [
                    164.02316093444824,
                    1105.5350303649902
                ]
            ],
            "provenance": "visii",
            "quaternion_xyzw": [
                0.01627972722053528,
                0.415095716714859,
                -0.897087037563324,
                -0.15055003762245178
            ],
            "quaternion_xyzw_world": [
                0.5889562368392944,
                0.7232265472412109,
                -0.15758077800273895,
                -0.3244105577468872
            ],
            "segmentation_id": 6,
            "visibility": 0
        },
        {
            "bounding_box_minx_maxx_miny_maxy": [
                -1,
                -1,
                -1,
                -1
            ],
            "class": "FRACTION",
            "local_cuboid": null,
            "local_to_world_matrix": [
                [
                    -0.9554275274276733,
                    0.26423484086990356,
                    -0.13167425990104675,
                    0.0
                ],
                [
                    -0.0030820369720458984,
                    0.43706071376800537,
                    0.8994266986846924,
                    0.0
                ],
                [
                    0.29520952701568604,
                    0.8597428798675537,
                    -0.4167654514312744,
                    0.0
                ],
                [
                    0.2262212634086609,
                    0.006129782646894455,
                    0.24545742571353912,
                    1.0
                ]
            ],
            "location": [
                -0.006129782646894455,
                0.24545742571353912,
                -0.2262212634086609
            ],
            "location_world": [
                0.2262212634086609,
                0.006129782646894455,
                0.24545742571353912
            ],
            "name": "google_FRACTION_FUN_n4h4qte23QR_6",
            "projected_cuboid": [
                [
                    150.9225070476532,
                    -256.17164373397827
                ],
                [
                    -170.92713713645935,
                    -919.6410179138184
                ],
                [
                    -49.4706928730011,
                    -1103.3250093460083
                ],
                [
                    301.0058104991913,
                    -379.07207012176514
                ],
                [
                    288.6918783187866,
                    -37.08949685096741
                ],
                [
                    134.0896189212799,
                    -355.9079170227051
                ],
                [
                    202.62806117534637,
                    -416.7717695236206
                ],
                [
                    363.543301820755,
                    -84.5547616481781
                ],
                [
                    185.3218376636505,
                    -363.01785707473755
                ]
            ],
            "provenance": "visii",
            "quaternion_xyzw": [
                -0.18134769797325134,
                0.7840393781661987,
                -0.13190773129463196,
                -0.5787880420684814
            ],
            "quaternion_xyzw_world": [
                0.07790569961071014,
                0.8380414247512817,
                0.5247859954833984,
                0.12734566628932953
            ],
            "segmentation_id": 7,
            "visibility": 0
        },
        {
            "bounding_box_minx_maxx_miny_maxy": [
                0,
                291,
                1,
                307
            ],
            "class": "FAIRY",
            "local_cuboid": null,
            "local_to_world_matrix": [
                [
                    -0.4611470699310303,
                    0.5565729737281799,
                    0.6910643577575684,
                    0.0
                ],
                [
                    0.4946577847003937,
                    -0.4853212833404541,
                    0.7209556102752686,
                    0.0
                ],
                [
                    0.7366526126861572,
                    0.6743068695068359,
                    -0.05150866508483887,
                    0.0
                ],
                [
                    0.4781959056854248,
                    0.07444007694721222,
                    0.09428137540817261,
                    1.0
                ]
            ],
            "location": [
                -0.07444007694721222,
                0.09428137540817261,
                -0.4781959056854248
            ],
            "location_world": [
                0.4781959056854248,
                0.07444007694721222,
                0.09428137540817261
            ],
            "name": "google_FAIRY_TALE_BLOCKS_7",
            "projected_cuboid": [
                [
                    -166.49320721626282,
                    164.81003165245056
                ],
                [
                    36.74700856208801,
                    4.725411534309387
                ],
                [
                    151.38909220695496,
                    -92.4297571182251
                ],
                [
                    -103.5756766796112,
                    105.86585104465485
                ],
                [
                    39.85431790351868,
                    343.17219257354736
                ],
                [
                    177.3747056722641,
                    176.42123997211456
                ],
                [
                    308.6981773376465,
                    144.73457634449005
                ],
                [
                    159.70735251903534,
                    361.01746559143066
                ],
                [
                    88.27947080135345,
                    154.04662489891052
                ]
            ],
            "provenance": "visii",
            "quaternion_xyzw": [
                0.33879345655441284,
                0.8680698871612549,
                -0.15729334950447083,
                -0.3270053565502167
            ],
            "quaternion_xyzw_world": [
                0.5185756683349609,
                0.5067875385284424,
                0.6882876753807068,
                0.022488851100206375
            ],
            "segmentation_id": 8,
            "visibility": 1
        },
        {
            "bounding_box_minx_maxx_miny_maxy": [
                -1,
                -1,
                -1,
                -1
            ],
            "class": "Great",
            "local_cuboid": null,
            "local_to_world_matrix": [
                [
                    -0.0047550201416015625,
                    0.6581020951271057,
                    -0.7529137134552002,
                    0.0
                ],
                [
                    0.8674333691596985,
                    -0.37189173698425293,
                    -0.33053892850875854,
                    0.0
                ],
                [
                    -0.4975306987762451,
                    -0.654674232006073,
                    -0.5690914392471313,
                    0.0
                ],
                [
                    1.6412934064865112,
                    -0.2233009934425354,
                    -0.6872182488441467,
                    1.0
                ]
            ],
            "location": [
                0.2233009934425354,
                -0.6872182488441467,
                -1.6412934064865112
            ],
            "location_world": [
                1.6412934064865112,
                -0.2233009934425354,
                -0.6872182488441467
            ],
            "name": "google_Great_Jones_Wingtip_kAqSg6EgG0I_8",
            "projected_cuboid": [
                [
                    334.60378646850586,
                    559.1360926628113
                ],
                [
                    362.01274394989014,
                    546.6793179512024
                ],
                [
                    333.1437408924103,
                    515.2348279953003
                ],
                [
                    301.57551169395447,
                    521.5709209442139
                ],
                [
                    365.053653717041,
                    524.1512656211853
                ],
                [
                    387.6633644104004,
                    517.2026753425598
                ],
                [
                    357.98606276512146,
                    486.7062568664551
                ],
                [
                    330.8929204940796,
                    487.91372776031494
                ],
                [
                    347.4827706813812,
                    519.2415714263916
                ]
            ],
            "provenance": "visii",
            "quaternion_xyzw": [
                -0.20910893380641937,
                0.45553058385849,
                -0.7883799076080322,
                0.35668253898620605
            ],
            "quaternion_xyzw_world": [
                0.6957420706748962,
                0.5481684803962708,
                -0.44932040572166443,
                0.1164710596203804
            ],
            "segmentation_id": 9,
            "visibility": 0
        },
        {
            "bounding_box_minx_maxx_miny_maxy": [
                229,
                423,
                118,
                326
            ],
            "class": "Ecoforms",
            "local_cuboid": null,
            "local_to_world_matrix": [
                [
                    -0.4417116641998291,
                    0.7645586729049683,
                    -0.46940481662750244,
                    0.0
                ],
                [
                    -0.5783132314682007,
                    0.15735697746276855,
                    0.8004952669143677,
                    0.0
                ],
                [
                    0.685889720916748,
                    0.6250510215759277,
                    0.37264788150787354,
                    0.0
                ],
                [
                    0.6682743430137634,
                    -0.15497933328151703,
                    -0.009016549214720726,
                    1.0
                ]
            ],
            "location": [
                0.15497933328151703,
                -0.009016549214720726,
                -0.6682743430137634
            ],
            "location_world": [
                0.6682743430137634,
                -0.15497933328151703,
                -0.009016549214720726
            ],
            "name": "google_Ecoforms_Plant_Container_Quadra_Sand_QP6_9",
            "projected_cuboid": [
                [
                    243.8783496618271,
                    300.7150888442993
                ],
                [
                    216.6087031364441,
                    175.09496212005615
                ],
                [
                    321.1412727832794,
                    226.28800570964813
                ],
                [
                    336.1656665802002,
                    364.9601638317108
                ],
                [
                    344.1784977912903,
                    234.6532791852951
                ],
                [
                    334.18819308280945,
                    113.31169307231903
                ],
                [
                    446.0475444793701,
                    147.039532661438
                ],
                [
                    441.47545099258423,
                    281.8622291088104
                ],
                [
                    335.11584997177124,
                    231.362447142601
                ]
            ],
            "provenance": "visii",
            "quaternion_xyzw": [
                -0.17380723357200623,
                0.901518702507019,
                0.2637108862400055,
                -0.2958237826824188
            ],
            "quaternion_xyzw_world": [
                0.08408839255571365,
                0.5537194013595581,
                0.6436230540275574,
                0.5216065049171448
            ],
            "segmentation_id": 10,
            "visibility": 1
        },
        {
            "bounding_box_minx_maxx_miny_maxy": [
                -1,
                -1,
                -1,
                -1
            ],
            "class": "ReadytoUse",
            "local_cuboid": null,
            "local_to_world_matrix": [
                [
                    -0.9150707721710205,
                    -0.08536692708730698,
                    -0.39415475726127625,
                    0.0
                ],
                [
                    -0.3238997459411621,
                    -0.42672860622406006,
                    0.8443883657455444,
                    0.0
                ],
                [
                    -0.2402799427509308,
                    0.9003417491912842,
                    0.36283648014068604,
                    0.0
                ],
                [
                    0.32645416259765625,
                    0.39159253239631653,
                    -0.37389472126960754,
                    1.0
                ]
            ],
            "location": [
                -0.39159253239631653,
                -0.37389472126960754,
                -0.32645416259765625
            ],
            "location_world": [
                0.32645416259765625,
                0.39159253239631653,
                -0.37389472126960754
            ],
            "name": "google_ReadytoUse_Rolled_Fondant_Pure_White_24_oz_box_10",
            "projected_cuboid": [
                [
                    -1139.1584873199463,
                    1154.590368270874
                ],
                [
                    -1181.633710861206,
                    1106.7630052566528
                ],
                [
                    -612.6335263252258,
                    1115.1808500289917
                ],
                [
                    -608.7852120399475,
                    1155.5798053741455
                ],
                [
                    -714.8576378822327,
                    783.8629484176636
                ],
                [
                    -722.9450941085815,
                    734.3180179595947
                ],
                [
                    -372.82299995422363,
                    780.5481553077698
                ],
                [
                    -379.84901666641235,
                    823.0639100074768
                ],
                [
                    -670.9795594215393,
                    926.0759353637695
                ]
            ],
            "provenance": "visii",
            "quaternion_xyzw": [
                0.013215899467468262,
                0.6161861419677734,
                0.27862370014190674,
                -0.7365520000457764
            ],
            "quaternion_xyzw_world": [
                -0.1928868144750595,
                0.5304492712020874,
                0.8222888708114624,
                0.07252099364995956
            ],
            "segmentation_id": 11,
            "visibility": 0
        },
        {
            "bounding_box_minx_maxx_miny_maxy": [
                207,
                240,
                491,
                500
            ],
            "class": "Dog",
            "local_cuboid": null,
            "local_to_world_matrix": [
                [
                    -0.15713441371917725,
                    0.8906928896903992,
                    -0.42658525705337524,
                    0.0
                ],
                [
                    -0.8067600131034851,
                    -0.36490702629089355,
                    -0.46473777294158936,
                    0.0
                ],
                [
                    -0.5696025490760803,
                    0.2711256742477417,
                    0.7759147882461548,
                    0.0
                ],
                [
                    0.39709243178367615,
                    0.05053390562534332,
                    -0.30920761823654175,
                    1.0
                ]
            ],
            "location": [
                -0.05053390562534332,
                -0.30920761823654175,
                -0.39709243178367615
            ],
            "location_world": [
                0.39709243178367615,
                0.05053390562534332,
                -0.30920761823654175
            ],
            "name": "google_Dog_11",
            "projected_cuboid": [
                [
                    -183.3001673221588,
                    538.093090057373
                ],
                [
                    -310.3816509246826,
                    1042.0982837677002
                ],
                [
                    7.221981883049011,
                    1053.3628463745117
                ],
                [
                    -2.792477607727051,
                    671.8782186508179
                ],
                [
                    190.35105407238007,
                    351.32747888565063
                ],
                [
                    332.1842849254608,
                    649.8299837112427
                ],
                [
                    400.7772207260132,
                    791.0724878311157
                ],
                [
                    270.7870602607727,
                    518.451452255249
                ],
                [
                    108.64728689193726,
                    664.5432114601135
                ]
            ],
            "provenance": "visii",
            "quaternion_xyzw": [
                -0.033325474709272385,
                0.4626966118812561,
                0.8551363945007324,
                -0.23139356076717377
            ],
            "quaternion_xyzw_world": [
                -0.3285794258117676,
                -0.06386039406061172,
                0.7579505443572998,
                0.5598824620246887
            ],
            "segmentation_id": 12,
            "visibility": 1
        },
        {
            "bounding_box_minx_maxx_miny_maxy": [
                88,
                125,
                278,
                343
            ],
            "class": "Black",
            "local_cuboid": null,
            "local_to_world_matrix": [
                [
                    -0.17632806301116943,
                    0.9295070171356201,
                    0.3239215612411499,
                    0.0
                ],
                [
                    0.981894850730896,
                    0.18923527002334595,
                    -0.008520632982254028,
                    0.0
                ],
                [
                    -0.06921738386154175,
                    0.316554456949234,
                    -0.9460456371307373,
                    0.0
                ],
                [
                    1.444165825843811,
                    0.3103576898574829,
                    -0.07377216964960098,
                    1.0
                ]
            ],
            "location": [
                -0.3103576898574829,
                -0.07377216964960098,
                -1.444165825843811
            ],
            "location_world": [
                1.444165825843811,
                0.3103576898574829,
                -0.07377216964960098
            ],
            "name": "google_Black_Elderberry_Syrup_54_oz_Gaia_Herbs_12",
            "projected_cuboid": [
                [
                    87.378591299057,
                    336.89671754837036
                ],
                [
                    89.22098577022552,
                    333.64740014076233
                ],
                [
                    109.20441150665283,
                    276.64050459861755
                ],
                [
                    108.19734632968903,
                    277.52113342285156
                ],
                [
                    111.26942932605743,
                    344.19673681259155
                ],
                [
                    112.15506494045258,
                    340.681254863739
                ],
                [
                    131.84648752212524,
                    284.01505947113037
                ],
                [
                    131.77156448364258,
                    285.1907014846802
                ],
                [
                    110.21612584590912,
                    309.73806977272034
                ]
            ],
            "provenance": "visii",
            "quaternion_xyzw": [
                0.04948797821998596,
                0.6803985834121704,
                -0.7083864212036133,
                -0.18110063672065735
            ],
            "quaternion_xyzw_world": [
                0.6285861730575562,
                0.7601988315582275,
                0.10130041837692261,
                -0.1292881965637207
            ],
            "segmentation_id": 13,
            "visibility": 1
        },
        {
            "bounding_box_minx_maxx_miny_maxy": [
                32,
                58,
                89,
