{
    "camera_data": {
        "camera_look_at": {
            "at": [
                1.0,
                0.0,
                0.0
            ],
            "eye": [
                0.0,
                0.0,
                0.0
            ],
            "up": [
                0.0,
                0.0,
                1.0
            ]
        },
        "camera_view_matrix": [
            [
                0.0,
                0.0,
                -1.0,
                0.0
            ],
            [
                -1.0,
                0.0,
                0.0,
                0.0
            ],
            [
                0.0,
                1.0,
                0.0,
                0.0
            ],
            [
                0.0,
                0.0,
                0.0,
                1.0
            ]
        ],
        "height": 500,
        "intrinsics": {
            "cx": 250.0,
            "cy": 250.0,
            "fx": 603.5535278320312,
            "fy": 603.5535278320312
        },
        "location_world": [
            0.0,
            0.0,
            0.0
        ],
        "quaternion_world_xyzw": [
            0.5,
            -0.5,
            -0.5,
            0.5
        ],
        "width": 500
    },
    "objects": [
        {
            "bounding_box_minx_maxx_miny_maxy": [
                -1,
                -1,
                -1,
                -1
            ],
            "class": "Reebok",
            "local_cuboid": null,
            "local_to_world_matrix": [
                [
                    -0.19447541236877441,
                    0.7758219242095947,
                    -0.6002329587936401,
                    0.0
                ],
                [
                    -0.871713399887085,
                    -0.4172722101211548,
                    -0.2569037973880768,
                    0.0
                ],
                [
                    -0.4497721195220947,
                    0.47326967120170593,
                    0.7574436068534851,
                    0.0
                ],
                [
                    1.4124839305877686,
                    -0.2912566363811493,
                    0.2232135385274887,
                    1.0
                ]
            ],
            "location": [
                0.2912566363811493,
                0.2232135385274887,
                -1.4124839305877686
            ],
            "location_world": [
                1.4124839305877686,
                -0.2912566363811493,
                0.2232135385274887
            ],
            "name": "google_Reebok_SOMERSET_RUN_0",
            "projected_cuboid": [
                [
                    303.7340044975281,
                    121.35055661201477
                ],
                [
                    375.27546286582947,
                    131.62828981876373
                ],
                [
                    396.1706757545471,
                    178.13926935195923
                ],
                [
                    323.58628511428833,
                    160.45305132865906
                ],
                [
                    338.2059931755066,
                    95.95562517642975
                ],
                [
                    415.5554175376892,
                    100.84328055381775
                ],
                [
                    434.47381258010864,
                    147.80694246292114
                ],
                [
                    356.6168546676636,
                    135.3597342967987
                ],
                [
                    364.8383319377899,
                    133.71559977531433
                ]
            ],
            "provenance": "visii",
            "quaternion_xyzw": [
                -0.08847272396087646,
                0.5169975757598877,
                0.787797212600708,
                -0.3228956460952759
            ],
            "quaternion_xyzw_world": [
                -0.34108400344848633,
                0.07028436660766602,
                0.7696088552474976,
                0.5351859331130981
            ],
            "segmentation_id": 1,
            "visibility": 0
        },
        {
            "bounding_box_minx_maxx_miny_maxy": [
                -1,
                -1,
                -1,
                -1
            ],
            "class": "Breyer",
            "local_cuboid": null,
            "local_to_world_matrix": [
                [
                    -0.5000706911087036,
                    -0.7156925797462463,
                    -0.4875584840774536,
                    0.0
                ],
                [
                    0.7920120358467102,
                    -0.15029609203338623,
                    -0.5917161107063293,
                    0.0
                ],
                [
                    0.35020875930786133,
                    -0.6820520758628845,
                    0.641995906829834,
                    0.0
                ],
                [
                    0.8265416026115417,
                    0.3928307890892029,
                    -0.6051293015480042,
                    1.0
                ]
            ],
            "location": [
                -0.3928307890892029,
                -0.6051293015480042,
                -0.8265416026115417
            ],
            "location_world": [
                0.8265416026115417,
                0.3928307890892029,
                -0.6051293015480042
            ],
            "name": "google_Breyer_Horse_Of_The_Year_2015_1",
            "projected_cuboid": [
                [
                    93.88421475887299,
                    663.4559631347656
                ],
                [
                    108.44260454177856,
                    665.471076965332
                ],
                [
                    19.661903381347656,
                    768.062949180603
                ],
                [
                    -1.3456344604492188,
                    772.1529603004456
                ],
                [
                    4.909917712211609,
                    537.4892950057983
                ],
                [
                    21.937355399131775,
                    545.2272891998291
                ],
                [
                    -60.67568063735962,
                    627.7303695678711
                ],
                [
                    -83.11864733695984,
                    623.867392539978
                ],
                [
                    11.754646897315979,
                    644.4721221923828
                ]
            ],
            "provenance": "visii",
            "quaternion_xyzw": [
                0.8151099681854248,
                -0.10344076156616211,
                0.36256539821624756,
                -0.4398203492164612
            ],
            "quaternion_xyzw_world": [
                -0.04535824432969093,
                -0.42064791917800903,
                0.7570275068283081,
                -0.49790287017822266
            ],
            "segmentation_id": 2,
            "visibility": 0
        },
        {
            "bounding_box_minx_maxx_miny_maxy": [
                -1,
                -1,
                -1,
                -1
            ],
            "class": "Smith",
            "local_cuboid": null,
            "local_to_world_matrix": [
                [
                    0.6821877956390381,
                    -0.440527081489563,
                    0.5835714936256409,
                    0.0
                ],
                [
                    0.6171789169311523,
                    0.7748875617980957,
                    -0.13652649521827698,
                    0.0
                ],
                [
                    -0.3920586407184601,
                    0.4533047378063202,
                    0.8005028963088989,
                    0.0
                ],
                [
                    1.4911952018737793,
                    0.4951469600200653,
                    0.5130807161331177,
                    1.0
                ]
            ],
            "location": [
                -0.4951469600200653,
                0.5130807161331177,
                -1.4911952018737793
            ],
            "location_world": [
                1.4911952018737793,
                0.4951469600200653,
                0.5130807161331177
            ],
            "name": "google_Smith_Hawken_Woven_BasketTray_Organizer_with_3_Compartments_95_x_9_x_13_2",
            "projected_cuboid": [
                [
                    65.65459072589874,
                    -109.8029613494873
                ],
                [
                    8.240565657615662,
                    -60.410767793655396
                ],
                [
                    66.73529744148254,
                    35.632818937301636
                ],
                [
                    126.2657642364502,
                    -0.4139542579650879
                ],
                [
                    -53.8654625415802,
                    -77.2210955619812
                ],
                [
                    -107.6531708240509,
                    -22.625327110290527
                ],
                [
                    -30.76300024986267,
                    87.00746297836304
                ],
                [
                    28.11300754547119,
                    50.411224365234375
                ],
                [
                    17.141059041023254,
                    -10.775774717330933
                ]
            ],
            "provenance": "visii",
            "quaternion_xyzw": [
                -0.544287383556366,
                0.08787456154823303,
                0.5215501189231873,
                0.6511642336845398
            ],
            "quaternion_xyzw_world": [
                -0.1633993536233902,
                -0.27027618885040283,
                -0.29301345348358154,
                0.9024381041526794
            ],
            "segmentation_id": 3,
            "visibility": 0
        },
        {
            "bounding_box_minx_maxx_miny_maxy": [
                -1,
                -1,
                -1,
                -1
            ],
            "class": "Paul",
            "local_cuboid": null,
            "local_to_world_matrix": [
                [
                    -0.8506591320037842,
                    -0.4647175669670105,
                    0.2457980513572693,
                    0.0
                ],
                [
                    -0.5139261484146118,
                    0.8335586786270142,
                    -0.20263220369815826,
                    0.0
                ],
                [
                    -0.11072036623954773,
                    -0.2986929714679718,
                    -0.9479048252105713,
                    0.0
                ],
                [
                    0.28975772857666016,
                    -0.3971310555934906,
                    -0.11108941584825516,
                    1.0
                ]
            ],
            "location": [
                0.3971310555934906,
                -0.11108941584825516,
                -0.28975772857666016
            ],
            "location_world": [
                0.28975772857666016,
                -0.3971310555934906,
                -0.11108941584825516
            ],
            "name": "google_Paul_Frank_Dot_Lunch_Box_3",
            "projected_cuboid": [
                [
                    2177.6576042175293,
                    1217.7133560180664
                ],
                [
                    2602.411985397339,
                    1757.5088739395142
                ],
                [
                    1918.7088012695312,
                    611.0827922821045
                ],
                [
                    1732.1200370788574,
                    449.03576374053955
                ],
                [
                    923.8141775131226,
                    777.0723104476929
                ],
                [
                    875.1803636550903,
                    899.0162014961243
                ],
                [
                    720.2489376068115,
                    499.12723898887634
                ],
                [
                    785.99613904953,
                    436.1696243286133
                ],
                [
                    1192.9097175598145,
                    732.1761250495911
                ]
            ],
            "provenance": "visii",
            "quaternion_xyzw": [
                -0.6238247752189636,
                0.23554718494415283,
                -0.46060696244239807,
                -0.5858339667320251
            ],
            "quaternion_xyzw_world": [
                -0.2567523121833801,
                0.9529064297676086,
                -0.13152529299259186,
                -0.09353447705507278
            ],
            "segmentation_id": 4,
            "visibility": 0
        },
        {
            "bounding_box_minx_maxx_miny_maxy": [
                -1,
                -1,
                -1,
                -1
            ],
            "class": "Toys",
            "local_cuboid": null,
            "local_to_world_matrix": [
                [
                    0.7765026688575745,
                    -0.0049947164952754974,
                    -0.6300941705703735,
                    0.0
                ],
                [
                    -0.04206337407231331,
                    -0.9981489181518555,
                    -0.04392494261264801,
                    0.0
                ],
                [
                    -0.6287084817886353,
                    0.060611724853515625,
                    -0.7752753496170044,
                    0.0
                ],
                [
                    1.1731722354888916,
                    0.22189423441886902,
                    0.3335076570510864,
                    1.0
                ]
            ],
            "location": [
                -0.22189423441886902,
                0.3335076570510864,
                -1.1731722354888916
            ],
            "location_world": [
                1.1731722354888916,
                0.22189423441886902,
                0.3335076570510864
            ],
            "name": "google_Toys_R_Us_Treat_Dispenser_Smart_Puzzle_Foobler_4",
            "projected_cuboid": [
                [
                    87.14266121387482,
                    160.40971875190735
                ],
                [
                    168.0075228214264,
                    163.49756717681885
                ],
                [
                    179.00294065475464,
                    111.90444231033325
                ],
                [
                    104.3902039527893,
                    109.32762920856476
                ],
                [
                    67.50044226646423,
                    92.1618640422821
                ],
                [
                    157.82669186592102,
                    95.17981112003326
                ],
                [
                    170.89736461639404,
                    43.940603733062744
                ],
                [
                    88.30176293849945,
                    41.480615735054016
                ],
                [
                    128.45909595489502,
                    102.95519232749939
                ]
            ],
            "provenance": "visii",
            "quaternion_xyzw": [
                0.3241185247898102,
                0.2838889956474304,
                -0.6456854343414307,
                0.6304320693016052
            ],
            "quaternion_xyzw_world": [
                0.942062497138977,
                -0.012488048523664474,
                -0.33405497670173645,
                -0.027741435915231705
            ],
            "segmentation_id": 5,
            "visibility": 0
        },
        {
            "bounding_box_minx_maxx_miny_maxy": [
                -1,
                -1,
                -1,
                -1
            ],
            "class": "Tag",
            "local_cuboid": null,
            "local_to_world_matrix": [
                [
                    -0.4532499313354492,
                    -0.004629939794540405,
                    -0.891371488571167,
                    0.0
                ],
                [
                    -0.8431575298309326,
                    0.3266878128051758,
                    0.4270368814468384,
                    0.0
                ],
                [
                    0.2892230749130249,
                    0.9451209306716919,
                    -0.15197503566741943,
                    0.0
                ],
                [
                    0.31962963938713074,
                    0.11738947778940201,
                    -0.4233512580394745,
                    1.0
                ]
            ],
            "location": [
                -0.11738947778940201,
                -0.4233512580394745,
                -0.31962963938713074
            ],
            "location_world": [
                0.31962963938713074,
                0.11738947778940201,
                -0.4233512580394745
            ],
            "name": "google_Tag_Dishtowel_Basket_Weave_Red_18_x_26_5",
            "projected_cuboid": [
                [
                    76.71301066875458,
                    1108.9394092559814
                ],
                [
                    -337.7431631088257,
                    1672.139048576355
                ],
                [
                    -261.4412307739258,
                    1733.0349683761597
                ],
                [
                    124.51387941837311,
                    1123.335361480713
                ],
                [
                    104.38501834869385,
                    770.1792120933533
                ],
                [
                    -171.44733667373657,
                    926.0948896408081
                ],
                [
                    -111.36582493782043,
                    940.0009512901306
                ],
                [
                    144.7071135044098,
                    774.661123752594
                ],
                [
                    1.3845264911651611,
                    1041.2769317626953
                ]
            ],
            "provenance": "visii",
            "quaternion_xyzw": [
                -0.46551477909088135,
                0.6541463732719421,
                0.2641543745994568,
                -0.5344257950782776
            ],
            "quaternion_xyzw_world": [
                -0.3049742877483368,
                0.6949663162231445,
                0.4936058819293976,
                0.42469486594200134
            ],
            "segmentation_id": 6,
            "visibility": 0
        },
        {
            "bounding_box_minx_maxx_miny_maxy": [
                195,
                499,
                1,
                222
            ],
            "class": "FRACTION",
            "local_cuboid": null,
            "local_to_world_matrix": [
                [
                    0.4509063959121704,
                    -0.7159768342971802,
                    -0.5329733490943909,
                    0.0
                ],
                [
                    0.2509351372718811,
                    0.6747239828109741,
                    -0.6941031217575073,
                    0.0
                ],
                [
                    0.856571614742279,
                    0.1792338490486145,
                    0.48390108346939087,
                    0.0
                ],
                [
                    0.32301652431488037,
                    -0.068824402987957,
                    0.1222456768155098,
                    1.0
                ]
            ],
            "location": [
                0.068824402987957,
                0.1222456768155098,
                -0.32301652431488037
            ],
            "location_world": [
                0.32301652431488037,
                -0.068824402987957,
                0.1222456768155098
            ],
            "name": "google_FRACTION_FUN_n4h4qte23QR_6",
            "projected_cuboid": [
                [
                    550.6922006607056,
                    -10.48421859741211
                ],
                [
                    335.2276086807251,
                    205.69752156734467
                ],
                [
                    355.7692766189575,
                    234.50787365436554
                ],
                [
                    597.968578338623,
                    -1.5733540058135986
                ],
                [
                    375.9309649467468,
                    -269.27435398101807
                ],
                [
                    135.15552878379822,
                    32.07455575466156
                ],
                [
                    136.55294477939606,
                    47.09577560424805
                ],
                [
                    412.3499095439911,
                    -295.0209975242615
                ],
                [
                    364.53819274902344,
                    15.397757291793823
                ]
            ],
            "provenance": "visii",
            "quaternion_xyzw": [
                -0.9036940336227417,
                0.3341001272201538,
                0.17432348430156708,
                0.203286811709404
            ],
            "quaternion_xyzw_world": [
                -0.2703152596950531,
                0.4300919771194458,
                -0.29927858710289,
                0.8077022433280945
            ],
            "segmentation_id": 7,
            "visibility": 1
        },
        {
            "bounding_box_minx_maxx_miny_maxy": [
                -1,
                -1,
                -1,
                -1
            ],
            "class": "FAIRY",
            "local_cuboid": null,
            "local_to_world_matrix": [
                [
                    -0.5490907430648804,
                    -0.2177639901638031,
                    0.8068942427635193,
                    0.0
                ],
                [
                    0.38320037722587585,
                    -0.9235936403274536,
                    0.011508747935295105,
                    0.0
                ],
                [
                    0.7427361607551575,
                    0.3155215382575989,
                    0.5905838012695312,
                    0.0
                ],
                [
                    0.45165711641311646,
                    0.02562847174704075,
                    0.15125469863414764,
                    1.0
                ]
            ],
            "location": [
                -0.02562847174704075,
                0.15125469863414764,
                -0.45165711641311646
            ],
            "location_world": [
                0.45165711641311646,
                0.02562847174704075,
                0.15125469863414764
            ],
            "name": "google_FAIRY_TALE_BLOCKS_7",
            "projected_cuboid": [
                [
                    18.249884247779846,
                    -212.7997875213623
                ],
                [
                    303.8387596607208,
                    -137.49700784683228
                ],
                [
                    422.2800135612488,
                    -102.21424698829651
                ],
                [
                    30.533194541931152,
                    -204.27027344703674
                ],
                [
                    16.617178916931152,
                    76.6555517911911
                ],
                [
                    249.64001774787903,
                    98.08188676834106
                ],
                [
                    324.067622423172,
                    193.42774152755737
                ],
                [
                    24.757012724876404,
                    185.09303033351898
                ],
                [
                    181.44509196281433,
                    3.977641463279724
                ]
            ],
            "provenance": "visii",
            "quaternion_xyzw": [
                0.6980314254760742,
                0.619774341583252,
                0.08365282416343689,
                -0.3487609028816223
            ],
            "quaternion_xyzw_world": [
                0.4426960349082947,
                0.09342550486326218,
                0.8751097321510315,
                -0.17168256640434265
            ],
            "segmentation_id": 8,
            "visibility": 0
        },
        {
            "bounding_box_minx_maxx_miny_maxy": [
                323,
                429,
                375,
                464
            ],
            "class": "Great",
            "local_cuboid": null,
            "local_to_world_matrix": [
                [
                    -0.13234853744506836,
                    0.7669840455055237,
                    -0.6278688907623291,
                    0.0
                ],
                [
                    -0.9565017819404602,
                    -0.26496660709381104,
                    -0.12205356359481812,
                    0.0
                ],
                [
                    -0.25997745990753174,
                    0.5844041109085083,
                    0.7686895132064819,
                    0.0
                ],
                [
                    1.0509333610534668,
                    -0.22497601807117462,
                    -0.2937525510787964,
                    1.0
                ]
            ],
            "location": [
                0.22497601807117462,
                -0.2937525510787964,
                -1.0509333610534668
            ],
            "location_world": [
                1.0509333610534668,
                -0.22497601807117462,
                -0.2937525510787964
            ],
            "name": "google_Great_Jones_Wingtip_kAqSg6EgG0I_8",
            "projected_cuboid": [
                [
                    288.66705298423767,
                    365.28125405311584
                ],
                [
                    359.70667004585266,
                    431.640088558197
                ],
                [
                    400.93356370925903,
                    484.63308811187744
                ],
                [
                    321.34026288986206,
                    406.6607356071472
                ],
                [
                    331.89743757247925,
                    328.05556058883667
                ],
                [
                    416.4164066314697,
                    380.6726932525635
                ],
                [
                    455.13126254081726,
                    434.4651699066162
                ],
                [
                    363.11376094818115,
                    369.8421120643616
                ],
                [
                    361.6919815540314,
                    395.6310451030731
                ]
            ],
            "provenance": "visii",
            "quaternion_xyzw": [
                -0.15418502688407898,
                0.5884201526641846,
                0.732975959777832,
                -0.30452415347099304
            ],
            "quaternion_xyzw_world": [
                -0.30163249373435974,
                0.1570766717195511,
                0.7358676195144653,
                0.5855284929275513
            ],
            "segmentation_id": 9,
            "visibility": 1
        },
        {
            "bounding_box_minx_maxx_miny_maxy": [
                414,
                499,
                159,
                383
            ],
            "class": "Ecoforms",
            "local_cuboid": null,
            "local_to_world_matrix": [
                [
                    0.93583744764328,
                    -0.3513116240501404,
                    -0.028079159557819366,
                    0.0
                ],
                [
                    0.3370699882507324,
                    0.8689342737197876,
                    0.3624045252799988,
                    0.0
                ],
                [
                    -0.10291794687509537,
                    -0.348616361618042,
                    0.9315978288650513,
                    0.0
                ],
                [
                    0.5928692817687988,
                    -0.21840126812458038,
                    -0.11077147722244263,
                    1.0
                ]
            ],
            "location": [
                0.21840126812458038,
                -0.11077147722244263,
                -0.5928692817687988
            ],
            "location_world": [
                0.5928692817687988,
                -0.21840126812458038,
                -0.11077147722244263
            ],
            "name": "google_Ecoforms_Plant_Container_Quadra_Sand_QP6_9",
            "projected_cuboid": [
                [
                    625.1715421676636,
                    241.33408069610596
                ],
                [
                    447.50165939331055,
                    182.42734670639038
                ],
                [
                    393.03410053253174,
                    316.7989253997803
                ],
                [
                    560.5899691581726,
                    387.38560676574707
                ],
                [
                    683.4365725517273,
                    230.8356612920761
                ],
                [
                    437.5121295452118,
                    152.98494696617126
                ],
                [
                    365.2574419975281,
                    332.98829197883606
                ],
                [
                    592.321515083313,
                    432.43375420570374
                ],
                [
                    505.9727430343628,
                    283.36748480796814
                ]
            ],
            "provenance": "visii",
            "quaternion_xyzw": [
                -0.4706350564956665,
                0.4764910936355591,
                0.3119302988052368,
                0.6739128828048706
            ],
            "quaternion_xyzw_world": [
                0.18391934037208557,
                -0.019358502700924873,
                -0.1780632585287094,
                0.9664846658706665
            ],
            "segmentation_id": 10,
            "visibility": 1
        },
        {
            "bounding_box_minx_maxx_miny_maxy": [
                -1,
                -1,
                -1,
                -1
            ],
            "class": "ReadytoUse",
            "local_cuboid": null,
            "local_to_world_matrix": [
                [
                    -0.3892296552658081,
                    0.7953181266784668,
                    -0.46472495794296265,
                    0.0
                ],
                [
                    0.2901237905025482,
                    -0.37298595905303955,
                    -0.8813112378120422,
                    0.0
                ],
                [
                    -0.874258816242218,
                    -0.4778602719306946,
                    -0.08556342124938965,
                    0.0
                ],
                [
                    0.331222265958786,
                    0.4003853499889374,
                    -0.35404959321022034,
                    1.0
                ]
            ],
            "location": [
                -0.4003853499889374,
                -0.35404959321022034,
                -0.331222265958786
            ],
            "location_world": [
                0.331222265958786,
                0.4003853499889374,
                -0.35404959321022034
            ],
            "name": "google_ReadytoUse_Rolled_Fondant_Pure_White_24_oz_box_10",
            "projected_cuboid": [
                [
                    -1237.3955249786377,
                    1728.8330793380737
                ],
                [
                    -1044.5817708969116,
                    1759.0404748916626
                ],
                [
                    -592.6501750946045,
                    1024.4197845458984
                ],
                [
                    -669.4170832633972,
                    974.1930961608887
                ],
                [
                    -594.4353938102722,
                    1209.044337272644
                ],
                [
                    -486.8519902229309,
                    1267.0978307724
                ],
                [
                    -321.13850116729736,
                    828.8801312446594
                ],
                [
                    -376.3294219970703,
                    777.48042345047
                ],
                [
                    -593.3446884155273,
                    1096.2426662445068
                ]
            ],
            "provenance": "visii",
            "quaternion_xyzw": [
                0.2300730049610138,
                -0.09968456625938416,
                0.9421900510787964,
                -0.22227761149406433
            ],
            "quaternion_xyzw_world": [
                -0.5170395970344543,
                -0.5248349905014038,
                0.647428035736084,
                0.19507741928100586
            ],
            "segmentation_id": 11,
            "visibility": 0
        },
        {
            "bounding_box_minx_maxx_miny_maxy": [
                68,
                209,
                430,
                500
            ],
            "class": "Dog",
            "local_cuboid": null,
            "local_to_world_matrix": [
                [
                    0.9164097309112549,
                    0.2102595567703247,
                    -0.340564489364624,
                    0.0
                ],
                [
                    -0.35264378786087036,
                    0.8266180753707886,
                    -0.43857142329216003,
                    0.0
                ],
                [
                    0.1893029659986496,
                    0.5220090746879578,
                    0.8316675424575806,
                    0.0
                ],
                [
                    0.4836055338382721,
                    0.0284129548817873,
                    -0.3286930024623871,
                    1.0
                ]
            ],
            "location": [
                -0.0284129548817873,
                -0.3286930024623871,
                -0.4836055338382721
            ],
            "location_world": [
                0.4836055338382721,
                0.0284129548817873,
                -0.3286930024623871
            ],
            "name": "google_Dog_11",
            "projected_cuboid": [
                [
                    176.30982398986816,
                    398.23341369628906
                ],
                [
                    12.611344456672668,
                    497.08807468414307
                ],
                [
                    108.87952148914337,
                    692.6489472389221
                ],
                [
                    272.3473310470581,
                    567.2792196273804
                ],
                [
                    206.92706108093262,
                    362.2872233390808
                ],
                [
                    -42.1161949634552,
                    509.69791412353516
                ],
                [
                    107.25843906402588,
                    826.6149759292603
                ],
                [
                    355.3051948547363,
                    615.241289138794
                ],
                [
                    152.595654129982,
                    545.3515648841858
                ]
            ],
            "provenance": "visii",
            "quaternion_xyzw": [
                -0.5953181385993958,
                0.4901507496833801,
                0.6040546298027039,
                0.20116294920444489
            ],
            "quaternion_xyzw_world": [
                -0.2540295422077179,
                0.14012567698955536,
                0.14886215329170227,
                0.9453432559967041
            ],
            "segmentation_id": 12,
            "visibility": 1
        },
        {
            "bounding_box_minx_maxx_miny_maxy": [
                115,
                121,
                312,
                322
            ],
            "class": "Black",
            "local_cuboid": null,
            "local_to_world_matrix": [
                [
                    0.8533037900924683,
                    0.06959626823663712,
                    -0.5167485475540161,
                    0.0
                ],
                [
                    -0.16150647401809692,
                    -0.9070322513580322,
                    -0.3888548016548157,
                    0.0
                ],
                [
                    -0.4957704544067383,
                    0.41526949405670166,
                    -0.7627338171005249,
                    0.0
                ],
                [
                    1.1392258405685425,
                    0.2247486263513565,
                    -0.12315254658460617,
                    1.0
                ]
            ],
            "location": [
                -0.2247486263513565,
                -0.12315254658460617,
                -1.1392258405685425
            ],
            "location_world": [
                1.1392258405685425,
                0.2247486263513565,
                -0.12315254658460617
            ],
            "name": "google_Black_Elderberry_Syrup_54_oz_Gaia_Herbs_12",
            "projected_cuboid": [
                [
                    77.25578546524048,
                    380.5246949195862
                ],
                [
                    105.50174117088318,
                    394.4304287433624
                ],
                [
                    145.85751295089722,
                    327.81827449798584
                ],
                [
                    119.02117729187012,
                    315.31286239624023
                ],
                [
                    71.50806486606598,
                    369.59031224250793
                ],
                [
                    101.02762281894684,
                    384.0485215187073
                ],
                [
                    143.4457302093506,
                    315.18372893333435
                ],
                [
                    115.46136438846588,
                    302.2415041923523
                ],
                [
                    110.55544018745422,
                    347.6521968841553
                ]
            ],
            "provenance": "visii",
            "quaternion_xyzw": [
                0.4537312090396881,
                0.21504126489162445,
                -0.6989673376083374,
                0.5092443823814392
            ],
            "quaternion_xyzw_world": [
                0.9384921193122864,
                -0.02448347955942154,
                -0.2697196304798126,
                -0.21420645713806152
            ],
            "segmentation_id": 13,
            "visibility": 1
        },
        {
            "bounding_box_minx_maxx_miny_maxy": [
                -1,
                -1,
                -1,
                -1
            ],
