{
    "camera_data": {
        "camera_look_at": {
            "at": [
                1.0,
                0.0,
                0.0
            ],
            "eye": [
                0.0,
                0.0,
                0.0
            ],
            "up": [
                0.0,
                0.0,
                1.0
            ]
        },
        "camera_view_matrix": [
            [
                0.0,
                0.0,
                -1.0,
                0.0
            ],
            [
                -1.0,
                0.0,
                0.0,
                0.0
            ],
            [
                0.0,
                1.0,
                0.0,
                0.0
            ],
            [
                0.0,
                0.0,
                0.0,
                1.0
            ]
        ],
        "height": 500,
        "intrinsics": {
            "cx": 250.0,
            "cy": 250.0,
            "fx": 603.5535278320312,
            "fy": 603.5535278320312
        },
        "location_world": [
            0.0,
            0.0,
            0.0
        ],
        "quaternion_world_xyzw": [
            0.5,
            -0.5,
            -0.5,
            0.5
        ],
        "width": 500
    },
    "objects": [
        {
            "bounding_box_minx_maxx_miny_maxy": [
                206,
                207,
                162,
                165
            ],
            "class": "Reebok",
            "local_cuboid": null,
            "local_to_world_matrix": [
                [
                    -0.7118902206420898,
                    -0.4563204050064087,
                    0.5338388681411743,
                    0.0
                ],
                [
                    0.17418481409549713,
                    -0.8511134386062622,
                    -0.4952429234981537,
                    0.0
                ],
                [
                    0.6803468465805054,
                    -0.25957199931144714,
                    0.6853834390640259,
                    0.0
                ],
                [
                    1.9035574197769165,
                    0.024220401421189308,
                    0.1740056276321411,
                    1.0
                ]
            ],
            "location": [
                -0.024220401421189308,
                0.1740056276321411,
                -1.9035574197769165
            ],
            "location_world": [
                1.9035574197769165,
                0.024220401421189308,
                0.1740056276321411
            ],
            "name": "google_Reebok_SOMERSET_RUN_0",
            "projected_cuboid": [
                [
                    220.7375317811966,
                    137.86229491233826
                ],
                [
                    297.89215326309204,
                    185.2206289768219
                ],
                [
                    290.26517271995544,
                    207.93846249580383
                ],
                [
                    209.58295464515686,
                    159.1748595237732
                ],
                [
                    206.35050535202026,
                    160.58194637298584
                ],
                [
                    280.8365225791931,
                    205.51694929599762
                ],
                [
                    272.8365659713745,
                    228.12198102474213
                ],
                [
                    195.07072865962982,
                    181.9373369216919
                ],
                [
                    247.1378594636917,
                    183.59996378421783
                ]
            ],
            "provenance": "visii",
            "quaternion_xyzw": [
                0.8111581802368164,
                0.4268440902233124,
                0.29940593242645264,
                -0.26492005586624146
            ],
            "quaternion_xyzw_world": [
                0.33683812618255615,
                -0.2093999683856964,
                0.9011641144752502,
                -0.17491409182548523
            ],
            "segmentation_id": 1,
            "visibility": 1
        },
        {
            "bounding_box_minx_maxx_miny_maxy": [
                -1,
                -1,
                -1,
                -1
            ],
            "class": "Breyer",
            "local_cuboid": null,
            "local_to_world_matrix": [
                [
                    0.44601672887802124,
                    -0.8077000975608826,
                    0.3856028914451599,
                    0.0
                ],
                [
                    -0.6540756821632385,
                    -0.5882283449172974,
                    -0.4755758047103882,
                    0.0
                ],
                [
                    0.6109451651573181,
                    -0.04009871184825897,
                    -0.7906566858291626,
                    0.0
                ],
                [
                    0.49155494570732117,
                    -0.14244066178798676,
                    -0.4221719801425934,
                    1.0
                ]
            ],
            "location": [
                0.14244066178798676,
                -0.4221719801425934,
                -0.49155494570732117
            ],
            "location_world": [
                0.49155494570732117,
                -0.14244066178798676,
                -0.4221719801425934
            ],
            "name": "google_Breyer_Horse_Of_The_Year_2015_1",
            "projected_cuboid": [
                [
                    462.8501236438751,
                    701.0982632637024
                ],
                [
                    509.2622637748718,
                    755.7590007781982
                ],
                [
                    548.7338304519653,
                    706.2808871269226
                ],
                [
                    491.87809228897095,
                    645.8039283752441
                ],
                [
                    297.5788414478302,
                    883.7884664535522
                ],
                [
                    341.15147590637207,
                    962.9544019699097
                ],
                [
                    352.6989221572876,
                    947.6879239082336
                ],
                [
                    299.2156744003296,
                    853.5188436508179
                ],
                [
                    419.84274983406067,
                    797.3766326904297
                ]
            ],
            "provenance": "visii",
            "quaternion_xyzw": [
                0.8506205677986145,
                0.2862119972705841,
                -0.11930054426193237,
                0.42461130023002625
            ],
            "quaternion_xyzw_world": [
                0.8403722047805786,
                -0.43485963344573975,
                0.2964603304862976,
                -0.12954887747764587
            ],
            "segmentation_id": 2,
            "visibility": 0
        },
        {
            "bounding_box_minx_maxx_miny_maxy": [
                87,
                222,
                1,
                93
            ],
            "class": "Smith",
            "local_cuboid": null,
            "local_to_world_matrix": [
                [
                    -0.32382142543792725,
                    -0.32249364256858826,
                    -0.8894593715667725,
                    0.0
                ],
                [
                    0.9434293508529663,
                    -0.1808938980102539,
                    -0.2778826653957367,
                    0.0
                ],
                [
                    -0.07128217816352844,
                    -0.9291262626647949,
                    0.362826943397522,
                    0.0
                ],
                [
                    1.5956566333770752,
                    0.38380762934684753,
                    0.5732896327972412,
                    1.0
                ]
            ],
            "location": [
                -0.38380762934684753,
                0.5732896327972412,
                -1.5956566333770752
            ],
            "location_world": [
                1.5956566333770752,
                0.38380762934684753,
                0.5732896327972412
            ],
            "name": "google_Smith_Hawken_Woven_BasketTray_Organizer_with_3_Compartments_95_x_9_x_13_2",
            "projected_cuboid": [
                [
                    206.91174268722534,
                    13.386428356170654
                ],
                [
                    230.467289686203,
                    74.84906911849976
                ],
                [
                    139.73283767700195,
                    112.39449679851532
                ],
                [
                    100.90890526771545,
                    58.21463465690613
                ],
                [
                    163.78948092460632,
                    -96.44588828086853
                ],
                [
                    191.7467564344406,
                    -23.869752883911133
                ],
                [
                    107.40654170513153,
                    12.269094586372375
                ],
                [
                    66.41581654548645,
                    -53.66423726081848
                ],
                [
                    151.2097716331482,
                    12.760922312736511
                ]
            ],
            "provenance": "visii",
            "quaternion_xyzw": [
                0.6182827949523926,
                -0.2865055203437805,
                0.5066239833831787,
                -0.5281792283058167
            ],
            "quaternion_xyzw_world": [
                -0.35151299834251404,
                -0.4416165053844452,
                0.6832902431488037,
                -0.4631717801094055
            ],
            "segmentation_id": 3,
            "visibility": 1
        },
        {
            "bounding_box_minx_maxx_miny_maxy": [
                -1,
                -1,
                -1,
                -1
            ],
            "class": "Paul",
            "local_cuboid": null,
            "local_to_world_matrix": [
                [
                    0.33358919620513916,
                    -0.942498505115509,
                    0.02036667987704277,
                    0.0
                ],
                [
                    -0.9378840327262878,
                    -0.33398616313934326,
                    -0.09395112097263336,
                    0.0
                ],
                [
                    0.09535098075866699,
                    0.012239493429660797,
                    -0.995368480682373,
                    0.0
                ],
                [
                    0.3529433012008667,
                    -0.3240007162094116,
                    -0.13682620227336884,
                    1.0
                ]
            ],
            "location": [
                0.3240007162094116,
                -0.13682620227336884,
                -0.3529433012008667
            ],
            "location_world": [
                0.3529433012008667,
                -0.3240007162094116,
                -0.13682620227336884
            ],
            "name": "google_Paul_Frank_Dot_Lunch_Box_3",
            "projected_cuboid": [
                [
                    799.558162689209,
                    712.5039100646973
                ],
                [
                    1009.5288753509521,
                    856.1388850212097
                ],
                [
                    1062.9870891571045,
                    492.4481511116028
                ],
                [
                    830.5500745773315,
                    423.95317554473877
                ],
                [
                    533.6195230484009,
                    827.4124264717102
                ],
                [
                    713.4220004081726,
                    1057.462215423584
                ],
                [
                    759.7106695175171,
                    587.3814821243286
                ],
                [
                    555.8266639709473,
                    475.44509172439575
                ],
                [
                    785.4127883911133,
                    668.0870056152344
                ]
            ],
            "provenance": "visii",
            "quaternion_xyzw": [
                0.730034351348877,
                0.12134800851345062,
                -0.11842891573905945,
                0.6620416045188904
            ],
            "quaternion_xyzw_world": [
                0.8159264326095581,
                -0.5761495232582092,
                0.035455912351608276,
                -0.0325368233025074
            ],
            "segmentation_id": 4,
            "visibility": 0
        },
        {
            "bounding_box_minx_maxx_miny_maxy": [
                -1,
                -1,
                -1,
                -1
            ],
            "class": "Toys",
            "local_cuboid": null,
            "local_to_world_matrix": [
                [
                    -0.6642541885375977,
                    -0.7036972641944885,
                    -0.25214385986328125,
                    0.0
                ],
                [
                    0.7364032864570618,
                    -0.5581121444702148,
                    -0.38238877058029175,
                    0.0
                ],
                [
                    0.12836137413978577,
                    -0.43968290090560913,
                    0.8889332413673401,
                    0.0
                ],
                [
                    0.9908024072647095,
                    0.6529545187950134,
                    -0.168009415268898,
                    1.0
                ]
            ],
            "location": [
                -0.6529545187950134,
                -0.168009415268898,
                -0.9908024072647095
            ],
            "location_world": [
                0.9908024072647095,
                0.6529545187950134,
                -0.168009415268898
            ],
            "name": "google_Toys_R_Us_Treat_Dispenser_Smart_Puzzle_Foobler_4",
            "projected_cuboid": [
                [
                    -133.89894366264343,
                    264.5203471183777
                ],
                [
                    -40.0298535823822,
                    297.86771535873413
                ],
                [
                    -86.64819598197937,
                    381.46984577178955
                ],
                [
                    -188.597172498703,
                    358.11179876327515
                ],
                [
                    -160.02044081687927,
                    239.61248993873596
                ],
                [
                    -72.12936878204346,
                    272.4195718765259
                ],
                [
                    -114.9631142616272,
                    347.74649143218994
                ],
                [
                    -209.53673124313354,
                    322.94613122940063
                ],
                [
                    -123.50189685821533,
                    310.21735072135925
                ]
            ],
            "provenance": "visii",
            "quaternion_xyzw": [
                0.7440509796142578,
                0.10280489921569824,
                0.37092119455337524,
                -0.5461106300354004
            ],
            "quaternion_xyzw_world": [
                -0.03508797287940979,
                -0.2330283522605896,
                0.8819438219070435,
                -0.40821775794029236
            ],
            "segmentation_id": 5,
            "visibility": 0
        },
        {
            "bounding_box_minx_maxx_miny_maxy": [
                -1,
                -1,
                -1,
                -1
            ],
            "class": "Tag",
            "local_cuboid": null,
            "local_to_world_matrix": [
                [
                    -0.8582876920700073,
                    -0.5108283758163452,
                    0.048956722021102905,
                    0.0
                ],
                [
                    -0.4168633222579956,
                    0.7496713399887085,
                    0.5140212774276733,
                    0.0
                ],
                [
                    -0.2992781102657318,
                    0.4207698404788971,
                    -0.8563792705535889,
                    0.0
                ],
                [
                    0.3202400803565979,
                    -0.08245337754487991,
                    -0.39929524064064026,
                    1.0
                ]
            ],
            "location": [
                0.08245337754487991,
                -0.39929524064064026,
                -0.3202400803565979
            ],
            "location_world": [
                0.3202400803565979,
                -0.08245337754487991,
                -0.39929524064064026
            ],
            "name": "google_Tag_Dishtowel_Basket_Weave_Red_18_x_26_5",
            "projected_cuboid": [
                [
                    670.1123714447021,
                    1275.384783744812
                ],
                [
                    326.8834352493286,
                    1420.4373359680176
                ],
                [
                    367.3914968967438,
                    1268.3384418487549
                ],
                [
                    685.218870639801,
                    1178.3387660980225
                ],
                [
                    405.95513582229614,
                    939.4953846931458
                ],
                [
                    136.15688681602478,
                    923.6093163490295
                ],
                [
                    165.25010764598846,
                    851.0381579399109
                ],
                [
                    422.2932457923889,
                    882.490873336792
                ],
                [
                    393.8007354736328,
                    1043.1394577026367
                ]
            ],
            "provenance": "visii",
            "quaternion_xyzw": [
                -0.41759100556373596,
                0.41949817538261414,
                -0.26192960143089294,
                -0.762254536151886
            ],
            "quaternion_xyzw_world": [
                -0.24920888245105743,
                0.9306366443634033,
                0.2511160373687744,
                -0.09354747086763382
            ],
            "segmentation_id": 6,
            "visibility": 0
        },
        {
            "bounding_box_minx_maxx_miny_maxy": [
                -1,
                -1,
                -1,
                -1
            ],
            "class": "FRACTION",
            "local_cuboid": null,
            "local_to_world_matrix": [
                [
                    0.5729663372039795,
                    0.14588633179664612,
                    0.806490421295166,
                    0.0
                ],
                [
                    -0.573351263999939,
                    0.7745026350021362,
                    0.2672339081764221,
                    0.0
                ],
                [
                    -0.5856431722640991,
                    -0.61551833152771,
                    0.5274080634117126,
                    0.0
                ],
                [
                    0.7087929844856262,
                    0.5548355579376221,
                    0.22169773280620575,
                    1.0
                ]
            ],
            "location": [
                -0.5548355579376221,
                0.22169773280620575,
                -0.7087929844856262
            ],
            "location_world": [
                0.7087929844856262,
                0.5548355579376221,
                0.22169773280620575
            ],
            "name": "google_FRACTION_FUN_n4h4qte23QR_6",
            "projected_cuboid": [
                [
                    -108.24114084243774,
                    27.65113115310669
                ],
                [
                    -295.6506609916687,
                    -52.781105041503906
                ],
                [
                    -298.8780736923218,
                    -21.984606981277466
                ],
                [
                    -116.94824695587158,
                    51.80405080318451
                ],
                [
                    -138.12333345413208,
                    119.268998503685
                ],
                [
                    -363.63857984542847,
                    42.05453395843506
                ],
                [
                    -364.51709270477295,
                    73.94188642501831
                ],
                [
                    -146.98150753974915,
                    143.52700114250183
                ],
                [
                    -219.51550245285034,
                    47.750428318977356
                ]
            ],
            "provenance": "visii",
            "quaternion_xyzw": [
                0.017582282423973083,
                0.4548288583755493,
                0.605040431022644,
                0.6532593369483948
            ],
            "quaternion_xyzw_world": [
                0.2603150010108948,
                -0.4105265736579895,
                0.21209612488746643,
                0.8477731347084045
            ],
            "segmentation_id": 7,
            "visibility": 0
        },
        {
            "bounding_box_minx_maxx_miny_maxy": [
                0,
                328,
                107,
                476
            ],
            "class": "FAIRY",
            "local_cuboid": null,
            "local_to_world_matrix": [
                [
                    -0.9689213037490845,
                    0.07071377336978912,
                    0.23704637587070465,
                    0.0
                ],
                [
                    0.09218883514404297,
                    0.9924613833427429,
                    0.08075650036334991,
                    0.0
                ],
                [
                    -0.22954876720905304,
                    0.10009972751140594,
                    -0.9681359529495239,
                    0.0
                ],
                [
                    0.45075279474258423,
                    0.07930045574903488,
                    0.058556441217660904,
                    1.0
                ]
            ],
            "location": [
                -0.07930045574903488,
                0.058556441217660904,
                -0.45075279474258423
            ],
            "location_world": [
                0.45075279474258423,
                0.07930045574903488,
                0.058556441217660904
            ],
            "name": "google_FAIRY_TALE_BLOCKS_7",
            "projected_cuboid": [
                [
                    297.71727323532104,
                    563.7590885162354
                ],
                [
                    -251.73723697662354,
                    493.03698539733887
                ],
                [
                    -137.28424906730652,
                    75.79727470874786
                ],
                [
                    332.43629336357117,
                    103.04933786392212
                ],
                [
                    295.9793210029602,
                    485.07577180862427
                ],
                [
                    -5.088120698928833,
                    449.93430376052856
                ],
                [
                    40.49712419509888,
                    208.4583193063736
                ],
                [
                    315.9210681915283,
                    229.79667782783508
                ],
                [
                    121.28709256649017,
                    320.0543522834778
                ]
            ],
            "provenance": "visii",
            "quaternion_xyzw": [
                -0.3933767080307007,
                0.480083703994751,
                -0.5521562695503235,
                -0.556684672832489
            ],
            "quaternion_xyzw_world": [
                0.0410892628133297,
                0.9911506772041321,
                0.04561774432659149,
                -0.11769026517868042
            ],
            "segmentation_id": 8,
            "visibility": 1
        },
        {
            "bounding_box_minx_maxx_miny_maxy": [
                -1,
                -1,
                -1,
                -1
            ],
            "class": "Great",
            "local_cuboid": null,
            "local_to_world_matrix": [
                [
                    0.5272765159606934,
                    0.6105138659477234,
                    0.5909757018089294,
                    0.0
                ],
                [
                    -0.7425916790962219,
                    0.6691291928291321,
                    -0.028700798749923706,
                    0.0
                ],
                [
                    -0.41296130418777466,
                    -0.4237203896045685,
                    0.806178629398346,
                    0.0
                ],
                [
                    1.226711630821228,
                    -0.15532085299491882,
                    -0.38245341181755066,
                    1.0
                ]
            ],
            "location": [
                0.15532085299491882,
                -0.38245341181755066,
                -1.226711630821228
            ],
            "location_world": [
                1.226711630821228,
                -0.15532085299491882,
                -0.38245341181755066
            ],
            "name": "google_Great_Jones_Wingtip_kAqSg6EgG0I_8",
            "projected_cuboid": [
                [
                    374.8124837875366,
                    365.4497265815735
                ],
                [
                    286.00379824638367,
                    394.86163854599
                ],
                [
                    259.0104341506958,
                    437.4305307865143
                ],
                [
                    349.33748841285706,
                    401.83621644973755
                ],
                [
                    412.96347975730896,
                    402.1311402320862
                ],
                [
                    327.66395807266235,
                    441.4253830909729
                ],
                [
                    297.39752411842346,
                    484.28070545196533
                ],
                [
                    384.98619198799133,
                    438.8308525085449
                ],
                [
                    340.01973271369934,
                    418.8561737537384
                ]
            ],
            "provenance": "visii",
            "quaternion_xyzw": [
                -0.036144182085990906,
                0.5405672192573547,
                0.7162708640098572,
                0.43981438875198364
            ],
            "quaternion_xyzw_world": [
                0.11398325115442276,
                -0.289686918258667,
                0.3904397785663605,
                0.8663983345031738
            ],
            "segmentation_id": 9,
            "visibility": 0
        },
        {
            "bounding_box_minx_maxx_miny_maxy": [
                211,
                396,
                61,
                228
            ],
            "class": "Ecoforms",
            "local_cuboid": null,
            "local_to_world_matrix": [
                [
                    0.0757036805152893,
                    0.32291820645332336,
                    -0.9433943033218384,
                    0.0
                ],
                [
                    -0.9171065092086792,
                    -0.3488128185272217,
                    -0.1929907202720642,
                    0.0
                ],
                [
                    -0.3913881778717041,
                    0.8798031210899353,
                    0.2697439193725586,
                    0.0
                ],
                [
                    0.8442477583885193,
                    -0.15285979211330414,
                    0.10149089246988297,
                    1.0
                ]
            ],
            "location": [
                0.15285979211330414,
                0.10149089246988297,
                -0.8442477583885193
            ],
            "location_world": [
                0.8442477583885193,
                -0.15285979211330414,
                0.10149089246988297
            ],
            "name": "google_Ecoforms_Plant_Container_Quadra_Sand_QP6_9",
            "projected_cuboid": [
                [
                    209.0231478214264,
                    197.7258175611496
                ],
                [
                    256.11215829849243,
                    216.3872867822647
                ],
                [
                    372.6751208305359,
                    255.18760085105896
                ],
                [
                    307.24117159843445,
                    230.629563331604
                ],
                [
                    251.56167149543762,
                    70.56330144405365
                ],
                [
                    310.4887902736664,
                    57.19585716724396
                ],
                [
                    424.5086908340454,
                    110.7446551322937
                ],
                [
                    348.27524423599243,
                    113.05524408817291
                ],
                [
                    308.6100220680237,
                    157.5273871421814
                ]
            ],
            "provenance": "visii",
            "quaternion_xyzw": [
                -0.34593507647514343,
                0.4296915531158447,
                0.6905245780944824,
                -0.4678352475166321
            ],
            "quaternion_xyzw_world": [
                -0.5373017191886902,
                0.2764686346054077,
                0.6210581660270691,
                0.49915802478790283
            ],
            "segmentation_id": 10,
            "visibility": 1
        },
        {
            "bounding_box_minx_maxx_miny_maxy": [
                -1,
                -1,
                -1,
                -1
            ],
            "class": "ReadytoUse",
            "local_cuboid": null,
            "local_to_world_matrix": [
                [
                    0.9341349005699158,
                    -0.18373221158981323,
                    0.3059975504875183,
                    0.0
                ],
                [
                    -0.30629393458366394,
                    -0.8527988195419312,
                    0.4229881167411804,
                    0.0
                ],
                [
                    0.1832377016544342,
                    -0.4888531565666199,
                    -0.8529052734375,
                    0.0
                ],
                [
                    0.3785272538661957,
                    0.2614566683769226,
                    -0.39514991641044617,
                    1.0
                ]
            ],
            "location": [
                -0.2614566683769226,
                -0.39514991641044617,
                -0.3785272538661957
            ],
            "location_world": [
                0.3785272538661957,
                0.2614566683769226,
                -0.39514991641044617
            ],
            "name": "google_ReadytoUse_Rolled_Fondant_Pure_White_24_oz_box_10",
            "projected_cuboid": [
                [
                    9.350702166557312,
                    926.5400171279907
                ],
                [
                    56.59608542919159,
                    921.3895201683044
                ],
                [
                    -73.74945282936096,
                    766.8819427490234
                ],
                [
                    -119.86282467842102,
                    777.643620967865
                ],
                [
                    -104.13804650306702,
                    1202.6340961456299
                ],
                [
                    -46.272605657577515,
                    1207.831859588623
                ],
                [
                    -233.93264412879944,
                    1025.5835056304932
                ],
                [
                    -288.65140676498413,
                    1028.2320976257324
                ],
                [
                    -87.63730525970459,
                    966.0250544548035
                ]
            ],
            "provenance": "visii",
            "quaternion_xyzw": [
                0.48579367995262146,
                0.5963417291641235,
                -0.22915178537368774,
                0.5965489745140076
            ],
            "quaternion_xyzw_world": [
                0.9539180994033813,
                -0.12842458486557007,
                0.12821730971336365,
                0.23897263407707214
            ],
            "segmentation_id": 11,
            "visibility": 0
        },
        {
            "bounding_box_minx_maxx_miny_maxy": [
                201,
                499,
                310,
                500
            ],
            "class": "Dog",
            "local_cuboid": null,
            "local_to_world_matrix": [
                [
                    -0.7016270160675049,
                    0.4926920235157013,
                    -0.514756441116333,
                    0.0
                ],
                [
                    -0.6377233862876892,
                    -0.11194539070129395,
                    0.7620874047279358,
                    0.0
                ],
                [
                    0.3178497552871704,
                    0.8629732728004456,
                    0.39274507761001587,
                    0.0
                ],
                [
                    0.1893714964389801,
                    -0.15990321338176727,
                    -0.15179161727428436,
                    1.0
                ]
            ],
            "location": [
                0.15990321338176727,
                -0.15179161727428436,
                -0.1893714964389801
            ],
            "location_world": [
                0.1893714964389801,
                -0.15990321338176727,
                -0.15179161727428436
            ],
            "name": "google_Dog_11",
            "projected_cuboid": [
                [
                    36.73356771469116,
                    791.1067605018616
                ],
                [
                    -79.15875315666199,
                    596.5688228607178
                ],
                [
                    1701.1579275131226,
                    2081.634044647217
                ],
                [
                    582.9192399978638,
                    1284.2119932174683
                ],
                [
                    301.6834259033203,
                    381.9228410720825
                ],
                [
                    370.2995181083679,
                    125.38900971412659
                ],
                [
                    902.4252891540527,
                    313.3029043674469
                ],
                [
                    628.0226111412048,
                    551.3700246810913
                ],
                [
                    450.53938031196594,
                    562.7136826515198
                ]
            ],
            "provenance": "visii",
            "quaternion_xyzw": [
                -0.12556912004947662,
                0.801970899105072,
                0.3212299942970276,
                -0.4877359867095947
            ],
            "quaternion_xyzw_world": [
                -0.06628212332725525,
                0.5470229983329773,
                0.7426838874816895,
                0.38051700592041016
            ],
            "segmentation_id": 12,
            "visibility": 1
        },
        {
            "bounding_box_minx_maxx_miny_maxy": [
                -1,
                -1,
                -1,
                -1
            ],
            "class": "Black",
            "local_cuboid": null,
            "local_to_world_matrix": [
                [
                    0.9141929745674133,
                    -0.3992960453033447,
                    0.06938227266073227,
                    0.0
                ],
                [
                    0.29765284061431885,
                    0.5453200936317444,
                    -0.7836000323295593,
                    0.0
                ],
                [
                    0.2750527560710907,
                    0.7370135188102722,
                    0.617379367351532,
                    0.0
                ],
                [
                    1.6436711549758911,
                    0.3804202973842621,
                    -0.07111655175685883,
                    1.0
                ]
            ],
            "location": [
                -0.3804202973842621,
                -0.07111655175685883,
                -1.6436711549758911
            ],
            "location_world": [
                1.6436711549758911,
                0.3804202973842621,
                -0.07111655175685883
            ],
            "name": "google_Black_Elderberry_Syrup_54_oz_Gaia_Herbs_12",
            "projected_cuboid": [
                [
                    86.81465685367584,
                    234.5227152109146
                ],
                [
                    77.16783881187439,
                    250.943124294281
                ],
                [
                    111.51206493377686,
                    283.1774055957794
                ],
                [
                    121.75442278385162,
                    266.7037546634674
                ],
                [
                    73.293536901474,
                    235.4835420846939
                ],
                [
                    63.48702311515808,
                    252.40850448608398
                ],
                [
                    98.59848022460938,
                    285.71397066116333
                ],
                [
                    109.03216898441315,
                    268.7332034111023
                ],
                [
                    92.57455170154572,
                    259.5447897911072
                ]
            ],
            "provenance": "visii",
            "quaternion_xyzw": [
                -0.7838923335075378,
                0.15178678929805756,
                0.5266050100326538,
                0.2918233573436737
            ],
            "quaternion_xyzw_world": [
                -0.4334436357021332,
                0.058625392615795135,
                -0.1986619532108307,
                0.8770537972450256
            ],
            "segmentation_id": 13,
            "visibility": 0
        },
        {
            "bounding_box_minx_maxx_miny_maxy": [
                97,
                136,
                101,
                156
            ],
