{
    "camera_data": {
        "camera_look_at": {
            "at": [
                1.0,
                0.0,
                0.0
            ],
            "eye": [
                0.0,
                0.0,
                0.0
            ],
            "up": [
                0.0,
                0.0,
                1.0
            ]
        },
        "camera_view_matrix": [
            [
                0.0,
                0.0,
                -1.0,
                0.0
            ],
            [
                -1.0,
                0.0,
                0.0,
                0.0
            ],
            [
                0.0,
                1.0,
                0.0,
                0.0
            ],
            [
                0.0,
                0.0,
                0.0,
                1.0
            ]
        ],
        "height": 500,
        "intrinsics": {
            "cx": 250.0,
            "cy": 250.0,
            "fx": 603.5535278320312,
            "fy": 603.5535278320312
        },
        "location_world": [
            0.0,
            0.0,
            0.0
        ],
        "quaternion_world_xyzw": [
            0.5,
            -0.5,
            -0.5,
            0.5
        ],
        "width": 500
    },
    "objects": [
        {
            "bounding_box_minx_maxx_miny_maxy": [
                303,
                314,
                124,
                131
            ],
            "class": "Reebok",
            "local_cuboid": null,
            "local_to_world_matrix": [
                [
                    0.9889116287231445,
                    -0.12781299650669098,
                    -0.07561472803354263,
                    0.0
                ],
                [
                    -0.13632597029209137,
                    -0.5793784856796265,
                    -0.8035768866539001,
                    0.0
                ],
                [
                    0.05889801308512688,
                    0.8049748539924622,
                    -0.5903784036636353,
                    0.0
                ],
                [
                    1.4620177745819092,
                    -0.24580521881580353,
                    0.21869175136089325,
                    1.0
                ]
            ],
            "location": [
                0.24580521881580353,
                0.21869175136089325,
                -1.4620177745819092
            ],
            "location_world": [
                1.4620177745819092,
                -0.24580521881580353,
                0.21869175136089325
            ],
            "name": "google_Reebok_SOMERSET_RUN_0",
            "projected_cuboid": [
                [
                    279.2391777038574,
                    147.01607823371887
                ],
                [
                    348.0241000652313,
                    238.61250281333923
                ],
                [
                    386.12881302833557,
                    210.94223856925964
                ],
                [
                    316.0494565963745,
                    119.65636909008026
                ],
                [
                    275.4408121109009,
                    135.40053367614746
                ],
                [
                    349.627822637558,
                    234.00279879570007
                ],
                [
                    390.8083438873291,
                    204.08198237419128
                ],
                [
                    315.1136636734009,
                    105.84394633769989
                ],
                [
                    332.0099115371704,
                    174.00747537612915
                ]
            ],
            "provenance": "visii",
            "quaternion_xyzw": [
                0.7053878307342529,
                0.1785414218902588,
                -0.6357802152633667,
                0.25755488872528076
            ],
            "quaternion_xyzw_world": [
                0.8886321783065796,
                -0.0743105411529541,
                -0.004702933598309755,
                -0.45253586769104004
            ],
            "segmentation_id": 1,
            "visibility": 1
        },
        {
            "bounding_box_minx_maxx_miny_maxy": [
                -1,
                -1,
                -1,
                -1
            ],
            "class": "Breyer",
            "local_cuboid": null,
            "local_to_world_matrix": [
                [
                    -0.7006354331970215,
                    -0.7133868336677551,
                    -0.013758718967437744,
                    0.0
                ],
                [
                    0.005736291408538818,
                    0.013650655746459961,
                    -0.9998903870582581,
                    0.0
                ],
                [
                    0.7134964466094971,
                    -0.7006375193595886,
                    -0.005471944808959961,
                    0.0
                ],
                [
                    0.7609720826148987,
                    0.3368679881095886,
                    -0.5851595997810364,
                    1.0
                ]
            ],
            "location": [
                -0.3368679881095886,
                -0.5851595997810364,
                -0.7609720826148987
            ],
            "location_world": [
                0.7609720826148987,
                0.3368679881095886,
                -0.5851595997810364
            ],
            "name": "google_Breyer_Horse_Of_The_Year_2015_1",
            "projected_cuboid": [
                [
                    138.4294331073761,
                    682.8114986419678
                ],
                [
                    137.8733217716217,
                    726.7926931381226
                ],
                [
                    24.435952305793762,
                    802.7870059013367
                ],
                [
                    25.026291608810425,
                    751.7607808113098
                ],
                [
                    52.6871383190155,
                    607.0084571838379
                ],
                [
                    52.255675196647644,
                    643.5210108757019
                ],
                [
                    -50.46477913856506,
                    694.060206413269
                ],
                [
                    -50.01768469810486,
                    652.8205871582031
                ],
                [
                    40.910616517066956,
                    688.6188983917236
                ]
            ],
            "provenance": "visii",
            "quaternion_xyzw": [
                -0.9255773425102234,
                0.007403314113616943,
                -0.37848618626594543,
                7.140636444091797e-05
            ],
            "quaternion_xyzw_world": [
                -0.26980823278427124,
                0.6556977033615112,
                -0.6483657956123352,
                0.2772829532623291
            ],
            "segmentation_id": 2,
            "visibility": 0
        },
        {
            "bounding_box_minx_maxx_miny_maxy": [
                0,
                63,
                1,
                57
            ],
            "class": "Smith",
            "local_cuboid": null,
            "local_to_world_matrix": [
                [
                    0.781792163848877,
                    -0.3205995559692383,
                    0.5348055362701416,
                    0.0
                ],
                [
                    0.5214992761611938,
                    0.8063659071922302,
                    -0.2789490222930908,
                    0.0
                ],
                [
                    -0.34181803464889526,
                    0.49698084592819214,
                    0.7976030111312866,
                    0.0
                ],
                [
                    1.4893237352371216,
                    0.49572187662124634,
                    0.5437430143356323,
                    1.0
                ]
            ],
            "location": [
                -0.49572187662124634,
                0.5437430143356323,
                -1.4893237352371216
            ],
            "location_world": [
                1.4893237352371216,
                0.49572187662124634,
                0.5437430143356323
            ],
            "name": "google_Smith_Hawken_Woven_BasketTray_Organizer_with_3_Compartments_95_x_9_x_13_2",
            "projected_cuboid": [
                [
                    58.691129088401794,
                    -115.80267548561096
                ],
                [
                    -3.393501043319702,
                    -58.17738175392151
                ],
                [
                    57.84597992897034,
                    34.772276878356934
                ],
                [
                    121.54337763786316,
                    -11.47526502609253
                ],
                [
                    -45.45959830284119,
                    -104.62987422943115
                ],
                [
                    -110.20991206169128,
                    -35.8504056930542
                ],
                [
                    -29.82187271118164,
                    74.18321073055267
                ],
                [
                    38.713663816452026,
                    21.880492568016052
                ],
                [
                    15.2922123670578,
                    -22.650480270385742
                ]
            ],
            "provenance": "visii",
            "quaternion_xyzw": [
                -0.560742974281311,
                0.1210717186331749,
                0.5701244473457336,
                0.5881047248840332
            ],
            "quaternion_xyzw_world": [
                -0.210845485329628,
                -0.23820725083351135,
                -0.22882576286792755,
                0.9200218915939331
            ],
            "segmentation_id": 3,
            "visibility": 1
        },
        {
            "bounding_box_minx_maxx_miny_maxy": [
                -1,
                -1,
                -1,
                -1
            ],
            "class": "Paul",
            "local_cuboid": null,
            "local_to_world_matrix": [
                [
                    -0.65799880027771,
                    -0.678473949432373,
                    0.3266664445400238,
                    0.0
                ],
                [
                    -0.6334465742111206,
                    0.7332839965820312,
                    0.24706274271011353,
                    0.0
                ],
                [
                    -0.40716490149497986,
                    -0.044358767569065094,
                    -0.9122769832611084,
                    0.0
                ],
                [
                    0.29800868034362793,
                    -0.41169115900993347,
                    -0.1168602705001831,
                    1.0
                ]
            ],
            "location": [
                0.41169115900993347,
                -0.1168602705001831,
                -0.29800868034362793
            ],
            "location_world": [
                0.29800868034362793,
                -0.41169115900993347,
                -0.1168602705001831
            ],
            "name": "google_Paul_Frank_Dot_Lunch_Box_3",
            "projected_cuboid": [
                [
                    2456.969976425171,
                    1445.6814527511597
                ],
                [
                    3708.601713180542,
                    2242.553234100342
                ],
                [
                    1825.925350189209,
                    455.76733350753784
                ],
                [
                    1581.364393234253,
                    464.0294313430786
                ],
                [
                    943.7227845191956,
                    966.4340019226074
                ],
                [
                    942.3978328704834,
                    1095.0342416763306
                ],
                [
                    737.8605604171753,
                    502.22963094711304
                ],
                [
                    772.2941637039185,
                    499.4814097881317
                ],
                [
                    1255.1887035369873,
                    786.1407995223999
                ]
            ],
            "provenance": "visii",
            "quaternion_xyzw": [
                -0.5060252547264099,
                0.2008880078792572,
                -0.3469972312450409,
                -0.7636592388153076
            ],
            "quaternion_xyzw_world": [
                -0.3608996272087097,
                0.9087848663330078,
                0.055762361735105515,
                -0.2018715739250183
            ],
            "segmentation_id": 4,
            "visibility": 0
        },
        {
            "bounding_box_minx_maxx_miny_maxy": [
                -1,
                -1,
                -1,
                -1
            ],
            "class": "Toys",
            "local_cuboid": null,
            "local_to_world_matrix": [
                [
                    -0.71769118309021,
                    -0.37672287225723267,
                    -0.5856614708900452,
                    0.0
                ],
                [
                    0.43343478441238403,
                    0.4165905714035034,
                    -0.7991161942481995,
                    0.0
                ],
                [
                    0.5450263619422913,
                    -0.8273646235466003,
                    -0.13569867610931396,
                    0.0
                ],
                [
                    1.176571249961853,
                    0.20367597043514252,
                    0.289370596408844,
                    1.0
                ]
            ],
            "location": [
                -0.20367597043514252,
                0.289370596408844,
                -1.176571249961853
            ],
            "location_world": [
                1.176571249961853,
                0.20367597043514252,
                0.289370596408844
            ],
            "name": "google_Toys_R_Us_Treat_Dispenser_Smart_Puzzle_Foobler_4",
            "projected_cuboid": [
                [
                    241.98347330093384,
                    103.27766835689545
                ],
                [
                    211.158886551857,
                    171.14044725894928
                ],
                [
                    141.96352660655975,
                    154.53951060771942
                ],
                [
                    170.9146499633789,
                    80.44028282165527
                ],
                [
                    215.24454653263092,
                    73.33442568778992
                ],
                [
                    188.27930092811584,
                    137.09203898906708
                ],
                [
                    123.64356219768524,
                    119.69740688800812
                ],
                [
                    148.89338612556458,
                    50.523340702056885
                ],
                [
                    180.52828311920166,
                    111.80464923381805
                ]
            ],
            "provenance": "visii",
            "quaternion_xyzw": [
                -0.8247523307800293,
                0.3038039207458496,
                -0.46833935379981995,
                0.0902501791715622
            ],
            "quaternion_xyzw_world": [
                0.018820583820343018,
                0.7533227205276489,
                -0.5397689342498779,
                0.37523356080055237
            ],
            "segmentation_id": 5,
            "visibility": 0
        },
        {
            "bounding_box_minx_maxx_miny_maxy": [
                -1,
                -1,
                -1,
                -1
            ],
            "class": "Tag",
            "local_cuboid": null,
            "local_to_world_matrix": [
                [
                    0.2794352173805237,
                    0.5325647592544556,
                    -0.7989310026168823,
                    0.0
                ],
                [
                    -0.9600913524627686,
                    0.1447066068649292,
                    -0.23934191465377808,
                    0.0
                ],
                [
                    -0.011854439973831177,
                    0.83392733335495,
                    0.5517469048500061,
                    0.0
                ],
                [
                    0.3270978331565857,
                    0.0935574322938919,
                    -0.42495980858802795,
                    1.0
                ]
            ],
            "location": [
                -0.0935574322938919,
                -0.42495980858802795,
                -0.3270978331565857
            ],
            "location_world": [
                0.3270978331565857,
                0.0935574322938919,
                -0.42495980858802795
            ],
            "name": "google_Tag_Dishtowel_Basket_Weave_Red_18_x_26_5",
            "projected_cuboid": [
                [
                    52.867814898490906,
                    831.8677544593811
                ],
                [
                    -217.15381741523743,
                    1518.2400941848755
                ],
                [
                    -142.97884702682495,
                    1564.5904541015625
                ],
                [
                    90.94762802124023,
                    856.4264178276062
                ],
                [
                    162.3648703098297,
                    700.4759907722473
                ],
                [
                    -46.77954316139221,
                    1404.1705131530762
                ],
                [
                    45.487090945243835,
                    1462.3019695281982
                ],
                [
                    204.70593869686127,
                    727.9838919639587
                ],
                [
                    50.7066547870636,
                    1016.4657831192017
                ]
            ],
            "provenance": "visii",
            "quaternion_xyzw": [
                -0.41681012511253357,
                0.5659877061843872,
                0.6677876114845276,
                -0.24492232501506805
            ],
            "quaternion_xyzw_world": [
                -0.3817661702632904,
                0.2799662947654724,
                0.530943751335144,
                0.7028315663337708
            ],
            "segmentation_id": 6,
            "visibility": 0
        },
        {
            "bounding_box_minx_maxx_miny_maxy": [
                55,
                298,
                1,
                248
            ],
            "class": "FRACTION",
            "local_cuboid": null,
            "local_to_world_matrix": [
                [
                    0.33001232147216797,
                    -0.3150785565376282,
                    -0.8898412585258484,
                    0.0
                ],
                [
                    -0.8659858107566833,
                    0.2741357088088989,
                    -0.418232262134552,
                    0.0
                ],
                [
                    0.3757132887840271,
                    0.9086117148399353,
                    -0.18238544464111328,
                    0.0
                ],
                [
                    0.24473822116851807,
                    0.01983729563653469,
                    0.11580774933099747,
                    1.0
                ]
            ],
            "location": [
                -0.01983729563653469,
                0.11580774933099747,
                -0.24473822116851807
            ],
            "location_world": [
                0.24473822116851807,
                0.01983729563653469,
                0.11580774933099747
            ],
            "name": "google_FRACTION_FUN_n4h4qte23QR_6",
            "projected_cuboid": [
                [
                    240.09385704994202,
                    137.28812336921692
                ],
                [
                    81.95270597934723,
                    277.96849608421326
                ],
                [
                    192.7938163280487,
                    255.22476434707642
                ],
                [
                    307.1831464767456,
                    118.51321160793304
                ],
                [
                    132.21901655197144,
                    -182.96536803245544
                ],
                [
                    -204.26654815673828,
                    -337.1049165725708
                ],
                [
                    -80.73309063911438,
                    -445.24770975112915
                ],
                [
                    206.3760757446289,
                    -223.08552265167236
                ],
                [
                    155.1755666732788,
                    -16.900688409805298
                ]
            ],
            "provenance": "visii",
            "quaternion_xyzw": [
                -0.7261239290237427,
                0.4007501006126404,
                0.42645061016082764,
                -0.36094772815704346
            ],
            "quaternion_xyzw_world": [
                -0.5563861131668091,
                0.5306856036186218,
                0.23101221024990082,
                0.596188485622406
            ],
            "segmentation_id": 7,
            "visibility": 1
        },
        {
            "bounding_box_minx_maxx_miny_maxy": [
                0,
                311,
                1,
                215
            ],
            "class": "FAIRY",
            "local_cuboid": null,
            "local_to_world_matrix": [
                [
                    -0.6153417825698853,
                    -0.009176656603813171,
                    0.7882070541381836,
                    0.0
                ],
                [
                    0.4370366930961609,
                    -0.8361445665359497,
                    0.3314533829689026,
                    0.0
                ],
                [
                    0.6560133695602417,
                    0.548432469367981,
                    0.5185251235961914,
                    0.0
                ],
                [
                    0.44973471760749817,
                    0.04019860550761223,
                    0.1358654648065567,
                    1.0
                ]
            ],
            "location": [
                -0.04019860550761223,
                0.1358654648065567,
                -0.44973471760749817
            ],
            "location_world": [
                0.44973471760749817,
                0.04019860550761223,
                0.1358654648065567
            ],
            "name": "google_FAIRY_TALE_BLOCKS_7",
            "projected_cuboid": [
                [
                    -105.98844289779663,
                    -149.91846680641174
                ],
                [
                    197.0985233783722,
                    -161.51919960975647
                ],
                [
                    350.47879815101624,
                    -139.26279544830322
                ],
                [
                    -36.986470222473145,
                    -114.09494280815125
                ],
                [
                    -19.846796989440918,
                    141.2920504808426
                ],
                [
                    206.26723766326904,
                    85.89205145835876
                ],
                [
                    321.87771797180176,
                    164.40153121948242
                ],
                [
                    53.6266565322876,
                    256.59143924713135
                ],
                [
                    132.89891183376312,
                    25.573521852493286
                ]
            ],
            "provenance": "visii",
            "quaternion_xyzw": [
                0.5774376392364502,
                0.7032585144042969,
                0.028968170285224915,
                -0.4137078523635864
            ],
            "quaternion_xyzw_world": [
                0.4190100431442261,
                0.2552802860736847,
                0.8616860508918762,
                -0.12945936620235443
            ],
            "segmentation_id": 8,
            "visibility": 1
        },
        {
            "bounding_box_minx_maxx_miny_maxy": [
                334,
                469,
                382,
                462
            ],
            "class": "Great",
            "local_cuboid": null,
            "local_to_world_matrix": [
                [
                    -0.5360918045043945,
                    0.17501114308834076,
                    0.8258188962936401,
                    0.0
                ],
                [
                    -0.6311937570571899,
                    -0.7326924800872803,
                    -0.2544727921485901,
                    0.0
                ],
                [
                    0.5605355501174927,
                    -0.6576724648475647,
                    0.5032562017440796,
                    0.0
                ],
                [
                    1.3147822618484497,
                    -0.29474136233329773,
                    -0.3876418471336365,
                    1.0
                ]
            ],
            "location": [
                0.29474136233329773,
                -0.3876418471336365,
                -1.3147822618484497
            ],
            "location_world": [
                1.3147822618484497,
                -0.29474136233329773,
                -0.3876418471336365
            ],
            "name": "google_Great_Jones_Wingtip_kAqSg6EgG0I_8",
            "projected_cuboid": [
                [
                    352.3638844490051,
                    352.08624601364136
                ],
                [
                    478.8464307785034,
                    406.49551153182983
                ],
                [
                    453.0927538871765,
                    444.02042031288147
                ],
                [
                    324.4476914405823,
                    381.7620873451233
                ],
                [
                    356.1105728149414,
                    384.8412334918976
                ],
                [
                    477.3980975151062,
                    441.69801473617554
                ],
                [
                    452.802836894989,
                    479.2281985282898
                ],
                [
                    329.5135200023651,
                    414.7378206253052
                ],
                [
                    398.8344669342041,
                    410.9116494655609
                ]
            ],
            "provenance": "visii",
            "quaternion_xyzw": [
                0.6403118968009949,
                0.608496904373169,
                0.4660869836807251,
                0.049951255321502686
            ],
            "quaternion_xyzw_world": [
                0.4163365364074707,
                -0.27392661571502686,
                0.8324722647666931,
                0.24211163818836212
            ],
            "segmentation_id": 9,
            "visibility": 1
        },
        {
            "bounding_box_minx_maxx_miny_maxy": [
                344,
                499,
                137,
                331
            ],
            "class": "Ecoforms",
            "local_cuboid": null,
            "local_to_world_matrix": [
                [
                    0.9148586392402649,
                    0.391149640083313,
                    -0.1001782938838005,
                    0.0
                ],
                [
                    -0.3891860842704773,
                    0.9203220009803772,
                    0.03926372528076172,
                    0.0
                ],
                [
                    0.10755427926778793,
                    0.0030672308057546616,
                    0.994194507598877,
                    0.0
                ],
                [
                    0.6135281324386597,
                    -0.19629967212677002,
                    -0.08109822124242783,
                    1.0
                ]
            ],
            "location": [
                0.19629967212677002,
                -0.08109822124242783,
                -0.6135281324386597
            ],
            "location_world": [
                0.6135281324386597,
                -0.19629967212677002,
                -0.08109822124242783
            ],
            "name": "google_Ecoforms_Plant_Container_Quadra_Sand_QP6_9",
            "projected_cuboid": [
                [
                    446.54810428619385,
                    191.56178832054138
                ],
                [
                    312.94846534729004,
                    178.60792577266693
                ],
                [
                    315.1382803916931,
                    329.0630280971527
                ],
                [
                    451.8016278743744,
                    327.2397518157959
                ],
                [
                    582.6939344406128,
                    154.26740050315857
                ],
                [
                    423.10023307800293,
                    131.43056631088257
                ],
                [
                    430.1491975784302,
                    333.6797058582306
                ],
                [
                    593.9517021179199,
                    330.68639039993286
                ],
                [
                    440.102219581604,
                    247.42332100868225
                ]
            ],
            "provenance": "visii",
            "quaternion_xyzw": [
                -0.41144290566444397,
                0.6200740933418274,
                0.5577480792999268,
                0.36761394143104553
            ],
            "quaternion_xyzw_world": [
                0.009248526766896248,
                0.053077518939971924,
                0.1993827074766159,
                0.9784395694732666
            ],
            "segmentation_id": 10,
            "visibility": 1
        },
        {
            "bounding_box_minx_maxx_miny_maxy": [
                -1,
                -1,
                -1,
                -1
            ],
            "class": "ReadytoUse",
            "local_cuboid": null,
            "local_to_world_matrix": [
                [
                    -0.3216738700866699,
                    0.5571810007095337,
                    -0.7655555605888367,
                    0.0
                ],
                [
                    -0.16908085346221924,
                    -0.8293349742889404,
                    -0.5325554609298706,
                    0.0
                ],
                [
                    -0.9316317439079285,
                    -0.041868358850479126,
                    0.3609839677810669,
                    0.0
                ],
                [
                    0.32971152663230896,
                    0.39787107706069946,
                    -0.3608466386795044,
                    1.0
                ]
            ],
            "location": [
                -0.39787107706069946,
                -0.3608466386795044,
                -0.32971152663230896
            ],
            "location_world": [
                0.32971152663230896,
                0.39787107706069946,
                -0.3608466386795044
            ],
            "name": "google_ReadytoUse_Rolled_Fondant_Pure_White_24_oz_box_10",
            "projected_cuboid": [
                [
                    -1457.9912424087524,
                    1529.2820930480957
                ],
                [
                    -1388.143539428711,
                    1706.6481113433838
                ],
                [
                    -561.0610246658325,
                    1078.881025314331
                ],
                [
                    -617.8494095802307,
                    1006.7534446716309
                ],
                [
                    -909.1945886611938,
                    988.0073070526123
                ],
                [
                    -829.6467065811157,
                    1104.5558452606201
                ],
                [
                    -350.56012868881226,
                    822.0287561416626
                ],
                [
                    -406.00675344467163,
                    763.922393321991
                ],
                [
                    -697.1293091773987,
                    1043.3628559112549
                ]
            ],
            "provenance": "visii",
            "quaternion_xyzw": [
                0.10457383841276169,
                0.15247449278831482,
                0.8691041469573975,
                -0.45877426862716675
            ],
            "quaternion_xyzw_world": [
                -0.5354150533676147,
                -0.1812146157026291,
                0.7924633622169495,
                0.22911527752876282
            ],
            "segmentation_id": 11,
            "visibility": 0
        },
        {
            "bounding_box_minx_maxx_miny_maxy": [
                103,
                297,
                469,
                500
            ],
            "class": "Dog",
            "local_cuboid": null,
            "local_to_world_matrix": [
                [
                    0.04769420623779297,
                    -0.9932748079299927,
                    0.10550069808959961,
                    0.0
                ],
                [
                    0.2136141061782837,
                    -0.09303462505340576,
                    -0.9724780321121216,
                    0.0
                ],
                [
                    0.9757531881332397,
                    0.06891798973083496,
                    0.20774030685424805,
                    0.0
                ],
                [
                    0.41535884141921997,
                    0.05799387767910957,
                    -0.29306721687316895,
                    1.0
                ]
            ],
            "location": [
                -0.05799387767910957,
                -0.29306721687316895,
                -0.41535884141921997
            ],
            "location_world": [
                0.41535884141921997,
                0.05799387767910957,
                -0.29306721687316895
            ],
            "name": "google_Dog_11",
            "projected_cuboid": [
                [
                    287.77751326560974,
                    401.180624961853
                ],
                [
                    301.86086893081665,
                    563.6403560638428
                ],
                [
                    343.51587295532227,
                    758.5523128509521
                ],
                [
                    326.7361521720886,
                    536.690354347229
                ],
                [
                    50.61033368110657,
                    429.3084144592285
                ],
                [
                    80.04552125930786,
                    592.8558707237244
                ],
                [
                    22.47123420238495,
                    805.9941530227661
                ],
                [
                    -27.496755123138428,
                    582.6753973960876
                ],
                [
                    176.5586882829666,
                    570.8822011947632
                ]
            ],
            "provenance": "visii",
            "quaternion_xyzw": [
                -0.9926613569259644,
                -0.05000075697898865,
                0.0293685644865036,
                0.1061173528432846
            ],
            "quaternion_xyzw_world": [
                -0.4829566478729248,
                0.40358731150627136,
                -0.5597054362297058,
                0.5390732288360596
            ],
            "segmentation_id": 12,
            "visibility": 1
        },
        {
            "bounding_box_minx_maxx_miny_maxy": [
                165,
                205,
                292,
                326
            ],
            "class": "Black",
            "local_cuboid": null,
            "local_to_world_matrix": [
                [
                    0.10753238201141357,
                    -0.2657877504825592,
                    0.9580156803131104,
                    0.0
                ],
                [
                    -0.9777880907058716,
                    -0.20264625549316406,
                    0.05353069305419922,
                    0.0
                ],
                [
                    0.17991021275520325,
                    -0.9424923658370972,
                    -0.28167521953582764,
                    0.0
                ],
                [
                    1.2473163604736328,
                    0.23811554908752441,
                    -0.09621480852365494,
                    1.0
                ]
            ],
            "location": [
                -0.23811554908752441,
                -0.09621480852365494,
                -1.2473163604736328
            ],
            "location_world": [
                1.2473163604736328,
                0.23811554908752441,
                -0.09621480852365494
            ],
            "name": "google_Black_Elderberry_Syrup_54_oz_Gaia_Herbs_12",
            "projected_cuboid": [
                [
                    203.88805866241455,
                    301.47621035575867
                ],
                [
                    207.54534006118774,
                    302.3298680782318
                ],
                [
                    139.06320929527283,
                    283.2527458667755
                ],
                [
                    138.42418789863586,
                    283.24323892593384
                ],
                [
                    196.61596417427063,
                    327.14563608169556
                ],
                [
                    199.9528855085373,
                    329.19812202453613
                ],
                [
                    130.96150755882263,
                    310.601681470871
                ],
                [
                    130.68705797195435,
                    309.35102701187134
                ],
                [
                    168.72704029083252,
                    305.8759868144989
                ]
            ],
            "provenance": "visii",
            "quaternion_xyzw": [
                0.5899507403373718,
                0.49184688925743103,
                0.3538260757923126,
                0.5337153673171997
            ],
            "quaternion_xyzw_world": [
                0.630843460559845,
                -0.49282264709472656,
                0.4509541392326355,
                0.39471879601478577
            ],
            "segmentation_id": 13,
            "visibility": 1
        },
        {
            "bounding_box_minx_maxx_miny_maxy": [
                0,
                39,
                58,
