{
    "camera_data": {
        "camera_look_at": {
            "at": [
                1.0,
                0.0,
                0.0
            ],
            "eye": [
                0.0,
                0.0,
                0.0
            ],
            "up": [
                0.0,
                0.0,
                1.0
            ]
        },
        "camera_view_matrix": [
            [
                0.0,
                0.0,
                -1.0,
                0.0
            ],
            [
                -1.0,
                0.0,
                0.0,
                0.0
            ],
            [
                0.0,
                1.0,
                0.0,
                0.0
            ],
            [
                0.0,
                0.0,
                0.0,
                1.0
            ]
        ],
        "height": 500,
        "intrinsics": {
            "cx": 250.0,
            "cy": 250.0,
            "fx": 603.5535278320312,
            "fy": 603.5535278320312
        },
        "location_world": [
            0.0,
            0.0,
            0.0
        ],
        "quaternion_world_xyzw": [
            0.5,
            -0.5,
            -0.5,
            0.5
        ],
        "width": 500
    },
    "objects": [
        {
            "bounding_box_minx_maxx_miny_maxy": [
                242,
                286,
                141,
                189
            ],
            "class": "Reebok",
            "local_cuboid": null,
            "local_to_world_matrix": [
                [
                    -0.05010724067687988,
                    0.8837925791740417,
                    -0.4651881456375122,
                    0.0
                ],
                [
                    -0.9621157050132751,
                    -0.16769707202911377,
                    -0.2149677872657776,
                    0.0
                ],
                [
                    -0.2679975628852844,
                    0.43679338693618774,
                    0.8587135076522827,
                    0.0
                ],
                [
                    1.6734029054641724,
                    -0.05276866629719734,
                    0.20299096405506134,
                    1.0
                ]
            ],
            "location": [
                0.05276866629719734,
                0.20299096405506134,
                -1.6734029054641724
            ],
            "location_world": [
                1.6734029054641724,
                -0.05276866629719734,
                0.20299096405506134
            ],
            "name": "google_Reebok_SOMERSET_RUN_0",
            "projected_cuboid": [
                [
                    225.47931969165802,
                    145.64403891563416
                ],
                [
                    240.63608050346375,
                    151.37344598770142
                ],
                [
                    260.83284616470337,
                    192.7107274532318
                ],
                [
                    242.7970916032791,
                    180.6544065475464
                ],
                [
                    259.26610827445984,
                    128.23152542114258
                ],
                [
                    280.68941831588745,
                    130.68048655986786
                ],
                [
                    300.0001907348633,
                    172.2848415374756
                ],
                [
                    275.95147490501404,
                    163.4310632944107
                ],
                [
                    259.9889636039734,
                    157.9810529947281
                ]
            ],
            "provenance": "visii",
            "quaternion_xyzw": [
                -0.12567581236362457,
                0.5917827486991882,
                0.7692134976387024,
                -0.20569226145744324
            ],
            "quaternion_xyzw_world": [
                -0.25439944863319397,
                0.07696864753961563,
                0.7205063700675964,
                0.640489935874939
            ],
            "segmentation_id": 1,
            "visibility": 1
        },
        {
            "bounding_box_minx_maxx_miny_maxy": [
                -1,
                -1,
                -1,
                -1
            ],
            "class": "Breyer",
            "local_cuboid": null,
            "local_to_world_matrix": [
                [
                    0.4776785969734192,
                    0.8718878626823425,
                    -0.1078646183013916,
                    0.0
                ],
                [
                    0.5271633267402649,
                    -0.3826795816421509,
                    -0.7587194442749023,
                    0.0
                ],
                [
                    -0.7027958631515503,
                    0.30556178092956543,
                    -0.6424251794815063,
                    0.0
                ],
                [
                    0.5544767379760742,
                    0.00564816826954484,
                    -0.4489440321922302,
                    1.0
                ]
            ],
            "location": [
                -0.00564816826954484,
                -0.4489440321922302,
                -0.5544767379760742
            ],
            "location_world": [
                0.5544767379760742,
                0.00564816826954484,
                -0.4489440321922302
            ],
            "name": "google_Breyer_Horse_Of_The_Year_2015_1",
            "projected_cuboid": [
                [
                    49.3498295545578,
                    917.4298644065857
                ],
                [
                    86.61338686943054,
                    929.1689395904541
                ],
                [
                    159.49025750160217,
                    718.5008525848389
                ],
                [
                    132.63118267059326,
                    698.1694102287292
                ],
                [
                    310.7759356498718,
                    1071.5422630310059
                ],
                [
                    338.7036323547363,
                    1075.0298500061035
                ],
                [
                    374.7643232345581,
                    789.2301082611084
                ],
                [
                    355.24192452430725,
                    768.7067985534668
                ],
                [
                    216.51478111743927,
                    851.5738248825073
                ]
            ],
            "provenance": "visii",
            "quaternion_xyzw": [
                0.21449697017669678,
                0.3203016519546509,
                -0.912880539894104,
                0.13433964550495148
            ],
            "quaternion_xyzw_world": [
                0.7910093665122986,
                0.4421727657318115,
                -0.2562107741832733,
                -0.3363680839538574
            ],
            "segmentation_id": 2,
            "visibility": 0
        },
        {
            "bounding_box_minx_maxx_miny_maxy": [
                0,
                140,
                1,
                88
            ],
            "class": "Smith",
            "local_cuboid": null,
            "local_to_world_matrix": [
                [
                    0.0014261603355407715,
                    0.5150597095489502,
                    -0.8571531176567078,
                    0.0
                ],
                [
                    -0.18079718947410583,
                    -0.8428955078125,
                    -0.506793200969696,
                    0.0
                ],
                [
                    -0.9835193753242493,
                    0.1556936502456665,
                    0.09191930294036865,
                    0.0
                ],
                [
                    1.5421620607376099,
                    0.43327969312667847,
                    0.5813345313072205,
                    1.0
                ]
            ],
            "location": [
                -0.43327969312667847,
                0.5813345313072205,
                -1.5421620607376099
            ],
            "location_world": [
                1.5421620607376099,
                0.43327969312667847,
                0.5813345313072205
            ],
            "name": "google_Smith_Hawken_Woven_BasketTray_Organizer_with_3_Compartments_95_x_9_x_13_2",
            "projected_cuboid": [
                [
                    -64.48975205421448,
                    9.93204116821289
                ],
                [
                    28.196871280670166,
                    63.769593834877014
                ],
                [
                    83.39747786521912,
                    105.97503185272217
                ],
                [
                    4.713177680969238,
                    59.96936559677124
                ],
                [
                    21.56670391559601,
                    -133.58339667320251
                ],
                [
                    117.4839735031128,
                    -85.04816889762878
                ],
                [
                    157.16707706451416,
                    -16.933739185333252
                ],
                [
                    76.26350224018097,
                    -59.30003523826599
                ],
                [
                    54.87436056137085,
                    -4.535406827926636
                ]
            ],
            "provenance": "visii",
            "quaternion_xyzw": [
                -0.04531604051589966,
                0.07865604758262634,
                0.8668004274368286,
                -0.49032294750213623
            ],
            "quaternion_xyzw_world": [
                -0.6618916988372803,
                -0.12625271081924438,
                0.6952317357063293,
                0.2502247989177704
            ],
            "segmentation_id": 3,
            "visibility": 1
        },
        {
            "bounding_box_minx_maxx_miny_maxy": [
                -1,
                -1,
                -1,
                -1
            ],
            "class": "Paul",
            "local_cuboid": null,
            "local_to_world_matrix": [
                [
                    0.2169128656387329,
                    -0.9664231538772583,
                    -0.13775023818016052,
                    0.0
                ],
                [
                    -0.5847479104995728,
                    -0.24162542819976807,
                    0.7743946313858032,
                    0.0
                ],
                [
                    -0.7816767692565918,
                    -0.08742699027061462,
                    -0.617525577545166,
                    0.0
                ],
                [
                    0.3021828234195709,
                    -0.39375367760658264,
                    -0.13760221004486084,
                    1.0
                ]
            ],
            "location": [
                0.39375367760658264,
                -0.13760221004486084,
                -0.3021828234195709
            ],
            "location_world": [
                0.3021828234195709,
                -0.39375367760658264,
                -0.13760221004486084
            ],
            "name": "google_Paul_Frank_Dot_Lunch_Box_3",
            "projected_cuboid": [
                [
                    2012.5012397766113,
                    1386.145830154419
                ],
                [
                    3088.888168334961,
                    1566.3623809814453
                ],
                [
                    1327.805757522583,
                    479.8194169998169
                ],
                [
                    1096.7135429382324,
                    578.9771676063538
                ],
                [
                    1585.2830410003662,
                    1733.2812547683716
                ],
                [
                    3229.675769805908,
                    2443.037509918213
                ],
                [
                    947.6673603057861,
                    443.61215829849243
                ],
                [
                    751.9015073776245,
                    568.8126683235168
                ],
                [
                    1403.1919240951538,
                    846.8179702758789
                ]
            ],
            "provenance": "visii",
            "quaternion_xyzw": [
                0.32029351592063904,
                0.08107811212539673,
                -0.10106813907623291,
                0.93841552734375
            ],
            "quaternion_xyzw_world": [
                0.7204276323318481,
                -0.5382813811302185,
                -0.3190560042858124,
                0.2990659773349762
            ],
            "segmentation_id": 4,
            "visibility": 0
        },
        {
            "bounding_box_minx_maxx_miny_maxy": [
                -1,
                -1,
                -1,
                -1
            ],
            "class": "Toys",
            "local_cuboid": null,
            "local_to_world_matrix": [
                [
                    0.31134694814682007,
                    0.786072850227356,
                    -0.5339967012405396,
                    0.0
                ],
                [
                    0.2185506522655487,
                    -0.6060941219329834,
                    -0.7647781372070312,
                    0.0
                ],
                [
                    -0.9248236417770386,
                    0.12140601873397827,
                    -0.36050236225128174,
                    0.0
                ],
                [
                    1.1192524433135986,
                    0.3311368525028229,
                    0.06436002254486084,
                    1.0
                ]
            ],
            "location": [
                -0.3311368525028229,
                0.06436002254486084,
                -1.1192524433135986
            ],
            "location_world": [
                1.1192524433135986,
                0.3311368525028229,
                0.06436002254486084
            ],
            "name": "google_Toys_R_Us_Treat_Dispenser_Smart_Puzzle_Foobler_4",
            "projected_cuboid": [
                [
                    -30.24497628211975,
                    233.69331657886505
                ],
                [
                    34.301742911338806,
                    303.99709939956665
                ],
                [
                    70.3793317079544,
                    268.6123251914978
                ],
                [
                    15.041276812553406,
                    206.10877871513367
                ],
                [
                    33.725470304489136,
                    179.6048879623413
                ],
                [
                    99.25936162471771,
                    255.27513027191162
                ],
                [
                    128.6095678806305,
                    224.57563877105713
                ],
                [
                    72.61575758457184,
                    157.90647268295288
                ],
                [
                    54.00802195072174,
                    228.85753214359283
                ]
            ],
            "provenance": "visii",
            "quaternion_xyzw": [
                0.11606208980083466,
                0.15529902279376984,
                -0.9321580529212952,
                0.3057664632797241
            ],
            "quaternion_xyzw_world": [
                0.7546428442001343,
                0.3328142464160919,
                -0.4832817018032074,
                -0.2935773432254791
            ],
            "segmentation_id": 5,
            "visibility": 0
        },
        {
            "bounding_box_minx_maxx_miny_maxy": [
                -1,
                -1,
                -1,
                -1
            ],
            "class": "Tag",
            "local_cuboid": null,
            "local_to_world_matrix": [
                [
                    -0.8857485055923462,
                    0.09642846882343292,
                    0.4540398120880127,
                    0.0
                ],
                [
                    0.3961299657821655,
                    0.6668871641159058,
                    0.6311439871788025,
                    0.0
                ],
                [
                    -0.24193312227725983,
                    0.7388932108879089,
                    -0.6288926601409912,
                    0.0
                ],
                [
                    0.3200294077396393,
                    -0.01007580291479826,
                    -0.43946418166160583,
                    1.0
                ]
            ],
            "location": [
                0.01007580291479826,
                -0.43946418166160583,
                -0.3200294077396393
            ],
            "location_world": [
                0.3200294077396393,
                -0.01007580291479826,
                -0.43946418166160583
            ],
            "name": "google_Tag_Dishtowel_Basket_Weave_Red_18_x_26_5",
            "projected_cuboid": [
                [
                    421.1632013320923,
                    1826.1311054229736
                ],
                [
                    33.06354582309723,
                    996.5635538101196
                ],
                [
                    92.80461072921753,
                    929.4223189353943
                ],
                [
                    492.19775199890137,
                    1692.5276517868042
                ],
                [
                    374.46925044059753,
                    1265.2413845062256
                ],
                [
                    131.5585970878601,
                    844.2163467407227
                ],
                [
                    168.99873316287994,
                    802.933394908905
                ],
                [
                    415.9364104270935,
                    1202.89945602417
                ],
                [
                    244.8461502790451,
                    1110.6961965560913
                ]
            ],
            "provenance": "visii",
            "quaternion_xyzw": [
                -0.08731362223625183,
                0.6094341278076172,
                -0.42048120498657227,
                -0.6664549708366394
            ],
            "quaternion_xyzw_world": [
                0.13807335495948792,
                0.8918419480323792,
                0.38404709100723267,
                -0.1950942426919937
            ],
            "segmentation_id": 6,
            "visibility": 0
        },
        {
            "bounding_box_minx_maxx_miny_maxy": [
                -1,
                -1,
                -1,
                -1
            ],
            "class": "FRACTION",
            "local_cuboid": null,
            "local_to_world_matrix": [
                [
                    -0.14938116073608398,
                    0.8444406986236572,
                    -0.5143982172012329,
                    0.0
                ],
                [
                    -0.44782471656799316,
                    0.4060404300689697,
                    0.7966080904006958,
                    0.0
                ],
                [
                    0.8815547227859497,
                    0.34935832023620605,
                    0.31750643253326416,
                    0.0
                ],
                [
                    0.34786683320999146,
                    -0.11894264072179794,
                    0.3496314287185669,
                    1.0
                ]
            ],
            "location": [
                0.11894264072179794,
                0.3496314287185669,
                -0.34786683320999146
            ],
            "location_world": [
                0.34786683320999146,
                -0.11894264072179794,
                0.3496314287185669
            ],
            "name": "google_FRACTION_FUN_n4h4qte23QR_6",
            "projected_cuboid": [
                [
                    348.88404607772827,
                    -103.0571460723877
                ],
                [
                    234.15248095989227,
                    -468.13684701919556
                ],
                [
                    263.63593339920044,
                    -534.2428684234619
                ],
                [
                    383.489191532135,
                    -116.94517731666565
                ],
                [
                    545.0868606567383,
                    -205.23405075073242
                ],
                [
                    485.289990901947,
                    -567.7962303161621
                ],
                [
                    542.7812337875366,
                    -640.5473351478577
                ],
                [
                    596.226692199707,
                    -228.00105810165405
                ],
                [
                    433.0078959465027,
                    -336.25149726867676
                ]
            ],
            "provenance": "visii",
            "quaternion_xyzw": [
                -0.24520711600780487,
                0.9384300708770752,
                0.20388607680797577,
                -0.13286536931991577
            ],
            "quaternion_xyzw_world": [
                0.1782357394695282,
                0.5563082098960876,
                0.5149871706962585,
                0.6273289322853088
            ],
            "segmentation_id": 7,
            "visibility": 0
        },
        {
            "bounding_box_minx_maxx_miny_maxy": [
                0,
                266,
                23,
                323
            ],
            "class": "FAIRY",
            "local_cuboid": null,
            "local_to_world_matrix": [
                [
                    -0.6107674837112427,
                    0.7276724576950073,
                    0.3121795058250427,
                    0.0
                ],
                [
                    0.6322649717330933,
                    0.21085703372955322,
                    0.7455068230628967,
                    0.0
                ],
                [
                    0.47665947675704956,
                    0.6527114510536194,
                    -0.5888664722442627,
                    0.0
                ],
                [
                    0.49350404739379883,
                    0.07814164459705353,
                    0.07352200895547867,
                    1.0
                ]
            ],
            "location": [
                -0.07814164459705353,
                0.07352200895547867,
                -0.49350404739379883
            ],
            "location_world": [
                0.49350404739379883,
                0.07814164459705353,
                0.07352200895547867
            ],
            "name": "google_FAIRY_TALE_BLOCKS_7",
            "projected_cuboid": [
                [
                    -142.96412467956543,
                    411.5423858165741
                ],
                [
                    -90.09435772895813,
                    170.69774866104126
                ],
                [
                    13.1034255027771,
                    -4.333198070526123
                ],
                [
                    -4.784822463989258,
                    225.36629438400269
                ],
                [
                    141.5652632713318,
                    449.14132356643677
                ],
                [
                    121.06156349182129,
                    248.00826609134674
                ],
                [
                    234.7474843263626,
                    126.15874409675598
                ],
                [
                    299.03504252433777,
                    329.2929530143738
                ],
                [
                    82.62872695922852,
                    241.09353125095367
                ]
            ],
            "provenance": "visii",
            "quaternion_xyzw": [
                0.02949690818786621,
                0.8587547540664673,
                -0.35549479722976685,
                -0.36782294511795044
            ],
            "quaternion_xyzw_world": [
                0.43796172738075256,
                0.7762877941131592,
                0.45028990507125854,
                0.052970048040151596
            ],
            "segmentation_id": 8,
            "visibility": 1
        },
        {
            "bounding_box_minx_maxx_miny_maxy": [
                -1,
                -1,
                -1,
                -1
            ],
            "class": "Great",
            "local_cuboid": null,
            "local_to_world_matrix": [
                [
                    0.5213595032691956,
                    -0.7544441223144531,
                    -0.3987460434436798,
                    0.0
                ],
                [
                    -0.8024680614471436,
                    -0.5923848152160645,
                    0.07159148901700974,
                    0.0
                ],
                [
                    -0.2902228534221649,
                    0.2826560437679291,
                    -0.9142627716064453,
                    0.0
                ],
                [
                    1.7370827198028564,
                    -0.015608157962560654,
                    -0.5626064538955688,
                    1.0
                ]
            ],
            "location": [
                0.015608157962560654,
                -0.5626064538955688,
                -1.7370827198028564
            ],
            "location_world": [
                1.7370827198028564,
                -0.015608157962560654,
                -0.5626064538955688
            ],
            "name": "google_Great_Jones_Wingtip_kAqSg6EgG0I_8",
            "projected_cuboid": [
                [
                    228.2242625951767,
                    477.32436656951904
                ],
                [
                    294.21329498291016,
                    504.3383836746216
                ],
                [
                    305.1486909389496,
                    460.97415685653687
                ],
                [
                    238.86370658874512,
                    440.1724934577942
                ],
                [
                    199.38677549362183,
                    469.7769284248352
                ],
                [
                    263.1864845752716,
                    496.5825080871582
                ],
                [
                    275.16958117485046,
                    451.7911970615387
                ],
                [
                    210.8820527791977,
                    431.5856099128723
                ],
                [
                    249.81863796710968,
                    465.57939052581787
                ]
            ],
            "provenance": "visii",
            "quaternion_xyzw": [
                0.5900486707687378,
                0.08204353600740433,
                -0.34065645933151245,
                0.7273682951927185
            ],
            "quaternion_xyzw_world": [
                0.8700584769248962,
                -0.44735848903656006,
                -0.19796626269817352,
                -0.0606466606259346
            ],
            "segmentation_id": 9,
            "visibility": 0
        },
        {
            "bounding_box_minx_maxx_miny_maxy": [
                204,
                417,
                160,
                344
            ],
            "class": "Ecoforms",
            "local_cuboid": null,
            "local_to_world_matrix": [
                [
                    -0.15015828609466553,
                    0.6237140893936157,
                    0.7670938968658447,
                    0.0
                ],
                [
                    0.9603543281555176,
                    0.2763543725013733,
                    -0.03671112656593323,
                    0.0
                ],
                [
                    -0.23488697409629822,
                    0.731169581413269,
                    -0.6404833793640137,
                    0.0
                ],
                [
                    0.7253457903862,
                    -0.13722053170204163,
                    0.05021343380212784,
                    1.0
                ]
            ],
            "location": [
                0.13722053170204163,
                0.05021343380212784,
                -0.7253457903862
            ],
            "location_world": [
                0.7253457903862,
                -0.13722053170204163,
                0.05021343380212784
            ],
            "name": "google_Ecoforms_Plant_Container_Quadra_Sand_QP6_9",
            "projected_cuboid": [
                [
                    230.21729290485382,
                    230.52269220352173
                ],
                [
                    193.37812066078186,
                    240.7078742980957
                ],
                [
                    288.85871171951294,
                    159.97493267059326
                ],
                [
                    351.4743745326996,
                    126.6556978225708
                ],
                [
                    348.85337948799133,
                    376.2030899524689
                ],
                [
                    285.97205877304077,
                    352.4077832698822
                ],
                [
                    373.75742197036743,
                    269.1308557987213
                ],
                [
                    457.52179622650146,
                    268.02098751068115
                ],
                [
                    314.74077701568604,
                    253.25706601142883
                ]
            ],
            "provenance": "visii",
            "quaternion_xyzw": [
                0.21101543307304382,
                0.581402599811554,
                -0.6883516907691956,
                -0.3789662718772888
            ],
            "quaternion_xyzw_world": [
                0.5509017109870911,
                0.7188525795936584,
                0.24151629209518433,
                -0.3484653830528259
            ],
            "segmentation_id": 10,
            "visibility": 1
        },
        {
            "bounding_box_minx_maxx_miny_maxy": [
                -1,
                -1,
                -1,
                -1
            ],
            "class": "ReadytoUse",
            "local_cuboid": null,
            "local_to_world_matrix": [
                [
                    0.2683367133140564,
                    -0.16317781805992126,
                    0.949404239654541,
                    0.0
                ],
                [
                    0.9490686655044556,
                    -0.1241462230682373,
                    -0.2895793914794922,
                    0.0
                ],
                [
                    0.16511797904968262,
                    0.9787546396255493,
                    0.12155401706695557,
                    0.0
                ],
                [
                    0.3454415500164032,
                    0.3345986604690552,
                    -0.38228750228881836,
                    1.0
                ]
            ],
            "location": [
                -0.3345986604690552,
                -0.38228750228881836,
                -0.3454415500164032
            ],
            "location_world": [
                0.3454415500164032,
                0.3345986604690552,
                -0.38228750228881836
            ],
            "name": "google_ReadytoUse_Rolled_Fondant_Pure_White_24_oz_box_10",
            "projected_cuboid": [
                [
                    -562.2033476829529,
                    739.6602630615234
                ],
                [
                    -461.56853437423706,
                    705.1607370376587
                ],
                [
                    -254.25738096237183,
                    770.2227234840393
                ],
                [
                    -334.61111783981323,
                    816.5256977081299
                ],
                [
                    -677.6267886161804,
                    996.6055750846863
                ],
                [
                    -554.1958808898926,
                    927.6355504989624
                ],
                [
                    -334.99497175216675,
                    1016.3098573684692
                ],
                [
                    -436.24216318130493,
                    1105.0845384597778
                ],
                [
                    -450.7930874824524,
                    875.3136992454529
                ]
            ],
            "provenance": "visii",
            "quaternion_xyzw": [
                -0.635978639125824,
                -0.42200732231140137,
                0.49022534489631653,
                0.42085641622543335
            ],
            "quaternion_xyzw_world": [
                -0.5636774301528931,
                -0.34855523705482483,
                -0.4943085014820099,
                0.562526524066925
            ],
            "segmentation_id": 11,
            "visibility": 0
        },
        {
            "bounding_box_minx_maxx_miny_maxy": [
                161,
                444,
                337,
                500
            ],
            "class": "Dog",
            "local_cuboid": null,
            "local_to_world_matrix": [
                [
                    0.2601231336593628,
                    -0.021013647317886353,
                    -0.9653468132019043,
                    0.0
                ],
                [
                    -0.5381914377212524,
                    -0.8332169055938721,
                    -0.12688404321670532,
                    0.0
                ],
                [
                    -0.8016769886016846,
                    0.5525468587875366,
                    -0.2280484437942505,
                    0.0
                ],
                [
                    0.300981342792511,
                    -0.07201089709997177,
                    -0.14718885719776154,
                    1.0
                ]
            ],
            "location": [
                0.07201089709997177,
                -0.14718885719776154,
                -0.300981342792511
            ],
            "location_world": [
                0.300981342792511,
                -0.07201089709997177,
                -0.14718885719776154
            ],
            "name": "google_Dog_11",
            "projected_cuboid": [
                [
                    -56.66932463645935,
                    1053.3473491668701
                ],
                [
                    460.38818359375,
                    1832.254409790039
                ],
                [
                    577.1195888519287,
                    836.4565968513489
                ],
                [
                    245.89571356773376,
                    645.1176404953003
                ],
                [
                    -189.52029943466187,
                    516.4108276367188
                ],
                [
                    619.5735931396484,
                    1184.60214138031
                ],
                [
                    653.1236171722412,
                    385.012686252594
                ],
                [
                    235.96398532390594,
                    298.52426052093506
                ],
                [
                    297.6027727127075,
                    719.7679281234741
                ]
            ],
            "provenance": "visii",
            "quaternion_xyzw": [
                0.29420262575149536,
                -0.11227793991565704,
                -0.6905699372291565,
                0.6511157155036926
            ],
            "quaternion_xyzw_world": [
                0.7618051767349243,
                -0.18351316452026367,
                -0.5798804759979248,
                -0.22296741604804993
            ],
            "segmentation_id": 12,
            "visibility": 1
        },
        {
            "bounding_box_minx_maxx_miny_maxy": [
                84,
                104,
                264,
                289
            ],
            "class": "Black",
            "local_cuboid": null,
            "local_to_world_matrix": [
                [
                    0.19627410173416138,
                    0.2702668309211731,
                    -0.9425668716430664,
                    0.0
                ],
                [
                    -0.9538077712059021,
                    0.2755865454673767,
                    -0.11959454417228699,
                    0.0
                ],
                [
                    0.22743630409240723,
                    0.9225008487701416,
                    0.31187307834625244,
                    0.0
                ],
                [
                    1.6295225620269775,
                    0.40237438678741455,
                    -0.07618381083011627,
                    1.0
                ]
            ],
            "location": [
                -0.40237438678741455,
                -0.07618381083011627,
                -1.6295225620269775
            ],
            "location_world": [
                1.6295225620269775,
                0.40237438678741455,
                -0.07618381083011627
            ],
            "name": "google_Black_Elderberry_Syrup_54_oz_Gaia_Herbs_12",
            "projected_cuboid": [
                [
                    59.35049057006836,
                    269.31607723236084
                ],
                [
                    46.80541157722473,
                    272.58068323135376
                ],
                [
                    92.90890395641327,
                    290.04159569740295
                ],
                [
                    104.14068400859833,
                    286.12056374549866
                ],
                [
                    63.61229717731476,
                    250.15687942504883
                ],
                [
                    51.128312945365906,
                    252.7810037136078
                ],
                [
                    97.64513373374939,
                    269.9550986289978
                ],
                [
                    108.79160463809967,
                    266.6926980018616
                ],
                [
                    77.9128223657608,
                    269.62581276893616
                ]
            ],
            "provenance": "visii",
            "quaternion_xyzw": [
                -0.518836259841919,
                0.5869643688201904,
                0.5390790700912476,
                -0.30931466817855835
            ],
            "quaternion_xyzw_world": [
                -0.3901328146457672,
                0.4380180835723877,
                0.4582609534263611,
                0.6677824854850769
            ],
            "segmentation_id": 13,
            "visibility": 1
        },
        {
            "bounding_box_minx_maxx_miny_maxy": [
                54,
                88,
                78,
                112
            ],
