{
    "camera_data": {
        "camera_look_at": {
            "at": [
                1.0,
                0.0,
                0.0
            ],
            "eye": [
                0.0,
                0.0,
                0.0
            ],
            "up": [
                0.0,
                0.0,
                1.0
            ]
        },
        "camera_view_matrix": [
            [
                0.0,
                0.0,
                -1.0,
                0.0
            ],
            [
                -1.0,
                0.0,
                0.0,
                0.0
            ],
            [
                0.0,
                1.0,
                0.0,
                0.0
            ],
            [
                0.0,
                0.0,
                0.0,
                1.0
            ]
        ],
        "height": 500,
        "intrinsics": {
            "cx": 250.0,
            "cy": 250.0,
            "fx": 603.5535278320312,
            "fy": 603.5535278320312
        },
        "location_world": [
            0.0,
            0.0,
            0.0
        ],
        "quaternion_world_xyzw": [
            0.5,
            -0.5,
            -0.5,
            0.5
        ],
        "width": 500
    },
    "objects": [
        {
            "bounding_box_minx_maxx_miny_maxy": [
                209,
                234,
                155,
                184
            ],
            "class": "Reebok",
            "local_cuboid": null,
            "local_to_world_matrix": [
                [
                    0.6303523778915405,
                    -0.5987905859947205,
                    0.49407052993774414,
                    0.0
                ],
                [
                    0.06865030527114868,
                    -0.5909456014633179,
                    -0.8037850856781006,
                    0.0
                ],
                [
                    0.7732677459716797,
                    0.540585994720459,
                    -0.33139681816101074,
                    0.0
                ],
                [
                    1.823419213294983,
                    0.0033910893835127354,
                    0.18643203377723694,
                    1.0
                ]
            ],
            "location": [
                -0.0033910893835127354,
                0.18643203377723694,
                -1.823419213294983
            ],
            "location_world": [
                1.823419213294983,
                0.0033910893835127354,
                0.18643203377723694
            ],
            "name": "google_Reebok_SOMERSET_RUN_0",
            "projected_cuboid": [
                [
                    213.0119651556015,
                    158.61833095550537
                ],
                [
                    266.67994260787964,
                    232.0370376110077
                ],
                [
                    287.7489924430847,
                    218.74935925006866
                ],
                [
                    231.70402646064758,
                    141.62127673625946
                ],
                [
                    189.76132571697235,
                    173.15885424613953
                ],
                [
                    245.69952487945557,
                    249.19000267982483
                ],
                [
                    266.5546238422394,
                    236.23301088809967
                ],
                [
                    208.02727341651917,
                    156.2158763408661
                ],
                [
                    238.77431452274323,
                    195.9630250930786
                ]
            ],
            "provenance": "visii",
            "quaternion_xyzw": [
                0.8910448551177979,
                0.30442240834236145,
                -0.32852959632873535,
                0.07371866703033447
            ],
            "quaternion_xyzw_world": [
                0.7988577485084534,
                -0.16590572893619537,
                0.39660948514938354,
                -0.42071667313575745
            ],
            "segmentation_id": 1,
            "visibility": 1
        },
        {
            "bounding_box_minx_maxx_miny_maxy": [
                -1,
                -1,
                -1,
                -1
            ],
            "class": "Breyer",
            "local_cuboid": null,
            "local_to_world_matrix": [
                [
                    0.7437257170677185,
                    -0.5379700064659119,
                    0.39681276679039,
                    0.0
                ],
                [
                    -0.40561050176620483,
                    -0.8350026607513428,
                    -0.37182116508483887,
                    0.0
                ],
                [
                    0.5313682556152344,
                    0.11558155715465546,
                    -0.8392192125320435,
                    0.0
                ],
                [
                    0.5102522969245911,
                    -0.16414202749729156,
                    -0.4076361060142517,
                    1.0
                ]
            ],
            "location": [
                0.16414202749729156,
                -0.4076361060142517,
                -0.5102522969245911
            ],
            "location_world": [
                0.5102522969245911,
                -0.16414202749729156,
                -0.4076361060142517
            ],
            "name": "google_Breyer_Horse_Of_The_Year_2015_1",
            "projected_cuboid": [
                [
                    417.29408502578735,
                    672.2931861877441
                ],
                [
                    466.9400751590729,
                    706.6479921340942
                ],
                [
                    515.5493021011353,
                    637.3297572135925
                ],
                [
                    457.3650658130646,
                    601.0387539863586
                ],
                [
                    327.58140563964844,
                    920.2654361724854
                ],
                [
                    390.29109477996826,
                    978.3892631530762
                ],
                [
                    444.04923915863037,
                    933.8828921318054
                ],
                [
                    366.70002341270447,
                    867.2694563865662
                ],
                [
                    427.30385065078735,
                    770.159900188446
                ]
            ],
            "provenance": "visii",
            "quaternion_xyzw": [
                0.7812105417251587,
                0.3942008316516876,
                -0.2749922275543213,
                0.3983656167984009
            ],
            "quaternion_xyzw_world": [
                0.924384593963623,
                -0.25519153475761414,
                0.2510267496109009,
                -0.13181816041469574
            ],
            "segmentation_id": 2,
            "visibility": 0
        },
        {
            "bounding_box_minx_maxx_miny_maxy": [
                80,
                212,
                1,
                98
            ],
            "class": "Smith",
            "local_cuboid": null,
            "local_to_world_matrix": [
                [
                    -0.3359428644180298,
                    -0.12031126022338867,
                    -0.9341667890548706,
                    0.0
                ],
                [
                    0.8394545316696167,
                    -0.48803865909576416,
                    -0.23902812600135803,
                    0.0
                ],
                [
                    -0.4271516501903534,
                    -0.8644903898239136,
                    0.26494890451431274,
                    0.0
                ],
                [
                    1.57740318775177,
                    0.3935115337371826,
                    0.5858005285263062,
                    1.0
                ]
            ],
            "location": [
                -0.3935115337371826,
                0.5858005285263062,
                -1.57740318775177
            ],
            "location_world": [
                1.57740318775177,
                0.3935115337371826,
                0.5858005285263062
            ],
            "name": "google_Smith_Hawken_Woven_BasketTray_Organizer_with_3_Compartments_95_x_9_x_13_2",
            "projected_cuboid": [
                [
                    155.051127076149,
                    7.203057408332825
                ],
                [
                    218.9335823059082,
                    66.61702692508698
                ],
                [
                    134.7445398569107,
                    106.06171190738678
                ],
                [
                    63.142016530036926,
                    57.55391716957092
                ],
                [
                    144.65928077697754,
                    -115.87885022163391
                ],
                [
                    205.1692008972168,
                    -44.55912113189697
                ],
                [
                    127.7349591255188,
                    -0.5384981632232666
                ],
                [
                    60.819149017333984,
                    -60.27549505233765
                ],
                [
                    139.3595039844513,
                    2.755984663963318
                ]
            ],
            "provenance": "visii",
            "quaternion_xyzw": [
                0.4827493727207184,
                -0.23103511333465576,
                0.621664822101593,
                -0.5719342231750488
            ],
            "quaternion_xyzw_world": [
                -0.4709423780441284,
                -0.38175755739212036,
                0.7226566076278687,
                -0.3320269286632538
            ],
            "segmentation_id": 3,
            "visibility": 1
        },
        {
            "bounding_box_minx_maxx_miny_maxy": [
                -1,
                -1,
                -1,
                -1
            ],
            "class": "Paul",
            "local_cuboid": null,
            "local_to_world_matrix": [
                [
                    0.3372851014137268,
                    -0.9382287859916687,
                    -0.07723703980445862,
                    0.0
                ],
                [
                    -0.8529056906700134,
                    -0.33927690982818604,
                    0.3967909812927246,
                    0.0
                ],
                [
                    -0.3984854221343994,
                    -0.06795577704906464,
                    -0.9146536588668823,
                    0.0
                ],
                [
                    0.32814252376556396,
                    -0.3499954342842102,
                    -0.14098502695560455,
                    1.0
                ]
            ],
            "location": [
                0.3499954342842102,
                -0.14098502695560455,
                -0.32814252376556396
            ],
            "location_world": [
                0.32814252376556396,
                -0.3499954342842102,
                -0.14098502695560455
            ],
            "name": "google_Paul_Frank_Dot_Lunch_Box_3",
            "projected_cuboid": [
                [
                    1122.0966577529907,
                    961.7382287979126
                ],
                [
                    1559.1351985931396,
                    1131.0827732086182
                ],
                [
                    1159.5065593719482,
                    489.65781927108765
                ],
                [
                    906.810462474823,
                    498.69853258132935
                ],
                [
                    820.1979994773865,
                    1176.344394683838
                ],
                [
                    1333.174467086792,
                    1585.0348472595215
                ],
                [
                    872.1067905426025,
                    527.5516510009766
                ],
                [
                    631.5438747406006,
                    528.4543037414551
                ],
                [
                    1016.6957378387451,
                    778.6759734153748
                ]
            ],
            "provenance": "visii",
            "quaternion_xyzw": [
                0.5345447659492493,
                0.12255281209945679,
                -0.1259620189666748,
                0.8266657590866089
            ],
            "quaternion_xyzw_world": [
                0.8048626780509949,
                -0.5563478469848633,
                -0.14776510000228882,
                0.144355908036232
            ],
            "segmentation_id": 4,
            "visibility": 0
        },
        {
            "bounding_box_minx_maxx_miny_maxy": [
                -1,
                -1,
                -1,
                -1
            ],
            "class": "Toys",
            "local_cuboid": null,
            "local_to_world_matrix": [
                [
                    -0.22455072402954102,
                    -0.09711480140686035,
                    -0.9696111679077148,
                    0.0
                ],
                [
                    -0.7846568822860718,
                    -0.5720041990280151,
                    0.23900848627090454,
                    0.0
                ],
                [
                    -0.577832818031311,
                    0.8144815564155579,
                    0.05224204063415527,
                    0.0
                ],
                [
                    1.0037883520126343,
                    0.4916843771934509,
                    -0.1508335918188095,
                    1.0
                ]
            ],
            "location": [
                -0.4916843771934509,
                -0.1508335918188095,
                -1.0037883520126343
            ],
            "location_world": [
                1.0037883520126343,
                0.4916843771934509,
                -0.1508335918188095
            ],
            "name": "google_Toys_R_Us_Treat_Dispenser_Smart_Puzzle_Foobler_4",
            "projected_cuboid": [
                [
                    -161.42261028289795,
                    398.78302812576294
                ],
                [
                    -157.30395913124084,
                    393.72679591178894
                ],
                [
                    -36.843061447143555,
                    385.1895332336426
                ],
                [
                    -54.50919270515442,
                    390.8023536205292
                ],
                [
                    -156.1601161956787,
                    302.38357186317444
                ],
                [
                    -151.47680044174194,
                    284.180611371994
                ],
                [
                    -35.909563302993774,
                    286.0621213912964
                ],
                [
                    -53.1124472618103,
                    302.5626540184021
                ],
                [
                    -98.5792875289917,
                    342.34464168548584
                ]
            ],
            "provenance": "visii",
            "quaternion_xyzw": [
                -0.2647043466567993,
                0.3755199611186981,
                0.5571601390838623,
                -0.6917290091514587
            ],
            "quaternion_xyzw_world": [
                -0.5690367817878723,
                0.38739660382270813,
                0.6798523664474487,
                0.2528277039527893
            ],
            "segmentation_id": 5,
            "visibility": 0
        },
        {
            "bounding_box_minx_maxx_miny_maxy": [
                -1,
                -1,
                -1,
                -1
            ],
            "class": "Tag",
            "local_cuboid": null,
            "local_to_world_matrix": [
                [
                    -0.8890426158905029,
                    -0.36628836393356323,
                    0.27465641498565674,
                    0.0
                ],
                [
                    -0.1613800972700119,
                    0.8121352195739746,
                    0.5607075095176697,
                    0.0
                ],
                [
                    -0.42843878269195557,
                    0.45416873693466187,
                    -0.7811343669891357,
                    0.0
                ],
                [
                    0.31904327869415283,
                    -0.05629265680909157,
                    -0.41290953755378723,
                    1.0
                ]
            ],
            "location": [
                0.05629265680909157,
                -0.41290953755378723,
                -0.31904327869415283
            ],
            "location_world": [
                0.31904327869415283,
                -0.05629265680909157,
                -0.41290953755378723
            ],
            "name": "google_Tag_Dishtowel_Basket_Weave_Red_18_x_26_5",
            "projected_cuboid": [
                [
                    655.9247970581055,
                    1426.6232252120972
                ],
                [
                    184.07459557056427,
                    1261.583685874939
                ],
                [
                    230.9868037700653,
                    1121.1919784545898
                ],
                [
                    669.2421436309814,
                    1296.9650030136108
                ],
                [
                    407.1667492389679,
                    1050.3402948379517
                ],
                [
                    107.40165412425995,
                    915.3838157653809
                ],
                [
                    138.4551376104355,
                    845.2994227409363
                ],
                [
                    424.581915140152,
                    981.7544221878052
                ],
                [
                    343.69534254074097,
                    1075.8657455444336
                ]
            ],
            "provenance": "visii",
            "quaternion_xyzw": [
                -0.30705946683883667,
                0.4376015067100525,
                -0.35406315326690674,
                -0.7673712968826294
            ],
            "quaternion_xyzw_world": [
                -0.14138303697109222,
                0.9330477118492126,
                0.27192506194114685,
                -0.1883867233991623
            ],
            "segmentation_id": 6,
            "visibility": 0
        },
        {
            "bounding_box_minx_maxx_miny_maxy": [
                0,
                132,
                1,
                55
            ],
            "class": "FRACTION",
            "local_cuboid": null,
            "local_to_world_matrix": [
                [
                    0.8057031631469727,
                    0.5264409184455872,
                    0.2714819610118866,
                    0.0
                ],
                [
                    0.5830603241920471,
                    -0.6241730451583862,
                    -0.5200474262237549,
                    0.0
                ],
                [
                    -0.10432255268096924,
                    0.5772942304611206,
                    -0.8098450899124146,
                    0.0
                ],
                [
                    0.5398791432380676,
                    0.19935639202594757,
                    0.25019484758377075,
                    1.0
                ]
            ],
            "location": [
                -0.19935639202594757,
                0.25019484758377075,
                -0.5398791432380676
            ],
            "location_world": [
                0.5398791432380676,
                0.19935639202594757,
                0.25019484758377075
            ],
            "name": "google_FRACTION_FUN_n4h4qte23QR_6",
            "projected_cuboid": [
                [
                    -111.35560274124146,
                    -65.27847051620483
                ],
                [
                    56.730300188064575,
                    77.1370381116867
                ],
                [
                    80.97964525222778,
                    46.16659879684448
                ],
                [
                    -80.90746402740479,
                    -101.22814774513245
                ],
                [
                    -99.98247027397156,
                    -103.84517908096313
                ],
                [
                    111.32822930812836,
                    85.41947603225708
                ],
                [
                    141.6286677122116,
                    46.04122042655945
                ],
                [
                    -59.282511472702026,
                    -151.62181854248047
                ],
                [
                    12.04255223274231,
                    -10.980010032653809
                ]
            ],
            "provenance": "visii",
            "quaternion_xyzw": [
                0.47150930762290955,
                0.4748871624469757,
                -0.733282208442688,
                0.12024391442537308
            ],
            "quaternion_xyzw_world": [
                0.8999612927436829,
                0.30820804834365845,
                0.0464351661503315,
                -0.3048302233219147
            ],
            "segmentation_id": 7,
            "visibility": 1
        },
        {
            "bounding_box_minx_maxx_miny_maxy": [
                0,
                298,
                114,
                431
            ],
            "class": "FAIRY",
            "local_cuboid": null,
            "local_to_world_matrix": [
                [
                    -0.9137601852416992,
                    0.36785268783569336,
                    0.1724146455526352,
                    0.0
                ],
                [
                    0.40486282110214233,
                    0.8596467971801758,
                    0.31159842014312744,
                    0.0
                ],
                [
                    -0.03359338641166687,
                    0.3545305132865906,
                    -0.9344408512115479,
                    0.0
                ],
                [
                    0.46384093165397644,
                    0.07430091500282288,
                    0.06164117157459259,
                    1.0
                ]
            ],
            "location": [
                -0.07430091500282288,
                0.06164117157459259,
                -0.46384093165397644
            ],
            "location_world": [
                0.46384093165397644,
                0.07430091500282288,
                0.06164117157459259
            ],
            "name": "google_FAIRY_TALE_BLOCKS_7",
            "projected_cuboid": [
                [
                    71.7809647321701,
                    598.1872081756592
                ],
                [
                    -227.05212235450745,
                    378.0643343925476
                ],
                [
                    -99.93162751197815,
                    63.97870182991028
                ],
                [
                    237.37065494060516,
                    164.8140400648117
                ],
                [
                    256.81206583976746,
                    495.25636434555054
                ],
                [
                    34.73329544067383,
                    372.90820479393005
                ],
                [
                    113.0710244178772,
                    171.72010242938995
                ],
                [
                    348.04752469062805,
                    251.0116994380951
                ],
                [
                    100.09044408798218,
                    305.79107999801636
                ]
            ],
            "provenance": "visii",
            "quaternion_xyzw": [
                -0.2678411602973938,
                0.6414549350738525,
                -0.5219788551330566,
                -0.49430233240127563
            ],
            "quaternion_xyzw_world": [
                0.20064514875411987,
                0.9627886414527893,
                0.17296862602233887,
                -0.05349253863096237
            ],
            "segmentation_id": 8,
            "visibility": 1
        },
        {
            "bounding_box_minx_maxx_miny_maxy": [
                265,
                327,
                333,
                489
            ],
            "class": "Great",
            "local_cuboid": null,
            "local_to_world_matrix": [
                [
                    -0.44573473930358887,
                    0.7465353608131409,
                    0.4939690828323364,
                    0.0
                ],
                [
                    0.6089022755622864,
                    -0.15163862705230713,
                    0.7786165475845337,
                    0.0
                ],
                [
                    0.6561696529388428,
                    0.647835373878479,
                    -0.3869764804840088,
                    0.0
                ],
                [
                    1.1787118911743164,
                    -0.1265927404165268,
                    -0.30250173807144165,
                    1.0
                ]
            ],
            "location": [
                0.1265927404165268,
                -0.30250173807144165,
                -1.1787118911743164
            ],
            "location_world": [
                1.1787118911743164,
                -0.1265927404165268,
                -0.30250173807144165
            ],
            "name": "google_Great_Jones_Wingtip_kAqSg6EgG0I_8",
            "projected_cuboid": [
                [
                    243.47931146621704,
                    484.58218574523926
                ],
                [
                    265.9916281700134,
                    340.12091159820557
                ],
                [
                    302.557110786438,
                    324.23534989356995
                ],
                [
                    285.0187122821808,
                    476.0282635688782
                ],
                [
                    286.1175835132599,
                    502.78306007385254
                ],
                [
                    301.91734433174133,
                    361.0200583934784
                ],
                [
                    339.15141224861145,
                    346.94236516952515
                ],
                [
                    328.66963744163513,
                    495.83718180656433
                ],
                [
                    294.55962777137756,
                    411.0948145389557
                ]
            ],
            "provenance": "visii",
            "quaternion_xyzw": [
                0.18098184466362,
                0.8918129801750183,
                -0.27917253971099854,
                -0.30655813217163086
            ],
            "quaternion_xyzw_world": [
                0.5227046012878418,
                0.648280918598175,
                0.5500901937484741,
                0.06255025416612625
            ],
            "segmentation_id": 9,
            "visibility": 1
        },
        {
            "bounding_box_minx_maxx_miny_maxy": [
                217,
                394,
                46,
                276
            ],
            "class": "Ecoforms",
            "local_cuboid": null,
            "local_to_world_matrix": [
                [
                    0.40456539392471313,
                    0.7816246747970581,
                    -0.4747522473335266,
                    0.0
                ],
                [
                    -0.25402748584747314,
                    -0.40265488624572754,
                    -0.8793970346450806,
                    0.0
                ],
                [
                    -0.8785197138786316,
                    0.47637370228767395,
                    0.03565394878387451,
                    0.0
                ],
                [
                    0.8009100556373596,
                    -0.14927522838115692,
                    0.0881112813949585,
                    1.0
                ]
            ],
            "location": [
                0.14927522838115692,
                0.0881112813949585,
                -0.8009100556373596
            ],
            "location_world": [
                0.8009100556373596,
                -0.14927522838115692,
                0.0881112813949585
            ],
            "name": "google_Ecoforms_Plant_Container_Quadra_Sand_QP6_9",
            "projected_cuboid": [
                [
                    213.22892606258392,
                    138.17080855369568
                ],
                [
                    279.8213064670563,
                    281.3264727592468
                ],
                [
                    333.8398337364197,
                    280.08580207824707
                ],
                [
                    275.6431996822357,
                    161.54302656650543
                ],
                [
                    349.4395613670349,
                    39.25547003746033
                ],
                [
                    435.86817383766174,
                    192.9960995912552
                ],
                [
                    464.2268419265747,
                    209.34045314788818
                ],
                [
                    392.3255503177643,
                    83.53525400161743
                ],
                [
                    340.69129824638367,
                    174.31235313415527
                ]
            ],
            "provenance": "visii",
            "quaternion_xyzw": [
                -0.23412206768989563,
                0.07698693871498108,
                0.9406834244728088,
                -0.23318341374397278
            ],
            "quaternion_xyzw_world": [
                -0.6655009984970093,
                -0.19819550216197968,
                0.5083658695220947,
                0.5093045234680176
            ],
            "segmentation_id": 10,
            "visibility": 1
        },
        {
            "bounding_box_minx_maxx_miny_maxy": [
                -1,
                -1,
                -1,
                -1
            ],
            "class": "ReadytoUse",
            "local_cuboid": null,
            "local_to_world_matrix": [
                [
                    0.6221069097518921,
                    -0.24547189474105835,
                    0.7434558868408203,
                    0.0
                ],
                [
                    -0.14614766836166382,
                    -0.9692977666854858,
                    -0.19774648547172546,
                    0.0
                ],
                [
                    0.7691709995269775,
                    0.014365144073963165,
                    -0.6388821601867676,
                    0.0
                ],
                [
                    0.36560705304145813,
                    0.28584662079811096,
                    -0.3922865688800812,
                    1.0
                ]
            ],
            "location": [
                -0.28584662079811096,
                -0.3922865688800812,
                -0.36560705304145813
            ],
            "location_world": [
                0.36560705304145813,
                0.28584662079811096,
                -0.3922865688800812
            ],
            "name": "google_ReadytoUse_Rolled_Fondant_Pure_White_24_oz_box_10",
            "projected_cuboid": [
                [
                    -84.27250385284424,
                    756.2459111213684
                ],
                [
                    -34.52581167221069,
                    774.1840481758118
                ],
                [
                    -123.20694327354431,
                    781.6048860549927
                ],
                [
                    -187.24867701530457,
                    757.8169107437134
                ],
                [
                    -178.2780885696411,
                    957.8354358673096
                ],
                [
                    -121.71977758407593,
                    981.9554686546326
                ],
                [
                    -266.0260200500488,
                    1074.2915868759155
                ],
                [
                    -341.6086435317993,
                    1038.7227535247803
                ],
                [
                    -152.70069241523743,
                    875.986635684967
                ]
            ],
            "provenance": "visii",
            "quaternion_xyzw": [
                0.7437052130699158,
                0.5757501125335693,
                -0.2139531672000885,
                0.26389139890670776
            ],
            "quaternion_xyzw_world": [
                0.8986499309539795,
                -0.10894664376974106,
                0.4208053648471832,
                -0.059008412063121796
            ],
            "segmentation_id": 11,
            "visibility": 0
        },
        {
            "bounding_box_minx_maxx_miny_maxy": [
                311,
                499,
                96,
                500
            ],
            "class": "Dog",
            "local_cuboid": null,
            "local_to_world_matrix": [
                [
                    -0.7386436462402344,
                    0.4361201524734497,
                    -0.5140084624290466,
                    0.0
                ],
                [
                    -0.5623341798782349,
                    -0.8191428184509277,
                    0.11307179927825928,
                    0.0
                ],
                [
                    -0.3717334568500519,
                    0.37256428599357605,
                    0.8502999544143677,
                    0.0
                ],
                [
                    0.22133442759513855,
                    -0.1496874839067459,
                    -0.12705489993095398,
                    1.0
                ]
            ],
            "location": [
                0.1496874839067459,
                -0.12705489993095398,
                -0.22133442759513855
            ],
            "location_world": [
                0.22133442759513855,
                -0.1496874839067459,
                -0.12705489993095398
            ],
            "name": "google_Dog_11",
            "projected_cuboid": [
                [
                    -30.62272071838379,
                    406.124085187912
                ],
                [
                    8760.161399841309,
                    916.6857600212097
                ],
                [
                    1548.7576723098755,
                    1567.905068397522
                ],
                [
                    322.2753405570984,
                    894.0855860710144
                ],
                [
                    354.8629879951477,
                    57.46658146381378
                ],
                [
                    931.9400787353516,
                    -126.61027908325195
                ],
                [
                    909.3459248542786,
                    388.74661922454834
                ],
                [
                    458.5475027561188,
                    383.6522698402405
                ],
                [
                    620.9309101104736,
                    394.07867193222046
                ]
            ],
            "provenance": "visii",
            "quaternion_xyzw": [
                0.1406009942293167,
                0.5425537824630737,
                0.6509189009666443,
                -0.5120266079902649
            ],
            "quaternion_xyzw_world": [
                -0.23989538848400116,
                0.1315302550792694,
                0.9230501651763916,
                0.2704225480556488
            ],
            "segmentation_id": 12,
            "visibility": 1
        },
        {
            "bounding_box_minx_maxx_miny_maxy": [
                -1,
                -1,
                -1,
                -1
            ],
            "class": "Black",
            "local_cuboid": null,
            "local_to_world_matrix": [
                [
                    0.6214532852172852,
                    0.5627332329750061,
                    0.545093834400177,
                    0.0
                ],
                [
                    0.24089491367340088,
                    0.5248026251792908,
                    -0.8164263963699341,
                    0.0
                ],
                [
                    -0.745496928691864,
                    0.6386812925338745,
                    0.19058072566986084,
                    0.0
                ],
                [
                    1.6917673349380493,
                    0.41861945390701294,
                    -0.07649387419223785,
                    1.0
                ]
            ],
            "location": [
                -0.41861945390701294,
                -0.07649387419223785,
                -1.6917673349380493
            ],
            "location_world": [
                1.6917673349380493,
                0.41861945390701294,
                -0.07649387419223785
            ],
            "name": "google_Black_Elderberry_Syrup_54_oz_Gaia_Herbs_12",
            "projected_cuboid": [
                [
                    56.2097430229187,
                    253.46627831459045
                ],
                [
                    46.28840088844299,
                    271.5380787849426
                ],
                [
                    91.71067178249359,
                    279.9040675163269
                ],
                [
                    101.38136148452759,
                    263.0505561828613
                ],
                [
                    64.24461305141449,
                    265.604168176651
                ],
                [
                    54.0265291929245,
                    283.9740514755249
                ],
                [
                    99.9101996421814,
                    291.71648621559143
                ],
                [
                    109.85696315765381,
                    274.604856967926
                ],
                [
                    78.63974571228027,
                    273.09882640838623
                ]
            ],
            "provenance": "visii",
            "quaternion_xyzw": [
                -0.3564395308494568,
                -0.01423170417547226,
                0.883834958076477,
                0.30262911319732666
            ],
            "quaternion_xyzw_world": [
                -0.4759385287761688,
                -0.4221281111240387,
                0.10526730120182037,
                0.7643359303474426
            ],
            "segmentation_id": 13,
            "visibility": 0
        },
        {
            "bounding_box_minx_maxx_miny_maxy": [
                62,
                130,
                107,
                140
            ],
