{
    "camera_data": {
        "camera_look_at": {
            "at": [
                1.0,
                0.0,
                0.0
            ],
            "eye": [
                0.0,
                0.0,
                0.0
            ],
            "up": [
                0.0,
                0.0,
                1.0
            ]
        },
        "camera_view_matrix": [
            [
                0.0,
                0.0,
                -1.0,
                0.0
            ],
            [
                -1.0,
                0.0,
                0.0,
                0.0
            ],
            [
                0.0,
                1.0,
                0.0,
                0.0
            ],
            [
                0.0,
                0.0,
                0.0,
                1.0
            ]
        ],
        "height": 500,
        "intrinsics": {
            "cx": 250.0,
            "cy": 250.0,
            "fx": 603.5535278320312,
            "fy": 603.5535278320312
        },
        "location_world": [
            0.0,
            0.0,
            0.0
        ],
        "quaternion_world_xyzw": [
            0.5,
            -0.5,
            -0.5,
            0.5
        ],
        "width": 500
    },
    "objects": [
        {
            "bounding_box_minx_maxx_miny_maxy": [
                272,
                314,
                116,
                175
            ],
            "class": "Reebok",
            "local_cuboid": null,
            "local_to_world_matrix": [
                [
                    0.11454641819000244,
                    0.9125440120697021,
                    0.39261025190353394,
                    0.0
                ],
                [
                    -0.5587998628616333,
                    -0.26757216453552246,
                    0.7849511504173279,
                    0.0
                ],
                [
                    0.8213538527488708,
                    -0.30930405855178833,
                    0.4792797565460205,
                    0.0
                ],
                [
                    1.616347312927246,
                    -0.10358749330043793,
                    0.20537522435188293,
                    1.0
                ]
            ],
            "location": [
                0.10358749330043793,
                0.20537522435188293,
                -1.616347312927246
            ],
            "location_world": [
                1.616347312927246,
                -0.10358749330043793,
                0.20537522435188293
            ],
            "name": "google_Reebok_SOMERSET_RUN_0",
            "projected_cuboid": [
                [
                    266.364723443985,
                    193.58491897583008
                ],
                [
                    296.88212275505066,
                    103.21855545043945
                ],
                [
                    285.7186198234558,
                    115.92932045459747
                ],
                [
                    254.56497073173523,
                    210.13164520263672
                ],
                [
                    301.26953125,
                    208.1431895494461
                ],
                [
                    335.5460464954376,
                    118.52370202541351
                ],
                [
                    326.700896024704,
                    132.2970688343048
                ],
                [
                    291.3472652435303,
                    225.6370484828949
                ],
                [
                    294.06875371932983,
                    165.44392704963684
                ]
            ],
            "provenance": "visii",
            "quaternion_xyzw": [
                0.17596793174743652,
                0.9379297494888306,
                0.2766944169998169,
                0.11297506093978882
            ],
            "quaternion_xyzw_world": [
                0.4750891923904419,
                0.18614618480205536,
                0.63880854845047,
                0.5758156776428223
            ],
            "segmentation_id": 1,
            "visibility": 1
        },
        {
            "bounding_box_minx_maxx_miny_maxy": [
                -1,
                -1,
                -1,
                -1
            ],
            "class": "Breyer",
            "local_cuboid": null,
            "local_to_world_matrix": [
                [
                    -0.29542720317840576,
                    0.9553200602531433,
                    0.009299427270889282,
                    0.0
                ],
                [
                    0.7001492381095886,
                    0.22311925888061523,
                    -0.6782395243644714,
                    0.0
                ],
                [
                    -0.6500107049942017,
                    -0.19385938346385956,
                    -0.7347822189331055,
                    0.0
                ],
                [
                    0.590158998966217,
                    0.08900853991508484,
                    -0.48264941573143005,
                    1.0
                ]
            ],
            "location": [
                -0.08900853991508484,
                -0.48264941573143005,
                -0.590158998966217
            ],
            "location_world": [
                0.590158998966217,
                0.08900853991508484,
                -0.48264941573143005
            ],
            "name": "google_Breyer_Horse_Of_The_Year_2015_1",
            "projected_cuboid": [
                [
                    22.113889455795288,
                    1043.5678958892822
                ],
                [
                    25.101512670516968,
                    1026.011347770691
                ],
                [
                    32.80611336231232,
                    775.7489085197449
                ],
                [
                    30.94606101512909,
                    771.3401317596436
                ],
                [
                    314.7955536842346,
                    939.5565390586853
                ],
                [
                    295.87385058403015,
                    931.8379759788513
                ],
                [
                    261.1916661262512,
                    722.387969493866
                ],
                [
                    274.7112512588501,
                    714.9298191070557
                ],
                [
                    164.5180881023407,
                    852.260410785675
                ]
            ],
            "provenance": "visii",
            "quaternion_xyzw": [
                -0.13500818610191345,
                0.3959387242794037,
                -0.9060312509536743,
                -0.0641309916973114
            ],
            "quaternion_xyzw_world": [
                0.5514153838157654,
                0.7505545616149902,
                -0.29048484563827515,
                -0.2196076512336731
            ],
            "segmentation_id": 2,
            "visibility": 0
        },
        {
            "bounding_box_minx_maxx_miny_maxy": [
                0,
                107,
                1,
                84
            ],
            "class": "Smith",
            "local_cuboid": null,
            "local_to_world_matrix": [
                [
                    0.3208850026130676,
                    0.6157635450363159,
                    -0.7196304798126221,
                    0.0
                ],
                [
                    -0.591712474822998,
                    -0.46294236183166504,
                    -0.659970223903656,
                    0.0
                ],
                [
                    -0.7395330667495728,
                    0.6375889182090759,
                    0.21580368280410767,
                    0.0
                ],
                [
                    1.5252598524093628,
                    0.45233553647994995,
                    0.577960193157196,
                    1.0
                ]
            ],
            "location": [
                -0.45233553647994995,
                0.577960193157196,
                -1.5252598524093628
            ],
            "location_world": [
                1.5252598524093628,
                0.45233553647994995,
                0.577960193157196
            ],
            "name": "google_Smith_Hawken_Woven_BasketTray_Organizer_with_3_Compartments_95_x_9_x_13_2",
            "projected_cuboid": [
                [
                    -78.38588953018188,
                    5.346924066543579
                ],
                [
                    -61.65355443954468,
                    55.202022194862366
                ],
                [
                    47.983646392822266,
                    104.07990217208862
                ],
                [
                    23.19541573524475,
                    55.70746958255768
                ],
                [
                    -7.024854421615601,
                    -132.09447264671326
                ],
                [
                    20.4373300075531,
                    -94.9455201625824
                ],
                [
                    127.47208774089813,
                    -20.573943853378296
                ],
                [
                    92.98741817474365,
                    -60.27799844741821
                ],
                [
                    22.04190194606781,
                    -7.29861855506897
                ]
            ],
            "provenance": "visii",
            "quaternion_xyzw": [
                -0.27598628401756287,
                0.2325189709663391,
                0.8682262301445007,
                -0.34051406383514404
            ],
            "quaternion_xyzw_world": [
                -0.6261037588119507,
                -0.009603465907275677,
                0.5826364755630493,
                0.5181086659431458
            ],
            "segmentation_id": 3,
            "visibility": 1
        },
        {
            "bounding_box_minx_maxx_miny_maxy": [
                -1,
                -1,
                -1,
                -1
            ],
            "class": "Paul",
            "local_cuboid": null,
            "local_to_world_matrix": [
                [
                    0.06976175308227539,
                    -0.9889479279518127,
                    -0.13082528114318848,
                    0.0
                ],
                [
                    -0.6240882277488708,
                    -0.14557743072509766,
                    0.7676725387573242,
                    0.0
                ],
                [
                    -0.7782334089279175,
                    0.02809232473373413,
                    -0.6273465156555176,
                    0.0
                ],
                [
                    0.3007366359233856,
                    -0.4087444245815277,
                    -0.13964374363422394,
                    1.0
                ]
            ],
            "location": [
                0.4087444245815277,
                -0.13964374363422394,
                -0.3007366359233856
            ],
            "location_world": [
                0.3007366359233856,
                -0.4087444245815277,
                -0.13964374363422394
            ],
            "name": "google_Paul_Frank_Dot_Lunch_Box_3",
            "projected_cuboid": [
                [
                    2193.269968032837,
                    1522.6343870162964
                ],
                [
                    3659.503936767578,
                    1895.6701755523682
                ],
                [
                    1445.5413818359375,
                    502.2183060646057
                ],
                [
                    1183.6384534835815,
                    598.2900857925415
                ],
                [
                    1353.5130023956299,
                    1540.5125617980957
                ],
                [
                    2436.9025230407715,
                    2017.7321434020996
                ],
                [
                    921.130895614624,
                    439.54718112945557
                ],
                [
                    753.01593542099,
                    554.0231466293335
                ],
                [
                    1413.9097929000854,
                    859.0946197509766
                ]
            ],
            "provenance": "visii",
            "quaternion_xyzw": [
                0.3328070044517517,
                0.011081591248512268,
                -0.07350662350654602,
                0.9400603771209717
            ],
            "quaternion_xyzw_world": [
                0.6787278056144714,
                -0.594139575958252,
                -0.33483919501304626,
                0.2724141478538513
            ],
            "segmentation_id": 4,
            "visibility": 0
        },
        {
            "bounding_box_minx_maxx_miny_maxy": [
                107,
                172,
                118,
                178
            ],
            "class": "Toys",
            "local_cuboid": null,
            "local_to_world_matrix": [
                [
                    -0.6798269748687744,
                    -0.7281981706619263,
                    0.08696424961090088,
                    0.0
                ],
                [
                    -0.034486979246139526,
                    -0.08670663833618164,
                    -0.9956367611885071,
                    0.0
                ],
                [
                    0.7325612306594849,
                    -0.6798598170280457,
                    0.03383219242095947,
                    0.0
                ],
                [
                    1.1645879745483398,
                    0.2823374569416046,
                    0.18697716295719147,
                    1.0
                ]
            ],
            "location": [
                -0.2823374569416046,
                0.18697716295719147,
                -1.1645879745483398
            ],
            "location_world": [
                1.1645879745483398,
                0.2823374569416046,
                0.18697716295719147
            ],
            "name": "google_Toys_R_Us_Treat_Dispenser_Smart_Puzzle_Foobler_4",
            "projected_cuboid": [
                [
                    186.84689700603485,
                    114.4879162311554
                ],
                [
                    193.1648850440979,
                    189.59754705429077
                ],
                [
                    130.64225018024445,
                    186.30117177963257
                ],
                [
                    123.98479878902435,
                    103.63197326660156
                ],
                [
                    140.79001545906067,
                    131.282776594162
                ],
                [
                    146.42295241355896,
                    200.50571858882904
                ],
                [
                    84.98865365982056,
                    198.5045224428177
                ],
                [
                    79.10393178462982,
                    122.9107528924942
                ],
                [
                    136.17940247058868,
                    156.28042817115784
                ]
            ],
            "provenance": "visii",
            "quaternion_xyzw": [
                0.9295692443847656,
                0.046707361936569214,
                0.3656765818595886,
                0.0001761019229888916
            ],
            "quaternion_xyzw_world": [
                0.30538809299468994,
                -0.624357283115387,
                0.6708885431289673,
                -0.25850462913513184
            ],
            "segmentation_id": 5,
            "visibility": 1
        },
        {
            "bounding_box_minx_maxx_miny_maxy": [
                -1,
                -1,
                -1,
                -1
            ],
            "class": "Tag",
            "local_cuboid": null,
            "local_to_world_matrix": [
                [
                    -0.751695990562439,
                    0.513160228729248,
                    0.414270281791687,
                    0.0
                ],
                [
                    0.6586736440658569,
                    0.6157698035240173,
                    0.43240785598754883,
                    0.0
                ],
                [
                    -0.033200621604919434,
                    0.5979081392288208,
                    -0.8008768558502197,
                    0.0
                ],
                [
                    0.3209938108921051,
                    0.013328475877642632,
                    -0.43954363465309143,
                    1.0
                ]
            ],
            "location": [
                -0.013328475877642632,
                -0.43954363465309143,
                -0.3209938108921051
            ],
            "location_world": [
                0.3209938108921051,
                0.013328475877642632,
                -0.43954363465309143
            ],
            "name": "google_Tag_Dishtowel_Basket_Weave_Red_18_x_26_5",
            "projected_cuboid": [
                [
                    229.77247834205627,
                    1876.492977142334
                ],
                [
                    -21.288365125656128,
                    943.0133104324341
                ],
                [
                    17.34110713005066,
                    890.127420425415
                ],
                [
                    299.68318343162537,
                    1772.581696510315
                ],
                [
                    410.0859463214874,
                    1336.7621898651123
                ],
                [
                    168.8021868467331,
                    842.7579998970032
                ],
                [
                    196.23607397079468,
                    804.7987818717957
                ],
                [
                    450.26659965515137,
                    1278.0596017837524
                ],
                [
                    205.60599863529205,
                    1104.2248010635376
                ]
            ],
            "provenance": "visii",
            "quaternion_xyzw": [
                -0.07285484671592712,
                0.6914418935775757,
                -0.5277198553085327,
                -0.487967312335968
            ],
            "quaternion_xyzw_world": [
                0.3291698098182678,
                0.8899919390678406,
                0.28941723704338074,
                -0.12569521367549896
            ],
            "segmentation_id": 6,
            "visibility": 0
        },
        {
            "bounding_box_minx_maxx_miny_maxy": [
                -1,
                -1,
                -1,
                -1
            ],
            "class": "FRACTION",
            "local_cuboid": null,
            "local_to_world_matrix": [
                [
                    -0.07720410823822021,
                    0.7389028072357178,
                    -0.6693744659423828,
                    0.0
                ],
                [
                    -0.9113715887069702,
                    -0.3245387077331543,
                    -0.25313329696655273,
                    0.0
                ],
                [
                    -0.40427884459495544,
                    0.5905059576034546,
                    0.6984707117080688,
                    0.0
                ],
                [
                    0.30910372734069824,
                    -0.06356590241193771,
                    0.35147345066070557,
                    1.0
                ]
            ],
            "location": [
                0.06356590241193771,
                0.35147345066070557,
                -0.30910372734069824
            ],
            "location_world": [
                0.30910372734069824,
                -0.06356590241193771,
                0.35147345066070557
            ],
            "name": "google_FRACTION_FUN_n4h4qte23QR_6",
            "projected_cuboid": [
                [
                    156.15728497505188,
                    -315.40238857269287
                ],
                [
                    261.3430321216583,
                    -660.9465479850769
                ],
                [
                    332.61922001838684,
                    -500.9288191795349
                ],
                [
                    200.60162246227264,
                    -242.12753772735596
                ],
                [
                    362.73735761642456,
                    -479.6554446220398
                ],
                [
                    629.2186379432678,
                    -936.7339611053467
                ],
                [
                    667.9408550262451,
                    -764.88196849823
                ],
                [
                    396.5905010700226,
                    -401.61335468292236
                ],
                [
                    351.89661383628845,
                    -487.3126149177551
                ]
            ],
            "provenance": "visii",
            "quaternion_xyzw": [
                -0.16579480469226837,
                0.5199736952781677,
                0.7740017771720886,
                -0.3210306763648987
            ],
            "quaternion_xyzw_world": [
                -0.3704267740249634,
                0.11639872193336487,
                0.7246056795120239,
                0.5693697929382324
            ],
            "segmentation_id": 7,
            "visibility": 0
        },
        {
            "bounding_box_minx_maxx_miny_maxy": [
                0,
                269,
                2,
                323
            ],
            "class": "FAIRY",
            "local_cuboid": null,
            "local_to_world_matrix": [
                [
                    -0.381908655166626,
                    0.7554711699485779,
                    0.5323617458343506,
                    0.0
                ],
                [
                    0.6612266898155212,
                    -0.17908740043640137,
                    0.7284963130950928,
                    0.0
                ],
                [
                    0.6456972360610962,
                    0.6302309036254883,
                    -0.43114256858825684,
                    0.0
                ],
                [
                    0.4965704679489136,
                    0.08308546990156174,
                    0.08268214762210846,
                    1.0
                ]
            ],
            "location": [
                -0.08308546990156174,
                0.08268214762210846,
                -0.4965704679489136
            ],
            "location_world": [
                0.4965704679489136,
                0.08308546990156174,
                0.08268214762210846
            ],
            "name": "google_FAIRY_TALE_BLOCKS_7",
            "projected_cuboid": [
                [
                    -157.83607959747314,
                    302.22129821777344
                ],
                [
                    -10.745137929916382,
                    117.57281422615051
                ],
                [
                    77.40171253681183,
                    -26.164740324020386
                ],
                [
                    -85.57793498039246,
                    162.38489747047424
                ],
                [
                    94.68390047550201,
                    426.6250729560852
                ],
                [
                    166.74520075321198,
                    236.38483881950378
                ],
                [
                    282.18942880630493,
                    141.30347967147827
                ],
                [
                    231.73242807388306,
                    355.10337352752686
                ],
                [
                    86.52479946613312,
                    212.85825967788696
                ]
            ],
            "provenance": "visii",
            "quaternion_xyzw": [
                0.20107817649841309,
                0.8845428824424744,
                -0.3087383806705475,
                -0.2860628664493561
            ],
            "quaternion_xyzw_world": [
                0.5541483163833618,
                0.6391329765319824,
                0.5314728021621704,
                0.04433172568678856
            ],
            "segmentation_id": 8,
            "visibility": 1
        },
        {
            "bounding_box_minx_maxx_miny_maxy": [
                -1,
                -1,
                -1,
                -1
            ],
            "class": "Great",
            "local_cuboid": null,
            "local_to_world_matrix": [
                [
                    0.9635770320892334,
                    -0.010973915457725525,
                    -0.2672056555747986,
                    0.0
                ],
                [
                    -0.25486844778060913,
                    -0.3403177261352539,
                    -0.9051110148429871,
                    0.0
                ],
                [
                    -0.08100219815969467,
                    0.9402465224266052,
                    -0.3307192325592041,
                    0.0
                ],
                [
                    1.8623005151748657,
                    -0.11343211680650711,
                    -0.6884502172470093,
                    1.0
                ]
            ],
            "location": [
                0.11343211680650711,
                -0.6884502172470093,
                -1.8623005151748657
            ],
            "location_world": [
                1.8623005151748657,
                -0.11343211680650711,
                -0.6884502172470093
            ],
            "name": "google_Great_Jones_Wingtip_kAqSg6EgG0I_8",
            "projected_cuboid": [
                [
                    235.73778569698334,
                    435.94247102737427
                ],
                [
                    269.4588005542755,
                    535.1632833480835
                ],
                [
                    303.76699566841125,
                    521.6618776321411
                ],
                [
                    268.8097357749939,
                    423.4575033187866
                ],
                [
                    234.50599610805511,
                    437.02495098114014
                ],
                [
                    270.2253758907318,
                    542.338490486145
                ],
                [
                    306.60849809646606,
                    527.9816389083862
                ],
                [
                    269.5018947124481,
                    423.81057143211365
                ],
                [
                    269.48022842407227,
                    479.7635078430176
                ]
            ],
            "provenance": "visii",
            "quaternion_xyzw": [
                -0.6773261427879333,
                -0.026985522359609604,
                0.7026982307434082,
                -0.21613948047161102
            ],
            "quaternion_xyzw_world": [
                -0.8115746974945068,
                0.08189091831445694,
                0.10726303607225418,
                0.5684496760368347
            ],
            "segmentation_id": 9,
            "visibility": 0
        },
        {
            "bounding_box_minx_maxx_miny_maxy": [
                207,
                401,
                167,
                350
            ],
            "class": "Ecoforms",
            "local_cuboid": null,
            "local_to_world_matrix": [
                [
                    -0.8289873600006104,
                    0.4967826008796692,
                    0.2568816542625427,
                    0.0
                ],
                [
                    0.40916216373443604,
                    0.22559583187103271,
                    0.8841341733932495,
                    0.0
                ],
                [
                    0.3812708854675293,
                    0.8380417823791504,
                    -0.390281081199646,
                    0.0
                ],
                [
                    0.6966466307640076,
                    -0.14171554148197174,
                    0.02429148182272911,
                    1.0
                ]
            ],
            "location": [
                0.14171554148197174,
                0.02429148182272911,
                -0.6966466307640076
            ],
            "location_world": [
                0.6966466307640076,
                -0.14171554148197174,
                0.02429148182272911
            ],
            "name": "google_Ecoforms_Plant_Container_Quadra_Sand_QP6_9",
            "projected_cuboid": [
                [
                    226.27195715904236,
                    344.86234188079834
                ],
                [
                    192.92476773262024,
                    193.9006745815277
                ],
                [
                    317.139595746994,
                    127.96357274055481
                ],
                [
                    370.8799183368683,
                    286.81981563568115
                ],
                [
                    302.2040128707886,
                    363.0197048187256
                ],
                [
                    268.12300086021423,
                    237.55915462970734
                ],
                [
                    374.2047846317291,
                    187.84061074256897
                ],
                [
                    422.46004939079285,
                    318.9932703971863
                ],
                [
                    308.93272161483765,
                    257.1229338645935
                ]
            ],
            "provenance": "visii",
            "quaternion_xyzw": [
                0.009412109851837158,
                0.8309915065765381,
                -0.24050873517990112,
                -0.5015179514884949
            ],
            "quaternion_xyzw_world": [
                0.28969722986221313,
                0.7818030714988708,
                0.5507064461708069,
                0.03977639228105545
            ],
            "segmentation_id": 10,
            "visibility": 1
        },
        {
            "bounding_box_minx_maxx_miny_maxy": [
                -1,
                -1,
                -1,
                -1
            ],
            "class": "ReadytoUse",
            "local_cuboid": null,
            "local_to_world_matrix": [
                [
                    -0.7087955474853516,
                    -0.1415802538394928,
                    0.6910600662231445,
                    0.0
                ],
                [
                    0.7053923606872559,
                    -0.13457393646240234,
                    0.6959249973297119,
                    0.0
                ],
                [
                    -0.005530565977096558,
                    0.9807369709014893,
                    0.19525492191314697,
                    0.0
                ],
                [
                    0.3335651159286499,
                    0.36618804931640625,
                    -0.3782704770565033,
                    1.0
                ]
            ],
            "location": [
                -0.36618804931640625,
                -0.3782704770565033,
                -0.3335651159286499
            ],
            "location_world": [
                0.3335651159286499,
                0.36618804931640625,
                -0.3782704770565033
            ],
            "name": "google_ReadytoUse_Rolled_Fondant_Pure_White_24_oz_box_10",
            "projected_cuboid": [
                [
                    -916.4621829986572,
                    960.4193568229675
                ],
                [
                    -771.797776222229,
                    813.015878200531
                ],
                [
                    -444.48035955429077,
                    875.859797000885
                ],
                [
                    -547.145426273346,
                    1030.729055404663
                ],
                [
                    -664.9013161659241,
                    931.0835599899292
                ],
                [
                    -574.1332173347473,
                    818.5945749282837
                ],
                [
                    -318.9026117324829,
                    867.6746487617493
                ],
                [
                    -384.834885597229,
                    984.6023917198181
                ],
                [
                    -563.0680918693542,
                    905.5705070495605
                ]
            ],
            "provenance": "visii",
            "quaternion_xyzw": [
                0.33170947432518005,
                0.622256875038147,
                -0.20495449006557465,
                -0.6787922382354736
            ],
            "quaternion_xyzw_world": [
                0.24006426334381104,
                0.587147057056427,
                0.7139020562171936,
                -0.29659971594810486
            ],
            "segmentation_id": 11,
            "visibility": 0
        },
        {
            "bounding_box_minx_maxx_miny_maxy": [
                162,
                415,
                460,
                500
            ],
            "class": "Dog",
            "local_cuboid": null,
            "local_to_world_matrix": [
                [
                    -0.6579797267913818,
                    -0.4811725318431854,
                    0.579254686832428,
                    0.0
                ],
                [
                    -0.4246242344379425,
                    -0.398193359375,
                    -0.8131030201911926,
                    0.0
                ],
                [
                    0.6218981146812439,
                    -0.7809707522392273,
                    0.05768543481826782,
                    0.0
                ],
                [
                    0.29875239729881287,
                    0.06293736398220062,
                    -0.23765432834625244,
                    1.0
                ]
            ],
            "location": [
                -0.06293736398220062,
                -0.23765432834625244,
                -0.29875239729881287
            ],
            "location_world": [
                0.29875239729881287,
                0.06293736398220062,
                -0.23765432834625244
            ],
            "name": "google_Dog_11",
            "projected_cuboid": [
                [
                    427.35353112220764,
                    379.4158697128296
                ],
                [
                    619.9681758880615,
                    712.4240398406982
                ],
                [
                    354.49740290641785,
                    1067.1515464782715
                ],
                [
                    150.7856845855713,
                    467.7337110042572
                ],
                [
                    251.37987732887268,
                    493.7286376953125
                ],
                [
                    349.3615984916687,
                    735.4097962379456
                ],
                [
                    104.83290255069733,
                    936.4299178123474
                ],
                [
                    24.257272481918335,
                    583.7043523788452
                ],
                [
                    277.39623188972473,
                    638.401985168457
                ]
            ],
            "provenance": "visii",
            "quaternion_xyzw": [
                0.8538404107093811,
                0.2861916422843933,
                0.42131713032722473,
                0.10743775963783264
            ],
            "quaternion_xyzw_world": [
                0.41307634115219116,
                -0.5482017993927002,
                0.7269557118415833,
                -0.019446946680545807
            ],
            "segmentation_id": 12,
            "visibility": 1
        },
        {
            "bounding_box_minx_maxx_miny_maxy": [
                73,
                121,
                258,
                292
            ],
            "class": "Black",
            "local_cuboid": null,
            "local_to_world_matrix": [
                [
                    0.7387394905090332,
                    -0.3116905391216278,
                    -0.597589373588562,
                    0.0
                ],
                [
                    -0.3940759003162384,
                    0.5195449590682983,
                    -0.7581407427787781,
                    0.0
                ],
                [
                    0.5467798709869385,
                    0.7955641150474548,
                    0.26097869873046875,
                    0.0
                ],
                [
                    1.5400986671447754,
                    0.35477012395858765,
                    -0.07215037196874619,
                    1.0
                ]
            ],
            "location": [
                -0.35477012395858765,
                -0.07215037196874619,
                -1.5400986671447754
            ],
            "location_world": [
                1.5400986671447754,
                0.35477012395858765,
                -0.07215037196874619
            ],
            "name": "google_Black_Elderberry_Syrup_54_oz_Gaia_Herbs_12",
            "projected_cuboid": [
                [
                    87.07845211029053,
                    260.56814193725586
                ],
                [
                    73.3744353055954,
                    277.3181200027466
                ],
                [
                    109.29523408412933,
                    293.46713423728943
                ],
                [
                    123.15873801708221,
                    275.63315629959106
                ],
                [
                    76.13170146942139,
                    248.0461299419403
                ],
                [
                    61.9024932384491,
                    265.05786180496216
                ],
                [
                    98.22520613670349,
                    281.01372718811035
                ],
                [
                    112.63944208621979,
                    262.8774344921112
                ],
                [
                    92.39637851715088,
                    270.3222930431366
                ]
            ],
            "provenance": "visii",
            "quaternion_xyzw": [
                -0.8087971806526184,
                0.34530743956565857,
                0.474254846572876,
                -0.04114039987325668
            ],
            "quaternion_xyzw_world": [
                -0.48944249749183655,
                0.36049506068229675,
                0.025952743366360664,
                0.7936094999313354
            ],
            "segmentation_id": 13,
            "visibility": 1
        },
        {
            "bounding_box_minx_maxx_miny_maxy": [
                -1,
                -1,
                -1,
                -1
            ],
