{
    "camera_data": {
        "camera_look_at": {
            "at": [
                1.0,
                0.0,
                0.0
            ],
            "eye": [
                0.0,
                0.0,
                0.0
            ],
            "up": [
                0.0,
                0.0,
                1.0
            ]
        },
        "camera_view_matrix": [
            [
                0.0,
                0.0,
                -1.0,
                0.0
            ],
            [
                -1.0,
                0.0,
                0.0,
                0.0
            ],
            [
                0.0,
                1.0,
                0.0,
                0.0
            ],
            [
                0.0,
                0.0,
                0.0,
                1.0
            ]
        ],
        "height": 500,
        "intrinsics": {
            "cx": 250.0,
            "cy": 250.0,
            "fx": 603.5535278320312,
            "fy": 603.5535278320312
        },
        "location_world": [
            0.0,
            0.0,
            0.0
        ],
        "quaternion_world_xyzw": [
            0.5,
            -0.5,
            -0.5,
            0.5
        ],
        "width": 500
    },
    "objects": [
        {
            "bounding_box_minx_maxx_miny_maxy": [
                -1,
                -1,
                -1,
                -1
            ],
            "class": "Reebok",
            "local_cuboid": null,
            "local_to_world_matrix": [
                [
                    0.5843580961227417,
                    0.5942832827568054,
                    -0.5525875091552734,
                    0.0
                ],
                [
                    -0.39357441663742065,
                    -0.3879483938217163,
                    -0.8334237933158875,
                    0.0
                ],
                [
                    -0.7096652984619141,
                    0.704502284526825,
                    0.007193922996520996,
                    0.0
                ],
                [
                    1.741123914718628,
                    -0.015428741462528706,
                    0.19827698171138763,
                    1.0
                ]
            ],
            "location": [
                0.015428741462528706,
                0.19827698171138763,
                -1.741123914718628
            ],
            "location_world": [
                1.741123914718628,
                -0.015428741462528706,
                0.19827698171138763
            ],
            "name": "google_Reebok_SOMERSET_RUN_0",
            "projected_cuboid": [
                [
                    195.96296548843384,
                    149.97656643390656
                ],
                [
                    234.0850830078125,
                    233.0058515071869
                ],
                [
                    263.6069059371948,
                    234.11519825458527
                ],
                [
                    225.34319758415222,
                    154.75070476531982
                ],
                [
                    217.8933322429657,
                    123.69760870933533
                ],
                [
                    259.2293620109558,
                    208.28866958618164
                ],
                [
                    288.6756956577301,
                    210.67610383033752
                ],
                [
                    247.3476529121399,
                    129.87622618675232
                ],
                [
                    240.97302556037903,
                    179.44496870040894
                ]
            ],
            "provenance": "visii",
            "quaternion_xyzw": [
                -0.3638252019882202,
                0.11313067376613617,
                0.8856314420700073,
                -0.26549866795539856
            ],
            "quaternion_xyzw_world": [
                -0.700912356376648,
                -0.071588434278965,
                0.4502177834510803,
                0.5485443472862244
            ],
            "segmentation_id": 1,
            "visibility": 0
        },
        {
            "bounding_box_minx_maxx_miny_maxy": [
                -1,
                -1,
                -1,
                -1
            ],
            "class": "Breyer",
            "local_cuboid": null,
            "local_to_world_matrix": [
                [
                    0.9072062373161316,
                    0.40322792530059814,
                    0.1199335977435112,
                    0.0
                ],
                [
                    0.38243794441223145,
                    -0.671724796295166,
                    -0.6344501972198486,
                    0.0
                ],
                [
                    -0.17526566982269287,
                    0.6214443445205688,
                    -0.763602614402771,
                    0.0
                ],
                [
                    0.5280345678329468,
                    -0.08037981390953064,
                    -0.42543768882751465,
                    1.0
                ]
            ],
            "location": [
                0.08037981390953064,
                -0.42543768882751465,
                -0.5280345678329468
            ],
            "location_world": [
                0.5280345678329468,
                -0.08037981390953064,
                -0.42543768882751465
            ],
            "name": "google_Breyer_Horse_Of_The_Year_2015_1",
            "projected_cuboid": [
                [
                    172.23599553108215,
                    768.0755853652954
                ],
                [
                    212.6675397157669,
                    785.2450609207153
                ],
                [
                    302.90985107421875,
                    654.0770530700684
                ],
                [
                    267.39513874053955,
                    633.019208908081
                ],
                [
                    274.87823367118835,
                    1090.2105569839478
                ],
                [
                    330.4189443588257,
                    1098.8515615463257
                ],
                [
                    456.6396176815033,
                    885.6810331344604
                ],
                [
                    411.3771319389343,
                    866.2921190261841
                ],
                [
                    292.3893630504608,
                    817.7608847618103
                ]
            ],
            "provenance": "visii",
            "quaternion_xyzw": [
                0.5137987732887268,
                0.3851986825466156,
                -0.7437983155250549,
                0.18546396493911743
            ],
            "quaternion_xyzw_world": [
                0.9141298532485962,
                0.21486714482307434,
                -0.015132443979382515,
                -0.34346720576286316
            ],
            "segmentation_id": 2,
            "visibility": 0
        },
        {
            "bounding_box_minx_maxx_miny_maxy": [
                40,
                162,
                1,
                98
            ],
            "class": "Smith",
            "local_cuboid": null,
            "local_to_world_matrix": [
                [
                    -0.24315547943115234,
                    0.24993358552455902,
                    -0.93723464012146,
                    0.0
                ],
                [
                    0.3825516104698181,
                    -0.8632051944732666,
                    -0.3294409513473511,
                    0.0
                ],
                [
                    -0.8913639783859253,
                    -0.43864595890045166,
                    0.11428046226501465,
                    0.0
                ],
                [
                    1.5596263408660889,
                    0.41357192397117615,
                    0.5835477113723755,
                    1.0
                ]
            ],
            "location": [
                -0.41357192397117615,
                0.5835477113723755,
                -1.5596263408660889
            ],
            "location_world": [
                1.5596263408660889,
                0.41357192397117615,
                0.5835477113723755
            ],
            "name": "google_Smith_Hawken_Woven_BasketTray_Organizer_with_3_Compartments_95_x_9_x_13_2",
            "projected_cuboid": [
                [
                    26.695191860198975,
                    9.617745876312256
                ],
                [
                    144.5571780204773,
                    66.13597273826599
                ],
                [
                    115.2203232049942,
                    106.14284873008728
                ],
                [
                    14.64913785457611,
                    61.54973804950714
                ],
                [
                    83.0191820859909,
                    -129.64269518852234
                ],
                [
                    189.63375687599182,
                    -66.92323088645935
                ],
                [
                    155.31817078590393,
                    -9.746015071868896
                ],
                [
                    62.968045473098755,
                    -59.168845415115356
                ],
                [
                    100.52008926868439,
                    -1.496344804763794
                ]
            ],
            "provenance": "visii",
            "quaternion_xyzw": [
                0.21687749028205872,
                -0.0853356420993805,
                0.7859292030334473,
                -0.5727105140686035
            ],
            "quaternion_xyzw_world": [
                -0.6135489344596863,
                -0.2577158808708191,
                0.7450907826423645,
                -0.04449727386236191
            ],
            "segmentation_id": 3,
            "visibility": 1
        },
        {
            "bounding_box_minx_maxx_miny_maxy": [
                -1,
                -1,
                -1,
                -1
            ],
            "class": "Paul",
            "local_cuboid": null,
            "local_to_world_matrix": [
                [
                    0.34218162298202515,
                    -0.9294520616531372,
                    -0.13795167207717896,
                    0.0
                ],
                [
                    -0.5789909362792969,
                    -0.3241943120956421,
                    0.7481093406677246,
                    0.0
                ],
                [
                    -0.7400549054145813,
                    -0.17611649632453918,
                    -0.6490776538848877,
                    0.0
                ],
                [
                    0.30619382858276367,
                    -0.3758343458175659,
                    -0.13663220405578613,
                    1.0
                ]
            ],
            "location": [
                0.3758343458175659,
                -0.13663220405578613,
                -0.30619382858276367
            ],
            "location_world": [
                0.30619382858276367,
                -0.3758343458175659,
                -0.13663220405578613
            ],
            "name": "google_Paul_Frank_Dot_Lunch_Box_3",
            "projected_cuboid": [
                [
                    1743.4684038162231,
                    1239.2354011535645
                ],
                [
                    2514.1403675079346,
                    1327.3476362228394
                ],
                [
                    1222.935438156128,
                    465.72771668434143
                ],
                [
                    1008.8949203491211,
                    557.8368902206421
                ],
                [
                    1634.6099376678467,
                    1795.6366539001465
                ],
                [
                    3479.1736602783203,
                    2615.6668663024902
                ],
                [
                    961.8213176727295,
                    454.91552352905273
                ],
                [
                    737.604022026062,
                    577.7134895324707
                ],
                [
                    1335.7272148132324,
                    830.0998210906982
                ]
            ],
            "provenance": "visii",
            "quaternion_xyzw": [
                0.332147479057312,
                0.14018063247203827,
                -0.12499350309371948,
                0.924339771270752
            ],
            "quaternion_xyzw_world": [
                0.7608307003974915,
                -0.4956565797328949,
                -0.28850260376930237,
                0.30368971824645996
            ],
            "segmentation_id": 4,
            "visibility": 0
        },
        {
            "bounding_box_minx_maxx_miny_maxy": [
                0,
                36,
                233,
                325
            ],
            "class": "Toys",
            "local_cuboid": null,
            "local_to_world_matrix": [
                [
                    -0.06798338890075684,
                    0.8500325679779053,
                    -0.5223245620727539,
                    0.0
                ],
                [
                    -0.2918837368488312,
                    -0.5175752639770508,
                    -0.8043132424354553,
                    0.0
                ],
                [
                    -0.954034686088562,
                    0.09777814149856567,
                    0.2832971215248108,
                    0.0
                ],
                [
                    1.0645453929901123,
                    0.3553912937641144,
                    -0.06689631193876266,
                    1.0
                ]
            ],
            "location": [
                -0.3553912937641144,
                -0.06689631193876266,
                -1.0645453929901123
            ],
            "location_world": [
                1.0645453929901123,
                0.3553912937641144,
                -0.06689631193876266
            ],
            "name": "google_Toys_R_Us_Treat_Dispenser_Smart_Puzzle_Foobler_4",
            "projected_cuboid": [
                [
                    -57.108074426651,
                    251.25253200531006
                ],
                [
                    -18.609851598739624,
                    335.2183401584625
                ],
                [
                    28.05173397064209,
                    348.4916687011719
                ],
                [
                    -7.173985242843628,
                    275.33823251724243
                ],
                [
                    30.225321650505066,
                    199.6728479862213
                ],
                [
                    72.62849807739258,
                    280.0866365432739
                ],
                [
                    106.06810450553894,
                    300.93300342559814
                ],
                [
                    67.9730623960495,
                    230.4399013519287
                ],
                [
                    29.08867597579956,
                    277.4959206581116
                ]
            ],
            "provenance": "visii",
            "quaternion_xyzw": [
                -0.007842496037483215,
                0.15139736235141754,
                0.949786901473999,
                -0.27371925115585327
            ],
            "quaternion_xyzw_world": [
                -0.539975643157959,
                -0.2584138810634613,
                0.6835305094718933,
                0.41765373945236206
            ],
            "segmentation_id": 5,
            "visibility": 1
        },
        {
            "bounding_box_minx_maxx_miny_maxy": [
                -1,
                -1,
                -1,
                -1
            ],
            "class": "Tag",
            "local_cuboid": null,
            "local_to_world_matrix": [
                [
                    -0.8798595666885376,
                    -0.263081818819046,
                    0.39577144384384155,
                    0.0
                ],
                [
                    0.10897672176361084,
                    0.6989095211029053,
                    0.7068588733673096,
                    0.0
                ],
                [
                    -0.4625701904296875,
                    0.6650664806365967,
                    -0.5862723588943481,
                    0.0
                ],
                [
                    0.31929999589920044,
                    -0.0333242192864418,
                    -0.43427661061286926,
                    1.0
                ]
            ],
            "location": [
                0.0333242192864418,
                -0.43427661061286926,
                -0.31929999589920044
            ],
            "location_world": [
                0.31929999589920044,
                -0.0333242192864418,
                -0.43427661061286926
            ],
            "name": "google_Tag_Dishtowel_Basket_Weave_Red_18_x_26_5",
            "projected_cuboid": [
                [
                    569.1807866096497,
                    1659.1386795043945
                ],
                [
                    127.75373458862305,
                    1098.2434749603271
                ],
                [
                    189.82359766960144,
                    997.1022605895996
                ],
                [
                    607.343316078186,
                    1507.8967809677124
                ],
                [
                    364.1830086708069,
                    1192.3754215240479
                ],
                [
                    105.41841387748718,
                    876.9736289978027
                ],
                [
                    145.50276100635529,
                    821.85959815979
                ],
                [
                    396.0060775279999,
                    1120.276689529419
                ],
                [
                    292.1923100948334,
                    1111.7496490478516
                ]
            ],
            "provenance": "visii",
            "quaternion_xyzw": [
                -0.15301361680030823,
                0.4952794313430786,
                -0.35093778371810913,
                -0.7798254489898682
            ],
            "quaternion_xyzw_world": [
                -0.04331091046333313,
                0.8895281553268433,
                0.3855767250061035,
                -0.24123509228229523
            ],
            "segmentation_id": 6,
            "visibility": 0
        },
        {
            "bounding_box_minx_maxx_miny_maxy": [
                473,
                499,
                1,
                58
            ],
            "class": "FRACTION",
            "local_cuboid": null,
            "local_to_world_matrix": [
                [
                    -0.3090496063232422,
                    0.5161626935005188,
                    -0.7987893223762512,
                    0.0
                ],
                [
                    0.9365615248680115,
                    0.019148707389831543,
                    -0.3499797284603119,
                    0.0
                ],
                [
                    -0.16535073518753052,
                    -0.8562763929367065,
                    -0.4893360137939453,
                    0.0
                ],
                [
                    0.3654538691043854,
                    -0.19786806404590607,
                    0.2390950322151184,
                    1.0
                ]
            ],
            "location": [
                0.19786806404590607,
                0.2390950322151184,
                -0.3654538691043854
            ],
            "location_world": [
                0.3654538691043854,
                -0.19786806404590607,
                0.2390950322151184
            ],
            "name": "google_FRACTION_FUN_n4h4qte23QR_6",
            "projected_cuboid": [
                [
                    727.5665998458862,
                    -199.85976815223694
                ],
                [
                    520.8163857460022,
                    85.17186343669891
                ],
                [
                    463.2263779640198,
                    57.68007040023804
                ],
                [
                    623.1536865234375,
                    -238.58344554901123
                ],
                [
                    824.3477940559387,
                    -402.39739418029785
                ],
                [
                    605.0408482551575,
                    -74.22015070915222
                ],
                [
                    552.6639223098755,
                    -96.21977806091309
                ],
                [
                    736.2259030342102,
                    -429.4005036354065
                ],
                [
                    611.2937927246094,
                    -130.9613287448883
                ]
            ],
            "provenance": "visii",
            "quaternion_xyzw": [
                -0.4087989330291748,
                0.5002080202102661,
                -0.712652325630188,
                0.27349966764450073
            ],
            "quaternion_xyzw_world": [
                0.5387805104255676,
                0.6740797758102417,
                -0.4473714530467987,
                0.23492716252803802
            ],
            "segmentation_id": 7,
            "visibility": 1
        },
        {
            "bounding_box_minx_maxx_miny_maxy": [
                0,
                290,
                54,
                366
            ],
            "class": "FAIRY",
            "local_cuboid": null,
            "local_to_world_matrix": [
                [
                    -0.8043252229690552,
                    0.5605602860450745,
                    0.19706296920776367,
                    0.0
                ],
                [
                    0.5546327233314514,
                    0.5893005132675171,
                    0.587458610534668,
                    0.0
                ],
                [
                    0.21317657828330994,
                    0.5818051099777222,
                    -0.7848944664001465,
                    0.0
                ],
                [
                    0.47932884097099304,
                    0.07403576374053955,
                    0.06829933822154999,
                    1.0
                ]
            ],
            "location": [
                -0.07403576374053955,
                0.06829933822154999,
                -0.47932884097099304
            ],
            "location_world": [
                0.47932884097099304,
                0.07403576374053955,
                0.06829933822154999
            ],
            "name": "google_FAIRY_TALE_BLOCKS_7",
            "projected_cuboid": [
                [
                    -84.19537544250488,
                    523.6055850982666
                ],
                [
                    -174.442321062088,
                    255.32475113868713
                ],
                [
                    -45.95878720283508,
                    22.385522723197937
                ],
                [
                    120.1273500919342,
                    220.3788310289383
                ],
                [
                    188.02474439144135,
                    478.2617688179016
                ],
                [
                    66.27023220062256,
                    295.92829942703247
                ],
                [
                    173.0489432811737,
                    137.1430903673172
                ],
                [
                    337.3640477657318,
                    290.41996598243713
                ],
                [
                    82.64811336994171,
                    272.9537785053253
                ]
            ],
            "provenance": "visii",
            "quaternion_xyzw": [
                -0.12763017416000366,
                0.7683091163635254,
                -0.435868501663208,
                -0.4510326683521271
            ],
            "quaternion_xyzw_world": [
                0.31275737285614014,
                0.8914202451705933,
                0.3279215693473816,
                0.004519083071500063
            ],
            "segmentation_id": 8,
            "visibility": 1
        },
        {
            "bounding_box_minx_maxx_miny_maxy": [
                231,
                278,
                362,
                497
            ],
            "class": "Great",
            "local_cuboid": null,
            "local_to_world_matrix": [
                [
                    -0.11844503879547119,
                    0.9927753210067749,
                    0.019183367490768433,
                    0.0
                ],
                [
                    0.20136144757270813,
                    0.005096912384033203,
                    0.9795037508010864,
                    0.0
                ],
                [
                    0.9723293781280518,
                    0.11988011002540588,
                    -0.20051026344299316,
                    0.0
                ],
                [
                    1.41472589969635,
                    -0.012417272664606571,
                    -0.41961869597435,
                    1.0
                ]
            ],
            "location": [
                0.012417272664606571,
                -0.41961869597435,
                -1.41472589969635
            ],
            "location_world": [
                1.41472589969635,
                -0.012417272664606571,
                -0.41961869597435
            ],
            "name": "google_Great_Jones_Wingtip_kAqSg6EgG0I_8",
            "projected_cuboid": [
                [
                    227.43287682533264,
                    491.1402463912964
                ],
                [
                    227.72833704948425,
                    362.369567155838
                ],
                [
                    231.73409700393677,
                    361.440509557724
                ],
                [
                    231.59772157669067,
                    500.5130171775818
                ],
                [
                    272.0538377761841,
                    489.8810684680939
                ],
                [
                    270.55349946022034,
                    362.2463643550873
                ],
                [
                    277.7831554412842,
                    361.3163232803345
                ],
                [
                    279.7296643257141,
                    499.0648329257965
                ],
                [
                    252.3118555545807,
                    426.99193954467773
                ]
            ],
            "provenance": "visii",
            "quaternion_xyzw": [
                0.0035462677478790283,
                0.9930519461631775,
                -0.10117089748382568,
                -0.05999816954135895
            ],
            "quaternion_xyzw_world": [
                0.5188854336738586,
                0.5753373503684998,
                0.4777127206325531,
                0.4141682982444763
            ],
            "segmentation_id": 9,
            "visibility": 1
        },
        {
            "bounding_box_minx_maxx_miny_maxy": [
                212,
                409,
                134,
                337
            ],
            "class": "Ecoforms",
            "local_cuboid": null,
            "local_to_world_matrix": [
                [
                    0.594247579574585,
                    0.7486065626144409,
                    0.2940372824668884,
                    0.0
                ],
                [
                    0.46749529242515564,
                    -0.02401292324066162,
                    -0.883669376373291,
                    0.0
                ],
                [
                    -0.6544600129127502,
                    0.6625794172286987,
                    -0.3642396926879883,
                    0.0
                ],
                [
                    0.7616011500358582,
                    -0.1416447013616562,
                    0.0731150358915329,
                    1.0
                ]
            ],
            "location": [
                0.1416447013616562,
                0.0731150358915329,
                -0.7616011500358582
            ],
            "location_world": [
                0.7616011500358582,
                -0.1416447013616562,
                0.0731150358915329
            ],
            "name": "google_Ecoforms_Plant_Container_Quadra_Sand_QP6_9",
            "projected_cuboid": [
                [
                    210.4564905166626,
                    137.45661079883575
                ],
                [
                    218.79172325134277,
                    285.5513393878937
                ],
                [
                    300.9132742881775,
                    238.05458843708038
                ],
                [
                    303.2008707523346,
                    105.61484098434448
                ],
                [
                    358.62627625465393,
                    175.71230232715607
                ],
                [
                    347.8313088417053,
                    344.69670057296753
                ],
                [
                    423.3577251434326,
                    281.32691979408264
                ],
                [
                    442.51304864883423,
                    132.03035295009613
                ],
                [
                    323.391318321228,
                    213.77354860305786
                ]
            ],
            "provenance": "visii",
            "quaternion_xyzw": [
                -0.34662753343582153,
                -0.2293889969587326,
                0.906467854976654,
                0.07447157800197601
            ],
            "quaternion_xyzw_world": [
                -0.7040064334869385,
                -0.4318504333496094,
                0.12798985838890076,
                0.5490890145301819
            ],
            "segmentation_id": 10,
            "visibility": 1
        },
        {
            "bounding_box_minx_maxx_miny_maxy": [
                -1,
                -1,
                -1,
                -1
            ],
            "class": "ReadytoUse",
            "local_cuboid": null,
            "local_to_world_matrix": [
                [
                    0.4837494492530823,
                    -0.19426512718200684,
                    0.8533742427825928,
                    0.0
                ],
                [
                    0.5310437679290771,
                    -0.7099020481109619,
                    -0.46263566613197327,
                    0.0
                ],
                [
                    0.6956859827041626,
                    0.6769788265228271,
                    -0.2402515411376953,
                    0.0
                ],
                [
                    0.35511481761932373,
                    0.3101907968521118,
                    -0.3876343369483948,
                    1.0
                ]
            ],
            "location": [
                -0.3101907968521118,
                -0.3876343369483948,
                -0.35511481761932373
            ],
            "location_world": [
                0.35511481761932373,
                0.3101907968521118,
                -0.3876343369483948
            ],
            "name": "google_ReadytoUse_Rolled_Fondant_Pure_White_24_oz_box_10",
            "projected_cuboid": [
                [
                    -281.08733892440796,
                    700.8349895477295
                ],
                [
                    -213.29069137573242,
                    704.6338319778442
                ],
                [
                    -176.6764521598816,
                    777.3112654685974
                ],
                [
                    -263.3203864097595,
                    777.4171829223633
                ],
                [
                    -387.0002031326294,
                    908.3645343780518
                ],
                [
                    -304.39138412475586,
                    900.7801413536072
                ],
                [
                    -292.9798364639282,
                    1054.0584325790405
                ],
                [
                    -405.6504964828491,
                    1077.284574508667
                ],
                [
                    -285.9547734260559,
                    845.4028367996216
                ]
            ],
            "provenance": "visii",
            "quaternion_xyzw": [
                0.7669072151184082,
                0.5096040964126587,
                -0.37837961316108704,
                -0.09479384124279022
            ],
            "quaternion_xyzw_world": [
                0.7800485491752625,
                0.10793515294790268,
                0.49646276235580444,
                -0.3652383089065552
            ],
            "segmentation_id": 11,
            "visibility": 0
        },
        {
            "bounding_box_minx_maxx_miny_maxy": [
                364,
                499,
                211,
                500
            ],
            "class": "Dog",
            "local_cuboid": null,
            "local_to_world_matrix": [
                [
                    -0.712653398513794,
                    0.3868445158004761,
                    -0.5852147936820984,
                    0.0
                ],
                [
                    -0.3405962586402893,
                    -0.9200942516326904,
                    -0.19344410300254822,
                    0.0
                ],
                [
                    -0.6132856011390686,
                    0.061463363468647,
                    0.7874661684036255,
                    0.0
                ],
                [
                    0.2678781747817993,
                    -0.12597474455833435,
                    -0.12498103082180023,
                    1.0
                ]
            ],
            "location": [
                0.12597474455833435,
                -0.12498103082180023,
                -0.2678781747817993
            ],
            "location_world": [
                0.2678781747817993,
                -0.12597474455833435,
                -0.12498103082180023
            ],
            "name": "google_Dog_11",
            "projected_cuboid": [
                [
                    138.1339132785797,
                    376.5244781970978
                ],
                [
                    3416.1298274993896,
                    1389.5844221115112
                ],
                [
                    912.2505784034729,
                    1095.6194400787354
                ],
                [
                    236.11199855804443,
                    745.1461553573608
                ],
                [
                    419.6590781211853,
                    -22.008150815963745
                ],
                [
                    1005.8000087738037,
                    1.0402053594589233
                ],
                [
                    737.6739978790283,
                    395.8877921104431
                ],
                [
                    384.5784664154053,
                    314.42388892173767
                ],
                [
                    601.9130945205688,
                    391.50306582450867
                ]
            ],
            "provenance": "visii",
            "quaternion_xyzw": [
                0.21983742713928223,
                0.38082635402679443,
                0.7405360341072083,
                -0.5081822872161865
            ],
            "quaternion_xyzw_world": [
                -0.32402727007865906,
                -0.03568238765001297,
                0.9246910214424133,
                0.19667130708694458
            ],
            "segmentation_id": 12,
            "visibility": 1
        },
        {
            "bounding_box_minx_maxx_miny_maxy": [
                -1,
                -1,
                -1,
                -1
            ],
            "class": "Black",
            "local_cuboid": null,
            "local_to_world_matrix": [
                [
                    0.25142472982406616,
                    0.9090272784233093,
                    0.33234766125679016,
                    0.0
                ],
                [
                    -0.9616811871528625,
                    0.19583559036254883,
                    0.19187909364700317,
                    0.0
                ],
                [
                    0.10933784395456314,
                    -0.36785566806793213,
                    0.9234324097633362,
                    0.0
                ],
                [
                    1.7224949598312378,
                    0.44492340087890625,
                    -0.08034598082304001,
                    1.0
                ]
            ],
            "location": [
                -0.44492340087890625,
                -0.08034598082304001,
                -1.7224949598312378
            ],
            "location_world": [
                1.7224949598312378,
                0.44492340087890625,
                -0.08034598082304001
            ],
            "name": "google_Black_Elderberry_Syrup_54_oz_Gaia_Herbs_12",
            "projected_cuboid": [
                [
                    109.92911458015442,
                    230.44060170650482
                ],
                [
                    101.22635960578918,
                    225.80812871456146
                ],
                [
                    80.9021145105362,
                    273.11986684799194
                ],
                [
                    90.34030139446259,
                    276.2649357318878
                ],
                [
                    126.59960985183716,
                    236.79384589195251
                ],
                [
                    118.37978661060333,
                    232.33433067798615
                ],
                [
                    98.04382920265198,
                    280.11032938957214
                ],
                [
                    107.00114071369171,
                    283.0534875392914
                ],
                [
                    104.13596034049988,
                    254.6507716178894
                ]
            ],
            "provenance": "visii",
            "quaternion_xyzw": [
                0.04591142758727074,
                0.7433444857597351,
                0.6339972615242004,
                0.20827502012252808
            ],
            "quaternion_xyzw_world": [
                0.1817668378353119,
                -0.07241963595151901,
                0.6074891090393066,
                0.7698526978492737
            ],
            "segmentation_id": 13,
            "visibility": 0
        },
        {
            "bounding_box_minx_maxx_miny_maxy": [
                49,
                118,
                94,
                154
            ],
