{
    "camera_data": {
        "camera_look_at": {
            "at": [
                1.0,
                0.0,
                0.0
            ],
            "eye": [
                0.0,
                0.0,
                0.0
            ],
            "up": [
                0.0,
                0.0,
                1.0
            ]
        },
        "camera_view_matrix": [
            [
                0.0,
                0.0,
                -1.0,
                0.0
            ],
            [
                -1.0,
                0.0,
                0.0,
                0.0
            ],
            [
                0.0,
                1.0,
                0.0,
                0.0
            ],
            [
                0.0,
                0.0,
                0.0,
                1.0
            ]
        ],
        "height": 500,
        "intrinsics": {
            "cx": 250.0,
            "cy": 250.0,
            "fx": 603.5535278320312,
            "fy": 603.5535278320312
        },
        "location_world": [
            0.0,
            0.0,
            0.0
        ],
        "quaternion_world_xyzw": [
            0.5,
            -0.5,
            -0.5,
            0.5
        ],
        "width": 500
    },
    "objects": [
        {
            "bounding_box_minx_maxx_miny_maxy": [
                432,
                447,
                90,
                97
            ],
            "class": "Reebok",
            "local_cuboid": null,
            "local_to_world_matrix": [
                [
                    0.23674458265304565,
                    0.7175408601760864,
                    0.6550474762916565,
                    0.0
                ],
                [
                    -0.7628350257873535,
                    -0.2802598476409912,
                    0.5826982855796814,
                    0.0
                ],
                [
                    0.601693332195282,
                    -0.6376437544822693,
                    0.4810152053833008,
                    0.0
                ],
                [
                    1.363898754119873,
                    -0.33583754301071167,
                    0.22764872014522552,
                    1.0
                ]
            ],
            "location": [
                0.33583754301071167,
                0.22764872014522552,
                -1.363898754119873
            ],
            "location_world": [
                1.363898754119873,
                -0.33583754301071167,
                0.22764872014522552
            ],
            "name": "google_Reebok_SOMERSET_RUN_0",
            "projected_cuboid": [
                [
                    377.1178424358368,
                    158.9554399251938
                ],
                [
                    435.4345202445984,
                    66.66849553585052
                ],
                [
                    410.3659391403198,
                    83.18124711513519
                ],
                [
                    353.07198762893677,
                    177.32222378253937
                ],
                [
                    411.2399220466614,
                    186.49378418922424
                ],
                [
                    476.56768560409546,
                    97.02010452747345
                ],
                [
                    453.2777667045593,
                    115.60039222240448
                ],
                [
                    388.3848786354065,
                    206.51191473007202
                ],
                [
                    410.84450483322144,
                    139.75608348846436
                ]
            ],
            "provenance": "visii",
            "quaternion_xyzw": [
                0.2745242416858673,
                0.8517529964447021,
                0.3650853633880615,
                0.25664377212524414
            ],
            "quaternion_xyzw_world": [
                0.5089178085327148,
                -0.02225021831691265,
                0.6173593997955322,
                0.5994789600372314
            ],
            "segmentation_id": 1,
            "visibility": 1
        },
        {
            "bounding_box_minx_maxx_miny_maxy": [
                -1,
                -1,
                -1,
                -1
            ],
            "class": "Breyer",
            "local_cuboid": null,
            "local_to_world_matrix": [
                [
                    0.46451592445373535,
                    -0.6659997701644897,
                    -0.5836687088012695,
                    0.0
                ],
                [
                    -0.19498422741889954,
                    -0.7198363542556763,
                    0.6661957502365112,
                    0.0
                ],
                [
                    -0.8638322353363037,
                    -0.1956523358821869,
                    -0.46423494815826416,
                    0.0
                ],
                [
                    0.884259819984436,
                    0.43446284532546997,
                    -0.5619997978210449,
                    1.0
                ]
            ],
            "location": [
                -0.43446284532546997,
                -0.5619997978210449,
                -0.884259819984436
            ],
            "location_world": [
                0.884259819984436,
                0.43446284532546997,
                -0.5619997978210449
            ],
            "name": "google_Breyer_Horse_Of_The_Year_2015_1",
            "projected_cuboid": [
                [
                    -5.091816186904907,
                    783.3614945411682
                ],
                [
                    22.668957710266113,
                    761.8520855903625
                ],
                [
                    35.538673400878906,
                    643.108069896698
                ],
                [
                    11.519476771354675,
                    663.0159020423889
                ],
                [
                    -176.11786723136902,
                    749.0155696868896
                ],
                [
                    -146.83029055595398,
                    723.6114740371704
                ],
                [
                    -105.08078336715698,
                    595.54123878479
                ],
                [
                    -130.29304146766663,
                    618.6469793319702
                ],
                [
                    -55.505335330963135,
                    688.6641979217529
                ]
            ],
            "provenance": "visii",
            "quaternion_xyzw": [
                0.18437182903289795,
                0.18463729321956635,
                -0.3645671010017395,
                0.8938718438148499
            ],
            "quaternion_xyzw_world": [
                0.8137240409851074,
                -0.26451966166496277,
                -0.4447149336338043,
                0.26478511095046997
            ],
            "segmentation_id": 2,
            "visibility": 0
        },
        {
            "bounding_box_minx_maxx_miny_maxy": [
                0,
                108,
                1,
                83
            ],
            "class": "Smith",
            "local_cuboid": null,
            "local_to_world_matrix": [
                [
                    0.4635962247848511,
                    -0.6960368156433105,
                    0.5482802391052246,
                    0.0
                ],
                [
                    0.748672604560852,
                    0.6386673450469971,
                    0.17774514853954315,
                    0.0
                ],
                [
                    -0.4738858640193939,
                    0.328080415725708,
                    0.817187488079071,
                    0.0
                ],
                [
                    1.4966336488723755,
                    0.49140921235084534,
                    0.4787093698978424,
                    1.0
                ]
            ],
            "location": [
                -0.49140921235084534,
                0.4787093698978424,
                -1.4966336488723755
            ],
            "location_world": [
                1.4966336488723755,
                0.49140921235084534,
                0.4787093698978424
            ],
            "name": "google_Smith_Hawken_Woven_BasketTray_Organizer_with_3_Compartments_95_x_9_x_13_2",
            "projected_cuboid": [
                [
                    84.94481444358826,
                    -94.77469325065613
                ],
                [
                    41.37849807739258,
                    -69.68194246292114
                ],
                [
                    89.00745213031769,
                    33.75096619129181
                ],
                [
                    135.0242793560028,
                    24.263933300971985
                ],
                [
                    -65.8869743347168,
                    -42.814284563064575
                ],
                [
                    -93.67072582244873,
                    -21.936774253845215
                ],
                [
                    -29.352933168411255,
                    88.93552422523499
                ],
                [
                    5.167454481124878,
                    86.33056282997131
                ],
                [
                    24.74430203437805,
                    1.9852668046951294
                ]
            ],
            "provenance": "visii",
            "quaternion_xyzw": [
                -0.5109808444976807,
                0.04422232508659363,
                0.38733187317848206,
                0.766105055809021
            ],
            "quaternion_xyzw_world": [
                -0.043992672115564346,
                -0.2991168797016144,
                -0.422765851020813,
                0.8543200492858887
            ],
            "segmentation_id": 3,
            "visibility": 1
        },
        {
            "bounding_box_minx_maxx_miny_maxy": [
                -1,
                -1,
                -1,
                -1
            ],
            "class": "Paul",
            "local_cuboid": null,
            "local_to_world_matrix": [
                [
                    -0.9719507694244385,
                    -0.2343084067106247,
                    0.020284142345190048,
                    0.0
                ],
                [
                    -0.20562438666820526,
                    0.8047577142715454,
                    -0.5568515062332153,
                    0.0
                ],
                [
                    0.11415116488933563,
                    -0.5454031229019165,
                    -0.8303643465042114,
                    0.0
                ],
                [
                    0.2821047008037567,
                    -0.380670964717865,
                    -0.10691064596176147,
                    1.0
                ]
            ],
            "location": [
                0.380670964717865,
                -0.10691064596176147,
                -0.2821047008037567
            ],
            "location_world": [
                0.2821047008037567,
                -0.380670964717865,
                -0.10691064596176147
            ],
            "name": "google_Paul_Frank_Dot_Lunch_Box_3",
            "projected_cuboid": [
                [
                    2085.862398147583,
                    1092.2603607177734
                ],
                [
                    2016.7582035064697,
                    1417.4731969833374
                ],
                [
                    1809.1739416122437,
                    818.5007572174072
                ],
                [
                    1917.358636856079,
                    521.691083908081
                ],
                [
                    951.5589475631714,
                    617.2882318496704
                ],
                [
                    864.8589849472046,
                    721.8018770217896
                ],
                [
                    714.076578617096,
                    461.38232946395874
                ],
                [
                    814.1872882843018,
                    364.0248775482178
                ],
                [
                    1158.8101387023926,
                    665.9132242202759
                ]
            ],
            "provenance": "visii",
            "quaternion_xyzw": [
                -0.6901650428771973,
                0.28416159749031067,
                -0.5496343970298767,
                -0.37526848912239075
            ],
            "quaternion_xyzw_world": [
                -0.11581875383853912,
                0.9496147632598877,
                -0.2901846766471863,
                0.024711869657039642
            ],
            "segmentation_id": 4,
            "visibility": 0
        },
        {
            "bounding_box_minx_maxx_miny_maxy": [
                71,
                114,
                69,
                136
            ],
            "class": "Toys",
            "local_cuboid": null,
            "local_to_world_matrix": [
                [
                    -0.8778089284896851,
                    0.23930135369300842,
                    -0.4149532914161682,
                    0.0
                ],
                [
                    0.47383132576942444,
                    0.5608355402946472,
                    -0.6789311170578003,
                    0.0
                ],
                [
                    0.07025142014026642,
                    -0.7925896644592285,
                    -0.6056948900222778,
                    0.0
                ],
                [
                    1.1162480115890503,
                    0.3134291470050812,
                    0.3038867115974426,
                    1.0
                ]
            ],
            "location": [
                -0.3134291470050812,
                0.3038867115974426,
                -1.1162480115890503
            ],
            "location_world": [
                1.1162480115890503,
                0.3134291470050812,
                0.3038867115974426
            ],
            "name": "google_Toys_R_Us_Treat_Dispenser_Smart_Puzzle_Foobler_4",
            "projected_cuboid": [
                [
                    151.33094787597656,
                    113.60378563404083
                ],
                [
                    110.34883558750153,
                    180.24465441703796
                ],
                [
                    41.29128158092499,
                    127.83840298652649
                ],
                [
                    77.73329317569733,
                    56.71080946922302
                ],
                [
                    182.18782544136047,
                    96.14601731300354
                ],
                [
                    143.8983678817749,
                    156.47076070308685
                ],
                [
                    82.82092213630676,
                    109.68559980392456
                ],
                [
                    117.58923530578613,
                    45.82156240940094
                ],
                [
                    114.05313014984131,
                    111.47181689739227
                ]
            ],
            "provenance": "visii",
            "quaternion_xyzw": [
                -0.6143860816955566,
                0.39705848693847656,
                -0.6797023415565491,
                -0.05365663766860962
            ],
            "quaternion_xyzw_world": [
                0.2043590247631073,
                0.872401773929596,
                -0.42168664932250977,
                0.13904279470443726
            ],
            "segmentation_id": 5,
            "visibility": 1
        },
        {
            "bounding_box_minx_maxx_miny_maxy": [
                -1,
                -1,
                -1,
                -1
            ],
            "class": "Tag",
            "local_cuboid": null,
            "local_to_world_matrix": [
                [
                    -0.8250796794891357,
                    -0.5628367066383362,
                    -0.04958149790763855,
                    0.0
                ],
                [
                    -0.26383596658706665,
                    0.3061891794204712,
                    0.9146795868873596,
                    0.0
                ],
                [
                    -0.49963393807411194,
                    0.7677649855613708,
                    -0.4011269807815552,
                    0.0
                ],
                [
                    0.31192776560783386,
                    0.13908274471759796,
                    -0.41842159628868103,
                    1.0
                ]
            ],
            "location": [
                -0.13908274471759796,
                -0.41842159628868103,
                -0.31192776560783386
            ],
            "location_world": [
                0.31192776560783386,
                0.13908274471759796,
                -0.41842159628868103
            ],
            "name": "google_Tag_Dishtowel_Basket_Weave_Red_18_x_26_5",
            "projected_cuboid": [
                [
                    55.42173981666565,
                    1535.3152751922607
                ],
                [
                    -228.74876856803894,
                    1279.0547609329224
                ],
                [
                    -112.7156913280487,
                    1154.158592224121
                ],
                [
                    127.12040543556213,
                    1422.219157218933
                ],
                [
                    -21.762341260910034,
                    1065.5523538589478
                ],
                [
                    -200.5418837070465,
                    830.7458162307739
                ],
                [
                    -132.31679797172546,
                    778.002142906189
                ],
                [
                    28.777629137039185,
                    1010.7600688934326
                ],
                [
                    -53.39375138282776,
                    1096.367359161377
                ]
            ],
            "provenance": "visii",
            "quaternion_xyzw": [
                -0.19269350171089172,
                0.46157580614089966,
                -0.0743599683046341,
                -0.8627210259437561
            ],
            "quaternion_xyzw_world": [
                -0.25973936915397644,
                0.7956751585006714,
                0.5286216735839844,
                -0.1414058357477188
            ],
            "segmentation_id": 6,
            "visibility": 0
        },
        {
            "bounding_box_minx_maxx_miny_maxy": [
                427,
                499,
                1,
                91
            ],
            "class": "FRACTION",
            "local_cuboid": null,
            "local_to_world_matrix": [
                [
                    -0.9506324529647827,
                    -0.3067769408226013,
                    0.046762555837631226,
                    0.0
                ],
                [
                    0.1748209297657013,
                    -0.4049259424209595,
                    0.8974815607070923,
                    0.0
                ],
                [
                    -0.2563912570476532,
                    0.8613498210906982,
                    0.4385661482810974,
                    0.0
                ],
                [
                    0.362366259098053,
                    -0.19938330352306366,
                    0.19224049150943756,
                    1.0
                ]
            ],
            "location": [
                0.19938330352306366,
                0.19224049150943756,
                -0.362366259098053
            ],
            "location_world": [
                0.362366259098053,
                -0.19938330352306366,
                0.19224049150943756
            ],
            "name": "google_FRACTION_FUN_n4h4qte23QR_6",
            "projected_cuboid": [
                [
                    610.7476353645325,
                    -63.74502182006836
                ],
                [
                    731.3201427459717,
                    -387.4574303627014
                ],
                [
                    790.0334000587463,
                    -324.0537643432617
                ],
                [
                    682.0081472396851,
                    -6.196796894073486
                ],
                [
                    389.3798291683197,
                    73.10947775840759
                ],
                [
                    481.6589951515198,
                    -141.09942317008972
                ],
                [
                    525.2817869186401,
                    -106.52396082878113
                ],
                [
                    438.7778639793396,
                    104.74514961242676
                ],
                [
                    555.3894639015198,
                    -91.45388007164001
                ]
            ],
            "provenance": "visii",
            "quaternion_xyzw": [
                0.19551491737365723,
                0.5775624513626099,
                0.11416316032409668,
                -0.78432297706604
            ],
            "quaternion_xyzw_world": [
                -0.06270437687635422,
                0.526103675365448,
                0.8357817530632019,
                -0.14405611157417297
            ],
            "segmentation_id": 7,
            "visibility": 1
        },
        {
            "bounding_box_minx_maxx_miny_maxy": [
                21,
                251,
                1,
                148
            ],
            "class": "FAIRY",
            "local_cuboid": null,
            "local_to_world_matrix": [
                [
                    -0.45927894115448,
                    -0.4492599070072174,
                    0.7663087844848633,
                    0.0
                ],
                [
                    0.5524395704269409,
                    -0.8200109004974365,
                    -0.1496448814868927,
                    0.0
                ],
                [
                    0.6956106424331665,
                    0.35461047291755676,
                    0.6248018741607666,
                    0.0
                ],
                [
                    0.435619980096817,
                    0.0320805124938488,
                    0.16338302195072174,
                    1.0
                ]
            ],
            "location": [
                -0.0320805124938488,
                0.16338302195072174,
                -0.435619980096817
            ],
            "location_world": [
                0.435619980096817,
                0.0320805124938488,
                0.16338302195072174
            ],
            "name": "google_FAIRY_TALE_BLOCKS_7",
            "projected_cuboid": [
                [
                    35.13513505458832,
                    -298.06530475616455
                ],
                [
                    303.14964056015015,
                    -126.37227773666382
                ],
                [
                    427.14548110961914,
                    -69.416344165802
                ],
                [
                    82.33238756656647,
                    -301.0907173156738
                ],
                [
                    -39.268702268600464,
                    10.052472352981567
                ],
                [
                    201.55219733715057,
                    92.03054010868073
                ],
                [
                    272.7108299732208,
                    197.47716188430786
                ],
                [
                    -32.44808316230774,
                    121.98399007320404
                ],
                [
                    166.0805344581604,
                    -24.93545413017273
                ]
            ],
            "provenance": "visii",
            "quaternion_xyzw": [
                0.7573829889297485,
                0.5236186981201172,
                0.0345492959022522,
                -0.38858866691589355
            ],
            "quaternion_xyzw_world": [
                0.4289318323135376,
                0.060137562453746796,
                0.8520697951316833,
                -0.29390180110931396
            ],
            "segmentation_id": 8,
            "visibility": 1
        },
        {
            "bounding_box_minx_maxx_miny_maxy": [
                275,
                330,
                468,
                500
            ],
            "class": "Great",
            "local_cuboid": null,
            "local_to_world_matrix": [
                [
                    -0.271730899810791,
                    0.5401210188865662,
                    0.7965124845504761,
                    0.0
                ],
                [
                    -0.7074249386787415,
                    -0.6732349395751953,
                    0.21518705785274506,
                    0.0
                ],
                [
                    0.6524667739868164,
                    -0.5049997568130493,
                    0.5650331974029541,
                    0.0
                ],
                [
                    0.7017844319343567,
                    -0.12276800721883774,
                    -0.2820563316345215,
                    1.0
                ]
            ],
            "location": [
                0.12276800721883774,
                -0.2820563316345215,
                -0.7017844319343567
            ],
            "location_world": [
                0.7017844319343567,
                -0.12276800721883774,
                -0.2820563316345215
            ],
            "name": "google_Great_Jones_Wingtip_kAqSg6EgG0I_8",
            "projected_cuboid": [
                [
                    281.24192357063293,
                    393.46516132354736
                ],
                [
                    486.7265522480011,
                    379.85068559646606
                ],
                [
                    457.0579528808594,
                    463.87094259262085
                ],
                [
                    240.6577318906784,
                    455.4857611656189
                ],
                [
                    320.41987776756287,
                    447.9749798774719
                ],
                [
                    529.4833183288574,
                    452.6386559009552
                ],
                [
                    506.5242052078247,
                    541.3771867752075
                ],
                [
                    284.8328948020935,
                    512.619137763977
                ],
                [
                    373.7068474292755,
                    454.1742205619812
                ]
            ],
            "provenance": "visii",
            "quaternion_xyzw": [
                0.4735923707485199,
                0.7758503556251526,
                0.41002053022384644,
                0.07516562938690186
            ],
            "quaternion_xyzw_world": [
                0.45729389786720276,
                -0.091464102268219,
                0.7921488285064697,
                0.3937220871448517
            ],
            "segmentation_id": 9,
            "visibility": 1
        },
        {
            "bounding_box_minx_maxx_miny_maxy": [
                -1,
                -1,
                -1,
                -1
            ],
            "class": "Ecoforms",
            "local_cuboid": null,
            "local_to_world_matrix": [
                [
                    0.47878068685531616,
                    -0.854081928730011,
                    -0.20325616002082825,
                    0.0
                ],
                [
                    0.7390021681785583,
                    0.2670767903327942,
                    0.6185027956962585,
                    0.0
                ],
                [
                    -0.4739671051502228,
                    -0.44633394479751587,
                    0.7590396404266357,
                    0.0
                ],
                [
                    0.5733387470245361,
                    -0.24198555946350098,
                    -0.13936889171600342,
                    1.0
                ]
            ],
            "location": [
                0.24198555946350098,
                -0.13936889171600342,
                -0.5733387470245361
            ],
            "location_world": [
                0.5733387470245361,
                -0.24198555946350098,
                -0.13936889171600342
            ],
            "name": "google_Ecoforms_Plant_Container_Quadra_Sand_QP6_9",
            "projected_cuboid": [
                [
                    795.6629395484924,
                    365.3581142425537
                ],
                [
                    619.518518447876,
                    222.2592532634735
                ],
                [
                    510.8116865158081,
                    337.5059962272644
                ],
                [
                    633.4705352783203,
                    489.286333322525
                ],
                [
                    667.5053238868713,
                    331.359326839447
                ],
                [
                    495.1314628124237,
                    172.30921983718872
                ],
                [
                    386.47162914276123,
                    311.79213523864746
                ],
                [
                    495.37768959999084,
                    485.9117865562439
                ],
                [
                    566.2789940834045,
                    335.33012866973877
                ]
            ],
            "provenance": "visii",
            "quaternion_xyzw": [
                -0.4363519251346588,
                0.2694688141345978,
                0.018589764833450317,
                0.8582761287689209
            ],
            "quaternion_xyzw_world": [
                0.33640164136886597,
                -0.0855225920677185,
                -0.503284752368927,
                0.7913433313369751
            ],
            "segmentation_id": 10,
            "visibility": 0
        },
        {
            "bounding_box_minx_maxx_miny_maxy": [
                -1,
                -1,
                -1,
                -1
            ],
            "class": "ReadytoUse",
            "local_cuboid": null,
            "local_to_world_matrix": [
                [
                    -0.649852991104126,
                    0.7468241453170776,
                    -0.14122651517391205,
                    0.0
                ],
                [
                    0.5075418949127197,
                    0.28808099031448364,
                    -0.8120409846305847,
                    0.0
                ],
                [
                    -0.5657671093940735,
                    -0.5993855595588684,
                    -0.5662548542022705,
                    0.0
                ],
                [
                    0.33270761370658875,
                    0.40285736322402954,
                    -0.3473668694496155,
                    1.0
                ]
            ],
            "location": [
                -0.40285736322402954,
                -0.3473668694496155,
                -0.33270761370658875
            ],
            "location_world": [
                0.33270761370658875,
                0.40285736322402954,
                -0.3473668694496155
            ],
            "name": "google_ReadytoUse_Rolled_Fondant_Pure_White_24_oz_box_10",
            "projected_cuboid": [
                [
                    -856.5616607666016,
                    1654.4820070266724
                ],
                [
                    -766.0088539123535,
                    1602.4693250656128
                ],
                [
                    -648.4876871109009,
                    991.8991923332214
                ],
                [
                    -697.8400945663452,
                    972.0346331596375
                ],
                [
                    -318.37761402130127,
                    1195.3825950622559
                ],
                [
                    -298.92605543136597,
                    1197.1287727355957
                ],
                [
                    -321.36309146881104,
                    812.5134110450745
                ],
                [
                    -337.2117877006531,
                    784.5865488052368
                ],
                [
                    -495.3806400299072,
                    1086.2760543823242
                ]
            ],
            "provenance": "visii",
            "quaternion_xyzw": [
                -0.35335880517959595,
                0.3037334680557251,
                -0.8838315010070801,
                -0.04153917729854584
            ],
            "quaternion_xyzw_world": [
                0.3963334858417511,
                0.7912314534187317,
                -0.44595882296562195,
                -0.13413919508457184
            ],
            "segmentation_id": 11,
            "visibility": 0
        },
        {
            "bounding_box_minx_maxx_miny_maxy": [
                159,
                191,
                497,
                500
            ],
            "class": "Dog",
            "local_cuboid": null,
            "local_to_world_matrix": [
                [
                    -0.22011351585388184,
                    0.7253683805465698,
                    0.6522199511528015,
                    0.0
                ],
                [
                    -0.6364784240722656,
                    0.399885892868042,
                    -0.6595351696014404,
                    0.0
                ],
                [
                    -0.7392194867134094,
                    -0.5602964162826538,
                    0.37366098165512085,
                    0.0
                ],
                [
                    0.5234845280647278,
                    0.05700680613517761,
                    -0.3519788980484009,
                    1.0
                ]
            ],
            "location": [
                -0.05700680613517761,
                -0.3519788980484009,
                -0.5234845280647278
            ],
            "location_world": [
                0.5234845280647278,
                0.05700680613517761,
                -0.3519788980484009
            ],
            "name": "google_Dog_11",
            "projected_cuboid": [
                [
                    258.4892213344574,
                    455.5288553237915
                ],
                [
                    107.30713605880737,
                    794.4027781486511
                ],
                [
                    1.400485634803772,
                    713.8835191726685
                ],
                [
                    135.10540127754211,
                    481.89085721969604
                ],
                [
                    478.3251881599426,
                    631.2291622161865
                ],
                [
                    425.9946942329407,
                    980.3821444511414
                ],
                [
                    235.1274937391281,
                    852.2365093231201
                ],
                [
                    311.99803948402405,
                    612.7616167068481
                ],
                [
                    245.7689344882965,
                    671.5327501296997
                ]
            ],
            "provenance": "visii",
            "quaternion_xyzw": [
                0.22076421976089478,
                0.28575068712234497,
                0.8837594389915466,
                0.2976222634315491
            ],
            "quaternion_xyzw_world": [
                -0.0398111566901207,
                -0.5581976175308228,
                0.5463260412216187,
                0.623184084892273
            ],
            "segmentation_id": 12,
            "visibility": 1
        },
        {
            "bounding_box_minx_maxx_miny_maxy": [
                128,
                143,
                325,
                336
            ],
            "class": "Black",
            "local_cuboid": null,
            "local_to_world_matrix": [
                [
                    0.8856890797615051,
                    0.4617149233818054,
                    -0.0487261563539505,
                    0.0
                ],
                [
                    0.21974283456802368,
                    -0.32443034648895264,
                    0.9200317859649658,
                    0.0
                ],
                [
                    0.40898406505584717,
                    -0.8255693912506104,
                    -0.38880300521850586,
                    0.0
                ],
                [
                    1.0377137660980225,
                    0.2111666351556778,
                    -0.15363025665283203,
                    1.0
                ]
            ],
            "location": [
                -0.2111666351556778,
                -0.15363025665283203,
                -1.0377137660980225
            ],
            "location_world": [
                1.0377137660980225,
                0.2111666351556778,
                -0.15363025665283203
            ],
            "name": "google_Black_Elderberry_Syrup_54_oz_Gaia_Herbs_12",
            "projected_cuboid": [
                [
                    188.27709555625916,
                    379.0730834007263
                ],
                [
                    199.23675060272217,
                    348.521888256073
                ],
                [
                    128.8152039051056,
                    322.15040922164917
                ],
                [
                    116.37444794178009,
                    354.09361124038696
                ],
                [
                    200.29085874557495,
                    383.6269974708557
                ],
                [
                    211.62018179893494,
                    351.5872061252594
                ],
                [
                    138.42259347438812,
                    324.0845501422882
                ],
                [
                    125.48002600669861,
                    357.65957832336426
                ],
                [
                    164.48205709457397,
                    352.82766819000244
                ]
            ],
            "provenance": "visii",
            "quaternion_xyzw": [
                0.0825190395116806,
                0.8352741003036499,
                -0.1821395307779312,
                0.5121847987174988
            ],
            "quaternion_xyzw_world": [
                0.8060587048530579,
                0.21135488152503967,
                0.11173439770936966,
                0.541400134563446
            ],
            "segmentation_id": 13,
            "visibility": 1
        },
        {
            "bounding_box_minx_maxx_miny_maxy": [
                0,
                11,
                83,
                92
            ],
            "class": "Razer",
