{
    "camera_data": {
        "camera_look_at": {
            "at": [
                1.0,
                0.0,
                0.0
            ],
            "eye": [
                0.0,
                0.0,
                0.0
            ],
            "up": [
                0.0,
                0.0,
                1.0
            ]
        },
        "camera_view_matrix": [
            [
                0.0,
                0.0,
                -1.0,
                0.0
            ],
            [
                -1.0,
                0.0,
                0.0,
                0.0
            ],
            [
                0.0,
                1.0,
                0.0,
                0.0
            ],
            [
                0.0,
                0.0,
                0.0,
                1.0
            ]
        ],
        "height": 500,
        "intrinsics": {
            "cx": 250.0,
            "cy": 250.0,
            "fx": 603.5535278320312,
            "fy": 603.5535278320312
        },
        "location_world": [
            0.0,
            0.0,
            0.0
        ],
        "quaternion_world_xyzw": [
            0.5,
            -0.5,
            -0.5,
            0.5
        ],
        "width": 500
    },
    "objects": [
        {
            "bounding_box_minx_maxx_miny_maxy": [
                470,
                499,
                94,
                145
            ],
            "class": "Reebok",
            "local_cuboid": null,
            "local_to_world_matrix": [
                [
                    -0.603787899017334,
                    0.04659166932106018,
                    0.7957826852798462,
                    0.0
                ],
                [
                    -0.37046125531196594,
                    -0.9003372192382812,
                    -0.22836855053901672,
                    0.0
                ],
                [
                    0.7058323621749878,
                    -0.43269267678260803,
                    0.5608724355697632,
                    0.0
                ],
                [
                    1.1831599473953247,
                    -0.5753830671310425,
                    0.23524916172027588,
                    1.0
                ]
            ],
            "location": [
                0.5753830671310425,
                0.23524916172027588,
                -1.1831599473953247
            ],
            "location_world": [
                1.1831599473953247,
                -0.5753830671310425,
                0.23524916172027588
            ],
            "name": "google_Reebok_SOMERSET_RUN_0",
            "projected_cuboid": [
                [
                    480.66139221191406,
                    72.17562198638916
                ],
                [
                    637.0494961738586,
                    90.07011353969574
                ],
                [
                    638.326108455658,
                    113.99690806865692
                ],
                [
                    471.1722731590271,
                    92.72786974906921
                ],
                [
                    471.39185667037964,
                    121.1850643157959
                ],
                [
                    618.4121370315552,
                    142.36804842948914
                ],
                [
                    618.30073595047,
                    168.5778945684433
                ],
                [
                    461.81392669677734,
                    143.79456639289856
                ],
                [
                    546.0455417633057,
                    117.97048151493073
                ]
            ],
            "provenance": "visii",
            "quaternion_xyzw": [
                0.6869515180587769,
                0.6172632575035095,
                0.3772028684616089,
                -0.06929582357406616
            ],
            "quaternion_xyzw_world": [
                0.42885804176330566,
                -0.18879766762256622,
                0.8753567337989807,
                0.11910941451787949
            ],
            "segmentation_id": 1,
            "visibility": 1
        },
        {
            "bounding_box_minx_maxx_miny_maxy": [
                -1,
                -1,
                -1,
                -1
            ],
            "class": "Breyer",
            "local_cuboid": null,
            "local_to_world_matrix": [
                [
                    0.9830899238586426,
                    0.0422326922416687,
                    -0.17818695306777954,
                    0.0
                ],
                [
                    -0.13416069746017456,
                    -0.4961814880371094,
                    -0.8577907085418701,
                    0.0
                ],
                [
                    -0.12463986873626709,
                    0.8671910762786865,
                    -0.48212504386901855,
                    0.0
                ],
                [
                    0.6997667551040649,
                    0.37256327271461487,
                    -0.4793529808521271,
                    1.0
                ]
            ],
            "location": [
                -0.37256327271461487,
                -0.4793529808521271,
                -0.6997667551040649
            ],
            "location_world": [
                0.6997667551040649,
                0.37256327271461487,
                -0.4793529808521271
            ],
            "name": "google_Breyer_Horse_Of_The_Year_2015_1",
            "projected_cuboid": [
                [
                    -143.99224519729614,
                    669.1247820854187
                ],
                [
                    -126.00836157798767,
                    710.9791040420532
                ],
                [
                    -18.193840980529785,
                    645.1016664505005
                ],
                [
                    -36.7780327796936,
                    604.8476099967957
                ],
                [
                    -290.30030965805054,
                    792.2444343566895
                ],
                [
                    -267.07780361175537,
                    852.6543974876404
                ],
                [
                    -112.62086033821106,
                    756.4603686332703
                ],
                [
                    -137.11649179458618,
                    699.2632150650024
                ],
                [
                    -130.75700402259827,
                    705.9707045555115
                ]
            ],
            "provenance": "visii",
            "quaternion_xyzw": [
                -0.6501765251159668,
                -0.12227238714694977,
                0.7114533185958862,
                -0.23696862161159515
            ],
            "quaternion_xyzw_world": [
                -0.860435426235199,
                0.02670973353087902,
                0.08798650652170181,
                0.501194417476654
            ],
            "segmentation_id": 2,
            "visibility": 0
        },
        {
            "bounding_box_minx_maxx_miny_maxy": [
                3,
                149,
                50,
                188
            ],
            "class": "Smith",
            "local_cuboid": null,
            "local_to_world_matrix": [
                [
                    -0.4657324552536011,
                    0.5022162795066833,
                    0.7286097407341003,
                    0.0
                ],
                [
                    -0.5075040459632874,
                    -0.8260831832885742,
                    0.2450025975704193,
                    0.0
                ],
                [
                    0.7249365448951721,
                    -0.2556667625904083,
                    0.6396104693412781,
                    0.0
                ],
                [
                    1.584460735321045,
                    0.4951951205730438,
                    0.29305964708328247,
                    1.0
                ]
            ],
            "location": [
                -0.4951951205730438,
                0.29305964708328247,
                -1.584460735321045
            ],
            "location_world": [
                1.584460735321045,
                0.4951951205730438,
                0.29305964708328247
            ],
            "name": "google_Smith_Hawken_Woven_BasketTray_Organizer_with_3_Compartments_95_x_9_x_13_2",
            "projected_cuboid": [
                [
                    35.84551811218262,
                    56.664928793907166
                ],
                [
                    97.38904237747192,
                    17.836838960647583
                ],
                [
                    47.817155718803406,
                    58.57612192630768
                ],
                [
                    -17.244279384613037,
                    98.83458912372589
                ],
                [
                    111.15148663520813,
                    155.70080280303955
                ],
                [
                    172.4170297384262,
                    127.69116461277008
                ],
                [
                    137.147456407547,
                    177.50424146652222
                ],
                [
                    71.6586709022522,
                    204.90755140781403
                ],
                [
                    84.12691950798035,
                    114.25797641277313
                ]
            ],
            "provenance": "visii",
            "quaternion_xyzw": [
                0.4943980276584625,
                0.7861544489860535,
                0.36478662490844727,
                -0.06680163741111755
            ],
            "quaternion_xyzw_world": [
                0.4244821071624756,
                -0.0031142758671194315,
                0.8560703992843628,
                0.2948707044124603
            ],
            "segmentation_id": 3,
            "visibility": 1
        },
        {
            "bounding_box_minx_maxx_miny_maxy": [
                -1,
                -1,
                -1,
                -1
            ],
            "class": "Paul",
            "local_cuboid": null,
            "local_to_world_matrix": [
                [
                    0.3453407883644104,
                    0.03451056778430939,
                    -0.9378425478935242,
                    0.0
                ],
                [
                    0.4375036358833313,
                    0.8781690001487732,
                    0.19341620802879333,
                    0.0
                ],
                [
                    0.8302591443061829,
                    -0.4771040380001068,
                    0.28816908597946167,
                    0.0
                ],
                [
                    0.14765393733978271,
                    -0.2507088780403137,
                    -0.21848607063293457,
                    1.0
                ]
            ],
            "location": [
                0.2507088780403137,
                -0.21848607063293457,
                -0.14765393733978271
            ],
            "location_world": [
                0.14765393733978271,
                -0.2507088780403137,
                -0.21848607063293457
            ],
            "name": "google_Paul_Frank_Dot_Lunch_Box_3",
            "projected_cuboid": [
                [
                    923.343300819397,
                    726.5034914016724
                ],
                [
                    706.0292959213257,
                    640.7995223999023
                ],
                [
                    803.0313849449158,
                    1174.0272045135498
                ],
                [
                    1294.1043376922607,
                    1505.4501295089722
                ],
                [
                    1169.3192720413208,
                    336.72502636909485
                ],
                [
                    853.485643863678,
                    284.3204140663147
                ],
                [
                    1246.204137802124,
                    657.3720574378967
                ],
                [
                    2570.953130722046,
                    1061.9349479675293
                ],
                [
                    1006.6051483154297,
                    708.6753249168396
                ]
            ],
            "provenance": "visii",
            "quaternion_xyzw": [
                -0.6329163312911987,
                0.7173188924789429,
                -0.052046097815036774,
                0.28663843870162964
            ],
            "quaternion_xyzw_world": [
                0.21154357492923737,
                0.5578214526176453,
                -0.12714096903800964,
                0.7924138307571411
            ],
            "segmentation_id": 4,
            "visibility": 0
        },
        {
            "bounding_box_minx_maxx_miny_maxy": [
                -1,
                -1,
                -1,
                -1
            ],
            "class": "Toys",
            "local_cuboid": null,
            "local_to_world_matrix": [
                [
                    0.6273239254951477,
                    0.7671698331832886,
                    0.13384771347045898,
                    0.0
                ],
                [
                    -0.21301540732383728,
                    0.33435821533203125,
                    -0.9180572628974915,
                    0.0
                ],
                [
                    -0.7490588426589966,
                    0.5474076867103577,
                    0.3731698989868164,
                    0.0
                ],
                [
                    0.9214930534362793,
                    0.5029854774475098,
                    0.09281674027442932,
                    1.0
                ]
            ],
            "location": [
                -0.5029854774475098,
                0.09281674027442932,
                -0.9214930534362793
            ],
            "location_world": [
                0.9214930534362793,
                0.5029854774475098,
                0.09281674027442932
            ],
            "name": "google_Toys_R_Us_Treat_Dispenser_Smart_Puzzle_Foobler_4",
            "projected_cuboid": [
                [
                    -179.78057265281677,
                    89.9789035320282
                ],
                [
                    -233.6118221282959,
                    185.40248274803162
                ],
                [
                    -122.15375900268555,
                    229.43183779716492
                ],
                [
                    -78.29976081848145,
                    143.66468787193298
                ],
                [
                    -141.13777875900269,
                    86.06287837028503
                ],
                [
                    -200.30605792999268,
                    193.80177557468414
                ],
                [
                    -80.68791031837463,
                    241.69301986694336
                ],
                [
                    -33.57645869255066,
                    146.11375331878662
                ],
                [
                    -130.66130876541138,
                    165.18208384513855
                ]
            ],
            "provenance": "visii",
            "quaternion_xyzw": [
                -0.3169497847557068,
                0.1581563800573349,
                0.9265913367271423,
                0.1263248175382614
            ],
            "quaternion_xyzw_world": [
                -0.4795299470424652,
                -0.28890499472618103,
                0.3207365572452545,
                0.7640111446380615
            ],
            "segmentation_id": 5,
            "visibility": 0
        },
        {
            "bounding_box_minx_maxx_miny_maxy": [
                -1,
                -1,
                -1,
                -1
            ],
            "class": "Tag",
            "local_cuboid": null,
            "local_to_world_matrix": [
                [
                    0.10910505056381226,
                    0.9245539903640747,
                    0.36509713530540466,
                    0.0
                ],
                [
                    0.14456161856651306,
                    0.34862685203552246,
                    -0.9260460138320923,
                    0.0
                ],
                [
                    -0.9834622144699097,
                    0.15381529927253723,
                    -0.09561800956726074,
                    0.0
                ],
                [
                    0.1882331222295761,
                    0.3133220970630646,
                    -0.3742959201335907,
                    1.0
                ]
            ],
            "location": [
                -0.3133220970630646,
                -0.3742959201335907,
                -0.1882331222295761
            ],
            "location_world": [
                0.1882331222295761,
                0.3133220970630646,
                -0.3742959201335907
            ],
            "name": "google_Tag_Dishtowel_Basket_Weave_Red_18_x_26_5",
            "projected_cuboid": [
                [
                    -1220.4020023345947,
                    1233.5822582244873
                ],
                [
                    -1217.6218032836914,
                    1772.784948348999
                ],
                [
                    -967.8512811660767,
                    1519.904613494873
                ],
                [
                    -923.5384464263916,
                    1035.8507633209229
                ],
                [
                    -689.9319291114807,
                    1670.7642078399658
                ],
                [
                    -797.4851131439209,
                    2180.8910369873047
                ],
                [
                    -597.543478012085,
                    1832.5202465057373
                ],
                [
                    -471.1821675300598,
                    1357.8770160675049
                ],
                [
                    -864.0478849411011,
                    1576.2512683868408
                ]
            ],
            "provenance": "visii",
            "quaternion_xyzw": [
                -0.06713742017745972,
                -0.06133054196834564,
                0.9790381193161011,
                0.18225131928920746
            ],
            "quaternion_xyzw_world": [
                -0.4626273512840271,
                -0.577741265296936,
                0.33415940403938293,
                0.5835481286048889
            ],
            "segmentation_id": 6,
            "visibility": 0
        },
        {
            "bounding_box_minx_maxx_miny_maxy": [
                -1,
                -1,
                -1,
                -1
            ],
            "class": "FRACTION",
            "local_cuboid": null,
            "local_to_world_matrix": [
                [
                    0.43140506744384766,
                    0.05931477248668671,
                    0.9002063274383545,
                    0.0
                ],
                [
                    0.30876433849334717,
                    -0.947283148765564,
                    -0.08555218577384949,
                    0.0
                ],
                [
                    0.8476758003234863,
                    0.3148592710494995,
                    -0.4269770383834839,
                    0.0
                ],
                [
                    0.41929078102111816,
                    -0.23464559018611908,
                    0.4801788330078125,
                    1.0
                ]
            ],
            "location": [
                0.23464559018611908,
                0.4801788330078125,
                -0.41929078102111816
            ],
            "location_world": [
                0.41929078102111816,
                -0.23464559018611908,
                0.4801788330078125
            ],
            "name": "google_FRACTION_FUN_n4h4qte23QR_6",
            "projected_cuboid": [
                [
                    413.69619965553284,
                    -461.8355631828308
                ],
                [
                    602.053165435791,
                    -363.7436628341675
                ],
                [
                    646.0399031639099,
                    -433.8001012802124
                ],
                [
                    447.3462402820587,
                    -549.9643683433533
                ],
                [
                    461.57360076904297,
                    -355.5554151535034
                ],
                [
                    675.4763126373291,
                    -254.76908683776855
                ],
                [
                    734.1939210891724,
                    -327.86858081817627
                ],
                [
                    507.48753547668457,
                    -451.3928294181824
                ],
                [
                    564.0090703964233,
                    -399.0052342414856
                ]
            ],
            "provenance": "visii",
            "quaternion_xyzw": [
                0.6844547986984253,
                0.6748033761978149,
                -0.2725762128829956,
                0.043177664279937744
            ],
            "quaternion_xyzw_world": [
                0.8375059962272644,
                0.10987357795238495,
                0.521752119064331,
                -0.11952494829893112
            ],
            "segmentation_id": 7,
            "visibility": 0
        },
        {
            "bounding_box_minx_maxx_miny_maxy": [
                66,
                405,
                1,
                147
            ],
            "class": "FAIRY",
            "local_cuboid": null,
            "local_to_world_matrix": [
                [
                    -0.1840975284576416,
                    -0.9116314649581909,
                    -0.3674727976322174,
                    0.0
                ],
                [
                    0.9607938528060913,
                    -0.08804726600646973,
                    -0.26291221380233765,
                    0.0
                ],
                [
                    0.2073240578174591,
                    -0.40146708488464355,
                    0.892099142074585,
                    0.0
                ],
                [
                    0.34308159351348877,
                    0.04771077632904053,
                    0.14032502472400665,
                    1.0
                ]
            ],
            "location": [
                -0.04771077632904053,
                0.14032502472400665,
                -0.34308159351348877
            ],
            "location_world": [
                0.34308159351348877,
                0.04771077632904053,
                0.14032502472400665
            ],
            "name": "google_FAIRY_TALE_BLOCKS_7",
            "projected_cuboid": [
                [
                    612.8899455070496,
                    -579.0900588035583
                ],
                [
                    454.25015687942505,
                    -66.29016995429993
                ],
                [
                    354.5525074005127,
                    169.46858167648315
                ],
                [
                    419.58367824554443,
                    -154.99308705329895
                ],
                [
                    76.03517174720764,
                    -639.2605900764465
                ],
                [
                    184.28945541381836,
                    -141.4068341255188
                ],
                [
                    68.4870034456253,
                    65.50243496894836
                ],
                [
                    -184.45193767547607,
                    -307.94650316238403
                ],
                [
                    246.25816941261292,
                    -144.98502016067505
                ]
            ],
            "provenance": "visii",
            "quaternion_xyzw": [
                -0.7716650366783142,
                0.09052681922912598,
                -0.18970812857151031,
                0.6002905964851379
            ],
            "quaternion_xyzw_world": [
                0.054430264979600906,
                0.22580470144748688,
                -0.7355684638023376,
                0.6363871693611145
            ],
            "segmentation_id": 8,
            "visibility": 1
        },
        {
            "bounding_box_minx_maxx_miny_maxy": [
                -1,
                -1,
                -1,
                -1
            ],
            "class": "Great",
            "local_cuboid": null,
            "local_to_world_matrix": [
                [
                    -0.8609462976455688,
                    0.11586026847362518,
                    0.4953267276287079,
                    0.0
                ],
                [
                    0.049510564655065536,
                    0.9881795644760132,
                    -0.14508575201034546,
                    0.0
                ],
                [
                    -0.5062814354896545,
                    -0.1003870815038681,
                    -0.8565058708190918,
                    0.0
                ],
                [
                    0.44975584745407104,
                    -0.3638056516647339,
                    -0.4718576669692993,
                    1.0
                ]
            ],
            "location": [
                0.3638056516647339,
                -0.4718576669692993,
                -0.44975584745407104
            ],
            "location_world": [
                0.44975584745407104,
                -0.3638056516647339,
                -0.4718576669692993
            ],
            "name": "google_Great_Jones_Wingtip_kAqSg6EgG0I_8",
            "projected_cuboid": [
                [
                    1187.8108978271484,
                    1180.7767152786255
                ],
                [
                    618.0464029312134,
                    1217.5443172454834
                ],
                [
                    549.4838953018188,
                    937.9905462265015
                ],
                [
                    1033.326506614685,
                    895.6384062767029
                ],
                [
                    998.0692267417908,
                    1051.5187978744507
                ],
                [
                    556.704044342041,
                    1084.8817825317383
                ],
                [
                    508.12339782714844,
                    873.4187483787537
                ],
                [
                    896.082878112793,
                    837.3094201087952
                ],
                [
                    779.8342704772949,
                    996.2878227233887
                ]
            ],
            "provenance": "visii",
            "quaternion_xyzw": [
                -0.3615744113922119,
                0.3407686948776245,
                -0.6646855473518372,
                -0.5579730272293091
            ],
            "quaternion_xyzw_world": [
                0.04295342415571213,
                0.9625008702278137,
                -0.06375911831855774,
                -0.2601577341556549
            ],
            "segmentation_id": 9,
            "visibility": 0
        },
        {
            "bounding_box_minx_maxx_miny_maxy": [
                315,
                499,
                248,
                500
            ],
            "class": "Ecoforms",
            "local_cuboid": null,
            "local_to_world_matrix": [
                [
                    0.877191960811615,
                    -0.4091527760028839,
                    0.2512534260749817,
                    0.0
                ],
                [
                    0.2989369332790375,
                    0.05590212345123291,
                    -0.9526340961456299,
                    0.0
                ],
                [
                    0.37572723627090454,
                    0.9107519388198853,
                    0.17134779691696167,
                    0.0
                ],
                [
                    0.5251930952072144,
                    -0.2513916790485382,
                    -0.13750790059566498,
                    1.0
                ]
            ],
            "location": [
                0.2513916790485382,
                -0.13750790059566498,
                -0.5251930952072144
            ],
            "location_world": [
                0.5251930952072144,
                -0.2513916790485382,
                -0.13750790059566498
            ],
            "name": "google_Ecoforms_Plant_Container_Quadra_Sand_QP6_9",
            "projected_cuboid": [
                [
                    383.3276033401489,
                    244.5494681596756
                ],
                [
                    363.3471429347992,
                    401.08737349510193
                ],
                [
                    520.036518573761,
                    443.4651732444763
                ],
                [
                    557.5478076934814,
                    273.9945352077484
                ],
                [
                    331.3996493816376,
                    303.2173216342926
                ],
                [
                    310.69761514663696,
                    502.51078605651855
                ],
                [
                    515.9575939178467,
                    573.606014251709
                ],
                [
                    568.0664777755737,
                    353.55186462402344
                ],
                [
                    439.3123984336853,
                    383.44839215278625
                ]
            ],
            "provenance": "visii",
            "quaternion_xyzw": [
                -0.8272718191146851,
                -0.059034764766693115,
                0.5403133630752563,
                0.14211918413639069
            ],
            "quaternion_xyzw_world": [
                -0.6422503590583801,
                0.042902205139398575,
                -0.24405616521835327,
                0.7253347635269165
            ],
            "segmentation_id": 10,
            "visibility": 1
        },
        {
            "bounding_box_minx_maxx_miny_maxy": [
                -1,
                -1,
                -1,
                -1
            ],
            "class": "ReadytoUse",
            "local_cuboid": null,
            "local_to_world_matrix": [
                [
                    0.2348601222038269,
                    0.19834750890731812,
                    0.9515773057937622,
                    0.0
                ],
                [
                    0.27495792508125305,
                    0.9254206418991089,
                    -0.26075825095176697,
                    0.0
                ],
                [
                    -0.9323300123214722,
                    0.3228854238986969,
                    0.1628071665763855,
                    0.0
                ],
                [
                    0.40587282180786133,
                    0.2930426299571991,
                    -0.3565099835395813,
                    1.0
                ]
            ],
            "location": [
                -0.2930426299571991,
                -0.3565099835395813,
                -0.40587282180786133
            ],
            "location_world": [
                0.40587282180786133,
                0.2930426299571991,
                -0.3565099835395813
            ],
            "name": "google_ReadytoUse_Rolled_Fondant_Pure_White_24_oz_box_10",
            "projected_cuboid": [
                [
                    -543.6896681785583,
                    874.4369745254517
                ],
                [
                    -605.6956648826599,
                    871.8292117118835
                ],
                [
                    -213.47177028656006,
                    681.5839409828186
                ],
                [
                    -162.237286567688,
                    676.9829392433167
                ],
                [
                    -579.3569087982178,
                    1260.0159645080566
                ],
                [
                    -646.7158794403076,
                    1235.4917526245117
                ],
                [
                    -210.1532518863678,
                    888.0162239074707
                ],
                [
                    -154.99699115753174,
                    890.3201222419739
                ],
                [
                    -340.68816900253296,
                    882.7018141746521
                ]
            ],
            "provenance": "visii",
            "quaternion_xyzw": [
                -0.1803337037563324,
                -0.0362611785531044,
                0.7732133865356445,
                0.6068822741508484
            ],
            "quaternion_xyzw_world": [
                -0.19146300852298737,
                -0.6180115938186646,
                -0.02513187751173973,
                0.7620841264724731
            ],
            "segmentation_id": 11,
            "visibility": 0
        },
        {
            "bounding_box_minx_maxx_miny_maxy": [
                -1,
                -1,
                -1,
                -1
            ],
            "class": "Dog",
            "local_cuboid": null,
            "local_to_world_matrix": [
                [
                    0.28680139780044556,
                    -0.9534286856651306,
                    -0.09337438642978668,
                    0.0
                ],
                [
                    -0.957212507724762,
                    -0.28913044929504395,
                    0.012159809470176697,
                    0.0
                ],
                [
                    -0.03859088942408562,
                    0.08589168637990952,
                    -0.9955568313598633,
                    0.0
                ],
                [
                    0.26545485854148865,
                    0.14823345839977264,
                    -0.3494648337364197,
                    1.0
                ]
            ],
            "location": [
                -0.14823345839977264,
                -0.3494648337364197,
                -0.26545485854148865
            ],
            "location_world": [
                0.26545485854148865,
                0.14823345839977264,
                -0.3494648337364197
            ],
            "name": "google_Dog_11",
            "projected_cuboid": [
                [
                    124.3065744638443,
                    1138.911485671997
                ],
                [
                    174.21600222587585,
                    1915.8110618591309
                ],
                [
                    226.23242437839508,
                    1284.0349674224854
                ],
                [
                    153.4237563610077,
                    812.6766681671143
                ],
                [
                    -327.86381244659424,
                    1285.7551574707031
                ],
                [
                    -847.7380275726318,
                    2636.953353881836
                ],
                [
                    -716.7052030563354,
                    1673.0343103408813
                ],
                [
                    -281.9015383720398,
                    888.4758949279785
                ],
                [
                    -105.82312941551208,
                    1285.0658893585205
                ]
            ],
            "provenance": "visii",
            "quaternion_xyzw": [
                0.689687967300415,
                0.0709581971168518,
                -0.13509482145309448,
                0.707845151424408
            ],
            "quaternion_xyzw_world": [
                0.801793098449707,
                -0.5957400798797607,
                -0.04114692658185959,
                -0.022989682853221893
            ],
            "segmentation_id": 12,
            "visibility": 0
        },
        {
            "bounding_box_minx_maxx_miny_maxy": [
                -1,
                -1,
                -1,
                -1
            ],
            "class": "Black",
            "local_cuboid": null,
            "local_to_world_matrix": [
                [
                    -0.967353105545044,
                    -0.08427154272794724,
                    0.23901239037513733,
                    0.0
                ],
                [
                    -0.006495848298072815,
                    -0.9345422983169556,
                    -0.35579368472099304,
                    0.0
                ],
                [
                    0.2533503770828247,
                    -0.34573057293891907,
                    0.9034843444824219,
                    0.0
                ],
                [
                    0.30962058901786804,
                    -0.008515417575836182,
                    -0.5226175785064697,
                    1.0
                ]
            ],
            "location": [
                0.008515417575836182,
                -0.5226175785064697,
                -0.30962058901786804
            ],
            "location_world": [
                0.30962058901786804,
                -0.008515417575836182,
                -0.5226175785064697
            ],
            "name": "google_Black_Elderberry_Syrup_54_oz_Gaia_Herbs_12",
            "projected_cuboid": [
                [
                    313.3590817451477,
                    957.9769968986511
                ],
                [
                    418.0494248867035,
                    998.6580610275269
                ],
                [
                    332.5328230857849,
                    1377.0791292190552
                ],
                [
                    214.3210917711258,
                    1330.5836915969849
                ],
                [
                    296.23764753341675,
                    875.4472732543945
                ],
                [
                    385.4341506958008,
                    910.0297689437866
                ],
                [
                    310.38111448287964,
                    1216.742753982544
                ],
                [
                    211.5534543991089,
                    1178.044080734253
                ],
                [
                    311.82900071144104,
                    1090.9333229064941
                ]
            ],
            "provenance": "visii",
            "quaternion_xyzw": [
                0.650656521320343,
                0.4509117007255554,
                0.5045225024223328,
                -0.34464752674102783
            ],
            "quaternion_xyzw_world": [
                0.12619908154010773,
                -0.17980992794036865,
                0.9753691554069519,
                -0.019934937357902527
            ],
            "segmentation_id": 13,
            "visibility": 0
        },
        {
            "bounding_box_minx_maxx_miny_maxy": [
                0,
                44,
                23,
                57
