{
    "camera_data": {
        "camera_look_at": {
            "at": [
                1.0,
                0.0,
                0.0
            ],
            "eye": [
                0.0,
                0.0,
                0.0
            ],
            "up": [
                0.0,
                0.0,
                1.0
            ]
        },
        "camera_view_matrix": [
            [
                0.0,
                0.0,
                -1.0,
                0.0
            ],
            [
                -1.0,
                0.0,
                0.0,
                0.0
            ],
            [
                0.0,
                1.0,
                0.0,
                0.0
            ],
            [
                0.0,
                0.0,
                0.0,
                1.0
            ]
        ],
        "height": 500,
        "intrinsics": {
            "cx": 250.0,
            "cy": 250.0,
            "fx": 603.5535278320312,
            "fy": 603.5535278320312
        },
        "location_world": [
            0.0,
            0.0,
            0.0
        ],
        "quaternion_world_xyzw": [
            0.5,
            -0.5,
            -0.5,
            0.5
        ],
        "width": 500
    },
    "objects": [
        {
            "bounding_box_minx_maxx_miny_maxy": [
                -1,
                -1,
                -1,
                -1
            ],
            "class": "Reebok",
            "local_cuboid": null,
            "local_to_world_matrix": [
                [
                    -0.8490636348724365,
                    -0.4897102117538452,
                    0.19817906618118286,
                    0.0
                ],
                [
                    0.4314512610435486,
                    -0.4263056516647339,
                    0.7950555682182312,
                    0.0
                ],
                [
                    -0.30486196279525757,
                    0.7605573534965515,
                    0.5732466578483582,
                    0.0
                ],
                [
                    1.275619387626648,
                    -0.42532333731651306,
                    0.2342582494020462,
                    1.0
                ]
            ],
            "location": [
                0.42532333731651306,
                0.2342582494020462,
                -1.275619387626648
            ],
            "location_world": [
                1.275619387626648,
                -0.42532333731651306,
                0.2342582494020462
            ],
            "name": "google_Reebok_SOMERSET_RUN_0",
            "projected_cuboid": [
                [
                    411.59743070602417,
                    145.46656608581543
                ],
                [
                    455.3225040435791,
                    44.122517108917236
                ],
                [
                    490.97874760627747,
                    80.88576793670654
                ],
                [
                    452.4484872817993,
                    183.13561379909515
                ],
                [
                    371.7246949672699,
                    164.6641194820404
                ],
                [
                    416.07457399368286,
                    68.71329247951508
                ],
                [
                    450.26856660842896,
                    102.3082286119461
                ],
                [
                    410.5895757675171,
                    198.9300698041916
                ],
                [
                    432.9119324684143,
                    121.67887389659882
                ]
            ],
            "provenance": "visii",
            "quaternion_xyzw": [
                0.31216689944267273,
                0.5001208186149597,
                0.07088056951761246,
                -0.8046159744262695
            ],
            "quaternion_xyzw_world": [
                -0.031604427844285965,
                0.4608446955680847,
                0.8438921570777893,
                -0.27289074659347534
            ],
            "segmentation_id": 1,
            "visibility": 0
        },
        {
            "bounding_box_minx_maxx_miny_maxy": [
                -1,
                -1,
                -1,
                -1
            ],
            "class": "Breyer",
            "local_cuboid": null,
            "local_to_world_matrix": [
                [
                    0.402641236782074,
                    -0.8484324216842651,
                    0.3435730040073395,
                    0.0
                ],
                [
                    -0.8307585716247559,
                    -0.18111002445220947,
                    0.5263451337814331,
                    0.0
                ],
                [
                    -0.3843437731266022,
                    -0.49735450744628906,
                    -0.7777649164199829,
                    0.0
                ],
                [
                    0.8827412724494934,
                    0.4642796814441681,
                    -0.4590213894844055,
                    1.0
                ]
            ],
            "location": [
                -0.4642796814441681,
                -0.4590213894844055,
                -0.8827412724494934
            ],
            "location_world": [
                0.8827412724494934,
                0.4642796814441681,
                -0.4590213894844055
            ],
            "name": "google_Breyer_Horse_Of_The_Year_2015_1",
            "projected_cuboid": [
                [
                    51.39487981796265,
                    622.9085922241211
                ],
                [
                    47.57876694202423,
                    622.3684549331665
                ],
                [
                    9.758055210113525,
                    518.1926488876343
                ],
                [
                    15.24817943572998,
                    523.9626169204712
                ],
                [
                    -120.37360668182373,
                    726.6336679458618
                ],
                [
                    -135.65903902053833,
                    732.6658964157104
                ],
                [
                    -164.48023915290833,
                    608.4449291229248
                ],
                [
                    -148.63216876983643,
                    609.7866296768188
                ],
                [
                    -51.320672035217285,
                    616.0266399383545
                ]
            ],
            "provenance": "visii",
            "quaternion_xyzw": [
                0.48418575525283813,
                0.27091002464294434,
                0.04890337586402893,
                0.8305301666259766
            ],
            "quaternion_xyzw_world": [
                0.7683612704277039,
                -0.5463546514511108,
                -0.013265490531921387,
                0.33307889103889465
            ],
            "segmentation_id": 2,
            "visibility": 0
        },
        {
            "bounding_box_minx_maxx_miny_maxy": [
                0,
                125,
                1,
                117
            ],
            "class": "Smith",
            "local_cuboid": null,
            "local_to_world_matrix": [
                [
                    -0.5514363050460815,
                    -0.8251834511756897,
                    0.12243528664112091,
                    0.0
                ],
                [
                    0.741976797580719,
                    -0.41806912422180176,
                    0.5241076350212097,
                    0.0
                ],
                [
                    -0.3812985420227051,
                    0.37985605001449585,
                    0.8428053259849548,
                    0.0
                ],
                [
                    1.5163825750350952,
                    0.4912746250629425,
                    0.39278626441955566,
                    1.0
                ]
            ],
            "location": [
                -0.4912746250629425,
                0.39278626441955566,
                -1.5163825750350952
            ],
            "location_world": [
                1.5163825750350952,
                0.4912746250629425,
                0.39278626441955566
            ],
            "name": "google_Smith_Hawken_Woven_BasketTray_Organizer_with_3_Compartments_95_x_9_x_13_2",
            "projected_cuboid": [
                [
                    2.4800151586532593,
                    -34.00537371635437
                ],
                [
                    82.17568695545197,
                    -53.30893397331238
                ],
                [
                    134.33463871479034,
                    57.73578584194183
                ],
                [
                    68.37508082389832,
                    91.6123241186142
                ],
                [
                    -89.60488438606262,
                    24.703487753868103
                ],
                [
                    -8.82825255393982,
                    0.8115768432617188
                ],
                [
                    42.71632432937622,
                    95.69403529167175
                ],
                [
                    -26.127636432647705,
                    129.90790605545044
                ],
                [
                    25.982409715652466,
                    41.75326228141785
                ]
            ],
            "provenance": "visii",
            "quaternion_xyzw": [
                0.4795251488685608,
                0.28179144859313965,
                0.08945319056510925,
                -0.8262248039245605
            ],
            "quaternion_xyzw_world": [
                -0.07718070596456528,
                0.26951897144317627,
                0.8384972810745239,
                -0.467252641916275
            ],
            "segmentation_id": 3,
            "visibility": 1
        },
        {
            "bounding_box_minx_maxx_miny_maxy": [
                -1,
                -1,
                -1,
                -1
            ],
            "class": "Paul",
            "local_cuboid": null,
            "local_to_world_matrix": [
                [
                    -0.5883446931838989,
                    -0.025323182344436646,
                    -0.8082135915756226,
                    0.0
                ],
                [
                    0.7634973526000977,
                    0.3117870092391968,
                    -0.5655621886253357,
                    0.0
                ],
                [
                    0.26631227135658264,
                    -0.94981449842453,
                    -0.16410398483276367,
                    0.0
                ],
                [
                    0.23718491196632385,
                    -0.3317534923553467,
                    -0.1361020803451538,
                    1.0
                ]
            ],
            "location": [
                0.3317534923553467,
                -0.1361020803451538,
                -0.23718491196632385
            ],
            "location_world": [
                0.23718491196632385,
                -0.3317534923553467,
                -0.1361020803451538
            ],
            "name": "google_Paul_Frank_Dot_Lunch_Box_3",
            "projected_cuboid": [
                [
                    2168.7839031219482,
                    1089.9102687835693
                ],
                [
                    1488.855481147766,
                    966.5557146072388
                ],
                [
                    1207.3965072631836,
                    1072.7145671844482
                ],
                [
                    2046.5588569641113,
                    1334.5502614974976
                ],
                [
                    1269.027829170227,
                    317.72950291633606
                ],
                [
                    1019.1974639892578,
                    392.620325088501
                ],
                [
                    778.7963151931763,
                    352.7745306491852
                ],
                [
                    1012.627363204956,
                    248.92635643482208
                ],
                [
                    1245.9437847137451,
                    600.5112528800964
                ]
            ],
            "provenance": "visii",
            "quaternion_xyzw": [
                -0.6813951730728149,
                0.41092175245285034,
                -0.5643417835235596,
                0.21991398930549622
            ],
            "quaternion_xyzw_world": [
                0.2568911910057068,
                0.7183724045753479,
                -0.5273646116256714,
                0.37394458055496216
            ],
            "segmentation_id": 4,
            "visibility": 0
        },
        {
            "bounding_box_minx_maxx_miny_maxy": [
                -1,
                -1,
                -1,
                -1
            ],
            "class": "Toys",
            "local_cuboid": null,
            "local_to_world_matrix": [
                [
                    0.6301876306533813,
                    0.602220356464386,
                    0.4900963306427002,
                    0.0
                ],
                [
                    0.11260183155536652,
                    0.5536495447158813,
                    -0.8251019716262817,
                    0.0
                ],
                [
                    -0.7682347297668457,
                    0.5751549005508423,
                    0.28109192848205566,
                    0.0
                ],
                [
                    1.028970718383789,
                    0.4738033711910248,
                    0.21858668327331543,
                    1.0
                ]
            ],
            "location": [
                -0.4738033711910248,
                0.21858668327331543,
                -1.028970718383789
            ],
            "location_world": [
                1.028970718383789,
                0.4738033711910248,
                0.21858668327331543
            ],
            "name": "google_Toys_R_Us_Treat_Dispenser_Smart_Puzzle_Foobler_4",
            "projected_cuboid": [
                [
                    -109.15112495422363,
                    19.603028893470764
                ],
                [
                    -155.82478046417236,
                    102.86024212837219
                ],
                [
                    -62.75251507759094,
                    142.79130101203918
                ],
                [
                    -19.71706748008728,
                    69.36249136924744
                ],
                [
                    -84.29577946662903,
                    46.89902067184448
                ],
                [
                    -136.68876886367798,
                    138.93327116966248
                ],
                [
                    -36.72108054161072,
                    178.50100994110107
                ],
                [
                    11.09759509563446,
                    98.34007918834686
                ],
                [
                    -72.23197817802429,
                    100.5966067314148
                ]
            ],
            "provenance": "visii",
            "quaternion_xyzw": [
                -0.3371376395225525,
                0.04712720960378647,
                0.8938060998916626,
                0.2919386625289917
            ],
            "quaternion_xyzw_world": [
                -0.44593894481658936,
                -0.4007399380207062,
                0.15592850744724274,
                0.7850047945976257
            ],
            "segmentation_id": 5,
            "visibility": 0
        },
        {
            "bounding_box_minx_maxx_miny_maxy": [
                -1,
                -1,
                -1,
                -1
            ],
            "class": "Tag",
            "local_cuboid": null,
            "local_to_world_matrix": [
                [
                    -0.305222749710083,
                    -0.5509161949157715,
                    0.776743471622467,
                    0.0
                ],
                [
                    0.8217782974243164,
                    0.25975704193115234,
                    0.5071556568145752,
                    0.0
                ],
                [
                    -0.4811648726463318,
                    0.7931063175201416,
                    0.3734471797943115,
                    0.0
                ],
                [
                    0.2606290280818939,
                    0.18943259119987488,
                    -0.40852850675582886,
                    1.0
                ]
            ],
            "location": [
                -0.18943259119987488,
                -0.40852850675582886,
                -0.2606290280818939
            ],
            "location_world": [
                0.2606290280818939,
                0.18943259119987488,
                -0.40852850675582886
            ],
            "name": "google_Tag_Dishtowel_Basket_Weave_Red_18_x_26_5",
            "projected_cuboid": [
                [
                    -441.6646957397461,
                    2171.1158752441406
                ],
                [
                    -135.78879833221436,
                    770.4882621765137
                ],
                [
                    -65.6973123550415,
                    767.8456902503967
                ],
                [
                    -237.96892166137695,
                    1995.6614971160889
                ],
                [
                    -560.5410933494568,
                    2055.9935569763184
                ],
                [
                    -235.94558238983154,
                    915.0371551513672
                ],
                [
                    -171.00122570991516,
                    906.4146876335144
                ],
                [
                    -401.9354581832886,
                    1938.48717212677
                ],
                [
                    -236.50246858596802,
                    1212.4756574630737
                ]
            ],
            "provenance": "visii",
            "quaternion_xyzw": [
                -0.37503188848495483,
                -0.3446282744407654,
                0.3252280354499817,
                0.7967491149902344
            ],
            "quaternion_xyzw_world": [
                -0.12406954169273376,
                -0.5457867383956909,
                -0.5955906510353088,
                0.5761904120445251
            ],
            "segmentation_id": 6,
            "visibility": 0
        },
        {
            "bounding_box_minx_maxx_miny_maxy": [
                -1,
                -1,
                -1,
                -1
            ],
            "class": "FRACTION",
            "local_cuboid": null,
            "local_to_world_matrix": [
                [
                    0.2648047208786011,
                    -0.14414256811141968,
                    -0.9534680843353271,
                    0.0
                ],
                [
                    -0.6450690031051636,
                    0.7084783315658569,
                    -0.2862594425678253,
                    0.0
                ],
                [
                    0.7167736291885376,
                    0.6908555030822754,
                    0.0946265459060669,
                    0.0
                ],
                [
                    0.4728875458240509,
                    -0.3136458992958069,
                    0.3796216547489166,
                    1.0
                ]
            ],
            "location": [
                0.3136458992958069,
                0.3796216547489166,
                -0.4728875458240509
            ],
            "location_world": [
                0.4728875458240509,
                -0.3136458992958069,
                0.3796216547489166
            ],
            "name": "google_FRACTION_FUN_n4h4qte23QR_6",
            "projected_cuboid": [
                [
                    622.3371028900146,
                    -85.76345443725586
                ],
                [
                    546.3331937789917,
                    -103.53255271911621
                ],
                [
                    609.6819639205933,
                    -123.28994274139404
                ],
                [
                    676.0926842689514,
                    -100.1920998096466
                ],
                [
                    626.0857582092285,
                    -300.48978328704834
                ],
                [
                    542.7767038345337,
                    -382.59559869766235
                ],
                [
                    613.3998036384583,
                    -427.2477626800537
                ],
                [
                    684.9552989006042,
                    -329.42676544189453
                ],
                [
                    618.7821626663208,
                    -221.59311175346375
                ]
            ],
            "provenance": "visii",
            "quaternion_xyzw": [
                -0.7326622009277344,
                0.5670916438102722,
                0.3260917067527771,
                -0.18782271444797516
            ],
            "quaternion_xyzw_world": [
                -0.339742511510849,
                0.5807424187660217,
                0.17417192459106445,
                0.7190114259719849
            ],
            "segmentation_id": 7,
            "visibility": 0
        },
        {
            "bounding_box_minx_maxx_miny_maxy": [
                0,
                382,
                1,
                74
            ],
            "class": "FAIRY",
            "local_cuboid": null,
            "local_to_world_matrix": [
                [
                    -0.5842865705490112,
                    -0.8092448711395264,
                    0.06109589710831642,
                    0.0
                ],
                [
                    0.8108720779418945,
                    -0.5852149724960327,
                    0.003264293074607849,
                    0.0
                ],
                [
                    0.03311259672045708,
                    0.05144822597503662,
                    0.9981265664100647,
                    0.0
                ],
                [
                    0.3941458761692047,
                    0.05757822096347809,
                    0.16650108993053436,
                    1.0
                ]
            ],
            "location": [
                -0.05757822096347809,
                0.16650108993053436,
                -0.3941458761692047
            ],
            "location_world": [
                0.3941458761692047,
                0.05757822096347809,
                0.16650108993053436
            ],
            "name": "google_FAIRY_TALE_BLOCKS_7",
            "projected_cuboid": [
                [
                    125.07568299770355,
                    -831.0275077819824
                ],
                [
                    401.2334644794464,
                    -299.6174097061157
                ],
                [
                    419.9942946434021,
                    4.338398575782776
                ],
                [
                    153.1480848789215,
                    -240.0381863117218
                ],
                [
                    -156.05425834655762,
                    -378.6385655403137
                ],
                [
                    155.31021356582642,
                    -146.97405695915222
                ],
                [
                    166.16946458816528,
                    82.25080370903015
                ],
                [
                    -145.10130882263184,
                    -16.819357872009277
                ],
                [
                    154.72835302352905,
                    -172.01948165893555
                ]
            ],
            "provenance": "visii",
            "quaternion_xyzw": [
                0.6780658960342407,
                0.23829194903373718,
                0.19645512104034424,
                -0.6669701337814331
            ],
            "quaternion_xyzw_world": [
                0.026466283947229385,
                0.015370558016002178,
                0.8898915648460388,
                -0.4551444947719574
            ],
            "segmentation_id": 8,
            "visibility": 1
        },
        {
            "bounding_box_minx_maxx_miny_maxy": [
                -1,
                -1,
                -1,
                -1
            ],
            "class": "Great",
            "local_cuboid": null,
            "local_to_world_matrix": [
                [
                    -0.6336541175842285,
                    -0.2290259748697281,
                    0.7389380931854248,
                    0.0
                ],
                [
                    -0.5749917030334473,
                    0.7784497737884521,
                    -0.25179457664489746,
                    0.0
                ],
                [
                    -0.5175586938858032,
                    -0.5844339728355408,
                    -0.6249558925628662,
                    0.0
                ],
                [
                    0.401678204536438,
                    -0.22104543447494507,
                    -0.28512993454933167,
                    1.0
                ]
            ],
            "location": [
                0.22104543447494507,
                -0.28512993454933167,
                -0.401678204536438
            ],
            "location_world": [
                0.401678204536438,
                -0.22104543447494507,
                -0.28512993454933167
            ],
            "name": "google_Great_Jones_Wingtip_kAqSg6EgG0I_8",
            "projected_cuboid": [
                [
                    890.6130194664001,
                    668.980598449707
                ],
                [
                    745.3050017356873,
                    1231.4934730529785
                ],
                [
                    495.01994252204895,
                    867.7584528923035
                ],
                [
                    720.0061082839966,
                    520.8748579025269
                ],
                [
                    761.2204551696777,
                    711.9008898735046
                ],
                [
                    570.9373950958252,
                    1163.6340618133545
                ],
                [
                    401.0099470615387,
                    885.2298855781555
                ],
                [
                    627.90846824646,
                    578.8195729255676
                ],
                [
                    662.2668504714966,
                    769.8371410369873
                ]
            ],
            "provenance": "visii",
            "quaternion_xyzw": [
                -0.49072951078414917,
                0.020129024982452393,
                -0.6205495595932007,
                -0.6113079786300659
            ],
            "quaternion_xyzw_world": [
                -0.2306794673204422,
                0.8713580965995789,
                -0.23992103338241577,
                -0.3604995608329773
            ],
            "segmentation_id": 9,
            "visibility": 0
        },
        {
            "bounding_box_minx_maxx_miny_maxy": [
                442,
                499,
                246,
                446
            ],
            "class": "Ecoforms",
            "local_cuboid": null,
            "local_to_world_matrix": [
                [
                    -0.16228842735290527,
                    -0.9806452989578247,
                    -0.10953434556722641,
                    0.0
                ],
                [
                    0.9485840797424316,
                    -0.18561995029449463,
                    0.25638625025749207,
                    0.0
                ],
                [
                    -0.2717556357383728,
                    -0.062294043600559235,
                    0.9603480100631714,
                    0.0
                ],
                [
                    0.557199239730835,
                    -0.2609407901763916,
                    -0.15429063141345978,
                    1.0
                ]
            ],
            "location": [
                0.2609407901763916,
                -0.15429063141345978,
                -0.557199239730835
            ],
            "location_world": [
                0.557199239730835,
                -0.2609407901763916,
                -0.15429063141345978
            ],
            "name": "google_Ecoforms_Plant_Container_Quadra_Sand_QP6_9",
            "projected_cuboid": [
                [
                    766.1497592926025,
                    290.54516553878784
                ],
                [
                    643.6754465103149,
                    227.87649929523468
                ],
                [
                    605.1198244094849,
                    384.04789566993713
                ],
                [
                    699.7760534286499,
                    502.7308464050293
                ],
                [
                    471.64231538772583,
                    258.8599622249603
                ],
                [
                    441.379576921463,
                    208.58988165855408
                ],
                [
                    418.59784722328186,
                    358.81540179252625
                ],
                [
                    437.472403049469,
                    460.46775579452515
                ],
                [
                    550.5752563476562,
                    332.8908681869507
                ]
            ],
            "provenance": "visii",
            "quaternion_xyzw": [
                -0.6025992631912231,
                -0.03156551718711853,
                -0.09317232668399811,
                0.7919576168060303
            ],
            "quaternion_xyzw_world": [
                0.12548255920410156,
                -0.06387575715780258,
                -0.7596473693847656,
                0.6349095106124878
            ],
            "segmentation_id": 10,
            "visibility": 1
        },
        {
            "bounding_box_minx_maxx_miny_maxy": [
                -1,
                -1,
                -1,
                -1
            ],
            "class": "ReadytoUse",
            "local_cuboid": null,
            "local_to_world_matrix": [
                [
                    -0.4079028367996216,
                    -0.45952850580215454,
                    -0.7889542579650879,
                    0.0
                ],
                [
                    -0.90321284532547,
                    0.3294384479522705,
                    0.2750941216945648,
                    0.0
                ],
                [
                    0.13349828124046326,
                    0.8248052597045898,
                    -0.5494309663772583,
                    0.0
                ],
                [
                    0.34313276410102844,
                    0.4007739722728729,
                    -0.3444713056087494,
                    1.0
                ]
            ],
            "location": [
                -0.4007739722728729,
                -0.3444713056087494,
                -0.34313276410102844
            ],
            "location_world": [
                0.34313276410102844,
                0.4007739722728729,
                -0.3444713056087494
            ],
            "name": "google_ReadytoUse_Rolled_Fondant_Pure_White_24_oz_box_10",
            "projected_cuboid": [
                [
                    -587.6076221466064,
                    1067.3037767410278
                ],
                [
                    -734.8433136940002,
                    1155.4821729660034
                ],
                [
                    -526.2721180915833,
                    1035.504937171936
                ],
                [
                    -396.4734077453613,
                    957.1266174316406
                ],
                [
                    -568.6484575271606,
                    828.6488056182861
                ],
                [
                    -693.7633156776428,
                    876.2023448944092
                ],
                [
                    -512.4484896659851,
                    755.2614212036133
                ],
                [
                    -400.7300138473511,
                    718.7149524688721
                ],
                [
                    -550.9424805641174,
                    915.0791168212891
                ]
            ],
            "provenance": "visii",
            "quaternion_xyzw": [
                -0.574006199836731,
                0.4870994985103607,
                0.18157576024532318,
                -0.6326776742935181
            ],
            "quaternion_xyzw_world": [
                -0.45058009028434753,
                0.7561038732528687,
                0.3636733889579773,
                0.3050019145011902
            ],
            "segmentation_id": 11,
            "visibility": 0
        },
        {
            "bounding_box_minx_maxx_miny_maxy": [
                143,
                246,
                463,
                500
            ],
            "class": "Dog",
            "local_cuboid": null,
            "local_to_world_matrix": [
                [
                    -0.31547868251800537,
                    0.32588890194892883,
                    0.8912181258201599,
                    0.0
                ],
                [
                    -0.5633439421653748,
                    0.6914528608322144,
                    -0.4522572159767151,
                    0.0
                ],
                [
                    -0.763620913028717,
                    -0.6447398066520691,
                    -0.034551143646240234,
                    0.0
                ],
                [
                    0.47898000478744507,
                    0.07978266477584839,
                    -0.2899351119995117,
                    1.0
                ]
            ],
            "location": [
                -0.07978266477584839,
                -0.2899351119995117,
                -0.47898000478744507
            ],
            "location_world": [
                0.47898000478744507,
                0.07978266477584839,
                -0.2899351119995117
            ],
            "name": "google_Dog_11",
            "projected_cuboid": [
                [
                    380.9124231338501,
                    514.0994787216187
                ],
                [
                    110.71497201919556,
                    845.7633852958679
                ],
                [
                    -34.19041633605957,
                    601.9482016563416
                ],
                [
                    183.50836634635925,
                    424.28725957870483
                ],
                [
                    467.83459186553955,
                    768.3807015419006
                ],
                [
                    290.8676266670227,
                    1107.755422592163
                ],
                [
                    109.58699882030487,
                    816.2808418273926
                ],
                [
                    272.5854218006134,
                    621.9117641448975
                ],
                [
                    224.9080240726471,
                    687.8451108932495
                ]
            ],
            "provenance": "visii",
            "quaternion_xyzw": [
                0.3011425733566284,
                0.16583938896656036,
                0.7971460223197937,
                0.49635544419288635
            ],
            "quaternion_xyzw_world": [
                0.08309569209814072,
                -0.7144023180007935,
                0.38388627767562866,
                0.5790991187095642
            ],
            "segmentation_id": 12,
            "visibility": 1
        },
        {
            "bounding_box_minx_maxx_miny_maxy": [
                -1,
                -1,
                -1,
                -1
            ],
            "class": "Black",
            "local_cuboid": null,
            "local_to_world_matrix": [
                [
                    -0.546359658241272,
                    -0.295477032661438,
                    0.7836992144584656,
                    0.0
                ],
                [
                    0.5915200710296631,
                    -0.7985718250274658,
                    0.11129654943943024,
                    0.0
                ],
                [
                    0.5929545760154724,
                    0.5243817567825317,
                    0.6110880970954895,
                    0.0
                ],
                [
                    0.8438704013824463,
                    0.1315079629421234,
                    -0.2595725357532501,
                    1.0
                ]
            ],
            "location": [
                -0.1315079629421234,
                -0.2595725357532501,
                -0.8438704013824463
            ],
            "location_world": [
                0.8438704013824463,
                0.1315079629421234,
                -0.2595725357532501
            ],
            "name": "google_Black_Elderberry_Syrup_54_oz_Gaia_Herbs_12",
            "projected_cuboid": [
                [
                    100.0809371471405,
                    352.1604537963867
                ],
                [
                    136.26840710639954,
                    344.068706035614
                ],
                [
                    178.99805307388306,
                    416.9166386127472
                ],
                [
                    140.8124566078186,
                    429.00732159614563
                ],
                [
                    94.14489567279816,
                    377.8424859046936
                ],
                [
                    129.37486171722412,
                    369.08090114593506
                ],
                [
                    169.9073314666748,
                    441.7899250984192
                ],
                [
                    132.7599585056305,
                    454.4648826122284
                ],
                [
                    134.60293412208557,
                    396.4730501174927
                ]
            ],
            "provenance": "visii",
            "quaternion_xyzw": [
                0.666546106338501,
                0.5934589505195618,
                0.008243218064308167,
                -0.45105960965156555
            ],
            "quaternion_xyzw_world": [
                0.4003511369228363,
                0.1848645955324173,
                0.8596539497375488,
                -0.2579517960548401
            ],
            "segmentation_id": 13,
            "visibility": 0
        },
        {
            "bounding_box_minx_maxx_miny_maxy": [
                -1,
                -1,
                -1,
                -1
            ],
            "class": "Razer",
