{
    "camera_data": {
        "camera_look_at": {
            "at": [
                1.0,
                0.0,
                0.0
            ],
            "eye": [
                0.0,
                0.0,
                0.0
            ],
            "up": [
                0.0,
                0.0,
                1.0
            ]
        },
        "camera_view_matrix": [
            [
                0.0,
                0.0,
                -1.0,
                0.0
            ],
            [
                -1.0,
                0.0,
                0.0,
                0.0
            ],
            [
                0.0,
                1.0,
                0.0,
                0.0
            ],
            [
                0.0,
                0.0,
                0.0,
                1.0
            ]
        ],
        "height": 500,
        "intrinsics": {
            "cx": 250.0,
            "cy": 250.0,
            "fx": 603.5535278320312,
            "fy": 603.5535278320312
        },
        "location_world": [
            0.0,
            0.0,
            0.0
        ],
        "quaternion_world_xyzw": [
            0.5,
            -0.5,
            -0.5,
            0.5
        ],
        "width": 500
    },
    "objects": [
        {
            "bounding_box_minx_maxx_miny_maxy": [
                449,
                499,
                130,
                186
            ],
            "class": "Reebok",
            "local_cuboid": null,
            "local_to_world_matrix": [
                [
                    0.7310422658920288,
                    0.6173781156539917,
                    0.2905536890029907,
                    0.0
                ],
                [
                    0.590336799621582,
                    -0.7858092784881592,
                    0.18440762162208557,
                    0.0
                ],
                [
                    0.34216904640197754,
                    0.03671478480100632,
                    -0.9389208555221558,
                    0.0
                ],
                [
                    1.237079381942749,
                    -0.475108802318573,
                    0.2362738847732544,
                    1.0
                ]
            ],
            "location": [
                0.475108802318573,
                0.2362738847732544,
                -1.237079381942749
            ],
            "location_world": [
                1.237079381942749,
                -0.475108802318573,
                0.2362738847732544
            ],
            "name": "google_Reebok_SOMERSET_RUN_0",
            "projected_cuboid": [
                [
                    407.29764103889465,
                    192.78377294540405
                ],
                [
                    486.77897453308105,
                    176.62927508354187
                ],
                [
                    495.5568313598633,
                    126.28215551376343
                ],
                [
                    414.6987795829773,
                    135.67738234996796
                ],
                [
                    455.1900029182434,
                    205.89956641197205
                ],
                [
                    533.3730578422546,
                    187.0225965976715
                ],
                [
                    544.1595315933228,
                    133.7575614452362
                ],
                [
                    464.8565649986267,
                    145.0156718492508
                ],
                [
                    477.1040678024292,
                    162.67743706703186
                ]
            ],
            "provenance": "visii",
            "quaternion_xyzw": [
                0.36755385994911194,
                0.732112467288971,
                -0.5222072005271912,
                0.23709726333618164
            ],
            "quaternion_xyzw_world": [
                0.9294853806495667,
                0.32483428716659546,
                0.17018093168735504,
                0.039724357426166534
            ],
            "segmentation_id": 1,
            "visibility": 1
        },
        {
            "bounding_box_minx_maxx_miny_maxy": [
                -1,
                -1,
                -1,
                -1
            ],
            "class": "Breyer",
            "local_cuboid": null,
            "local_to_world_matrix": [
                [
                    0.2578248977661133,
                    -0.7631306052207947,
                    0.5925860404968262,
                    0.0
                ],
                [
                    0.07168537378311157,
                    0.6267396211624146,
                    0.7759244441986084,
                    0.0
                ],
                [
                    -0.9635287523269653,
                    -0.15757295489311218,
                    0.2162942886352539,
                    0.0
                ],
                [
                    0.8301098346710205,
                    0.44407618045806885,
                    -0.4671468138694763,
                    1.0
                ]
            ],
            "location": [
                -0.44407618045806885,
                -0.4671468138694763,
                -0.8301098346710205
            ],
            "location_world": [
                0.8301098346710205,
                0.44407618045806885,
                -0.4671468138694763
            ],
            "name": "google_Breyer_Horse_Of_The_Year_2015_1",
            "projected_cuboid": [
                [
                    -18.558740615844727,
                    574.260950088501
                ],
                [
                    -47.51652479171753,
                    534.6130132675171
                ],
                [
                    -13.508766889572144,
                    509.1043710708618
                ],
                [
                    10.635599493980408,
                    541.8148040771484
                ],
                [
                    -206.52279257774353,
                    730.8033108711243
                ],
                [
                    -236.9268536567688,
                    686.5643262863159
                ],
                [
                    -165.59311747550964,
                    631.2429904937744
                ],
                [
                    -140.4353380203247,
                    667.0249700546265
                ],
                [
                    -96.54879570007324,
                    604.4853925704956
                ]
            ],
            "provenance": "visii",
            "quaternion_xyzw": [
                -0.0769374668598175,
                0.11097884178161621,
                0.32575827836990356,
                0.9357596039772034
            ],
            "quaternion_xyzw_world": [
                0.32202133536338806,
                -0.5368008017539978,
                -0.28797996044158936,
                0.7247170805931091
            ],
            "segmentation_id": 2,
            "visibility": 0
        },
        {
            "bounding_box_minx_maxx_miny_maxy": [
                0,
                116,
                7,
                126
            ],
            "class": "Smith",
            "local_cuboid": null,
            "local_to_world_matrix": [
                [
                    -0.8812845945358276,
                    -0.47258591651916504,
                    -3.086775541305542e-05,
                    0.0
                ],
                [
                    0.45314717292785645,
                    -0.8450534343719482,
                    0.2837997078895569,
                    0.0
                ],
                [
                    -0.1341458261013031,
                    0.25009429454803467,
                    0.9588835835456848,
                    0.0
                ],
                [
                    1.523666501045227,
                    0.4908953905105591,
                    0.352510929107666,
                    1.0
                ]
            ],
            "location": [
                -0.4908953905105591,
                0.352510929107666,
                -1.523666501045227
            ],
            "location_world": [
                1.523666501045227,
                0.4908953905105591,
                0.352510929107666
            ],
            "name": "google_Smith_Hawken_Woven_BasketTray_Organizer_with_3_Compartments_95_x_9_x_13_2",
            "projected_cuboid": [
                [
                    -27.401477098464966,
                    -22.49869704246521
                ],
                [
                    90.68243205547333,
                    -31.37841820716858
                ],
                [
                    123.2440322637558,
                    85.11441946029663
                ],
                [
                    11.330828070640564,
                    104.15945947170258
                ],
                [
                    -36.664724349975586,
                    32.07235038280487
                ],
                [
                    60.02305448055267,
                    21.113067865371704
                ],
                [
                    87.27085590362549,
                    115.23514986038208
                ],
                [
                    -5.3116679191589355,
                    132.71522521972656
                ],
                [
                    38.90089690685272,
                    57.1376234292984
                ]
            ],
            "provenance": "visii",
            "quaternion_xyzw": [
                0.5134783983230591,
                0.41142070293426514,
                0.3073110282421112,
                -0.687483012676239
            ],
            "quaternion_xyzw_world": [
                -0.034947436302900314,
                0.13905712962150574,
                0.959846556186676,
                -0.24111486971378326
            ],
            "segmentation_id": 3,
            "visibility": 1
        },
        {
            "bounding_box_minx_maxx_miny_maxy": [
                -1,
                -1,
                -1,
                -1
            ],
            "class": "Paul",
            "local_cuboid": null,
            "local_to_world_matrix": [
                [
                    -0.3163527250289917,
                    -0.030213743448257446,
                    -0.9481603503227234,
                    0.0
                ],
                [
                    0.8999789953231812,
                    0.3064499497413635,
                    -0.31004229187965393,
                    0.0
                ],
                [
                    0.29993122816085815,
                    -0.9514071941375732,
                    -0.06975460052490234,
                    0.0
                ],
                [
                    0.21213532984256744,
                    -0.3012608587741852,
                    -0.16517937183380127,
                    1.0
                ]
            ],
            "location": [
                0.3012608587741852,
                -0.16517937183380127,
                -0.21213532984256744
            ],
            "location_world": [
                0.21213532984256744,
                -0.3012608587741852,
                -0.16517937183380127
            ],
            "name": "google_Paul_Frank_Dot_Lunch_Box_3",
            "projected_cuboid": [
                [
                    1961.178183555603,
                    1164.64102268219
                ],
                [
                    1315.8284425735474,
                    926.6895651817322
                ],
                [
                    1045.9797382354736,
                    1097.217082977295
                ],
                [
                    1844.9434041976929,
                    1607.227087020874
                ],
                [
                    1424.534797668457,
                    338.3305072784424
                ],
                [
                    1064.0194416046143,
                    369.5722818374634
                ],
                [
                    810.5943202972412,
                    364.7835850715637
                ],
                [
                    1173.4254360198975,
                    320.6721246242523
                ],
                [
                    1256.656527519226,
                    674.875020980835
                ]
            ],
            "provenance": "visii",
            "quaternion_xyzw": [
                -0.6403489708900452,
                0.4898150563240051,
                -0.4949488043785095,
                0.32412970066070557
            ],
            "quaternion_xyzw_world": [
                0.3342722952365875,
                0.6504915952682495,
                -0.48480620980262756,
                0.47967246174812317
            ],
            "segmentation_id": 4,
            "visibility": 0
        },
        {
            "bounding_box_minx_maxx_miny_maxy": [
                -1,
                -1,
                -1,
                -1
            ],
            "class": "Toys",
            "local_cuboid": null,
            "local_to_world_matrix": [
                [
                    -0.903007984161377,
                    -0.28888198733329773,
                    0.3179998993873596,
                    0.0
                ],
                [
                    0.28019580245018005,
                    0.16509860754013062,
                    0.9456387758255005,
                    0.0
                ],
                [
                    -0.32567936182022095,
                    0.9430215358734131,
                    -0.06814181804656982,
                    0.0
                ],
                [
                    0.9813827276229858,
                    0.5376201272010803,
                    0.17565301060676575,
                    1.0
                ]
            ],
            "location": [
                -0.5376201272010803,
                0.17565301060676575,
                -0.9813827276229858
            ],
            "location_world": [
                0.9813827276229858,
                0.5376201272010803,
                0.17565301060676575
            ],
            "name": "google_Toys_R_Us_Treat_Dispenser_Smart_Puzzle_Foobler_4",
            "projected_cuboid": [
                [
                    -215.04491567611694,
                    165.9146249294281
                ],
                [
                    -209.70231294631958,
                    70.55830955505371
                ],
                [
                    -91.47834777832031,
                    73.40557873249054
                ],
                [
                    -90.79259634017944,
                    163.5451316833496
                ],
                [
                    -176.2620210647583,
                    208.21546018123627
                ],
                [
                    -173.28420281410217,
                    124.1007149219513
                ],
                [
                    -72.15291261672974,
                    124.08290803432465
                ],
                [
                    -70.75095176696777,
                    204.11434769630432
                ],
                [
                    -134.90313291549683,
                    142.45307445526123
                ]
            ],
            "provenance": "visii",
            "quaternion_xyzw": [
                0.06626427173614502,
                0.5768616199493408,
                -0.15096236765384674,
                -0.800031304359436
            ],
            "quaternion_xyzw_world": [
                -0.0029714887496083975,
                0.7307955026626587,
                0.6460974216461182,
                -0.2201981395483017
            ],
            "segmentation_id": 5,
            "visibility": 0
        },
        {
            "bounding_box_minx_maxx_miny_maxy": [
                -1,
                -1,
                -1,
                -1
            ],
            "class": "Tag",
            "local_cuboid": null,
            "local_to_world_matrix": [
                [
                    -0.06234455108642578,
                    0.22377917170524597,
                    0.9726438522338867,
                    0.0
                ],
                [
                    0.8187538385391235,
                    0.5687696933746338,
                    -0.0783781111240387,
                    0.0
                ],
                [
                    -0.5707497596740723,
                    0.7914694547653198,
                    -0.21867966651916504,
                    0.0
                ],
                [
                    0.2186608612537384,
                    0.22689896821975708,
                    -0.41027137637138367,
                    1.0
                ]
            ],
            "location": [
                -0.22689896821975708,
                -0.41027137637138367,
                -0.2186608612537384
            ],
            "location_world": [
                0.2186608612537384,
                0.22689896821975708,
                -0.41027137637138367
            ],
            "name": "google_Tag_Dishtowel_Basket_Weave_Red_18_x_26_5",
            "projected_cuboid": [
                [
                    -1025.8769989013672,
                    2257.6887607574463
                ],
                [
                    -459.9807858467102,
                    969.520628452301
                ],
                [
                    -360.288143157959,
                    908.2481861114502
                ],
                [
                    -669.3810820579529,
                    1879.9159526824951
                ],
                [
                    -689.0378594398499,
                    2982.630491256714
                ],
                [
                    -357.8583598136902,
                    1278.2834768295288
                ],
                [
                    -267.84688234329224,
                    1199.815034866333
                ],
                [
                    -414.1610264778137,
                    2523.9012241363525
                ],
                [
                    -445.86867094039917,
                    1448.2544660568237
                ]
            ],
            "provenance": "visii",
            "quaternion_xyzw": [
                -0.2663874924182892,
                -0.3790287971496582,
                0.684270977973938,
                0.5631590485572815
            ],
            "quaternion_xyzw_world": [
                -0.38326409459114075,
                -0.6800356507301331,
                -0.26215219497680664,
                0.5673943758010864
            ],
            "segmentation_id": 6,
            "visibility": 0
        },
        {
            "bounding_box_minx_maxx_miny_maxy": [
                -1,
                -1,
                -1,
                -1
            ],
            "class": "FRACTION",
            "local_cuboid": null,
            "local_to_world_matrix": [
                [
                    -0.4359222650527954,
                    0.1505848467350006,
                    -0.8872970938682556,
                    0.0
                ],
                [
                    -0.3345029354095459,
                    0.8881655931472778,
                    0.3150709569454193,
                    0.0
                ],
                [
                    0.8355116248130798,
                    0.4341498911380768,
                    -0.33680009841918945,
                    0.0
                ],
                [
                    0.4625210165977478,
                    -0.29239779710769653,
                    0.4037185311317444,
                    1.0
                ]
            ],
            "location": [
                0.29239779710769653,
                0.4037185311317444,
                -0.4625210165977478
            ],
            "location_world": [
                0.4625210165977478,
                -0.29239779710769653,
                0.4037185311317444
            ],
            "name": "google_FRACTION_FUN_n4h4qte23QR_6",
            "projected_cuboid": [
                [
                    671.7468500137329,
                    -94.94468569755554
                ],
                [
                    497.71612882614136,
                    -229.57080602645874
                ],
                [
                    550.012469291687,
                    -296.916127204895
                ],
                [
                    730.750322341919,
                    -142.14327931404114
                ],
                [
                    643.1208848953247,
                    -213.54719996452332
                ],
                [
                    491.7920231819153,
                    -342.68105030059814
                ],
                [
                    535.1120233535767,
                    -407.8841209411621
                ],
                [
                    691.6924715042114,
                    -262.1258497238159
                ],
                [
                    605.0980091094971,
                    -247.5927472114563
                ]
            ],
            "provenance": "visii",
            "quaternion_xyzw": [
                -0.5852042436599731,
                0.7584799528121948,
                -0.0007571335881948471,
                -0.28678151965141296
            ],
            "quaternion_xyzw_world": [
                -0.05637430027127266,
                0.8156114220619202,
                0.22965006530284882,
                0.5280727744102478
            ],
            "segmentation_id": 7,
            "visibility": 0
        },
        {
            "bounding_box_minx_maxx_miny_maxy": [
                37,
                300,
                1,
                58
            ],
            "class": "FAIRY",
            "local_cuboid": null,
            "local_to_world_matrix": [
                [
                    -0.43842148780822754,
                    -0.8811187148094177,
                    -0.17724692821502686,
                    0.0
                ],
                [
                    0.8983002305030823,
                    -0.4359591007232666,
                    -0.054739221930503845,
                    0.0
                ],
                [
                    -0.02904064953327179,
                    -0.1832198053598404,
                    0.9826429486274719,
                    0.0
                ],
                [
                    0.37442052364349365,
                    0.05969184264540672,
                    0.15635345876216888,
                    1.0
                ]
            ],
            "location": [
                -0.05969184264540672,
                0.15635345876216888,
                -0.37442052364349365
            ],
            "location_world": [
                0.37442052364349365,
                0.05969184264540672,
                0.15635345876216888
            ],
            "name": "google_FAIRY_TALE_BLOCKS_7",
            "projected_cuboid": [
                [
                    353.0412018299103,
                    -870.6930875778198
                ],
                [
                    457.59451389312744,
                    -233.332097530365
                ],
                [
                    398.3113169670105,
                    75.31329989433289
                ],
                [
                    226.82896256446838,
                    -175.46039819717407
                ],
                [
                    -118.80213022232056,
                    -556.37127161026
                ],
                [
                    172.42756485939026,
                    -185.29033660888672
                ],
                [
                    128.2789558172226,
                    61.5626722574234
                ],
                [
                    -190.8286213874817,
                    -111.7658019065857
                ],
                [
                    187.15247511863708,
                    -182.62970447540283
                ]
            ],
            "provenance": "visii",
            "quaternion_xyzw": [
                -0.6904377937316895,
                -0.09367683529853821,
                -0.22508950531482697,
                0.681069016456604
            ],
            "quaternion_xyzw_world": [
                0.061021964997053146,
                0.07039070129394531,
                -0.8451365828514099,
                0.5263702273368835
            ],
            "segmentation_id": 8,
            "visibility": 1
        },
        {
            "bounding_box_minx_maxx_miny_maxy": [
                -1,
                -1,
                -1,
                -1
            ],
            "class": "Great",
            "local_cuboid": null,
            "local_to_world_matrix": [
                [
                    -0.1937246322631836,
                    -0.49237489700317383,
                    0.8485504388809204,
                    0.0
                ],
                [
                    0.9630106687545776,
                    -0.2605692148208618,
                    0.06865957379341125,
                    0.0
                ],
                [
                    0.18729987740516663,
                    0.8304641246795654,
                    0.5246409177780151,
                    0.0
                ],
                [
                    0.3775486350059509,
                    -0.2629522681236267,
                    -0.34988752007484436,
                    1.0
                ]
            ],
            "location": [
                0.2629522681236267,
                -0.34988752007484436,
                -0.3775486350059509
            ],
            "location_world": [
                0.3775486350059509,
                -0.2629522681236267,
                -0.34988752007484436
            ],
            "name": "google_Great_Jones_Wingtip_kAqSg6EgG0I_8",
            "projected_cuboid": [
                [
                    643.9790725708008,
                    894.1234350204468
                ],
                [
                    515.2105093002319,
                    510.52969694137573
                ],
                [
                    636.418342590332,
                    590.9337401390076
                ],
                [
                    946.0947513580322,
                    1123.8768100738525
                ],
                [
                    483.768105506897,
                    1060.2821111679077
                ],
                [
                    445.9490180015564,
                    602.2699475288391
                ],
                [
                    559.5662593841553,
                    683.085560798645
                ],
                [
                    744.1931962966919,
                    1284.1053009033203
                ],
                [
                    585.4226350784302,
                    747.7283477783203
                ]
            ],
            "provenance": "visii",
            "quaternion_xyzw": [
                -0.6346288323402405,
                -0.43691661953926086,
                0.2508314549922943,
                0.5860321521759033
            ],
            "quaternion_xyzw_world": [
                -0.36817240715026855,
                -0.3195756673812866,
                -0.7033730745315552,
                0.5172879099845886
            ],
            "segmentation_id": 9,
            "visibility": 0
        },
        {
            "bounding_box_minx_maxx_miny_maxy": [
                363,
                499,
                211,
                432
            ],
            "class": "Ecoforms",
            "local_cuboid": null,
            "local_to_world_matrix": [
                [
                    0.004069924354553223,
                    -0.9629764556884766,
                    0.26955491304397583,
                    0.0
                ],
                [
                    0.9467226266860962,
                    -0.08309423923492432,
                    -0.31114575266838074,
                    0.0
                ],
                [
                    0.32202446460723877,
                    0.2564601004123688,
                    0.9113333225250244,
                    0.0
                ],
                [
                    0.5496018528938293,
                    -0.2548406720161438,
                    -0.15017344057559967,
                    1.0
                ]
            ],
            "location": [
                0.2548406720161438,
                -0.15017344057559967,
                -0.5496018528938293
            ],
            "location_world": [
                0.5496018528938293,
                -0.2548406720161438,
                -0.15017344057559967
            ],
            "name": "google_Ecoforms_Plant_Container_Quadra_Sand_QP6_9",
            "projected_cuboid": [
                [
                    596.5723991394043,
                    181.2327653169632
                ],
                [
                    520.4505324363708,
                    250.49173831939697
                ],
                [
                    584.1435194015503,
                    395.3726887702942
                ],
                [
                    694.1705346107483,
                    374.637246131897
                ],
                [
                    381.63262605667114,
                    241.4409965276718
                ],
                [
                    361.21588945388794,
                    295.1495945453644
                ],
                [
                    411.4670157432556,
                    443.9976215362549
                ],
                [
                    453.9939761161804,
                    442.2871470451355
                ],
                [
                    493.99334192276,
                    326.8481194972992
                ]
            ],
            "provenance": "visii",
            "quaternion_xyzw": [
                -0.8056280612945557,
                -0.10943298041820526,
                0.0808468759059906,
                0.576586127281189
            ],
            "quaternion_xyzw_world": [
                -0.20966091752052307,
                0.019381070509552956,
                -0.7054001688957214,
                0.676814079284668
            ],
            "segmentation_id": 10,
            "visibility": 1
        },
        {
            "bounding_box_minx_maxx_miny_maxy": [
                -1,
                -1,
                -1,
                -1
            ],
            "class": "ReadytoUse",
            "local_cuboid": null,
            "local_to_world_matrix": [
                [
                    0.320963978767395,
                    -0.2250083088874817,
                    -0.919974684715271,
                    0.0
                ],
                [
                    -0.8980583548545837,
                    -0.38080430030822754,
                    -0.22018024325370789,
                    0.0
                ],
                [
                    -0.30078789591789246,
                    0.8968608379364014,
                    -0.3242950439453125,
                    0.0
                ],
                [
                    0.36303818225860596,
                    0.3625437915325165,
                    -0.34810853004455566,
                    1.0
                ]
            ],
            "location": [
                -0.3625437915325165,
                -0.34810853004455566,
                -0.36303818225860596
            ],
            "location_world": [
                0.36303818225860596,
                0.3625437915325165,
                -0.34810853004455566
            ],
            "name": "google_ReadytoUse_Rolled_Fondant_Pure_White_24_oz_box_10",
            "projected_cuboid": [
                [
                    -619.1391944885254,
                    1022.9790210723877
                ],
                [
                    -706.4859867095947,
                    1154.1606187820435
                ],
                [
                    -318.5814619064331,
                    935.3204965591431
                ],
                [
                    -284.4873070716858,
                    844.4523215293884
                ],
                [
                    -779.4697284698486,
                    904.2462706565857
                ],
                [
                    -905.5529832839966,
                    1035.0037813186646
                ],
                [
                    -439.08941745758057,
                    808.3793520927429
                ],
                [
                    -386.8072032928467,
                    723.1234312057495
                ],
                [
                    -533.4394574165344,
                    920.8343029022217
                ]
            ],
            "provenance": "visii",
            "quaternion_xyzw": [
                0.5348833203315735,
                -0.2520037293434143,
                -0.5692011713981628,
                0.571317732334137
            ],
            "quaternion_xyzw_world": [
                0.7116992473602295,
                -0.39450183510780334,
                -0.4288196861743927,
                -0.39238524436950684
            ],
            "segmentation_id": 11,
            "visibility": 0
        },
        {
            "bounding_box_minx_maxx_miny_maxy": [
                -1,
                -1,
                -1,
                -1
            ],
            "class": "Dog",
            "local_cuboid": null,
            "local_to_world_matrix": [
                [
                    0.5868808031082153,
                    0.7319608926773071,
                    0.34612739086151123,
                    0.0
                ],
                [
                    0.7690130472183228,
                    -0.6376757621765137,
                    0.04459245502948761,
                    0.0
                ],
                [
                    0.2533569931983948,
                    0.24000604450702667,
                    -0.9371272325515747,
                    0.0
                ],
                [
                    0.4379102289676666,
                    0.07542562484741211,
                    -0.2961690127849579,
                    1.0
                ]
            ],
            "location": [
                -0.07542562484741211,
                -0.2961690127849579,
                -0.4379102289676666
            ],
            "location_world": [
                0.4379102289676666,
                0.07542562484741211,
                -0.2961690127849579
            ],
            "name": "google_Dog_11",
            "projected_cuboid": [
                [
                    -83.44206213951111,
                    803.0975461006165
                ],
                [
                    106.05669021606445,
                    669.4589853286743
                ],
                [
                    143.33072304725647,
                    511.4959478378296
                ],
                [
                    -55.86656928062439,
                    608.7723970413208
                ],
                [
                    79.38571274280548,
                    1156.1031341552734
                ],
                [
                    273.9342451095581,
                    883.277952671051
                ],
                [
                    341.77663922309875,
                    701.148271560669
                ],
                [
                    146.85922861099243,
                    933.0025911331177
                ],
                [
                    119.22402679920197,
                    754.5068860054016
                ]
            ],
            "provenance": "visii",
            "quaternion_xyzw": [
                0.3452548086643219,
                0.7123746275901794,
                -0.5987510681152344,
                0.12173188477754593
            ],
            "quaternion_xyzw_world": [
                0.8890562057495117,
                0.4220694899559021,
                0.16857324540615082,
                -0.05494972690939903
            ],
            "segmentation_id": 12,
            "visibility": 0
        },
        {
            "bounding_box_minx_maxx_miny_maxy": [
                142,
                202,
                477,
                500
            ],
            "class": "Black",
            "local_cuboid": null,
            "local_to_world_matrix": [
                [
                    -0.6669856309890747,
                    0.4081087112426758,
                    0.6233597993850708,
                    0.0
                ],
                [
                    -0.21073919534683228,
                    -0.9058153629302979,
                    0.3675423860549927,
                    0.0
                ],
                [
                    0.7146462202072144,
                    0.11377914249897003,
                    0.6901703476905823,
                    0.0
                ],
                [
                    0.6534525752067566,
                    0.08131986111402512,
                    -0.40004491806030273,
                    1.0
                ]
            ],
            "location": [
                -0.08131986111402512,
                -0.40004491806030273,
                -0.6534525752067566
            ],
            "location_world": [
                0.6534525752067566,
                0.08131986111402512,
                -0.40004491806030273
            ],
            "name": "google_Black_Elderberry_Syrup_54_oz_Gaia_Herbs_12",
            "projected_cuboid": [
                [
                    139.52912390232086,
                    487.5328540802002
                ],
                [
                    181.78686499595642,
                    473.6650586128235
                ],
                [
                    186.38889491558075,
                    606.8031787872314
                ],
                [
                    137.2016966342926,
                    620.327889919281
                ],
                [
                    162.8938615322113,
                    503.4356117248535
                ],
                [
                    203.43820750713348,
                    490.5112385749817
                ],
                [
                    211.14668250083923,
                    618.6569929122925
                ],
                [
                    164.2666757106781,
                    631.2049627304077
                ],
                [
                    173.3567863702774,
                    549.4676828384399
                ]
            ],
            "provenance": "visii",
            "quaternion_xyzw": [
                0.48450878262519836,
                0.7890337705612183,
                0.2854470908641815,
                -0.24738001823425293
            ],
            "quaternion_xyzw_world": [
                0.3703577518463135,
                0.13322897255420685,
                0.9031848311424255,
                0.17129603028297424
            ],
            "segmentation_id": 13,
            "visibility": 1
        },
        {
            "bounding_box_minx_maxx_miny_maxy": [
                -1,
                -1,
                -1,
                -1
            ],
