{
    "camera_data": {
        "camera_look_at": {
            "at": [
                1.0,
                0.0,
                0.0
            ],
            "eye": [
                0.0,
                0.0,
                0.0
            ],
            "up": [
                0.0,
                0.0,
                1.0
            ]
        },
        "camera_view_matrix": [
            [
                0.0,
                0.0,
                -1.0,
                0.0
            ],
            [
                -1.0,
                0.0,
                0.0,
                0.0
            ],
            [
                0.0,
                1.0,
                0.0,
                0.0
            ],
            [
                0.0,
                0.0,
                0.0,
                1.0
            ]
        ],
        "height": 500,
        "intrinsics": {
            "cx": 250.0,
            "cy": 250.0,
            "fx": 603.5535278320312,
            "fy": 603.5535278320312
        },
        "location_world": [
            0.0,
            0.0,
            0.0
        ],
        "quaternion_world_xyzw": [
            0.5,
            -0.5,
            -0.5,
            0.5
        ],
        "width": 500
    },
    "objects": [
        {
            "bounding_box_minx_maxx_miny_maxy": [
                -1,
                -1,
                -1,
                -1
            ],
            "class": "Reebok",
            "local_cuboid": null,
            "local_to_world_matrix": [
                [
                    0.6859246492385864,
                    -0.03423026204109192,
                    0.7268670201301575,
                    0.0
                ],
                [
                    -0.6828756332397461,
                    0.31478506326675415,
                    0.6592352986335754,
                    0.0
                ],
                [
                    -0.25137269496917725,
                    -0.948545515537262,
                    0.19254380464553833,
                    0.0
                ],
                [
                    1.1679342985153198,
                    -0.5228030681610107,
                    0.2340066134929657,
                    1.0
                ]
            ],
            "location": [
                0.5228030681610107,
                0.2340066134929657,
                -1.1679342985153198
            ],
            "location_world": [
                1.1679342985153198,
                -0.5228030681610107,
                0.2340066134929657
            ],
            "name": "google_Reebok_SOMERSET_RUN_0",
            "projected_cuboid": [
                [
                    571.6825127601624,
                    155.0936996936798
                ],
                [
                    579.7427892684937,
                    29.437020421028137
                ],
                [
                    510.9940767288208,
                    47.44322597980499
                ],
                [
                    513.6287212371826,
                    167.5392985343933
                ],
                [
                    590.4918313026428,
                    190.2317851781845
                ],
                [
                    602.9342412948608,
                    61.869874596595764
                ],
                [
                    528.3576250076294,
                    80.31068742275238
                ],
                [
                    528.3352136611938,
                    202.62691378593445
                ],
                [
                    552.3495674133301,
                    121.72330915927887
                ]
            ],
            "provenance": "visii",
            "quaternion_xyzw": [
                0.17579978704452515,
                0.5860103368759155,
                0.3734659254550934,
                0.6972872614860535
            ],
            "quaternion_xyzw_world": [
                0.5428157448768616,
                -0.33027133345603943,
                0.2189943641424179,
                0.7404818534851074
            ],
            "segmentation_id": 1,
            "visibility": 0
        },
        {
            "bounding_box_minx_maxx_miny_maxy": [
                -1,
                -1,
                -1,
                -1
            ],
            "class": "Breyer",
            "local_cuboid": null,
            "local_to_world_matrix": [
                [
                    -0.5229208469390869,
                    -0.5321370959281921,
                    -0.6658707857131958,
                    0.0
                ],
                [
                    -0.0687641054391861,
                    0.8049789667129517,
                    -0.5893049836158752,
                    0.0
                ],
                [
                    0.8496030569076538,
                    -0.26237183809280396,
                    -0.45753228664398193,
                    0.0
                ],
                [
                    0.594759464263916,
                    0.32548922300338745,
                    -0.44197046756744385,
                    1.0
                ]
            ],
            "location": [
                -0.32548922300338745,
                -0.44197046756744385,
                -0.594759464263916
            ],
            "location_world": [
                0.594759464263916,
                0.32548922300338745,
                -0.44197046756744385
            ],
            "name": "google_Breyer_Horse_Of_The_Year_2015_1",
            "projected_cuboid": [
                [
                    64.1326755285263,
                    773.3680009841919
                ],
                [
                    20.625397562980652,
                    807.5423240661621
                ],
                [
                    -81.26521110534668,
                    864.5243644714355
                ],
                [
                    -26.41919255256653,
                    821.6144442558289
                ],
                [
                    -1.7307698726654053,
                    574.7101306915283
                ],
                [
                    -38.848042488098145,
                    602.5950908660889
                ],
                [
                    -133.72063636779785,
                    608.0982685089111
                ],
                [
                    -88.6644721031189,
                    574.6468305587769
                ],
                [
                    -33.79929065704346,
                    691.5639638900757
                ]
            ],
            "provenance": "visii",
            "quaternion_xyzw": [
                -0.8618359565734863,
                0.42666172981262207,
                -0.22779646515846252,
                -0.15266719460487366
            ],
            "quaternion_xyzw_world": [
                -0.1800224930047989,
                0.8344807028770447,
                -0.25515174865722656,
                0.4540170431137085
            ],
            "segmentation_id": 2,
            "visibility": 0
        },
        {
            "bounding_box_minx_maxx_miny_maxy": [
                61,
                177,
                124,
                197
            ],
            "class": "Smith",
            "local_cuboid": null,
            "local_to_world_matrix": [
                [
                    0.9762322902679443,
                    0.19360652565956116,
                    0.09740164130926132,
                    0.0
                ],
                [
                    -0.023925043642520905,
                    -0.3504023551940918,
                    0.9362937211990356,
                    0.0
                ],
                [
                    0.21540230512619019,
                    -0.9163705110549927,
                    -0.3374420404434204,
                    0.0
                ],
                [
                    1.6076382398605347,
                    0.46433115005493164,
                    0.25016188621520996,
                    1.0
                ]
            ],
            "location": [
                -0.46433115005493164,
                0.25016188621520996,
                -1.6076382398605347
            ],
            "location_world": [
                1.6076382398605347,
                0.46433115005493164,
                0.25016188621520996
            ],
            "name": "google_Smith_Hawken_Woven_BasketTray_Organizer_with_3_Compartments_95_x_9_x_13_2",
            "projected_cuboid": [
                [
                    152.25043892860413,
                    232.1529984474182
                ],
                [
                    181.5374195575714,
                    152.96170115470886
                ],
                [
                    95.84426879882812,
                    119.0713495016098
                ],
                [
                    65.9039318561554,
                    200.94488561153412
                ],
                [
                    157.4285924434662,
                    242.15002357959747
                ],
                [
                    193.67562234401703,
                    144.23850178718567
                ],
                [
                    87.34959363937378,
                    101.64014995098114
                ],
                [
                    50.09658634662628,
                    203.6849856376648
                ],
                [
                    123.92613291740417,
                    175.19402503967285
                ]
            ],
            "provenance": "visii",
            "quaternion_xyzw": [
                0.14620371162891388,
                0.7657190561294556,
                -0.10236027836799622,
                0.6179168224334717
            ],
            "quaternion_xyzw_world": [
                0.8160999417304993,
                0.05197938159108162,
                0.09582281112670898,
                0.567535936832428
            ],
            "segmentation_id": 3,
            "visibility": 1
        },
        {
            "bounding_box_minx_maxx_miny_maxy": [
                -1,
                -1,
                -1,
                -1
            ],
            "class": "Paul",
            "local_cuboid": null,
            "local_to_world_matrix": [
                [
                    0.24111950397491455,
                    0.3805161118507385,
                    -0.8927872180938721,
                    0.0
                ],
                [
                    -0.3757821321487427,
                    0.8847745656967163,
                    0.2756116986274719,
                    0.0
                ],
                [
                    0.8947900533676147,
                    0.2690380811691284,
                    0.35632753372192383,
                    0.0
                ],
                [
                    0.13324277102947235,
                    -0.21300232410430908,
                    -0.25092852115631104,
                    1.0
                ]
            ],
            "location": [
                0.21300232410430908,
                -0.25092852115631104,
                -0.13324277102947235
            ],
            "location_world": [
                0.13324277102947235,
                -0.21300232410430908,
                -0.25092852115631104
            ],
            "name": "google_Paul_Frank_Dot_Lunch_Box_3",
            "projected_cuboid": [
                [
                    477.3465096950531,
                    712.5360369682312
                ],
                [
                    339.9713635444641,
                    714.8226499557495
                ],
                [
                    729.2207479476929,
                    1726.0410785675049
                ],
                [
                    935.311496257782,
                    1499.9210834503174
                ],
                [
                    704.8165798187256,
                    370.8520233631134
                ],
                [
                    569.1707134246826,
                    325.67405700683594
                ],
                [
                    1848.2002019882202,
                    1133.0450773239136
                ],
                [
                    1789.2292737960815,
                    986.4411354064941
                ],
                [
                    712.2673392295837,
                    784.5979332923889
                ]
            ],
            "provenance": "visii",
            "quaternion_xyzw": [
                -0.5564759969711304,
                0.7985796332359314,
                0.22919119894504547,
                -0.008740082383155823
            ],
            "quaternion_xyzw_world": [
                0.002086184686049819,
                0.5673022866249084,
                0.24001744389533997,
                0.7877534031867981
            ],
            "segmentation_id": 4,
            "visibility": 0
        },
        {
            "bounding_box_minx_maxx_miny_maxy": [
                -1,
                -1,
                -1,
                -1
            ],
            "class": "Toys",
            "local_cuboid": null,
            "local_to_world_matrix": [
                [
                    0.1475871205329895,
                    -0.05122905969619751,
                    0.9877214431762695,
                    0.0
                ],
                [
                    0.6949989795684814,
                    0.7159087061882019,
                    -0.0667167603969574,
                    0.0
                ],
                [
                    -0.7037005424499512,
                    0.6963119506835938,
                    0.14126300811767578,
                    0.0
                ],
                [
                    0.8868564963340759,
                    0.49205365777015686,
                    0.14818653464317322,
                    1.0
                ]
            ],
            "location": [
                -0.49205365777015686,
                0.14818653464317322,
                -0.8868564963340759
            ],
            "location_world": [
                0.8868564963340759,
                0.49205365777015686,
                0.14818653464317322
            ],
            "name": "google_Toys_R_Us_Treat_Dispenser_Smart_Puzzle_Foobler_4",
            "projected_cuboid": [
                [
                    -192.18304753303528,
                    44.09228265285492
                ],
                [
                    -214.94078636169434,
                    77.538400888443
                ],
                [
                    -94.42996978759766,
                    110.8522117137909
                ],
                [
                    -59.32331085205078,
                    85.89914441108704
                ],
                [
                    -213.02497386932373,
                    166.68947041034698
                ],
                [
                    -233.70027542114258,
                    185.0927472114563
                ],
                [
                    -108.04632306098938,
                    206.72252774238586
                ],
                [
                    -73.7362802028656,
                    193.55159997940063
                ],
                [
                    -145.26289701461792,
                    134.78553295135498
                ]
            ],
            "provenance": "visii",
            "quaternion_xyzw": [
                -0.32180941104888916,
                -0.21115967631340027,
                0.6555891036987305,
                0.6496562361717224
            ],
            "quaternion_xyzw_world": [
                -0.26945099234580994,
                -0.5972977876663208,
                -0.2635181248188019,
                0.7079475522041321
            ],
            "segmentation_id": 5,
            "visibility": 0
        },
        {
            "bounding_box_minx_maxx_miny_maxy": [
                -1,
                -1,
                -1,
                -1
            ],
            "class": "Tag",
            "local_cuboid": null,
            "local_to_world_matrix": [
                [
                    0.018505573272705078,
                    0.9399553537368774,
                    -0.3407953083515167,
                    0.0
                ],
                [
                    -0.5601507425308228,
                    -0.27259111404418945,
                    -0.7822564840316772,
                    0.0
                ],
                [
                    -0.8281840085983276,
                    0.20537284016609192,
                    0.5214722752571106,
                    0.0
                ],
                [
                    0.17934715747833252,
                    0.3915192186832428,
                    -0.31593701243400574,
                    1.0
                ]
            ],
            "location": [
                -0.3915192186832428,
                -0.31593701243400574,
                -0.17934715747833252
            ],
            "location_world": [
                0.17934715747833252,
                0.3915192186832428,
                -0.31593701243400574
            ],
            "name": "google_Tag_Dishtowel_Basket_Weave_Red_18_x_26_5",
            "projected_cuboid": [
                [
                    -1167.0761108398438,
                    903.9543867111206
                ],
                [
                    -2854.935884475708,
                    3152.939796447754
                ],
                [
                    -2043.2085990905762,
                    2523.7042903900146
                ],
                [
                    -983.427882194519,
                    871.8461990356445
                ],
                [
                    -736.4221811294556,
                    749.8787641525269
                ],
                [
                    -1816.4527416229248,
                    2843.4085845947266
                ],
                [
                    -1248.24059009552,
                    2275.900363922119
                ],
                [
                    -601.5253067016602,
                    735.6483936309814
                ],
                [
                    -1194.767713546753,
                    1372.0346689224243
                ]
            ],
            "provenance": "visii",
            "quaternion_xyzw": [
                -0.05940784513950348,
                0.28701692819595337,
                0.9421247243881226,
                -0.16276676952838898
            ],
            "quaternion_xyzw_world": [
                -0.43864119052886963,
                -0.21646657586097717,
                0.6662502884864807,
                0.5628913640975952
            ],
            "segmentation_id": 6,
            "visibility": 0
        },
        {
            "bounding_box_minx_maxx_miny_maxy": [
                -1,
                -1,
                -1,
                -1
            ],
            "class": "FRACTION",
            "local_cuboid": null,
            "local_to_world_matrix": [
                [
                    -0.6732809543609619,
                    0.36914321780204773,
                    -0.6406450271606445,
                    0.0
                ],
                [
                    -0.7392512559890747,
                    -0.3526642322540283,
                    0.5737033486366272,
                    0.0
                ],
                [
                    -0.014153867959976196,
                    0.8598611950874329,
                    0.5103316307067871,
                    0.0
                ],
                [
                    0.49886423349380493,
                    -0.36316245794296265,
                    0.06923379749059677,
                    1.0
                ]
            ],
            "location": [
                0.36316245794296265,
                0.06923379749059677,
                -0.49886423349380493
            ],
            "location_world": [
                0.49886423349380493,
                -0.36316245794296265,
                0.06923379749059677
            ],
            "name": "google_FRACTION_FUN_n4h4qte23QR_6",
            "projected_cuboid": [
                [
                    558.0217242240906,
                    272.23387360572815
                ],
                [
                    783.6223840713501,
                    103.33731770515442
                ],
                [
                    844.1492319107056,
                    140.0364488363266
                ],
                [
                    602.2220849990845,
                    298.6622154712677
                ],
                [
                    562.3270273208618,
                    160.04079580307007
                ],
                [
                    734.5585823059082,
                    -0.16757845878601074
                ],
                [
                    780.5163860321045,
                    27.79163420200348
                ],
                [
                    598.2183814048767,
                    181.61427974700928
                ],
                [
                    666.8976545333862,
                    152.6181846857071
                ]
            ],
            "provenance": "visii",
            "quaternion_xyzw": [
                -0.10368171334266663,
                0.6943869590759277,
                0.44988709688186646,
                -0.5519769191741943
            ],
            "quaternion_xyzw_world": [
                -0.20557941496372223,
                0.45007920265197754,
                0.7962846159934998,
                0.34798941016197205
            ],
            "segmentation_id": 7,
            "visibility": 0
        },
        {
            "bounding_box_minx_maxx_miny_maxy": [
                0,
                395,
                1,
                242
            ],
            "class": "FAIRY",
            "local_cuboid": null,
            "local_to_world_matrix": [
                [
                    -0.27297210693359375,
                    -0.7534239292144775,
                    -0.598196268081665,
                    0.0
                ],
                [
                    0.582389235496521,
                    0.36550235748291016,
                    -0.7261066436767578,
                    0.0
                ],
                [
                    0.765708327293396,
                    -0.5465898513793945,
                    0.339013934135437,
                    0.0
                ],
                [
                    0.3054367005825043,
                    0.049443501979112625,
                    0.11075817048549652,
                    1.0
                ]
            ],
            "location": [
                -0.049443501979112625,
                0.11075817048549652,
                -0.3054367005825043
            ],
            "location_world": [
                0.3054367005825043,
                0.049443501979112625,
                0.11075817048549652
            ],
            "name": "google_FAIRY_TALE_BLOCKS_7",
            "projected_cuboid": [
                [
                    605.086088180542,
                    -94.02903914451599
                ],
                [
                    387.0101273059845,
                    231.81183636188507
                ],
                [
                    243.02281439304352,
                    353.8476824760437
                ],
                [
                    538.4673476219177,
                    -161.57692670822144
                ],
                [
                    289.2981469631195,
                    -246.9446361064911
                ],
                [
                    179.36991155147552,
                    81.57509565353394
                ],
                [
                    -26.45072340965271,
                    122.12444841861725
                ],
                [
                    33.87020528316498,
                    -396.8091607093811
                ],
                [
                    268.65068078041077,
                    21.121323108673096
                ]
            ],
            "provenance": "visii",
            "quaternion_xyzw": [
                -0.9007273316383362,
                0.26747792959213257,
                -0.2274722307920456,
                0.25573867559432983
            ],
            "quaternion_xyzw_world": [
                -0.07501926273107529,
                0.5699694156646729,
                -0.5582301616668701,
                0.5982358455657959
            ],
            "segmentation_id": 8,
            "visibility": 1
        },
        {
            "bounding_box_minx_maxx_miny_maxy": [
                -1,
                -1,
                -1,
                -1
            ],
            "class": "Great",
            "local_cuboid": null,
            "local_to_world_matrix": [
                [
                    -0.23809504508972168,
                    0.8929241895675659,
                    -0.3820964992046356,
                    0.0
                ],
                [
                    0.9640073776245117,
                    0.1693357229232788,
                    -0.20497700572013855,
                    0.0
                ],
                [
                    -0.11832621693611145,
                    -0.4171477258205414,
                    -0.9011034965515137,
                    0.0
                ],
                [
                    0.49776244163513184,
                    -0.4516085088253021,
                    -0.4182973802089691,
                    1.0
                ]
            ],
            "location": [
                0.4516085088253021,
                -0.4182973802089691,
                -0.49776244163513184
            ],
            "location_world": [
                0.49776244163513184,
                -0.4516085088253021,
                -0.4182973802089691
            ],
            "name": "google_Great_Jones_Wingtip_kAqSg6EgG0I_8",
            "projected_cuboid": [
                [
                    1145.737648010254,
                    1210.0938558578491
                ],
                [
                    660.8459949493408,
                    807.4876070022583
                ],
                [
                    607.0307493209839,
                    698.2339024543762
                ],
                [
                    1023.9360332489014,
                    986.2551093101501
                ],
                [
                    1250.104546546936,
                    1062.9260540008545
                ],
                [
                    736.5826964378357,
                    745.1015710830688
                ],
                [
                    683.3813190460205,
                    641.4927840232849
                ],
                [
                    1133.3544254302979,
                    861.0227704048157
                ],
                [
                    834.3437314033508,
                    827.1448612213135
                ]
            ],
            "provenance": "visii",
            "quaternion_xyzw": [
                -0.22007206082344055,
                0.6264225840568542,
                -0.7443499565124512,
                0.07145848870277405
            ],
            "quaternion_xyzw_world": [
                0.6110795140266418,
                0.7596930861473083,
                -0.20472896099090576,
                0.08680159598588943
            ],
            "segmentation_id": 9,
            "visibility": 0
        },
        {
            "bounding_box_minx_maxx_miny_maxy": [
                489,
                499,
                392,
                409
            ],
            "class": "Ecoforms",
            "local_cuboid": null,
            "local_to_world_matrix": [
                [
                    0.6837795376777649,
                    0.4136762320995331,
                    -0.6010969281196594,
                    0.0
                ],
                [
                    -0.7225717306137085,
                    0.2690960764884949,
                    -0.6367710828781128,
                    0.0
                ],
                [
                    -0.1016642302274704,
                    0.8697466850280762,
                    0.48291313648223877,
                    0.0
                ],
                [
                    0.49937695264816284,
                    -0.24673807621002197,
                    -0.11588110029697418,
                    1.0
                ]
            ],
            "location": [
                0.24673807621002197,
                -0.11588110029697418,
                -0.49937695264816284
            ],
            "location_world": [
                0.49937695264816284,
                -0.24673807621002197,
                -0.11588110029697418
            ],
            "name": "google_Ecoforms_Plant_Container_Quadra_Sand_QP6_9",
            "projected_cuboid": [
                [
                    334.69244837760925,
                    280.5101275444031
                ],
                [
                    294.4796681404114,
                    441.95756316185
                ],
                [
                    471.4069962501526,
                    534.412682056427
                ],
                [
                    472.1372723579407,
                    357.27107524871826
                ],
                [
                    455.2187919616699,
                    146.52574062347412
                ],
                [
                    447.50863313674927,
                    315.4556155204773
                ],
                [
                    680.2632808685303,
                    446.76101207733154
                ],
                [
                    624.1295337677002,
                    247.7174699306488
                ],
                [
                    463.3946716785431,
                    342.4275517463684
                ]
            ],
            "provenance": "visii",
            "quaternion_xyzw": [
                -0.5294880867004395,
                0.41086524724960327,
                0.7335038781166077,
                -0.113155797123909
            ],
            "quaternion_xyzw_world": [
                -0.4826412498950958,
                0.16000264883041382,
                0.36401838064193726,
                0.7803506851196289
            ],
            "segmentation_id": 10,
            "visibility": 1
        },
        {
            "bounding_box_minx_maxx_miny_maxy": [
                -1,
                -1,
                -1,
                -1
            ],
            "class": "ReadytoUse",
            "local_cuboid": null,
            "local_to_world_matrix": [
                [
                    0.1709497570991516,
                    -0.08318004012107849,
                    0.9817623496055603,
                    0.0
                ],
                [
                    0.9371098279953003,
                    0.32147490978240967,
                    -0.13593760132789612,
                    0.0
                ],
                [
                    -0.30430465936660767,
                    0.9432576894760132,
                    0.13290488719940186,
                    0.0
                ],
                [
                    0.4619808793067932,
                    0.26608848571777344,
                    -0.351126492023468,
                    1.0
                ]
            ],
            "location": [
                -0.26608848571777344,
                -0.351126492023468,
                -0.4619808793067932
            ],
            "location_world": [
                0.4619808793067932,
                0.26608848571777344,
                -0.351126492023468
            ],
            "name": "google_ReadytoUse_Rolled_Fondant_Pure_White_24_oz_box_10",
            "projected_cuboid": [
                [
                    -375.1657009124756,
                    653.1819105148315
                ],
                [
                    -331.8168520927429,
                    620.4586029052734
                ],
                [
                    -77.69206166267395,
                    609.3869209289551
                ],
                [
                    -90.05266427993774,
                    637.2380256652832
                ],
                [
                    -425.8376955986023,
                    866.5698766708374
                ],
                [
                    -374.84657764434814,
                    809.0274333953857
                ],
                [
                    -104.92873191833496,
                    777.0761251449585
                ],
                [
                    -120.81536650657654,
                    824.2939114570618
                ],
                [
                    -228.19173336029053,
                    720.5643057823181
                ]
            ],
            "provenance": "visii",
            "quaternion_xyzw": [
                -0.478229284286499,
                -0.34517306089401245,
                0.5824650526046753,
                0.5593628287315369
            ],
            "quaternion_xyzw_world": [
                -0.42325228452682495,
                -0.5043858289718628,
                -0.4001500606536865,
                0.6374420523643494
            ],
            "segmentation_id": 11,
            "visibility": 0
        },
        {
            "bounding_box_minx_maxx_miny_maxy": [
                -1,
                -1,
                -1,
                -1
            ],
            "class": "Dog",
            "local_cuboid": null,
            "local_to_world_matrix": [
                [
                    -0.3089940547943115,
                    0.5533827543258667,
                    0.7734922170639038,
                    0.0
                ],
                [
                    -0.8806229829788208,
                    0.14069318771362305,
                    -0.4524473249912262,
                    0.0
                ],
                [
                    -0.3592016398906708,
                    -0.8209586143493652,
                    0.44384825229644775,
                    0.0
                ],
                [
                    0.3464963436126709,
                    0.31829971075057983,
                    -0.34315234422683716,
                    1.0
                ]
            ],
            "location": [
                -0.31829971075057983,
                -0.34315234422683716,
                -0.3464963436126709
            ],
            "location_world": [
                0.3464963436126709,
                0.31829971075057983,
                -0.34315234422683716
            ],
            "name": "google_Dog_11",
            "projected_cuboid": [
                [
                    -141.07534289360046,
                    478.84467244148254
                ],
                [
                    -653.7612676620483,
                    1045.624017715454
                ],
                [
                    -803.4541606903076,
                    1029.938817024231
                ],
                [
                    -321.83659076690674,
                    573.3882188796997
                ],
                [
                    128.4741461277008,
                    713.6045694351196
                ],
                [
                    -28.529226779937744,
                    1270.9418535232544
                ],
                [
                    -291.9563055038452,
                    1205.1005363464355
                ],
                [
                    -65.96928834915161,
                    757.2229504585266
                ],
                [
                    -213.99810910224915,
                    829.8535943031311
                ]
            ],
            "provenance": "visii",
            "quaternion_xyzw": [
                0.36737683415412903,
                0.43061986565589905,
                0.7689329981803894,
                0.29722535610198975
            ],
            "quaternion_xyzw_world": [
                0.16314451396465302,
                -0.5014576315879822,
                0.6348521709442139,
                0.5647006630897522
            ],
            "segmentation_id": 12,
            "visibility": 0
        },
        {
            "bounding_box_minx_maxx_miny_maxy": [
                -1,
                -1,
                -1,
                -1
            ],
            "class": "Black",
            "local_cuboid": null,
            "local_to_world_matrix": [
                [
                    -0.5091400146484375,
                    -0.40608900785446167,
                    0.7588598132133484,
                    0.0
                ],
                [
                    -0.2670198082923889,
                    -0.7636622190475464,
                    -0.5878098607063293,
                    0.0
                ],
                [
                    0.8182156682014465,
                    -0.5019081234931946,
                    0.2803771495819092,
                    0.0
                ],
                [
                    0.17185574769973755,
                    -0.10369963943958282,
                    -0.49366480112075806,
                    1.0
                ]
            ],
            "location": [
                0.10369963943958282,
                -0.49366480112075806,
                -0.17185574769973755
            ],
            "location_world": [
                0.17185574769973755,
                -0.10369963943958282,
                -0.49366480112075806
            ],
            "name": "google_Black_Elderberry_Syrup_54_oz_Gaia_Herbs_12",
            "projected_cuboid": [
                [
                    601.9108295440674,
                    1129.8332214355469
                ],
                [
                    724.1668701171875,
                    1259.763240814209
                ],
                [
                    806.7335486412048,
                    2226.212501525879
                ],
                [
                    588.7473821640015,
                    1910.6383323669434
                ],
                [
                    524.4815945625305,
                    1131.668210029602
                ],
                [
                    630.6651830673218,
                    1248.9817142486572
                ],
                [
                    637.6039981842041,
                    2050.809383392334
                ],
                [
                    465.980589389801,
                    1796.7151403427124
                ],
                [
                    615.689754486084,
                    1485.3639602661133
                ]
            ],
            "provenance": "visii",
            "quaternion_xyzw": [
                0.838468074798584,
                0.45395946502685547,
                0.3014569878578186,
                -0.003982663154602051
            ],
            "quaternion_xyzw_world": [
                0.4934939444065094,
                -0.34099143743515015,
                0.7989335656166077,
                -0.04351712763309479
            ],
            "segmentation_id": 13,
            "visibility": 0
        },
        {
            "bounding_box_minx_maxx_miny_maxy": [
                33,
                64,
                9,
                55
            ],
