{
    "camera_data": {
        "camera_look_at": {
            "at": [
                1.0,
                0.0,
                0.0
            ],
            "eye": [
                0.0,
                0.0,
                0.0
            ],
            "up": [
                0.0,
                0.0,
                1.0
            ]
        },
        "camera_view_matrix": [
            [
                0.0,
                0.0,
                -1.0,
                0.0
            ],
            [
                -1.0,
                0.0,
                0.0,
                0.0
            ],
            [
                0.0,
                1.0,
                0.0,
                0.0
            ],
            [
                0.0,
                0.0,
                0.0,
                1.0
            ]
        ],
        "height": 500,
        "intrinsics": {
            "cx": 250.0,
            "cy": 250.0,
            "fx": 603.5535278320312,
            "fy": 603.5535278320312
        },
        "location_world": [
            0.0,
            0.0,
            0.0
        ],
        "quaternion_world_xyzw": [
            0.5,
            -0.5,
            -0.5,
            0.5
        ],
        "width": 500
    },
    "objects": [
        {
            "bounding_box_minx_maxx_miny_maxy": [
                -1,
                -1,
                -1,
                -1
            ],
            "class": "Reebok",
            "local_cuboid": null,
            "local_to_world_matrix": [
                [
                    0.11853247880935669,
                    0.07974299788475037,
                    0.9897429347038269,
                    0.0
                ],
                [
                    -0.906426191329956,
                    -0.39826059341430664,
                    0.1406419575214386,
                    0.0
                ],
                [
                    0.40539079904556274,
                    -0.913799524307251,
                    0.025074303150177002,
                    0.0
                ],
                [
                    1.168878197669983,
                    -0.5515838861465454,
                    0.228885680437088,
                    1.0
                ]
            ],
            "location": [
                0.5515838861465454,
                0.228885680437088,
                -1.168878197669983
            ],
            "location_world": [
                1.168878197669983,
                -0.5515838861465454,
                0.228885680437088
            ],
            "name": "google_Reebok_SOMERSET_RUN_0",
            "projected_cuboid": [
                [
                    514.8854851722717,
                    131.06495141983032
                ],
                [
                    643.8844203948975,
                    79.33047413825989
                ],
                [
                    600.2641320228577,
                    73.31322133541107
                ],
                [
                    475.469172000885,
                    128.12907993793488
                ],
                [
                    521.5743184089661,
                    180.12216687202454
                ],
                [
                    653.8242101669312,
                    139.8318111896515
                ],
                [
                    610.0915670394897,
                    136.50214672088623
                ],
                [
                    481.9938838481903,
                    178.93913388252258
                ],
                [
                    555.9871196746826,
                    133.41224193572998
                ]
            ],
            "provenance": "visii",
            "quaternion_xyzw": [
                0.5442898273468018,
                0.6375296115875244,
                0.36527737975120544,
                0.40481725335121155
            ],
            "quaternion_xyzw_world": [
                0.6106796860694885,
                -0.33842748403549194,
                0.5711397528648376,
                0.43166717886924744
            ],
            "segmentation_id": 1,
            "visibility": 0
        },
        {
            "bounding_box_minx_maxx_miny_maxy": [
                -1,
                -1,
                -1,
                -1
            ],
            "class": "Breyer",
            "local_cuboid": null,
            "local_to_world_matrix": [
                [
                    0.32390934228897095,
                    -0.8901315331459045,
                    -0.3205442428588867,
                    0.0
                ],
                [
                    -0.7743666768074036,
                    -0.44408905506134033,
                    0.45071178674697876,
                    0.0
                ],
                [
                    -0.5435429811477661,
                    0.102229043841362,
                    -0.8331327438354492,
                    0.0
                ],
                [
                    0.6446778178215027,
                    0.3465738594532013,
                    -0.4671896696090698,
                    1.0
                ]
            ],
            "location": [
                -0.3465738594532013,
                -0.4671896696090698,
                -0.6446778178215027
            ],
            "location_world": [
                0.6446778178215027,
                0.3465738594532013,
                -0.4671896696090698
            ],
            "name": "google_Breyer_Horse_Of_The_Year_2015_1",
            "projected_cuboid": [
                [
                    -12.180626392364502,
                    878.6816000938416
                ],
                [
                    -5.625516176223755,
                    900.3413915634155
                ],
                [
                    41.27015173435211,
                    700.1954317092896
                ],
                [
                    32.50199556350708,
                    693.8838958740234
                ],
                [
                    -277.53740549087524,
                    883.0192685127258
                ],
                [
                    -293.8353419303894,
                    908.3299040794373
                ],
                [
                    -199.55548644065857,
                    681.2259554862976
                ],
                [
                    -192.16501712799072,
                    675.5142211914062
                ],
                [
                    -103.02913188934326,
                    782.9455137252808
                ]
            ],
            "provenance": "visii",
            "quaternion_xyzw": [
                0.47325384616851807,
                0.06526350975036621,
                -0.22511088848114014,
                0.8491740226745605
            ],
            "quaternion_xyzw_world": [
                0.8064011335372925,
                -0.5160267353057861,
                -0.2678838074207306,
                0.10803642123937607
            ],
            "segmentation_id": 2,
            "visibility": 0
        },
        {
            "bounding_box_minx_maxx_miny_maxy": [
                42,
                185,
                83,
                211
            ],
            "class": "Smith",
            "local_cuboid": null,
            "local_to_world_matrix": [
                [
                    0.4642946124076843,
                    0.549721896648407,
                    0.6944323778152466,
                    0.0
                ],
                [
                    -0.5128416419029236,
                    -0.4723852872848511,
                    0.7168302536010742,
                    0.0
                ],
                [
                    0.7220969200134277,
                    -0.68895423412323,
                    0.06259435415267944,
                    0.0
                ],
                [
                    1.5964776277542114,
                    0.4738641381263733,
                    0.273346483707428,
                    1.0
                ]
            ],
            "location": [
                -0.4738641381263733,
                0.273346483707428,
                -1.5964776277542114
            ],
            "location_world": [
                1.5964776277542114,
                0.4738641381263733,
                0.273346483707428
            ],
            "name": "google_Smith_Hawken_Woven_BasketTray_Organizer_with_3_Compartments_95_x_9_x_13_2",
            "projected_cuboid": [
                [
                    110.2244108915329,
                    150.00824630260468
                ],
                [
                    140.59291779994965,
                    81.15048706531525
                ],
                [
                    58.27207863330841,
                    67.1515017747879
                ],
                [
                    30.751347541809082,
                    144.71396803855896
                ],
                [
                    164.49680924415588,
                    225.79768300056458
                ],
                [
                    202.32754945755005,
                    156.01062774658203
                ],
                [
                    118.75799298286438,
                    150.42555332183838
                ],
                [
                    83.2647830247879,
                    229.25110161304474
                ],
                [
                    113.8697862625122,
                    150.18649399280548
                ]
            ],
            "provenance": "visii",
            "quaternion_xyzw": [
                0.33747029304504395,
                0.8643854856491089,
                0.16642919182777405,
                0.33354583382606506
            ],
            "quaternion_xyzw_world": [
                0.6844862103462219,
                0.013470071367919445,
                0.5173695683479309,
                0.5134451389312744
            ],
            "segmentation_id": 3,
            "visibility": 1
        },
        {
            "bounding_box_minx_maxx_miny_maxy": [
                -1,
                -1,
                -1,
                -1
            ],
            "class": "Paul",
            "local_cuboid": null,
            "local_to_world_matrix": [
                [
                    0.346468448638916,
                    0.18493515253067017,
                    -0.9196513295173645,
                    0.0
                ],
                [
                    -0.05292784422636032,
                    0.9826663136482239,
                    0.1776670217514038,
                    0.0
                ],
                [
                    0.9365672469139099,
                    -0.012880869209766388,
                    0.35025113821029663,
                    0.0
                ],
                [
                    0.13569402694702148,
                    -0.22625406086444855,
                    -0.2370034009218216,
                    1.0
                ]
            ],
            "location": [
                0.22625406086444855,
                -0.2370034009218216,
                -0.13569402694702148
            ],
            "location_world": [
                0.13569402694702148,
                -0.22625406086444855,
                -0.2370034009218216
            ],
            "name": "google_Paul_Frank_Dot_Lunch_Box_3",
            "projected_cuboid": [
                [
                    637.4374628067017,
                    681.1597347259521
                ],
                [
                    481.3496768474579,
                    658.1490635871887
                ],
                [
                    752.7701258659363,
                    1429.4737577438354
                ],
                [
                    1084.496259689331,
                    1455.7108879089355
                ],
                [
                    846.1204767227173,
                    336.8176221847534
                ],
                [
                    647.1816301345825,
                    300.4562258720398
                ],
                [
                    1615.0224208831787,
                    987.7818822860718
                ],
                [
                    2219.250202178955,
                    1066.8797492980957
                ],
                [
                    812.0234608650208,
                    735.9191179275513
                ]
            ],
            "provenance": "visii",
            "quaternion_xyzw": [
                -0.627288818359375,
                0.7581506371498108,
                0.13294817507266998,
                0.11849536746740341
            ],
            "quaternion_xyzw_world": [
                0.058204494416713715,
                0.5669979453086853,
                0.07265730202198029,
                0.8184415102005005
            ],
            "segmentation_id": 4,
            "visibility": 0
        },
        {
            "bounding_box_minx_maxx_miny_maxy": [
                -1,
                -1,
                -1,
                -1
            ],
            "class": "Toys",
            "local_cuboid": null,
            "local_to_world_matrix": [
                [
                    0.015133380889892578,
                    -0.8240642547607422,
                    0.5662943124771118,
                    0.0
                ],
                [
                    -0.08197960257530212,
                    -0.5654751062393188,
                    -0.8206812143325806,
                    0.0
                ],
                [
                    0.9965192079544067,
                    -0.034004807472229004,
                    -0.07611417770385742,
                    0.0
                ],
                [
                    0.9073497653007507,
                    0.49606648087501526,
                    0.11692550033330917,
                    1.0
                ]
            ],
            "location": [
                -0.49606648087501526,
                0.11692550033330917,
                -0.9073497653007507
            ],
            "location_world": [
                0.9073497653007507,
                0.49606648087501526,
                0.11692550033330917
            ],
            "name": "google_Toys_R_Us_Treat_Dispenser_Smart_Puzzle_Foobler_4",
            "projected_cuboid": [
                [
                    -16.037702560424805,
                    130.05289435386658
                ],
                [
                    30.56490421295166,
                    200.8705884218216
                ],
                [
                    -10.121971368789673,
                    184.72862243652344
                ],
                [
                    -63.9539361000061,
                    102.29501128196716
                ],
                [
                    -88.85440230369568,
                    179.4268786907196
                ],
                [
                    -43.02090406417847,
                    250.99381804466248
                ],
                [
                    -96.31940722465515,
                    243.32821369171143
                ],
                [
                    -149.09759163856506,
                    159.87277030944824
                ],
                [
                    -52.7535080909729,
                    181.8578839302063
                ]
            ],
            "provenance": "visii",
            "quaternion_xyzw": [
                0.9541049003601074,
                0.2965526282787323,
                0.0049447715282440186,
                0.04142460227012634
            ],
            "quaternion_xyzw_world": [
                0.6435686945915222,
                -0.35196083784103394,
                0.6070888638496399,
                -0.3055914640426636
            ],
            "segmentation_id": 5,
            "visibility": 0
        },
        {
            "bounding_box_minx_maxx_miny_maxy": [
                -1,
                -1,
                -1,
                -1
            ],
            "class": "Tag",
            "local_cuboid": null,
            "local_to_world_matrix": [
                [
                    -0.09492790699005127,
                    0.9921771287918091,
                    0.08107537031173706,
                    0.0
                ],
                [
                    -0.3832223117351532,
                    0.038744449615478516,
                    -0.9228432178497314,
                    0.0
                ],
                [
                    -0.918765127658844,
                    -0.11867347359657288,
                    0.3765465021133423,
                    0.0
                ],
                [
                    0.17630885541439056,
                    0.3540215492248535,
                    -0.34364864230155945,
                    1.0
                ]
            ],
            "location": [
                -0.3540215492248535,
                -0.34364864230155945,
                -0.17630885541439056
            ],
            "location_world": [
                0.17630885541439056,
                0.3540215492248535,
                -0.34364864230155945
            ],
            "name": "google_Tag_Dishtowel_Basket_Weave_Red_18_x_26_5",
            "projected_cuboid": [
                [
                    -1183.721661567688,
                    970.6723690032959
                ],
                [
                    -2640.4941082000732,
                    3089.5445346832275
                ],
                [
                    -1912.0862483978271,
                    2418.2043075561523
                ],
                [
                    -979.839563369751,
                    899.4948267936707
                ],
                [
                    -547.9483604431152,
                    953.8217782974243
                ],
                [
                    -1259.409785270691,
                    2740.614175796509
                ],
                [
                    -931.597113609314,
                    2226.8929481506348
                ],
                [
                    -447.323739528656,
                    890.0274634361267
                ],
                [
                    -1073.8073587417603,
                    1518.3241367340088
                ]
            ],
            "provenance": "visii",
            "quaternion_xyzw": [
                0.05454567074775696,
                0.1940160095691681,
                0.9790027141571045,
                0.030597418546676636
            ],
            "quaternion_xyzw_world": [
                -0.3499218225479126,
                -0.4350649118423462,
                0.5984835028648376,
                0.5745352506637573
            ],
            "segmentation_id": 6,
            "visibility": 0
        },
        {
            "bounding_box_minx_maxx_miny_maxy": [
                438,
                499,
                36,
                107
            ],
            "class": "FRACTION",
            "local_cuboid": null,
            "local_to_world_matrix": [
                [
                    0.6826687455177307,
                    -0.681053876876831,
                    0.26481884717941284,
                    0.0
                ],
                [
                    -0.7205865383148193,
                    -0.5672628879547119,
                    0.39870786666870117,
                    0.0
                ],
                [
                    -0.12131960690021515,
                    -0.463010311126709,
                    -0.8780108690261841,
                    0.0
                ],
                [
                    0.39942339062690735,
                    -0.2302503138780594,
                    0.1725563406944275,
                    1.0
                ]
            ],
            "location": [
                0.2302503138780594,
                0.1725563406944275,
                -0.39942339062690735
            ],
            "location_world": [
                0.39942339062690735,
                -0.2302503138780594,
                0.1725563406944275
            ],
            "name": "google_FRACTION_FUN_n4h4qte23QR_6",
            "projected_cuboid": [
                [
                    546.5816259384155,
                    111.70065402984619
                ],
                [
                    819.2737102508545,
                    -55.1738440990448
                ],
                [
                    780.2461385726929,
                    -110.37024855613708
                ],
                [
                    520.3886032104492,
                    69.08950209617615
                ],
                [
                    455.7760953903198,
                    140.18045365810394
                ],
                [
                    804.5099377632141,
                    -87.10178732872009
                ],
                [
                    748.5753893852234,
                    -165.9933626651764
                ],
                [
                    423.0831563472748,
                    84.6995860338211
                ],
                [
                    615.6824827194214,
                    16.70318841934204
                ]
            ],
            "provenance": "visii",
            "quaternion_xyzw": [
                0.5387547016143799,
                0.3861134648323059,
                -0.10192880034446716,
                0.7418020963668823
            ],
            "quaternion_xyzw_world": [
                0.8842995166778564,
                -0.3962572515010834,
                0.040568623691797256,
                0.2436160296201706
            ],
            "segmentation_id": 7,
            "visibility": 1
        },
        {
            "bounding_box_minx_maxx_miny_maxy": [
                43,
                443,
                1,
                218
            ],
            "class": "FAIRY",
            "local_cuboid": null,
            "local_to_world_matrix": [
                [
                    -0.1784193515777588,
                    -0.8576831817626953,
                    -0.4822303056716919,
                    0.0
                ],
                [
                    0.8555908203125,
                    0.10680288076400757,
                    -0.5065150856971741,
                    0.0
                ],
                [
                    0.4859330654144287,
                    -0.5029638409614563,
                    0.7147701978683472,
                    0.0
                ],
                [
                    0.3254207670688629,
                    0.041676729917526245,
                    0.1278730183839798,
                    1.0
                ]
            ],
            "location": [
                -0.041676729917526245,
                0.1278730183839798,
                -0.3254207670688629
            ],
            "location_world": [
                0.3254207670688629,
                0.041676729917526245,
                0.1278730183839798
            ],
            "name": "google_FAIRY_TALE_BLOCKS_7",
            "projected_cuboid": [
                [
                    637.6165151596069,
                    -345.7961082458496
                ],
                [
                    437.64549493789673,
                    65.88967144489288
                ],
                [
                    323.90105724334717,
                    249.01869893074036
                ],
                [
                    502.1991729736328,
                    -179.02499437332153
                ],
                [
                    213.1396234035492,
                    -479.436457157135
                ],
                [
                    197.8086680173874,
                    -46.471744775772095
                ],
                [
                    38.54283690452576,
                    92.65600144863129
                ],
                [
                    -93.36274862289429,
                    -406.07595443725586
                ],
                [
                    273.93144369125366,
                    -79.62098717689514
                ]
            ],
            "provenance": "visii",
            "quaternion_xyzw": [
                -0.8441166281700134,
                0.1744525134563446,
                -0.20180362462997437,
                0.4650900363922119
            ],
            "quaternion_xyzw_world": [
                -0.0013851892435923219,
                0.37764135003089905,
                -0.6682788729667664,
                0.640927791595459
            ],
            "segmentation_id": 8,
            "visibility": 1
        },
        {
            "bounding_box_minx_maxx_miny_maxy": [
                -1,
                -1,
                -1,
                -1
            ],
            "class": "Great",
            "local_cuboid": null,
            "local_to_world_matrix": [
                [
                    -0.724960207939148,
                    0.686763346195221,
                    0.05281032621860504,
                    0.0
                ],
                [
                    0.6560974717140198,
                    0.7118581533432007,
                    -0.2505873441696167,
                    0.0
                ],
                [
                    -0.20968766510486603,
                    -0.14701710641384125,
                    -0.9666526317596436,
                    0.0
                ],
                [
                    0.4749452471733093,
                    -0.40713217854499817,
                    -0.44522330164909363,
                    1.0
                ]
            ],
            "location": [
                0.40713217854499817,
                -0.44522330164909363,
                -0.4749452471733093
            ],
            "location_world": [
                0.4749452471733093,
                -0.40713217854499817,
                -0.44522330164909363
            ],
            "name": "google_Great_Jones_Wingtip_kAqSg6EgG0I_8",
            "projected_cuboid": [
                [
                    1222.1951484680176,
                    1254.166841506958
                ],
                [
                    573.0670690536499,
                    945.5108642578125
                ],
                [
                    539.9225950241089,
                    791.0391688346863
                ],
                [
                    1122.0333576202393,
                    982.3628664016724
                ],
                [
                    1139.1880512237549,
                    1055.1278591156006
                ],
                [
                    606.843888759613,
                    857.017457485199
                ],
                [
                    576.7229795455933,
                    726.1332273483276
                ],
                [
                    1063.3841753005981,
                    847.9083180427551
                ],
                [
                    791.6930913925171,
                    901.9912481307983
                ]
            ],
            "provenance": "visii",
            "quaternion_xyzw": [
                -0.29754677414894104,
                0.5537346601486206,
                -0.7326388359069824,
                -0.26092958450317383
            ],
            "quaternion_xyzw_world": [
                0.3639485538005829,
                0.9224249124526978,
                -0.10776065289974213,
                -0.07114345580339432
            ],
            "segmentation_id": 9,
            "visibility": 0
        },
        {
            "bounding_box_minx_maxx_miny_maxy": [
                330,
                499,
                270,
                500
            ],
            "class": "Ecoforms",
            "local_cuboid": null,
            "local_to_world_matrix": [
                [
                    0.9260107278823853,
                    0.36404094099998474,
                    -0.09989169985055923,
                    0.0
                ],
                [
                    -0.1459338366985321,
                    0.10117578506469727,
                    -0.9841071963310242,
                    0.0
                ],
                [
                    -0.3481486439704895,
                    0.9258714318275452,
                    0.14681577682495117,
                    0.0
                ],
                [
                    0.507899820804596,
                    -0.2554625868797302,
                    -0.1288619190454483,
                    1.0
                ]
            ],
            "location": [
                0.2554625868797302,
                -0.1288619190454483,
                -0.507899820804596
            ],
            "location_world": [
                0.507899820804596,
                -0.2554625868797302,
                -0.1288619190454483
            ],
            "name": "google_Ecoforms_Plant_Container_Quadra_Sand_QP6_9",
            "projected_cuboid": [
                [
                    331.5350115299225,
                    271.98195457458496
                ],
                [
                    313.675194978714,
                    488.9044165611267
                ],
                [
                    469.04391050338745,
                    490.47860503196716
                ],
                [
                    478.11639308929443,
                    294.35452818870544
                ],
                [
                    481.4366102218628,
                    251.70481204986572
                ],
                [
                    466.48937463760376,
                    577.1541595458984
                ],
                [
                    667.2508716583252,
                    566.6531920433044
                ],
                [
                    667.3272252082825,
                    285.9172523021698
                ],
                [
                    473.89864921569824,
                    396.9402611255646
                ]
            ],
            "provenance": "visii",
            "quaternion_xyzw": [
                -0.563896656036377,
                0.08914206176996231,
                0.821020245552063,
                0.0003910437226295471
            ],
            "quaternion_xyzw_world": [
                -0.6476919054985046,
                -0.08418628573417664,
                0.1729372888803482,
                0.7372249960899353
            ],
            "segmentation_id": 10,
            "visibility": 1
        },
        {
            "bounding_box_minx_maxx_miny_maxy": [
                -1,
                -1,
                -1,
                -1
            ],
            "class": "ReadytoUse",
            "local_cuboid": null,
            "local_to_world_matrix": [
                [
                    0.1094549298286438,
                    -0.11953729391098022,
                    0.9867777824401855,
                    0.0
                ],
                [
                    0.5831793546676636,
                    0.8116468191146851,
                    0.03363490104675293,
                    0.0
                ],
                [
                    -0.8049356937408447,
                    0.5717869400978088,
                    0.1585504412651062,
                    0.0
                ],
                [
                    0.4331566393375397,
                    0.2767488956451416,
                    -0.3544948697090149,
                    1.0
                ]
            ],
            "location": [
                -0.2767488956451416,
                -0.3544948697090149,
                -0.4331566393375397
            ],
            "location_world": [
                0.4331566393375397,
                0.2767488956451416,
                -0.3544948697090149
            ],
            "name": "google_ReadytoUse_Rolled_Fondant_Pure_White_24_oz_box_10",
            "projected_cuboid": [
                [
                    -470.8479046821594,
                    809.9505305290222
                ],
                [
                    -481.5707802772522,
                    756.4274668693542
                ],
                [
                    -134.68393683433533,
                    640.5667066574097
                ],
                [
                    -104.0249764919281,
                    669.2095398902893
                ],
                [
                    -537.3486876487732,
                    1099.143147468567
                ],
                [
                    -542.2939658164978,
                    1016.1219835281372
                ],
                [
                    -166.22337698936462,
                    816.775918006897
                ],
                [
                    -136.7659866809845,
                    858.5928082466125
                ],
                [
                    -287.0321273803711,
                    814.0691518783569
                ]
            ],
            "provenance": "visii",
            "quaternion_xyzw": [
                -0.26503148674964905,
                -0.16519832611083984,
                0.6426047682762146,
                0.6996620297431946
            ],
            "quaternion_xyzw_world": [
                -0.18658624589443207,
                -0.6212168335914612,
                -0.24364353716373444,
                0.721049964427948
            ],
            "segmentation_id": 11,
            "visibility": 0
        },
        {
            "bounding_box_minx_maxx_miny_maxy": [
                -1,
                -1,
                -1,
                -1
            ],
            "class": "Dog",
            "local_cuboid": null,
            "local_to_world_matrix": [
                [
                    -0.4136165380477905,
                    -0.7355069518089294,
                    0.5366111993789673,
                    0.0
                ],
                [
                    -0.8977276682853699,
                    0.23127710819244385,
                    -0.374961793422699,
                    0.0
                ],
                [
                    0.15168096125125885,
                    -0.6368208527565002,
                    -0.7559449672698975,
                    0.0
                ],
                [
                    0.2804531157016754,
                    0.20028290152549744,
                    -0.3483043611049652,
                    1.0
                ]
            ],
            "location": [
                -0.20028290152549744,
                -0.3483043611049652,
                -0.2804531157016754
            ],
            "location_world": [
                0.2804531157016754,
                0.20028290152549744,
                -0.3483043611049652
            ],
            "name": "google_Dog_11",
            "projected_cuboid": [
                [
                    311.4941418170929,
                    951.5770673751831
                ],
                [
                    223.07930886745453,
                    1848.616600036621
                ],
                [
                    -301.9482493400574,
                    1559.672474861145
                ],
                [
                    73.8987922668457,
                    729.9408316612244
                ],
                [
                    64.41941857337952,
                    969.3118929862976
                ],
                [
                    -143.8840925693512,
                    1562.5805854797363
                ],
                [
                    -507.48318433761597,
                    1352.0351648330688
                ],
                [
                    -135.82667708396912,
                    800.7926344871521
                ],
                [
                    -27.41655707359314,
                    1117.2953844070435
                ]
            ],
            "provenance": "visii",
            "quaternion_xyzw": [
                -0.7520222663879395,
                -0.10150426626205444,
                -0.3492041230201721,
                -0.5497418642044067
            ],
            "quaternion_xyzw_world": [
                -0.5270321369171143,
                0.7747319936752319,
                -0.32649439573287964,
                -0.12421399354934692
            ],
            "segmentation_id": 12,
            "visibility": 0
        },
        {
            "bounding_box_minx_maxx_miny_maxy": [
                -1,
                -1,
                -1,
                -1
            ],
            "class": "Black",
            "local_cuboid": null,
            "local_to_world_matrix": [
                [
                    -0.7319773435592651,
                    0.41939109563827515,
                    0.5369547009468079,
                    0.0
                ],
                [
                    -0.1994655877351761,
                    -0.8854773044586182,
                    0.41969460248947144,
                    0.0
                ],
                [
                    0.6514772772789001,
                    0.20010294020175934,
                    0.731803297996521,
                    0.0
                ],
                [
                    0.20579758286476135,
                    -0.04672827199101448,
                    -0.5145530104637146,
                    1.0
                ]
            ],
            "location": [
                0.04672827199101448,
                -0.5145530104637146,
                -0.20579758286476135
            ],
            "location_world": [
                0.20579758286476135,
                -0.04672827199101448,
                -0.5145530104637146
            ],
            "name": "google_Black_Elderberry_Syrup_54_oz_Gaia_Herbs_12",
            "projected_cuboid": [
                [
                    206.75696432590485,
                    1107.520580291748
                ],
                [
                    320.3299045562744,
                    1089.752197265625
                ],
                [
                    455.3537368774414,
                    1891.1539316177368
                ],
                [
                    277.1751284599304,
                    1868.224859237671
                ],
                [
                    256.48635625839233,
                    1054.5036792755127
                ],
                [
                    356.85810446739197,
                    1037.1099710464478
                ],
                [
                    481.94998502731323,
                    1664.2279624938965
                ],
                [
                    334.453821182251,
                    1656.917691230774
                ],
                [
                    326.82085037231445,
                    1350.406289100647
                ]
            ],
            "provenance": "visii",
            "quaternion_xyzw": [
                0.45066386461257935,
                0.7890758514404297,
                0.2950505018234253,
                -0.29530754685401917
            ],
            "quaternion_xyzw_world": [
                0.3246908485889435,
                0.1693345308303833,
                0.9150488972663879,
                0.16907748579978943
            ],
            "segmentation_id": 13,
            "visibility": 0
        },
        {
            "bounding_box_minx_maxx_miny_maxy": [
                28,
                51,
                20,
                64
            ],
            "class": "Razer",
