{
    "camera_data": {
        "camera_look_at": {
            "at": [
                1.0,
                0.0,
                0.0
            ],
            "eye": [
                0.0,
                0.0,
                0.0
            ],
            "up": [
                0.0,
                0.0,
                1.0
            ]
        },
        "camera_view_matrix": [
            [
                0.0,
                0.0,
                -1.0,
                0.0
            ],
            [
                -1.0,
                0.0,
                0.0,
                0.0
            ],
            [
                0.0,
                1.0,
                0.0,
                0.0
            ],
            [
                0.0,
                0.0,
                0.0,
                1.0
            ]
        ],
        "height": 500,
        "intrinsics": {
            "cx": 250.0,
            "cy": 250.0,
            "fx": 603.5535278320312,
            "fy": 603.5535278320312
        },
        "location_world": [
            0.0,
            0.0,
            0.0
        ],
        "quaternion_world_xyzw": [
            0.5,
            -0.5,
            -0.5,
            0.5
        ],
        "width": 500
    },
    "objects": [
        {
            "bounding_box_minx_maxx_miny_maxy": [
                -1,
                -1,
                -1,
                -1
            ],
            "class": "Reebok",
            "local_cuboid": null,
            "local_to_world_matrix": [
                [
                    0.9193835854530334,
                    0.08797353506088257,
                    0.38339856266975403,
                    0.0
                ],
                [
                    -0.3590575158596039,
                    -0.21039748191833496,
                    0.9092913269996643,
                    0.0
                ],
                [
                    0.16065964102745056,
                    -0.9736496806144714,
                    -0.16184842586517334,
                    0.0
                ],
                [
                    1.3171089887619019,
                    -0.379860520362854,
                    0.2298649549484253,
                    1.0
                ]
            ],
            "location": [
                0.379860520362854,
                0.2298649549484253,
                -1.3171089887619019
            ],
            "location_world": [
                1.3171089887619019,
                -0.379860520362854,
                0.2298649549484253
            ],
            "name": "google_Reebok_SOMERSET_RUN_0",
            "projected_cuboid": [
                [
                    441.540390253067,
                    208.24651420116425
                ],
                [
                    484.44998264312744,
                    84.66486632823944
                ],
                [
                    435.94682216644287,
                    73.70750606060028
                ],
                [
                    396.05945348739624,
                    199.72065091133118
                ],
                [
                    460.89646220207214,
                    224.54692423343658
                ],
                [
                    509.07379388809204,
                    91.94211661815643
                ],
                [
                    456.79914951324463,
                    80.15915751457214
                ],
                [
                    412.10824251174927,
                    215.58046340942383
                ],
                [
                    448.51547479629517,
                    149.69485998153687
                ]
            ],
            "provenance": "visii",
            "quaternion_xyzw": [
                0.2021106332540512,
                0.7344938516616821,
                0.06712415814399719,
                0.6443325877189636
            ],
            "quaternion_xyzw_world": [
                0.7569064497947693,
                -0.08953681588172913,
                0.17969797551631927,
                0.6219199895858765
            ],
            "segmentation_id": 1,
            "visibility": 0
        },
        {
            "bounding_box_minx_maxx_miny_maxy": [
                -1,
                -1,
                -1,
                -1
            ],
            "class": "Breyer",
            "local_cuboid": null,
            "local_to_world_matrix": [
                [
                    0.7465704679489136,
                    -0.6652266383171082,
                    -0.01030820608139038,
                    0.0
                ],
                [
                    -0.6165154576301575,
                    -0.6859130859375,
                    -0.38656502962112427,
                    0.0
                ],
                [
                    0.25008276104927063,
                    0.29495322704315186,
                    -0.922204852104187,
                    0.0
                ],
                [
                    0.9274129867553711,
                    0.4713335633277893,
                    -0.49550971388816833,
                    1.0
                ]
            ],
            "location": [
                -0.4713335633277893,
                -0.49550971388816833,
                -0.9274129867553711
            ],
            "location_world": [
                0.9274129867553711,
                0.4713335633277893,
                -0.49550971388816833
            ],
            "name": "google_Breyer_Horse_Of_The_Year_2015_1",
            "projected_cuboid": [
                [
                    -6.797850131988525,
                    605.9229373931885
                ],
                [
                    7.501751184463501,
                    631.2451958656311
                ],
                [
                    25.605037808418274,
                    560.1034760475159
                ],
                [
                    10.147124528884888,
                    536.297857761383
                ],
                [
                    -160.0872278213501,
                    672.978401184082
                ],
                [
                    -149.2624580860138,
                    706.1648368835449
                ],
                [
                    -134.67037677764893,
                    623.5606670379639
                ],
                [
                    -146.58567309379578,
                    592.3209190368652
                ],
                [
                    -62.3871386051178,
                    613.5904788970947
                ]
            ],
            "provenance": "visii",
            "quaternion_xyzw": [
                0.7585965394973755,
                0.22264954447746277,
                -0.3432403802871704,
                0.5070943832397461
            ],
            "quaternion_xyzw_world": [
                0.9157904386520386,
                -0.349900484085083,
                0.06545563042163849,
                -0.18604645133018494
            ],
            "segmentation_id": 2,
            "visibility": 0
        },
        {
            "bounding_box_minx_maxx_miny_maxy": [
                0,
                99,
                1,
                81
            ],
            "class": "Smith",
            "local_cuboid": null,
            "local_to_world_matrix": [
                [
                    -0.015212297439575195,
                    -0.9318588972091675,
                    0.36250191926956177,
                    0.0
                ],
                [
                    0.7727075815200806,
                    0.2191334366798401,
                    0.5957378149032593,
                    0.0
                ],
                [
                    -0.6345798373222351,
                    0.2891704738140106,
                    0.7167209386825562,
                    0.0
                ],
                [
                    1.507496953010559,
                    0.4904894232749939,
                    0.4340209662914276,
                    1.0
                ]
            ],
            "location": [
                -0.4904894232749939,
                0.4340209662914276,
                -1.507496953010559
            ],
            "location_world": [
                1.507496953010559,
                0.4904894232749939,
                0.4340209662914276
            ],
            "name": "google_Smith_Hawken_Woven_BasketTray_Organizer_with_3_Compartments_95_x_9_x_13_2",
            "projected_cuboid": [
                [
                    68.16230714321136,
                    -50.5843460559845
                ],
                [
                    69.6452260017395,
                    -73.46963882446289
                ],
                [
                    118.10310184955597,
                    33.48849713802338
                ],
                [
                    123.66823852062225,
                    68.75254213809967
                ],
                [
                    -94.83262896537781,
                    14.467313885688782
                ],
                [
                    -70.79887390136719,
                    -17.33297109603882
                ],
                [
                    -7.612645626068115,
                    83.30704271793365
                ],
                [
                    -19.81741189956665,
                    125.46700239181519
                ],
                [
                    25.274723768234253,
                    25.19632875919342
                ]
            ],
            "provenance": "visii",
            "quaternion_xyzw": [
                -0.418790340423584,
                -0.0855848491191864,
                0.16354140639305115,
                0.8891255259513855
            ],
            "quaternion_xyzw_world": [
                0.11060445755720139,
                -0.35973072052001953,
                -0.61497962474823,
                0.6929361820220947
            ],
            "segmentation_id": 3,
            "visibility": 1
        },
        {
            "bounding_box_minx_maxx_miny_maxy": [
                -1,
                -1,
                -1,
                -1
            ],
            "class": "Paul",
            "local_cuboid": null,
            "local_to_world_matrix": [
                [
                    -0.8987782001495361,
                    -0.09400604665279388,
                    -0.4282064437866211,
                    0.0
                ],
                [
                    0.2861102223396301,
                    0.6142885684967041,
                    -0.7353846430778503,
                    0.0
                ],
                [
                    0.3321729302406311,
                    -0.78346186876297,
                    -0.5252130031585693,
                    0.0
                ],
                [
                    0.26003298163414,
                    -0.35738423466682434,
                    -0.11800083518028259,
                    1.0
                ]
            ],
            "location": [
                0.35738423466682434,
                -0.11800083518028259,
                -0.26003298163414
            ],
            "location_world": [
                0.26003298163414,
                -0.35738423466682434,
                -0.11800083518028259
            ],
            "name": "google_Paul_Frank_Dot_Lunch_Box_3",
            "projected_cuboid": [
                [
                    1989.6974563598633,
                    1013.9943361282349
                ],
                [
                    1588.6667966842651,
                    1118.006944656372
                ],
                [
                    1546.907901763916,
                    1075.5470991134644
                ],
                [
                    2183.4425926208496,
                    897.3700404167175
                ],
                [
                    1018.7500715255737,
                    447.66294956207275
                ],
                [
                    883.2506537437439,
                    536.5022420883179
                ],
                [
                    728.4210920333862,
                    405.6696593761444
                ],
                [
                    879.5406222343445,
                    286.7995798587799
                ],
                [
                    1157.5093269348145,
                    612.6226186752319
                ]
            ],
            "provenance": "visii",
            "quaternion_xyzw": [
                -0.7351128458976746,
                0.35453569889068604,
                -0.5721026062965393,
                -0.08131499588489532
            ],
            "quaternion_xyzw_world": [
                0.055105239152908325,
                0.8715330958366394,
                -0.43568238615989685,
                0.21811546385288239
            ],
            "segmentation_id": 4,
            "visibility": 0
        },
        {
            "bounding_box_minx_maxx_miny_maxy": [
                0,
                85,
                61,
                154
            ],
            "class": "Toys",
            "local_cuboid": null,
            "local_to_world_matrix": [
                [
                    -0.5198465585708618,
                    0.847516655921936,
                    -0.10712489485740662,
                    0.0
                ],
                [
                    0.34610846638679504,
                    0.09430861473083496,
                    -0.9334425926208496,
                    0.0
                ],
                [
                    -0.7810051441192627,
                    -0.522323489189148,
                    -0.34235894680023193,
                    0.0
                ],
                [
                    1.0801944732666016,
                    0.3974330723285675,
                    0.26626524329185486,
                    1.0
                ]
            ],
            "location": [
                -0.3974330723285675,
                0.26626524329185486,
                -1.0801944732666016
            ],
            "location_world": [
                1.0801944732666016,
                0.3974330723285675,
                0.26626524329185486
            ],
            "name": "google_Toys_R_Us_Treat_Dispenser_Smart_Puzzle_Foobler_4",
            "projected_cuboid": [
                [
                    -3.6953389644622803,
                    62.70699203014374
                ],
                [
                    1.3251900672912598,
                    164.82189297676086
                ],
                [
                    -16.087621450424194,
                    144.66503262519836
                ],
                [
                    -21.429598331451416,
                    53.567469120025635
                ],
                [
                    98.51349890232086,
                    67.90289282798767
                ],
                [
                    97.84089028835297,
                    161.75290942192078
                ],
                [
                    71.56479358673096,
                    143.33003759384155
                ],
                [
                    70.88415324687958,
                    58.86611342430115
                ],
                [
                    38.6103093624115,
                    108.02724957466125
                ]
            ],
            "provenance": "visii",
            "quaternion_xyzw": [
                -0.2760982811450958,
                0.1823931336402893,
                -0.9436584115028381,
                0.0033953189849853516
            ],
            "quaternion_xyzw_world": [
                0.4266742765903473,
                0.6993772387504578,
                -0.5203794240951538,
                -0.24088583886623383
            ],
            "segmentation_id": 5,
            "visibility": 1
        },
        {
            "bounding_box_minx_maxx_miny_maxy": [
                -1,
                -1,
                -1,
                -1
            ],
            "class": "Tag",
            "local_cuboid": null,
            "local_to_world_matrix": [
                [
                    -0.23205161094665527,
                    -0.916688084602356,
                    0.32532280683517456,
                    0.0
                ],
                [
                    0.6419873237609863,
                    0.10692644119262695,
                    0.759222686290741,
                    0.0
                ],
                [
                    -0.7307559847831726,
                    0.3850319981575012,
                    0.5636897087097168,
                    0.0
                ],
                [
                    0.303779274225235,
                    0.15870662033557892,
                    -0.41373175382614136,
                    1.0
                ]
            ],
            "location": [
                -0.15870662033557892,
                -0.41373175382614136,
                -0.303779274225235
            ],
            "location_world": [
                0.303779274225235,
                0.15870662033557892,
                -0.41373175382614136
            ],
            "name": "google_Tag_Dishtowel_Basket_Weave_Red_18_x_26_5",
            "projected_cuboid": [
                [
                    -18.295377492904663,
                    1744.5509433746338
                ],
                [
                    56.99901282787323,
                    753.4682750701904
                ],
                [
                    93.27468276023865,
                    750.7778406143188
                ],
                [
                    53.087249398231506,
                    1619.2723512649536
                ],
                [
                    -393.2405114173889,
                    1629.6546459197998
                ],
                [
                    -175.51809549331665,
                    789.8303866386414
                ],
                [
                    -127.97912955284119,
                    785.0822806358337
                ],
                [
                    -294.8229908943176,
                    1536.065936088562
                ],
                [
                    -93.35890412330627,
                    1087.9263877868652
                ]
            ],
            "provenance": "visii",
            "quaternion_xyzw": [
                -0.32661503553390503,
                -0.16716648638248444,
                0.11709530651569366,
                0.9228578805923462
            ],
            "quaternion_xyzw_world": [
                0.15599054098129272,
                -0.4402523338794708,
                -0.649772047996521,
                0.5997008681297302
            ],
            "segmentation_id": 6,
            "visibility": 0
        },
        {
            "bounding_box_minx_maxx_miny_maxy": [
                -1,
                -1,
                -1,
                -1
            ],
            "class": "FRACTION",
            "local_cuboid": null,
            "local_to_world_matrix": [
                [
                    0.8994139432907104,
                    -0.20304358005523682,
                    0.3870760202407837,
                    0.0
                ],
                [
                    0.31010425090789795,
                    -0.3276780843734741,
                    -0.8924474716186523,
                    0.0
                ],
                [
                    0.308042049407959,
                    0.9227136373519897,
                    -0.23175358772277832,
                    0.0
                ],
                [
                    0.394369512796402,
                    -0.27100908756256104,
                    0.28342360258102417,
                    1.0
                ]
            ],
            "location": [
                0.27100908756256104,
                0.28342360258102417,
                -0.394369512796402
            ],
            "location_world": [
                0.394369512796402,
                -0.27100908756256104,
                0.28342360258102417
            ],
            "name": "google_FRACTION_FUN_n4h4qte23QR_6",
            "projected_cuboid": [
                [
                    536.9653701782227,
                    -266.79331064224243
                ],
                [
                    576.8458843231201,
                    -10.571032762527466
                ],
                [
                    634.154736995697,
                    -29.75642681121826
                ],
                [
                    600.6366014480591,
                    -296.3019609451294
                ],
                [
                    616.1985397338867,
                    -401.9278883934021
                ],
                [
                    660.6451272964478,
                    -10.932832956314087
                ],
                [
                    747.4145293235779,
                    -38.897693157196045
                ],
                [
                    718.6545133590698,
                    -454.0495276451111
                ],
                [
                    627.4456977844238,
                    -168.81203651428223
                ]
            ],
            "provenance": "visii",
            "quaternion_xyzw": [
                -0.7751666307449341,
                -0.23051628470420837,
                0.5876567363739014,
                0.02526899427175522
            ],
            "quaternion_xyzw_world": [
                -0.784035325050354,
                -0.03413771092891693,
                -0.22164756059646606,
                0.5787880420684814
            ],
            "segmentation_id": 7,
            "visibility": 0
        },
        {
            "bounding_box_minx_maxx_miny_maxy": [
                0,
                231,
                1,
                143
            ],
            "class": "FAIRY",
            "local_cuboid": null,
            "local_to_world_matrix": [
                [
                    -0.5896823406219482,
                    -0.6530263423919678,
                    0.47521787881851196,
                    0.0
                ],
                [
                    0.6788185834884644,
                    -0.719552755355835,
                    -0.14645813405513763,
                    0.0
                ],
                [
                    0.43758511543273926,
                    0.23622293770313263,
                    0.8675932288169861,
                    0.0
                ],
                [
                    0.41574564576148987,
                    0.046190984547138214,
                    0.16700738668441772,
                    1.0
                ]
            ],
            "location": [
                -0.046190984547138214,
                0.16700738668441772,
                -0.41574564576148987
            ],
            "location_world": [
                0.41574564576148987,
                0.046190984547138214,
                0.16700738668441772
            ],
            "name": "google_FAIRY_TALE_BLOCKS_7",
            "projected_cuboid": [
                [
                    55.28494715690613,
                    -507.4148178100586
                ],
                [
                    338.62751722335815,
                    -206.02604746818542
                ],
                [
                    432.23389983177185,
                    -38.747936487197876
                ],
                [
                    106.00848495960236,
                    -337.4732732772827
                ],
                [
                    -84.19367671012878,
                    -141.15986227989197
                ],
                [
                    175.0483214855194,
                    -2.383321523666382
                ],
                [
                    217.3985242843628,
                    157.02465176582336
                ],
                [
                    -86.2460732460022,
                    56.22944235801697
                ],
                [
                    156.2810242176056,
                    -93.47167611122131
                ]
            ],
            "provenance": "visii",
            "quaternion_xyzw": [
                0.7478418350219727,
                0.3994060754776001,
                0.11815975606441498,
                -0.5169582366943359
            ],
            "quaternion_xyzw_world": [
                0.2560649812221527,
                0.0251813605427742,
                0.8911829590797424,
                -0.37361714243888855
            ],
            "segmentation_id": 8,
            "visibility": 1
        },
        {
            "bounding_box_minx_maxx_miny_maxy": [
                -1,
                -1,
                -1,
                -1
            ],
            "class": "Great",
            "local_cuboid": null,
            "local_to_world_matrix": [
                [
                    0.4148203730583191,
                    -0.5532665848731995,
                    0.7223712205886841,
                    0.0
                ],
                [
                    -0.8890282511711121,
                    -0.07736504077911377,
                    0.4512687027454376,
                    0.0
                ],
                [
                    -0.19378557801246643,
                    -0.8294038772583008,
                    -0.5239622592926025,
                    0.0
                ],
                [
                    0.5181129574775696,
                    -0.15563660860061646,
                    -0.2913650870323181,
                    1.0
                ]
            ],
            "location": [
                0.15563660860061646,
                -0.2913650870323181,
                -0.5181129574775696
            ],
            "location_world": [
                0.5181129574775696,
                -0.15563660860061646,
                -0.2913650870323181
            ],
            "name": "google_Great_Jones_Wingtip_kAqSg6EgG0I_8",
            "projected_cuboid": [
                [
                    496.45406007766724,
                    599.7374057769775
                ],
                [
                    714.4181728363037,
                    631.359338760376
                ],
                [
                    547.5431680679321,
                    521.1218595504761
                ],
                [
                    404.72543239593506,
                    535.499095916748
                ],
                [
                    454.32236790657043,
                    705.4009437561035
                ],
                [
                    667.4142479896545,
                    829.0512561798096
                ],
                [
                    481.8391799926758,
                    692.3139095306396
                ],
                [
                    357.380211353302,
                    632.8107714653015
                ],
                [
                    491.31885170936584,
                    632.2663426399231
                ]
            ],
            "provenance": "visii",
            "quaternion_xyzw": [
                0.47650086879730225,
                0.4195880591869354,
                0.21751457452774048,
                0.7413367033004761
            ],
            "quaternion_xyzw_world": [
                0.7099555730819702,
                -0.5078820586204529,
                0.18613334000110626,
                0.45096924901008606
            ],
            "segmentation_id": 9,
            "visibility": 0
        },
        {
            "bounding_box_minx_maxx_miny_maxy": [
                445,
                499,
                279,
                382
            ],
            "class": "Ecoforms",
            "local_cuboid": null,
            "local_to_world_matrix": [
                [
                    0.04072636365890503,
                    -0.9800155162811279,
                    -0.19470755755901337,
                    0.0
                ],
                [
                    0.8530997037887573,
                    -0.06734073162078857,
                    0.5173839926719666,
                    0.0
                ],
                [
                    -0.5201560258865356,
                    -0.1871761679649353,
                    0.8333083391189575,
                    0.0
                ],
                [
                    0.5615366101264954,
                    -0.251315176486969,
                    -0.15017998218536377,
                    1.0
                ]
            ],
            "location": [
                0.251315176486969,
                -0.15017998218536377,
                -0.5615366101264954
            ],
            "location_world": [
                0.5615366101264954,
                -0.251315176486969,
                -0.15017998218536377
            ],
            "name": "google_Ecoforms_Plant_Container_Quadra_Sand_QP6_9",
            "projected_cuboid": [
                [
                    812.426507472992,
                    367.86770820617676
                ],
                [
                    663.020670413971,
                    227.42313146591187
                ],
                [
                    577.5743722915649,
                    361.58275604248047
                ],
                [
                    671.3232398033142,
                    521.5378999710083
                ],
                [
                    534.1322422027588,
                    312.6988708972931
                ],
                [
                    464.5302891731262,
                    186.51553988456726
                ],
                [
                    405.2858352661133,
                    327.9171586036682
                ],
                [
                    441.9218897819519,
                    479.01636362075806
                ],
                [
                    561.2574219703674,
                    343.22184324264526
                ]
            ],
            "provenance": "visii",
            "quaternion_xyzw": [
                -0.48540589213371277,
                0.06559816002845764,
                -0.07542642951011658,
                0.8685556650161743
            ],
            "quaternion_xyzw_world": [
                0.2620871663093567,
                -0.12106258422136307,
                -0.6818948984146118,
                0.6720666289329529
            ],
            "segmentation_id": 10,
            "visibility": 1
        },
        {
            "bounding_box_minx_maxx_miny_maxy": [
                -1,
                -1,
                -1,
                -1
            ],
            "class": "ReadytoUse",
            "local_cuboid": null,
            "local_to_world_matrix": [
                [
                    -0.980839729309082,
                    0.17373181879520416,
                    -0.08815228193998337,
                    0.0
                ],
                [
                    0.1723015457391739,
                    0.9847605228424072,
                    0.023641321808099747,
                    0.0
                ],
                [
                    0.09091613441705704,
                    0.007999571971595287,
                    -0.9958264827728271,
                    0.0
                ],
                [
                    0.3372785747051239,
                    0.40444889664649963,
                    -0.3454400300979614,
                    1.0
                ]
            ],
            "location": [
                -0.40444889664649963,
                -0.3454400300979614,
                -0.3372785747051239
            ],
            "location_world": [
                0.3372785747051239,
                0.40444889664649963,
                -0.3454400300979614
            ],
            "name": "google_ReadytoUse_Rolled_Fondant_Pure_White_24_oz_box_10",
            "projected_cuboid": [
                [
                    -569.1371560096741,
                    1334.8448276519775
                ],
                [
                    -644.001305103302,
                    1301.6114234924316
                ],
                [
                    -689.7162795066833,
                    999.3854761123657
                ],
                [
                    -612.0703816413879,
                    1025.1312255859375
                ],
                [
                    -298.43395948410034,
                    1001.8630027770996
                ],
                [
                    -357.3562502861023,
                    984.9103689193726
                ],
                [
                    -378.5289525985718,
                    760.4458332061768
                ],
                [
                    -317.7633285522461,
                    773.224949836731
                ],
                [
                    -458.304762840271,
                    1000.8506774902344
                ]
            ],
            "provenance": "visii",
            "quaternion_xyzw": [
                -0.47263702750205994,
                0.567514181137085,
                -0.514581024646759,
                -0.435601145029068
            ],
            "quaternion_xyzw_world": [
                0.08692849427461624,
                0.9951666593551636,
                0.00794864259660244,
                0.04498453065752983
            ],
            "segmentation_id": 11,
            "visibility": 0
        },
        {
            "bounding_box_minx_maxx_miny_maxy": [
                131,
                340,
                455,
                500
            ],
            "class": "Dog",
            "local_cuboid": null,
            "local_to_world_matrix": [
                [
                    -0.21362924575805664,
                    0.23926904797554016,
                    0.9471604228019714,
                    0.0
                ],
                [
                    -0.9422059059143066,
                    0.2056790590286255,
                    -0.2644697427749634,
                    0.0
                ],
                [
                    -0.25809043645858765,
                    -0.9489185810089111,
                    0.1815016269683838,
                    0.0
                ],
                [
                    0.44188979268074036,
                    0.08307778090238571,
                    -0.2971574366092682,
                    1.0
                ]
            ],
            "location": [
                -0.08307778090238571,
                -0.2971574366092682,
                -0.44188979268074036
            ],
            "location_world": [
                0.44188979268074036,
                0.08307778090238571,
                -0.2971574366092682
            ],
            "name": "google_Dog_11",
            "projected_cuboid": [
                [
                    379.0765404701233,
                    415.94332456588745
                ],
                [
                    377.38174200057983,
                    628.3175945281982
                ],
                [
                    9.883016347885132,
                    635.5424523353577
                ],
                [
                    139.34966921806335,
                    442.33447313308716
                ],
                [
                    433.0848455429077,
                    663.8087034225464
                ],
                [
                    460.65789461135864,
                    977.0869016647339
                ],
                [
                    130.02026081085205,
                    935.9038472175598
                ],
                [
                    209.81091260910034,
                    664.7976636886597
                ],
                [
                    265.70621132850647,
                    652.6292562484741
                ]
            ],
            "provenance": "visii",
            "quaternion_xyzw": [
                0.4379241466522217,
                0.4232932925224304,
                0.6636695861816406,
                0.4342670738697052
            ],
            "quaternion_xyzw_world": [
                0.31590747833251953,
                -0.5562837719917297,
                0.5453099608421326,
                0.5416529178619385
            ],
            "segmentation_id": 12,
            "visibility": 1
        },
        {
            "bounding_box_minx_maxx_miny_maxy": [
                -1,
                -1,
                -1,
                -1
            ],
            "class": "Black",
            "local_cuboid": null,
            "local_to_world_matrix": [
                [
                    0.6122816205024719,
                    -0.7559356093406677,
                    0.23167353868484497,
                    0.0
                ],
                [
                    -0.7004219889640808,
                    -0.6545364856719971,
                    -0.2845894396305084,
                    0.0
                ],
                [
                    0.36677002906799316,
                    0.011979639530181885,
                    -0.9302346706390381,
                    0.0
                ],
                [
                    0.9413300156593323,
                    0.1863190084695816,
                    -0.19163616001605988,
                    1.0
                ]
            ],
            "location": [
                -0.1863190084695816,
                -0.19163616001605988,
                -0.9413300156593323
            ],
            "location_world": [
                0.9413300156593323,
                0.1863190084695816,
                -0.19163616001605988
            ],
            "name": "google_Black_Elderberry_Syrup_54_oz_Gaia_Herbs_12",
            "projected_cuboid": [
                [
                    141.4007693529129,
                    432.1196973323822
                ],
                [
                    160.4137122631073,
                    449.9610364437103
                ],
                [
                    156.44976496696472,
                    374.4620382785797
                ],
                [
                    136.5712583065033,
                    358.8413894176483
                ],
                [
                    111.46813631057739,
                    446.51147723197937
                ],
                [
                    129.88117337226868,
                    465.62814712524414
                ],
                [
                    123.96444380283356,
                    388.1281614303589
                ],
                [
                    104.77316379547119,
                    371.330201625824
                ],
                [
                    133.26619565486908,
                    411.5963578224182
                ]
            ],
            "provenance": "visii",
            "quaternion_xyzw": [
                0.7757730484008789,
                0.2855893075466156,
                -0.20117394626140594,
                0.5254940986633301
            ],
            "quaternion_xyzw_world": [
                0.8940151929855347,
                -0.40725192427635193,
                0.16734714806079865,
                -0.08293177932500839
            ],
            "segmentation_id": 13,
            "visibility": 0
        },
        {
            "bounding_box_minx_maxx_miny_maxy": [
                -1,
                -1,
                -1,
                -1
            ],
            "class": "Razer",
