{
    "camera_data": {
        "camera_look_at": {
            "at": [
                1.0,
                0.0,
                0.0
            ],
            "eye": [
                0.0,
                0.0,
                0.0
            ],
            "up": [
                0.0,
                0.0,
                1.0
            ]
        },
        "camera_view_matrix": [
            [
                0.0,
                0.0,
                -1.0,
                0.0
            ],
            [
                -1.0,
                0.0,
                0.0,
                0.0
            ],
            [
                0.0,
                1.0,
                0.0,
                0.0
            ],
            [
                0.0,
                0.0,
                0.0,
                1.0
            ]
        ],
        "height": 500,
        "intrinsics": {
            "cx": 250.0,
            "cy": 250.0,
            "fx": 603.5535278320312,
            "fy": 603.5535278320312
        },
        "location_world": [
            0.0,
            0.0,
            0.0
        ],
        "quaternion_world_xyzw": [
            0.5,
            -0.5,
            -0.5,
            0.5
        ],
        "width": 500
    },
    "objects": [
        {
            "bounding_box_minx_maxx_miny_maxy": [
                -1,
                -1,
                -1,
                -1
            ],
            "class": "Reebok",
            "local_cuboid": null,
            "local_to_world_matrix": [
                [
                    0.9222419261932373,
                    0.3341914117336273,
                    -0.19438600540161133,
                    0.0
                ],
                [
                    -0.12269633263349533,
                    0.729798436164856,
                    0.6725621223449707,
                    0.0
                ],
                [
                    0.3666270971298218,
                    -0.5964145660400391,
                    0.7140548229217529,
                    0.0
                ],
                [
                    1.1800403594970703,
                    -0.4961470365524292,
                    0.2518766224384308,
                    1.0
                ]
            ],
            "location": [
                0.4961470365524292,
                0.2518766224384308,
                -1.1800403594970703
            ],
            "location_world": [
                1.1800403594970703,
                -0.4961470365524292,
                0.2518766224384308
            ],
            "name": "google_Reebok_SOMERSET_RUN_0",
            "projected_cuboid": [
                [
                    555.0488233566284,
                    144.80027556419373
                ],
                [
                    461.189329624176,
                    47.26341366767883
                ],
                [
                    434.1714382171631,
                    81.36720955371857
                ],
                [
                    532.0031046867371,
                    181.24568462371826
                ],
                [
                    600.9194850921631,
                    124.44551289081573
                ],
                [
                    500.0126361846924,
                    17.46615767478943
                ],
                [
                    471.9499945640564,
                    53.625285625457764
                ],
                [
                    577.4841904640198,
                    163.44530880451202
                ],
                [
                    516.6565179824829,
                    102.67671942710876
                ]
            ],
            "provenance": "visii",
            "quaternion_xyzw": [
                -0.2999473214149475,
                0.7702890038490295,
                0.27157050371170044,
                0.4928853213787079
            ],
            "quaternion_xyzw_world": [
                0.34582823514938354,
                0.15289026498794556,
                0.12451346963644028,
                0.9173460602760315
            ],
            "segmentation_id": 1,
            "visibility": 0
        },
        {
            "bounding_box_minx_maxx_miny_maxy": [
                -1,
                -1,
                -1,
                -1
            ],
            "class": "Breyer",
            "local_cuboid": null,
            "local_to_world_matrix": [
                [
                    -0.8119041919708252,
                    0.09735149145126343,
                    -0.5756164789199829,
                    0.0
                ],
                [
                    0.4284932017326355,
                    -0.5702818632125854,
                    -0.7008368372917175,
                    0.0
                ],
                [
                    -0.3964911103248596,
                    -0.8156600594520569,
                    0.4212997555732727,
                    0.0
                ],
                [
                    0.5616422891616821,
                    0.29146358370780945,
                    -0.4269368350505829,
                    1.0
                ]
            ],
            "location": [
                -0.29146358370780945,
                -0.4269368350505829,
                -0.5616422891616821
            ],
            "location_world": [
                0.5616422891616821,
                0.29146358370780945,
                -0.4269368350505829
            ],
            "name": "google_Breyer_Horse_Of_The_Year_2015_1",
            "projected_cuboid": [
                [
                    -40.66559672355652,
                    880.8656334877014
                ],
                [
                    23.588821291923523,
                    901.793360710144
                ],
                [
                    -104.44110631942749,
                    900.4724621772766
                ],
                [
                    -167.08120703697205,
                    882.2551369667053
                ],
                [
                    76.03032886981964,
                    540.5294299125671
                ],
                [
                    115.7289445400238,
                    568.8289403915405
                ],
                [
                    15.23713767528534,
                    598.0945825576782
                ],
                [
                    -24.57481622695923,
                    573.5841989517212
                ],
                [
                    -5.54889440536499,
                    703.2359838485718
                ]
            ],
            "provenance": "visii",
            "quaternion_xyzw": [
                0.5493164658546448,
                -0.0024278461933135986,
                0.7407225370407104,
                -0.3867502212524414
            ],
            "quaternion_xyzw_world": [
                -0.29029205441474915,
                -0.4528582990169525,
                0.8371806740760803,
                -0.09888597577810287
            ],
            "segmentation_id": 2,
            "visibility": 0
        },
        {
            "bounding_box_minx_maxx_miny_maxy": [
                43,
                198,
                114,
                237
            ],
            "class": "Smith",
            "local_cuboid": null,
            "local_to_world_matrix": [
                [
                    0.7821313738822937,
                    -0.22590428590774536,
                    -0.5807218551635742,
                    0.0
                ],
                [
                    0.4310387969017029,
                    -0.4768599271774292,
                    0.766035795211792,
                    0.0
                ],
                [
                    -0.44997355341911316,
                    -0.8494542837142944,
                    -0.275593638420105,
                    0.0
                ],
                [
                    1.6186023950576782,
                    0.4549659192562103,
                    0.22738531231880188,
                    1.0
                ]
            ],
            "location": [
                -0.4549659192562103,
                0.22738531231880188,
                -1.6186023950576782
            ],
            "location_world": [
                1.6186023950576782,
                0.4549659192562103,
                0.22738531231880188
            ],
            "name": "google_Smith_Hawken_Woven_BasketTray_Organizer_with_3_Compartments_95_x_9_x_13_2",
            "projected_cuboid": [
                [
                    155.2983522415161,
                    269.6901559829712
                ],
                [
                    205.26449382305145,
                    198.10333847999573
                ],
                [
                    132.3038786649704,
                    176.923930644989
                ],
                [
                    81.13141357898712,
                    242.04851686954498
                ],
                [
                    96.92011773586273,
                    176.71969532966614
                ],
                [
                    161.46701574325562,
                    98.13149273395538
                ],
                [
                    78.52722704410553,
                    80.94224333763123
                ],
                [
                    12.995943427085876,
                    151.5011191368103
                ],
                [
                    117.53205955028534,
                    176.83862149715424
                ]
            ],
            "provenance": "visii",
            "quaternion_xyzw": [
                -0.04973733052611351,
                0.5220531821250916,
                -0.33839094638824463,
                0.7813312411308289
            ],
            "quaternion_xyzw_world": [
                0.7960190176963806,
                0.06442513316869736,
                -0.3237031400203705,
                0.5073654055595398
            ],
            "segmentation_id": 3,
            "visibility": 1
        },
        {
            "bounding_box_minx_maxx_miny_maxy": [
                -1,
                -1,
                -1,
                -1
            ],
            "class": "Paul",
            "local_cuboid": null,
            "local_to_world_matrix": [
                [
                    0.08577048778533936,
                    0.5508736371994019,
                    -0.830169677734375,
                    0.0
                ],
                [
                    -0.6311173439025879,
                    0.6747869849205017,
                    0.38256168365478516,
                    0.0
                ],
                [
                    0.7709308862686157,
                    0.49112194776535034,
                    0.40554267168045044,
                    0.0
                ],
                [
                    0.1352219581604004,
                    -0.20632942020893097,
                    -0.26342982053756714,
                    1.0
                ]
            ],
            "location": [
                0.20632942020893097,
                -0.26342982053756714,
                -0.1352219581604004
            ],
            "location_world": [
                0.1352219581604004,
                -0.20632942020893097,
                -0.26342982053756714
            ],
            "name": "google_Paul_Frank_Dot_Lunch_Box_3",
            "projected_cuboid": [
                [
                    343.9994752407074,
                    753.2723546028137
                ],
                [
                    215.1051163673401,
                    785.4000329971313
                ],
                [
                    771.2210416793823,
                    2142.120599746704
                ],
                [
                    818.0317282676697,
                    1566.3871765136719
                ],
                [
                    610.3101968765259,
                    395.1985836029053
                ],
                [
                    538.0755662918091,
                    339.27369117736816
                ],
                [
                    1876.9557476043701,
                    1149.0256786346436
                ],
                [
                    1453.70352268219,
                    919.138491153717
                ],
                [
                    650.5832672119141,
                    832.4211239814758
                ]
            ],
            "provenance": "visii",
            "quaternion_xyzw": [
                -0.45757395029067993,
                0.8222478628158569,
                0.3151908814907074,
                -0.12324489653110504
            ],
            "quaternion_xyzw_world": [
                -0.036880917847156525,
                0.5439379215240479,
                0.4015548527240753,
                0.735883891582489
            ],
            "segmentation_id": 4,
            "visibility": 0
        },
        {
            "bounding_box_minx_maxx_miny_maxy": [
                -1,
                -1,
                -1,
                -1
            ],
            "class": "Toys",
            "local_cuboid": null,
            "local_to_world_matrix": [
                [
                    -0.4999523162841797,
                    0.7169280648231506,
                    0.4858618378639221,
                    0.0
                ],
                [
                    0.026758670806884766,
                    0.5735266208648682,
                    -0.818749725818634,
                    0.0
                ],
                [
                    -0.8656393885612488,
                    -0.39633482694625854,
                    -0.3059200048446655,
                    0.0
                ],
                [
                    0.8847512602806091,
                    0.48456352949142456,
                    0.1595526933670044,
                    1.0
                ]
            ],
            "location": [
                -0.48456352949142456,
                0.1595526933670044,
                -0.8847512602806091
            ],
            "location_world": [
                0.8847512602806091,
                0.48456352949142456,
                0.1595526933670044
            ],
            "name": "google_Toys_R_Us_Treat_Dispenser_Smart_Puzzle_Foobler_4",
            "projected_cuboid": [
                [
                    -119.20824646949768,
                    69.08197700977325
                ],
                [
                    -191.55654311180115,
                    176.44020915031433
                ],
                [
                    -165.68076610565186,
                    154.55496311187744
                ],
                [
                    -104.59235310554504,
                    63.986048102378845
                ],
                [
                    1.9062161445617676,
                    144.36396956443787
                ],
                [
                    -64.01136517524719,
                    240.85479974746704
                ],
                [
                    -58.604270219802856,
                    211.5534543991089
                ],
                [
                    -2.1657049655914307,
                    128.8425624370575
                ],
                [
                    -84.93861556053162,
                    149.64500069618225
                ]
            ],
            "provenance": "visii",
            "quaternion_xyzw": [
                -0.24299292266368866,
                0.09019272029399872,
                -0.9221330285072327,
                -0.28721141815185547
            ],
            "quaternion_xyzw_world": [
                0.24106070399284363,
                0.7712650299072266,
                -0.39386090636253357,
                -0.4380793869495392
            ],
            "segmentation_id": 5,
            "visibility": 0
        },
        {
            "bounding_box_minx_maxx_miny_maxy": [
                -1,
                -1,
                -1,
                -1
            ],
            "class": "Tag",
            "local_cuboid": null,
            "local_to_world_matrix": [
                [
                    0.10989218950271606,
                    0.7411819696426392,
                    -0.662248432636261,
                    0.0
                ],
                [
                    -0.5847687721252441,
                    -0.490558385848999,
                    -0.646063506603241,
                    0.0
                ],
                [
                    -0.803722083568573,
                    0.45825955271720886,
                    0.37951159477233887,
                    0.0
                ],
                [
                    0.18851163983345032,
                    0.42206716537475586,
                    -0.29052531719207764,
                    1.0
                ]
            ],
            "location": [
                -0.42206716537475586,
                -0.29052531719207764,
                -0.18851163983345032
            ],
            "location_world": [
                0.18851163983345032,
                0.42206716537475586,
                -0.29052531719207764
            ],
            "name": "google_Tag_Dishtowel_Basket_Weave_Red_18_x_26_5",
            "projected_cuboid": [
                [
                    -1165.4399633407593,
                    904.8970341682434
                ],
                [
                    -2382.3649883270264,
                    2674.1042137145996
                ],
                [
                    -1740.0275468826294,
                    2212.476968765259
                ],
                [
                    -980.1831245422363,
                    865.9515976905823
                ],
                [
                    -938.5758638381958,
                    650.0928401947021
                ],
                [
                    -2057.860851287842,
                    2400.419235229492
                ],
                [
                    -1389.0012502670288,
                    1929.9393892288208
                ],
                [
                    -764.9790048599243,
                    637.0565295219421
                ],
                [
                    -1236.5633249282837,
                    1231.0023307800293
                ]
            ],
            "provenance": "visii",
            "quaternion_xyzw": [
                -0.15902778506278992,
                0.2699057459831238,
                0.8931639194488525,
                -0.3226749897003174
            ],
            "quaternion_xyzw_world": [
                -0.5524805188179016,
                -0.07077769935131073,
                0.6633584499359131,
                0.499711275100708
            ],
            "segmentation_id": 6,
            "visibility": 0
        },
        {
            "bounding_box_minx_maxx_miny_maxy": [
                -1,
                -1,
                -1,
                -1
            ],
            "class": "FRACTION",
            "local_cuboid": null,
            "local_to_world_matrix": [
                [
                    -0.3870582580566406,
                    -0.6689952611923218,
                    -0.6345322132110596,
                    0.0
                ],
                [
                    0.21853727102279663,
                    -0.7351231575012207,
                    0.6417440176010132,
                    0.0
                ],
                [
                    -0.8957830667495728,
                    0.10972335934638977,
                    0.4307359457015991,
                    0.0
                ],
                [
                    0.4990497827529907,
                    -0.2814861238002777,
                    0.07003210484981537,
                    1.0
                ]
            ],
            "location": [
                0.2814861238002777,
                0.07003210484981537,
                -0.4990497827529907
            ],
            "location_world": [
                0.4990497827529907,
                -0.2814861238002777,
                0.07003210484981537
            ],
            "name": "google_FRACTION_FUN_n4h4qte23QR_6",
            "projected_cuboid": [
                [
                    645.7527875900269,
                    290.7159924507141
                ],
                [
                    797.0255017280579,
                    122.91614711284637
                ],
                [
                    758.830726146698,
                    156.60640597343445
                ],
                [
                    617.3547506332397,
                    312.7322494983673
                ],
                [
                    439.51481580734253,
                    143.06631684303284
                ],
                [
                    587.4197483062744,
                    9.247958660125732
                ],
                [
                    568.7524080276489,
                    46.8650758266449
                ],
                [
                    430.6653141975403,
                    173.473060131073
                ],
                [
                    601.2959480285645,
                    149.92640912532806
                ]
            ],
            "provenance": "visii",
            "quaternion_xyzw": [
                0.18129268288612366,
                0.13871338963508606,
                0.3824407458305359,
                -0.895338237285614
            ],
            "quaternion_xyzw_world": [
                -0.4788864552974701,
                0.23515908420085907,
                0.7988925576210022,
                -0.27773839235305786
            ],
            "segmentation_id": 7,
            "visibility": 0
        },
        {
            "bounding_box_minx_maxx_miny_maxy": [
                0,
                396,
                1,
                209
            ],
            "class": "FAIRY",
            "local_cuboid": null,
            "local_to_world_matrix": [
                [
                    -0.5012538433074951,
                    -0.6671644449234009,
                    -0.5510319471359253,
                    0.0
                ],
                [
                    0.21634621918201447,
                    0.5199559926986694,
                    -0.8263413906097412,
                    0.0
                ],
                [
                    0.837817907333374,
                    -0.5334204435348511,
                    -0.11629140377044678,
                    0.0
                ],
                [
                    0.2924262583255768,
                    0.06503365933895111,
                    0.10381685197353363,
                    1.0
                ]
            ],
            "location": [
                -0.06503365933895111,
                0.10381685197353363,
                -0.2924262583255768
            ],
            "location_world": [
                0.2924262583255768,
                0.06503365933895111,
                0.10381685197353363
            ],
            "name": "google_FAIRY_TALE_BLOCKS_7",
            "projected_cuboid": [
                [
                    570.2250599861145,
                    65.4066801071167
                ],
                [
                    342.3462510108948,
                    385.8267366886139
                ],
                [
                    131.3834935426712,
                    423.4428405761719
                ],
                [
                    510.75971126556396,
                    -183.77384543418884
                ],
                [
                    297.9813516139984,
                    -50.63343048095703
                ],
                [
                    147.16176688671112,
                    211.63956820964813
                ],
                [
                    -90.68575501441956,
                    152.00266242027283
                ],
                [
                    104.84765470027924,
                    -271.40307426452637
                ],
                [
                    242.094486951828,
                    108.40007662773132
                ]
            ],
            "provenance": "visii",
            "quaternion_xyzw": [
                -0.9125957489013672,
                0.29339057207107544,
                -0.2834426760673523,
                0.027409404516220093
            ],
            "quaternion_xyzw_world": [
                -0.1541765332221985,
                0.7310097813606262,
                -0.4650286138057709,
                0.474976509809494
            ],
            "segmentation_id": 8,
            "visibility": 1
        },
        {
            "bounding_box_minx_maxx_miny_maxy": [
                -1,
                -1,
                -1,
                -1
            ],
            "class": "Great",
            "local_cuboid": null,
            "local_to_world_matrix": [
                [
                    0.2639143466949463,
                    0.6700682044029236,
                    -0.6937994956970215,
                    0.0
                ],
                [
                    0.9129511713981628,
                    -0.4056367874145508,
                    -0.04448464512825012,
                    0.0
                ],
                [
                    -0.3112383782863617,
                    -0.6216650009155273,
                    -0.7187929153442383,
                    0.0
                ],
                [
                    0.5201520323753357,
                    -0.49525129795074463,
                    -0.39187607169151306,
                    1.0
                ]
            ],
            "location": [
                0.49525129795074463,
                -0.39187607169151306,
                -0.5201520323753357
            ],
            "location_world": [
                0.5201520323753357,
                -0.49525129795074463,
                -0.39187607169151306
            ],
            "name": "google_Great_Jones_Wingtip_kAqSg6EgG0I_8",
            "projected_cuboid": [
                [
                    1036.9153022766113,
                    1104.3038368225098
                ],
                [
                    806.6758513450623,
                    738.1852865219116
                ],
                [
                    714.5587205886841,
                    639.8025751113892
                ],
                [
                    857.1449518203735,
                    901.4591574668884
                ],
                [
                    1244.7688579559326,
                    1038.6704206466675
                ],
                [
                    906.8174362182617,
                    685.5283975601196
                ],
                [
                    805.0538897514343,
                    585.5647325515747
                ],
                [
                    1030.1883220672607,
                    825.8206248283386
                ],
                [
                    887.4214887619019,
                    769.844114780426
                ]
            ],
            "provenance": "visii",
            "quaternion_xyzw": [
                -0.12567618489265442,
                0.5732244849205017,
                -0.7116514444351196,
                0.3862271010875702
            ],
            "quaternion_xyzw_world": [
                0.7727134227752686,
                0.5121625065803528,
                -0.32516515254974365,
                0.18673816323280334
            ],
            "segmentation_id": 9,
            "visibility": 0
        },
        {
            "bounding_box_minx_maxx_miny_maxy": [
                471,
                499,
                431,
                467
            ],
            "class": "Ecoforms",
            "local_cuboid": null,
            "local_to_world_matrix": [
                [
                    0.1897791624069214,
                    0.37703201174736023,
                    -0.9065488576889038,
                    0.0
                ],
                [
                    -0.8931313753128052,
                    0.4497959017753601,
                    9.891390800476074e-05,
                    0.0
                ],
                [
                    0.40779924392700195,
                    0.8096483945846558,
                    0.4221010208129883,
                    0.0
                ],
                [
                    0.4857705533504486,
                    -0.2282133847475052,
                    -0.10451573133468628,
                    1.0
                ]
            ],
            "location": [
                0.2282133847475052,
                -0.10451573133468628,
                -0.4857705533504486
            ],
            "location_world": [
                0.4857705533504486,
                -0.2282133847475052,
                -0.10451573133468628
            ],
            "name": "google_Ecoforms_Plant_Container_Quadra_Sand_QP6_9",
            "projected_cuboid": [
                [
                    340.6074643135071,
                    359.8015308380127
                ],
                [
                    266.3079500198364,
                    398.01645278930664
                ],
                [
                    465.5787944793701,
                    524.7930288314819
                ],
                [
                    491.07226729393005,
                    445.54829597473145
                ],
                [
                    415.59529304504395,
                    198.5500156879425
                ],
                [
                    363.5546565055847,
                    179.17385697364807
                ],
                [
                    599.0928411483765,
                    278.6232829093933
                ],
                [
                    585.2230787277222,
                    269.84769105911255
                ],
                [
                    435.7239007949829,
                    329.9298882484436
                ]
            ],
            "provenance": "visii",
            "quaternion_xyzw": [
                -0.5076091885566711,
                0.6680063605308533,
                0.49222302436828613,
                -0.23198474943637848
            ],
            "quaternion_xyzw_world": [
                -0.28190526366233826,
                0.45768868923187256,
                0.4423024654388428,
                0.7179269194602966
            ],
            "segmentation_id": 10,
            "visibility": 1
        },
        {
            "bounding_box_minx_maxx_miny_maxy": [
                -1,
                -1,
                -1,
                -1
            ],
            "class": "ReadytoUse",
            "local_cuboid": null,
            "local_to_world_matrix": [
                [
                    0.41222333908081055,
                    -0.18747133016586304,
                    0.8915864825248718,
                    0.0
                ],
                [
                    0.869890034198761,
                    -0.20994174480438232,
                    -0.4463358521461487,
                    0.0
                ],
                [
                    0.27085644006729126,
                    0.9595722556114197,
                    0.07653653621673584,
                    0.0
                ],
                [
                    0.48631930351257324,
                    0.26399946212768555,
                    -0.34278690814971924,
                    1.0
                ]
            ],
            "location": [
                -0.26399946212768555,
                -0.34278690814971924,
                -0.48631930351257324
            ],
            "location_world": [
                0.48631930351257324,
                0.26399946212768555,
                -0.34278690814971924
            ],
            "name": "google_ReadytoUse_Rolled_Fondant_Pure_White_24_oz_box_10",
            "projected_cuboid": [
                [
                    -222.87163138389587,
                    548.4647750854492
                ],
                [
                    -177.169531583786,
                    549.2934584617615
                ],
                [
                    -30.424565076828003,
                    589.5882844924927
                ],
                [
                    -67.58874654769897,
                    592.1968221664429
                ],
                [
                    -300.0916838645935,
                    714.1837477684021
                ],
                [
                    -243.80198121070862,
                    701.683759689331
                ],
                [
                    -88.11071515083313,
                    760.595440864563
                ],
                [
                    -135.11905074119568,
                    780.1183462142944
                ],
                [
                    -159.00596976280212,
                    648.9972472190857
                ]
            ],
            "provenance": "visii",
            "quaternion_xyzw": [
                -0.6900478005409241,
                -0.39907681941986084,
                0.4969930052757263,
                0.34288448095321655
            ],
            "quaternion_xyzw_world": [
                -0.621616542339325,
                -0.2744532525539398,
                -0.4675080180168152,
                0.5654242038726807
            ],
            "segmentation_id": 11,
            "visibility": 0
        },
        {
            "bounding_box_minx_maxx_miny_maxy": [
                -1,
                -1,
                -1,
                -1
            ],
            "class": "Dog",
            "local_cuboid": null,
            "local_to_world_matrix": [
                [
                    0.13206160068511963,
                    0.8328261375427246,
                    0.5375502705574036,
                    0.0
                ],
                [
                    -0.990929126739502,
                    0.12453502416610718,
                    0.05050252377986908,
                    0.0
                ],
                [
                    -0.024884045124053955,
                    -0.5393436551094055,
                    0.8417180180549622,
                    0.0
                ],
                [
                    0.3552979826927185,
                    0.37260693311691284,
                    -0.3331094980239868,
                    1.0
                ]
            ],
            "location": [
                -0.37260693311691284,
                -0.3331094980239868,
                -0.3552979826927185
            ],
            "location_world": [
                0.3552979826927185,
                0.37260693311691284,
                -0.3331094980239868
            ],
            "name": "google_Dog_11",
            "projected_cuboid": [
                [
                    -214.52099084854126,
                    390.2888000011444
                ],
                [
                    -579.3514847755432,
                    464.2367660999298
                ],
                [
                    -797.7635860443115,
                    824.3517279624939
                ],
                [
                    -349.7588038444519,
                    607.6123714447021
                ],
                [
                    25.24353563785553,
                    576.6234397888184
                ],
                [
                    -203.3458948135376,
                    801.6050457954407
                ],
                [
                    -456.3252329826355,
                    1199.5363235473633
                ],
                [
                    -122.33838438987732,
                    807.2219491004944
                ],
                [
                    -299.3961572647095,
                    674.3412613868713
                ]
            ],
            "provenance": "visii",
            "quaternion_xyzw": [
                0.15148207545280457,
                0.6816239356994629,
                0.6721620559692383,
                0.24625205993652344
            ],
            "quaternion_xyzw_world": [
                0.20359797775745392,
                -0.19413618743419647,
                0.6295080184936523,
                0.7242780327796936
            ],
            "segmentation_id": 12,
            "visibility": 0
        },
        {
            "bounding_box_minx_maxx_miny_maxy": [
                -1,
                -1,
                -1,
                -1
            ],
            "class": "Black",
            "local_cuboid": null,
            "local_to_world_matrix": [
                [
                    0.43813425302505493,
                    0.863347053527832,
                    0.2503400444984436,
                    0.0
                ],
                [
                    -0.43084415793418884,
                    -0.04273176193237305,
                    0.9014139771461487,
                    0.0
                ],
                [
                    0.7889307141304016,
                    -0.5027979016304016,
                    0.3532458543777466,
                    0.0
                ],
                [
                    0.1403016746044159,
                    -0.16452725231647491,
                    -0.4873211979866028,
                    1.0
                ]
            ],
            "location": [
                0.16452725231647491,
                -0.4873211979866028,
                -0.1403016746044159
            ],
            "location_world": [
                0.1403016746044159,
                -0.16452725231647491,
                -0.4873211979866028
            ],
            "name": "google_Black_Elderberry_Syrup_54_oz_Gaia_Herbs_12",
            "projected_cuboid": [
                [
                    706.0507535934448,
                    1231.8251132965088
                ],
                [
                    757.6431632041931,
                    1203.7312984466553
                ],
                [
                    858.1417798995972,
                    2203.8846015930176
                ],
                [
                    755.4202079772949,
                    2097.607135772705
                ],
                [
                    867.5617575645447,
                    1362.0542287826538
                ],
                [
                    942.6929950714111,
                    1345.3401327133179
                ],
                [
                    1249.1596937179565,
                    2703.953742980957
                ],
                [
                    1057.3012828826904,
                    2488.149642944336
                ],
                [
                    864.2216920852661,
                    1660.556674003601
                ]
            ],
            "provenance": "visii",
            "quaternion_xyzw": [
                0.07773280143737793,
                0.9425618648529053,
                0.20796775817871094,
                0.24956773221492767
            ],
            "quaternion_xyzw_world": [
                0.5309473276138306,
                0.20364680886268616,
                0.489347368478775,
                0.6611822843551636
            ],
            "segmentation_id": 13,
            "visibility": 0
        },
        {
            "bounding_box_minx_maxx_miny_maxy": [
                -1,
                -1,
                -1,
                -1
            ],
            "class": "Razer",
