{
    "camera_data": {
        "camera_look_at": {
            "at": [
                1.0,
                0.0,
                0.0
            ],
            "eye": [
                0.0,
                0.0,
                0.0
            ],
            "up": [
                0.0,
                0.0,
                1.0
            ]
        },
        "camera_view_matrix": [
            [
                0.0,
                0.0,
                -1.0,
                0.0
            ],
            [
                -1.0,
                0.0,
                0.0,
                0.0
            ],
            [
                0.0,
                1.0,
                0.0,
                0.0
            ],
            [
                0.0,
                0.0,
                0.0,
                1.0
            ]
        ],
        "height": 500,
        "intrinsics": {
            "cx": 250.0,
            "cy": 250.0,
            "fx": 603.5535278320312,
            "fy": 603.5535278320312
        },
        "location_world": [
            0.0,
            0.0,
            0.0
        ],
        "quaternion_world_xyzw": [
            0.5,
            -0.5,
            -0.5,
            0.5
        ],
        "width": 500
    },
    "objects": [
        {
            "bounding_box_minx_maxx_miny_maxy": [
                485,
                499,
                84,
                135
            ],
            "class": "Reebok",
            "local_cuboid": null,
            "local_to_world_matrix": [
                [
                    -0.46662628650665283,
                    0.14284303784370422,
                    -0.8728435039520264,
                    0.0
                ],
                [
                    0.18603500723838806,
                    -0.9489428997039795,
                    -0.2547520399093628,
                    0.0
                ],
                [
                    -0.8646681308746338,
                    -0.281253457069397,
                    0.4162277579307556,
                    0.0
                ],
                [
                    1.2053693532943726,
                    -0.5347523093223572,
                    0.23784877359867096,
                    1.0
                ]
            ],
            "location": [
                0.5347523093223572,
                0.23784877359867096,
                -1.2053693532943726
            ],
            "location_world": [
                1.2053693532943726,
                -0.5347523093223572,
                0.23784877359867096
            ],
            "name": "google_Reebok_SOMERSET_RUN_0",
            "projected_cuboid": [
                [
                    491.3187026977539,
                    92.63190627098083
                ],
                [
                    630.9953331947327,
                    141.06546342372894
                ],
                [
                    582.9527378082275,
                    174.308180809021
                ],
                [
                    453.1782865524292,
                    131.66683912277222
                ],
                [
                    488.6209964752197,
                    46.28916084766388
                ],
                [
                    622.0752596855164,
                    94.69881653785706
                ],
                [
                    576.7534971237183,
                    130.2480697631836
                ],
                [
                    452.3729681968689,
                    87.47963607311249
                ],
                [
                    537.8724932670593,
                    113.12903463840485
                ]
            ],
            "provenance": "visii",
            "quaternion_xyzw": [
                0.24861662089824677,
                0.07652267813682556,
                0.7520411014556885,
                -0.6056139469146729
            ],
            "quaternion_xyzw_world": [
                -0.5162578821182251,
                -0.15926054120063782,
                0.8413971662521362,
                -0.012833405286073685
            ],
            "segmentation_id": 1,
            "visibility": 1
        },
        {
            "bounding_box_minx_maxx_miny_maxy": [
                -1,
                -1,
                -1,
                -1
            ],
            "class": "Breyer",
            "local_cuboid": null,
            "local_to_world_matrix": [
                [
                    0.9261603951454163,
                    -0.31069672107696533,
                    0.21376276016235352,
                    0.0
                ],
                [
                    0.29607224464416504,
                    0.24792486429214478,
                    -0.9224287867546082,
                    0.0
                ],
                [
                    0.23359841108322144,
                    0.9176061749458313,
                    0.3216068744659424,
                    0.0
                ],
                [
                    0.769709050655365,
                    0.41617488861083984,
                    -0.46417364478111267,
                    1.0
                ]
            ],
            "location": [
                -0.41617488861083984,
                -0.46417364478111267,
                -0.769709050655365
            ],
            "location_world": [
                0.769709050655365,
                0.41617488861083984,
                -0.46417364478111267
            ],
            "name": "google_Breyer_Horse_Of_The_Year_2015_1",
            "projected_cuboid": [
                [
                    -92.3973023891449,
                    495.5306053161621
                ],
                [
                    -95.4093337059021,
                    525.739312171936
                ],
                [
                    -13.849258422851562,
                    570.303201675415
                ],
                [
                    -9.115129709243774,
                    539.7275686264038
                ],
                [
                    -260.64980030059814,
                    614.3649816513062
                ],
                [
                    -260.52379608154297,
                    650.8201360702515
                ],
                [
                    -161.83900833129883,
                    716.161847114563
                ],
                [
                    -159.4080924987793,
                    679.4201135635376
                ],
                [
                    -122.00888991355896,
                    589.6131992340088
                ]
            ],
            "provenance": "visii",
            "quaternion_xyzw": [
                -0.7852904200553894,
                0.010875709354877472,
                0.5869697332382202,
                0.19664041697978973
            ],
            "quaternion_xyzw_world": [
                -0.5823720097541809,
                0.006277991458773613,
                -0.19204269349575043,
                0.7898881435394287
            ],
            "segmentation_id": 2,
            "visibility": 0
        },
        {
            "bounding_box_minx_maxx_miny_maxy": [
                0,
                115,
                10,
                146
            ],
            "class": "Smith",
            "local_cuboid": null,
            "local_to_world_matrix": [
                [
                    -0.9906041622161865,
                    -0.012725736945867538,
                    0.13616681098937988,
                    0.0
                ],
                [
                    0.01998332515358925,
                    -0.9984437227249146,
                    0.05206580460071564,
                    0.0
                ],
                [
                    0.13529232144355774,
                    0.05429767072200775,
                    0.9893168210983276,
                    0.0
                ],
                [
                    1.5443146228790283,
                    0.4951741099357605,
                    0.31599023938179016,
                    1.0
                ]
            ],
            "location": [
                -0.4951741099357605,
                0.31599023938179016,
                -1.5443146228790283
            ],
            "location_world": [
                1.5443146228790283,
                0.4951741099357605,
                0.31599023938179016
            ],
            "name": "google_Smith_Hawken_Woven_BasketTray_Organizer_with_3_Compartments_95_x_9_x_13_2",
            "projected_cuboid": [
                [
                    -25.194764137268066,
                    -8.624643087387085
                ],
                [
                    86.27022802829742,
                    -13.437330722808838
                ],
                [
                    88.35610747337341,
                    96.83902561664581
                ],
                [
                    -26.074081659317017,
                    102.19630599021912
                ],
                [
                    29.204457998275757,
                    60.85650622844696
                ],
                [
                    117.90411174297333,
                    56.817010045051575
                ],
                [
                    120.22455036640167,
                    145.7369327545166
                ],
                [
                    29.657334089279175,
                    150.12772381305695
                ],
                [
                    55.10295927524567,
                    76.61083340644836
                ]
            ],
            "provenance": "visii",
            "quaternion_xyzw": [
                0.5234386920928955,
                0.5419023036956787,
                0.44719016551971436,
                -0.48205268383026123
            ],
            "quaternion_xyzw_world": [
                0.06804906576871872,
                0.026663074269890785,
                0.9972919225692749,
                -0.008199470117688179
            ],
            "segmentation_id": 3,
            "visibility": 1
        },
        {
            "bounding_box_minx_maxx_miny_maxy": [
                -1,
                -1,
                -1,
                -1
            ],
            "class": "Paul",
            "local_cuboid": null,
            "local_to_world_matrix": [
                [
                    0.11923348903656006,
                    -0.06432583928108215,
                    -0.9907803535461426,
                    0.0
                ],
                [
                    0.7637228965759277,
                    0.6435953378677368,
                    0.05012372136116028,
                    0.0
                ],
                [
                    0.6344373226165771,
                    -0.7626579999923706,
                    0.12586522102355957,
                    0.0
                ],
                [
                    0.1756134182214737,
                    -0.27686652541160583,
                    -0.19505776464939117,
                    1.0
                ]
            ],
            "location": [
                0.27686652541160583,
                -0.19505776464939117,
                -0.1756134182214737
            ],
            "location_world": [
                0.1756134182214737,
                -0.27686652541160583,
                -0.19505776464939117
            ],
            "name": "google_Paul_Frank_Dot_Lunch_Box_3",
            "projected_cuboid": [
                [
                    1258.8160037994385,
                    857.9760193824768
                ],
                [
                    929.482638835907,
                    717.4282073974609
                ],
                [
                    900.3334641456604,
                    1089.099407196045
                ],
                [
                    1536.5726947784424,
                    1571.4921951293945
                ],
                [
                    1339.505672454834,
                    337.45259046554565
                ],
                [
                    961.3879323005676,
                    307.3890805244446
                ],
                [
                    951.0363340377808,
                    437.01595067977905
                ],
                [
                    1790.7837629318237,
                    594.3416953086853
                ],
                [
                    1134.6222162246704,
                    688.1121397018433
                ]
            ],
            "provenance": "visii",
            "quaternion_xyzw": [
                -0.6419968008995056,
                0.6364423036575317,
                -0.25055593252182007,
                0.34641456604003906
            ],
            "quaternion_xyzw_world": [
                0.295708030462265,
                0.5912902355194092,
                -0.3012624979019165,
                0.6871488690376282
            ],
            "segmentation_id": 4,
            "visibility": 0
        },
        {
            "bounding_box_minx_maxx_miny_maxy": [
                -1,
                -1,
                -1,
                -1
            ],
            "class": "Toys",
            "local_cuboid": null,
            "local_to_world_matrix": [
                [
                    -0.31945717334747314,
                    0.08159041404724121,
                    0.9440816640853882,
                    0.0
                ],
                [
                    0.8785513043403625,
                    0.39884406328201294,
                    0.2628137469291687,
                    0.0
                ],
                [
                    -0.35509833693504333,
                    0.9133818745613098,
                    -0.1990950107574463,
                    0.0
                ],
                [
                    0.9417596459388733,
                    0.5183447599411011,
                    0.11791133135557175,
                    1.0
                ]
            ],
            "location": [
                -0.5183447599411011,
                0.11791133135557175,
                -0.9417596459388733
            ],
            "location_world": [
                0.9417596459388733,
                0.5183447599411011,
                0.11791133135557175
            ],
            "name": "google_Toys_R_Us_Treat_Dispenser_Smart_Puzzle_Foobler_4",
            "projected_cuboid": [
                [
                    -231.40758275985718,
                    143.59179139137268
                ],
                [
                    -201.25886797904968,
                    132.81455636024475
                ],
                [
                    -90.37253260612488,
                    120.57262659072876
                ],
                [
                    -100.93706846237183,
                    128.70989739894867
                ],
                [
                    -194.2053735256195,
                    254.22677397727966
                ],
                [
                    -170.71270942687988,
                    228.72279584407806
                ],
                [
                    -66.73604249954224,
                    212.01203763484955
                ],
                [
                    -73.16425442695618,
                    233.45626890659332
                ],
                [
                    -138.30730319023132,
                    182.27452039718628
                ]
            ],
            "provenance": "visii",
            "quaternion_xyzw": [
                0.2740882635116577,
                0.4973192811012268,
                -0.541727602481842,
                -0.619742214679718
            ],
            "quaternion_xyzw_world": [
                0.3466964662075043,
                0.6923503875732422,
                0.42471110820770264,
                -0.4691193997859955
            ],
            "segmentation_id": 5,
            "visibility": 0
        },
        {
            "bounding_box_minx_maxx_miny_maxy": [
                -1,
                -1,
                -1,
                -1
            ],
            "class": "Tag",
            "local_cuboid": null,
            "local_to_world_matrix": [
                [
                    0.14080655574798584,
                    0.7080185413360596,
                    0.6920139193534851,
                    0.0
                ],
                [
                    0.413256973028183,
                    0.5931395292282104,
                    -0.6909444332122803,
                    0.0
                ],
                [
                    -0.8996623158454895,
                    0.3832691013813019,
                    -0.2090756893157959,
                    0.0
                ],
                [
                    0.2018377035856247,
                    0.26929184794425964,
                    -0.40304917097091675,
                    1.0
                ]
            ],
            "location": [
                -0.26929184794425964,
                -0.40304917097091675,
                -0.2018377035856247
            ],
            "location_world": [
                0.2018377035856247,
                0.26929184794425964,
                -0.40304917097091675
            ],
            "name": "google_Tag_Dishtowel_Basket_Weave_Red_18_x_26_5",
            "projected_cuboid": [
                [
                    -980.1229238510132,
                    1467.5074815750122
                ],
                [
                    -828.1742334365845,
                    1380.479097366333
                ],
                [
                    -668.3275699615479,
                    1228.3604145050049
                ],
                [
                    -698.5904574394226,
                    1210.4847431182861
                ],
                [
                    -587.2204303741455,
                    2378.3411979675293
                ],
                [
                    -600.7610559463501,
                    1856.6176891326904
                ],
                [
                    -454.75518703460693,
                    1626.3998746871948
                ],
                [
                    -344.9486494064331,
                    1876.1051893234253
                ],
                [
                    -644.2974209785461,
                    1569.0746307373047
                ]
            ],
            "provenance": "visii",
            "quaternion_xyzw": [
                -0.1442771553993225,
                -0.17132709920406342,
                0.9081059098243713,
                0.35380053520202637
            ],
            "quaternion_xyzw_world": [
                -0.43495479226112366,
                -0.6444782018661499,
                0.11935054510831833,
                0.6174282431602478
            ],
            "segmentation_id": 6,
            "visibility": 0
        },
        {
            "bounding_box_minx_maxx_miny_maxy": [
                -1,
                -1,
                -1,
                -1
            ],
            "class": "FRACTION",
            "local_cuboid": null,
            "local_to_world_matrix": [
                [
                    0.5574190020561218,
                    -0.5693259835243225,
                    0.6042782068252563,
                    0.0
                ],
                [
                    -0.027462244033813477,
                    -0.7400890588760376,
                    -0.6719485521316528,
                    0.0
                ],
                [
                    0.8297771215438843,
                    0.35796213150024414,
                    -0.42817485332489014,
                    0.0
                ],
                [
                    0.44162818789482117,
                    -0.25286629796028137,
                    0.44500023126602173,
                    1.0
                ]
            ],
            "location": [
                0.25286629796028137,
                0.44500023126602173,
                -0.44162818789482117
            ],
            "location_world": [
                0.44162818789482117,
                -0.25286629796028137,
                0.44500023126602173
            ],
            "name": "google_FRACTION_FUN_n4h4qte23QR_6",
            "projected_cuboid": [
                [
                    497.50083684921265,
                    -368.7701225280762
                ],
                [
                    661.1431241035461,
                    -228.55329513549805
                ],
                [
                    711.1597061157227,
                    -287.394642829895
                ],
                [
                    534.9302291870117,
                    -437.32529878616333
                ],
                [
                    414.042592048645,
                    -360.73511838912964
                ],
                [
                    614.1363978385925,
                    -188.3159875869751
                ],
                [
                    672.2937822341919,
                    -258.1373453140259
                ],
                [
                    453.04691791534424,
                    -445.4846978187561
                ],
                [
                    571.6686248779297,
                    -321.8265771865845
                ]
            ],
            "provenance": "visii",
            "quaternion_xyzw": [
                0.8762208223342896,
                0.3835696876049042,
                -0.2611731290817261,
                0.13000059127807617
            ],
            "quaternion_xyzw_world": [
                0.8254821300506592,
                -0.18073929846286774,
                0.43430840969085693,
                -0.31191185116767883
            ],
            "segmentation_id": 7,
            "visibility": 0
        },
        {
            "bounding_box_minx_maxx_miny_maxy": [
                53,
                375,
                1,
                97
            ],
            "class": "FAIRY",
            "local_cuboid": null,
            "local_to_world_matrix": [
                [
                    -0.2776561975479126,
                    -0.9302221536636353,
                    -0.23998737335205078,
                    0.0
                ],
                [
                    0.9574733972549438,
                    -0.24756014347076416,
                    -0.1481848508119583,
                    0.0
                ],
                [
                    0.07843352109193802,
                    -0.27092593908309937,
                    0.9593994617462158,
                    0.0
                ],
                [
                    0.3571205735206604,
                    0.06219874322414398,
                    0.1514810174703598,
                    1.0
                ]
            ],
            "location": [
                -0.06219874322414398,
                0.1514810174703598,
                -0.3571205735206604
            ],
            "location_world": [
                0.3571205735206604,
                0.06219874322414398,
                0.1514810174703598
            ],
            "name": "google_FAIRY_TALE_BLOCKS_7",
            "projected_cuboid": [
                [
                    480.2470803260803,
                    -755.9752464294434
                ],
                [
                    439.9223029613495,
                    -158.46142172813416
                ],
                [
                    366.142213344574,
                    113.09042572975159
                ],
                [
                    314.37671184539795,
                    -185.64680218696594
                ],
                [
                    -69.1879391670227,
                    -637.8328204154968
                ],
                [
                    155.94428777694702,
                    -172.99547791481018
                ],
                [
                    82.36636221408844,
                    62.026143074035645
                ],
                [
                    -228.2780110836029,
                    -208.02050828933716
                ],
                [
                    198.32849502563477,
                    -176.3800084590912
                ]
            ],
            "provenance": "visii",
            "quaternion_xyzw": [
                -0.7343092560768127,
                -0.002578169107437134,
                -0.1867680698633194,
                0.6526108980178833
            ],
            "quaternion_xyzw_world": [
                0.05124573037028313,
                0.13294415175914764,
                -0.7881332039833069,
                0.5987869501113892
            ],
            "segmentation_id": 8,
            "visibility": 1
        },
        {
            "bounding_box_minx_maxx_miny_maxy": [
                -1,
                -1,
                -1,
                -1
            ],
            "class": "Great",
            "local_cuboid": null,
            "local_to_world_matrix": [
                [
                    0.9818395376205444,
                    0.17298483848571777,
                    0.07789300382137299,
                    0.0
                ],
                [
                    -0.14589476585388184,
                    0.4260326027870178,
                    0.8928666710853577,
                    0.0
                ],
                [
                    0.12126743793487549,
                    -0.8880160450935364,
                    0.4435332417488098,
                    0.0
                ],
                [
                    0.41654518246650696,
                    -0.31998592615127563,
                    -0.428589791059494,
                    1.0
                ]
            ],
            "location": [
                0.31998592615127563,
                -0.428589791059494,
                -0.41654518246650696
            ],
            "location_world": [
                0.41654518246650696,
                -0.31998592615127563,
                -0.428589791059494
            ],
            "name": "google_Great_Jones_Wingtip_kAqSg6EgG0I_8",
            "projected_cuboid": [
                [
                    818.0748820304871,
                    860.0689768791199
                ],
                [
                    700.4324197769165,
                    556.3415884971619
                ],
                [
                    578.3300995826721,
                    633.671760559082
                ],
                [
                    710.5119228363037,
                    938.7538433074951
                ],
                [
                    1002.9330253601074,
                    1040.4152870178223
                ],
                [
                    872.7279305458069,
                    665.9582257270813
                ],
                [
                    718.310534954071,
                    772.649884223938
                ],
                [
                    871.4578151702881,
                    1147.9074954986572
                ],
                [
                    778.1201004981995,
                    825.0583410263062
                ]
            ],
            "provenance": "visii",
            "quaternion_xyzw": [
                -0.11770293861627579,
                0.7394455671310425,
                0.19928041100502014,
                0.6321816444396973
            ],
            "quaternion_xyzw_world": [
                0.5273219347000122,
                0.012843229807913303,
                0.09442070871591568,
                0.8443052768707275
            ],
            "segmentation_id": 9,
            "visibility": 0
        },
        {
            "bounding_box_minx_maxx_miny_maxy": [
                327,
                489,
                206,
                481
            ],
            "class": "Ecoforms",
            "local_cuboid": null,
            "local_to_world_matrix": [
                [
                    0.389459490776062,
                    -0.8199604749679565,
                    0.4195070266723633,
                    0.0
                ],
                [
                    0.6531351804733276,
                    -0.07527780532836914,
                    -0.7534903287887573,
                    0.0
                ],
                [
                    0.6494117975234985,
                    0.5674487352371216,
                    0.506227433681488,
                    0.0
                ],
                [
                    0.5407401323318481,
                    -0.24951012432575226,
                    -0.14593254029750824,
                    1.0
                ]
            ],
            "location": [
                0.24951012432575226,
                -0.14593254029750824,
                -0.5407401323318481
            ],
            "location_world": [
                0.5407401323318481,
                -0.24951012432575226,
                -0.14593254029750824
            ],
            "name": "google_Ecoforms_Plant_Container_Quadra_Sand_QP6_9",
            "projected_cuboid": [
                [
                    466.9586718082428,
                    200.8732259273529
                ],
                [
                    442.53063201904297,
                    324.4123160839081
                ],
                [
                    565.6663179397583,
                    417.61255264282227
                ],
                [
                    624.931812286377,
                    290.2984619140625
                ],
                [
                    325.17296075820923,
                    281.7387282848358
                ],
                [
                    324.14117455482483,
                    403.969407081604
                ],
                [
                    440.510094165802,
                    524.7743129730225
                ],
                [
                    474.5263457298279,
                    406.2228798866272
                ],
                [
                    454.39398288726807,
                    354.74592447280884
                ]
            ],
            "provenance": "visii",
            "quaternion_xyzw": [
                -0.8976165652275085,
                -0.13780513405799866,
                0.2665136158466339,
                0.32290026545524597
            ],
            "quaternion_xyzw_world": [
                -0.48951756954193115,
                0.08519880473613739,
                -0.5459042191505432,
                0.6746127009391785
            ],
            "segmentation_id": 10,
            "visibility": 1
        },
        {
            "bounding_box_minx_maxx_miny_maxy": [
                -1,
                -1,
                -1,
                -1
            ],
            "class": "ReadytoUse",
            "local_cuboid": null,
            "local_to_world_matrix": [
                [
                    0.752285361289978,
                    0.6587929725646973,
                    0.007653146982192993,
                    0.0
                ],
                [
                    0.011861711740493774,
                    -0.0019290447235107422,
                    -0.999927818775177,
                    0.0
                ],
                [
                    -0.6587306261062622,
                    0.7523218989372253,
                    -0.009265661239624023,
                    0.0
                ],
                [
                    0.3829152584075928,
                    0.3239671289920807,
                    -0.35406699776649475,
                    1.0
                ]
            ],
            "location": [
                -0.3239671289920807,
                -0.35406699776649475,
                -0.3829152584075928
            ],
            "location_world": [
                0.3829152584075928,
                0.3239671289920807,
                -0.35406699776649475
            ],
            "name": "google_ReadytoUse_Rolled_Fondant_Pure_White_24_oz_box_10",
            "projected_cuboid": [
                [
                    -684.1768026351929,
                    879.1945576667786
                ],
                [
                    -682.2834014892578,
                    971.3570475578308
                ],
                [
                    -262.137234210968,
                    782.2571396827698
                ],
                [
                    -262.96764612197876,
                    713.7486934661865
                ],
                [
                    -848.7751483917236,
                    1137.0024681091309
                ],
                [
                    -845.691442489624,
                    1265.802502632141
                ],
                [
                    -257.6839327812195,
                    928.3837080001831
                ],
                [
                    -258.7324380874634,
                    841.5020704269409
                ],
                [
                    -464.36524391174316,
                    904.5462608337402
                ]
            ],
            "provenance": "visii",
            "quaternion_xyzw": [
                -0.41303879022598267,
                -0.005799777805805206,
                0.9106936454772949,
                0.00157136470079422
            ],
            "quaternion_xyzw_world": [
                -0.6639804244041443,
                -0.25251296162605286,
                0.24514181911945343,
                0.6597520112991333
            ],
            "segmentation_id": 11,
            "visibility": 0
        },
        {
            "bounding_box_minx_maxx_miny_maxy": [
                -1,
                -1,
                -1,
                -1
            ],
            "class": "Dog",
            "local_cuboid": null,
            "local_to_world_matrix": [
                [
                    0.8386294841766357,
                    -0.4975331425666809,
                    -0.2217235565185547,
                    0.0
                ],
                [
                    -0.5212709307670593,
                    -0.8511604070663452,
                    -0.06166555732488632,
                    0.0
                ],
                [
                    -0.15804162621498108,
                    0.16729259490966797,
                    -0.9731577634811401,
                    0.0
                ],
                [
                    0.342026025056839,
                    0.15739023685455322,
                    -0.3660317361354828,
                    1.0
                ]
            ],
            "location": [
                -0.15739023685455322,
                -0.3660317361354828,
                -0.342026025056839
            ],
            "location_world": [
                0.342026025056839,
                0.15739023685455322,
                -0.3660317361354828
            ],
            "name": "google_Dog_11",
            "projected_cuboid": [
                [
                    -27.426570653915405,
                    1014.9339437484741
                ],
                [
                    162.87171840667725,
                    1239.6976947784424
                ],
                [
                    221.11879289150238,
                    862.128734588623
                ],
                [
                    31.517714262008667,
                    726.6563177108765
                ],
                [
                    -496.64151668548584,
                    1461.8990421295166
                ],
                [
                    -357.4187755584717,
                    2209.841728210449
                ],
                [
                    -159.16317701339722,
                    1306.8857192993164
                ],
                [
                    -348.7318158149719,
                    935.7805252075195
                ],
                [
                    -67.180335521698,
                    1103.0353307724
                ]
            ],
            "provenance": "visii",
            "quaternion_xyzw": [
                0.5918524265289307,
                0.2658757269382477,
                -0.42490410804748535,
                0.6312505602836609
            ],
            "quaternion_xyzw_world": [
                0.9569414258003235,
                -0.26616156101226807,
                -0.09921327978372574,
                -0.059815093874931335
            ],
            "segmentation_id": 12,
            "visibility": 0
        },
        {
            "bounding_box_minx_maxx_miny_maxy": [
                -1,
                -1,
                -1,
                -1
            ],
            "class": "Black",
            "local_cuboid": null,
            "local_to_world_matrix": [
                [
                    0.6032392382621765,
                    -0.3916222155094147,
                    0.6947908997535706,
                    0.0
                ],
                [
                    -0.7100328207015991,
                    0.13307344913482666,
                    0.6914801597595215,
                    0.0
                ],
                [
                    -0.3632572293281555,
                    -0.9104523658752441,
                    -0.19778943061828613,
                    0.0
                ],
                [
                    0.47862768173217773,
                    0.009142260067164898,
                    -0.5126457214355469,
                    1.0
                ]
            ],
            "location": [
                -0.009142260067164898,
                -0.5126457214355469,
                -0.47862768173217773
            ],
            "location_world": [
                0.47862768173217773,
                0.009142260067164898,
                -0.5126457214355469
            ],
            "name": "google_Black_Elderberry_Syrup_54_oz_Gaia_Herbs_12",
            "projected_cuboid": [
                [
                    429.59707975387573,
                    954.794704914093
                ],
                [
                    436.204195022583,
                    966.423749923706
                ],
                [
                    247.61810898780823,
                    850.4196405410767
                ],
                [
                    256.9943964481354,
                    849.3939638137817
                ],
                [
                    412.5727415084839,
                    1067.0939683914185
                ],
                [
                    417.92482137680054,
                    1091.9101238250732
                ],
                [
                    216.7682945728302,
                    951.8082737922668
                ],
                [
                    229.49783504009247,
                    941.8903589248657
                ],
                [
                    325.9720206260681,
                    953.3405303955078
                ]
            ],
            "provenance": "visii",
            "quaternion_xyzw": [
                0.2902088761329651,
                0.4838906526565552,
                0.2646482586860657,
                0.7820421457290649
            ],
            "quaternion_xyzw_world": [
                0.6457467079162598,
                -0.42650431394577026,
                0.1283528357744217,
                0.6201860904693604
            ],
            "segmentation_id": 13,
            "visibility": 0
        },
        {
            "bounding_box_minx_maxx_miny_maxy": [
                0,
                7,
                29,
                45
