{
    "camera_data": {
        "camera_look_at": {
            "at": [
                1.0,
                0.0,
                0.0
            ],
            "eye": [
                0.0,
                0.0,
                0.0
            ],
            "up": [
                0.0,
                0.0,
                1.0
            ]
        },
        "camera_view_matrix": [
            [
                0.0,
                0.0,
                -1.0,
                0.0
            ],
            [
                -1.0,
                0.0,
                0.0,
                0.0
            ],
            [
                0.0,
                1.0,
                0.0,
                0.0
            ],
            [
                0.0,
                0.0,
                0.0,
                1.0
            ]
        ],
        "height": 500,
        "intrinsics": {
            "cx": 250.0,
            "cy": 250.0,
            "fx": 603.5535278320312,
            "fy": 603.5535278320312
        },
        "location_world": [
            0.0,
            0.0,
            0.0
        ],
        "quaternion_world_xyzw": [
            0.5,
            -0.5,
            -0.5,
            0.5
        ],
        "width": 500
    },
    "objects": [
        {
            "bounding_box_minx_maxx_miny_maxy": [
                -1,
                -1,
                -1,
                -1
            ],
            "class": "Reebok",
            "local_cuboid": null,
            "local_to_world_matrix": [
                [
                    0.023536264896392822,
                    0.2562354803085327,
                    -0.9663277864456177,
                    0.0
                ],
                [
                    0.14804159104824066,
                    0.9550455212593079,
                    0.25684961676597595,
                    0.0
                ],
                [
                    0.9887009859085083,
                    -0.14910198748111725,
                    -0.015455365180969238,
                    0.0
                ],
                [
                    1.1914448738098145,
                    -0.4708177149295807,
                    0.26827746629714966,
                    1.0
                ]
            ],
            "location": [
                0.4708177149295807,
                0.26827746629714966,
                -1.1914448738098145
            ],
            "location_world": [
                1.1914448738098145,
                -0.4708177149295807,
                0.26827746629714966
            ],
            "name": "google_Reebok_SOMERSET_RUN_0",
            "projected_cuboid": [
                [
                    537.9507541656494,
                    168.1598722934723
                ],
                [
                    401.64703130722046,
                    136.69434189796448
                ],
                [
                    407.3778986930847,
                    125.09213387966156
                ],
                [
                    557.2547316551208,
                    159.21276807785034
                ],
                [
                    552.1498918533325,
                    116.69015884399414
                ],
                [
                    415.10939598083496,
                    86.84268593788147
                ],
                [
                    422.12823033332825,
                    70.49243152141571
                ],
                [
                    572.8927254676819,
                    102.66600549221039
                ],
                [
                    481.758177280426,
                    120.77540159225464
                ]
            ],
            "provenance": "visii",
            "quaternion_xyzw": [
                -0.6073746681213379,
                0.7908517718315125,
                -0.05168379843235016,
                0.05457348749041557
            ],
            "quaternion_xyzw_world": [
                0.1448672115802765,
                0.6976683735847473,
                0.03860989958047867,
                0.700558066368103
            ],
            "segmentation_id": 1,
            "visibility": 0
        },
        {
            "bounding_box_minx_maxx_miny_maxy": [
                -1,
                -1,
                -1,
                -1
            ],
            "class": "Breyer",
            "local_cuboid": null,
            "local_to_world_matrix": [
                [
                    -0.4135779142379761,
                    0.712651789188385,
                    -0.5666404366493225,
                    0.0
                ],
                [
                    0.6235825419425964,
                    0.6751902103424072,
                    0.39403441548347473,
                    0.0
                ],
                [
                    0.6633993983268738,
                    -0.19038322567939758,
                    -0.723641037940979,
                    0.0
                ],
                [
                    0.5784251689910889,
                    0.2279735803604126,
                    -0.47514641284942627,
                    1.0
                ]
            ],
            "location": [
                -0.2279735803604126,
                -0.47514641284942627,
                -0.5784251689910889
            ],
            "location_world": [
                0.5784251689910889,
                0.2279735803604126,
                -0.47514641284942627
            ],
            "name": "google_Breyer_Horse_Of_The_Year_2015_1",
            "projected_cuboid": [
                [
                    -11.062443256378174,
                    896.2595462799072
                ],
                [
                    -32.66620635986328,
                    839.6884202957153
                ],
                [
                    -116.60772562026978,
                    827.0437121391296
                ],
                [
                    -96.60196304321289,
                    893.8760161399841
                ],
                [
                    163.34450244903564,
                    698.7805962562561
                ],
                [
                    136.12180948257446,
                    658.9124798774719
                ],
                [
                    91.06425940990448,
                    619.7623014450073
                ],
                [
                    120.1600730419159,
                    663.9524698257446
                ],
                [
                    41.20984673500061,
                    754.7378540039062
                ]
            ],
            "provenance": "visii",
            "quaternion_xyzw": [
                -0.37306615710258484,
                0.8321787714958191,
                -0.4047277569770813,
                -0.0670512244105339
            ],
            "quaternion_xyzw_world": [
                0.39839455485343933,
                0.8385119438171387,
                0.06071804091334343,
                0.36673295497894287
            ],
            "segmentation_id": 2,
            "visibility": 0
        },
        {
            "bounding_box_minx_maxx_miny_maxy": [
                53,
                126,
                106,
                229
            ],
            "class": "Smith",
            "local_cuboid": null,
            "local_to_world_matrix": [
                [
                    -0.03476524353027344,
                    -0.44617605209350586,
                    -0.8942697048187256,
                    0.0
                ],
                [
                    0.48065221309661865,
                    -0.7919914722442627,
                    0.3764610290527344,
                    0.0
                ],
                [
                    -0.8762218952178955,
                    -0.4167449474334717,
                    0.24198931455612183,
                    0.0
                ],
                [
                    1.6301027536392212,
                    0.4472314119338989,
                    0.20610018074512482,
                    1.0
                ]
            ],
            "location": [
                -0.4472314119338989,
                0.20610018074512482,
                -1.6301027536392212
            ],
            "location_world": [
                1.6301027536392212,
                0.4472314119338989,
                0.20610018074512482
            ],
            "name": "google_Smith_Hawken_Woven_BasketTray_Organizer_with_3_Compartments_95_x_9_x_13_2",
            "projected_cuboid": [
                [
                    86.82014048099518,
                    222.38904237747192
                ],
                [
                    185.67439913749695,
                    184.3811571598053
                ],
                [
                    154.54243123531342,
                    216.85075759887695
                ],
                [
                    68.13253462314606,
                    251.69920921325684
                ],
                [
                    15.747115015983582,
                    77.13088393211365
                ],
                [
                    119.7701245546341,
                    51.74621939659119
                ],
                [
                    98.01173210144043,
                    102.37756371498108
                ],
                [
                    7.844612002372742,
                    127.94539332389832
                ],
                [
                    93.10416877269745,
                    155.00321984291077
                ]
            ],
            "provenance": "visii",
            "quaternion_xyzw": [
                0.21993927657604218,
                -0.11625728011131287,
                0.5132213830947876,
                -0.8214101791381836
            ],
            "quaternion_xyzw_world": [
                -0.6154748201370239,
                -0.014003882184624672,
                0.719156801700592,
                -0.3221926987171173
            ],
            "segmentation_id": 3,
            "visibility": 1
        },
        {
            "bounding_box_minx_maxx_miny_maxy": [
                -1,
                -1,
                -1,
                -1
            ],
            "class": "Paul",
            "local_cuboid": null,
            "local_to_world_matrix": [
                [
                    -0.09903562068939209,
                    0.6574049592018127,
                    -0.7470013499259949,
                    0.0
                ],
                [
                    -0.7517325282096863,
                    0.4424337148666382,
                    0.48903048038482666,
                    0.0
                ],
                [
                    0.6519896388053894,
                    0.6099765300750732,
                    0.4503757953643799,
                    0.0
                ],
                [
                    0.13889451324939728,
                    -0.20324110984802246,
                    -0.2802470624446869,
                    1.0
                ]
            ],
            "location": [
                0.20324110984802246,
                -0.2802470624446869,
                -0.13889451324939728
            ],
            "location_world": [
                0.13889451324939728,
                -0.20324110984802246,
                -0.2802470624446869
            ],
            "name": "google_Paul_Frank_Dot_Lunch_Box_3",
            "projected_cuboid": [
                [
                    247.53828346729279,
                    821.790874004364
                ],
                [
                    124.82498586177826,
                    883.2552433013916
                ],
                [
                    905.2567481994629,
                    2748.1324672698975
                ],
                [
                    758.9045763015747,
                    1721.1015224456787
                ],
                [
                    551.8366098403931,
                    432.8303933143616
                ],
                [
                    535.3407859802246,
                    368.00330877304077
                ],
                [
                    1690.8963918685913,
                    1095.2141284942627
                ],
                [
                    1233.1242561340332,
                    904.3846726417542
                ],
                [
                    622.0388412475586,
                    892.7345275878906
                ]
            ],
            "provenance": "visii",
            "quaternion_xyzw": [
                -0.35551172494888306,
                0.836424708366394,
                0.3592996597290039,
                -0.2119174599647522
            ],
            "quaternion_xyzw_world": [
                -0.04515208303928375,
                0.5222771167755127,
                0.5260650515556335,
                0.6696593165397644
            ],
            "segmentation_id": 4,
            "visibility": 0
        },
        {
            "bounding_box_minx_maxx_miny_maxy": [
                37,
                62,
                152,
                219
            ],
            "class": "Toys",
            "local_cuboid": null,
            "local_to_world_matrix": [
                [
                    -0.845719575881958,
                    -0.28796544671058655,
                    0.4492601156234741,
                    0.0
                ],
                [
                    -0.5060139894485474,
                    0.16544783115386963,
                    -0.8465086817741394,
                    0.0
                ],
                [
                    0.16943611204624176,
                    -0.9432407021522522,
                    -0.28563714027404785,
                    0.0
                ],
                [
                    0.9511910676956177,
                    0.4528657793998718,
                    0.1392902135848999,
                    1.0
                ]
            ],
            "location": [
                -0.4528657793998718,
                0.1392902135848999,
                -0.9511910676956177
            ],
            "location_world": [
                0.9511910676956177,
                0.4528657793998718,
                0.1392902135848999
            ],
            "name": "google_Toys_R_Us_Treat_Dispenser_Smart_Puzzle_Foobler_4",
            "projected_cuboid": [
                [
                    76.58739387989044,
                    125.98496675491333
                ],
                [
                    43.50763559341431,
                    205.0071656703949
                ],
                [
                    -65.99652767181396,
                    172.38500714302063
                ],
                [
                    -22.7644145488739,
                    93.88822317123413
                ],
                [
                    72.70434498786926,
                    179.77803945541382
                ],
                [
                    43.63590478897095,
                    252.6719570159912
                ],
                [
                    -51.209092140197754,
                    225.6835252046585
                ],
                [
                    -14.427155256271362,
                    152.98520028591156
                ],
                [
                    11.795401573181152,
                    176.53147876262665
                ]
            ],
            "provenance": "visii",
            "quaternion_xyzw": [
                -0.7589318752288818,
                -0.09349066019058228,
                -0.5893019437789917,
                -0.2607780396938324
            ],
            "quaternion_xyzw_world": [
                -0.2619493007659912,
                0.7577605843544006,
                -0.5904732346534729,
                -0.09231939166784286
            ],
            "segmentation_id": 5,
            "visibility": 1
        },
        {
            "bounding_box_minx_maxx_miny_maxy": [
                -1,
                -1,
                -1,
                -1
            ],
            "class": "Tag",
            "local_cuboid": null,
            "local_to_world_matrix": [
                [
                    0.3141569495201111,
                    0.5672829747200012,
                    -0.7612459659576416,
                    0.0
                ],
                [
                    -0.5665481686592102,
                    -0.5313892364501953,
                    -0.6298004984855652,
                    0.0
                ],
                [
                    -0.7617930173873901,
                    0.6291387677192688,
                    0.15445351600646973,
                    0.0
                ],
                [
                    0.20308640599250793,
                    0.4304279386997223,
                    -0.268046498298645,
                    1.0
                ]
            ],
            "location": [
                -0.4304279386997223,
                -0.268046498298645,
                -0.20308640599250793
            ],
            "location_world": [
                0.20308640599250793,
                0.4304279386997223,
                -0.268046498298645
            ],
            "name": "google_Tag_Dishtowel_Basket_Weave_Red_18_x_26_5",
            "projected_cuboid": [
                [
                    -1010.6183290481567,
                    819.1390633583069
                ],
                [
                    -1678.269624710083,
                    2011.2404823303223
                ],
                [
                    -1285.0912809371948,
                    1745.7104921340942
                ],
                [
                    -852.7696132659912,
                    779.0486812591553
                ],
                [
                    -1053.0116558074951,
                    597.3553657531738
                ],
                [
                    -2214.4718170166016,
                    2202.301502227783
                ],
                [
                    -1501.3008117675781,
                    1761.8399858474731
                ],
                [
                    -855.6245565414429,
                    572.7037191390991
                ],
                [
                    -1153.1898975372314,
                    1093.048095703125
                ]
            ],
            "provenance": "visii",
            "quaternion_xyzw": [
                0.2741917669773102,
                -0.20957665145397186,
                -0.8600692749023438,
                0.3757357895374298
            ],
            "quaternion_xyzw_world": [
                0.6502100825309753,
                0.0002825178380589932,
                -0.5855949521064758,
                -0.4840509593486786
            ],
            "segmentation_id": 6,
            "visibility": 0
        },
        {
            "bounding_box_minx_maxx_miny_maxy": [
                283,
                320,
                1,
                49
            ],
            "class": "FRACTION",
            "local_cuboid": null,
            "local_to_world_matrix": [
                [
                    -0.05314230918884277,
                    -0.8395785093307495,
                    -0.5406327843666077,
                    0.0
                ],
                [
                    0.2917492687702179,
                    0.5047221183776855,
                    -0.8124887347221375,
                    0.0
                ],
                [
                    0.9550173878669739,
                    -0.20090681314468384,
                    0.2181243896484375,
                    0.0
                ],
                [
                    0.3600453734397888,
                    -0.13010787963867188,
                    0.14403566718101501,
                    1.0
                ]
            ],
            "location": [
                0.13010787963867188,
                0.14403566718101501,
                -0.3600453734397888
            ],
            "location_world": [
                0.3600453734397888,
                -0.13010787963867188,
                0.14403566718101501
            ],
            "name": "google_FRACTION_FUN_n4h4qte23QR_6",
            "projected_cuboid": [
                [
                    674.7701168060303,
                    -48.938482999801636
                ],
                [
                    483.9513897895813,
                    208.2432061433792
                ],
                [
                    495.63300609588623,
                    218.7359780073166
                ],
                [
                    712.7621173858643,
                    -69.48930025100708
                ],
                [
                    430.05654215812683,
                    -192.45269894599915
                ],
                [
                    274.43793416023254,
                    77.45680212974548
                ],
                [
                    263.5079026222229,
                    73.7585574388504
                ],
                [
                    436.6421103477478,
                    -230.23918271064758
                ],
                [
                    463.0192518234253,
                    14.235839247703552
                ]
            ],
            "provenance": "visii",
            "quaternion_xyzw": [
                -0.9496163129806519,
                0.27520453929901123,
                -0.06688204407691956,
                0.13423147797584534
            ],
            "quaternion_xyzw_world": [
                -0.23664912581443787,
                0.5787357091903687,
                -0.43776264786720276,
                0.6460851430892944
            ],
            "segmentation_id": 7,
            "visibility": 1
        },
        {
            "bounding_box_minx_maxx_miny_maxy": [
                0,
                328,
                1,
                354
            ],
            "class": "FAIRY",
            "local_cuboid": null,
            "local_to_world_matrix": [
                [
                    -0.6071556806564331,
                    -0.5946183800697327,
                    -0.5270588994026184,
                    0.0
                ],
                [
                    0.07201933860778809,
                    0.6194027066230774,
                    -0.7817630767822266,
                    0.0
                ],
                [
                    0.7913123965263367,
                    -0.5126103162765503,
                    -0.33324992656707764,
                    0.0
                ],
                [
                    0.2853173613548279,
                    0.09694179892539978,
                    0.11110907047986984,
                    1.0
                ]
            ],
            "location": [
                -0.09694179892539978,
                0.11110907047986984,
                -0.2853173613548279
            ],
            "location_world": [
                0.2853173613548279,
                0.09694179892539978,
                0.11110907047986984
            ],
            "name": "google_FAIRY_TALE_BLOCKS_7",
            "projected_cuboid": [
                [
                    528.1153321266174,
                    130.29885292053223
                ],
                [
                    264.3475830554962,
                    452.0501494407654
                ],
                [
                    -38.956642150878906,
                    410.0714921951294
                ],
                [
                    428.5559058189392,
                    -199.50327277183533
                ],
                [
                    280.1092863082886,
                    14.961808919906616
                ],
                [
                    97.63845801353455,
                    252.14892625808716
                ],
                [
                    -161.88716888427734,
                    131.76807761192322
                ],
                [
                    98.35386276245117,
                    -231.43547773361206
                ],
                [
                    186.38265132904053,
                    131.0265064239502
                ]
            ],
            "provenance": "visii",
            "quaternion_xyzw": [
                -0.889900803565979,
                0.3220757246017456,
                -0.31457602977752686,
                -0.0733875185251236
            ],
            "quaternion_xyzw_world": [
                -0.16331832110881805,
                0.7999700307846069,
                -0.4045068323612213,
                0.4120064675807953
            ],
            "segmentation_id": 8,
            "visibility": 1
        },
        {
            "bounding_box_minx_maxx_miny_maxy": [
                -1,
                -1,
                -1,
                -1
            ],
            "class": "Great",
            "local_cuboid": null,
            "local_to_world_matrix": [
                [
                    0.638888418674469,
                    0.7249644994735718,
                    -0.25738725066185,
                    0.0
                ],
                [
                    0.7554672956466675,
                    -0.6544042825698853,
                    0.03201323747634888,
                    0.0
                ],
                [
                    -0.14522677659988403,
                    -0.21490050852298737,
                    -0.9657783508300781,
                    0.0
                ],
                [
                    0.5416427850723267,
                    -0.5101190209388733,
                    -0.3658120334148407,
                    1.0
                ]
            ],
            "location": [
                0.5101190209388733,
                -0.3658120334148407,
                -0.5416427850723267
            ],
            "location_world": [
                0.5416427850723267,
                -0.5101190209388733,
                -0.3658120334148407
            ],
            "name": "google_Great_Jones_Wingtip_kAqSg6EgG0I_8",
            "projected_cuboid": [
                [
                    784.5517992973328,
                    924.7192740440369
                ],
                [
                    780.4732918739319,
                    681.4142465591431
                ],
                [
                    746.6380596160889,
                    575.7642984390259
                ],
                [
                    733.2035899162292,
                    756.0926079750061
                ],
                [
                    1017.7285671234131,
                    1007.2431564331055
                ],
                [
                    922.6803779602051,
                    703.4428715705872
                ],
                [
                    881.2258839607239,
                    585.1747393608093
                ],
                [
                    947.0574259757996,
                    804.2324781417847
                ],
                [
                    841.0986661911011,
                    726.1117696762085
                ]
            ],
            "provenance": "visii",
            "quaternion_xyzw": [
                0.15636150538921356,
                0.6347737908363342,
                -0.6778971552848816,
                0.33625727891921997
            ],
            "quaternion_xyzw_world": [
                0.9026448726654053,
                0.41002610325813293,
                -0.1115095317363739,
                0.06838618218898773
            ],
            "segmentation_id": 9,
            "visibility": 0
        },
        {
            "bounding_box_minx_maxx_miny_maxy": [
                463,
                499,
                424,
                481
            ],
            "class": "Ecoforms",
            "local_cuboid": null,
            "local_to_world_matrix": [
                [
                    -0.5858199596405029,
                    0.42524540424346924,
                    -0.6899140477180481,
                    0.0
                ],
                [
                    -0.62867271900177,
                    0.29878491163253784,
                    0.7179820537567139,
                    0.0
                ],
                [
                    0.5114545226097107,
                    0.8543382883071899,
                    0.09230601787567139,
                    0.0
                ],
                [
                    0.4718254804611206,
                    -0.21147118508815765,
                    -0.09339988976716995,
                    1.0
                ]
            ],
            "location": [
                0.21147118508815765,
                -0.09339988976716995,
                -0.4718254804611206
            ],
            "location_world": [
                0.4718254804611206,
                -0.21147118508815765,
                -0.09339988976716995
            ],
            "name": "google_Ecoforms_Plant_Container_Quadra_Sand_QP6_9",
            "projected_cuboid": [
                [
                    309.57964062690735,
                    477.32681035995483
                ],
                [
                    248.19357693195343,
                    352.5468707084656
                ],
                [
                    491.620272397995,
                    403.6993384361267
                ],
                [
                    502.98041105270386,
                    538.2317304611206
                ],
                [
                    372.2485899925232,
                    322.0154941082001
                ],
                [
                    336.73804998397827,
                    188.843235373497
                ],
                [
                    538.4560823440552,
                    197.64409959316254
                ],
                [
                    538.1286144256592,
                    348.5672175884247
                ],
                [
                    413.54984045028687,
                    350.2771854400635
                ]
            ],
            "provenance": "visii",
            "quaternion_xyzw": [
                -0.30340856313705444,
                0.8146597743034363,
                0.2212514728307724,
                -0.44195082783699036
            ],
            "quaternion_xyzw_world": [
                -0.07597557455301285,
                0.6693838238716125,
                0.5872267484664917,
                0.4486844837665558
            ],
            "segmentation_id": 10,
            "visibility": 1
        },
        {
            "bounding_box_minx_maxx_miny_maxy": [
                -1,
                -1,
                -1,
                -1
            ],
            "class": "ReadytoUse",
            "local_cuboid": null,
            "local_to_world_matrix": [
                [
                    0.6265442967414856,
                    -0.5784202218055725,
                    0.5223718285560608,
                    0.0
                ],
                [
                    0.372591495513916,
                    -0.3663949966430664,
                    -0.8526021242141724,
                    0.0
                ],
                [
                    0.6845566630363464,
                    0.728824257850647,
                    -0.014048218727111816,
                    0.0
                ],
                [
                    0.49942827224731445,
                    0.27414849400520325,
                    -0.32623159885406494,
                    1.0
                ]
            ],
            "location": [
                -0.27414849400520325,
                -0.32623159885406494,
                -0.49942827224731445
            ],
            "location_world": [
                0.49942827224731445,
                0.27414849400520325,
                -0.32623159885406494
            ],
            "name": "google_ReadytoUse_Rolled_Fondant_Pure_White_24_oz_box_10",
            "projected_cuboid": [
                [
                    -97.87413477897644,
                    508.7684392929077
                ],
                [
                    -71.84675335884094,
                    539.7988557815552
                ],
                [
                    -4.0930211544036865,
                    598.4008312225342
                ],
                [
                    -33.46151113510132,
                    562.6187324523926
                ],
                [
                    -219.46629881858826,
                    611.1361384391785
                ],
                [
                    -186.25220656394958,
                    643.006443977356
                ],
                [
                    -135.60080528259277,
                    736.4436388015747
                ],
                [
                    -175.24772882461548,
                    700.2162933349609
                ],
                [
                    -113.80156874656677,
                    604.8880219459534
                ]
            ],
            "provenance": "visii",
            "quaternion_xyzw": [
                -0.8825501203536987,
                -0.25176098942756653,
                0.3839353024959564,
                0.10156455636024475
            ],
            "quaternion_xyzw_world": [
                -0.7083409428596497,
                0.07264464348554611,
                -0.425970196723938,
                0.5581445097923279
            ],
            "segmentation_id": 11,
            "visibility": 0
        },
        {
            "bounding_box_minx_maxx_miny_maxy": [
                -1,
                -1,
                -1,
                -1
            ],
            "class": "Dog",
            "local_cuboid": null,
            "local_to_world_matrix": [
                [
                    0.3579036593437195,
                    0.572375476360321,
                    0.7377610206604004,
                    0.0
                ],
                [
                    -0.5118324160575867,
                    -0.5405707359313965,
                    0.667690634727478,
                    0.0
                ],
                [
                    0.7809817790985107,
                    -0.6165789365768433,
                    0.09948807954788208,
                    0.0
                ],
                [
                    0.29928794503211975,
                    0.44082319736480713,
                    -0.34828612208366394,
                    1.0
                ]
            ],
            "location": [
                -0.44082319736480713,
                -0.34828612208366394,
                -0.29928794503211975
            ],
            "location_world": [
                0.29928794503211975,
                0.44082319736480713,
                -0.34828612208366394
            ],
            "name": "google_Dog_11",
            "projected_cuboid": [
                [
                    -232.83451795578003,
                    585.6016874313354
                ],
                [
                    -200.05851984024048,
                    489.8349344730377
                ],
                [
                    -690.8780932426453,
                    657.6091051101685
                ],
                [
                    -616.5724396705627,
                    750.5983710289001
                ],
                [
                    -146.06979489326477,
                    869.7360754013062
                ],
                [
                    -83.30321311950684,
                    826.1516094207764
                ],
                [
                    -681.2839508056641,
                    1308.3717823028564
                ],
                [
                    -589.80393409729,
                    1223.9937782287598
                ],
                [
                    -357.9433560371399,
                    787.2408628463745
                ]
            ],
            "provenance": "visii",
            "quaternion_xyzw": [
                0.36773481965065,
                0.8690581321716309,
                0.17585721611976624,
                0.2803272306919098
            ],
            "quaternion_xyzw_world": [
                0.670631468296051,
                0.02256941795349121,
                0.5661614537239075,
                0.47875386476516724
            ],
            "segmentation_id": 12,
            "visibility": 0
        },
        {
            "bounding_box_minx_maxx_miny_maxy": [
                -1,
                -1,
                -1,
                -1
            ],
            "class": "Black",
            "local_cuboid": null,
            "local_to_world_matrix": [
                [
                    -0.1421586275100708,
                    0.26203861832618713,
                    0.9545295238494873,
                    0.0
                ],
                [
                    -0.9562902450561523,
                    -0.2853076457977295,
                    -0.06409788131713867,
                    0.0
                ],
                [
                    0.25553855299949646,
                    -0.9219193458557129,
                    0.29114389419555664,
                    0.0
                ],
                [
                    0.20800508558750153,
                    -0.2093208134174347,
                    -0.4738019108772278,
                    1.0
                ]
            ],
            "location": [
                0.2093208134174347,
                -0.4738019108772278,
                -0.20800508558750153
            ],
            "location_world": [
                0.20800508558750153,
                -0.2093208134174347,
                -0.4738019108772278
            ],
            "name": "google_Black_Elderberry_Syrup_54_oz_Gaia_Herbs_12",
            "projected_cuboid": [
                [
                    983.3746552467346,
                    1151.9197225570679
                ],
                [
                    1225.947380065918,
                    1402.1750688552856
                ],
                [
                    972.3784923553467,
                    1790.4506921768188
                ],
                [
                    752.7747750282288,
                    1405.7494401931763
                ],
                [
                    994.4750070571899,
                    1244.1620826721191
                ],
                [
                    1230.9685945510864,
                    1508.8119506835938
                ],
                [
                    989.6157383918762,
                    1901.4427661895752
                ],
                [
                    773.3805775642395,
                    1503.645896911621
                ],
                [
                    985.9066605567932,
                    1455.9950828552246
                ]
            ],
            "provenance": "visii",
            "quaternion_xyzw": [
                0.5141978859901428,
                0.6028016805648804,
                0.5173485279083252,
                0.3233902156352997
            ],
            "quaternion_xyzw_world": [
                0.46152061223983765,
                -0.37606748938560486,
                0.6554788947105408,
                0.46467125415802
            ],
            "segmentation_id": 13,
            "visibility": 0
        },
        {
            "bounding_box_minx_maxx_miny_maxy": [
                -1,
                -1,
                -1,
                -1
            ],
