{
    "camera_data": {
        "camera_look_at": {
            "at": [
                1.0,
                0.0,
                0.0
            ],
            "eye": [
                0.0,
                0.0,
                0.0
            ],
            "up": [
                0.0,
                0.0,
                1.0
            ]
        },
        "camera_view_matrix": [
            [
                0.0,
                0.0,
                -1.0,
                0.0
            ],
            [
                -1.0,
                0.0,
                0.0,
                0.0
            ],
            [
                0.0,
                1.0,
                0.0,
                0.0
            ],
            [
                0.0,
                0.0,
                0.0,
                1.0
            ]
        ],
        "height": 500,
        "intrinsics": {
            "cx": 250.0,
            "cy": 250.0,
            "fx": 603.5535278320312,
            "fy": 603.5535278320312
        },
        "location_world": [
            0.0,
            0.0,
            0.0
        ],
        "quaternion_world_xyzw": [
            0.5,
            -0.5,
            -0.5,
            0.5
        ],
        "width": 500
    },
    "objects": [
        {
            "bounding_box_minx_maxx_miny_maxy": [
                -1,
                -1,
                -1,
                -1
            ],
            "class": "Reebok",
            "local_cuboid": null,
            "local_to_world_matrix": [
                [
                    0.16430848836898804,
                    0.7720949649810791,
                    0.6138991117477417,
                    0.0
                ],
                [
                    -0.7020370960235596,
                    0.5287224650382996,
                    -0.47707077860832214,
                    0.0
                ],
                [
                    -0.6929261684417725,
                    -0.35259315371513367,
                    0.6289128661155701,
                    0.0
                ],
                [
                    1.2202860116958618,
                    -0.39995047450065613,
                    0.3157236874103546,
                    1.0
                ]
            ],
            "location": [
                0.39995047450065613,
                0.3157236874103546,
                -1.2202860116958618
            ],
            "location_world": [
                1.2202860116958618,
                -0.39995047450065613,
                0.3157236874103546
            ],
            "name": "google_Reebok_SOMERSET_RUN_0",
            "projected_cuboid": [
                [
                    478.8370132446289,
                    12.248441576957703
                ],
                [
                    434.5233738422394,
                    46.093955636024475
                ],
                [
                    399.42675828933716,
                    99.75570440292358
                ],
                [
                    446.47660851478577,
                    59.67921018600464
                ],
                [
                    524.9201059341431,
                    42.57915914058685
                ],
                [
                    489.0175759792328,
                    83.09730887413025
                ],
                [
                    449.37843084335327,
                    134.97114181518555
                ],
                [
                    489.28117752075195,
                    88.82220089435577
                ],
                [
                    465.0035500526428,
                    69.87796723842621
                ]
            ],
            "provenance": "visii",
            "quaternion_xyzw": [
                0.0548853874206543,
                0.38797488808631897,
                0.8576263785362244,
                0.3330767750740051
            ],
            "quaternion_xyzw_world": [
                -0.040844667702913284,
                -0.4288068115711212,
                0.48370495438575745,
                0.7618963122367859
            ],
            "segmentation_id": 1,
            "visibility": 0
        },
        {
            "bounding_box_minx_maxx_miny_maxy": [
                -1,
                -1,
                -1,
                -1
            ],
            "class": "Breyer",
            "local_cuboid": null,
            "local_to_world_matrix": [
                [
                    -0.5103034973144531,
                    -0.18991443514823914,
                    -0.8387629985809326,
                    0.0
                ],
                [
                    -0.8384848833084106,
                    -0.10689592361450195,
                    0.5343376398086548,
                    0.0
                ],
                [
                    -0.19113853573799133,
                    0.9759641885757446,
                    -0.1046912670135498,
                    0.0
                ],
                [
                    0.7459745407104492,
                    0.046663325279951096,
                    -0.4698607325553894,
                    1.0
                ]
            ],
            "location": [
                -0.046663325279951096,
                -0.4698607325553894,
                -0.7459745407104492
            ],
            "location_world": [
                0.7459745407104492,
                0.046663325279951096,
                -0.4698607325553894
            ],
            "name": "google_Breyer_Horse_Of_The_Year_2015_1",
            "projected_cuboid": [
                [
                    92.54884719848633,
                    782.466471195221
                ],
                [
                    86.34176850318909,
                    793.8653230667114
                ],
                [
                    231.04240000247955,
                    754.8772692680359
                ],
                [
                    227.06393897533417,
                    746.6267347335815
                ],
                [
                    82.56761729717255,
                    555.9208393096924
                ],
                [
                    76.6950249671936,
                    550.8130788803101
                ],
                [
                    199.72726702690125,
                    526.9483327865601
                ],
                [
                    198.15956056118011,
                    533.2770347595215
                ],
                [
                    149.79055523872375,
                    645.9996700286865
                ]
            ],
            "provenance": "visii",
            "quaternion_xyzw": [
                -0.3407486081123352,
                0.5369554758071899,
                0.3416455388069153,
                -0.6919882297515869
            ],
            "quaternion_xyzw_world": [
                -0.41871342062950134,
                0.6140233874320984,
                0.6149203181266785,
                0.26368069648742676
            ],
            "segmentation_id": 2,
            "visibility": 0
        },
        {
            "bounding_box_minx_maxx_miny_maxy": [
                9,
                137,
                149,
                265
            ],
            "class": "Smith",
            "local_cuboid": null,
            "local_to_world_matrix": [
                [
                    -0.199967622756958,
                    0.8703759908676147,
                    0.44995397329330444,
                    0.0
                ],
                [
                    0.3259265720844269,
                    -0.37398767471313477,
                    0.8682770729064941,
                    0.0
                ],
                [
                    0.9240047335624695,
                    0.3202793598175049,
                    -0.20889317989349365,
                    0.0
                ],
                [
                    1.6431396007537842,
                    0.5006610751152039,
                    0.1352173238992691,
                    1.0
                ]
            ],
            "location": [
                -0.5006610751152039,
                0.1352173238992691,
                -1.6431396007537842
            ],
            "location_world": [
                1.6431396007537842,
                0.5006610751152039,
                0.1352173238992691
            ],
            "name": "google_Smith_Hawken_Woven_BasketTray_Organizer_with_3_Compartments_95_x_9_x_13_2",
            "projected_cuboid": [
                [
                    -13.895988464355469,
                    234.47488248348236
                ],
                [
                    28.417199850082397,
                    164.02924060821533
                ],
                [
                    26.552528142929077,
                    130.52555918693542
                ],
                [
                    -22.57630228996277,
                    210.35487949848175
                ],
                [
                    96.73403203487396,
                    287.0401442050934
                ],
                [
                    132.78204202651978,
                    216.9351577758789
                ],
                [
                    146.0573375225067,
                    192.47141480445862
                ],
                [
                    105.22083938121796,
                    271.95826172828674
                ],
                [
                    63.99233639240265,
                    214.02153372764587
                ]
            ],
            "provenance": "visii",
            "quaternion_xyzw": [
                0.2152625024318695,
                0.9569035768508911,
                -0.1397266387939453,
                -0.13591942191123962
            ],
            "quaternion_xyzw_world": [
                0.5879866480827332,
                0.5086435675621033,
                0.5841794013977051,
                0.23299750685691833
            ],
            "segmentation_id": 3,
            "visibility": 1
        },
        {
            "bounding_box_minx_maxx_miny_maxy": [
                -1,
                -1,
                -1,
                -1
            ],
            "class": "Paul",
            "local_cuboid": null,
            "local_to_world_matrix": [
                [
                    0.21098023653030396,
                    0.6554582715034485,
                    -0.7251633405685425,
                    0.0
                ],
                [
                    -0.9567995667457581,
                    0.2903096675872803,
                    -0.015968739986419678,
                    0.0
                ],
                [
                    0.2000550925731659,
                    0.6972050070762634,
                    0.6883916854858398,
                    0.0
                ],
                [
                    0.16065627336502075,
                    -0.20072485506534576,
                    -0.28832218050956726,
                    1.0
                ]
            ],
            "location": [
                0.20072485506534576,
                -0.28832218050956726,
                -0.16065627336502075
            ],
            "location_world": [
                0.16065627336502075,
                -0.20072485506534576,
                -0.28832218050956726
            ],
            "name": "google_Paul_Frank_Dot_Lunch_Box_3",
            "projected_cuboid": [
                [
                    182.61124193668365,
                    720.9767699241638
                ],
                [
                    41.49000346660614,
                    991.9613599777222
                ],
                [
                    684.0626001358032,
                    1947.8260278701782
                ],
                [
                    576.1645436286926,
                    1213.4532928466797
                ],
                [
                    617.5463795661926,
                    335.16839146614075
                ],
                [
                    766.6345238685608,
                    412.1641516685486
                ],
                [
                    2262.388229370117,
                    1690.37663936615
                ],
                [
                    1238.9891147613525,
                    878.906786441803
                ],
                [
                    642.2971487045288,
                    935.2399706840515
                ]
            ],
            "provenance": "visii",
            "quaternion_xyzw": [
                -0.37435463070869446,
                0.6781491041183472,
                0.6065005660057068,
                -0.17924699187278748
            ],
            "quaternion_xyzw_world": [
                -0.24097658693790436,
                0.31262505054473877,
                0.5447710156440735,
                0.7398786544799805
            ],
            "segmentation_id": 4,
            "visibility": 0
        },
        {
            "bounding_box_minx_maxx_miny_maxy": [
                -1,
                -1,
                -1,
                -1
            ],
            "class": "Toys",
            "local_cuboid": null,
            "local_to_world_matrix": [
                [
                    -0.7527443170547485,
                    0.5898122787475586,
                    -0.2923993468284607,
                    0.0
                ],
                [
                    -0.21988263726234436,
                    0.1933944821357727,
                    0.9561643600463867,
                    0.0
                ],
                [
                    0.6205059289932251,
                    0.7840408086776733,
                    -0.015887141227722168,
                    0.0
                ],
                [
                    0.685242772102356,
                    0.37102261185646057,
                    -0.2011590301990509,
                    1.0
                ]
            ],
            "location": [
                -0.37102261185646057,
                -0.2011590301990509,
                -0.685242772102356
            ],
            "location_world": [
                0.685242772102356,
                0.37102261185646057,
                -0.2011590301990509
            ],
            "name": "google_Toys_R_Us_Treat_Dispenser_Smart_Puzzle_Foobler_4",
            "projected_cuboid": [
                [
                    -176.27578973770142,
                    494.7895407676697
                ],
                [
                    -222.19914197921753,
                    380.6062638759613
                ],
                [
                    -176.86989903450012,
                    398.5794186592102
                ],
                [
                    -126.53765082359314,
                    528.7033319473267
                ],
                [
                    -53.87723445892334,
                    429.5554459095001
                ],
                [
                    -88.25159072875977,
                    328.8685381412506
                ],
                [
                    -32.633423805236816,
                    337.1798098087311
                ],
                [
                    3.5703033208847046,
                    450.10560750961304
                ],
                [
                    -105.0717830657959,
                    416.66194796562195
                ]
            ],
            "provenance": "visii",
            "quaternion_xyzw": [
                -0.13650023937225342,
                0.88973069190979,
                0.05731945484876633,
                -0.4318118989467621
            ],
            "quaternion_xyzw_world": [
                0.13204951584339142,
                0.7003616690635681,
                0.6211808919906616,
                0.32586923241615295
            ],
            "segmentation_id": 5,
            "visibility": 0
        },
        {
            "bounding_box_minx_maxx_miny_maxy": [
                -1,
                -1,
                -1,
                -1
            ],
            "class": "Tag",
            "local_cuboid": null,
            "local_to_world_matrix": [
                [
                    0.8059815168380737,
                    -0.5276825428009033,
                    -0.2682255804538727,
                    0.0
                ],
                [
                    -0.5208162069320679,
                    -0.41680407524108887,
                    -0.7450000047683716,
                    0.0
                ],
                [
                    0.28132596611976624,
                    0.7401524782180786,
                    -0.6107620000839233,
                    0.0
                ],
                [
                    0.2469535917043686,
                    0.4362230896949768,
                    -0.19868843257427216,
                    1.0
                ]
            ],
            "location": [
                -0.4362230896949768,
                -0.19868843257427216,
                -0.2469535917043686
            ],
            "location_world": [
                0.2469535917043686,
                0.4362230896949768,
                -0.19868843257427216
            ],
            "name": "google_Tag_Dishtowel_Basket_Weave_Red_18_x_26_5",
            "projected_cuboid": [
                [
                    -478.1203866004944,
                    493.7480688095093
                ],
                [
                    -590.4991626739502,
                    1001.349687576294
                ],
                [
                    -561.7457628250122,
                    979.8460602760315
                ],
                [
                    -455.71285486221313,
                    465.9515619277954
                ],
                [
                    -1099.0468263626099,
                    517.4565315246582
                ],
                [
                    -1924.9331951141357,
                    1595.8495140075684
                ],
                [
                    -1973.9408493041992,
                    1598.815679550171
                ],
                [
                    -1089.2388820648193,
                    474.6370315551758
                ],
                [
                    -827.0527124404907,
                    751.5287399291992
                ]
            ],
            "provenance": "visii",
            "quaternion_xyzw": [
                0.7990633249282837,
                0.046485163271427155,
                -0.48373329639434814,
                0.3540326952934265
            ],
            "quaternion_xyzw_world": [
                0.8416572213172913,
                -0.31143876910209656,
                0.003891240805387497,
                -0.4411393404006958
            ],
            "segmentation_id": 6,
            "visibility": 0
        },
        {
            "bounding_box_minx_maxx_miny_maxy": [
                -1,
                -1,
                -1,
                -1
            ],
            "class": "FRACTION",
            "local_cuboid": null,
            "local_to_world_matrix": [
                [
                    -0.442409873008728,
                    -0.18287864327430725,
                    -0.8779686689376831,
                    0.0
                ],
                [
                    -0.3875875174999237,
                    0.9218270182609558,
                    0.0032917261123657227,
                    0.0
                ],
                [
                    0.8087332248687744,
                    0.3417459726333618,
                    -0.47870683670043945,
                    0.0
                ],
                [
                    0.6744111180305481,
                    -0.1725514978170395,
                    0.2569139897823334,
                    1.0
                ]
            ],
            "location": [
                0.1725514978170395,
                0.2569139897823334,
                -0.6744111180305481
            ],
            "location_world": [
                0.6744111180305481,
                -0.1725514978170395,
                0.2569139897823334
            ],
            "name": "google_FRACTION_FUN_n4h4qte23QR_6",
            "projected_cuboid": [
                [
                    472.3776876926422,
                    114.58782851696014
                ],
                [
                    332.1966826915741,
                    98.3477383852005
                ],
                [
                    352.1342873573303,
                    68.26107203960419
                ],
                [
                    497.52509593963623,
                    88.63726258277893
                ],
                [
                    425.80270767211914,
                    9.730428457260132
                ],
                [
                    296.08672857284546,
                    -15.539407730102539
                ],
                [
                    311.8499517440796,
                    -48.14079403877258
                ],
                [
                    446.1510479450226,
                    -18.49004626274109
                ],
                [
                    393.9239978790283,
                    35.05854308605194
                ]
            ],
            "provenance": "visii",
            "quaternion_xyzw": [
                -0.7050390243530273,
                0.6381900310516357,
                -0.035694420337677,
                -0.3071795701980591
            ],
            "quaternion_xyzw_world": [
                -0.16916704177856445,
                0.843051552772522,
                0.10231809318065643,
                0.5001775622367859
            ],
            "segmentation_id": 7,
            "visibility": 0
        },
        {
            "bounding_box_minx_maxx_miny_maxy": [
                0,
                115,
                1,
                230
            ],
            "class": "FAIRY",
            "local_cuboid": null,
            "local_to_world_matrix": [
                [
                    -0.5248321294784546,
                    -0.06640884280204773,
                    -0.8486112952232361,
                    0.0
                ],
                [
                    0.4776810109615326,
                    0.8021917343139648,
                    -0.35820281505584717,
                    0.0
                ],
                [
                    0.7045368552207947,
                    -0.5933618545532227,
                    -0.3892937898635864,
                    0.0
                ],
                [
                    0.34393125772476196,
                    0.2394772171974182,
                    0.16671998798847198,
                    1.0
                ]
            ],
            "location": [
                -0.2394772171974182,
                0.16671998798847198,
                -0.34393125772476196
            ],
            "location_world": [
                0.34393125772476196,
                0.2394772171974182,
                0.16671998798847198
            ],
            "name": "google_FAIRY_TALE_BLOCKS_7",
            "projected_cuboid": [
                [
                    262.12185621261597,
                    214.94877338409424
                ],
                [
                    1.9060969352722168,
                    338.66211771965027
                ],
                [
                    -345.8901047706604,
                    226.08783841133118
                ],
                [
                    -100.21838545799255,
                    -54.17945981025696
                ],
                [
                    239.22613263130188,
                    -28.479665517807007
                ],
                [
                    37.39441931247711,
                    118.66156756877899
                ],
                [
                    -202.76129245758057,
                    -36.18583083152771
                ],
                [
                    2.893984317779541,
                    -307.10190534591675
                ],
                [
                    2.310037612915039,
                    74.5958536863327
                ]
            ],
            "provenance": "visii",
            "quaternion_xyzw": [
                -0.7295801639556885,
                0.5656688809394836,
                -0.38316354155540466,
                0.030287012457847595
            ],
            "quaternion_xyzw_world": [
                0.1247696727514267,
                0.8240627646446228,
                -0.28868088126182556,
                0.47118625044822693
            ],
            "segmentation_id": 8,
            "visibility": 1
        },
        {
            "bounding_box_minx_maxx_miny_maxy": [
                -1,
                -1,
                -1,
                -1
            ],
            "class": "Great",
            "local_cuboid": null,
            "local_to_world_matrix": [
                [
                    0.5589621067047119,
                    0.3314426839351654,
                    0.7600704431533813,
                    0.0
                ],
                [
                    -0.8232324123382568,
                    0.33153235912323,
                    0.46084126830101013,
                    0.0
                ],
                [
                    -0.09924548864364624,
                    -0.8833074569702148,
                    0.4581683874130249,
                    0.0
                ],
                [
                    0.6080420017242432,
                    -0.4962671101093292,
                    -0.3887525200843811,
                    1.0
                ]
            ],
            "location": [
                0.4962671101093292,
                -0.3887525200843811,
                -0.6080420017242432
            ],
            "location_world": [
                0.6080420017242432,
                -0.4962671101093292,
                -0.3887525200843811
            ],
            "name": "google_Great_Jones_Wingtip_kAqSg6EgG0I_8",
            "projected_cuboid": [
                [
                    752.7816295623779,
                    542.3308610916138
                ],
                [
                    886.3534927368164,
                    518.9121961593628
                ],
                [
                    753.5640001296997,
                    574.550986289978
                ],
                [
                    666.3920879364014,
                    579.0066719055176
                ],
                [
                    829.8793435096741,
                    642.0356035232544
                ],
                [
                    1027.7342796325684,
                    673.8561987876892
                ],
                [
                    872.979462146759,
                    733.3085536956787
                ],
                [
                    734.6411943435669,
                    680.3487539291382
                ],
                [
                    797.5298166275024,
                    613.4293079376221
                ]
            ],
            "provenance": "visii",
            "quaternion_xyzw": [
                0.16467437148094177,
                0.6505840420722961,
                0.492404043674469,
                0.5542210936546326
            ],
            "quaternion_xyzw_world": [
                0.43853774666786194,
                -0.2803577184677124,
                0.37672069668769836,
                0.7662674188613892
            ],
            "segmentation_id": 9,
            "visibility": 0
        },
        {
            "bounding_box_minx_maxx_miny_maxy": [
                219,
                499,
                202,
                395
            ],
            "class": "Ecoforms",
            "local_cuboid": null,
            "local_to_world_matrix": [
                [
                    0.09345775842666626,
                    -0.4372251629829407,
                    0.8944829702377319,
                    0.0
                ],
                [
                    0.9280505776405334,
                    -0.2870805263519287,
                    -0.23729059100151062,
                    0.0
                ],
                [
                    0.36053815484046936,
                    0.852302074432373,
                    0.3789372444152832,
                    0.0
                ],
                [
                    0.45937395095825195,
                    -0.1857052445411682,
                    -0.0544816218316555,
                    1.0
                ]
            ],
            "location": [
                0.1857052445411682,
                -0.0544816218316555,
                -0.45937395095825195
            ],
            "location_world": [
                0.45937395095825195,
                -0.1857052445411682,
                -0.0544816218316555
            ],
            "name": "google_Ecoforms_Plant_Container_Quadra_Sand_QP6_9",
            "projected_cuboid": [
                [
                    327.1968364715576,
                    89.82659876346588
                ],
                [
                    358.50101709365845,
                    179.73114550113678
                ],
                [
                    526.1315107345581,
                    241.32096767425537
                ],
                [
                    567.6543712615967,
                    165.6389832496643
                ],
                [
                    211.69063448905945,
                    326.03684067726135
                ],
                [
                    277.9235243797302,
                    349.08008575439453
                ],
                [
                    442.0015811920166,
                    431.80492520332336
                ],
                [
                    444.5832371711731,
                    445.1926648616791
                ],
                [
                    390.33669233322144,
                    277.90647745132446
                ]
            ],
            "provenance": "visii",
            "quaternion_xyzw": [
                -0.7132765650749207,
                -0.41413235664367676,
                0.33148425817489624,
                0.45809292793273926
            ],
            "quaternion_xyzw_world": [
                -0.5004001259803772,
                -0.2452164590358734,
                -0.6270087957382202,
                0.5443606972694397
            ],
            "segmentation_id": 10,
            "visibility": 1
        },
        {
            "bounding_box_minx_maxx_miny_maxy": [
                -1,
                -1,
                -1,
                -1
            ],
            "class": "ReadytoUse",
            "local_cuboid": null,
            "local_to_world_matrix": [
                [
                    -0.05470848083496094,
                    -0.7081965804100037,
                    0.7038923501968384,
                    0.0
                ],
                [
                    -0.7587236762046814,
                    -0.42879152297973633,
                    -0.49038371443748474,
                    0.0
                ],
                [
                    0.6491111516952515,
                    -0.5608879923820496,
                    -0.5138670206069946,
                    0.0
                ],
                [
                    0.5493091940879822,
                    0.2974781394004822,
                    -0.287122517824173,
                    1.0
                ]
            ],
            "location": [
                -0.2974781394004822,
                -0.287122517824173,
                -0.5493091940879822
            ],
            "location_world": [
                0.5493091940879822,
                0.2974781394004822,
                -0.287122517824173
            ],
            "name": "google_ReadytoUse_Rolled_Fondant_Pure_White_24_oz_box_10",
            "projected_cuboid": [
                [
                    97.35828638076782,
                    535.6746912002563
                ],
                [
                    108.38763415813446,
                    575.2239227294922
                ],
                [
                    -29.274433851242065,
                    543.5498952865601
                ],
                [
                    -33.35532546043396,
                    498.42315912246704
                ],
                [
                    22.453218698501587,
                    608.8145971298218
                ],
                [
                    29.02999520301819,
                    652.1909236907959
                ],
                [
                    -123.18485975265503,
                    636.6903781890869
                ],
                [
                    -121.09142541885376,
                    586.0130190849304
                ],
                [
                    -0.1264810562133789,
                    580.3257822990417
                ]
            ],
            "provenance": "visii",
            "quaternion_xyzw": [
                0.8437552452087402,
                0.33560794591903687,
                0.18239781260490417,
                0.37706154584884644
            ],
            "quaternion_xyzw_world": [
                0.6870134472846985,
                -0.5338033437728882,
                0.4923497140407562,
                0.025656072422862053
            ],
            "segmentation_id": 11,
            "visibility": 0
        },
        {
            "bounding_box_minx_maxx_miny_maxy": [
                -1,
                -1,
                -1,
                -1
            ],
            "class": "Dog",
            "local_cuboid": null,
            "local_to_world_matrix": [
                [
                    0.49942123889923096,
                    0.740354597568512,
                    0.44994834065437317,
                    0.0
                ],
                [
                    -0.7084304690361023,
                    0.647942841053009,
                    -0.27981486916542053,
                    0.0
                ],
                [
                    -0.4987030327320099,
                    -0.17901159822940826,
                    0.8480861783027649,
                    0.0
                ],
                [
                    0.45079848170280457,
                    -0.24804364144802094,
                    -0.4110015630722046,
                    1.0
                ]
            ],
            "location": [
                0.24804364144802094,
                -0.4110015630722046,
                -0.45079848170280457
            ],
            "location_world": [
                0.45079848170280457,
                -0.24804364144802094,
                -0.4110015630722046
            ],
            "name": "google_Dog_11",
            "projected_cuboid": [
                [
                    574.5265483856201,
                    456.4096927642822
                ],
                [
                    487.37767338752747,
                    626.8048286437988
                ],
                [
                    385.6673240661621,
                    772.3248600959778
                ],
                [
                    481.0735285282135,
                    598.0089902877808
                ],
                [
                    966.6886925697327,
                    697.697639465332
                ],
                [
                    1061.7761611938477,
                    1093.878149986267
                ],
                [
                    749.9412298202515,
                    1149.2196321487427
                ],
                [
                    764.8835778236389,
                    822.8227496147156
                ],
                [
                    646.0464000701904,
                    738.8814091682434
                ]
            ],
            "provenance": "visii",
            "quaternion_xyzw": [
                -0.10094216465950012,
                0.4903663694858551,
                0.7935478091239929,
                0.3458806276321411
            ],
            "quaternion_xyzw_world": [
                -0.029121490195393562,
                -0.2740599513053894,
                0.4185457229614258,
                0.8653684854507446
            ],
            "segmentation_id": 12,
            "visibility": 0
        },
        {
            "bounding_box_minx_maxx_miny_maxy": [
                -1,
                -1,
                -1,
                -1
            ],
            "class": "Black",
            "local_cuboid": null,
            "local_to_world_matrix": [
                [
                    -0.042968153953552246,
                    0.021972954273223877,
                    0.9988348484039307,
                    0.0
                ],
                [
                    -0.29503458738327026,
                    0.9548921585083008,
                    -0.03369815647602081,
                    0.0
                ],
                [
                    -0.9545199871063232,
                    -0.2961387634277344,
                    -0.03454720973968506,
                    0.0
                ],
                [
                    0.6147342324256897,
                    -0.37616217136383057,
                    -0.2900230288505554,
                    1.0
                ]
            ],
            "location": [
                0.37616217136383057,
                -0.2900230288505554,
                -0.6147342324256897
            ],
            "location_world": [
                0.6147342324256897,
                -0.37616217136383057,
                -0.2900230288505554
            ],
            "name": "google_Black_Elderberry_Syrup_54_oz_Gaia_Herbs_12",
            "projected_cuboid": [
                [
                    807.4256181716919,
                    581.3336372375488
                ],
                [
                    755.2298307418823,
                    596.2995290756226
                ],
                [
                    596.6346263885498,
                    511.98554039001465
                ],
                [
                    641.6548490524292,
                    502.71350145339966
                ],
                [
                    806.169331073761,
                    650.5070924758911
                ],
                [
                    754.2001008987427,
                    667.9674386978149
                ],
                [
                    596.4809656143188,
                    567.6469802856445
                ],
                [
                    641.3286924362183,
                    556.8579435348511
                ],
                [
                    690.0103092193604,
                    573.7154483795166
                ]
            ],
            "provenance": "visii",
            "quaternion_xyzw": [
                0.11958807706832886,
                0.09186245501041412,
                0.7089060544967651,
                0.6889936327934265
            ],
            "quaternion_xyzw_world": [
                0.09576907008886337,
                -0.7128126621246338,
                0.1156814843416214,
                0.6850870251655579
            ],
            "segmentation_id": 13,
            "visibility": 0
        },
        {
            "bounding_box_minx_maxx_miny_maxy": [
                55,
                88,
                1,
                25
            ],
            "class": "Razer",
