{
    "camera_data": {
        "camera_look_at": {
            "at": [
                1.0,
                0.0,
                0.0
            ],
            "eye": [
                0.0,
                0.0,
                0.0
            ],
            "up": [
                0.0,
                0.0,
                1.0
            ]
        },
        "camera_view_matrix": [
            [
                0.0,
                0.0,
                -1.0,
                0.0
            ],
            [
                -1.0,
                0.0,
                0.0,
                0.0
            ],
            [
                0.0,
                1.0,
                0.0,
                0.0
            ],
            [
                0.0,
                0.0,
                0.0,
                1.0
            ]
        ],
        "height": 500,
        "intrinsics": {
            "cx": 250.0,
            "cy": 250.0,
            "fx": 603.5535278320312,
            "fy": 603.5535278320312
        },
        "location_world": [
            0.0,
            0.0,
            0.0
        ],
        "quaternion_world_xyzw": [
            0.5,
            -0.5,
            -0.5,
            0.5
        ],
        "width": 500
    },
    "objects": [
        {
            "bounding_box_minx_maxx_miny_maxy": [
                436,
                499,
                1,
                74
            ],
            "class": "Reebok",
            "local_cuboid": null,
            "local_to_world_matrix": [
                [
                    0.08209586143493652,
                    -0.6330556273460388,
                    -0.7697408199310303,
                    0.0
                ],
                [
                    -0.9876194596290588,
                    -0.1552668809890747,
                    0.02236214280128479,
                    0.0
                ],
                [
                    -0.13367173075675964,
                    0.7583751678466797,
                    -0.6379648447036743,
                    0.0
                ],
                [
                    1.1154791116714478,
                    -0.45835956931114197,
                    0.4211924076080322,
                    1.0
                ]
            ],
            "location": [
                0.45835956931114197,
                0.4211924076080322,
                -1.1154791116714478
            ],
            "location_world": [
                1.1154791116714478,
                -0.45835956931114197,
                0.4211924076080322
            ],
            "name": "google_Reebok_SOMERSET_RUN_0",
            "projected_cuboid": [
                [
                    435.23716926574707,
                    104.82487082481384
                ],
                [
                    519.561767578125,
                    57.00954794883728
                ],
                [
                    569.7405934333801,
                    14.260604977607727
                ],
                [
                    474.9830961227417,
                    71.25887274742126
                ],
                [
                    401.8417000770569,
                    61.45080924034119
                ],
                [
                    476.8370985984802,
                    -0.01436471939086914
                ],
                [
                    528.1832218170166,
                    -42.257457971572876
                ],
                [
                    442.29382276535034,
                    28.17326784133911
                ],
                [
                    475.7787585258484,
                    40.66987335681915
                ]
            ],
            "provenance": "visii",
            "quaternion_xyzw": [
                0.6076639294624329,
                -0.25280171632766724,
                -0.34577953815460205,
                0.6687842607498169
            ],
            "quaternion_xyzw_world": [
                0.6847130060195923,
                -0.5917351841926575,
                -0.32985079288482666,
                -0.2687304615974426
            ],
            "segmentation_id": 1,
            "visibility": 1
        },
        {
            "bounding_box_minx_maxx_miny_maxy": [
                159,
                192,
                464,
                500
            ],
            "class": "Breyer",
            "local_cuboid": null,
            "local_to_world_matrix": [
                [
                    0.2807910442352295,
                    0.7404698729515076,
                    0.6106232404708862,
                    0.0
                ],
                [
                    0.8905760645866394,
                    -0.4382052421569824,
                    0.12186247110366821,
                    0.0
                ],
                [
                    0.35781383514404297,
                    0.5095885396003723,
                    -0.7824888229370117,
                    0.0
                ],
                [
                    0.9103526473045349,
                    0.024637496098876,
                    -0.3723222017288208,
                    1.0
                ]
            ],
            "location": [
                -0.024637496098876,
                -0.3723222017288208,
                -0.9103526473045349
            ],
            "location_world": [
                0.9103526473045349,
                0.024637496098876,
                -0.3723222017288208
            ],
            "name": "google_Breyer_Horse_Of_The_Year_2015_1",
            "projected_cuboid": [
                [
                    127.00565159320831,
                    511.2719535827637
                ],
                [
                    147.96745777130127,
                    494.10897493362427
                ],
                [
                    190.57179987430573,
                    433.6061477661133
                ],
                [
                    170.73655128479004,
                    448.42082262039185
                ],
                [
                    231.3939779996872,
                    623.1352090835571
                ],
                [
                    248.20545315742493,
                    598.8582372665405
                ],
                [
                    299.8892068862915,
                    540.3501987457275
                ],
                [
                    285.09804606437683,
                    562.6751184463501
                ],
                [
                    210.31825244426727,
                    525.2847075462341
                ]
            ],
            "provenance": "visii",
            "quaternion_xyzw": [
                0.3519522249698639,
                0.7450077533721924,
                -0.5614253282546997,
                -0.07677687704563141
            ],
            "quaternion_xyzw_world": [
                0.7908042073249817,
                0.5156288743019104,
                0.3061557710170746,
                -0.12257334589958191
            ],
            "segmentation_id": 2,
            "visibility": 1
        },
        {
            "bounding_box_minx_maxx_miny_maxy": [
                0,
                93,
                161,
                286
            ],
            "class": "Smith",
            "local_cuboid": null,
            "local_to_world_matrix": [
                [
                    0.08201438188552856,
                    -0.6466616988182068,
                    -0.7583549618721008,
                    0.0
                ],
                [
                    -0.17981602251529694,
                    -0.7580320835113525,
                    0.6269397139549255,
                    0.0
                ],
                [
                    -0.9802753329277039,
                    0.08494633436203003,
                    -0.1784496307373047,
                    0.0
                ],
                [
                    1.6975046396255493,
                    0.629645824432373,
                    0.10265937447547913,
                    1.0
                ]
            ],
            "location": [
                -0.629645824432373,
                0.10265937447547913,
                -1.6975046396255493
            ],
            "location_world": [
                1.6975046396255493,
                0.629645824432373,
                0.10265937447547913
            ],
            "name": "google_Smith_Hawken_Woven_BasketTray_Organizer_with_3_Compartments_95_x_9_x_13_2",
            "projected_cuboid": [
                [
                    -10.316580533981323,
                    317.25895404815674
                ],
                [
                    63.83134424686432,
                    251.12813711166382
                ],
                [
                    101.01476311683655,
                    233.8205873966217
                ],
                [
                    37.12829947471619,
                    290.37657380104065
                ],
                [
                    -113.239586353302,
                    204.19800281524658
                ],
                [
                    -40.93286395072937,
                    132.91803002357483
                ],
                [
                    13.539791107177734,
                    134.06240940093994
                ],
                [
                    -49.08096790313721,
                    194.30586695671082
                ],
                [
                    2.3258477449417114,
                    220.17595171928406
                ]
            ],
            "provenance": "visii",
            "quaternion_xyzw": [
                0.09930580854415894,
                -0.0008127093315124512,
                -0.42031949758529663,
                0.9019252061843872
            ],
            "quaternion_xyzw_world": [
                0.7103689312934875,
                -0.29086214303970337,
                -0.6118758320808411,
                0.19074362516403198
            ],
            "segmentation_id": 3,
            "visibility": 1
        },
        {
            "bounding_box_minx_maxx_miny_maxy": [
                428,
                499,
                415,
                500
            ],
            "class": "Paul",
            "local_cuboid": null,
            "local_to_world_matrix": [
                [
                    -0.5810408592224121,
                    0.4793504476547241,
                    -0.6577345728874207,
                    0.0
                ],
                [
                    -0.7796589136123657,
                    -0.5596919059753418,
                    0.2808505892753601,
                    0.0
                ],
                [
                    -0.2335028201341629,
                    0.6759942770004272,
                    0.6989336013793945,
                    0.0
                ],
                [
                    0.23596623539924622,
                    -0.2015521377325058,
                    -0.27373549342155457,
                    1.0
                ]
            ],
            "location": [
                0.2015521377325058,
                -0.27373549342155457,
                -0.23596623539924622
            ],
            "location_world": [
                0.23596623539924622,
                -0.2015521377325058,
                -0.27373549342155457
            ],
            "name": "google_Paul_Frank_Dot_Lunch_Box_3",
            "projected_cuboid": [
                [
                    49.60621893405914,
                    1127.0596981048584
                ],
                [
                    361.0972762107849,
                    2009.385585784912
                ],
                [
                    1118.2210445404053,
                    2031.2285423278809
                ],
                [
                    574.0116834640503,
                    1377.331018447876
                ],
                [
                    405.7561755180359,
                    331.29897713661194
                ],
                [
                    635.2477073669434,
                    278.2672643661499
                ],
                [
                    908.4179401397705,
                    634.9246501922607
                ],
                [
                    649.1445302963257,
                    595.1411724090576
                ],
                [
                    605.7112216949463,
                    808.3884716033936
                ]
            ],
            "provenance": "visii",
            "quaternion_xyzw": [
                -0.039674267172813416,
                0.6177981495857239,
                0.59833163022995,
                -0.5086754560470581
            ],
            "quaternion_xyzw_world": [
                -0.264441579580307,
                0.2839081585407257,
                0.8425654768943787,
                0.3735642433166504
            ],
            "segmentation_id": 4,
            "visibility": 1
        },
        {
            "bounding_box_minx_maxx_miny_maxy": [
                -1,
                -1,
                -1,
                -1
            ],
            "class": "Toys",
            "local_cuboid": null,
            "local_to_world_matrix": [
                [
                    -0.33046460151672363,
                    0.5516956448554993,
                    0.7657838463783264,
                    0.0
                ],
                [
                    -0.8404883742332458,
                    -0.5411484241485596,
                    0.027158528566360474,
                    0.0
                ],
                [
                    0.4293859601020813,
                    -0.6346575021743774,
                    0.642524242401123,
                    0.0
                ],
                [
                    0.5693235993385315,
                    0.588542103767395,
                    -0.4696587920188904,
                    1.0
                ]
            ],
            "location": [
                -0.588542103767395,
                -0.4696587920188904,
                -0.5693235993385315
            ],
            "location_world": [
                0.5693235993385315,
                0.588542103767395,
                -0.4696587920188904
            ],
            "name": "google_Toys_R_Us_Treat_Dispenser_Smart_Puzzle_Foobler_4",
            "projected_cuboid": [
                [
                    -265.0935649871826,
                    531.0091376304626
                ],
                [
                    -295.1195240020752,
                    593.082070350647
                ],
                [
                    -492.79946088790894,
                    764.4937038421631
                ],
                [
                    -417.4935221672058,
                    659.254789352417
                ],
                [
                    -157.7717363834381,
                    609.7792387008667
                ],
                [
                    -161.93252801895142,
                    683.6212873458862
                ],
                [
                    -323.99648427963257,
                    849.7549295425415
                ],
                [
                    -287.63502836227417,
                    735.9524965286255
                ],
                [
                    -291.0211682319641,
                    671.3133454322815
                ]
            ],
            "provenance": "visii",
            "quaternion_xyzw": [
                0.4611213803291321,
                0.7085619568824768,
                0.5232473611831665,
                0.10732755064964294
            ],
            "quaternion_xyzw_world": [
                0.37688177824020386,
                -0.19156716763973236,
                0.792801558971405,
                0.4390077292919159
            ],
            "segmentation_id": 5,
            "visibility": 0
        },
        {
            "bounding_box_minx_maxx_miny_maxy": [
                -1,
                -1,
                -1,
                -1
            ],
            "class": "Tag",
            "local_cuboid": null,
            "local_to_world_matrix": [
                [
                    0.09618937969207764,
                    -0.9738650918006897,
                    0.20575307309627533,
                    0.0
                ],
                [
                    -0.8504714369773865,
                    -0.18781161308288574,
                    -0.4913501739501953,
                    0.0
                ],
                [
                    0.5171515941619873,
                    -0.12772445380687714,
                    -0.846310019493103,
                    0.0
                ],
                [
                    0.29827430844306946,
                    0.38779160380363464,
                    -0.12971006333827972,
                    1.0
                ]
            ],
            "location": [
                -0.38779160380363464,
                -0.12971006333827972,
                -0.29827430844306946
            ],
            "location_world": [
                0.29827430844306946,
                0.38779160380363464,
                -0.12971006333827972
            ],
            "name": "google_Tag_Dishtowel_Basket_Weave_Red_18_x_26_5",
            "projected_cuboid": [
                [
                    -209.32170748710632,
                    370.22918462753296
                ],
                [
                    -495.8876371383667,
                    782.3840975761414
                ],
                [
                    -573.6501812934875,
                    742.8209781646729
                ],
                [
                    -236.35736107826233,
                    331.6801190376282
                ],
                [
                    -473.92600774765015,
                    427.06722021102905
                ],
                [
                    -1033.7884426116943,
                    925.4320859909058
                ],
                [
                    -1168.9780950546265,
                    895.969033241272
                ],
                [
                    -514.354944229126,
                    389.5259201526642
                ],
                [
                    -507.5811743736267,
                    533.6280465126038
                ]
            ],
            "provenance": "visii",
            "quaternion_xyzw": [
                0.8634765148162842,
                0.11394770443439484,
                0.009130239486694336,
                0.4912645220756531
            ],
            "quaternion_xyzw_world": [
                0.7297792434692383,
                -0.624961793422699,
                0.24764499068260193,
                -0.12456703186035156
            ],
            "segmentation_id": 6,
            "visibility": 0
        },
        {
            "bounding_box_minx_maxx_miny_maxy": [
                284,
                336,
                1,
                41
            ],
            "class": "FRACTION",
            "local_cuboid": null,
            "local_to_world_matrix": [
                [
                    0.3760819435119629,
                    -0.10036507248878479,
                    0.9211347103118896,
                    0.0
                ],
                [
                    -0.7339059114456177,
                    -0.6391252279281616,
                    0.23000210523605347,
                    0.0
                ],
                [
                    0.5656362771987915,
                    -0.7625259160995483,
                    -0.3140219449996948,
                    0.0
                ],
                [
                    1.2482144832611084,
                    -0.13160340487957,
                    0.5484031438827515,
                    1.0
                ]
            ],
            "location": [
                0.13160340487957,
                0.5484031438827515,
                -1.2482144832611084
            ],
            "location_world": [
                1.2482144832611084,
                -0.13160340487957,
                0.5484031438827515
            ],
            "name": "google_FRACTION_FUN_n4h4qte23QR_6",
            "projected_cuboid": [
                [
                    299.74034428596497,
                    -10.486871004104614
                ],
                [
                    364.33276534080505,
                    -60.96619367599487
                ],
                [
                    350.03840923309326,
                    -74.1717517375946
                ],
                [
                    285.73063015937805,
                    -21.40924334526062
                ],
                [
                    294.1385805606842,
                    50.78837275505066
                ],
                [
                    361.70220375061035,
                    4.734233021736145
                ],
                [
                    346.5290367603302,
                    -7.810413837432861
                ],
                [
                    279.30232882499695,
                    40.48717021942139
                ],
                [
                    321.00534439086914,
                    -9.270429611206055
                ]
            ],
            "provenance": "visii",
            "quaternion_xyzw": [
                0.5991659164428711,
                0.6510132551193237,
                0.16124248504638672,
                0.4372444450855255
            ],
            "quaternion_xyzw_world": [
                0.7630906105041504,
                -0.2733197808265686,
                0.4870886206626892,
                0.32516714930534363
            ],
            "segmentation_id": 7,
            "visibility": 1
        },
        {
            "bounding_box_minx_maxx_miny_maxy": [
                -1,
                -1,
                -1,
                -1
            ],
            "class": "FAIRY",
            "local_cuboid": null,
            "local_to_world_matrix": [
                [
                    0.2369164228439331,
                    -0.18614602088928223,
                    -0.9535306692123413,
                    0.0
                ],
                [
                    0.10012439638376236,
                    0.9809250831604004,
                    -0.1666167825460434,
                    0.0
                ],
                [
                    0.9663571119308472,
                    -0.05599738657474518,
                    0.2510349750518799,
                    0.0
                ],
                [
                    0.45838862657546997,
                    0.2905949354171753,
                    0.24195444583892822,
                    1.0
                ]
            ],
            "location": [
                -0.2905949354171753,
                0.24195444583892822,
                -0.45838862657546997
            ],
            "location_world": [
                0.45838862657546997,
                0.2905949354171753,
                0.24195444583892822
            ],
            "name": "google_FAIRY_TALE_BLOCKS_7",
            "projected_cuboid": [
                [
                    140.76435565948486,
                    74.01075959205627
                ],
                [
                    -74.11175966262817,
                    117.71154403686523
                ],
                [
                    -228.58759760856628,
                    128.2510906457901
                ],
                [
                    75.25794208049774,
                    65.28875231742859
                ],
                [
                    86.55156195163727,
                    -168.05320978164673
                ],
                [
                    -145.2992558479309,
                    -110.69449782371521
                ],
                [
                    -354.94714975357056,
                    -210.04655957221985
                ],
                [
                    -16.296565532684326,
                    -303.4746050834656
                ],
                [
                    -52.88127064704895,
                    -36.95392608642578
                ]
            ],
            "provenance": "visii",
            "quaternion_xyzw": [
                -0.7614328861236572,
                0.6351367235183716,
                0.05940091609954834,
                0.1152956485748291
            ],
            "quaternion_xyzw_world": [
                -0.03520071879029274,
                0.6109365224838257,
                -0.0910954549908638,
                0.7856330871582031
            ],
            "segmentation_id": 8,
            "visibility": 0
        },
        {
            "bounding_box_minx_maxx_miny_maxy": [
                -1,
                -1,
                -1,
                -1
            ],
            "class": "Great",
            "local_cuboid": null,
            "local_to_world_matrix": [
                [
                    0.2656800150871277,
                    -0.039390236139297485,
                    -0.9632561206817627,
                    0.0
                ],
                [
                    -0.7249367237091064,
                    -0.6668195724487305,
                    -0.17267993092536926,
                    0.0
                ],
                [
                    -0.6355161666870117,
                    0.7441774606704712,
                    -0.20571601390838623,
                    0.0
                ],
                [
                    0.4852023422718048,
                    -0.4526672065258026,
                    -0.49197861552238464,
                    1.0
                ]
            ],
            "location": [
                0.4526672065258026,
                -0.49197861552238464,
                -0.4852023422718048
            ],
            "location_world": [
                0.4852023422718048,
                -0.4526672065258026,
                -0.49197861552238464
            ],
            "name": "google_Great_Jones_Wingtip_kAqSg6EgG0I_8",
            "projected_cuboid": [
                [
                    547.023594379425,
                    854.8173904418945
                ],
                [
                    1159.6441268920898,
                    1392.9572105407715
                ],
                [
                    1121.7410564422607,
                    1142.9425477981567
                ],
                [
                    595.3274965286255,
                    760.4808211326599
                ],
                [
                    559.0202212333679,
                    763.2874846458435
                ],
                [
                    1244.6670532226562,
                    1284.5944166183472
                ],
                [
                    1186.4326000213623,
                    1035.8213186264038
                ],
                [
                    608.2845330238342,
                    675.5106449127197
                ],
                [
                    801.4271855354309,
                    926.833987236023
                ]
            ],
            "provenance": "visii",
            "quaternion_xyzw": [
                0.37965574860572815,
                -0.19520094990730286,
                -0.6649823188781738,
                0.6128267049789429
            ],
            "quaternion_xyzw_world": [
                0.731131911277771,
                -0.2613505721092224,
                -0.5466771125793457,
                -0.3135061264038086
            ],
            "segmentation_id": 9,
            "visibility": 0
        },
        {
            "bounding_box_minx_maxx_miny_maxy": [
                268,
                499,
                214,
                437
            ],
            "class": "Ecoforms",
            "local_cuboid": null,
            "local_to_world_matrix": [
                [
                    0.3869425058364868,
                    -0.9178496599197388,
                    0.08847326040267944,
                    0.0
                ],
                [
                    -0.2878817617893219,
                    -0.21139788627624512,
                    -0.9340422749519348,
                    0.0
                ],
                [
                    0.876013457775116,
                    0.3359507918357849,
                    -0.34603095054626465,
                    0.0
                ],
                [
                    0.49486514925956726,
                    -0.17926163971424103,
                    -0.02650408260524273,
                    1.0
                ]
            ],
            "location": [
                0.17926163971424103,
                -0.02650408260524273,
                -0.49486514925956726
            ],
            "location_world": [
                0.49486514925956726,
                -0.17926163971424103,
                -0.02650408260524273
            ],
            "name": "google_Ecoforms_Plant_Container_Quadra_Sand_QP6_9",
            "projected_cuboid": [
                [
                    412.1434688568115,
                    239.4154667854309
                ],
                [
                    462.9702568054199,
                    402.9478132724762
                ],
                [
                    593.0837988853455,
                    377.92837619781494
                ],
                [
                    516.0934925079346,
                    173.65744709968567
                ],
                [
                    264.4149661064148,
                    254.24236059188843
                ],
                [
                    307.73240327835083,
                    440.00905752182007
                ],
                [
                    406.8801701068878,
                    423.41604828834534
                ],
                [
                    339.2050862312317,
                    183.01482498645782
                ],
                [
                    410.15052795410156,
                    309.0861737728119
                ]
            ],
            "provenance": "visii",
            "quaternion_xyzw": [
                0.9653891921043396,
                0.07765550911426544,
                -0.1872025430202484,
                0.16415990889072418
            ],
            "quaternion_xyzw_world": [
                0.6972035765647888,
                -0.43234553933143616,
                0.3458411395549774,
                -0.4553881883621216
            ],
            "segmentation_id": 10,
            "visibility": 1
        },
        {
            "bounding_box_minx_maxx_miny_maxy": [
                -1,
                -1,
                -1,
                -1
            ],
            "class": "ReadytoUse",
            "local_cuboid": null,
            "local_to_world_matrix": [
                [
                    0.6317971348762512,
                    -0.4643095135688782,
                    -0.6206844449043274,
                    0.0
                ],
                [
                    -0.6464968323707581,
                    -0.7574124336242676,
                    -0.09148168563842773,
                    0.0
                ],
                [
                    -0.42763811349868774,
                    0.4590683579444885,
                    -0.7787057161331177,
                    0.0
                ],
                [
                    0.4698476493358612,
                    0.2143787443637848,
                    -0.32408446073532104,
                    1.0
                ]
            ],
            "location": [
                -0.2143787443637848,
                -0.32408446073532104,
                -0.4698476493358612
            ],
            "location_world": [
                0.4698476493358612,
                0.2143787443637848,
                -0.32408446073532104
            ],
            "name": "google_ReadytoUse_Rolled_Fondant_Pure_White_24_oz_box_10",
            "projected_cuboid": [
                [
                    -127.00268626213074,
                    905.497133731842
                ],
                [
                    -102.05075144767761,
                    961.5013599395752
                ],
                [
                    44.45870220661163,
                    696.2305903434753
                ],
                [
                    14.061987400054932,
                    664.0111207962036
                ],
                [
                    -295.2069640159607,
                    918.3210730552673
                ],
                [
                    -280.22879362106323,
                    988.0539774894714
                ],
                [
                    -75.66806674003601,
                    669.0797209739685
                ],
                [
                    -102.75891423225403,
                    633.2494020462036
                ],
                [
                    -102.41582989692688,
                    792.2645211219788
                ]
            ],
            "provenance": "visii",
            "quaternion_xyzw": [
                0.5310727953910828,
                0.06436395645141602,
                -0.513519823551178,
                0.6709072589874268
            ],
            "quaternion_xyzw_world": [
                0.8899319171905518,
                -0.31204813718795776,
                -0.294495165348053,
                -0.15466071665287018
            ],
            "segmentation_id": 11,
            "visibility": 0
        },
        {
            "bounding_box_minx_maxx_miny_maxy": [
                -1,
                -1,
                -1,
                -1
            ],
            "class": "Dog",
            "local_cuboid": null,
            "local_to_world_matrix": [
                [
                    -0.44775664806365967,
                    0.38913413882255554,
                    0.8050395250320435,
                    0.0
                ],
                [
                    -0.8780791759490967,
                    -0.36131811141967773,
                    -0.3137294054031372,
                    0.0
                ],
                [
                    0.16879254579544067,
                    -0.8473628759384155,
                    0.503473162651062,
                    0.0
                ],
                [
                    0.22143994271755219,
                    -0.3664294183254242,
                    -0.2139517217874527,
                    1.0
                ]
            ],
            "location": [
                0.3664294183254242,
                -0.2139517217874527,
                -0.22143994271755219
            ],
            "location_world": [
                0.22143994271755219,
                -0.3664294183254242,
                -0.2139517217874527
            ],
            "name": "google_Dog_11",
            "projected_cuboid": [
                [
                    1221.1297750473022,
                    227.11551189422607
                ],
                [
                    2884.2852115631104,
                    490.0045096874237
                ],
                [
                    2729.924440383911,
                    1286.0264778137207
                ],
                [
                    943.7578320503235,
                    466.57508611679077
                ],
                [
                    1101.3062000274658,
                    524.4061946868896
                ],
                [
                    1904.6870470046997,
                    882.422924041748
                ],
                [
                    1661.3472700119019,
                    1312.8727674484253
                ],
                [
                    894.0346240997314,
                    721.7893600463867
                ],
                [
                    1397.902250289917,
                    663.1088256835938
                ]
            ],
            "provenance": "visii",
            "quaternion_xyzw": [
                0.5228259563446045,
                0.5577179789543152,
                0.6192880868911743,
                0.1791256070137024
            ],
            "quaternion_xyzw_world": [
                0.3201906979084015,
                -0.381760835647583,
                0.7603532075881958,
                0.4166528582572937
            ],
            "segmentation_id": 12,
            "visibility": 0
        },
        {
            "bounding_box_minx_maxx_miny_maxy": [
                407,
                450,
                428,
                483
            ],
            "class": "Black",
            "local_cuboid": null,
            "local_to_world_matrix": [
                [
                    -0.5070544481277466,
                    0.557939350605011,
                    -0.6569622755050659,
                    0.0
                ],
                [
                    0.8131510615348816,
                    0.5623995661735535,
                    -0.14997361600399017,
                    0.0
                ],
                [
                    0.28579914569854736,
                    -0.6102543473243713,
                    -0.7388561964035034,
                    0.0
                ],
                [
                    1.0742359161376953,
                    -0.31072208285331726,
                    -0.33835405111312866,
                    1.0
                ]
            ],
            "location": [
                0.31072208285331726,
                -0.33835405111312866,
                -1.0742359161376953
            ],
            "location_world": [
                1.0742359161376953,
                -0.31072208285331726,
                -0.33835405111312866
            ],
            "name": "google_Black_Elderberry_Syrup_54_oz_Gaia_Herbs_12",
            "projected_cuboid": [
                [
                    474.1056561470032,
                    507.6791048049927
                ],
                [
                    446.71210646629333,
                    501.4294981956482
                ],
                [
                    404.9258828163147,
                    451.3449966907501
                ],
                [
                    431.47778511047363,
                    455.5213749408722
                ],
                [
                    485.6288731098175,
                    480.4519712924957
                ],
                [
                    458.4432542324066,
                    475.4926562309265
                ],
                [
                    418.18201541900635,
                    425.7453680038452
                ],
                [
                    444.6096420288086,
                    428.65288257598877
                ],
                [
                    445.68997621536255,
                    466.0472869873047
                ]
            ],
            "provenance": "visii",
            "quaternion_xyzw": [
                -0.46846380829811096,
                0.6507236361503601,
                -0.5962620973587036,
                0.03964812308549881
            ],
            "quaternion_xyzw_world": [
                0.4090850055217743,
                0.837900698184967,
                -0.22682519257068634,
                0.28128674626350403
            ],
            "segmentation_id": 13,
            "visibility": 1
        },
        {
            "bounding_box_minx_maxx_miny_maxy": [
                -1,
                -1,
                -1,
                -1
            ],
