{
    "camera_data": {
        "camera_look_at": {
            "at": [
                1.0,
                0.0,
                0.0
            ],
            "eye": [
                0.0,
                0.0,
                0.0
            ],
            "up": [
                0.0,
                0.0,
                1.0
            ]
        },
        "camera_view_matrix": [
            [
                0.0,
                0.0,
                -1.0,
                0.0
            ],
            [
                -1.0,
                0.0,
                0.0,
                0.0
            ],
            [
                0.0,
                1.0,
                0.0,
                0.0
            ],
            [
                0.0,
                0.0,
                0.0,
                1.0
            ]
        ],
        "height": 500,
        "intrinsics": {
            "cx": 250.0,
            "cy": 250.0,
            "fx": 603.5535278320312,
            "fy": 603.5535278320312
        },
        "location_world": [
            0.0,
            0.0,
            0.0
        ],
        "quaternion_world_xyzw": [
            0.5,
            -0.5,
            -0.5,
            0.5
        ],
        "width": 500
    },
    "objects": [
        {
            "bounding_box_minx_maxx_miny_maxy": [
                -1,
                -1,
                -1,
                -1
            ],
            "class": "Reebok",
            "local_cuboid": null,
            "local_to_world_matrix": [
                [
                    -0.24908185005187988,
                    0.3367164731025696,
                    -0.9080641865730286,
                    0.0
                ],
                [
                    -0.5730945467948914,
                    0.7045907974243164,
                    0.41846683621406555,
                    0.0
                ],
                [
                    0.7807183861732483,
                    0.6246390342712402,
                    0.017469465732574463,
                    0.0
                ],
                [
                    0.9998664259910583,
                    -0.49073299765586853,
                    0.5120890140533447,
                    1.0
                ]
            ],
            "location": [
                0.49073299765586853,
                0.5120890140533447,
                -0.9998664259910583
            ],
            "location_world": [
                0.9998664259910583,
                -0.49073299765586853,
                0.5120890140533447
            ],
            "name": "google_Reebok_SOMERSET_RUN_0",
            "projected_cuboid": [
                [
                    511.34079694747925,
                    41.08594357967377
                ],
                [
                    430.1148056983948,
                    -68.68404150009155
                ],
                [
                    496.7461824417114,
                    -99.35411810874939
                ],
                [
                    574.4076371192932,
                    24.526849389076233
                ],
                [
                    524.4595408439636,
                    -6.023526191711426
                ],
                [
                    447.62641191482544,
                    -120.51111459732056
                ],
                [
                    513.9504671096802,
                    -155.30526638031006
                ],
                [
                    586.9945287704468,
                    -26.048362255096436
                ],
                [
                    512.5018954277039,
                    -46.2934672832489
                ]
            ],
            "provenance": "visii",
            "quaternion_xyzw": [
                -0.5063435435295105,
                0.7962257862091064,
                0.18542613089084625,
                -0.2743319869041443
            ],
            "quaternion_xyzw_world": [
                -0.08493795245885849,
                0.6957376003265381,
                0.37482014298439026,
                0.6068317294120789
            ],
            "segmentation_id": 1,
            "visibility": 0
        },
        {
            "bounding_box_minx_maxx_miny_maxy": [
                -1,
                -1,
                -1,
                -1
            ],
            "class": "Breyer",
            "local_cuboid": null,
            "local_to_world_matrix": [
                [
                    -0.9085917472839355,
                    -0.22284798324108124,
                    0.3532702326774597,
                    0.0
                ],
                [
                    -0.331573486328125,
                    0.8991677165031433,
                    -0.2855808734893799,
                    0.0
                ],
                [
                    -0.25400805473327637,
                    -0.37661147117614746,
                    -0.8908668756484985,
                    0.0
                ],
                [
                    1.0100278854370117,
                    0.269924521446228,
                    -0.4177495539188385,
                    1.0
                ]
            ],
            "location": [
                -0.269924521446228,
                -0.4177495539188385,
                -1.0100278854370117
            ],
            "location_world": [
                1.0100278854370117,
                0.269924521446228,
                -0.4177495539188385
            ],
            "name": "google_Breyer_Horse_Of_The_Year_2015_1",
            "projected_cuboid": [
                [
                    135.19373536109924,
                    600.4312038421631
                ],
                [
                    95.91467678546906,
                    619.9474334716797
                ],
                [
                    63.59794735908508,
                    511.4634037017822
                ],
                [
                    101.87798738479614,
                    495.0585961341858
                ],
                [
                    128.74561548233032,
                    577.9651403427124
                ],
                [
                    97.11059927940369,
                    593.2213068008423
                ],
                [
                    70.91076672077179,
                    506.3565969467163
                ],
                [
                    101.89485549926758,
                    493.11208724975586
                ],
                [
                    99.31078553199768,
                    547.918438911438
                ]
            ],
            "provenance": "visii",
            "quaternion_xyzw": [
                -0.5600046515464783,
                0.24370220303535461,
                -0.5737466216087341,
                -0.5457277894020081
            ],
            "quaternion_xyzw_world": [
                -0.1441417634487152,
                0.9615906476974487,
                -0.17216067016124725,
                -0.15788377821445465
            ],
            "segmentation_id": 2,
            "visibility": 0
        },
        {
            "bounding_box_minx_maxx_miny_maxy": [
                0,
                101,
                150,
                279
            ],
            "class": "Smith",
            "local_cuboid": null,
            "local_to_world_matrix": [
                [
                    -0.45040786266326904,
                    -0.43375760316848755,
                    0.7803762555122375,
                    0.0
                ],
                [
                    0.71568363904953,
                    -0.6979728937149048,
                    0.02511414885520935,
                    0.0
                ],
                [
                    0.5337880253791809,
                    0.5698140859603882,
                    0.6248056888580322,
                    0.0
                ],
                [
                    1.7082279920578003,
                    0.5440870523452759,
                    0.044406019151210785,
                    1.0
                ]
            ],
            "location": [
                -0.5440870523452759,
                0.044406019151210785,
                -1.7082279920578003
            ],
            "location_world": [
                1.7082279920578003,
                0.5440870523452759,
                0.044406019151210785
            ],
            "name": "google_Smith_Hawken_Woven_BasketTray_Organizer_with_3_Compartments_95_x_9_x_13_2",
            "projected_cuboid": [
                [
                    -5.668938159942627,
                    124.09903109073639
                ],
                [
                    77.91714370250702,
                    134.46664810180664
                ],
                [
                    117.35127866268158,
                    183.81589651107788
                ],
                [
                    30.684515833854675,
                    178.4082055091858
                ],
                [
                    -34.427642822265625,
                    227.59108245372772
                ],
                [
                    45.06589472293854,
                    227.7030348777771
                ],
                [
                    78.58599722385406,
                    279.9011170864105
                ],
                [
                    -3.9894580841064453,
                    285.45093536376953
                ],
                [
                    38.86611759662628,
                    206.45210146903992
                ]
            ],
            "provenance": "visii",
            "quaternion_xyzw": [
                0.6968557238578796,
                0.5303641557693481,
                -0.042837515473365784,
                -0.4809063673019409
            ],
            "quaternion_xyzw_world": [
                0.3945755064487457,
                0.1786261647939682,
                0.8326443433761597,
                -0.3451177179813385
            ],
            "segmentation_id": 3,
            "visibility": 1
        },
        {
            "bounding_box_minx_maxx_miny_maxy": [
                480,
                499,
                457,
                500
            ],
            "class": "Paul",
            "local_cuboid": null,
            "local_to_world_matrix": [
                [
                    -0.2314702272415161,
                    0.5363291501998901,
                    -0.8116479516029358,
                    0.0
                ],
                [
                    -0.817634105682373,
                    -0.5593401193618774,
                    -0.13642923533916473,
                    0.0
                ],
                [
                    -0.5271583199501038,
                    0.6320517659187317,
                    0.5679917335510254,
                    0.0
                ],
                [
                    0.30933618545532227,
                    -0.21688483655452728,
                    -0.2570820748806,
                    1.0
                ]
            ],
            "location": [
                0.21688483655452728,
                -0.2570820748806,
                -0.30933618545532227
            ],
            "location_world": [
                0.30933618545532227,
                -0.21688483655452728,
                -0.2570820748806
            ],
            "name": "google_Paul_Frank_Dot_Lunch_Box_3",
            "projected_cuboid": [
                [
                    157.2774052619934,
                    927.8588891029358
                ],
                [
                    408.8248610496521,
                    1539.5618677139282
                ],
                [
                    703.2794952392578,
                    1206.3028812408447
                ],
                [
                    466.55428409576416,
                    917.419970035553
                ],
                [
                    504.9440860748291,
                    276.39585733413696
                ],
                [
                    845.0185060501099,
                    341.11979603767395
                ],
                [
                    898.2439041137695,
                    572.503924369812
                ],
                [
                    654.3030142784119,
                    475.21287202835083
                ],
                [
                    598.7355709075928,
                    716.143012046814
                ]
            ],
            "provenance": "visii",
            "quaternion_xyzw": [
                -0.1350385546684265,
                0.46710318326950073,
                0.7416057586669922,
                -0.46216875314712524
            ],
            "quaternion_xyzw_world": [
                -0.435854971408844,
                0.16135235130786896,
                0.7679196000099182,
                0.4407894015312195
            ],
            "segmentation_id": 4,
            "visibility": 1
        },
        {
            "bounding_box_minx_maxx_miny_maxy": [
                328,
                459,
                365,
                499
            ],
            "class": "Toys",
            "local_cuboid": null,
            "local_to_world_matrix": [
                [
                    -0.06540524959564209,
                    0.9700568318367004,
                    0.2339056432247162,
                    0.0
                ],
                [
                    -0.9532865881919861,
                    0.00853264331817627,
                    -0.30194684863090515,
                    0.0
                ],
                [
                    -0.29490146040916443,
                    -0.24272800981998444,
                    0.9241840839385986,
                    0.0
                ],
                [
                    0.7515682578086853,
                    -0.15369252860546112,
                    -0.28767791390419006,
                    1.0
                ]
            ],
            "location": [
                0.15369252860546112,
                -0.28767791390419006,
                -0.7515682578086853
            ],
            "location_world": [
                0.7515682578086853,
                -0.15369252860546112,
                -0.28767791390419006
            ],
            "name": "google_Toys_R_Us_Treat_Dispenser_Smart_Puzzle_Foobler_4",
            "projected_cuboid": [
                [
                    340.82430601119995,
                    331.47895336151123
                ],
                [
                    360.78381538391113,
                    395.18579840660095
                ],
                [
                    319.9390769004822,
                    512.5839710235596
                ],
                [
                    308.390349149704,
                    431.38542771339417
                ],
                [
                    455.0887942314148,
                    358.2627475261688
                ],
                [
                    501.007080078125,
                    427.11812257766724
                ],
                [
                    451.4799118041992,
                    540.6625866889954
                ],
                [
                    416.82007908821106,
                    455.49076795578003
                ],
                [
                    392.68574118614197,
                    429.51786518096924
                ]
            ],
            "provenance": "visii",
            "quaternion_xyzw": [
                0.09616202861070633,
                0.5859199166297913,
                0.801078200340271,
                0.07565999031066895
            ],
            "quaternion_xyzw_world": [
                -0.02166813611984253,
                -0.1934901624917984,
                0.7037500739097595,
                0.6832480430603027
            ],
            "segmentation_id": 5,
            "visibility": 1
        },
        {
            "bounding_box_minx_maxx_miny_maxy": [
                -1,
                -1,
                -1,
                -1
            ],
            "class": "Tag",
            "local_cuboid": null,
            "local_to_world_matrix": [
                [
                    -0.8801541328430176,
                    0.2438071072101593,
                    -0.4072920083999634,
                    0.0
                ],
                [
                    0.33408454060554504,
                    0.9276973009109497,
                    -0.16662907600402832,
                    0.0
                ],
                [
                    0.33721834421157837,
                    -0.28272923827171326,
                    -0.8979688882827759,
                    0.0
                ],
                [
                    0.35314419865608215,
                    0.3645465672016144,
                    -0.10391803085803986,
                    1.0
                ]
            ],
            "location": [
                -0.3645465672016144,
                -0.10391803085803986,
                -0.35314419865608215
            ],
            "location_world": [
                0.35314419865608215,
                0.3645465672016144,
                -0.10391803085803986
            ],
            "name": "google_Tag_Dishtowel_Basket_Weave_Red_18_x_26_5",
            "projected_cuboid": [
                [
                    -392.495334148407,
                    611.583948135376
                ],
                [
                    -637.0977163314819,
                    597.2521305084229
                ],
                [
                    -688.7250542640686,
                    550.5605936050415
                ],
                [
                    -448.9036202430725,
                    550.4078269004822
                ],
                [
                    -89.57239985466003,
                    371.8148171901703
                ],
                [
                    -306.76746368408203,
                    400.94149112701416
                ],
                [
                    -333.5024118423462,
                    364.3091917037964
                ],
                [
                    -115.09636044502258,
                    326.9798159599304
                ],
                [
                    -354.12198305130005,
                    450.73819160461426
                ]
            ],
            "provenance": "visii",
            "quaternion_xyzw": [
                -0.5612576007843018,
                0.594641923904419,
                -0.5179811120033264,
                -0.25117000937461853
            ],
            "quaternion_xyzw_world": [
                0.1500977724790573,
                0.9625253677368164,
                -0.11671336740255356,
                0.19337421655654907
            ],
            "segmentation_id": 6,
            "visibility": 0
        },
        {
            "bounding_box_minx_maxx_miny_maxy": [
                -1,
                -1,
                -1,
                -1
            ],
            "class": "FRACTION",
            "local_cuboid": null,
            "local_to_world_matrix": [
                [
                    -0.6887011528015137,
                    0.41116631031036377,
                    -0.5971877574920654,
                    0.0
                ],
                [
                    -0.5676201581954956,
                    -0.8182175159454346,
                    0.09125635027885437,
                    0.0
                ],
                [
                    -0.45110785961151123,
                    0.40182411670684814,
                    0.7968934178352356,
                    0.0
                ],
                [
                    1.488817572593689,
                    -0.035152580589056015,
                    0.549260139465332,
                    1.0
                ]
            ],
            "location": [
                0.035152580589056015,
                0.549260139465332,
                -1.488817572593689
            ],
            "location_world": [
                1.488817572593689,
                -0.035152580589056015,
                0.549260139465332
            ],
            "name": "google_FRACTION_FUN_n4h4qte23QR_6",
            "projected_cuboid": [
                [
                    210.46650409698486,
                    34.06195342540741
                ],
                [
                    276.26529335975647,
                    9.265318512916565
                ],
                [
                    283.6121618747711,
                    28.042763471603394
                ],
                [
                    218.15809607505798,
                    51.148802042007446
                ],
                [
                    240.94124138355255,
                    10.633006691932678
                ],
                [
                    303.57760190963745,
                    -13.84088397026062
                ],
                [
                    309.97100472450256,
                    3.7268996238708496
                ],
                [
                    247.67829477787018,
                    26.722416281700134
                ],
                [
                    260.77449321746826,
                    18.72500777244568
                ]
            ],
            "provenance": "visii",
            "quaternion_xyzw": [
                0.10778398811817169,
                0.512668251991272,
                0.6653980016708374,
                -0.5317889451980591
            ],
            "quaternion_xyzw_world": [
                -0.288367360830307,
                0.13563761115074158,
                0.9088195562362671,
                0.2692466378211975
            ],
            "segmentation_id": 7,
            "visibility": 0
        },
        {
            "bounding_box_minx_maxx_miny_maxy": [
                -1,
                -1,
                -1,
                -1
            ],
            "class": "FAIRY",
            "local_cuboid": null,
            "local_to_world_matrix": [
                [
                    0.8997170925140381,
                    -0.2874983847141266,
                    -0.3284110724925995,
                    0.0
                ],
                [
                    0.179894357919693,
                    0.9297945499420166,
                    -0.3211231827735901,
                    0.0
                ],
                [
                    0.3976772129535675,
                    0.2298407107591629,
                    0.8882713913917542,
                    0.0
                ],
                [
                    0.5009386539459229,
                    0.30190134048461914,
                    0.2769240438938141,
                    1.0
                ]
            ],
            "location": [
                -0.30190134048461914,
                0.2769240438938141,
                -0.5009386539459229
            ],
            "location_world": [
                0.5009386539459229,
                0.30190134048461914,
                0.2769240438938141
            ],
            "name": "google_FAIRY_TALE_BLOCKS_7",
            "projected_cuboid": [
                [
                    77.14219391345978,
                    -174.46011304855347
                ],
                [
                    -116.48795008659363,
                    -75.77091455459595
                ],
                [
                    -118.94822120666504,
                    66.65858626365662
                ],
                [
                    103.64145040512085,
                    -35.3659987449646
                ],
                [
                    -101.96197032928467,
                    -490.222692489624
                ],
                [
                    -364.4389510154724,
                    -317.83872842788696
                ],
                [
                    -421.3608503341675,
                    -150.61834454536438
                ],
                [
                    -102.72085666656494,
                    -342.9887890815735
                ],
                [
                    -111.869215965271,
                    -165.4203236103058
                ]
            ],
            "provenance": "visii",
            "quaternion_xyzw": [
                -0.7082193493843079,
                0.44414404034614563,
                0.3987315893173218,
                0.37706032395362854
            ],
            "quaternion_xyzw_world": [
                -0.14287331700325012,
                0.1882857382297516,
                -0.12120204418897629,
                0.9640776515007019
            ],
            "segmentation_id": 8,
            "visibility": 0
        },
        {
            "bounding_box_minx_maxx_miny_maxy": [
                -1,
                -1,
                -1,
                -1
            ],
            "class": "Great",
            "local_cuboid": null,
            "local_to_world_matrix": [
                [
                    -0.2958946228027344,
                    -0.9495289325714111,
                    0.10412105917930603,
                    0.0
                ],
                [
                    0.05281761288642883,
                    -0.12509894371032715,
                    -0.9907373785972595,
                    0.0
                ],
                [
                    0.9537591934204102,
                    -0.28765445947647095,
                    0.08716797828674316,
                    0.0
                ],
                [
                    0.2017953097820282,
                    -0.4698904752731323,
                    -0.24891901016235352,
                    1.0
                ]
            ],
            "location": [
                0.4698904752731323,
                -0.24891901016235352,
                -0.2017953097820282
            ],
            "location_world": [
                0.2017953097820282,
                -0.4698904752731323,
                -0.24891901016235352
            ],
            "name": "google_Great_Jones_Wingtip_kAqSg6EgG0I_8",
            "projected_cuboid": [
                [
                    1382.575511932373,
                    416.1175489425659
                ],
                [
                    1398.7773656845093,
                    1024.760127067566
                ],
                [
                    1940.5708312988281,
                    1489.8734092712402
                ],
                [
                    1964.8644924163818,
                    551.669716835022
                ],
                [
                    1065.347671508789,
                    420.89903354644775
                ],
                [
                    1095.5650806427002,
                    969.4967865943909
                ],
                [
                    1413.384199142456,
                    1340.5426740646362
                ],
                [
                    1392.4986124038696,
                    537.6746654510498
                ],
                [
                    1396.2024450302124,
                    824.9960541725159
                ]
            ],
            "provenance": "visii",
            "quaternion_xyzw": [
                0.9866642355918884,
                0.0580795556306839,
                0.14785905182361603,
                -0.0354694128036499
            ],
            "quaternion_xyzw_world": [
                0.4307076632976532,
                -0.5204871892929077,
                0.6140361428260803,
                -0.4080975353717804
            ],
            "segmentation_id": 9,
            "visibility": 0
        },
        {
            "bounding_box_minx_maxx_miny_maxy": [
                233,
                462,
                113,
                354
            ],
            "class": "Ecoforms",
            "local_cuboid": null,
            "local_to_world_matrix": [
                [
                    -0.6555154323577881,
                    -0.06754420697689056,
                    -0.752155065536499,
                    0.0
                ],
                [
                    -0.3659723997116089,
                    0.8996347188949585,
                    0.23816293478012085,
                    0.0
                ],
                [
                    0.6605782508850098,
                    0.4313874840736389,
                    -0.6144436597824097,
                    0.0
                ],
                [
                    0.5820593237876892,
                    -0.1428959220647812,
                    0.08024074137210846,
                    1.0
                ]
            ],
            "location": [
                0.1428959220647812,
                0.08024074137210846,
                -0.5820593237876892
            ],
            "location_world": [
                0.5820593237876892,
                -0.1428959220647812,
                0.08024074137210846
            ],
            "name": "google_Ecoforms_Plant_Container_Quadra_Sand_QP6_9",
            "projected_cuboid": [
                [
                    396.9842195510864,
                    356.46703839302063
                ],
                [
                    240.99132418632507,
                    323.0544924736023
                ],
                [
                    329.40900325775146,
                    210.94301342964172
                ],
                [
                    505.6244730949402,
                    265.13221859931946
                ],
                [
                    363.9703691005707,
                    230.36132752895355
                ],
                [
                    231.78771138191223,
                    190.56126475334167
                ],
                [
                    300.4293143749237,
                    77.20273733139038
                ],
                [
                    447.2433924674988,
                    135.1374089717865
                ],
                [
                    350.83112120628357,
                    222.97903895378113
                ]
            ],
            "provenance": "visii",
            "quaternion_xyzw": [
                -0.6103194952011108,
                0.6766086220741272,
                -0.09180761873722076,
                -0.40159955620765686
            ],
            "quaternion_xyzw_world": [
                -0.12175139784812927,
                0.8901676535606384,
                0.18804053962230682,
                0.3967604637145996
            ],
            "segmentation_id": 10,
            "visibility": 1
        },
        {
            "bounding_box_minx_maxx_miny_maxy": [
                -1,
                -1,
                -1,
                -1
            ],
            "class": "ReadytoUse",
            "local_cuboid": null,
            "local_to_world_matrix": [
                [
                    0.3759657144546509,
                    -0.3120959401130676,
                    0.872494101524353,
                    0.0
                ],
                [
                    -0.008525460958480835,
                    0.9403691291809082,
                    0.3400489091873169,
                    0.0
                ],
                [
                    -0.9265943765640259,
                    -0.1352851390838623,
                    0.3508857488632202,
                    0.0
                ],
                [
                    0.35125231742858887,
                    0.09576889872550964,
                    -0.359598308801651,
                    1.0
                ]
            ],
            "location": [
                -0.09576889872550964,
                -0.359598308801651,
                -0.35125231742858887
            ],
            "location_world": [
                0.35125231742858887,
                0.09576889872550964,
                -0.359598308801651
            ],
            "name": "google_ReadytoUse_Rolled_Fondant_Pure_White_24_oz_box_10",
            "projected_cuboid": [
                [
                    164.3732488155365,
                    958.5541486740112
                ],
                [
                    36.04930639266968,
                    913.57421875
                ],
                [
                    88.65255117416382,
                    731.715202331543
                ],
                [
                    163.33195567131042,
                    758.115828037262
                ],
                [
                    8.542165160179138,
                    1518.8218355178833
                ],
                [
                    -154.33135628700256,
                    1463.2307291030884
                ],
                [
                    -3.7070810794830322,
                    994.1895604133606
                ],
                [
                    81.48998022079468,
                    1023.9322185516357
                ],
                [
                    63.38609755039215,
                    979.9648523330688
                ]
            ],
            "provenance": "visii",
            "quaternion_xyzw": [
                -0.1065981388092041,
                0.15918433666229248,
                0.5644575953483582,
                0.8029226660728455
            ],
            "quaternion_xyzw_world": [
                0.14552561938762665,
                -0.5507988929748535,
                -0.09293944388628006,
                0.8165813684463501
            ],
            "segmentation_id": 11,
            "visibility": 0
        },
        {
            "bounding_box_minx_maxx_miny_maxy": [
                -1,
                -1,
                -1,
                -1
            ],
            "class": "Dog",
            "local_cuboid": null,
            "local_to_world_matrix": [
                [
                    -0.20425653457641602,
                    0.20133380591869354,
                    -0.9579896926879883,
                    0.0
                ],
                [
                    0.6618382930755615,
                    -0.6926631927490234,
                    -0.28668487071990967,
                    0.0
                ],
                [
                    -0.7212833166122437,
                    -0.6925914287567139,
                    0.008230328559875488,
                    0.0
                ],
                [
                    0.2680429518222809,
                    -0.3279142379760742,
                    0.07707518339157104,
                    1.0
                ]
            ],
            "location": [
                0.3279142379760742,
                0.07707518339157104,
                -0.2680429518222809
            ],
            "location_world": [
                0.2680429518222809,
                -0.3279142379760742,
                0.07707518339157104
            ],
            "name": "google_Dog_11",
            "projected_cuboid": [
                [
                    6117.736339569092,
                    377.41973996162415
                ],
                [
                    2137.8793716430664,
                    479.284793138504
                ],
                [
                    978.2041311264038,
                    374.75913763046265
                ],
                [
                    1043.3320999145508,
                    282.553106546402
                ],
                [
                    3221.527099609375,
                    -1247.4169731140137
                ],
                [
                    1845.37672996521,
                    -212.9768431186676
                ],
                [
                    960.3214859962463,
                    -21.771997213363647
                ],
                [
                    1002.4527311325073,
                    -307.3733448982239
                ],
                [
                    1471.820592880249,
                    17.818719148635864
                ]
            ],
            "provenance": "visii",
            "quaternion_xyzw": [
                0.3016901910305023,
                -0.2198668122291565,
                0.7431860566139221,
                -0.5552622675895691
            ],
            "quaternion_xyzw_world": [
                -0.6083124876022339,
                -0.3547404110431671,
                0.6901358366012573,
                -0.1668166220188141
            ],
            "segmentation_id": 12,
            "visibility": 0
        },
        {
            "bounding_box_minx_maxx_miny_maxy": [
                -1,
                -1,
                -1,
                -1
            ],
            "class": "Black",
            "local_cuboid": null,
            "local_to_world_matrix": [
                [
                    0.7603252530097961,
                    0.3554791510105133,
                    0.5436359643936157,
                    0.0
                ],
                [
                    0.45977339148521423,
                    0.29666006565093994,
                    -0.8370192646980286,
                    0.0
                ],
                [
                    -0.4588179588317871,
                    0.8863562941551208,
                    0.0621182918548584,
                    0.0
                ],
                [
                    1.487890601158142,
                    -0.26751458644866943,
                    -0.6677039265632629,
                    1.0
                ]
            ],
            "location": [
                0.26751458644866943,
                -0.6677039265632629,
                -1.487890601158142
            ],
            "location_world": [
                1.487890601158142,
                -0.26751458644866943,
                -0.6677039265632629
            ],
            "name": "google_Black_Elderberry_Syrup_54_oz_Gaia_Herbs_12",
            "projected_cuboid": [
                [
                    308.0562651157379,
                    511.1297369003296
                ],
                [
                    299.70991611480713,
                    526.7530083656311
                ],
                [
                    348.501056432724,
                    518.2278752326965
                ],
                [
                    357.3620319366455,
                    503.1450390815735
                ],
                [
                    318.71992349624634,
                    532.839298248291
                ],
                [
                    309.9119961261749,
                    548.5253930091858
                ],
                [
                    359.6764802932739,
                    538.7704372406006
                ],
                [
                    369.01143193244934,
                    523.6207842826843
                ],
                [
                    334.31270718574524,
                    525.1890420913696
                ]
            ],
            "provenance": "visii",
            "quaternion_xyzw": [
                -0.5056486129760742,
                -0.12210847437381744,
                0.814143180847168,
                0.2580307722091675
            ],
            "quaternion_xyzw_world": [
                -0.5919347405433655,
                -0.34431689977645874,
                -0.03582235798239708,
                0.7278570532798767
            ],
            "segmentation_id": 13,
            "visibility": 0
        },
        {
            "bounding_box_minx_maxx_miny_maxy": [
                8,
                67,
                24,
                55
            ],
            "class": "Razer",
