{
    "camera_data": {
        "camera_look_at": {
            "at": [
                1.0,
                0.0,
                0.0
            ],
            "eye": [
                0.0,
                0.0,
                0.0
            ],
            "up": [
                0.0,
                0.0,
                1.0
            ]
        },
        "camera_view_matrix": [
            [
                0.0,
                0.0,
                -1.0,
                0.0
            ],
            [
                -1.0,
                0.0,
                0.0,
                0.0
            ],
            [
                0.0,
                1.0,
                0.0,
                0.0
            ],
            [
                0.0,
                0.0,
                0.0,
                1.0
            ]
        ],
        "height": 500,
        "intrinsics": {
            "cx": 250.0,
            "cy": 250.0,
            "fx": 603.5535278320312,
            "fy": 603.5535278320312
        },
        "location_world": [
            0.0,
            0.0,
            0.0
        ],
        "quaternion_world_xyzw": [
            0.5,
            -0.5,
            -0.5,
            0.5
        ],
        "width": 500
    },
    "objects": [
        {
            "bounding_box_minx_maxx_miny_maxy": [
                454,
                468,
                50,
                57
            ],
            "class": "Reebok",
            "local_cuboid": null,
            "local_to_world_matrix": [
                [
                    0.40688544511795044,
                    -0.9106500148773193,
                    0.07183855026960373,
                    0.0
                ],
                [
                    -0.9132152795791626,
                    -0.4073984622955322,
                    0.008027197793126106,
                    0.0
                ],
                [
                    0.02195694111287594,
                    -0.06887021660804749,
                    -0.9973840713500977,
                    0.0
                ],
                [
                    1.0758882761001587,
                    -0.47487542033195496,
                    0.4512416124343872,
                    1.0
                ]
            ],
            "location": [
                0.47487542033195496,
                0.4512416124343872,
                -1.0758882761001587
            ],
            "location_world": [
                1.0758882761001587,
                -0.47487542033195496,
                0.4512416124343872
            ],
            "name": "google_Reebok_SOMERSET_RUN_0",
            "projected_cuboid": [
                [
                    481.94122314453125,
                    84.62311327457428
                ],
                [
                    620.3409433364868,
                    37.491053342819214
                ],
                [
                    616.3195371627808,
                    -35.47355532646179
                ],
                [
                    478.5054624080658,
                    27.577221393585205
                ],
                [
                    438.732385635376,
                    82.35180377960205
                ],
                [
                    571.500301361084,
                    32.2134792804718
                ],
                [
                    567.1426057815552,
                    -44.41046714782715
                ],
                [
                    435.0709021091461,
                    23.09328317642212
                ],
                [
                    518.298864364624,
                    29.561087489128113
                ]
            ],
            "provenance": "visii",
            "quaternion_xyzw": [
                0.6936460733413696,
                0.17272387444972992,
                -0.12182554602622986,
                0.688607394695282
            ],
            "quaternion_xyzw_world": [
                0.8384014368057251,
                -0.5438520312309265,
                0.027968551963567734,
                0.02292977087199688
            ],
            "segmentation_id": 1,
            "visibility": 1
        },
        {
            "bounding_box_minx_maxx_miny_maxy": [
                -1,
                -1,
                -1,
                -1
            ],
            "class": "Breyer",
            "local_cuboid": null,
            "local_to_world_matrix": [
                [
                    0.55238938331604,
                    -0.8029720187187195,
                    -0.2238347977399826,
                    0.0
                ],
                [
                    -0.5533795952796936,
                    -0.5540544986724854,
                    0.6219282746315002,
                    0.0
                ],
                [
                    -0.6234076023101807,
                    -0.21968097984790802,
                    -0.7504022121429443,
                    0.0
                ],
                [
                    0.9372957348823547,
                    0.0729808583855629,
                    -0.3941821753978729,
                    1.0
                ]
            ],
            "location": [
                -0.0729808583855629,
                -0.3941821753978729,
                -0.9372957348823547
            ],
            "location_world": [
                0.9372957348823547,
                0.0729808583855629,
                -0.3941821753978729
            ],
            "name": "google_Breyer_Horse_Of_The_Year_2015_1",
            "projected_cuboid": [
                [
                    277.7610421180725,
                    610.7795834541321
                ],
                [
                    300.50864815711975,
                    599.3513464927673
                ],
                [
                    274.9287784099579,
                    494.78864669799805
                ],
                [
                    255.1274597644806,
                    508.43167304992676
                ],
                [
                    140.6785249710083,
                    629.5307874679565
                ],
                [
                    161.4876538515091,
                    616.9694066047668
                ],
                [
                    147.61683344841003,
                    494.8217272758484
                ],
                [
                    129.54790890216827,
                    510.4278326034546
                ],
                [
                    215.04072844982147,
                    554.8961162567139
                ]
            ],
            "provenance": "visii",
            "quaternion_xyzw": [
                0.37337517738342285,
                0.2211044579744339,
                -0.22277085483074188,
                0.8729702830314636
            ],
            "quaternion_xyzw_world": [
                0.8451103568077087,
                -0.40123504400253296,
                -0.2506307065486908,
                0.2489643096923828
            ],
            "segmentation_id": 2,
            "visibility": 0
        },
        {
            "bounding_box_minx_maxx_miny_maxy": [
                0,
                95,
                124,
                263
            ],
            "class": "Smith",
            "local_cuboid": null,
            "local_to_world_matrix": [
                [
                    -0.5909196138381958,
                    -0.7028622627258301,
                    -0.39597800374031067,
                    0.0
                ],
                [
                    0.24057123064994812,
                    -0.6220377683639526,
                    0.7451136112213135,
                    0.0
                ],
                [
                    -0.7700256109237671,
                    0.3450413644313812,
                    0.5366628170013428,
                    0.0
                ],
                [
                    1.7061843872070312,
                    0.6019336581230164,
                    0.08173981308937073,
                    1.0
                ]
            ],
            "location": [
                -0.6019336581230164,
                0.08173981308937073,
                -1.7061843872070312
            ],
            "location_world": [
                1.7061843872070312,
                0.6019336581230164,
                0.08173981308937073
            ],
            "name": "google_Smith_Hawken_Woven_BasketTray_Organizer_with_3_Compartments_95_x_9_x_13_2",
            "projected_cuboid": [
                [
                    -37.903279066085815,
                    224.67386722564697
                ],
                [
                    42.5458699464798,
                    144.41852271556854
                ],
                [
                    103.21393609046936,
                    211.2208902835846
                ],
                [
                    35.77716648578644,
                    283.52418541908264
                ],
                [
                    -96.12208604812622,
                    173.34239184856415
                ],
                [
                    -23.94959330558777,
                    105.48508167266846
                ],
                [
                    37.16757893562317,
                    168.93285512924194
                ],
                [
                    -24.495631456375122,
                    231.11337423324585
                ],
                [
                    5.278497934341431,
                    192.61088967323303
                ]
            ],
            "provenance": "visii",
            "quaternion_xyzw": [
                0.21663501858711243,
                0.26087629795074463,
                0.2837470769882202,
                -0.8969393968582153
            ],
            "quaternion_xyzw_world": [
                -0.35158759355545044,
                0.32871681451797485,
                0.8290989398956299,
                -0.28447553515434265
            ],
            "segmentation_id": 3,
            "visibility": 1
        },
        {
            "bounding_box_minx_maxx_miny_maxy": [
                420,
                499,
                420,
                500
            ],
            "class": "Paul",
            "local_cuboid": null,
            "local_to_world_matrix": [
                [
                    -0.5918072462081909,
                    0.3475269079208374,
                    -0.7273165583610535,
                    0.0
                ],
                [
                    -0.6973142623901367,
                    -0.6733560562133789,
                    0.24565130472183228,
                    0.0
                ],
                [
                    -0.40437251329421997,
                    0.6525464057922363,
                    0.6408323645591736,
                    0.0
                ],
                [
                    0.2647468149662018,
                    -0.20298025012016296,
                    -0.2742241621017456,
                    1.0
                ]
            ],
            "location": [
                0.20298025012016296,
                -0.2742241621017456,
                -0.2647468149662018
            ],
            "location_world": [
                0.2647468149662018,
                -0.20298025012016296,
                -0.2742241621017456
            ],
            "name": "google_Paul_Frank_Dot_Lunch_Box_3",
            "projected_cuboid": [
                [
                    107.99635946750641,
                    1338.0883932113647
                ],
                [
                    710.3855609893799,
                    2534.4507694244385
                ],
                [
                    1034.0187549591064,
                    1697.638750076294
                ],
                [
                    575.1259922981262,
                    1283.0016613006592
                ],
                [
                    378.38420271873474,
                    341.4355218410492
                ],
                [
                    632.0847272872925,
                    298.20606112480164
                ],
                [
                    814.2903447151184,
                    577.8104662895203
                ],
                [
                    587.1442556381226,
                    555.0011396408081
                ],
                [
                    602.742075920105,
                    805.527925491333
                ]
            ],
            "provenance": "visii",
            "quaternion_xyzw": [
                -0.024745211005210876,
                0.5451618432998657,
                0.6136465072631836,
                -0.5706349611282349
            ],
            "quaternion_xyzw_world": [
                -0.33193239569664,
                0.26344773173332214,
                0.852349042892456,
                0.30645930767059326
            ],
            "segmentation_id": 4,
            "visibility": 1
        },
        {
            "bounding_box_minx_maxx_miny_maxy": [
                -1,
                -1,
                -1,
                -1
            ],
            "class": "Toys",
            "local_cuboid": null,
            "local_to_world_matrix": [
                [
                    -0.7772163152694702,
                    0.09644713997840881,
                    0.621798038482666,
                    0.0
                ],
                [
                    0.6057404279708862,
                    -0.1528186798095703,
                    0.7808488607406616,
                    0.0
                ],
                [
                    0.17033296823501587,
                    0.9835367202758789,
                    0.06035119295120239,
                    0.0
                ],
                [
                    0.6343900561332703,
                    0.37545567750930786,
                    -0.4357199966907501,
                    1.0
                ]
            ],
            "location": [
                -0.37545567750930786,
                -0.4357199966907501,
                -0.6343900561332703
            ],
            "location_world": [
                0.6343900561332703,
                0.37545567750930786,
                -0.4357199966907501
            ],
            "name": "google_Toys_R_Us_Treat_Dispenser_Smart_Puzzle_Foobler_4",
            "projected_cuboid": [
                [
                    -344.5684313774109,
                    727.8422117233276
                ],
                [
                    -236.96255683898926,
                    546.8931794166565
                ],
                [
                    -110.74668169021606,
                    568.3948397636414
                ],
                [
                    -201.38362050056458,
                    762.1062994003296
                ],
                [
                    -225.13526678085327,
                    728.7377119064331
                ],
                [
                    -148.90527725219727,
                    576.0390758514404
                ],
                [
                    -40.06248712539673,
                    595.0800180435181
                ],
                [
                    -103.70704531669617,
                    756.678581237793
                ],
                [
                    -170.28912901878357,
                    651.8577337265015
                ]
            ],
            "provenance": "visii",
            "quaternion_xyzw": [
                0.2706644535064697,
                0.715476930141449,
                -0.19056841731071472,
                -0.6152375340461731
            ],
            "quaternion_xyzw_world": [
                0.28073614835739136,
                0.6253092288970947,
                0.7054052352905273,
                -0.1804967224597931
            ],
            "segmentation_id": 5,
            "visibility": 0
        },
        {
            "bounding_box_minx_maxx_miny_maxy": [
                -1,
                -1,
                -1,
                -1
            ],
            "class": "Tag",
            "local_cuboid": null,
            "local_to_world_matrix": [
                [
                    -0.41852736473083496,
                    -0.9026185870170593,
                    0.10057425498962402,
                    0.0
                ],
                [
                    -0.8199031949043274,
                    0.32788026332855225,
                    -0.46931177377700806,
                    0.0
                ],
                [
                    0.39063310623168945,
                    -0.278880774974823,
                    -0.8772867918014526,
                    0.0
                ],
                [
                    0.31863313913345337,
                    0.37869662046432495,
                    -0.11922009289264679,
                    1.0
                ]
            ],
            "location": [
                -0.37869662046432495,
                -0.11922009289264679,
                -0.31863313913345337
            ],
            "location_world": [
                0.31863313913345337,
                0.37869662046432495,
                -0.11922009289264679
            ],
            "name": "google_Tag_Dishtowel_Basket_Weave_Red_18_x_26_5",
            "projected_cuboid": [
                [
                    -140.7884657382965,
                    383.0927610397339
                ],
                [
                    -741.0605549812317,
                    837.5257253646851
                ],
                [
                    -844.2701101303101,
                    781.786322593689
                ],
                [
                    -170.33520340919495,
                    339.13740515708923
                ],
                [
                    -280.9998393058777,
                    384.9313259124756
                ],
                [
                    -822.3836421966553,
                    721.66907787323
                ],
                [
                    -901.4251232147217,
                    675.1995086669922
                ],
                [
                    -310.103178024292,
                    348.00243377685547
                ],
                [
                    -443.25435161590576,
                    499.2485046386719
                ]
            ],
            "provenance": "visii",
            "quaternion_xyzw": [
                -0.8310480713844299,
                0.06837938725948334,
                -0.2097977101802826,
                -0.5105570554733276
            ],
            "quaternion_xyzw_world": [
                -0.5317140221595764,
                0.8098911046981812,
                -0.23095467686653137,
                0.08953637629747391
            ],
            "segmentation_id": 6,
            "visibility": 0
        },
        {
            "bounding_box_minx_maxx_miny_maxy": [
                279,
                310,
                1,
                37
            ],
            "class": "FRACTION",
            "local_cuboid": null,
            "local_to_world_matrix": [
                [
                    -0.8360812664031982,
                    0.02158050239086151,
                    0.5481809973716736,
                    0.0
                ],
                [
                    -0.47501349449157715,
                    0.4714288115501404,
                    -0.7430458068847656,
                    0.0
                ],
                [
                    -0.27446359395980835,
                    -0.8816400766372681,
                    -0.3839017152786255,
                    0.0
                ],
                [
                    1.3698394298553467,
                    -0.10621240735054016,
                    0.6087742447853088,
                    1.0
                ]
            ],
            "location": [
                0.10621240735054016,
                0.6087742447853088,
                -1.3698394298553467
            ],
            "location_world": [
                1.3698394298553467,
                -0.10621240735054016,
                0.6087742447853088
            ],
            "name": "google_FRACTION_FUN_n4h4qte23QR_6",
            "projected_cuboid": [
                [
                    335.110068321228,
                    -72.4075436592102
                ],
                [
                    297.8660464286804,
                    -27.34929323196411
                ],
                [
                    278.7916362285614,
                    -32.791972160339355
                ],
                [
                    316.97946786880493,
                    -77.08203792572021
                ],
                [
                    328.21014523506165,
                    -1.1443495750427246
                ],
                [
                    294.4543659687042,
                    43.771788477897644
                ],
                [
                    277.4074971675873,
                    38.2879376411438
                ],
                [
                    311.9199275970459,
                    -5.934298038482666
                ],
                [
                    305.5327236652374,
                    -15.666991472244263
                ]
            ],
            "provenance": "visii",
            "quaternion_xyzw": [
                -0.601456880569458,
                -0.03190259635448456,
                -0.7139835357666016,
                -0.3570144772529602
            ],
            "quaternion_xyzw_world": [
                -0.1381952315568924,
                0.820276141166687,
                -0.49516430497169495,
                -0.25072184205055237
            ],
            "segmentation_id": 7,
            "visibility": 1
        },
        {
            "bounding_box_minx_maxx_miny_maxy": [
                -1,
                -1,
                -1,
                -1
            ],
            "class": "FAIRY",
            "local_cuboid": null,
            "local_to_world_matrix": [
                [
                    0.5965981483459473,
                    -0.19108502566814423,
                    -0.7794594764709473,
                    0.0
                ],
                [
                    0.031843364238739014,
                    0.9761120080947876,
                    -0.21492162346839905,
                    0.0
                ],
                [
                    0.8019081354141235,
                    0.10340122133493423,
                    0.5884314179420471,
                    0.0
                ],
                [
                    0.48767414689064026,
                    0.2974216639995575,
                    0.26777809858322144,
                    1.0
                ]
            ],
            "location": [
                -0.2974216639995575,
                0.26777809858322144,
                -0.48767414689064026
            ],
            "location_world": [
                0.48767414689064026,
                0.2974216639995575,
                0.26777809858322144
            ],
            "name": "google_FAIRY_TALE_BLOCKS_7",
            "projected_cuboid": [
                [
                    112.90507018566132,
                    -20.729780197143555
                ],
                [
                    -95.09888291358948,
                    28.47723662853241
                ],
                [
                    -179.55124378204346,
                    98.42108190059662
                ],
                [
                    93.89367699623108,
                    34.48893129825592
                ],
                [
                    29.997602105140686,
                    -286.5285277366638
                ],
                [
                    -228.29091548919678,
                    -221.39334678649902
                ],
                [
                    -399.51562881469727,
                    -233.5842251777649
                ],
                [
                    -32.04375505447388,
                    -327.3930549621582
                ],
                [
                    -72.7180540561676,
                    -97.83580899238586
                ]
            ],
            "provenance": "visii",
            "quaternion_xyzw": [
                -0.7429527044296265,
                0.5907413363456726,
                0.23554643988609314,
                0.20871947705745697
            ],
            "quaternion_xyzw_world": [
                -0.08951912820339203,
                0.4447140693664551,
                -0.06269218772649765,
                0.888979971408844
            ],
            "segmentation_id": 8,
            "visibility": 0
        },
        {
            "bounding_box_minx_maxx_miny_maxy": [
                -1,
                -1,
                -1,
                -1
            ],
            "class": "Great",
            "local_cuboid": null,
            "local_to_world_matrix": [
                [
                    0.9106640815734863,
                    -0.031952403485774994,
                    -0.41191014647483826,
                    0.0
                ],
                [
                    -0.006761273369193077,
                    0.9957187175750732,
                    -0.09218723326921463,
                    0.0
                ],
                [
                    0.4130922257900238,
                    0.08673664182424545,
                    0.9065492749214172,
                    0.0
                ],
                [
                    0.4302555322647095,
                    -0.4290039837360382,
                    -0.35020512342453003,
                    1.0
                ]
            ],
            "location": [
                0.4290039837360382,
                -0.35020512342453003,
                -0.4302555322647095
            ],
            "location_world": [
                0.4302555322647095,
                -0.4290039837360382,
                -0.35020512342453003
            ],
            "name": "google_Great_Jones_Wingtip_kAqSg6EgG0I_8",
            "projected_cuboid": [
                [
                    907.6452255249023,
                    541.6975617408752
                ],
                [
                    554.3344616889954,
                    575.8203268051147
                ],
                [
                    596.5448617935181,
                    737.4250292778015
                ],
                [
                    984.1161966323853,
                    699.2681622505188
                ],
                [
                    1058.4280490875244,
                    546.1275577545166
                ],
                [
                    621.748685836792,
                    588.3961915969849
                ],
                [
                    683.6240291595459,
                    794.8126196861267
                ],
                [
                    1173.8646030426025,
                    746.1822032928467
                ],
                [
                    814.1991496086121,
                    647.2793817520142
                ]
            ],
            "provenance": "visii",
            "quaternion_xyzw": [
                -0.6199257969856262,
                0.5676602721214294,
                0.40222588181495667,
                0.36286118626594543
            ],
            "quaternion_xyzw_world": [
                -0.0458151139318943,
                0.2112494856119156,
                -0.00645042210817337,
                0.9763365387916565
            ],
            "segmentation_id": 9,
            "visibility": 0
        },
        {
            "bounding_box_minx_maxx_miny_maxy": [
                274,
                499,
                203,
                481
            ],
            "class": "Ecoforms",
            "local_cuboid": null,
            "local_to_world_matrix": [
                [
                    0.0972335934638977,
                    -0.9272096753120422,
                    -0.3617013394832611,
                    0.0
                ],
                [
                    -0.8104578852653503,
                    0.13717365264892578,
                    -0.5695098638534546,
                    0.0
                ],
                [
                    0.5776709318161011,
                    0.34851914644241333,
                    -0.7381265163421631,
                    0.0
                ],
                [
                    0.5134874582290649,
                    -0.1743655651807785,
                    -0.008792716078460217,
                    1.0
                ]
            ],
            "location": [
                0.1743655651807785,
                -0.008792716078460217,
                -0.5134874582290649
            ],
            "location_world": [
                0.5134874582290649,
                -0.1743655651807785,
                -0.008792716078460217
            ],
            "name": "google_Ecoforms_Plant_Container_Quadra_Sand_QP6_9",
            "projected_cuboid": [
                [
                    437.7436637878418,
                    348.19960594177246
                ],
                [
                    462.03160285949707,
                    496.41865491867065
                ],
                [
                    587.8903269767761,
                    381.7848563194275
                ],
                [
                    527.3237228393555,
                    238.9594167470932
                ],
                [
                    285.88488698005676,
                    289.6408438682556
                ],
                [
                    266.41592383384705,
                    425.88651180267334
                ],
                [
                    353.1460464000702,
                    290.2108430862427
                ],
                [
                    352.8830409049988,
                    167.1142578125
                ],
                [
                    405.60147166252136,
                    326.16716623306274
                ]
            ],
            "provenance": "visii",
            "quaternion_xyzw": [
                -0.8766969442367554,
                0.14225979149341583,
                0.12711140513420105,
                -0.44159621000289917
            ],
            "quaternion_xyzw_world": [
                -0.6515724062919617,
                0.6667208075523376,
                -0.08286478370428085,
                0.3522360026836395
            ],
            "segmentation_id": 10,
            "visibility": 1
        },
        {
            "bounding_box_minx_maxx_miny_maxy": [
                -1,
                -1,
                -1,
                -1
            ],
            "class": "ReadytoUse",
            "local_cuboid": null,
            "local_to_world_matrix": [
                [
                    0.8066872954368591,
                    0.3544516861438751,
                    -0.4728844165802002,
                    0.0
                ],
                [
                    -0.21623405814170837,
                    -0.5676579475402832,
                    -0.7943601608276367,
                    0.0
                ],
                [
                    -0.5499986410140991,
                    0.7430540323257446,
                    -0.38127803802490234,
                    0.0
                ],
                [
                    0.4319736361503601,
                    0.17588619887828827,
                    -0.336951345205307,
                    1.0
                ]
            ],
            "location": [
                -0.17588619887828827,
                -0.336951345205307,
                -0.4319736361503601
            ],
            "location_world": [
                0.4319736361503601,
                0.17588619887828827,
                -0.336951345205307
            ],
            "name": "google_ReadytoUse_Rolled_Fondant_Pure_White_24_oz_box_10",
            "projected_cuboid": [
                [
                    -266.45761728286743,
                    879.6030879020691
                ],
                [
                    -236.82186007499695,
                    958.5997462272644
                ],
                [
                    17.189577221870422,
                    738.7676239013672
                ],
                [
                    -12.341469526290894,
                    679.6461939811707
                ],
                [
                    -349.98661279678345,
                    971.2885618209839
                ],
                [
                    -313.24827671051025,
                    1080.9483528137207
                ],
                [
                    25.61269700527191,
                    773.8690376281738
                ],
                [
                    -11.619269847869873,
                    698.8310813903809
                ],
                [
                    -123.4569251537323,
                    827.8345465660095
                ]
            ],
            "provenance": "visii",
            "quaternion_xyzw": [
                0.47167518734931946,
                0.050232261419296265,
                -0.821402907371521,
                0.3166966438293457
            ],
            "quaternion_xyzw_world": [
                0.8300034999847412,
                0.041631635278463364,
                -0.3080960214138031,
                -0.46307459473609924
            ],
            "segmentation_id": 11,
            "visibility": 0
        },
        {
            "bounding_box_minx_maxx_miny_maxy": [
                -1,
                -1,
                -1,
                -1
            ],
            "class": "Dog",
            "local_cuboid": null,
            "local_to_world_matrix": [
                [
                    0.9992742538452148,
                    -0.031160641461610794,
                    -0.02190735563635826,
                    0.0
                ],
                [
                    0.0013581300154328346,
                    -0.5456209182739258,
                    0.838030993938446,
                    0.0
                ],
                [
                    -0.038066696375608444,
                    -0.8374525904655457,
                    -0.5451827049255371,
                    0.0
                ],
                [
                    0.21689260005950928,
                    -0.29962679743766785,
                    -0.11222675442695618,
                    1.0
                ]
            ],
            "location": [
                0.29962679743766785,
                -0.11222675442695618,
                -0.21689260005950928
            ],
            "location_world": [
                0.21689260005950928,
                -0.29962679743766785,
                -0.11222675442695618
            ],
            "name": "google_Dog_11",
            "projected_cuboid": [
                [
                    1023.5309600830078,
                    804.6834468841553
                ],
                [
                    1209.9463939666748,
                    517.0196294784546
                ],
                [
                    887.9029750823975,
                    315.46443700790405
                ],
                [
                    705.4641842842102,
                    596.4646339416504
                ],
                [
                    2851.9279956817627,
                    2116.4300441741943
                ],
                [
                    3483.9556217193604,
                    1130.2382946014404
                ],
                [
                    2274.171829223633,
                    432.425320148468
                ],
                [
                    1685.603380203247,
                    1344.476580619812
                ],
                [
                    1323.911190032959,
                    715.273916721344
                ]
            ],
            "provenance": "visii",
            "quaternion_xyzw": [
                0.19689016044139862,
                0.6649818420410156,
                -0.20547206699848175,
                0.6905176639556885
            ],
            "quaternion_xyzw_world": [
                0.8789308667182922,
                -0.00847692135721445,
                -0.017058808356523514,
                0.47656863927841187
            ],
            "segmentation_id": 12,
            "visibility": 0
        },
        {
            "bounding_box_minx_maxx_miny_maxy": [
                379,
                409,
                473,
                484
            ],
            "class": "Black",
            "local_cuboid": null,
            "local_to_world_matrix": [
                [
                    -0.8039346933364868,
                    0.1557050347328186,
                    -0.5739729404449463,
                    0.0
                ],
                [
                    -0.3513285517692566,
                    -0.9030526876449585,
                    0.24711158871650696,
                    0.0
                ],
                [
                    -0.47985127568244934,
                    0.40031465888023376,
                    0.7806990146636963,
                    0.0
                ],
                [
                    1.2159675359725952,
                    -0.2949548661708832,
                    -0.44403764605522156,
                    1.0
                ]
            ],
            "location": [
                0.2949548661708832,
                -0.44403764605522156,
                -1.2159675359725952
            ],
            "location_world": [
                1.2159675359725952,
                -0.2949548661708832,
                -0.44403764605522156
            ],
            "name": "google_Black_Elderberry_Syrup_54_oz_Gaia_Herbs_12",
            "projected_cuboid": [
                [
                    359.52022671699524,
                    438.67194652557373
                ],
                [
                    390.4990553855896,
                    434.27300453186035
                ],
                [
                    411.87208890914917,
                    481.2379479408264
                ],
                [
                    382.3170065879822,
                    484.57223176956177
                ],
                [
                    359.8073720932007,
                    414.5490527153015
                ],
                [
                    389.56359028816223,
                    409.89232063293457
                ],
                [
                    410.1905822753906,
                    456.48324489593506
                ],
                [
                    381.75004720687866,
                    460.1062536239624
                ],
                [
                    385.87209582328796,
                    447.93498516082764
                ]
            ],
            "provenance": "visii",
            "quaternion_xyzw": [
                0.17126888036727905,
                0.480355441570282,
                0.5891614556312561,
                -0.6267491579055786
            ],
            "quaternion_xyzw_world": [
                -0.28214311599731445,
                0.17333711683750153,
                0.9337674379348755,
                0.1357494294643402
            ],
            "segmentation_id": 13,
            "visibility": 1
        },
        {
            "bounding_box_minx_maxx_miny_maxy": [
                -1,
                -1,
                -1,
                -1
