{
    "camera_data": {
        "camera_look_at": {
            "at": [
                1.0,
                0.0,
                0.0
            ],
            "eye": [
                0.0,
                0.0,
                0.0
            ],
            "up": [
                0.0,
                0.0,
                1.0
            ]
        },
        "camera_view_matrix": [
            [
                0.0,
                0.0,
                -1.0,
                0.0
            ],
            [
                -1.0,
                0.0,
                0.0,
                0.0
            ],
            [
                0.0,
                1.0,
                0.0,
                0.0
            ],
            [
                0.0,
                0.0,
                0.0,
                1.0
            ]
        ],
        "height": 500,
        "intrinsics": {
            "cx": 250.0,
            "cy": 250.0,
            "fx": 603.5535278320312,
            "fy": 603.5535278320312
        },
        "location_world": [
            0.0,
            0.0,
            0.0
        ],
        "quaternion_world_xyzw": [
            0.5,
            -0.5,
            -0.5,
            0.5
        ],
        "width": 500
    },
    "objects": [
        {
            "bounding_box_minx_maxx_miny_maxy": [
                -1,
                -1,
                -1,
                -1
            ],
            "class": "Reebok",
            "local_cuboid": null,
            "local_to_world_matrix": [
                [
                    0.4463379979133606,
                    0.606397271156311,
                    -0.6580767631530762,
                    0.0
                ],
                [
                    -0.8800528049468994,
                    0.430696964263916,
                    -0.20001861453056335,
                    0.0
                ],
                [
                    0.16214103996753693,
                    0.6684180498123169,
                    0.7258978486061096,
                    0.0
                ],
                [
                    1.1960816383361816,
                    -0.4127520024776459,
                    0.3394959568977356,
                    1.0
                ]
            ],
            "location": [
                0.4127520024776459,
                0.3394959568977356,
                -1.1960816383361816
            ],
            "location_world": [
                1.1960816383361816,
                -0.4127520024776459,
                0.3394959568977356
            ],
            "name": "google_Reebok_SOMERSET_RUN_0",
            "projected_cuboid": [
                [
                    410.50171852111816,
                    66.65265560150146
                ],
                [
                    379.24492359161377,
                    55.95278739929199
                ],
                [
                    424.3425130844116,
                    99.1666167974472
                ],
                [
                    447.43210077285767,
                    101.77198052406311
                ],
                [
                    447.9624032974243,
                    25.649115443229675
                ],
                [
                    424.3150055408478,
                    4.487752914428711
                ],
                [
                    472.40662574768066,
                    48.860907554626465
                ],
                [
                    486.8668019771576,
                    61.535775661468506
                ],
                [
                    437.2594952583313,
                    58.962345123291016
                ]
            ],
            "provenance": "visii",
            "quaternion_xyzw": [
                -0.434673011302948,
                0.6262028217315674,
                0.6411464214324951,
                -0.0886613130569458
            ],
            "quaternion_xyzw_world": [
                -0.26913899183273315,
                0.25419536232948303,
                0.46066877245903015,
                0.8066805005073547
            ],
            "segmentation_id": 1,
            "visibility": 0
        },
        {
            "bounding_box_minx_maxx_miny_maxy": [
                118,
                220,
                464,
                500
            ],
            "class": "Breyer",
            "local_cuboid": null,
            "local_to_world_matrix": [
                [
                    -0.9043149948120117,
                    -0.42336350679397583,
                    -0.05456770956516266,
                    0.0
                ],
                [
                    0.17894065380096436,
                    -0.49203503131866455,
                    0.8519868850708008,
                    0.0
                ],
                [
                    -0.38754940032958984,
                    0.7607002258300781,
                    0.5207116603851318,
                    0.0
                ],
                [
                    0.8291128277778625,
                    0.01883847825229168,
                    -0.38486796617507935,
                    1.0
                ]
            ],
            "location": [
                -0.01883847825229168,
                -0.38486796617507935,
                -0.8291128277778625
            ],
            "location_world": [
                0.8291128277778625,
                0.01883847825229168,
                -0.38486796617507935
            ],
            "name": "google_Breyer_Horse_Of_The_Year_2015_1",
            "projected_cuboid": [
                [
                    161.43184900283813,
                    552.5068044662476
                ],
                [
                    188.3636862039566,
                    503.57508659362793
                ],
                [
                    289.7922694683075,
                    548.9344596862793
                ],
                [
                    266.53969287872314,
                    594.4778919219971
                ],
                [
                    114.75980281829834,
                    470.96502780914307
                ],
                [
                    135.83628833293915,
                    434.6250295639038
                ],
                [
                    217.99704432487488,
                    474.24331307411194
                ],
                [
                    199.1824358701706,
                    508.6996555328369
                ],
                [
                    194.64652240276337,
                    506.5511465072632
                ]
            ],
            "provenance": "visii",
            "quaternion_xyzw": [
                0.2143753618001938,
                0.5101652145385742,
                0.16748055815696716,
                -0.8159196972846985
            ],
            "quaternion_xyzw_world": [
                -0.1294298619031906,
                0.4721144735813141,
                0.8539704084396362,
                -0.17632465064525604
            ],
            "segmentation_id": 2,
            "visibility": 1
        },
        {
            "bounding_box_minx_maxx_miny_maxy": [
                -1,
                -1,
                -1,
                -1
            ],
            "class": "Smith",
            "local_cuboid": null,
            "local_to_world_matrix": [
                [
                    0.6238807439804077,
                    0.7812296152114868,
                    0.021285519003868103,
                    0.0
                ],
                [
                    0.6224337816238403,
                    -0.5131696462631226,
                    0.5909595489501953,
                    0.0
                ],
                [
                    0.47259819507598877,
                    -0.3554394841194153,
                    -0.8064203262329102,
                    0.0
                ],
                [
                    1.661075234413147,
                    0.5399573445320129,
                    0.12269123643636703,
                    1.0
                ]
            ],
            "location": [
                -0.5399573445320129,
                0.12269123643636703,
                -1.661075234413147
            ],
            "location_world": [
                1.661075234413147,
                0.5399573445320129,
                0.12269123643636703
            ],
            "name": "google_Smith_Hawken_Woven_BasketTray_Organizer_with_3_Compartments_95_x_9_x_13_2",
            "projected_cuboid": [
                [
                    33.54500234127045,
                    305.58326840400696
                ],
                [
                    91.35229885578156,
                    254.69303131103516
                ],
                [
                    49.35474693775177,
                    184.4078004360199
                ],
                [
                    -16.768068075180054,
                    232.46154189109802
                ],
                [
                    109.68251526355743,
                    316.33713841438293
                ],
                [
                    167.95071959495544,
                    257.9365074634552
                ],
                [
                    126.1231005191803,
                    178.18474769592285
                ],
                [
                    58.24244022369385,
                    232.92993009090424
                ],
                [
                    77.25806534290314,
                    245.4288750886917
                ]
            ],
            "provenance": "visii",
            "quaternion_xyzw": [
                0.15843690931797028,
                0.8433248996734619,
                -0.42357760667800903,
                0.2903152108192444
            ],
            "quaternion_xyzw_world": [
                0.8578273057937622,
                0.40907517075538635,
                0.1439344882965088,
                0.2758128046989441
            ],
            "segmentation_id": 3,
            "visibility": 0
        },
        {
            "bounding_box_minx_maxx_miny_maxy": [
                -1,
                -1,
                -1,
                -1
            ],
            "class": "Paul",
            "local_cuboid": null,
            "local_to_world_matrix": [
                [
                    0.07412296533584595,
                    0.6651310324668884,
                    -0.7430386543273926,
                    0.0
                ],
                [
                    -0.9825113415718079,
                    -0.07891535758972168,
                    -0.1686529815196991,
                    0.0
                ],
                [
                    -0.17081347107887268,
                    0.7425450086593628,
                    0.647649347782135,
                    0.0
                ],
                [
                    0.17662470042705536,
                    -0.19894997775554657,
                    -0.2798268496990204,
                    1.0
                ]
            ],
            "location": [
                0.19894997775554657,
                -0.2798268496990204,
                -0.17662470042705536
            ],
            "location_world": [
                0.17662470042705536,
                -0.19894997775554657,
                -0.2798268496990204
            ],
            "name": "google_Paul_Frank_Dot_Lunch_Box_3",
            "projected_cuboid": [
                [
                    52.17885971069336,
                    910.6597304344177
                ],
                [
                    -116.71218276023865,
                    1774.9555110931396
                ],
                [
                    771.7874050140381,
                    2001.78861618042
                ],
                [
                    519.2393064498901,
                    1180.1079511642456
                ],
                [
                    617.3593401908875,
                    326.9002437591553
                ],
                [
                    1211.3122940063477,
                    584.7187042236328
                ],
                [
                    1789.9298667907715,
                    1264.7227048873901
                ],
                [
                    1024.02663230896,
                    725.4849076271057
                ],
                [
                    683.0344200134277,
                    1039.1952991485596
                ]
            ],
            "provenance": "visii",
            "quaternion_xyzw": [
                -0.2884044349193573,
                0.5756875276565552,
                0.7079190015792847,
                -0.29027119278907776
            ],
            "quaternion_xyzw_world": [
                -0.3554535508155823,
                0.2232220619916916,
                0.6427366733551025,
                0.6408699154853821
            ],
            "segmentation_id": 4,
            "visibility": 0
        },
        {
            "bounding_box_minx_maxx_miny_maxy": [
                -1,
                -1,
                -1,
                -1
            ],
            "class": "Toys",
            "local_cuboid": null,
            "local_to_world_matrix": [
                [
                    0.7648754119873047,
                    -0.6083980798721313,
                    0.2117011696100235,
                    0.0
                ],
                [
                    0.3611864447593689,
                    0.13292038440704346,
                    -0.9229715466499329,
                    0.0
                ],
                [
                    0.5333947539329529,
                    0.782421886920929,
                    0.32141268253326416,
                    0.0
                ],
                [
                    0.5498461127281189,
                    0.3506297767162323,
                    -0.32727137207984924,
                    1.0
                ]
            ],
            "location": [
                -0.3506297767162323,
                -0.32727137207984924,
                -0.5498461127281189
            ],
            "location_world": [
                0.5498461127281189,
                0.3506297767162323,
                -0.32727137207984924
            ],
            "name": "google_Toys_R_Us_Treat_Dispenser_Smart_Puzzle_Foobler_4",
            "projected_cuboid": [
                [
                    -126.29920244216919,
                    423.4749972820282
                ],
                [
                    -114.37243223190308,
                    529.3592214584351
                ],
                [
                    -47.40527272224426,
                    612.0196580886841
                ],
                [
                    -54.60667610168457,
                    499.1289973258972
                ],
                [
                    -312.36040592193604,
                    497.45938181877136
                ],
                [
                    -280.85243701934814,
                    617.3669695854187
                ],
                [
                    -224.88367557525635,
                    732.7919006347656
                ],
                [
                    -255.2419900894165,
                    605.5414080619812
                ],
                [
                    -169.55816745758057,
                    559.2036247253418
                ]
            ],
            "provenance": "visii",
            "quaternion_xyzw": [
                -0.8753234148025513,
                -0.022500470280647278,
                0.441921591758728,
                0.19495627284049988
            ],
            "quaternion_xyzw_world": [
                -0.572394609451294,
                0.10797253996133804,
                -0.3254292905330658,
                0.7448503971099854
            ],
            "segmentation_id": 5,
            "visibility": 0
        },
        {
            "bounding_box_minx_maxx_miny_maxy": [
                -1,
                -1,
                -1,
                -1
            ],
            "class": "Tag",
            "local_cuboid": null,
            "local_to_world_matrix": [
                [
                    0.5713435411453247,
                    -0.8205032348632812,
                    0.018467038869857788,
                    0.0
                ],
                [
                    -0.5611733198165894,
                    -0.40698492527008057,
                    -0.7207272052764893,
                    0.0
                ],
                [
                    0.5988748073577881,
                    0.40141960978507996,
                    -0.6929726600646973,
                    0.0
                ],
                [
                    0.26209190487861633,
                    0.4183688759803772,
                    -0.17166867852210999,
                    1.0
                ]
            ],
            "location": [
                -0.4183688759803772,
                -0.17166867852210999,
                -0.26209190487861633
            ],
            "location_world": [
                0.26209190487861633,
                0.4183688759803772,
                -0.17166867852210999
            ],
            "name": "google_Tag_Dishtowel_Basket_Weave_Red_18_x_26_5",
            "projected_cuboid": [
                [
                    -373.3544945716858,
                    417.52851009368896
                ],
                [
                    -464.5312428474426,
                    880.5422782897949
                ],
                [
                    -490.90200662612915,
                    874.7705221176147
                ],
                [
                    -385.49715280532837,
                    388.0676031112671
                ],
                [
                    -857.9479455947876,
                    478.35391759872437
                ],
                [
                    -1377.122163772583,
                    1255.6979656219482
                ],
                [
                    -1549.625039100647,
                    1299.059271812439
                ],
                [
                    -910.629391670227,
                    443.1501626968384
                ],
                [
                    -692.6833987236023,
                    656.8427085876465
                ]
            ],
            "provenance": "visii",
            "quaternion_xyzw": [
                0.8860170841217041,
                0.12004619091749191,
                -0.27447640895843506,
                0.35387182235717773
            ],
            "quaternion_xyzw_world": [
                0.8172057867050171,
                -0.4226831793785095,
                0.1888575404882431,
                -0.34328773617744446
            ],
            "segmentation_id": 6,
            "visibility": 0
        },
        {
            "bounding_box_minx_maxx_miny_maxy": [
                317,
                368,
                1,
                52
            ],
            "class": "FRACTION",
            "local_cuboid": null,
            "local_to_world_matrix": [
                [
                    0.672707736492157,
                    0.347273051738739,
                    0.6533496379852295,
                    0.0
                ],
                [
                    0.7397562861442566,
                    -0.2977668046951294,
                    -0.6034034490585327,
                    0.0
                ],
                [
                    -0.014999955892562866,
                    0.8892335891723633,
                    -0.45720744132995605,
                    0.0
                ],
                [
                    0.8655472993850708,
                    -0.163147434592247,
                    0.3125947117805481,
                    1.0
                ]
            ],
            "location": [
                0.163147434592247,
                0.3125947117805481,
                -0.8655472993850708
            ],
            "location_world": [
                0.8655472993850708,
                -0.163147434592247,
                0.3125947117805481
            ],
            "name": "google_FRACTION_FUN_n4h4qte23QR_6",
            "projected_cuboid": [
                [
                    296.4188754558563,
                    -37.57503628730774
                ],
                [
                    324.0891396999359,
                    72.23118841648102
                ],
                [
                    347.6729989051819,
                    60.1976215839386
                ],
                [
                    323.8857388496399,
                    -51.49465799331665
                ],
                [
                    353.74152660369873,
                    10.239318013191223
                ],
                [
                    375.9778141975403,
                    127.18136608600616
                ],
                [
                    402.693510055542,
                    113.48876357078552
                ],
                [
                    385.55145263671875,
                    -5.949854850769043
                ],
                [
                    350.2541184425354,
                    38.94892334938049
                ]
            ],
            "provenance": "visii",
            "quaternion_xyzw": [
                0.557030200958252,
                0.42686930298805237,
                -0.701012909412384,
                -0.12681040167808533
            ],
            "quaternion_xyzw_world": [
                0.7790510058403015,
                0.3488312363624573,
                0.2048484832048416,
                -0.4789920747280121
            ],
            "segmentation_id": 7,
            "visibility": 1
        },
        {
            "bounding_box_minx_maxx_miny_maxy": [
                0,
                85,
                1,
                146
            ],
            "class": "FAIRY",
            "local_cuboid": null,
            "local_to_world_matrix": [
                [
                    -0.19097328186035156,
                    -0.21020719408988953,
                    -0.9588233232498169,
                    0.0
                ],
                [
                    0.212580144405365,
                    0.9447628259658813,
                    -0.2494652271270752,
                    0.0
                ],
                [
                    0.958299994468689,
                    -0.2514680027961731,
                    -0.13573849201202393,
                    0.0
                ],
                [
                    0.39245355129241943,
                    0.27269166707992554,
                    0.1915266513824463,
                    1.0
                ]
            ],
            "location": [
                -0.27269166707992554,
                0.1915266513824463,
                -0.39245355129241943
            ],
            "location_world": [
                0.39245355129241943,
                0.27269166707992554,
                0.1915266513824463
            ],
            "name": "google_FAIRY_TALE_BLOCKS_7",
            "projected_cuboid": [
                [
                    179.0001392364502,
                    168.4812754392624
                ],
                [
                    -61.94546818733215,
                    241.3545399904251
                ],
                [
                    -315.34045934677124,
                    190.6372457742691
                ],
                [
                    34.96919572353363,
                    63.613176345825195
                ],
                [
                    132.34689831733704,
                    -63.37377429008484
                ],
                [
                    -87.28086948394775,
                    24.11520481109619
                ],
                [
                    -325.8844017982483,
                    -125.77646970748901
                ],
                [
                    -19.8366641998291,
                    -283.2779884338379
                ],
                [
                    -45.590221881866455,
                    37.58507966995239
                ]
            ],
            "provenance": "visii",
            "quaternion_xyzw": [
                -0.777491569519043,
                0.6120922565460205,
                -0.14226563274860382,
                0.024708174169063568
            ],
            "quaternion_xyzw_world": [
                0.0007872381247580051,
                0.7535706162452698,
                -0.16618655622005463,
                0.6360131502151489
            ],
            "segmentation_id": 8,
            "visibility": 1
        },
        {
            "bounding_box_minx_maxx_miny_maxy": [
                -1,
                -1,
                -1,
                -1
            ],
            "class": "Great",
            "local_cuboid": null,
            "local_to_world_matrix": [
                [
                    -0.9286206960678101,
                    0.09489432722330093,
                    -0.358690083026886,
                    0.0
                ],
                [
                    -0.267299622297287,
                    0.4993630051612854,
                    0.8241283297538757,
                    0.0
                ],
                [
                    0.25732165575027466,
                    0.8611803650856018,
                    -0.4383535385131836,
                    0.0
                ],
                [
                    0.6007501482963562,
                    -0.5369251370429993,
                    -0.3839495778083801,
                    1.0
                ]
            ],
            "location": [
                0.5369251370429993,
                -0.3839495778083801,
                -0.6007501482963562
            ],
            "location_world": [
                0.6007501482963562,
                -0.5369251370429993,
                -0.3839495778083801
            ],
            "name": "google_Great_Jones_Wingtip_kAqSg6EgG0I_8",
            "projected_cuboid": [
                [
                    747.9933500289917,
                    816.8142437934875
                ],
                [
                    650.1630544662476,
                    615.724503993988
                ],
                [
                    789.7466421127319,
                    577.5166749954224
                ],
                [
                    872.7195858955383,
                    793.9608693122864
                ],
                [
                    685.688316822052,
                    702.5842666625977
                ],
                [
                    595.5291986465454,
                    519.0657377243042
                ],
                [
                    708.8853120803833,
                    482.6883375644684
                ],
                [
                    789.2259359359741,
                    678.3154010772705
                ],
                [
                    728.5882234573364,
                    651.0230302810669
                ]
            ],
            "provenance": "visii",
            "quaternion_xyzw": [
                -0.29081737995147705,
                0.7376219034194946,
                -0.057974815368652344,
                -0.606611967086792
            ],
            "quaternion_xyzw_world": [
                -0.050916314125061035,
                0.846513032913208,
                0.4977208375930786,
                0.18192625045776367
            ],
            "segmentation_id": 9,
            "visibility": 0
        },
        {
            "bounding_box_minx_maxx_miny_maxy": [
                230,
                499,
                216,
                404
            ],
            "class": "Ecoforms",
            "local_cuboid": null,
            "local_to_world_matrix": [
                [
                    0.4118919372558594,
                    -0.5889832377433777,
                    0.6953011751174927,
                    0.0
                ],
                [
                    0.6816739439964294,
                    -0.30719542503356934,
                    -0.6640417575836182,
                    0.0
                ],
                [
                    0.6047028303146362,
                    0.747482180595398,
                    0.27496325969696045,
                    0.0
                ],
                [
                    0.47178342938423157,
                    -0.1851068139076233,
                    -0.04511347413063049,
                    1.0
                ]
            ],
            "location": [
                0.1851068139076233,
                -0.04511347413063049,
                -0.47178342938423157
            ],
            "location_world": [
                0.47178342938423157,
                -0.1851068139076233,
                -0.04511347413063049
            ],
            "name": "google_Ecoforms_Plant_Container_Quadra_Sand_QP6_9",
            "projected_cuboid": [
                [
                    344.6676731109619,
                    106.33139312267303
                ],
                [
                    378.58253717422485,
                    246.25961482524872
                ],
                [
                    533.3967208862305,
                    294.1741943359375
                ],
                [
                    536.710262298584,
                    136.2028419971466
                ],
                [
                    216.38628840446472,
                    252.4411678314209
                ],
                [
                    282.4839949607849,
                    379.07636165618896
                ],
                [
                    442.01356172561646,
                    461.75992488861084
                ],
                [
                    413.8253331184387,
                    329.17284965515137
                ],
                [
                    390.9797668457031,
                    275.42567253112793
                ]
            ],
            "provenance": "visii",
            "quaternion_xyzw": [
                -0.8452407717704773,
                -0.2965121567249298,
                0.34291237592697144,
                0.2829481363296509
            ],
            "quaternion_xyzw_world": [
                -0.6008585691452026,
                -0.03856596350669861,
                -0.5408943295478821,
                0.5872945785522461
            ],
            "segmentation_id": 10,
            "visibility": 1
        },
        {
            "bounding_box_minx_maxx_miny_maxy": [
                -1,
                -1,
                -1,
                -1
            ],
            "class": "ReadytoUse",
            "local_cuboid": null,
            "local_to_world_matrix": [
                [
                    -0.38554883003234863,
                    -0.8164889216423035,
                    0.429764986038208,
                    0.0
                ],
                [
                    -0.8918628096580505,
                    0.2103891372680664,
                    -0.40039610862731934,
                    0.0
                ],
                [
                    0.23650109767913818,
                    -0.5376636981964111,
                    -0.8093113899230957,
                    0.0
                ],
                [
                    0.5399958491325378,
                    0.2890671491622925,
                    -0.2952946424484253,
                    1.0
                ]
            ],
            "location": [
                -0.2890671491622925,
                -0.2952946424484253,
                -0.5399958491325378
            ],
            "location_world": [
                0.5399958491325378,
                0.2890671491622925,
                -0.2952946424484253
            ],
            "name": "google_ReadytoUse_Rolled_Fondant_Pure_White_24_oz_box_10",
            "projected_cuboid": [
                [
                    100.03650188446045,
                    663.0987524986267
                ],
                [
                    76.07939839363098,
                    719.1569805145264
                ],
                [
                    -48.57093095779419,
                    590.4618501663208
                ],
                [
                    -12.698739767074585,
                    540.7211780548096
                ],
                [
                    15.399441123008728,
                    682.5792789459229
                ],
                [
                    -13.001471757888794,
                    735.5828881263733
                ],
                [
                    -133.41563940048218,
                    619.2439198493958
                ],
                [
                    -94.06870603561401,
                    571.3350772857666
                ],
                [
                    -12.85591721534729,
                    641.891598701477
                ]
            ],
            "provenance": "visii",
            "quaternion_xyzw": [
                -0.7831644415855408,
                -0.07002866268157959,
                -0.2947057783603668,
                -0.5430450439453125
            ],
            "quaternion_xyzw_world": [
                -0.5507661700248718,
                0.7754433155059814,
                -0.30242693424224854,
                -0.06230754777789116
            ],
            "segmentation_id": 11,
            "visibility": 0
        },
        {
            "bounding_box_minx_maxx_miny_maxy": [
                -1,
                -1,
                -1,
                -1
            ],
            "class": "Dog",
            "local_cuboid": null,
            "local_to_world_matrix": [
                [
                    0.02839893102645874,
                    -0.9886338710784912,
                    -0.14763695001602173,
                    0.0
                ],
                [
                    0.937875509262085,
                    0.07744842767715454,
                    -0.3382178544998169,
                    0.0
                ],
                [
                    0.34580785036087036,
                    -0.12886002659797668,
                    0.9294148683547974,
                    0.0
                ],
                [
                    0.39608585834503174,
                    -0.3328062891960144,
                    -0.33672672510147095,
                    1.0
                ]
            ],
            "location": [
                0.3328062891960144,
                -0.33672672510147095,
                -0.39608585834503174
            ],
            "location_world": [
                0.39608585834503174,
                -0.3328062891960144,
                -0.33672672510147095
            ],
            "name": "google_Dog_11",
            "projected_cuboid": [
                [
                    1013.4687423706055,
                    467.77409315109253
                ],
                [
                    758.1937313079834,
                    467.73648262023926
                ],
                [
                    798.2536554336548,
                    727.9149293899536
                ],
                [
                    1132.1429014205933,
                    873.2068538665771
                ],
                [
                    657.7655673027039,
                    416.4782762527466
                ],
                [
                    512.4140381813049,
                    432.73353576660156
                ],
                [
                    517.7909135818481,
                    691.460371017456
                ],
                [
                    698.9266276359558,
                    819.0903067588806
                ],
                [
                    737.1537685394287,
                    592.4676656723022
                ]
            ],
            "provenance": "visii",
            "quaternion_xyzw": [
                -0.8174135684967041,
                0.06884071230888367,
                -0.030725285410881042,
                0.5710972547531128
            ],
            "quaternion_xyzw_world": [
                -0.0733751505613327,
                0.1729411631822586,
                -0.6751976609230042,
                0.713313102722168
            ],
            "segmentation_id": 12,
            "visibility": 0
        },
        {
            "bounding_box_minx_maxx_miny_maxy": [
                -1,
                -1,
                -1,
                -1
            ],
            "class": "Black",
            "local_cuboid": null,
            "local_to_world_matrix": [
                [
                    0.4564608335494995,
                    -0.8644983172416687,
                    0.21044275164604187,
                    0.0
                ],
                [
                    -0.025137245655059814,
                    0.22389614582061768,
                    0.974288821220398,
                    0.0
                ],
                [
                    -0.8893883228302002,
                    -0.4500146210193634,
                    0.08046865463256836,
                    0.0
                ],
                [
                    0.7455379962921143,
                    -0.3816373944282532,
                    -0.2831164300441742,
                    1.0
                ]
            ],
            "location": [
                0.3816373944282532,
                -0.2831164300441742,
                -0.7455379962921143
            ],
            "location_world": [
                0.7455379962921143,
                -0.3816373944282532,
                -0.2831164300441742
            ],
            "name": "google_Black_Elderberry_Syrup_54_oz_Gaia_Herbs_12",
            "projected_cuboid": [
                [
                    707.9935073852539,
                    531.7643880844116
                ],
                [
                    696.3757276535034,
                    477.16689109802246
                ],
                [
                    568.3482885360718,
                    447.77950644493103
                ],
                [
                    578.2418251037598,
                    493.1545853614807
                ],
                [
                    678.4213781356812,
                    555.9380054473877
                ],
                [
                    666.2279367446899,
                    499.037504196167
                ],
                [
                    538.9548540115356,
                    464.7454023361206
                ],
                [
                    549.2599606513977,
                    511.7000341415405
                ],
                [
                    617.175817489624,
                    495.7577884197235
                ]
            ],
            "provenance": "visii",
            "quaternion_xyzw": [
                -0.01432827115058899,
                0.23473499715328217,
                0.11247357726097107,
                0.9654241800308228
            ],
            "quaternion_xyzw_world": [
                0.536678671836853,
                -0.41441723704338074,
                -0.31627193093299866,
                0.6634805202484131
            ],
            "segmentation_id": 13,
            "visibility": 0
        },
        {
            "bounding_box_minx_maxx_miny_maxy": [
                81,
                87,
                8,
                24
            ],
            "class": "Razer",
