{
    "camera_data": {
        "camera_look_at": {
            "at": [
                1.0,
                0.0,
                0.0
            ],
            "eye": [
                0.0,
                0.0,
                0.0
            ],
            "up": [
                0.0,
                0.0,
                1.0
            ]
        },
        "camera_view_matrix": [
            [
                0.0,
                0.0,
                -1.0,
                0.0
            ],
            [
                -1.0,
                0.0,
                0.0,
                0.0
            ],
            [
                0.0,
                1.0,
                0.0,
                0.0
            ],
            [
                0.0,
                0.0,
                0.0,
                1.0
            ]
        ],
        "height": 500,
        "intrinsics": {
            "cx": 250.0,
            "cy": 250.0,
            "fx": 603.5535278320312,
            "fy": 603.5535278320312
        },
        "location_world": [
            0.0,
            0.0,
            0.0
        ],
        "quaternion_world_xyzw": [
            0.5,
            -0.5,
            -0.5,
            0.5
        ],
        "width": 500
    },
    "objects": [
        {
            "bounding_box_minx_maxx_miny_maxy": [
                418,
                442,
                6,
                41
            ],
            "class": "Reebok",
            "local_cuboid": null,
            "local_to_world_matrix": [
                [
                    0.04019773006439209,
                    0.28086549043655396,
                    -0.9589049816131592,
                    0.0
                ],
                [
                    -0.9665955901145935,
                    0.25405555963516235,
                    0.033893316984176636,
                    0.0
                ],
                [
                    0.2531346380710602,
                    0.9255108833312988,
                    0.28169578313827515,
                    0.0
                ],
                [
                    1.1504466533660889,
                    -0.4382830262184143,
                    0.387698233127594,
                    1.0
                ]
            ],
            "location": [
                0.4382830262184143,
                0.387698233127594,
                -1.1504466533660889
            ],
            "location_world": [
                1.1504466533660889,
                -0.4382830262184143,
                0.387698233127594
            ],
            "name": "google_Reebok_SOMERSET_RUN_0",
            "projected_cuboid": [
                [
                    410.6284976005554,
                    85.24605631828308
                ],
                [
                    411.1703038215637,
                    34.71113741397858
                ],
                [
                    479.98154163360596,
                    47.9731559753418
                ],
                [
                    464.3869996070862,
                    96.75690531730652
                ],
                [
                    425.68594217300415,
                    35.15799343585968
                ],
                [
                    430.34082651138306,
                    -29.27243709564209
                ],
                [
                    500.0218152999878,
                    -17.818421125411987
                ],
                [
                    479.9767732620239,
                    45.56789994239807
                ],
                [
                    449.2487907409668,
                    40.71946442127228
                ]
            ],
            "provenance": "visii",
            "quaternion_xyzw": [
                -0.48434898257255554,
                0.6260777711868286,
                0.49845701456069946,
                -0.353515625
            ],
            "quaternion_xyzw_world": [
                -0.3551219403743744,
                0.48274269700050354,
                0.4968506991863251,
                0.6276840567588806
            ],
            "segmentation_id": 1,
            "visibility": 1
        },
        {
            "bounding_box_minx_maxx_miny_maxy": [
                122,
                196,
                442,
                500
            ],
            "class": "Breyer",
            "local_cuboid": null,
            "local_to_world_matrix": [
                [
                    -0.5801591873168945,
                    -0.3377366065979004,
                    0.7411810159683228,
                    0.0
                ],
                [
                    0.7920370101928711,
                    -0.021679401397705078,
                    0.6100879907608032,
                    0.0
                ],
                [
                    -0.18998068571090698,
                    0.9409909248352051,
                    0.28007733821868896,
                    0.0
                ],
                [
                    0.8719603419303894,
                    0.021901842206716537,
                    -0.35437482595443726,
                    1.0
                ]
            ],
            "location": [
                -0.021901842206716537,
                -0.35437482595443726,
                -0.8719603419303894
            ],
            "location_world": [
                0.8719603419303894,
                0.021901842206716537,
                -0.35437482595443726
            ],
            "name": "google_Breyer_Horse_Of_The_Year_2015_1",
            "projected_cuboid": [
                [
                    148.79976212978363,
                    440.0392472743988
                ],
                [
                    155.5006057024002,
                    402.75895595550537
                ],
                [
                    263.3896768093109,
                    428.5430610179901
                ],
                [
                    263.20773363113403,
                    465.9419655799866
                ],
                [
                    111.1573874950409,
                    527.4702310562134
                ],
                [
                    118.73507499694824,
                    491.261750459671
                ],
                [
                    212.75416016578674,
                    510.80000400543213
                ],
                [
                    210.08449792861938,
                    546.8336343765259
                ],
                [
                    184.65378880500793,
                    479.70908880233765
                ]
            ],
            "provenance": "visii",
            "quaternion_xyzw": [
                0.3666291832923889,
                0.5201852321624756,
                -0.24604681134223938,
                -0.7310617566108704
            ],
            "quaternion_xyzw_world": [
                0.20089973509311676,
                0.565332293510437,
                0.6859146952629089,
                -0.41177627444267273
            ],
            "segmentation_id": 2,
            "visibility": 1
        },
        {
            "bounding_box_minx_maxx_miny_maxy": [
                0,
                129,
                156,
                291
            ],
            "class": "Smith",
            "local_cuboid": null,
            "local_to_world_matrix": [
                [
                    0.8458829522132874,
                    0.017201140522956848,
                    -0.533091127872467,
                    0.0
                ],
                [
                    0.2980823516845703,
                    -0.8440713882446289,
                    0.4457469880580902,
                    0.0
                ],
                [
                    -0.44229960441589355,
                    -0.5359548330307007,
                    -0.7191128730773926,
                    0.0
                ],
                [
                    1.6863852739334106,
                    0.5871414542198181,
                    0.11732304841279984,
                    1.0
                ]
            ],
            "location": [
                -0.5871414542198181,
                0.11732304841279984,
                -1.6863852739334106
            ],
            "location_world": [
                1.6863852739334106,
                0.5871414542198181,
                0.11732304841279984
            ],
            "name": "google_Smith_Hawken_Woven_BasketTray_Organizer_with_3_Compartments_95_x_9_x_13_2",
            "projected_cuboid": [
                [
                    50.16389489173889,
                    332.7263593673706
                ],
                [
                    133.50346684455872,
                    289.711058139801
                ],
                [
                    94.56104040145874,
                    225.04538297653198
                ],
                [
                    15.064507722854614,
                    262.4629735946655
                ],
                [
                    8.568644523620605,
                    266.71871542930603
                ],
                [
                    111.61123216152191,
                    218.1551158428192
                ],
                [
                    66.76338613033295,
                    146.34567499160767
                ],
                [
                    -30.38811683654785,
                    187.3609572649002
                ],
                [
                    58.18411707878113,
                    242.67427623271942
                ]
            ],
            "provenance": "visii",
            "quaternion_xyzw": [
                0.15390923619270325,
                0.5051357746124268,
                -0.5034266710281372,
                0.6838942170143127
            ],
            "quaternion_xyzw_world": [
                0.9231829643249512,
                0.0853794664144516,
                -0.26413798332214355,
                0.26584702730178833
            ],
            "segmentation_id": 3,
            "visibility": 1
        },
        {
            "bounding_box_minx_maxx_miny_maxy": [
                497,
                499,
                497,
                500
            ],
            "class": "Paul",
            "local_cuboid": null,
            "local_to_world_matrix": [
                [
                    -0.29293930530548096,
                    0.5951585173606873,
                    -0.7483137845993042,
                    0.0
                ],
                [
                    -0.9283023476600647,
                    -0.3644886016845703,
                    0.07350879907608032,
                    0.0
                ],
                [
                    -0.22900226712226868,
                    0.7161948680877686,
                    0.6592594981193542,
                    0.0
                ],
                [
                    0.20520038902759552,
                    -0.19969120621681213,
                    -0.2759069800376892,
                    1.0
                ]
            ],
            "location": [
                0.19969120621681213,
                -0.2759069800376892,
                -0.20520038902759552
            ],
            "location_world": [
                0.20520038902759552,
                -0.19969120621681213,
                -0.2759069800376892
            ],
            "name": "google_Paul_Frank_Dot_Lunch_Box_3",
            "projected_cuboid": [
                [
                    10.734409093856812,
                    1084.0725898742676
                ],
                [
                    7.112383842468262,
                    2329.592704772949
                ],
                [
                    979.8187613487244,
                    2173.4189987182617
                ],
                [
                    532.5717329978943,
                    1305.7421445846558
                ],
                [
                    480.76313734054565,
                    322.0641613006592
                ],
                [
                    814.4999146461487,
                    339.38178420066833
                ],
                [
                    1177.7353286743164,
                    791.8580174446106
                ],
                [
                    780.4805636405945,
                    623.344898223877
                ],
                [
                    643.4639692306519,
                    925.6383776664734
                ]
            ],
            "provenance": "visii",
            "quaternion_xyzw": [
                -0.15994587540626526,
                0.5999302864074707,
                0.6615610122680664,
                -0.4205213189125061
            ],
            "quaternion_xyzw_world": [
                -0.3210490047931671,
                0.25941818952560425,
                0.7610334157943726,
                0.5004579424858093
            ],
            "segmentation_id": 4,
            "visibility": 1
        },
        {
            "bounding_box_minx_maxx_miny_maxy": [
                -1,
                -1,
                -1,
                -1
            ],
            "class": "Toys",
            "local_cuboid": null,
            "local_to_world_matrix": [
                [
                    0.7852630615234375,
                    -0.11278188973665237,
                    -0.608803927898407,
                    0.0
                ],
                [
                    0.19251731038093567,
                    0.9790067076683044,
                    0.06695503741502762,
                    0.0
                ],
                [
                    0.5884718298912048,
                    -0.1697826087474823,
                    0.7904902100563049,
                    0.0
                ],
                [
                    0.5495902299880981,
                    0.4667946696281433,
                    -0.3969002962112427,
                    1.0
                ]
            ],
            "location": [
                -0.4667946696281433,
                -0.3969002962112427,
                -0.5495902299880981
            ],
            "location_world": [
                0.5495902299880981,
                0.4667946696281433,
                -0.3969002962112427
            ],
            "name": "google_Toys_R_Us_Treat_Dispenser_Smart_Puzzle_Foobler_4",
            "projected_cuboid": [
                [
                    -63.924640417099,
                    538.5485887527466
                ],
                [
                    -178.03728580474854,
                    517.9047584533691
                ],
                [
                    -265.02925157546997,
                    673.7312078475952
                ],
                [
                    -137.93963193893433,
                    705.2592039108276
                ],
                [
                    -150.17998218536377,
                    499.9263286590576
                ],
                [
                    -283.33353996276855,
                    476.98622941970825
                ],
                [
                    -410.19392013549805,
                    663.068950176239
                ],
                [
                    -259.6014738082886,
                    702.0119428634644
                ],
                [
                    -210.5410397052765,
                    591.2725925445557
                ]
            ],
            "provenance": "visii",
            "quaternion_xyzw": [
                -0.6391984224319458,
                0.6210163235664368,
                0.24072352051734924,
                0.38446879386901855
            ],
            "quaternion_xyzw_world": [
                0.06278157234191895,
                0.3175112009048462,
                -0.08096373081207275,
                0.9427035450935364
            ],
            "segmentation_id": 5,
            "visibility": 0
        },
        {
            "bounding_box_minx_maxx_miny_maxy": [
                -1,
                -1,
                -1,
                -1
            ],
            "class": "Tag",
            "local_cuboid": null,
            "local_to_world_matrix": [
                [
                    0.2493659257888794,
                    -0.9351677298545837,
                    0.25155121088027954,
                    0.0
                ],
                [
                    -0.6270108819007874,
                    -0.3538733720779419,
                    -0.6939964294433594,
                    0.0
                ],
                [
                    0.7380203008651733,
                    0.015333801507949829,
                    -0.6746044158935547,
                    0.0
                ],
                [
                    0.27667754888534546,
                    0.4037051200866699,
                    -0.14538255333900452,
                    1.0
                ]
            ],
            "location": [
                -0.4037051200866699,
                -0.14538255333900452,
                -0.27667754888534546
            ],
            "location_world": [
                0.27667754888534546,
                0.4037051200866699,
                -0.14538255333900452
            ],
            "name": "google_Tag_Dishtowel_Basket_Weave_Red_18_x_26_5",
            "projected_cuboid": [
                [
                    -306.7634701728821,
                    351.2587547302246
                ],
                [
                    -432.7657222747803,
                    799.7521162033081
                ],
                [
                    -509.4284415245056,
                    799.5302677154541
                ],
                [
                    -344.4982171058655,
                    320.027232170105
                ],
                [
                    -645.3245878219604,
                    436.5054965019226
                ],
                [
                    -1034.785270690918,
                    1036.496639251709
                ],
                [
                    -1214.2397165298462,
                    1069.6165561676025
                ],
                [
                    -714.4575119018555,
                    407.9068899154663
                ],
                [
                    -592.549204826355,
                    577.4866342544556
                ]
            ],
            "provenance": "visii",
            "quaternion_xyzw": [
                0.917494535446167,
                0.16496677696704865,
                -0.07212570309638977,
                0.35466569662094116
            ],
            "quaternion_xyzw_world": [
                0.7546263337135315,
                -0.5175338387489319,
                0.32783493399620056,
                -0.23499387502670288
            ],
            "segmentation_id": 6,
            "visibility": 0
        },
        {
            "bounding_box_minx_maxx_miny_maxy": [
                314,
                396,
                15,
                82
            ],
            "class": "FRACTION",
            "local_cuboid": null,
            "local_to_world_matrix": [
                [
                    0.28811269998550415,
                    0.7236915826797485,
                    0.627105712890625,
                    0.0
                ],
                [
                    0.383145809173584,
                    -0.6872899532318115,
                    0.6171156764030457,
                    0.0
                ],
                [
                    0.8776048421859741,
                    0.062474071979522705,
                    -0.4752962589263916,
                    0.0
                ],
                [
                    1.0953904390335083,
                    -0.14855456352233887,
                    0.40827885270118713,
                    1.0
                ]
            ],
            "location": [
                0.14855456352233887,
                0.40827885270118713,
                -1.0953904390335083
            ],
            "location_world": [
                1.0953904390335083,
                -0.14855456352233887,
                0.40827885270118713
            ],
            "name": "google_FRACTION_FUN_n4h4qte23QR_6",
            "projected_cuboid": [
                [
                    259.3967616558075,
                    43.56665909290314
                ],
                [
                    324.46926832199097,
                    -2.8571784496307373
                ],
                [
                    328.37027311325073,
                    -22.114932537078857
                ],
                [
                    261.25240325927734,
                    24.66703951358795
                ],
                [
                    331.197053194046,
                    95.68436443805695
                ],
                [
                    394.59335803985596,
                    43.91449689865112
                ],
                [
                    401.1079668998718,
                    25.402724742889404
                ],
                [
                    335.811972618103,
                    77.79921591281891
                ],
                [
                    329.7300338745117,
                    34.55163538455963
                ]
            ],
            "provenance": "visii",
            "quaternion_xyzw": [
                0.3663323223590851,
                0.8969967365264893,
                -0.23925453424453735,
                0.06288725137710571
            ],
            "quaternion_xyzw_world": [
                0.7827354073524475,
                0.3535158038139343,
                0.48059362173080444,
                0.1771485060453415
            ],
            "segmentation_id": 7,
            "visibility": 1
        },
        {
            "bounding_box_minx_maxx_miny_maxy": [
                0,
                83,
                1,
                101
            ],
            "class": "FAIRY",
            "local_cuboid": null,
            "local_to_world_matrix": [
                [
                    0.09771859645843506,
                    -0.20490768551826477,
                    -0.9738911390304565,
                    0.0
                ],
                [
                    0.07200001925230026,
                    0.977465808391571,
                    -0.1984354555606842,
                    0.0
                ],
                [
                    0.9926061630249023,
                    -0.05072934180498123,
                    0.11026996374130249,
                    0.0
                ],
                [
                    0.42689234018325806,
                    0.2826368510723114,
                    0.21551631391048431,
                    1.0
                ]
            ],
            "location": [
                -0.2826368510723114,
                0.21551631391048431,
                -0.42689234018325806
            ],
            "location_world": [
                0.42689234018325806,
                0.2826368510723114,
                0.21551631391048431
            ],
            "name": "google_FAIRY_TALE_BLOCKS_7",
            "projected_cuboid": [
                [
                    142.20815896987915,
                    115.47020077705383
                ],
                [
                    -88.07656168937683,
                    166.67485237121582
                ],
                [
                    -270.1958417892456,
                    158.64041447639465
                ],
                [
                    70.72870433330536,
                    80.67846298217773
                ],
                [
                    89.1721099615097,
                    -122.012197971344
                ],
                [
                    -148.1756567955017,
                    -61.871737241744995
                ],
                [
                    -372.0414638519287,
                    -189.6212100982666
                ],
                [
                    -15.553265810012817,
                    -288.6354327201843
                ],
                [
                    -60.74199080467224,
                    -4.93505597114563
                ]
            ],
            "provenance": "visii",
            "quaternion_xyzw": [
                -0.7739427089691162,
                0.6303298473358154,
                0.01517852395772934,
                0.05887707322835922
            ],
            "quaternion_xyzw_world": [
                -0.049957141280174255,
                0.6651085019111633,
                -0.09365569055080414,
                0.7391641139984131
            ],
            "segmentation_id": 8,
            "visibility": 1
        },
        {
            "bounding_box_minx_maxx_miny_maxy": [
                -1,
                -1,
                -1,
                -1
            ],
            "class": "Great",
            "local_cuboid": null,
            "local_to_world_matrix": [
                [
                    0.2720946669578552,
                    -0.22215381264686584,
                    -0.9362756609916687,
                    0.0
                ],
                [
                    -0.8778076171875,
                    -0.45592451095581055,
                    -0.14692401885986328,
                    0.0
                ],
                [
                    -0.39423125982284546,
                    0.8618471622467041,
                    -0.3190629482269287,
                    0.0
                ],
                [
                    0.508883535861969,
                    -0.49608075618743896,
                    -0.48190683126449585,
                    1.0
                ]
            ],
            "location": [
                0.49608075618743896,
                -0.48190683126449585,
                -0.508883535861969
            ],
            "location_world": [
                0.508883535861969,
                -0.49608075618743896,
                -0.48190683126449585
            ],
            "name": "google_Great_Jones_Wingtip_kAqSg6EgG0I_8",
            "projected_cuboid": [
                [
                    582.3174715042114,
                    786.0995531082153
                ],
                [
                    1099.0760326385498,
                    1295.914649963379
                ],
                [
                    1153.5587310791016,
                    1118.1902885437012
                ],
                [
                    649.2794752120972,
                    716.5982723236084
                ],
                [
                    574.0282535552979,
                    706.5054178237915
                ],
                [
                    1133.6398124694824,
                    1195.9078311920166
                ],
                [
                    1188.4007453918457,
                    1015.6753063201904
                ],
                [
                    644.7927951812744,
                    639.3272876739502
                ],
                [
                    804.5963048934937,
                    870.2956438064575
                ]
            ],
            "provenance": "visii",
            "quaternion_xyzw": [
                0.49367159605026245,
                -0.2432544231414795,
                -0.5742389559745789,
                0.6061066389083862
            ],
            "quaternion_xyzw_world": [
                0.715381383895874,
                -0.38439685106277466,
                -0.46496421098709106,
                -0.3525291681289673
            ],
            "segmentation_id": 9,
            "visibility": 0
        },
        {
            "bounding_box_minx_maxx_miny_maxy": [
                241,
                499,
                177,
                409
            ],
            "class": "Ecoforms",
            "local_cuboid": null,
            "local_to_world_matrix": [
                [
                    0.4856533408164978,
                    -0.7810144424438477,
                    0.39262861013412476,
                    0.0
                ],
                [
                    0.21477240324020386,
                    -0.3287782669067383,
                    -0.9196616411209106,
                    0.0
                ],
                [
                    0.8473568558692932,
                    0.5309625864028931,
                    0.00806814432144165,
                    0.0
                ],
                [
                    0.48342397809028625,
                    -0.18215897679328918,
                    -0.035728421062231064,
                    1.0
                ]
            ],
            "location": [
                0.18215897679328918,
                -0.035728421062231064,
                -0.48342397809028625
            ],
            "location_world": [
                0.48342397809028625,
                -0.18215897679328918,
                -0.035728421062231064
            ],
            "name": "google_Ecoforms_Plant_Container_Quadra_Sand_QP6_9",
            "projected_cuboid": [
                [
                    375.62716007232666,
                    166.3246750831604
                ],
                [
                    422.68067598342896,
                    323.5878348350525
                ],
                [
                    565.7085180282593,
                    344.18612718582153
                ],
                [
                    516.9291496276855,
                    144.46872472763062
                ],
                [
                    236.01335287094116,
                    233.12026262283325
                ],
                [
                    299.8088002204895,
                    410.05659103393555
                ],
                [
                    433.3868622779846,
                    461.8033170700073
                ],
                [
                    360.8195185661316,
                    229.3052077293396
                ],
                [
                    399.44660663604736,
                    288.1767451763153
                ]
            ],
            "provenance": "visii",
            "quaternion_xyzw": [
                -0.9418111443519592,
                -0.19149458408355713,
                0.26985663175582886,
                0.05915212631225586
            ],
            "quaternion_xyzw_world": [
                -0.6720051169395447,
                0.21065391600131989,
                -0.4613006114959717,
                0.5396626591682434
            ],
            "segmentation_id": 10,
            "visibility": 1
        },
        {
            "bounding_box_minx_maxx_miny_maxy": [
                -1,
                -1,
                -1,
                -1
            ],
            "class": "ReadytoUse",
            "local_cuboid": null,
            "local_to_world_matrix": [
                [
                    -0.09653735160827637,
                    -0.9950701594352722,
                    -0.022717924788594246,
                    0.0
                ],
                [
                    -0.994635283946991,
                    0.09559231996536255,
                    0.03953493759036064,
                    0.0
                ],
                [
                    -0.03716836869716644,
                    0.026412639766931534,
                    -0.9989601373672485,
                    0.0
                ],
                [
                    0.5060362815856934,
                    0.2539003789424896,
                    -0.310740202665329,
                    1.0
                ]
            ],
            "location": [
                -0.2539003789424896,
                -0.310740202665329,
                -0.5060362815856934
            ],
            "location_world": [
                0.5060362815856934,
                0.2539003789424896,
                -0.310740202665329
            ],
            "name": "google_ReadytoUse_Rolled_Fondant_Pure_White_24_oz_box_10",
            "projected_cuboid": [
                [
                    22.147059440612793,
                    810.7245564460754
                ],
                [
                    -7.602125406265259,
                    866.5821552276611
                ],
                [
                    1.4433115720748901,
                    644.7218656539917
                ],
                [
                    29.99456226825714,
                    610.1943254470825
                ],
                [
                    -110.65882444381714,
                    795.1523065567017
                ],
                [
                    -153.1655788421631,
                    848.0654954910278
                ],
                [
                    -142.46630668640137,
                    631.7888498306274
                ],
                [
                    -101.43104195594788,
                    599.1955995559692
                ],
                [
                    -57.63569474220276,
                    724.0001559257507
                ]
            ],
            "provenance": "visii",
            "quaternion_xyzw": [
                -0.6925256252288818,
                0.04270975664258003,
                -0.025314807891845703,
                -0.7196828722953796
            ],
            "quaternion_xyzw_world": [
                -0.6720919609069824,
                0.740116536617279,
                0.022276079282164574,
                -0.004881138447672129
            ],
            "segmentation_id": 11,
            "visibility": 0
        },
        {
            "bounding_box_minx_maxx_miny_maxy": [
                -1,
                -1,
                -1,
                -1
            ],
            "class": "Dog",
            "local_cuboid": null,
            "local_to_world_matrix": [
                [
                    0.08653008937835693,
                    0.9687007665634155,
                    0.23266193270683289,
                    0.0
                ],
                [
                    -0.7931230068206787,
                    0.20830869674682617,
                    -0.5723317861557007,
                    0.0
                ],
                [
                    -0.6028836965560913,
                    -0.13500554859638214,
                    0.786323606967926,
                    0.0
                ],
                [
                    0.2815559506416321,
                    -0.3710192143917084,
                    -0.29608145356178284,
                    1.0
                ]
            ],
            "location": [
                0.3710192143917084,
                -0.29608145356178284,
                -0.2815559506416321
            ],
            "location_world": [
                0.2815559506416321,
                -0.3710192143917084,
                -0.29608145356178284
            ],
            "name": "google_Dog_11",
            "projected_cuboid": [
                [
                    995.1190948486328,
                    395.0321078300476
                ],
                [
                    1884.3369483947754,
                    1275.1054763793945
                ],
                [
                    907.0785641670227,
                    1143.7132358551025
                ],
                [
                    705.512523651123,
                    606.3017845153809
                ],
                [
                    1664.6060943603516,
                    552.8010129928589
                ],
                [
                    4063.0855560302734,
                    1962.6435041427612
                ],
                [
                    1660.8468294143677,
                    1399.5720148086548
                ],
                [
                    1125.0799894332886,
                    721.4362621307373
                ],
                [
                    1292.1955585479736,
                    843.3011770248413
                ]
            ],
            "provenance": "visii",
            "quaternion_xyzw": [
                0.013669580221176147,
                0.4453890025615692,
                0.8865545988082886,
                0.12434956431388855
            ],
            "quaternion_xyzw_world": [
                -0.15157322585582733,
                -0.2895923852920532,
                0.6106318235397339,
                0.7213118076324463
            ],
            "segmentation_id": 12,
            "visibility": 0
        },
        {
            "bounding_box_minx_maxx_miny_maxy": [
                448,
                499,
                422,
                498
            ],
            "class": "Black",
            "local_cuboid": null,
            "local_to_world_matrix": [
                [
                    0.22933954000473022,
                    0.786333441734314,
                    -0.5736575722694397,
                    0.0
                ],
                [
                    -0.27545034885406494,
                    -0.5128424167633057,
                    -0.8130927085876465,
                    0.0
                ],
                [
                    -0.93355792760849,
                    0.3444885015487671,
                    0.0989808440208435,
                    0.0
                ],
                [
                    0.9199298024177551,
                    -0.34674978256225586,
                    -0.2991057336330414,
                    1.0
                ]
            ],
            "location": [
                0.34674978256225586,
                -0.2991057336330414,
                -0.9199298024177551
            ],
            "location_world": [
                0.9199298024177551,
                -0.34674978256225586,
                -0.2991057336330414
            ],
            "name": "google_Black_Elderberry_Syrup_54_oz_Gaia_Herbs_12",
            "projected_cuboid": [
                [
                    445.7346796989441,
                    459.2764377593994
                ],
                [
                    473.16718101501465,
                    500.66864490509033
                ],
                [
                    473.1004536151886,
                    473.13106060028076
                ],
                [
                    449.64540004730225,
                    438.2181167602539
                ],
                [
                    483.4933876991272,
                    437.5990331172943
                ],
                [
                    512.1911764144897,
                    479.23743724823
                ],
                [
                    506.2835216522217,
                    454.5084834098816
                ],
                [
                    481.9088578224182,
                    419.4279909133911
                ],
                [
                    477.893590927124,
                    456.74407482147217
                ]
            ],
            "provenance": "visii",
            "quaternion_xyzw": [
                0.15264441072940826,
                -0.09960271418094635,
                -0.9398117065429688,
                0.2890206575393677
            ],
            "quaternion_xyzw_world": [
                0.6409370303153992,
                0.19927194714546204,
                -0.5878953337669373,
                -0.45151907205581665
            ],
            "segmentation_id": 13,
            "visibility": 1
        },
        {
            "bounding_box_minx_maxx_miny_maxy": [
                -1,
                -1,
                -1,
                -1
            ],
