{
    "camera_data": {
        "camera_look_at": {
            "at": [
                1.0,
                0.0,
                0.0
            ],
            "eye": [
                0.0,
                0.0,
                0.0
            ],
            "up": [
                0.0,
                0.0,
                1.0
            ]
        },
        "camera_view_matrix": [
            [
                0.0,
                0.0,
                -1.0,
                0.0
            ],
            [
                -1.0,
                0.0,
                0.0,
                0.0
            ],
            [
                0.0,
                1.0,
                0.0,
                0.0
            ],
            [
                0.0,
                0.0,
                0.0,
                1.0
            ]
        ],
        "height": 500,
        "intrinsics": {
            "cx": 250.0,
            "cy": 250.0,
            "fx": 603.5535278320312,
            "fy": 603.5535278320312
        },
        "location_world": [
            0.0,
            0.0,
            0.0
        ],
        "quaternion_world_xyzw": [
            0.5,
            -0.5,
            -0.5,
            0.5
        ],
        "width": 500
    },
    "objects": [
        {
            "bounding_box_minx_maxx_miny_maxy": [
                -1,
                -1,
                -1,
                -1
            ],
            "class": "Reebok",
            "local_cuboid": null,
            "local_to_world_matrix": [
                [
                    -0.6888128519058228,
                    -0.16544711589813232,
                    -0.7058074474334717,
                    0.0
                ],
                [
                    0.07396406680345535,
                    0.9524893164634705,
                    -0.29545456171035767,
                    0.0
                ],
                [
                    0.721156120300293,
                    -0.25571727752685547,
                    -0.6438497304916382,
                    0.0
                ],
                [
                    1.202800989151001,
                    -0.44706737995147705,
                    0.2837325632572174,
                    1.0
                ]
            ],
            "location": [
                0.44706737995147705,
                0.2837325632572174,
                -1.202800989151001
            ],
            "location_world": [
                1.202800989151001,
                -0.44706737995147705,
                0.2837325632572174
            ],
            "name": "google_Reebok_SOMERSET_RUN_0",
            "projected_cuboid": [
                [
                    555.246114730835,
                    146.32073044776917
                ],
                [
                    416.3041114807129,
                    189.57410752773285
                ],
                [
                    412.90348768234253,
                    146.86036109924316
                ],
                [
                    561.8705749511719,
                    99.6643602848053
                ],
                [
                    528.6195278167725,
                    115.87651073932648
                ],
                [
                    398.1930613517761,
                    157.1064293384552
                ],
                [
                    393.7927484512329,
                    114.87360298633575
                ],
                [
                    533.0142974853516,
                    70.09619474411011
                ],
                [
                    474.01148080825806,
                    130.49821555614471
                ]
            ],
            "provenance": "visii",
            "quaternion_xyzw": [
                -0.7385895252227783,
                0.5613052845001221,
                -0.31970739364624023,
                -0.19289660453796387
            ],
            "quaternion_xyzw_world": [
                -0.025236718356609344,
                0.9062494039535522,
                -0.15204750001430511,
                0.39364537596702576
            ],
            "segmentation_id": 1,
            "visibility": 0
        },
        {
            "bounding_box_minx_maxx_miny_maxy": [
                -1,
                -1,
                -1,
                -1
            ],
            "class": "Breyer",
            "local_cuboid": null,
            "local_to_world_matrix": [
                [
                    -0.7395198345184326,
                    0.019268885254859924,
                    0.6728588342666626,
                    0.0
                ],
                [
                    -0.23493118584156036,
                    -0.9441229104995728,
                    -0.2311689704656601,
                    0.0
                ],
                [
                    0.6308071613311768,
                    -0.3290295898914337,
                    0.7027245759963989,
                    0.0
                ],
                [
                    0.6123397946357727,
                    0.15942196547985077,
                    -0.5326167345046997,
                    1.0
                ]
            ],
            "location": [
                -0.15942196547985077,
                -0.5326167345046997,
                -0.6123397946357727
            ],
            "location_world": [
                0.6123397946357727,
                0.15942196547985077,
                -0.5326167345046997
            ],
            "name": "google_Breyer_Horse_Of_The_Year_2015_1",
            "projected_cuboid": [
                [
                    122.54020571708679,
                    577.8912305831909
                ],
                [
                    173.26457798480988,
                    598.2375144958496
                ],
                [
                    100.14152526855469,
                    788.8377904891968
                ],
                [
                    42.05259680747986,
                    759.9235773086548
                ],
                [
                    153.19055318832397,
                    625.2536177635193
                ],
                [
                    193.3986097574234,
                    641.9870853424072
                ],
                [
                    141.26011729240417,
                    791.3982272148132
                ],
                [
                    96.52352333068848,
                    769.4759964942932
                ],
                [
                    132.33229517936707,
                    689.5730495452881
                ]
            ],
            "provenance": "visii",
            "quaternion_xyzw": [
                0.6787317395210266,
                0.5955893993377686,
                0.39358311891555786,
                -0.1723042130470276
            ],
            "quaternion_xyzw_world": [
                0.35421693325042725,
                -0.15221060812473297,
                0.9201042652130127,
                0.06906827539205551
            ],
            "segmentation_id": 2,
            "visibility": 0
        },
        {
            "bounding_box_minx_maxx_miny_maxy": [
                -1,
                -1,
                -1,
                -1
            ],
            "class": "Smith",
            "local_cuboid": null,
            "local_to_world_matrix": [
                [
                    -0.8473159074783325,
                    -0.2044944167137146,
                    -0.49014073610305786,
                    0.0
                ],
                [
                    0.0531744584441185,
                    -0.950925350189209,
                    0.3048172891139984,
                    0.0
                ],
                [
                    -0.528420627117157,
                    0.23221354186534882,
                    0.8166079521179199,
                    0.0
                ],
                [
                    1.6375586986541748,
                    0.452236533164978,
                    0.18521209061145782,
                    1.0
                ]
            ],
            "location": [
                -0.452236533164978,
                0.18521209061145782,
                -1.6375586986541748
            ],
            "location_world": [
                1.6375586986541748,
                0.452236533164978,
                0.18521209061145782
            ],
            "name": "google_Smith_Hawken_Woven_BasketTray_Organizer_with_3_Compartments_95_x_9_x_13_2",
            "projected_cuboid": [
                [
                    -22.08349108695984,
                    125.08794665336609
                ],
                [
                    90.17348289489746,
                    91.25615656375885
                ],
                [
                    130.64320385456085,
                    195.1742172241211
                ],
                [
                    29.548168182373047,
                    226.7177253961563
                ],
                [
                    1.4571547508239746,
                    83.33557844161987
                ],
                [
                    92.78889000415802,
                    56.096866726875305
                ],
                [
                    126.16893649101257,
                    145.11892199516296
                ],
                [
                    42.365580797195435,
                    170.87212204933167
                ],
                [
                    62.95838952064514,
                    136.5782618522644
                ]
            ],
            "provenance": "visii",
            "quaternion_xyzw": [
                0.3046540915966034,
                0.3781210780143738,
                0.5047546029090881,
                -0.7137458324432373
            ],
            "quaternion_xyzw_world": [
                -0.26786261796951294,
                0.1412290781736374,
                0.9506378173828125,
                -0.0677621066570282
            ],
            "segmentation_id": 3,
            "visibility": 0
        },
        {
            "bounding_box_minx_maxx_miny_maxy": [
                -1,
                -1,
                -1,
                -1
            ],
            "class": "Paul",
            "local_cuboid": null,
            "local_to_world_matrix": [
                [
                    -0.10664749145507812,
                    0.7436776161193848,
                    -0.6599771976470947,
                    0.0
                ],
                [
                    -0.8029356002807617,
                    0.3270801305770874,
                    0.4983100891113281,
                    0.0
                ],
                [
                    0.5864474773406982,
                    0.5830627679824829,
                    0.5622429847717285,
                    0.0
                ],
                [
                    0.14682884514331818,
                    -0.20714417099952698,
                    -0.29804956912994385,
                    1.0
                ]
            ],
            "location": [
                0.20714417099952698,
                -0.29804956912994385,
                -0.14682884514331818
            ],
            "location_world": [
                0.14682884514331818,
                -0.20714417099952698,
                -0.29804956912994385
            ],
            "name": "google_Paul_Frank_Dot_Lunch_Box_3",
            "projected_cuboid": [
                [
                    233.02821815013885,
                    794.856607913971
                ],
                [
                    131.997749209404,
                    860.3127002716064
                ],
                [
                    866.0780191421509,
                    2670.823335647583
                ],
                [
                    683.8138699531555,
                    1663.419485092163
                ],
                [
                    581.9991827011108,
                    441.4099454879761
                ],
                [
                    611.440896987915,
                    378.8059949874878
                ],
                [
                    1725.3942489624023,
                    1198.4169483184814
                ],
                [
                    1203.3905982971191,
                    954.7884464263916
                ],
                [
                    641.0973072052002,
                    905.205249786377
                ]
            ],
            "provenance": "visii",
            "quaternion_xyzw": [
                -0.29345351457595825,
                0.8408976793289185,
                0.4058694541454315,
                -0.20505182445049286
            ],
            "quaternion_xyzw_world": [
                -0.03173856809735298,
                0.46676674485206604,
                0.5791826844215393,
                0.6675843596458435
            ],
            "segmentation_id": 4,
            "visibility": 0
        },
        {
            "bounding_box_minx_maxx_miny_maxy": [
                0,
                45,
                176,
                241
            ],
            "class": "Toys",
            "local_cuboid": null,
            "local_to_world_matrix": [
                [
                    0.19220638275146484,
                    0.7744935750961304,
                    0.6026747226715088,
                    0.0
                ],
                [
                    -0.3591987192630768,
                    -0.5159862041473389,
                    0.777647078037262,
                    0.0
                ],
                [
                    0.9132542610168457,
                    -0.36594873666763306,
                    0.1790209412574768,
                    0.0
                ],
                [
                    0.9718788862228394,
                    0.416496217250824,
                    0.07764816284179688,
                    1.0
                ]
            ],
            "location": [
                -0.416496217250824,
                0.07764816284179688,
                -0.9718788862228394
            ],
            "location_world": [
                0.9718788862228394,
                0.416496217250824,
                0.07764816284179688
            ],
            "name": "google_Toys_R_Us_Treat_Dispenser_Smart_Puzzle_Foobler_4",
            "projected_cuboid": [
                [
                    9.54146683216095,
                    201.9636034965515
                ],
                [
                    41.05193912982941,
                    133.83197784423828
                ],
                [
                    -24.822473526000977,
                    134.14525985717773
                ],
                [
                    -57.0964515209198,
                    211.67317032814026
                ],
                [
                    67.48653948307037,
                    250.730961561203
                ],
                [
                    102.86851227283478,
                    183.22566151618958
                ],
                [
                    44.208332896232605,
                    190.99776446819305
                ],
                [
                    7.083699107170105,
                    267.6752209663391
                ],
                [
                    25.001972913742065,
                    197.07314670085907
                ]
            ],
            "provenance": "visii",
            "quaternion_xyzw": [
                0.3004637360572815,
                0.9307785630226135,
                0.14456170797348022,
                0.14991623163223267
            ],
            "quaternion_xyzw_world": [
                0.6182984113693237,
                0.16791844367980957,
                0.6129438877105713,
                0.46239641308784485
            ],
            "segmentation_id": 5,
            "visibility": 1
        },
        {
            "bounding_box_minx_maxx_miny_maxy": [
                -1,
                -1,
                -1,
                -1
            ],
            "class": "Tag",
            "local_cuboid": null,
            "local_to_world_matrix": [
                [
                    0.49532026052474976,
                    0.3613491654396057,
                    -0.789990246295929,
                    0.0
                ],
                [
                    -0.549612283706665,
                    -0.5738884210586548,
                    -0.6071064472198486,
                    0.0
                ],
                [
                    -0.6727437376976013,
                    0.7349004745483398,
                    -0.08565652370452881,
                    0.0
                ],
                [
                    0.21743831038475037,
                    0.43863585591316223,
                    -0.24597033858299255,
                    1.0
                ]
            ],
            "location": [
                -0.43863585591316223,
                -0.24597033858299255,
                -0.21743831038475037
            ],
            "location_world": [
                0.21743831038475037,
                0.43863585591316223,
                -0.24597033858299255
            ],
            "name": "google_Tag_Dishtowel_Basket_Weave_Red_18_x_26_5",
            "projected_cuboid": [
                [
                    -879.571795463562,
                    743.2506680488586
                ],
                [
                    -1251.0347366333008,
                    1606.1053276062012
                ],
                [
                    -992.0722246170044,
                    1434.336543083191
                ],
                [
                    -749.9812245368958,
                    701.9516229629517
                ],
                [
                    -1149.3663787841797,
                    559.5310926437378
                ],
                [
                    -2272.50599861145,
                    1985.03577709198
                ],
                [
                    -1601.288914680481,
                    1602.812647819519
                ],
                [
                    -947.5778341293335,
                    521.6590166091919
                ],
                [
                    -1074.5737552642822,
                    975.4970669746399
                ]
            ],
            "provenance": "visii",
            "quaternion_xyzw": [
                0.3784882724285126,
                -0.14274005591869354,
                -0.8125883936882019,
                0.4196093678474426
            ],
            "quaternion_xyzw_world": [
                0.73397296667099,
                -0.06412466615438461,
                -0.49822476506233215,
                -0.4571036696434021
            ],
            "segmentation_id": 6,
            "visibility": 0
        },
        {
            "bounding_box_minx_maxx_miny_maxy": [
                -1,
                -1,
                -1,
                -1
            ],
            "class": "FRACTION",
            "local_cuboid": null,
            "local_to_world_matrix": [
                [
                    0.7267576456069946,
                    0.44283196330070496,
                    -0.5250936150550842,
                    0.0
                ],
                [
                    -0.6585549116134644,
                    0.231889009475708,
                    -0.7159143090248108,
                    0.0
                ],
                [
                    -0.19526612758636475,
                    0.8660991787910461,
                    0.4601561427116394,
                    0.0
                ],
                [
                    0.3837622106075287,
                    -0.17488744854927063,
                    0.2156630903482437,
                    1.0
                ]
            ],
            "location": [
                0.17488744854927063,
                0.2156630903482437,
                -0.3837622106075287
            ],
            "location_world": [
                0.3837622106075287,
                -0.17488744854927063,
                0.2156630903482437
            ],
            "name": "google_FRACTION_FUN_n4h4qte23QR_6",
            "projected_cuboid": [
                [
                    394.691526889801,
                    -60.16671657562256
                ],
                [
                    372.25276231765747,
                    54.277077317237854
                ],
                [
                    428.9773404598236,
                    90.20254015922546
                ],
                [
                    437.175989151001,
                    -31.101614236831665
                ],
                [
                    569.2416429519653,
                    -314.3501281738281
                ],
                [
                    622.5796937942505,
                    -268.482506275177
                ],
                [
                    699.018120765686,
                    -204.1071057319641
                ],
                [
                    621.9698190689087,
                    -269.9219584465027
                ],
                [
                    498.06463718414307,
                    -109.060138463974
                ]
            ],
            "provenance": "visii",
            "quaternion_xyzw": [
                -0.5190897583961487,
                0.36457228660583496,
                0.7671395540237427,
                -0.09555117785930634
            ],
            "quaternion_xyzw_world": [
                -0.508604109287262,
                0.10603678226470947,
                0.35408666729927063,
                0.7776252031326294
            ],
            "segmentation_id": 7,
            "visibility": 0
        },
        {
            "bounding_box_minx_maxx_miny_maxy": [
                0,
                245,
                1,
                361
            ],
            "class": "FAIRY",
            "local_cuboid": null,
            "local_to_world_matrix": [
                [
                    -0.6133472919464111,
                    -0.437380850315094,
                    -0.6576502919197083,
                    0.0
                ],
                [
                    0.1980615258216858,
                    0.7208826541900635,
                    -0.6641535758972168,
                    0.0
                ],
                [
                    0.7645767331123352,
                    -0.537611722946167,
                    -0.35552334785461426,
                    0.0
                ],
                [
                    0.298212468624115,
                    0.1463077962398529,
                    0.12951688468456268,
                    1.0
                ]
            ],
            "location": [
                -0.1463077962398529,
                0.12951688468456268,
                -0.298212468624115
            ],
            "location_world": [
                0.298212468624115,
                0.1463077962398529,
                0.12951688468456268
            ],
            "name": "google_FAIRY_TALE_BLOCKS_7",
            "projected_cuboid": [
                [
                    453.8238048553467,
                    157.2064459323883
                ],
                [
                    152.8066247701645,
                    422.6240813732147
                ],
                [
                    -205.8701515197754,
                    348.3390212059021
                ],
                [
                    261.4336609840393,
                    -168.533056974411
                ],
                [
                    267.84011721611023,
                    -5.357146263122559
                ],
                [
                    64.08543884754181,
                    204.34533059597015
                ],
                [
                    -196.19488716125488,
                    65.18451869487762
                ],
                [
                    68.26326251029968,
                    -268.48530769348145
                ],
                [
                    114.4610047340393,
                    109.16353762149811
                ]
            ],
            "provenance": "visii",
            "quaternion_xyzw": [
                -0.8464796543121338,
                0.4071371555328369,
                -0.339925080537796,
                -0.04650479555130005
            ],
            "quaternion_xyzw_world": [
                -0.07296112924814224,
                0.8200233578681946,
                -0.36638143658638,
                0.4335934519767761
            ],
            "segmentation_id": 8,
            "visibility": 1
        },
        {
            "bounding_box_minx_maxx_miny_maxy": [
                -1,
                -1,
                -1,
                -1
            ],
            "class": "Great",
            "local_cuboid": null,
            "local_to_world_matrix": [
                [
                    0.6932170391082764,
                    0.5925343632698059,
                    0.41030874848365784,
                    0.0
                ],
                [
                    0.6417298913002014,
                    -0.7665908336639404,
                    0.022844061255455017,
                    0.0
                ],
                [
                    0.32807472348213196,
                    0.24747143685817719,
                    -0.91166090965271,
                    0.0
                ],
                [
                    0.5622232556343079,
                    -0.5086832642555237,
                    -0.3413461744785309,
                    1.0
                ]
            ],
            "location": [
                0.5086832642555237,
                -0.3413461744785309,
                -0.5622232556343079
            ],
            "location_world": [
                0.5622232556343079,
                -0.5086832642555237,
                -0.3413461744785309
            ],
            "name": "google_Great_Jones_Wingtip_kAqSg6EgG0I_8",
            "projected_cuboid": [
                [
                    617.9791688919067,
                    727.7292609214783
                ],
                [
                    713.7364745140076,
                    592.3117399215698
                ],
                [
                    762.667715549469,
                    521.239161491394
                ],
                [
                    679.3442368507385,
                    638.3230090141296
                ],
                [
                    765.8931612968445,
                    867.4588799476624
                ],
                [
                    828.0172348022461,
                    673.919141292572
                ],
                [
                    889.8352980613708,
                    598.9416837692261
                ],
                [
                    851.4657616615295,
                    774.0845680236816
                ],
                [
                    763.9472484588623,
                    658.5791110992432
                ]
            ],
            "provenance": "visii",
            "quaternion_xyzw": [
                0.4221067726612091,
                0.697039008140564,
                -0.5571390390396118,
                0.1598711907863617
            ],
            "quaternion_xyzw_world": [
                0.9180780053138733,
                0.3361000418663025,
                0.2010677456855774,
                -0.06116783618927002
            ],
            "segmentation_id": 9,
            "visibility": 0
        },
        {
            "bounding_box_minx_maxx_miny_maxy": [
                -1,
                -1,
                -1,
                -1
            ],
            "class": "Ecoforms",
            "local_cuboid": null,
            "local_to_world_matrix": [
                [
                    -0.9678449630737305,
                    0.1979280710220337,
                    0.15524613857269287,
                    0.0
                ],
                [
                    0.14848732948303223,
                    -0.04863739013671875,
                    0.9877176284790039,
                    0.0
                ],
                [
                    0.2030477523803711,
                    0.9790092706680298,
                    0.017683327198028564,
                    0.0
                ],
                [
                    0.4618326723575592,
                    -0.20007285475730896,
                    -0.08046295493841171,
                    1.0
                ]
            ],
            "location": [
                0.20007285475730896,
                -0.08046295493841171,
                -0.4618326723575592
            ],
            "location_world": [
                0.4618326723575592,
                -0.20007285475730896,
                -0.08046295493841171
            ],
            "name": "google_Ecoforms_Plant_Container_Quadra_Sand_QP6_9",
            "projected_cuboid": [
                [
                    268.06145906448364,
                    492.4314022064209
                ],
                [
                    280.19028902053833,
                    204.9892395734787
                ],
                [
                    542.2586798667908,
                    205.6623250246048
                ],
                [
                    549.7645139694214,
                    520.8114385604858
                ],
                [
                    301.8728494644165,
                    445.70374488830566
                ],
                [
                    308.7073564529419,
                    248.3658492565155
                ],
                [
                    487.512081861496,
                    251.43319368362427
                ],
                [
                    489.594042301178,
                    461.43823862075806
                ],
                [
                    398.20146560668945,
                    349.51314330101013
                ]
            ],
            "provenance": "visii",
            "quaternion_xyzw": [
                0.06595861911773682,
                0.7727699279785156,
                -0.04231657087802887,
                -0.6298297643661499
            ],
            "quaternion_xyzw_world": [
                0.1256076991558075,
                0.6894788146018982,
                0.7131208777427673,
                0.017332522198557854
            ],
            "segmentation_id": 10,
            "visibility": 0
        },
        {
            "bounding_box_minx_maxx_miny_maxy": [
                0,
                35,
                472,
                500
            ],
            "class": "ReadytoUse",
            "local_cuboid": null,
            "local_to_world_matrix": [
                [
                    -0.04441261291503906,
                    -0.7525880336761475,
                    0.6569922566413879,
                    0.0
                ],
                [
                    0.03583240509033203,
                    -0.6584179401397705,
                    -0.7517989873886108,
                    0.0
                ],
                [
                    0.9983704686164856,
                    -0.009847790002822876,
                    0.05620914697647095,
                    0.0
                ],
                [
                    0.5143623948097229,
                    0.2833952307701111,
                    -0.31350767612457275,
                    1.0
                ]
            ],
            "location": [
                -0.2833952307701111,
                -0.31350767612457275,
                -0.5143623948097229
            ],
            "location_world": [
                0.5143623948097229,
                0.2833952307701111,
                -0.31350767612457275
            ],
            "name": "google_ReadytoUse_Rolled_Fondant_Pure_White_24_oz_box_10",
            "projected_cuboid": [
                [
                    25.794416666030884,
                    468.3670997619629
                ],
                [
                    55.042386054992676,
                    500.5369782447815
                ],
                [
                    -10.96084713935852,
                    594.006597995758
                ],
                [
                    -50.07791519165039,
                    551.5539646148682
                ],
                [
                    -53.17088961601257,
                    537.1233224868774
                ],
                [
                    -23.95075559616089,
                    568.863570690155
                ],
                [
                    -114.94538187980652,
                    683.5705041885376
                ],
                [
                    -154.00752425193787,
                    641.8677568435669
                ],
                [
                    -35.09867191314697,
                    561.4779591560364
                ]
            ],
            "provenance": "visii",
            "quaternion_xyzw": [
                0.9357827305793762,
                0.3514197766780853,
                0.014495998620986938,
                -0.024589449167251587
            ],
            "quaternion_xyzw_world": [
                0.6240585446357727,
                -0.2871347665786743,
                0.6631439924240112,
                -0.29722821712493896
            ],
            "segmentation_id": 11,
            "visibility": 1
        },
        {
            "bounding_box_minx_maxx_miny_maxy": [
                -1,
                -1,
                -1,
                -1
            ],
            "class": "Dog",
            "local_cuboid": null,
            "local_to_world_matrix": [
                [
                    0.7319570779800415,
                    0.14965225756168365,
                    0.6647127270698547,
                    0.0
                ],
                [
                    0.5647983551025391,
                    0.4124135971069336,
                    -0.7147852182388306,
                    0.0
                ],
                [
                    -0.38110584020614624,
                    0.8986207246780396,
                    0.2173457145690918,
                    0.0
                ],
                [
                    0.3907044231891632,
                    0.26931819319725037,
                    -0.4396916627883911,
                    1.0
                ]
            ],
            "location": [
                -0.26931819319725037,
                -0.4396916627883911,
                -0.3907044231891632
            ],
            "location_world": [
                0.3907044231891632,
                0.26931819319725037,
                -0.4396916627883911
            ],
            "name": "google_Dog_11",
            "projected_cuboid": [
                [
                    -489.75902795791626,
                    684.7847700119019
                ],
                [
                    -420.5594062805176,
                    760.9266638755798
                ],
                [
                    -120.7120418548584,
                    737.0501756668091
                ],
                [
                    -103.40175032615662,
                    668.6050891876221
                ],
                [
                    -1073.2401609420776,
                    1615.2451038360596
                ],
                [
                    -747.1340894699097,
                    1393.014669418335
                ],
                [
                    -237.22276091575623,
                    1224.7192859649658
                ],
                [
                    -256.37370347976685,
                    1311.553955078125
                ],
                [
                    -361.48732900619507,
                    959.0358734130859
                ]
            ],
            "provenance": "visii",
            "quaternion_xyzw": [
                -0.544064998626709,
                -0.1159324049949646,
                0.7492568492889404,
                0.3593982458114624
            ],
            "quaternion_xyzw_world": [
                -0.5249280333518982,
                -0.34026122093200684,
                -0.13506942987442017,
                0.768393874168396
            ],
            "segmentation_id": 12,
            "visibility": 0
        },
        {
            "bounding_box_minx_maxx_miny_maxy": [
                -1,
                -1,
                -1,
                -1
            ],
            "class": "Black",
            "local_cuboid": null,
            "local_to_world_matrix": [
                [
                    0.9804125428199768,
                    0.01402210257947445,
                    0.196455180644989,
                    0.0
                ],
                [
                    -0.054257020354270935,
                    -0.9396392107009888,
                    0.337837815284729,
                    0.0
                ],
                [
                    0.1893341839313507,
                    -0.3418794870376587,
                    -0.9204732179641724,
                    0.0
                ],
                [
                    0.3215022385120392,
                    -0.2665010392665863,
                    -0.3929436206817627,
                    1.0
                ]
            ],
            "location": [
                0.2665010392665863,
                -0.3929436206817627,
                -0.3215022385120392
            ],
            "location_world": [
                0.3215022385120392,
                -0.2665010392665863,
                -0.3929436206817627
            ],
            "name": "google_Black_Elderberry_Syrup_54_oz_Gaia_Herbs_12",
            "projected_cuboid": [
                [
                    709.0938091278076,
                    1096.4374542236328
                ],
                [
                    802.2914528846741,
                    1071.5686082839966
                ],
                [
                    759.8401308059692,
                    904.7234058380127
                ],
                [
                    659.737229347229,
                    933.0618977546692
                ],
                [
                    790.3169393539429,
                    1264.4280195236206
                ],
                [
                    900.6769061088562,
                    1236.8836402893066
                ],
                [
                    859.339714050293,
                    1053.5801649093628
                ],
                [
                    739.153802394867,
                    1085.6807231903076
                ],
                [
                    774.5028734207153,
                    1077.7798891067505
                ]
            ],
            "provenance": "visii",
            "quaternion_xyzw": [
                0.45756810903549194,
                0.6207242012023926,
                -0.3488732576370239,
                0.5325602293014526
            ],
            "quaternion_xyzw_world": [
                0.9798628687858582,
                -0.01026544626802206,
                0.09842942655086517,
                0.17342153191566467
            ],
            "segmentation_id": 13,
            "visibility": 0
        },
        {
            "bounding_box_minx_maxx_miny_maxy": [
                -1,
                -1,
                -1,
                -1
            ],
            "class": "Razer",
            "local_cuboid": null,
