{
    "camera_data": {
        "camera_look_at": {
            "at": [
                1.0,
                0.0,
                0.0
            ],
            "eye": [
                0.0,
                0.0,
                0.0
            ],
            "up": [
                0.0,
                0.0,
                1.0
            ]
        },
        "camera_view_matrix": [
            [
                0.0,
                0.0,
                -1.0,
                0.0
            ],
            [
                -1.0,
                0.0,
                0.0,
                0.0
            ],
            [
                0.0,
                1.0,
                0.0,
                0.0
            ],
            [
                0.0,
                0.0,
                0.0,
                1.0
            ]
        ],
        "height": 500,
        "intrinsics": {
            "cx": 250.0,
            "cy": 250.0,
            "fx": 603.5535278320312,
            "fy": 603.5535278320312
        },
        "location_world": [
            0.0,
            0.0,
            0.0
        ],
        "quaternion_world_xyzw": [
            0.5,
            -0.5,
            -0.5,
            0.5
        ],
        "width": 500
    },
    "objects": [
        {
            "bounding_box_minx_maxx_miny_maxy": [
                -1,
                -1,
                -1,
                -1
            ],
            "class": "Reebok",
            "local_cuboid": null,
            "local_to_world_matrix": [
                [
                    -0.9232497215270996,
                    -0.304407000541687,
                    0.23440809547901154,
                    0.0
                ],
                [
                    -0.382932186126709,
                    0.679530143737793,
                    -0.6257809996604919,
                    0.0
                ],
                [
                    0.031204715371131897,
                    -0.6675142645835876,
                    -0.743943452835083,
                    0.0
                ],
                [
                    1.213255524635315,
                    -0.42479652166366577,
                    0.2995467782020569,
                    1.0
                ]
            ],
            "location": [
                0.42479652166366577,
                0.2995467782020569,
                -1.213255524635315
            ],
            "location_world": [
                1.213255524635315,
                -0.42479652166366577,
                0.2995467782020569
            ],
            "name": "google_Reebok_SOMERSET_RUN_0",
            "projected_cuboid": [
                [
                    555.9637546539307,
                    92.75157749652863
                ],
                [
                    478.6360263824463,
                    176.54791474342346
                ],
                [
                    437.0611310005188,
                    129.13668155670166
                ],
                [
                    518.4467434883118,
                    49.456000328063965
                ],
                [
                    516.2527561187744,
                    117.16876924037933
                ],
                [
                    441.8991208076477,
                    196.02231681346893
                ],
                [
                    403.7964344024658,
                    152.75457501411438
                ],
                [
                    481.58538341522217,
                    77.35428214073181
                ],
                [
                    480.23974895477295,
                    122.61126935482025
                ]
            ],
            "provenance": "visii",
            "quaternion_xyzw": [
                -0.7002487182617188,
                0.15891578793525696,
                -0.56792813539505,
                -0.40231257677078247
            ],
            "quaternion_xyzw_world": [
                -0.18785865604877472,
                0.9147025942802429,
                -0.3534742593765259,
                -0.055538102984428406
            ],
            "segmentation_id": 1,
            "visibility": 0
        },
        {
            "bounding_box_minx_maxx_miny_maxy": [
                -1,
                -1,
                -1,
                -1
            ],
            "class": "Breyer",
            "local_cuboid": null,
            "local_to_world_matrix": [
                [
                    0.4293897747993469,
                    -0.27142661809921265,
                    -0.861366331577301,
                    0.0
                ],
                [
                    -0.5149112343788147,
                    0.7099831104278564,
                    -0.4804064631462097,
                    0.0
                ],
                [
                    0.7419506907463074,
                    0.6498088240623474,
                    0.1650989055633545,
                    0.0
                ],
                [
                    0.6529070138931274,
                    0.08445451408624649,
                    -0.5491365790367126,
                    1.0
                ]
            ],
            "location": [
                -0.08445451408624649,
                -0.5491365790367126,
                -0.6529070138931274
            ],
            "location_world": [
                0.6529070138931274,
                0.08445451408624649,
                -0.5491365790367126
            ],
            "name": "google_Breyer_Horse_Of_The_Year_2015_1",
            "projected_cuboid": [
                [
                    150.7754772901535,
                    697.2923278808594
                ],
                [
                    116.133913397789,
                    734.8709106445312
                ],
                [
                    181.61991238594055,
                    837.5914692878723
                ],
                [
                    219.04805302619934,
                    789.7686958312988
                ],
                [
                    85.34163236618042,
                    593.3794975280762
                ],
                [
                    43.00595819950104,
                    631.8769454956055
                ],
                [
                    105.39917647838593,
                    732.0188283920288
                ],
                [
                    152.54074335098267,
                    681.5800666809082
                ],
                [
                    131.9793462753296,
                    711.6769552230835
                ]
            ],
            "provenance": "visii",
            "quaternion_xyzw": [
                -0.7895858883857727,
                0.4975232183933258,
                0.341697633266449,
                -0.11075817793607712
            ],
            "quaternion_xyzw_world": [
                -0.3722592294216156,
                0.5280848741531372,
                0.0801965743303299,
                0.7590243220329285
            ],
            "segmentation_id": 2,
            "visibility": 0
        },
        {
            "bounding_box_minx_maxx_miny_maxy": [
                -1,
                -1,
                -1,
                -1
            ],
            "class": "Smith",
            "local_cuboid": null,
            "local_to_world_matrix": [
                [
                    -0.9103145599365234,
                    0.36285701394081116,
                    0.19915589690208435,
                    0.0
                ],
                [
                    -0.16812393069267273,
                    -0.7638068199157715,
                    0.623164713382721,
                    0.0
                ],
                [
                    0.37823620438575745,
                    0.5337927937507629,
                    0.7563086152076721,
                    0.0
                ],
                [
                    1.6431968212127686,
                    0.46448034048080444,
                    0.16313208639621735,
                    1.0
                ]
            ],
            "location": [
                -0.46448034048080444,
                0.16313208639621735,
                -1.6431968212127686
            ],
            "location_world": [
                1.6431968212127686,
                0.46448034048080444,
                0.16313208639621735
            ],
            "name": "google_Smith_Hawken_Woven_BasketTray_Organizer_with_3_Compartments_95_x_9_x_13_2",
            "projected_cuboid": [
                [
                    -41.21765494346619,
                    129.18227910995483
                ],
                [
                    26.80814266204834,
                    63.73399496078491
                ],
                [
                    70.63612341880798,
                    134.89392399787903
                ],
                [
                    -3.2597780227661133,
                    202.72207260131836
                ],
                [
                    49.21330511569977,
                    172.18077182769775
                ],
                [
                    107.47967660427094,
                    119.1028356552124
                ],
                [
                    147.84084260463715,
                    180.33120036125183
                ],
                [
                    85.38222312927246,
                    234.90947484970093
                ],
                [
                    58.428749442100525,
                    156.14119172096252
                ]
            ],
            "provenance": "visii",
            "quaternion_xyzw": [
                0.3131352365016937,
                0.7688071727752686,
                0.3006061911582947,
                -0.469593346118927
            ],
            "quaternion_xyzw_world": [
                0.1558714509010315,
                0.31232959032058716,
                0.9260709881782532,
                0.14334240555763245
            ],
            "segmentation_id": 3,
            "visibility": 0
        },
        {
            "bounding_box_minx_maxx_miny_maxy": [
                -1,
                -1,
                -1,
                -1
            ],
            "class": "Paul",
            "local_cuboid": null,
            "local_to_world_matrix": [
                [
                    0.08141028881072998,
                    0.694473385810852,
                    -0.7148979306221008,
                    0.0
                ],
                [
                    -0.9022705554962158,
                    0.35607028007507324,
                    0.24314966797828674,
                    0.0
                ],
                [
                    0.4234148859977722,
                    0.6252365112304688,
                    0.6555906534194946,
                    0.0
                ],
                [
                    0.14593178033828735,
                    -0.2031881958246231,
                    -0.29591184854507446,
                    1.0
                ]
            ],
            "location": [
                0.2031881958246231,
                -0.29591184854507446,
                -0.14593178033828735
            ],
            "location_world": [
                0.14593178033828735,
                -0.2031881958246231,
                -0.29591184854507446
            ],
            "name": "google_Paul_Frank_Dot_Lunch_Box_3",
            "projected_cuboid": [
                [
                    221.27790749073029,
                    749.8781681060791
                ],
                [
                    95.24266421794891,
                    909.1196656227112
                ],
                [
                    765.4067873954773,
                    2359.2464923858643
                ],
                [
                    633.9460611343384,
                    1436.1549615859985
                ],
                [
                    610.4345321655273,
                    385.0240111351013
                ],
                [
                    674.8615503311157,
                    370.4650402069092
                ],
                [
                    2169.2845821380615,
                    1568.3785676956177
                ],
                [
                    1279.1295051574707,
                    956.4111232757568
                ],
                [
                    653.3248424530029,
                    931.4128160476685
                ]
            ],
            "provenance": "visii",
            "quaternion_xyzw": [
                -0.3484938442707062,
                0.768283486366272,
                0.5069291591644287,
                -0.17696145176887512
            ],
            "quaternion_xyzw_world": [
                -0.1320504993200302,
                0.3934047818183899,
                0.5518401265144348,
                0.7233725190162659
            ],
            "segmentation_id": 4,
            "visibility": 0
        },
        {
            "bounding_box_minx_maxx_miny_maxy": [
                -1,
                -1,
                -1,
                -1
            ],
            "class": "Toys",
            "local_cuboid": null,
            "local_to_world_matrix": [
                [
                    -0.9562737941741943,
                    -0.12876515090465546,
                    0.26260241866111755,
                    0.0
                ],
                [
                    -0.08393438160419464,
                    0.980923593044281,
                    0.17533934116363525,
                    0.0
                ],
                [
                    -0.2801705300807953,
                    0.14563104510307312,
                    -0.9488394260406494,
                    0.0
                ],
                [
                    0.9084003567695618,
                    0.41378656029701233,
                    -0.03284573554992676,
                    1.0
                ]
            ],
            "location": [
                -0.41378656029701233,
                -0.03284573554992676,
                -0.9084003567695618
            ],
            "location_world": [
                0.9084003567695618,
                0.41378656029701233,
                -0.03284573554992676
            ],
            "name": "google_Toys_R_Us_Treat_Dispenser_Smart_Puzzle_Foobler_4",
            "projected_cuboid": [
                [
                    -15.266478061676025,
                    379.794716835022
                ],
                [
                    -135.70401072502136,
                    361.18268966674805
                ],
                [
                    -99.38576817512512,
                    249.27210807800293
                ],
                [
                    14.336124062538147,
                    268.65166425704956
                ],
                [
                    13.514608144760132,
                    385.417640209198
                ],
                [
                    -87.4243676662445,
                    369.8351979255676
                ],
                [
                    -58.73897671699524,
                    274.5092809200287
                ],
                [
                    37.43670880794525,
                    290.65951704978943
                ],
                [
                    -39.184242486953735,
                    321.86853885650635
                ]
            ],
            "provenance": "visii",
            "quaternion_xyzw": [
                -0.4102606773376465,
                0.43772244453430176,
                -0.4939802587032318,
                -0.6293399333953857
            ],
            "quaternion_xyzw_world": [
                -0.053948961198329926,
                0.9856516718864441,
                0.08141070604324341,
                -0.13766855001449585
            ],
            "segmentation_id": 5,
            "visibility": 0
        },
        {
            "bounding_box_minx_maxx_miny_maxy": [
                -1,
                -1,
                -1,
                -1
            ],
            "class": "Tag",
            "local_cuboid": null,
            "local_to_world_matrix": [
                [
                    0.7732794284820557,
                    -0.021461695432662964,
                    -0.6337020397186279,
                    0.0
                ],
                [
                    -0.5413906574249268,
                    -0.5425848960876465,
                    -0.6422598958015442,
                    0.0
                ],
                [
                    -0.3300531804561615,
                    0.8397267460823059,
                    -0.43118882179260254,
                    0.0
                ],
                [
                    0.23263849318027496,
                    0.4436980187892914,
                    -0.22346703708171844,
                    1.0
                ]
            ],
            "location": [
                -0.4436980187892914,
                -0.22346703708171844,
                -0.23263849318027496
            ],
            "location_world": [
                0.23263849318027496,
                0.4436980187892914,
                -0.22346703708171844
            ],
            "name": "google_Tag_Dishtowel_Basket_Weave_Red_18_x_26_5",
            "projected_cuboid": [
                [
                    -671.3873744010925,
                    625.0083446502686
                ],
                [
                    -849.7141599655151,
                    1239.717721939087
                ],
                [
                    -720.9332585334778,
                    1152.820110321045
                ],
                [
                    -593.213677406311,
                    587.9888534545898
                ],
                [
                    -1238.2899522781372,
                    552.7338981628418
                ],
                [
                    -2449.022054672241,
                    1948.9445686340332
                ],
                [
                    -1978.5873889923096,
                    1672.606348991394
                ],
                [
                    -1086.851954460144,
                    498.0838894844055
                ],
                [
                    -969.7997570037842,
                    864.1578555107117
                ]
            ],
            "provenance": "visii",
            "quaternion_xyzw": [
                0.5774228572845459,
                -0.03944997489452362,
                -0.6983643770217896,
                0.4210863709449768
            ],
            "quaternion_xyzw_world": [
                0.8287118077278137,
                -0.1697973608970642,
                -0.290738970041275,
                -0.44707539677619934
            ],
            "segmentation_id": 6,
            "visibility": 0
        },
        {
            "bounding_box_minx_maxx_miny_maxy": [
                -1,
                -1,
                -1,
                -1
            ],
            "class": "FRACTION",
            "local_cuboid": null,
            "local_to_world_matrix": [
                [
                    -0.4128143787384033,
                    0.6627548933029175,
                    0.6247721314430237,
                    0.0
                ],
                [
                    0.686432957649231,
                    -0.22447597980499268,
                    0.6916792988777161,
                    0.0
                ],
                [
                    0.5986601710319519,
                    0.7143993973731995,
                    -0.36226987838745117,
                    0.0
                ],
                [
                    0.5049850940704346,
                    -0.1977698802947998,
                    0.2461193948984146,
                    1.0
                ]
            ],
            "location": [
                0.1977698802947998,
                0.2461193948984146,
                -0.5049850940704346
            ],
            "location_world": [
                0.5049850940704346,
                -0.1977698802947998,
                0.2461193948984146
            ],
            "name": "google_FRACTION_FUN_n4h4qte23QR_6",
            "projected_cuboid": [
                [
                    372.42668867111206,
                    -58.08001756668091
                ],
                [
                    389.803409576416,
                    -127.6567280292511
                ],
                [
                    432.041198015213,
                    -164.14090991020203
                ],
                [
                    427.1131753921509,
                    -101.7758846282959
                ],
                [
                    494.2699670791626,
                    117.73288249969482
                ],
                [
                    484.6402704715729,
                    20.013049244880676
                ],
                [
                    525.93994140625,
                    -5.73083758354187
                ],
                [
                    547.3587512969971,
                    90.34943580627441
                ],
                [
                    462.21572160720825,
                    -27.46129035949707
                ]
            ],
            "provenance": "visii",
            "quaternion_xyzw": [
                0.24709612131118774,
                0.8592284917831421,
                -0.3051292300224304,
                -0.3279726505279541
            ],
            "quaternion_xyzw_world": [
                0.5417405962944031,
                0.6226171255111694,
                0.5645840167999268,
                -0.010484747588634491
            ],
            "segmentation_id": 7,
            "visibility": 0
        },
        {
            "bounding_box_minx_maxx_miny_maxy": [
                0,
                182,
                1,
                258
            ],
            "class": "FAIRY",
            "local_cuboid": null,
            "local_to_world_matrix": [
                [
                    -0.6140334606170654,
                    -0.2120489776134491,
                    -0.7602623701095581,
                    0.0
                ],
                [
                    0.3833310306072235,
                    0.7618836164474487,
                    -0.5221022367477417,
                    0.0
                ],
                [
                    0.6899427175521851,
                    -0.6120201349258423,
                    -0.38653719425201416,
                    0.0
                ],
                [
                    0.3165424168109894,
                    0.19484186172485352,
                    0.1481095552444458,
                    1.0
                ]
            ],
            "location": [
                -0.19484186172485352,
                0.1481095552444458,
                -0.3165424168109894
            ],
            "location_world": [
                0.3165424168109894,
                0.19484186172485352,
                0.1481095552444458
            ],
            "name": "google_FAIRY_TALE_BLOCKS_7",
            "projected_cuboid": [
                [
                    371.48842215538025,
                    186.05542182922363
                ],
                [
                    69.72496211528778,
                    388.4366750717163
                ],
                [
                    -309.02940034866333,
                    282.74768590927124
                ],
                [
                    34.84366834163666,
                    -140.9780979156494
                ],
                [
                    270.17587423324585,
                    -23.787856101989746
                ],
                [
                    62.55073845386505,
                    162.74330019950867
                ],
                [
                    -188.6463463306427,
                    14.912113547325134
                ],
                [
                    37.84063458442688,
                    -299.7363209724426
                ],
                [
                    55.88047206401825,
                    89.62468802928925
                ]
            ],
            "provenance": "visii",
            "quaternion_xyzw": [
                -0.7784751653671265,
                0.48882296681404114,
                -0.39373552799224854,
                -0.0010295510292053223
            ],
            "quaternion_xyzw_world": [
                0.051526930183172226,
                0.8310316205024719,
                -0.3411790728569031,
                0.4362665116786957
            ],
            "segmentation_id": 8,
            "visibility": 1
        },
        {
            "bounding_box_minx_maxx_miny_maxy": [
                -1,
                -1,
                -1,
                -1
            ],
            "class": "Great",
            "local_cuboid": null,
            "local_to_world_matrix": [
                [
                    0.11447274684906006,
                    0.8380993604660034,
                    0.5333718657493591,
                    0.0
                ],
                [
                    -0.029362022876739502,
                    -0.5338122844696045,
                    0.8450931310653687,
                    0.0
                ],
                [
                    0.9929924607276917,
                    -0.1124010682106018,
                    -0.0364987850189209,
                    0.0
                ],
                [
                    0.5920149087905884,
                    -0.4802330732345581,
                    -0.346718430519104,
                    1.0
                ]
            ],
            "location": [
                0.4802330732345581,
                -0.346718430519104,
                -0.5920149087905884
            ],
            "location_world": [
                0.5920149087905884,
                -0.4802330732345581,
                -0.346718430519104
            ],
            "name": "google_Great_Jones_Wingtip_kAqSg6EgG0I_8",
            "projected_cuboid": [
                [
                    556.1364889144897,
                    632.010817527771
                ],
                [
                    702.3488283157349,
                    411.77278757095337
                ],
                [
                    775.3945589065552,
                    438.3236765861511
                ],
                [
                    600.6840467453003,
                    699.4129419326782
                ],
                [
                    641.706109046936,
                    689.8578405380249
                ],
                [
                    791.7309999465942,
                    466.34215116500854
                ],
                [
                    883.7513327598572,
                    504.08196449279785
                ],
                [
                    703.5894393920898,
                    769.7836756706238
                ],
                [
                    702.9134631156921,
                    574.6965408325195
                ]
            ],
            "provenance": "visii",
            "quaternion_xyzw": [
                0.27829837799072266,
                0.9586689472198486,
                -0.0018610954284667969,
                0.05916377902030945
            ],
            "quaternion_xyzw_world": [
                0.648996114730835,
                0.31153395771980286,
                0.5879712700843811,
                0.3688366413116455
            ],
            "segmentation_id": 9,
            "visibility": 0
        },
        {
            "bounding_box_minx_maxx_miny_maxy": [
                248,
                499,
                226,
                464
            ],
            "class": "Ecoforms",
            "local_cuboid": null,
            "local_to_world_matrix": [
                [
                    -0.5061793327331543,
                    -0.18884241580963135,
                    0.8414993286132812,
                    0.0
                ],
                [
                    0.8613773584365845,
                    -0.15885663032531738,
                    0.4824870228767395,
                    0.0
                ],
                [
                    0.04256373643875122,
                    0.9690733551979065,
                    0.2430744767189026,
                    0.0
                ],
                [
                    0.45424795150756836,
                    -0.19089022278785706,
                    -0.06674180179834366,
                    1.0
                ]
            ],
            "location": [
                0.19089022278785706,
                -0.06674180179834366,
                -0.45424795150756836
            ],
            "location_world": [
                0.45424795150756836,
                -0.19089022278785706,
                -0.06674180179834366
            ],
            "name": "google_Ecoforms_Plant_Container_Quadra_Sand_QP6_9",
            "projected_cuboid": [
                [
                    305.4715096950531,
                    234.76268351078033
                ],
                [
                    323.93878698349,
                    127.98984348773956
                ],
                [
                    527.0060300827026,
                    176.85961723327637
                ],
                [
                    610.7019186019897,
                    310.6793165206909
                ],
                [
                    242.2565519809723,
                    464.20758962631226
                ],
                [
                    275.2176523208618,
                    311.3018274307251
                ],
                [
                    444.2036747932434,
                    354.3637692928314
                ],
                [
                    476.482629776001,
                    526.6454219818115
                ],
                [
                    393.9979672431946,
                    311.0814094543457
                ]
            ],
            "provenance": "visii",
            "quaternion_xyzw": [
                0.4327005445957184,
                0.577972412109375,
                -0.26744478940963745,
                -0.6381155252456665
            ],
            "quaternion_xyzw_world": [
                0.32000112533569336,
                0.5254160761833191,
                0.6906718611717224,
                -0.38014423847198486
            ],
            "segmentation_id": 10,
            "visibility": 1
        },
        {
            "bounding_box_minx_maxx_miny_maxy": [
                74,
                83,
                494,
                500
            ],
            "class": "ReadytoUse",
            "local_cuboid": null,
            "local_to_world_matrix": [
                [
                    -0.20743250846862793,
                    -0.6856693625450134,
                    0.6977315545082092,
                    0.0
                ],
                [
                    -0.4318597912788391,
                    -0.5757952928543091,
                    -0.6942310929298401,
                    0.0
                ],
                [
                    0.877763569355011,
                    -0.4453282654285431,
                    -0.17667436599731445,
                    0.0
                ],
                [
                    0.5315186381340027,
                    0.29113373160362244,
                    -0.30054226517677307,
                    1.0
                ]
            ],
            "location": [
                -0.29113373160362244,
                -0.30054226517677307,
                -0.5315186381340027
            ],
            "location_world": [
                0.5315186381340027,
                0.29113373160362244,
                -0.30054226517677307
            ],
            "name": "google_ReadytoUse_Rolled_Fondant_Pure_White_24_oz_box_10",
            "projected_cuboid": [
                [
                    81.99946582317352,
                    491.3724362850189
                ],
                [
                    102.57816314697266,
                    530.5318832397461
                ],
                [
                    -29.529869556427002,
                    576.850950717926
                ],
                [
                    -50.56914687156677,
                    524.8886346817017
                ],
                [
                    16.387492418289185,
                    555.609941482544
                ],
                [
                    34.16207432746887,
                    595.3185558319092
                ],
                [
                    -110.67873239517212,
                    657.4215292930603
                ],
                [
                    -127.65789031982422,
                    604.7424077987671
                ],
                [
                    -2.8844475746154785,
                    564.5248889923096
                ]
            ],
            "provenance": "visii",
            "quaternion_xyzw": [
                0.9024500250816345,
                0.3527970612049103,
                0.180830180644989,
                0.1685783565044403
            ],
            "quaternion_xyzw_world": [
                0.621497631072998,
                -0.4495307505130768,
                0.6337494254112244,
                -0.10012219846248627
            ],
            "segmentation_id": 11,
            "visibility": 1
        },
        {
            "bounding_box_minx_maxx_miny_maxy": [
                -1,
                -1,
                -1,
                -1
            ],
            "class": "Dog",
            "local_cuboid": null,
            "local_to_world_matrix": [
                [
                    -0.14513492584228516,
                    -0.16635853052139282,
                    0.9753259420394897,
                    0.0
                ],
                [
                    -0.6680114269256592,
                    -0.710693359375,
                    -0.2206253856420517,
                    0.0
                ],
                [
                    0.7298606634140015,
                    -0.6835492849349976,
                    -0.007982969284057617,
                    0.0
                ],
                [
                    0.5166925191879272,
                    0.06986444443464279,
                    -0.49962618947029114,
                    1.0
                ]
            ],
            "location": [
                -0.06986444443464279,
                -0.49962618947029114,
                -0.5166925191879272
            ],
            "location_world": [
                0.5166925191879272,
                0.06986444443464279,
                -0.49962618947029114
            ],
            "name": "google_Dog_11",
            "projected_cuboid": [
                [
                    267.35755801200867,
                    561.9682669639587
                ],
                [
                    408.147931098938,
                    671.1261868476868
                ],
                [
                    272.65822887420654,
                    809.083878993988
                ],
                [
                    125.40316581726074,
                    641.0853266716003
                ],
                [
                    235.1088970899582,
                    732.2214841842651
                ],
                [
                    361.6964817047119,
                    869.7745203971863
                ],
                [
                    221.5459793806076,
                    1059.2453479766846
                ],
                [
                    93.3050662279129,
                    848.4759330749512
                ],
                [
                    249.0449845790863,
                    760.7482075691223
                ]
            ],
            "provenance": "visii",
            "quaternion_xyzw": [
                0.7274690270423889,
                0.5794128179550171,
                0.28478336334228516,
                0.23231035470962524
            ],
            "quaternion_xyzw_world": [
                0.627204418182373,
                -0.3325749635696411,
                0.6796773672103882,
                0.1845187544822693
            ],
            "segmentation_id": 12,
            "visibility": 0
        },
        {
            "bounding_box_minx_maxx_miny_maxy": [
                -1,
                -1,
                -1,
                -1
            ],
            "class": "Black",
            "local_cuboid": null,
            "local_to_world_matrix": [
                [
                    0.7321648597717285,
                    0.17291127145290375,
                    -0.6588143706321716,
                    0.0
                ],
                [
                    -0.07243944704532623,
                    -0.9419877529144287,
                    -0.32773712277412415,
                    0.0
                ],
                [
                    -0.6772645115852356,
                    0.2876817286014557,
                    -0.6771647930145264,
                    0.0
                ],
                [
                    0.46584445238113403,
                    -0.3190063536167145,
                    -0.330276757478714,
                    1.0
                ]
            ],
            "location": [
                0.3190063536167145,
                -0.330276757478714,
                -0.46584445238113403
            ],
            "location_world": [
                0.46584445238113403,
                -0.3190063536167145,
                -0.330276757478714
            ],
            "name": "google_Black_Elderberry_Syrup_54_oz_Gaia_Herbs_12",
            "projected_cuboid": [
                [
                    627.7928352355957,
                    926.3111352920532
                ],
                [
                    718.9416885375977,
                    964.0609622001648
                ],
                [
                    675.83167552948,
                    696.8623399734497
                ],
                [
                    603.3837795257568,
                    669.0407991409302
                ],
                [
                    690.2011632919312,
                    942.2898888587952
                ],
                [
                    793.1937575340271,
                    984.8223328590393
                ],
                [
                    729.529619216919,
                    687.7713203430176
                ],
                [
                    649.7883796691895,
                    657.4335098266602
                ],
                [
                    681.8454265594482,
                    799.5753288269043
                ]
            ],
            "provenance": "visii",
            "quaternion_xyzw": [
                0.34552904963493347,
                0.20488391816616058,
                -0.7378876805305481,
                0.5423596501350403
            ],
            "quaternion_xyzw_world": [
                0.915330171585083,
                0.027441415935754776,
                -0.36491718888282776,
                -0.16808657348155975
            ],
            "segmentation_id": 13,
            "visibility": 0
        },
        {
            "bounding_box_minx_maxx_miny_maxy": [
                -1,
                -1,
                -1,
                -1
            ],
            "class": "Razer",
            "local_cuboid": null,
