{
    "camera_data": {
        "camera_look_at": {
            "at": [
                1.0,
                0.0,
                0.0
            ],
            "eye": [
                0.0,
                0.0,
                0.0
            ],
            "up": [
                0.0,
                0.0,
                1.0
            ]
        },
        "camera_view_matrix": [
            [
                0.0,
                0.0,
                -1.0,
                0.0
            ],
            [
                -1.0,
                0.0,
                0.0,
                0.0
            ],
            [
                0.0,
                1.0,
                0.0,
                0.0
            ],
            [
                0.0,
                0.0,
                0.0,
                1.0
            ]
        ],
        "height": 500,
        "intrinsics": {
            "cx": 250.0,
            "cy": 250.0,
            "fx": 603.5535278320312,
            "fy": 603.5535278320312
        },
        "location_world": [
            0.0,
            0.0,
            0.0
        ],
        "quaternion_world_xyzw": [
            0.5,
            -0.5,
            -0.5,
            0.5
        ],
        "width": 500
    },
    "objects": [
        {
            "bounding_box_minx_maxx_miny_maxy": [
                482,
                499,
                1,
                38
            ],
            "class": "Reebok",
            "local_cuboid": null,
            "local_to_world_matrix": [
                [
                    -0.1545954942703247,
                    -0.8638115525245667,
                    -0.4795099198818207,
                    0.0
                ],
                [
                    -0.987707793712616,
                    0.14647644758224487,
                    0.054570481181144714,
                    0.0
                ],
                [
                    0.023098260164260864,
                    0.4820520281791687,
                    -0.875838041305542,
                    0.0
                ],
                [
                    1.0367515087127686,
                    -0.4843314290046692,
                    0.4818352460861206,
                    1.0
                ]
            ],
            "location": [
                0.4843314290046692,
                0.4818352460861206,
                -1.0367515087127686
            ],
            "location_world": [
                1.0367515087127686,
                -0.4843314290046692,
                0.4818352460861206
            ],
            "name": "google_Reebok_SOMERSET_RUN_0",
            "projected_cuboid": [
                [
                    506.0517191886902,
                    72.73618876934052
                ],
                [
                    560.3722333908081,
                    4.043474793434143
                ],
                [
                    599.5447039604187,
                    -66.16374850273132
                ],
                [
                    535.4436635971069,
                    19.992589950561523
                ],
                [
                    452.9716968536377,
                    47.943443059921265
                ],
                [
                    489.2650246620178,
                    -27.353286743164062
                ],
                [
                    527.4672508239746,
                    -96.2943434715271
                ],
                [
                    481.81313276290894,
                    -4.082709550857544
                ],
                [
                    515.3449773788452,
                    -0.6141960620880127
                ]
            ],
            "provenance": "visii",
            "quaternion_xyzw": [
                -0.6768196821212769,
                0.2312234789133072,
                0.12095415592193604,
                -0.6883465051651001
            ],
            "quaternion_xyzw_world": [
                -0.6274484395980835,
                0.7377177476882935,
                0.18185225129127502,
                0.170325368642807
            ],
            "segmentation_id": 1,
            "visibility": 1
        },
        {
            "bounding_box_minx_maxx_miny_maxy": [
                -1,
                -1,
                -1,
                -1
            ],
            "class": "Breyer",
            "local_cuboid": null,
            "local_to_world_matrix": [
                [
                    0.4457511901855469,
                    0.21056650578975677,
                    0.8700388669967651,
                    0.0
                ],
                [
                    -0.6279590725898743,
                    -0.6191096305847168,
                    0.4715619683265686,
                    0.0
                ],
                [
                    0.6379445791244507,
                    -0.7565481066703796,
                    -0.14374184608459473,
                    0.0
                ],
                [
                    0.9655587673187256,
                    0.17559176683425903,
                    -0.42289724946022034,
                    1.0
                ]
            ],
            "location": [
                -0.17559176683425903,
                -0.42289724946022034,
                -0.9655587673187256
            ],
            "location_world": [
                0.9655587673187256,
                0.17559176683425903,
                -0.42289724946022034
            ],
            "name": "google_Breyer_Horse_Of_The_Year_2015_1",
            "projected_cuboid": [
                [
                    197.4644511938095,
                    438.9233589172363
                ],
                [
                    215.43990075588226,
                    430.16576766967773
                ],
                [
                    141.7979747056961,
                    434.50117111206055
                ],
                [
                    124.70567226409912,
                    443.93596053123474
                ],
                [
                    220.80616652965546,
                    576.1157870292664
                ],
                [
                    241.50553345680237,
                    571.4656710624695
                ],
                [
                    162.2171700000763,
                    591.7704105377197
                ],
                [
                    142.4325406551361,
                    596.1177945137024
                ],
                [
                    181.9061040878296,
                    506.39110803604126
                ]
            ],
            "provenance": "visii",
            "quaternion_xyzw": [
                0.48882922530174255,
                0.7615892887115479,
                0.15894964337348938,
                0.3946678936481476
            ],
            "quaternion_xyzw_world": [
                0.7430683970451355,
                -0.14042872190475464,
                0.5073501467704773,
                0.41318878531455994
            ],
            "segmentation_id": 2,
            "visibility": 0
        },
        {
            "bounding_box_minx_maxx_miny_maxy": [
                0,
                104,
                133,
                248
            ],
            "class": "Smith",
            "local_cuboid": null,
            "local_to_world_matrix": [
                [
                    -0.7433398962020874,
                    -0.6313952207565308,
                    0.22087529301643372,
                    0.0
                ],
                [
                    0.65142822265625,
                    -0.6083000898361206,
                    0.45344504714012146,
                    0.0
                ],
                [
                    -0.1519446074962616,
                    0.48094817996025085,
                    0.8634822964668274,
                    0.0
                ],
                [
                    1.7128150463104248,
                    0.5723434686660767,
                    0.060838732868433,
                    1.0
                ]
            ],
            "location": [
                -0.5723434686660767,
                0.060838732868433,
                -1.7128150463104248
            ],
            "location_world": [
                1.7128150463104248,
                0.5723434686660767,
                0.060838732868433
            ],
            "name": "google_Smith_Hawken_Woven_BasketTray_Organizer_with_3_Compartments_95_x_9_x_13_2",
            "projected_cuboid": [
                [
                    -27.25350856781006,
                    136.38818264007568
                ],
                [
                    59.77332592010498,
                    104.6648770570755
                ],
                [
                    111.40502989292145,
                    192.54088401794434
                ],
                [
                    32.55517780780792,
                    233.26466977596283
                ],
                [
                    -63.93441557884216,
                    182.03559517860413
                ],
                [
                    13.993620872497559,
                    150.76275169849396
                ],
                [
                    59.418559074401855,
                    225.45042634010315
                ],
                [
                    -12.378841638565063,
                    263.1087303161621
                ],
                [
                    22.190451622009277,
                    187.19570338726044
                ]
            ],
            "provenance": "visii",
            "quaternion_xyzw": [
                0.5064595937728882,
                0.4092997610569,
                0.12952251732349396,
                -0.7477942705154419
            ],
            "quaternion_xyzw_world": [
                0.019221346825361252,
                0.2605559229850769,
                0.8965380787849426,
                -0.35771581530570984
            ],
            "segmentation_id": 3,
            "visibility": 1
        },
        {
            "bounding_box_minx_maxx_miny_maxy": [
                -1,
                -1,
                -1,
                -1
            ],
            "class": "Paul",
            "local_cuboid": null,
            "local_to_world_matrix": [
                [
                    -0.3546990156173706,
                    0.39603498578071594,
                    -0.8469620943069458,
                    0.0
                ],
                [
                    -0.7090591192245483,
                    -0.7044029235839844,
                    -0.03242841362953186,
                    0.0
                ],
                [
                    -0.6094454526901245,
                    0.5890438556671143,
                    0.5306633114814758,
                    0.0
                ],
                [
                    0.2837514579296112,
                    -0.2089982032775879,
                    -0.26734381914138794,
                    1.0
                ]
            ],
            "location": [
                0.2089982032775879,
                -0.26734381914138794,
                -0.2837514579296112
            ],
            "location_world": [
                0.2837514579296112,
                -0.2089982032775879,
                -0.26734381914138794
            ],
            "name": "google_Paul_Frank_Dot_Lunch_Box_3",
            "projected_cuboid": [
                [
                    168.76035928726196,
                    1398.3291387557983
                ],
                [
                    862.0977401733398,
                    2971.2371826171875
                ],
                [
                    841.6299223899841,
                    1407.9773426055908
                ],
                [
                    510.3265047073364,
                    1078.242301940918
                ],
                [
                    479.34848070144653,
                    333.25129747390747
                ],
                [
                    900.4237651824951,
                    389.5620107650757
                ],
                [
                    867.9470419883728,
                    576.4450430870056
                ],
                [
                    615.1657104492188,
                    502.9386281967163
                ],
                [
                    648.3440399169922,
                    834.5851302146912
                ]
            ],
            "provenance": "visii",
            "quaternion_xyzw": [
                -0.08207917958498001,
                0.43421226739883423,
                0.7137767672538757,
                -0.5433650016784668
            ],
            "quaternion_xyzw_world": [
                -0.45250430703163147,
                0.17293985188007355,
                0.8046373724937439,
                0.3433516025543213
            ],
            "segmentation_id": 4,
            "visibility": 0
        },
        {
            "bounding_box_minx_maxx_miny_maxy": [
                -1,
                -1,
                -1,
                -1
            ],
            "class": "Toys",
            "local_cuboid": null,
            "local_to_world_matrix": [
                [
                    -0.8010499477386475,
                    0.4349527955055237,
                    -0.4112604856491089,
                    0.0
                ],
                [
                    0.5116114616394043,
                    0.14079922437667847,
                    -0.847602128982544,
                    0.0
                ],
                [
                    -0.3107617497444153,
                    -0.8893771171569824,
                    -0.33531415462493896,
                    0.0
                ],
                [
                    0.6986961364746094,
                    0.10738897323608398,
                    -0.3561398684978485,
                    1.0
                ]
            ],
            "location": [
                -0.10738897323608398,
                -0.3561398684978485,
                -0.6986961364746094
            ],
            "location_world": [
                0.6986961364746094,
                0.10738897323608398,
                -0.3561398684978485
            ],
            "name": "google_Toys_R_Us_Treat_Dispenser_Smart_Puzzle_Foobler_4",
            "projected_cuboid": [
                [
                    256.86246156692505,
                    660.8214378356934
                ],
                [
                    235.19134521484375,
                    734.6314191818237
                ],
                [
                    114.40442502498627,
                    654.5165777206421
                ],
                [
                    118.4253841638565,
                    576.0390758514404
                ],
                [
                    315.8945143222809,
                    528.2264351844788
                ],
                [
                    291.61542654037476,
                    603.7542223930359
                ],
                [
                    186.17650866508484,
                    543.8509583473206
                ],
                [
                    197.34105467796326,
                    466.77762269973755
                ],
                [
                    214.96377885341644,
                    591.4878249168396
                ]
            ],
            "provenance": "visii",
            "quaternion_xyzw": [
                -0.5248541831970215,
                0.2629586458206177,
                -0.8051888942718506,
                0.08397446572780609
            ],
            "quaternion_xyzw_world": [
                0.31363391876220703,
                0.7545136213302612,
                -0.5755294561386108,
                0.03329918533563614
            ],
            "segmentation_id": 5,
            "visibility": 0
        },
        {
            "bounding_box_minx_maxx_miny_maxy": [
                -1,
                -1,
                -1,
                -1
            ],
            "class": "Tag",
            "local_cuboid": null,
            "local_to_world_matrix": [
                [
                    -0.8657647371292114,
                    -0.4549447000026703,
                    -0.20851090550422668,
                    0.0
                ],
                [
                    -0.35121747851371765,
                    0.8491527438163757,
                    -0.3944438099861145,
                    0.0
                ],
                [
                    0.3565077483654022,
                    -0.2682628631591797,
                    -0.8949511051177979,
                    0.0
                ],
                [
                    0.33636099100112915,
                    0.37120577692985535,
                    -0.11153827607631683,
                    1.0
                ]
            ],
            "location": [
                -0.37120577692985535,
                -0.11153827607631683,
                -0.33636099100112915
            ],
            "location_world": [
                0.33636099100112915,
                0.37120577692985535,
                -0.11153827607631683
            ],
            "name": "google_Tag_Dishtowel_Basket_Weave_Red_18_x_26_5",
            "projected_cuboid": [
                [
                    -177.99541354179382,
                    468.539297580719
                ],
                [
                    -837.3305797576904,
                    781.7027568817139
                ],
                [
                    -923.6793518066406,
                    726.6154885292053
                ],
                [
                    -214.09288048744202,
                    415.4837727546692
                ],
                [
                    -142.70982146263123,
                    352.6911437511444
                ],
                [
                    -539.5984649658203,
                    519.9651718139648
                ],
                [
                    -581.4301371574402,
                    478.08656096458435
                ],
                [
                    -166.02757573127747,
                    313.8012886047363
                ],
                [
                    -395.41369676589966,
                    473.68448972702026
                ]
            ],
            "provenance": "visii",
            "quaternion_xyzw": [
                -0.7426130175590515,
                0.35606151819229126,
                -0.3817693591117859,
                -0.4195214807987213
            ],
            "quaternion_xyzw_world": [
                -0.21215181052684784,
                0.9499827027320862,
                -0.17439967393875122,
                0.1486918330192566
            ],
            "segmentation_id": 6,
            "visibility": 0
        },
        {
            "bounding_box_minx_maxx_miny_maxy": [
                265,
                318,
                1,
                46
            ],
            "class": "FRACTION",
            "local_cuboid": null,
            "local_to_world_matrix": [
                [
                    -0.45300543308258057,
                    -0.3242778182029724,
                    -0.8304396271705627,
                    0.0
                ],
                [
                    0.7557135224342346,
                    -0.6338458061218262,
                    -0.16473233699798584,
                    0.0
                ],
                [
                    -0.47295159101486206,
                    -0.7021991014480591,
                    0.5321966409683228,
                    0.0
                ],
                [
                    1.4359902143478394,
                    -0.07236078381538391,
                    0.5753966569900513,
                    1.0
                ]
            ],
            "location": [
                0.07236078381538391,
                0.5753966569900513,
                -1.4359902143478394
            ],
            "location_world": [
                1.4359902143478394,
                -0.07236078381538391,
                0.5753966569900513
            ],
            "name": "google_FRACTION_FUN_n4h4qte23QR_6",
            "projected_cuboid": [
                [
                    283.1169664859772,
                    -0.6259679794311523
                ],
                [
                    329.84814047813416,
                    37.12494671344757
                ],
                [
                    316.07842445373535,
                    49.710631370544434
                ],
                [
                    268.59211921691895,
                    13.907670974731445
                ],
                [
                    256.43494725227356,
                    -49.714893102645874
                ],
                [
                    303.23514342308044,
                    -9.329944849014282
                ],
                [
                    290.52793979644775,
                    3.232017159461975
                ],
                [
                    243.12447011470795,
                    -35.27870774269104
                ],
                [
                    287.1382236480713,
                    1.4673471450805664
                ]
            ],
            "provenance": "visii",
            "quaternion_xyzw": [
                0.5039986371994019,
                -0.09751710295677185,
                0.5730196833610535,
                -0.6388460397720337
            ],
            "quaternion_xyzw_world": [
                -0.4026920795440674,
                -0.26784467697143555,
                0.8091736435890198,
                -0.33367106318473816
            ],
            "segmentation_id": 7,
            "visibility": 1
        },
        {
            "bounding_box_minx_maxx_miny_maxy": [
                -1,
                -1,
                -1,
                -1
            ],
            "class": "FAIRY",
            "local_cuboid": null,
            "local_to_world_matrix": [
                [
                    0.8201806545257568,
                    -0.23839683830738068,
                    -0.5200680494308472,
                    0.0
                ],
                [
                    0.09655283391475677,
                    0.9536837935447693,
                    -0.2848944067955017,
                    0.0
                ],
                [
                    0.5638983249664307,
                    0.183450847864151,
                    0.8052108287811279,
                    0.0
                ],
                [
                    0.49039220809936523,
                    0.2998764216899872,
                    0.27901726961135864,
                    1.0
                ]
            ],
            "location": [
                -0.2998764216899872,
                0.27901726961135864,
                -0.49039220809936523
            ],
            "location_world": [
                0.49039220809936523,
                0.2998764216899872,
                0.27901726961135864
            ],
            "name": "google_FAIRY_TALE_BLOCKS_7",
            "projected_cuboid": [
                [
                    91.98330342769623,
                    -119.22189593315125
                ],
                [
                    -111.1358106136322,
                    -43.96933317184448
                ],
                [
                    -145.3820765018463,
                    74.04763996601105
                ],
                [
                    100.30196607112885,
                    -12.325435876846313
                ],
                [
                    -42.84384846687317,
                    -423.25878143310547
                ],
                [
                    -317.5777792930603,
                    -304.31777238845825
                ],
                [
                    -433.695912361145,
                    -208.1272304058075
                ],
                [
                    -75.07699728012085,
                    -360.2644205093384
                ],
                [
                    -98.87683391571045,
                    -151.50108933448792
                ]
            ],
            "provenance": "visii",
            "quaternion_xyzw": [
                -0.7223554849624634,
                0.5100508332252502,
                0.34734687209129333,
                0.3120914399623871
            ],
            "quaternion_xyzw_world": [
                -0.12378004938364029,
                0.2864839732646942,
                -0.08852462470531464,
                0.945922315120697
            ],
            "segmentation_id": 8,
            "visibility": 0
        },
        {
            "bounding_box_minx_maxx_miny_maxy": [
                -1,
                -1,
                -1,
                -1
            ],
            "class": "Great",
            "local_cuboid": null,
            "local_to_world_matrix": [
                [
                    -0.11461377143859863,
                    -0.9296647310256958,
                    -0.3501245081424713,
                    0.0
                ],
                [
                    -0.02592518925666809,
                    0.3551262617111206,
                    -0.9344587922096252,
                    0.0
                ],
                [
                    0.9930717945098877,
                    -0.09802478551864624,
                    -0.0648040771484375,
                    0.0
                ],
                [
                    0.319955438375473,
                    -0.4688575863838196,
                    -0.23360292613506317,
                    1.0
                ]
            ],
            "location": [
                0.4688575863838196,
                -0.23360292613506317,
                -0.319955438375473
            ],
            "location_world": [
                0.319955438375473,
                -0.4688575863838196,
                -0.23360292613506317
            ],
            "name": "google_Great_Jones_Wingtip_kAqSg6EgG0I_8",
            "projected_cuboid": [
                [
                    1072.9999542236328,
                    410.64178943634033
                ],
                [
                    930.4590821266174,
                    830.2563428878784
                ],
                [
                    1157.0320129394531,
                    1027.6312828063965
                ],
                [
                    1344.4938659667969,
                    453.7637233734131
                ],
                [
                    908.5317254066467,
                    352.9950678348541
                ],
                [
                    767.1098113059998,
                    759.2455744743347
                ],
                [
                    927.4680614471436,
                    923.9239692687988
                ],
                [
                    1113.3159399032593,
                    374.7432827949524
                ],
                [
                    1010.7009410858154,
                    630.3666830062866
                ]
            ],
            "provenance": "visii",
            "quaternion_xyzw": [
                -0.9819871783256531,
                0.17954684793949127,
                -0.054134756326675415,
                -0.023098379373550415
            ],
            "quaternion_xyzw_world": [
                -0.385701984167099,
                0.6193835735321045,
                -0.416738361120224,
                0.5421504378318787
            ],
            "segmentation_id": 9,
            "visibility": 0
        },
        {
            "bounding_box_minx_maxx_miny_maxy": [
                243,
                499,
                160,
                420
            ],
            "class": "Ecoforms",
            "local_cuboid": null,
            "local_to_world_matrix": [
                [
                    -0.40665173530578613,
                    -0.5748064517974854,
                    -0.7100928425788879,
                    0.0
                ],
                [
                    -0.5234823226928711,
                    0.7836146354675293,
                    -0.334536075592041,
                    0.0
                ],
                [
                    0.7487326264381409,
                    0.23568139970302582,
                    -0.6195592880249023,
                    0.0
                ],
                [
                    0.5574220418930054,
                    -0.155600905418396,
                    0.03191293030977249,
                    1.0
                ]
            ],
            "location": [
                0.155600905418396,
                0.03191293030977249,
                -0.5574220418930054
            ],
            "location_world": [
                0.5574220418930054,
                -0.155600905418396,
                0.03191293030977249
            ],
            "name": "google_Ecoforms_Plant_Container_Quadra_Sand_QP6_9",
            "projected_cuboid": [
                [
                    462.8933072090149,
                    344.00835633277893
                ],
                [
                    347.4026918411255,
                    424.23421144485474
                ],
                [
                    424.7267246246338,
                    336.73781156539917
                ],
                [
                    552.3133277893066,
                    254.02399897575378
                ],
                [
                    356.01526498794556,
                    228.9183884859085
                ],
                [
                    238.00042271614075,
                    282.878577709198
                ],
                [
                    279.1040539741516,
                    175.13349652290344
                ],
                [
                    413.83975744247437,
                    127.23486125469208
                ],
                [
                    381.9798231124878,
                    269.66097950935364
                ]
            ],
            "provenance": "visii",
            "quaternion_xyzw": [
                -0.8151801824569702,
                0.458091139793396,
                -0.0524333119392395,
                -0.35054874420166016
            ],
            "quaternion_xyzw_world": [
                -0.32760223746299744,
                0.8381267189979553,
                -0.029486794024705887,
                0.43514466285705566
            ],
            "segmentation_id": 10,
            "visibility": 1
        },
        {
            "bounding_box_minx_maxx_miny_maxy": [
                -1,
                -1,
                -1,
                -1
            ],
            "class": "ReadytoUse",
            "local_cuboid": null,
            "local_to_world_matrix": [
                [
                    0.682476282119751,
                    0.6153039932250977,
                    0.3944961428642273,
                    0.0
                ],
                [
                    0.11370870471000671,
                    0.44378185272216797,
                    -0.8888914585113525,
                    0.0
                ],
                [
                    -0.7220086455345154,
                    0.6515049934387207,
                    0.23290514945983887,
                    0.0
                ],
                [
                    0.3927251696586609,
                    0.13658522069454193,
                    -0.3487628102302551,
                    1.0
                ]
            ],
            "location": [
                -0.13658522069454193,
                -0.3487628102302551,
                -0.3927251696586609
            ],
            "location_world": [
                0.3927251696586609,
                0.13658522069454193,
                -0.3487628102302551
            ],
            "name": "google_ReadytoUse_Rolled_Fondant_Pure_White_24_oz_box_10",
            "projected_cuboid": [
                [
                    -282.063364982605,
                    764.2472982406616
                ],
                [
                    -314.38761949539185,
                    838.7684226036072
                ],
                [
                    -5.271404981613159,
                    728.9268970489502
                ],
                [
                    21.929830312728882,
                    674.0236282348633
                ],
                [
                    -277.63187885284424,
                    1080.72829246521
                ],
                [
                    -321.6298818588257,
                    1174.2987632751465
                ],
                [
                    62.52586841583252,
                    923.2056140899658
                ],
                [
                    97.30087220668793,
                    858.3264946937561
                ],
                [
                    -98.25855493545532,
                    849.0360975265503
                ]
            ],
            "provenance": "visii",
            "quaternion_xyzw": [
                -0.3713418245315552,
                0.033180855214595795,
                0.89808189868927,
                0.23335233330726624
            ],
            "quaternion_xyzw_world": [
                -0.5014452338218689,
                -0.36345577239990234,
                0.1632842868566513,
                0.7679784297943115
            ],
            "segmentation_id": 11,
            "visibility": 0
        },
        {
            "bounding_box_minx_maxx_miny_maxy": [
                -1,
                -1,
                -1,
                -1
            ],
            "class": "Dog",
            "local_cuboid": null,
            "local_to_world_matrix": [
                [
                    0.5480091571807861,
                    0.1175055205821991,
                    -0.828177809715271,
                    0.0
                ],
                [
                    0.6721194982528687,
                    -0.6512365341186523,
                    0.3523443341255188,
                    0.0
                ],
                [
                    -0.4979372024536133,
                    -0.7497223019599915,
                    -0.43586134910583496,
                    0.0
                ],
                [
                    0.27650323510169983,
                    -0.31348782777786255,
                    -0.022933287546038628,
                    1.0
                ]
            ],
            "location": [
                0.31348782777786255,
                -0.022933287546038628,
                -0.27650323510169983
            ],
            "location_world": [
                0.27650323510169983,
                -0.31348782777786255,
                -0.022933287546038628
            ],
            "name": "google_Dog_11",
            "projected_cuboid": [
                [
                    1553.6003112792969,
                    1056.344747543335
                ],
                [
                    1258.8536739349365,
                    595.9585905075073
                ],
                [
                    788.2684469223022,
                    381.4098536968231
                ],
                [
                    767.4186825752258,
                    582.0598602294922
                ],
                [
                    5000.489711761475,
                    801.9222617149353
                ],
                [
                    2072.0295906066895,
                    191.4956420660019
                ],
                [
                    1094.5146083831787,
                    23.322537541389465
                ],
                [
                    1308.168888092041,
                    97.13314473628998
                ],
                [
                    1275.2584218978882,
                    430.0268292427063
                ]
            ],
            "provenance": "visii",
            "quaternion_xyzw": [
                -0.08973991125822067,
                0.492928147315979,
                -0.5619382858276367,
                0.6581747531890869
            ],
            "quaternion_xyzw_world": [
                0.8116506338119507,
                0.24321578443050385,
                -0.40846237540245056,
                0.3394522964954376
            ],
            "segmentation_id": 12,
            "visibility": 0
        },
        {
            "bounding_box_minx_maxx_miny_maxy": [
                369,
                399,
                489,
                500
            ],
            "class": "Black",
            "local_cuboid": null,
            "local_to_world_matrix": [
                [
                    0.5553392171859741,
                    -0.5762972831726074,
                    0.5995663404464722,
                    0.0
                ],
                [
                    -0.8312774896621704,
                    -0.4054872989654541,
                    0.3802078366279602,
                    0.0
                ],
                [
                    0.024003714323043823,
                    -0.7095503211021423,
                    -0.7042460441589355,
                    0.0
                ],
                [
                    1.353542447090149,
                    -0.2810719311237335,
                    -0.5571978092193604,
                    1.0
                ]
            ],
            "location": [
                0.2810719311237335,
                -0.5571978092193604,
                -1.353542447090149
            ],
            "location_world": [
                1.353542447090149,
                -0.2810719311237335,
                -0.5571978092193604
            ],
            "name": "google_Black_Elderberry_Syrup_54_oz_Gaia_Herbs_12",
            "projected_cuboid": [
                [
                    417.8006052970886,
                    532.2589874267578
                ],
                [
                    434.6388578414917,
                    532.4851274490356
                ],
                [
                    388.909250497818,
                    487.3542785644531
                ],
                [
                    373.6403286457062,
                    488.7179136276245
                ],
                [
                    407.14821219444275,
                    553.9544820785522
                ],
                [
                    423.99483919143677,
                    554.9955368041992
                ],
                [
                    377.13199853897095,
                    508.83400440216064
                ],
                [
                    361.93209886550903,
                    509.4548463821411
                ],
                [
                    398.0989456176758,
                    520.9108591079712
                ]
            ],
            "provenance": "visii",
            "quaternion_xyzw": [
                0.5522891283035278,
                0.4549489915370941,
                0.06980541348457336,
                0.6950721740722656
            ],
            "quaternion_xyzw_world": [
                0.8162524700164795,
                -0.43110889196395874,
                0.19098566472530365,
                0.33376872539520264
            ],
            "segmentation_id": 13,
            "visibility": 1
        },
        {
            "bounding_box_minx_maxx_miny_maxy": [
                17,
                70,
                6,
                49
            ],
