{
    "camera_data": {
        "camera_look_at": {
            "at": [
                1.0,
                0.0,
                0.0
            ],
            "eye": [
                0.0,
                0.0,
                0.0
            ],
            "up": [
                0.0,
                0.0,
                1.0
            ]
        },
        "camera_view_matrix": [
            [
                0.0,
                0.0,
                -1.0,
                0.0
            ],
            [
                -1.0,
                0.0,
                0.0,
                0.0
            ],
            [
                0.0,
                1.0,
                0.0,
                0.0
            ],
            [
                0.0,
                0.0,
                0.0,
                1.0
            ]
        ],
        "height": 500,
        "intrinsics": {
            "cx": 250.0,
            "cy": 250.0,
            "fx": 603.5535278320312,
            "fy": 603.5535278320312
        },
        "location_world": [
            0.0,
            0.0,
            0.0
        ],
        "quaternion_world_xyzw": [
            0.5,
            -0.5,
            -0.5,
            0.5
        ],
        "width": 500
    },
    "objects": [
        {
            "bounding_box_minx_maxx_miny_maxy": [
                -1,
                -1,
                -1,
                -1
            ],
            "class": "Reebok",
            "local_cuboid": null,
            "local_to_world_matrix": [
                [
                    0.41222238540649414,
                    0.37922680377960205,
                    -0.8284081220626831,
                    0.0
                ],
                [
                    0.25244247913360596,
                    0.8261139988899231,
                    0.5037941336631775,
                    0.0
                ],
                [
                    0.8754117488861084,
                    -0.4168006181716919,
                    0.24480974674224854,
                    0.0
                ],
                [
                    0.9756518006324768,
                    -0.4816420078277588,
                    0.5138168334960938,
                    1.0
                ]
            ],
            "location": [
                0.4816420078277588,
                0.5138168334960938,
                -0.9756518006324768
            ],
            "location_world": [
                0.9756518006324768,
                -0.4816420078277588,
                0.5138168334960938
            ],
            "name": "google_Reebok_SOMERSET_RUN_0",
            "projected_cuboid": [
                [
                    607.2512865066528,
                    10.671138763427734
                ],
                [
                    455.7572603225708,
                    -52.01941728591919
                ],
                [
                    447.7496147155762,
                    -65.0930404663086
                ],
                [
                    614.6358251571655,
                    3.2172948122024536
                ],
                [
                    648.9956378936768,
                    -55.76518177986145
                ],
                [
                    488.2134199142456,
                    -116.6301965713501
                ],
                [
                    483.1637144088745,
                    -136.95687055587769
                ],
                [
                    661.390483379364,
                    -70.9744393825531
                ],
                [
                    547.4527478218079,
                    -60.471802949905396
                ]
            ],
            "provenance": "visii",
            "quaternion_xyzw": [
                -0.4980941414833069,
                0.8304265737533569,
                -0.0022977739572525024,
                0.24957755208015442
            ],
            "quaternion_xyzw_world": [
                0.2921038568019867,
                0.5406204462051392,
                0.04022854566574097,
                0.7879002094268799
            ],
            "segmentation_id": 1,
            "visibility": 0
        },
        {
            "bounding_box_minx_maxx_miny_maxy": [
                -1,
                -1,
                -1,
                -1
            ],
            "class": "Breyer",
            "local_cuboid": null,
            "local_to_world_matrix": [
                [
                    0.8757728338241577,
                    0.3268994688987732,
                    0.3551882803440094,
                    0.0
                ],
                [
                    0.11464308202266693,
                    -0.8555989265441895,
                    0.5047845840454102,
                    0.0
                ],
                [
                    0.4689125120639801,
                    -0.4013567268848419,
                    -0.7867871522903442,
                    0.0
                ],
                [
                    1.0693291425704956,
                    0.332854300737381,
                    -0.36412695050239563,
                    1.0
                ]
            ],
            "location": [
                -0.332854300737381,
                -0.36412695050239563,
                -1.0693291425704956
            ],
            "location_world": [
                1.0693291425704956,
                0.332854300737381,
                -0.36412695050239563
            ],
            "name": "google_Breyer_Horse_Of_The_Year_2015_1",
            "projected_cuboid": [
                [
                    90.04297852516174,
                    470.9533452987671
                ],
                [
                    114.76686596870422,
                    455.6958079338074
                ],
                [
                    74.95175302028656,
                    406.4025282859802
                ],
                [
                    48.483967781066895,
                    422.3184585571289
                ],
                [
                    102.77451574802399,
                    561.7146492004395
                ],
                [
                    132.20545649528503,
                    542.9283380508423
                ],
                [
                    85.39821207523346,
                    489.82173204421997
                ],
                [
                    53.460776805877686,
                    509.64033603668213
                ],
                [
                    88.00125122070312,
                    479.24739122390747
                ]
            ],
            "provenance": "visii",
            "quaternion_xyzw": [
                0.39913296699523926,
                0.7583858966827393,
                -0.29715418815612793,
                0.4210025668144226
            ],
            "quaternion_xyzw_world": [
                0.9378377795219421,
                0.11770227551460266,
                0.219681054353714,
                0.24155063927173615
            ],
            "segmentation_id": 2,
            "visibility": 0
        },
        {
            "bounding_box_minx_maxx_miny_maxy": [
                0,
                114,
                167,
                300
            ],
            "class": "Smith",
            "local_cuboid": null,
            "local_to_world_matrix": [
                [
                    0.027925610542297363,
                    -0.28062576055526733,
                    0.9594109654426575,
                    0.0
                ],
                [
                    0.6967275738716125,
                    -0.6827706098556519,
                    -0.21998870372772217,
                    0.0
                ],
                [
                    0.7167920470237732,
                    0.6745913624763489,
                    0.1764528751373291,
                    0.0
                ],
                [
                    1.6758842468261719,
                    0.5172154903411865,
                    0.03609733283519745,
                    1.0
                ]
            ],
            "location": [
                -0.5172154903411865,
                0.03609733283519745,
                -1.6758842468261719
            ],
            "location_world": [
                1.6758842468261719,
                0.5172154903411865,
                0.03609733283519745
            ],
            "name": "google_Smith_Hawken_Woven_BasketTray_Organizer_with_3_Compartments_95_x_9_x_13_2",
            "projected_cuboid": [
                [
                    0.36118924617767334,
                    153.38923037052155
                ],
                [
                    77.26512849330902,
                    179.6467900276184
                ],
                [
                    120.30190229415894,
                    188.16344439983368
                ],
                [
                    38.93598914146423,
                    159.6854329109192
                ],
                [
                    -35.529494285583496,
                    270.693302154541
                ],
                [
                    45.06990313529968,
                    286.30563616752625
                ],
                [
                    84.82779562473297,
                    306.5500557422638
                ],
                [
                    -1.0848939418792725,
                    291.33275151252747
                ],
                [
                    42.31637716293335,
                    229.46536540985107
                ]
            ],
            "provenance": "visii",
            "quaternion_xyzw": [
                0.744547963142395,
                0.55140221118927,
                -0.2358870953321457,
                -0.29319149255752563
            ],
            "quaternion_xyzw_world": [
                0.6193228960037231,
                0.16796642541885376,
                0.6766272783279419,
                -0.36111214756965637
            ],
            "segmentation_id": 3,
            "visibility": 1
        },
        {
            "bounding_box_minx_maxx_miny_maxy": [
                413,
                499,
                383,
                500
            ],
            "class": "Paul",
            "local_cuboid": null,
            "local_to_world_matrix": [
                [
                    -0.11000490188598633,
                    0.6474782228469849,
                    -0.7541027069091797,
                    0.0
                ],
                [
                    -0.9090462923049927,
                    -0.37233662605285645,
                    -0.18708372116088867,
                    0.0
                ],
                [
                    -0.401912659406662,
                    0.6649341583251953,
                    0.6295465230941772,
                    0.0
                ],
                [
                    0.33672285079956055,
                    -0.2277037501335144,
                    -0.24701941013336182,
                    1.0
                ]
            ],
            "location": [
                0.2277037501335144,
                -0.24701941013336182,
                -0.33672285079956055
            ],
            "location_world": [
                0.33672285079956055,
                -0.2277037501335144,
                -0.24701941013336182
            ],
            "name": "google_Paul_Frank_Dot_Lunch_Box_3",
            "projected_cuboid": [
                [
                    180.0355315208435,
                    663.750171661377
                ],
                [
                    276.7079472541809,
                    957.1638703346252
                ],
                [
                    608.5231304168701,
                    1038.5031700134277
                ],
                [
                    448.4468698501587,
                    797.3008751869202
                ],
                [
                    522.0019221305847,
                    234.10333693027496
                ],
                [
                    765.8969759941101,
                    284.9837839603424
                ],
                [
                    914.8797392845154,
                    566.0133361816406
                ],
                [
                    691.2952661514282,
                    458.09876918792725
                ],
                [
                    562.7398490905762,
                    612.8491163253784
                ]
            ],
            "provenance": "visii",
            "quaternion_xyzw": [
                -0.18553493916988373,
                0.5144127607345581,
                0.7477422952651978,
                -0.37661343812942505
            ],
            "quaternion_xyzw_world": [
                -0.3977389931678772,
                0.16440936923027039,
                0.7266167998313904,
                0.5355383157730103
            ],
            "segmentation_id": 4,
            "visibility": 1
        },
        {
            "bounding_box_minx_maxx_miny_maxy": [
                421,
                499,
                357,
                406
            ],
            "class": "Toys",
            "local_cuboid": null,
            "local_to_world_matrix": [
                [
                    -0.18191838264465332,
                    0.7313728928565979,
                    0.6572666764259338,
                    0.0
                ],
                [
                    -0.48119431734085083,
                    -0.6491314172744751,
                    0.5891353487968445,
                    0.0
                ],
                [
                    0.8575300574302673,
                    -0.2090984582901001,
                    0.4700213670730591,
                    0.0
                ],
                [
                    0.7966291308403015,
                    -0.30753204226493835,
                    -0.17881639301776886,
                    1.0
                ]
            ],
            "location": [
                0.30753204226493835,
                -0.17881639301776886,
                -0.7966291308403015
            ],
            "location_world": [
                0.7966291308403015,
                -0.30753204226493835,
                -0.17881639301776886
            ],
            "name": "google_Toys_R_Us_Treat_Dispenser_Smart_Puzzle_Foobler_4",
            "projected_cuboid": [
                [
                    397.91616797447205,
                    314.22287225723267
                ],
                [
                    479.153037071228,
                    257.2522163391113
                ],
                [
                    493.6249256134033,
                    316.92802906036377
                ],
                [
                    398.03609251976013,
                    377.65395641326904
                ],
                [
                    463.40692043304443,
                    375.0525712966919
                ],
                [
                    547.4756956100464,
                    324.82975721359253
                ],
                [
                    573.0426907539368,
                    393.829345703125
                ],
                [
                    473.6895561218262,
                    445.8206295967102
                ],
                [
                    476.4678478240967,
                    349.9297797679901
                ]
            ],
            "provenance": "visii",
            "quaternion_xyzw": [
                0.3664088547229767,
                0.891352653503418,
                0.2667899429798126,
                0.0076232850551605225
            ],
            "quaternion_xyzw_world": [
                0.49929744005203247,
                0.12526528537273407,
                0.7584640979766846,
                0.399678498506546
            ],
            "segmentation_id": 5,
            "visibility": 1
        },
        {
            "bounding_box_minx_maxx_miny_maxy": [
                -1,
                -1,
                -1,
                -1
            ],
            "class": "Tag",
            "local_cuboid": null,
            "local_to_world_matrix": [
                [
                    -0.253232479095459,
                    0.938930332660675,
                    -0.2329874187707901,
                    0.0
                ],
                [
                    0.9640801548957825,
                    0.26488542556762695,
                    0.01962631195783615,
                    0.0
                ],
                [
                    0.08014272153377533,
                    -0.21964851021766663,
                    -0.9722816944122314,
                    0.0
                ],
                [
                    0.3666768968105316,
                    0.36100107431411743,
                    -0.09609486907720566,
                    1.0
                ]
            ],
            "location": [
                -0.36100107431411743,
                -0.09609486907720566,
                -0.3666768968105316
            ],
            "location_world": [
                0.3666768968105316,
                0.36100107431411743,
                -0.09609486907720566
            ],
            "name": "google_Tag_Dishtowel_Basket_Weave_Red_18_x_26_5",
            "projected_cuboid": [
                [
                    -781.0832262039185,
                    639.7114992141724
                ],
                [
                    -358.6708903312683,
                    443.45808029174805
                ],
                [
                    -372.49094247817993,
                    399.9195098876953
                ],
                [
                    -813.3141994476318,
                    556.5000772476196
                ],
                [
                    -274.60426092147827,
                    493.2937026023865
                ],
                [
                    -114.47793245315552,
                    379.2245090007782
                ],
                [
                    -125.74312090873718,
                    339.08337354660034
                ],
                [
                    -296.66322469711304,
                    421.6229319572449
                ],
                [
                    -335.4283571243286,
                    435.27355790138245
                ]
            ],
            "provenance": "visii",
            "quaternion_xyzw": [
                -0.174345925450325,
                0.7139151692390442,
                -0.6780784130096436,
                -0.011760454624891281
            ],
            "quaternion_xyzw_world": [
                0.6029435992240906,
                0.7890499830245972,
                -0.06337437778711319,
                0.09921111911535263
            ],
            "segmentation_id": 6,
            "visibility": 0
        },
        {
            "bounding_box_minx_maxx_miny_maxy": [
                -1,
                -1,
                -1,
                -1
            ],
            "class": "FRACTION",
            "local_cuboid": null,
            "local_to_world_matrix": [
                [
                    -0.12194347381591797,
                    -0.4683339595794678,
                    -0.8750961422920227,
                    0.0
                ],
                [
                    0.990942120552063,
                    -0.007483124732971191,
                    -0.1340816617012024,
                    0.0
                ],
                [
                    0.05624663829803467,
                    -0.8835199475288391,
                    0.46500420570373535,
                    0.0
                ],
                [
                    1.5241917371749878,
                    -0.04498645290732384,
                    0.47713154554367065,
                    1.0
                ]
            ],
            "location": [
                0.04498645290732384,
                0.47713154554367065,
                -1.5241917371749878
            ],
            "location_world": [
                1.5241917371749878,
                -0.04498645290732384,
                0.47713154554367065
            ],
            "name": "google_FRACTION_FUN_n4h4qte23QR_6",
            "projected_cuboid": [
                [
                    302.6004135608673,
                    66.02263450622559
                ],
                [
                    297.00642824172974,
                    96.95334732532501
                ],
                [
                    282.5506031513214,
                    104.36494648456573
                ],
                [
                    286.2459421157837,
                    74.35895502567291
                ],
                [
                    267.5207257270813,
                    4.6520233154296875
                ],
                [
                    266.0311162471771,
                    42.229875922203064
                ],
                [
                    251.71804428100586,
                    49.461543560028076
                ],
                [
                    251.34876370429993,
                    12.759938836097717
                ],
                [
                    275.4386365413666,
                    57.18202888965607
                ]
            ],
            "provenance": "visii",
            "quaternion_xyzw": [
                -0.6439453363418579,
                0.3368349075317383,
                -0.3903527855873108,
                0.5652445554733276
            ],
            "quaternion_xyzw_world": [
                0.3242434859275818,
                0.4029442369937897,
                -0.6313538551330566,
                0.5778360366821289
            ],
            "segmentation_id": 7,
            "visibility": 0
        },
        {
            "bounding_box_minx_maxx_miny_maxy": [
                -1,
                -1,
                -1,
                -1
            ],
            "class": "FAIRY",
            "local_cuboid": null,
            "local_to_world_matrix": [
                [
                    0.9897891879081726,
                    -0.07609635591506958,
                    0.12052693963050842,
                    0.0
                ],
                [
                    0.10692334175109863,
                    0.955544114112854,
                    -0.274777889251709,
                    0.0
                ],
                [
                    -0.09425921738147736,
                    0.284859299659729,
                    0.9539237022399902,
                    0.0
                ],
                [
                    0.5334996581077576,
                    0.3101820945739746,
                    0.26383525133132935,
                    1.0
                ]
            ],
            "location": [
                -0.3101820945739746,
                0.26383525133132935,
                -0.5334996581077576
            ],
            "location_world": [
                0.5334996581077576,
                0.3101820945739746,
                0.26383525133132935
            ],
            "name": "google_FAIRY_TALE_BLOCKS_7",
            "projected_cuboid": [
                [
                    19.271239638328552,
                    -262.7536654472351
                ],
                [
                    -205.8517038822174,
                    -172.7665662765503
                ],
                [
                    -134.39640402793884,
                    31.92499279975891
                ],
                [
                    86.51061356067657,
                    -46.09072208404541
                ],
                [
                    -161.2144112586975,
                    -548.8277673721313
                ],
                [
                    -510.0513696670532,
                    -384.3097686767578
                ],
                [
                    -382.4315071105957,
                    -51.317960023880005
                ],
                [
                    -42.95197129249573,
                    -183.38951468467712
                ],
                [
                    -144.034743309021,
                    -176.79771780967712
                ]
            ],
            "provenance": "visii",
            "quaternion_xyzw": [
                -0.5604941844940186,
                0.37244680523872375,
                0.568537712097168,
                0.4731748402118683
            ],
            "quaternion_xyzw_world": [
                -0.14170515537261963,
                -0.05438578128814697,
                -0.04634222760796547,
                0.9873268008232117
            ],
            "segmentation_id": 8,
            "visibility": 0
        },
        {
            "bounding_box_minx_maxx_miny_maxy": [
                -1,
                -1,
                -1,
                -1
            ],
            "class": "Great",
            "local_cuboid": null,
            "local_to_world_matrix": [
                [
                    0.46185702085494995,
                    -0.7392184734344482,
                    0.49014705419540405,
                    0.0
                ],
                [
                    0.26027119159698486,
                    -0.41533517837524414,
                    -0.8716394901275635,
                    0.0
                ],
                [
                    0.8479073643684387,
                    0.5301439762115479,
                    0.0005718469619750977,
                    0.0
                ],
                [
                    0.1375584602355957,
                    -0.4413190484046936,
                    -0.2609178125858307,
                    1.0
                ]
            ],
            "location": [
                0.4413190484046936,
                -0.2609178125858307,
                -0.1375584602355957
            ],
            "location_world": [
                0.1375584602355957,
                -0.4413190484046936,
                -0.2609178125858307
            ],
            "name": "google_Great_Jones_Wingtip_kAqSg6EgG0I_8",
            "projected_cuboid": [
                [
                    1234.5448732376099,
                    518.8521146774292
                ],
                [
                    1228.7548780441284,
                    992.8382039070129
                ],
                [
                    1870.4609870910645,
                    1344.5366621017456
                ],
                [
                    2305.8724403381348,
                    730.661153793335
                ],
                [
                    1240.225076675415,
                    797.5181341171265
                ],
                [
                    1231.3861846923828,
                    1278.4233093261719
                ],
                [
                    2091.048240661621,
                    1929.3495416641235
                ],
                [
                    3092.0820236206055,
                    1539.465069770813
                ],
                [
                    1586.0061645507812,
                    1097.6414680480957
                ]
            ],
            "provenance": "visii",
            "quaternion_xyzw": [
                -0.9298877716064453,
                -0.24343858659267426,
                0.2666991055011749,
                0.07012753188610077
            ],
            "quaternion_xyzw_world": [
                -0.6849489808082581,
                0.17481128871440887,
                -0.4883774220943451,
                0.5116379261016846
            ],
            "segmentation_id": 9,
            "visibility": 0
        },
        {
            "bounding_box_minx_maxx_miny_maxy": [
                178,
                428,
                102,
                312
            ],
            "class": "Ecoforms",
            "local_cuboid": null,
            "local_to_world_matrix": [
                [
                    -0.8422684669494629,
                    0.46566104888916016,
                    -0.2715575695037842,
                    0.0
                ],
                [
                    0.0994575023651123,
                    0.6293559074401855,
                    0.7707265019416809,
                    0.0
                ],
                [
                    0.5298036932945251,
                    0.6221502423286438,
                    -0.5764001607894897,
                    0.0
                ],
                [
                    0.60642009973526,
                    -0.12921667098999023,
                    0.13007797300815582,
                    1.0
                ]
            ],
            "location": [
                0.12921667098999023,
                0.13007797300815582,
                -0.60642009973526
            ],
            "location_world": [
                0.60642009973526,
                -0.12921667098999023,
                0.13007797300815582
            ],
            "name": "google_Ecoforms_Plant_Container_Quadra_Sand_QP6_9",
            "projected_cuboid": [
                [
                    289.76231813430786,
                    315.8473074436188
                ],
                [
                    173.01607131958008,
                    172.3577231168747
                ],
                [
                    278.29912304878235,
                    49.99205470085144
                ],
                [
                    419.0645217895508,
                    213.79181742668152
                ],
                [
                    351.24412178993225,
                    261.3690197467804
                ],
                [
                    256.8502724170685,
                    148.4832465648651
                ],
                [
                    348.6369252204895,
                    51.239192485809326
                ],
                [
                    458.03922414779663,
                    176.29310488700867
                ],
                [
                    321.23303413391113,
                    174.40420389175415
                ]
            ],
            "provenance": "visii",
            "quaternion_xyzw": [
                -0.27083951234817505,
                0.8315935134887695,
                -0.20318150520324707,
                -0.44024473428726196
            ],
            "quaternion_xyzw_world": [
                0.1618453860282898,
                0.8729296326637268,
                0.3989086449146271,
                0.22950339317321777
            ],
            "segmentation_id": 10,
            "visibility": 1
        },
        {
            "bounding_box_minx_maxx_miny_maxy": [
                -1,
                -1,
                -1,
                -1
            ],
            "class": "ReadytoUse",
            "local_cuboid": null,
            "local_to_world_matrix": [
                [
                    0.033339500427246094,
                    -0.964633584022522,
                    0.26147767901420593,
                    0.0
                ],
                [
                    -0.25270095467567444,
                    0.24498635530471802,
                    0.9360148906707764,
                    0.0
                ],
                [
                    -0.9669698476791382,
                    -0.09728190302848816,
                    -0.2355961799621582,
                    0.0
                ],
                [
                    0.3026704490184784,
                    0.0608474425971508,
                    -0.3626386225223541,
                    1.0
                ]
            ],
            "location": [
                -0.0608474425971508,
                -0.3626386225223541,
                -0.3026704490184784
            ],
            "location_world": [
                0.3026704490184784,
                0.0608474425971508,
                -0.3626386225223541
            ],
            "name": "google_ReadytoUse_Rolled_Fondant_Pure_White_24_oz_box_10",
            "projected_cuboid": [
                [
                    331.876665353775,
                    1922.2373962402344
                ],
                [
                    285.73644161224365,
                    1870.5873489379883
                ],
                [
                    233.03353786468506,
                    904.7703742980957
                ],
                [
                    257.0742666721344,
                    967.8899645805359
                ],
                [
                    -158.61999988555908,
                    2103.0101776123047
                ],
                [
                    -252.54517793655396,
                    2066.8506622314453
                ],
                [
                    -7.811307907104492,
                    979.0130257606506
                ],
                [
                    26.290997862815857,
                    1039.9634838104248
                ],
                [
                    105.72318732738495,
                    1294.2684888839722
                ]
            ],
            "provenance": "visii",
            "quaternion_xyzw": [
                0.12414588034152985,
                0.03320951759815216,
                0.12876468896865845,
                0.9833130836486816
            ],
            "quaternion_xyzw_world": [
                0.5059518814086914,
                -0.6015070676803589,
                -0.3485964834690094,
                0.5105707049369812
            ],
            "segmentation_id": 11,
            "visibility": 0
        },
        {
            "bounding_box_minx_maxx_miny_maxy": [
                -1,
                -1,
                -1,
                -1
            ],
            "class": "Dog",
            "local_cuboid": null,
            "local_to_world_matrix": [
                [
                    -0.6133613586425781,
                    0.27441519498825073,
                    -0.7405971884727478,
                    0.0
                ],
                [
                    0.6408489942550659,
                    -0.3751523494720459,
                    -0.6697561740875244,
                    0.0
                ],
                [
                    -0.4616280198097229,
                    -0.8854135274887085,
                    0.054245173931121826,
                    0.0
                ],
                [
                    0.27678757905960083,
                    -0.3399697244167328,
                    0.1698552668094635,
                    1.0
                ]
            ],
            "location": [
                0.3399697244167328,
                0.1698552668094635,
                -0.27678757905960083
            ],
            "location_world": [
                0.27678757905960083,
                -0.3399697244167328,
                0.1698552668094635
            ],
            "name": "google_Dog_11",
            "projected_cuboid": [
                [
                    5377.984046936035,
                    -1518.3994770050049
                ],
                [
                    2069.736957550049,
                    143.93164217472076
                ],
                [
                    1032.9029560089111,
                    205.56673407554626
                ],
                [
                    1386.6440057754517,
                    -350.4372835159302
                ],
                [
                    1836.1176252365112,
                    -760.4093551635742
                ],
                [
                    1368.469476699829,
                    -137.84340023994446
                ],
                [
                    853.3439636230469,
                    -34.0157151222229
                ],
                [
                    957.2046399116516,
                    -414.02310132980347
                ],
                [
                    1374.2012977600098,
                    -204.89171147346497
                ]
            ],
            "provenance": "visii",
            "quaternion_xyzw": [
                0.4831441342830658,
                -0.18909722566604614,
                0.7755320072174072,
                -0.35967230796813965
            ],
            "quaternion_xyzw_world": [
                -0.4205786883831024,
                -0.5440505146980286,
                0.7146255970001221,
                -0.12819083034992218
            ],
            "segmentation_id": 12,
            "visibility": 0
        },
        {
            "bounding_box_minx_maxx_miny_maxy": [
                364,
                378,
                494,
                500
            ],
            "class": "Black",
            "local_cuboid": null,
            "local_to_world_matrix": [
                [
                    -0.6471420526504517,
                    -0.08909939229488373,
                    0.7571449279785156,
                    0.0
                ],
                [
                    -0.5039374232292175,
                    -0.695236325263977,
                    -0.5125362873077393,
                    0.0
                ],
                [
                    0.57206130027771,
                    -0.7132375240325928,
                    0.4050161838531494,
                    0.0
                ],
                [
                    1.6213332414627075,
                    -0.2540317177772522,
                    -0.7749008536338806,
                    1.0
                ]
            ],
            "location": [
                0.2540317177772522,
                -0.7749008536338806,
                -1.6213332414627075
            ],
            "location_world": [
                1.6213332414627075,
                -0.2540317177772522,
                -0.7749008536338806
            ],
            "name": "google_Black_Elderberry_Syrup_54_oz_Gaia_Herbs_12",
            "projected_cuboid": [
                [
                    370.49442529678345,
                    491.0869598388672
                ],
                [
                    387.4797523021698,
                    506.32190704345703
                ],
                [
                    355.3304970264435,
                    542.0577526092529
                ],
                [
                    338.06538581848145,
                    525.3832340240479
                ],
                [
                    366.1627471446991,
                    500.98156929016113
                ],
                [
                    382.70488381385803,
                    516.0592794418335
                ],
                [
                    351.0432243347168,
                    551.4794588088989
                ],
                [
                    334.24100279808044,
                    535.0079536437988
                ],
                [
                    360.9905242919922,
                    520.5948352813721
                ]
            ],
            "provenance": "visii",
            "quaternion_xyzw": [
                0.7371731400489807,
                0.49255090951919556,
                0.46135005354881287,
                0.03354752063751221
            ],
            "quaternion_xyzw_world": [
                0.4009607434272766,
                -0.3697599172592163,
                0.8287633061408997,
                0.12513767182826996
            ],
            "segmentation_id": 13,
            "visibility": 1
        },
        {
            "bounding_box_minx_maxx_miny_maxy": [
                18,
                42,
                9,
                55
            ],
            "class": "Razer",
