{
    "camera_data": {
        "camera_look_at": {
            "at": [
                1.0,
                0.0,
                0.0
            ],
            "eye": [
                0.0,
                0.0,
                0.0
            ],
            "up": [
                0.0,
                0.0,
                1.0
            ]
        },
        "camera_view_matrix": [
            [
                0.0,
                0.0,
                -1.0,
                0.0
            ],
            [
                -1.0,
                0.0,
                0.0,
                0.0
            ],
            [
                0.0,
                1.0,
                0.0,
                0.0
            ],
            [
                0.0,
                0.0,
                0.0,
                1.0
            ]
        ],
        "height": 500,
        "intrinsics": {
            "cx": 250.0,
            "cy": 250.0,
            "fx": 603.5535278320312,
            "fy": 603.5535278320312
        },
        "location_world": [
            0.0,
            0.0,
            0.0
        ],
        "quaternion_world_xyzw": [
            0.5,
            -0.5,
            -0.5,
            0.5
        ],
        "width": 500
    },
    "objects": [
        {
            "bounding_box_minx_maxx_miny_maxy": [
                -1,
                -1,
                -1,
                -1
            ],
            "class": "Reebok",
            "local_cuboid": null,
            "local_to_world_matrix": [
                [
                    0.7445001602172852,
                    -0.06984663754701614,
                    -0.6639585494995117,
                    0.0
                ],
                [
                    -0.2552095949649811,
                    -0.9487558603286743,
                    -0.18636131286621094,
                    0.0
                ],
                [
                    -0.6169178485870361,
                    0.3081946074962616,
                    -0.7241743803024292,
                    0.0
                ],
                [
                    0.8966201543807983,
                    -0.4492262005805969,
                    0.5063778758049011,
                    1.0
                ]
            ],
            "location": [
                0.4492262005805969,
                0.5063778758049011,
                -0.8966201543807983
            ],
            "location_world": [
                0.8966201543807983,
                -0.4492262005805969,
                0.5063778758049011
            ],
            "name": "google_Reebok_SOMERSET_RUN_0",
            "projected_cuboid": [
                [
                    435.88072061538696,
                    -25.056570768356323
                ],
                [
                    654.5778512954712,
                    -10.143697261810303
                ],
                [
                    646.388590335846,
                    -45.769721269607544
                ],
                [
                    444.36633586883545,
                    -56.86217546463013
                ],
                [
                    449.1196274757385,
                    -108.3584725856781
                ],
                [
                    693.7856078147888,
                    -100.1083254814148
                ],
                [
                    681.3187003135681,
                    -131.51323795318604
                ],
                [
                    457.3415517807007,
                    -136.47150993347168
                ],
                [
                    552.3923635482788,
                    -75.59254765510559
                ]
            ],
            "provenance": "visii",
            "quaternion_xyzw": [
                0.3997781276702881,
                0.17809706926345825,
                -0.658299446105957,
                0.6124547123908997
            ],
            "quaternion_xyzw_world": [
                0.9243146777153015,
                -0.08791816979646683,
                -0.3464394807815552,
                -0.13376286625862122
            ],
            "segmentation_id": 1,
            "visibility": 0
        },
        {
            "bounding_box_minx_maxx_miny_maxy": [
                -1,
                -1,
                -1,
                -1
            ],
            "class": "Breyer",
            "local_cuboid": null,
            "local_to_world_matrix": [
                [
                    -0.982833743095398,
                    0.04652022942900658,
                    0.1785319298505783,
                    0.0
                ],
                [
                    0.14074139297008514,
                    0.8147315979003906,
                    0.5624982118606567,
                    0.0
                ],
                [
                    -0.11928806453943253,
                    0.5779690742492676,
                    -0.8072930574417114,
                    0.0
                ],
                [
                    1.219673752784729,
                    0.53485506772995,
                    -0.22791452705860138,
                    1.0
                ]
            ],
            "location": [
                -0.53485506772995,
                -0.22791452705860138,
                -1.219673752784729
            ],
            "location_world": [
                1.219673752784729,
                0.53485506772995,
                -0.22791452705860138
            ],
            "name": "google_Breyer_Horse_Of_The_Year_2015_1",
            "projected_cuboid": [
                [
                    -90.19544720649719,
                    441.30581617355347
                ],
                [
                    -113.66197466850281,
                    421.933114528656
                ],
                [
                    -59.509724378585815,
                    351.82881355285645
                ],
                [
                    -36.03333234786987,
                    370.3632652759552
                ],
                [
                    -26.259183883666992,
                    427.1458387374878
                ],
                [
                    -46.07588052749634,
                    411.1984670162201
                ],
                [
                    -2.05114483833313,
                    353.15561294555664
                ],
                [
                    17.762094736099243,
                    368.52890253067017
                ],
                [
                    -41.50491952896118,
                    392.6120400428772
                ]
            ],
            "provenance": "visii",
            "quaternion_xyzw": [
                -0.2606211304664612,
                0.6102725267410278,
                -0.3883651793003082,
                -0.6393876075744629
            ],
            "quaternion_xyzw_world": [
                0.049314506351947784,
                0.9493232369422913,
                0.30033692717552185,
                -0.07842955738306046
            ],
            "segmentation_id": 2,
            "visibility": 0
        },
        {
            "bounding_box_minx_maxx_miny_maxy": [
                89,
                153,
                147,
                316
            ],
            "class": "Smith",
            "local_cuboid": null,
            "local_to_world_matrix": [
                [
                    0.3820219039916992,
                    -0.6081730127334595,
                    -0.6958339214324951,
                    0.0
                ],
                [
                    0.7114989757537842,
                    -0.2869536876678467,
                    0.641425609588623,
                    0.0
                ],
                [
                    -0.5897698402404785,
                    -0.7401237487792969,
                    0.32309186458587646,
                    0.0
                ],
                [
                    1.5953290462493896,
                    0.4319320619106293,
                    -0.014345969073474407,
                    1.0
                ]
            ],
            "location": [
                -0.4319320619106293,
                -0.014345969073474407,
                -1.5953290462493896
            ],
            "location_world": [
                1.5953290462493896,
                0.4319320619106293,
                -0.014345969073474407
            ],
            "name": "google_Smith_Hawken_Woven_BasketTray_Organizer_with_3_Compartments_95_x_9_x_13_2",
            "projected_cuboid": [
                [
                    181.2746226787567,
                    308.4857165813446
                ],
                [
                    217.1047478914261,
                    239.3152117729187
                ],
                [
                    151.648610830307,
                    270.15191316604614
                ],
                [
                    111.80135607719421,
                    335.94000339508057
                ],
                [
                    69.97977197170258,
                    195.97108662128448
                ],
                [
                    123.17915260791779,
                    134.39877331256866
                ],
                [
                    61.351850628852844,
                    178.15083265304565
                ],
                [
                    6.1333924531936646,
                    238.50631713867188
                ],
                [
                    117.27777123451233,
                    238.93246054649353
                ]
            ],
            "provenance": "visii",
            "quaternion_xyzw": [
                -0.3069925010204315,
                0.3329724967479706,
                -0.29162099957466125,
                0.8425211906433105
            ],
            "quaternion_xyzw_world": [
                0.580061137676239,
                0.044532377272844315,
                -0.5540811419487,
                0.5954326391220093
            ],
            "segmentation_id": 3,
            "visibility": 1
        },
        {
            "bounding_box_minx_maxx_miny_maxy": [
                326,
                499,
                290,
                500
            ],
            "class": "Paul",
            "local_cuboid": null,
            "local_to_world_matrix": [
                [
                    0.12157684564590454,
                    0.8214266896247864,
                    -0.5572049617767334,
                    0.0
                ],
                [
                    -0.9626711010932922,
                    -0.039191603660583496,
                    -0.26782166957855225,
                    0.0
                ],
                [
                    -0.24183355271816254,
                    0.5689660310745239,
                    0.7859988212585449,
                    0.0
                ],
                [
                    0.39091306924819946,
                    -0.25414758920669556,
                    -0.2159249633550644,
                    1.0
                ]
            ],
            "location": [
                0.25414758920669556,
                -0.2159249633550644,
                -0.39091306924819946
            ],
            "location_world": [
                0.39091306924819946,
                -0.25414758920669556,
                -0.2159249633550644
            ],
            "name": "google_Paul_Frank_Dot_Lunch_Box_3",
            "projected_cuboid": [
                [
                    267.17233657836914,
                    389.03605937957764
                ],
                [
                    281.6811501979828,
                    495.721697807312
                ],
                [
                    501.1061429977417,
                    766.9271230697632
                ],
                [
                    438.69656324386597,
                    611.8888854980469
                ],
                [
                    620.8771467208862,
                    162.11985051631927
                ],
                [
                    774.8156189918518,
                    193.27452778816223
                ],
                [
                    930.3279519081116,
                    543.9121723175049
                ],
                [
                    758.7767243385315,
                    431.51795864105225
                ],
                [
                    562.2914433479309,
                    457.9594135284424
                ]
            ],
            "provenance": "visii",
            "quaternion_xyzw": [
                -0.22614236176013947,
                0.5726629495620728,
                0.7633939981460571,
                -0.19531084597110748
            ],
            "quaternion_xyzw_world": [
                -0.30609214305877686,
                0.11536106467247009,
                0.6526127457618713,
                0.6834442615509033
            ],
            "segmentation_id": 4,
            "visibility": 1
        },
        {
            "bounding_box_minx_maxx_miny_maxy": [
                -1,
                -1,
                -1,
                -1
            ],
            "class": "Toys",
            "local_cuboid": null,
            "local_to_world_matrix": [
                [
                    0.7572793364524841,
                    -0.4800673723220825,
                    -0.44279032945632935,
                    0.0
                ],
                [
                    0.133811816573143,
                    0.7776607275009155,
                    -0.6142785549163818,
                    0.0
                ],
                [
                    0.63923579454422,
                    0.40592989325523376,
                    0.6531450748443604,
                    0.0
                ],
                [
                    0.8824987411499023,
                    -0.6352691054344177,
                    0.18365590274333954,
                    1.0
                ]
            ],
            "location": [
                0.6352691054344177,
                0.18365590274333954,
                -0.8824987411499023
            ],
            "location_world": [
                0.8824987411499023,
                -0.6352691054344177,
                0.18365590274333954
            ],
            "name": "google_Toys_R_Us_Treat_Dispenser_Smart_Puzzle_Foobler_4",
            "projected_cuboid": [
                [
                    643.0222988128662,
                    75.8393406867981
                ],
                [
                    566.4756298065186,
                    133.62939655780792
                ],
                [
                    638.6292576789856,
                    185.21898984909058
                ],
                [
                    724.8400449752808,
                    122.47958779335022
                ],
                [
                    644.3598866462708,
                    8.100703358650208
                ],
                [
                    558.1631660461426,
                    74.65024292469025
                ],
                [
                    639.4740343093872,
                    126.55036151409149
                ],
                [
                    738.1221055984497,
                    53.290367126464844
                ],
                [
                    641.4335370063782,
                    98.54541718959808
                ]
            ],
            "provenance": "visii",
            "quaternion_xyzw": [
                -0.8266773819923401,
                0.3690832555294037,
                0.3517724275588989,
                0.2379879355430603
            ],
            "quaternion_xyzw_world": [
                -0.2856892943382263,
                0.3030001223087311,
                -0.1719047874212265,
                0.8927605152130127
            ],
            "segmentation_id": 5,
            "visibility": 0
        },
        {
            "bounding_box_minx_maxx_miny_maxy": [
                -1,
                -1,
                -1,
                -1
            ],
            "class": "Tag",
            "local_cuboid": null,
            "local_to_world_matrix": [
                [
                    0.1030888557434082,
                    -0.32389914989471436,
                    -0.9404585361480713,
                    0.0
                ],
                [
                    0.8663550615310669,
                    -0.43527519702911377,
                    0.24487721920013428,
                    0.0
                ],
                [
                    -0.4886735677719116,
                    -0.8400150537490845,
                    0.2357393503189087,
                    0.0
                ],
                [
                    0.4065438508987427,
                    0.36130428314208984,
                    0.03140630945563316,
                    1.0
                ]
            ],
            "location": [
                -0.36130428314208984,
                0.03140630945563316,
                -0.4065438508987427
            ],
            "location_world": [
                0.4065438508987427,
                0.36130428314208984,
                0.03140630945563316
            ],
            "name": "google_Tag_Dishtowel_Basket_Weave_Red_18_x_26_5",
            "projected_cuboid": [
                [
                    -471.2740182876587,
                    389.9635672569275
                ],
                [
                    -56.9208562374115,
                    264.3609642982483
                ],
                [
                    -81.02744817733765,
                    273.4944522380829
                ],
                [
                    -488.40993642807007,
                    398.15688133239746
                ],
                [
                    -635.7837915420532,
                    52.716001868247986
                ],
                [
                    -137.3431384563446,
                    63.90368938446045
                ],
                [
                    -159.55239534378052,
                    80.20684123039246
                ],
                [
                    -644.4920301437378,
                    80.75304329395294
                ],
                [
                    -275.9856581687927,
                    195.90622186660767
                ]
            ],
            "provenance": "visii",
            "quaternion_xyzw": [
                0.3841707110404968,
                -0.3287493586540222,
                0.4795563817024231,
                -0.7171907424926758
            ],
            "quaternion_xyzw_world": [
                -0.5706629157066345,
                -0.23764288425445557,
                0.6260842084884644,
                -0.47527721524238586
            ],
            "segmentation_id": 6,
            "visibility": 0
        },
        {
            "bounding_box_minx_maxx_miny_maxy": [
                -1,
                -1,
                -1,
                -1
            ],
            "class": "FRACTION",
            "local_cuboid": null,
            "local_to_world_matrix": [
                [
                    0.39894944429397583,
                    0.5061343312263489,
                    0.7646355628967285,
                    0.0
                ],
                [
                    -0.9032043814659119,
                    0.0729377269744873,
                    0.42296838760375977,
                    0.0
                ],
                [
                    0.15830790996551514,
                    -0.8593651056289673,
                    0.48624104261398315,
                    0.0
                ],
                [
                    1.621744990348816,
                    -0.08226512372493744,
                    0.26267099380493164,
                    1.0
                ]
            ],
            "location": [
                0.08226512372493744,
                0.26267099380493164,
                -1.621744990348816
            ],
            "location_world": [
                1.621744990348816,
                -0.08226512372493744,
                0.26267099380493164
            ],
            "name": "google_FRACTION_FUN_n4h4qte23QR_6",
            "projected_cuboid": [
                [
                    278.45725417137146,
                    142.709881067276
                ],
                [
                    276.26165747642517,
                    100.49942135810852
                ],
                [
                    261.92280650138855,
                    108.01853239536285
                ],
                [
                    265.5332684516907,
                    149.65957403182983
                ],
                [
                    311.5134835243225,
                    186.3938271999359
                ],
                [
                    312.96029686927795,
                    147.1753716468811
                ],
                [
                    298.12338948249817,
                    155.26004135608673
                ],
                [
                    298.18636178970337,
                    193.81511211395264
                ],
                [
                    287.54109144210815,
                    148.50685000419617
                ]
            ],
            "provenance": "visii",
            "quaternion_xyzw": [
                0.2393769770860672,
                0.7223937511444092,
                0.4808477461338043,
                0.43546706438064575
            ],
            "quaternion_xyzw_world": [
                0.4581950306892395,
                -0.21664902567863464,
                0.5035756826400757,
                0.6996657848358154
            ],
            "segmentation_id": 7,
            "visibility": 0
        },
        {
            "bounding_box_minx_maxx_miny_maxy": [
                0,
                88,
                1,
                31
            ],
            "class": "FAIRY",
            "local_cuboid": null,
            "local_to_world_matrix": [
                [
                    0.8506069183349609,
                    -0.15127602219581604,
                    0.5035706162452698,
                    0.0
                ],
                [
                    0.26854610443115234,
                    0.9483764171600342,
                    -0.16871628165245056,
                    0.0
                ],
                [
                    -0.4520517885684967,
                    0.278743177652359,
                    0.8473201394081116,
                    0.0
                ],
                [
                    0.6392791867256165,
                    0.26138219237327576,
                    0.23319941759109497,
                    1.0
                ]
            ],
            "location": [
                -0.26138219237327576,
                0.23319941759109497,
                -0.6392791867256165
            ],
            "location_world": [
                0.6392791867256165,
                0.26138219237327576,
                0.23319941759109497
            ],
            "name": "google_FAIRY_TALE_BLOCKS_7",
            "projected_cuboid": [
                [
                    72.49534130096436,
                    -252.95299291610718
                ],
                [
                    -132.03272223472595,
                    -160.61607003211975
                ],
                [
                    -34.618377685546875,
                    38.542091846466064
                ],
                [
                    150.61277151107788,
                    -20.697325468063354
                ],
                [
                    -78.2480239868164,
                    -330.0284743309021
                ],
                [
                    -351.7361283302307,
                    -184.5470666885376
                ],
                [
                    -179.45992946624756,
                    92.43996441364288
                ],
                [
                    63.3234828710556,
                    15.875265002250671
                ],
                [
                    -49.351513385772705,
                    -85.91911196708679
                ]
            ],
            "provenance": "visii",
            "quaternion_xyzw": [
                -0.4658166170120239,
                0.23872363567352295,
                0.606113076210022,
                0.5988763570785522
            ],
            "quaternion_xyzw_world": [
                -0.11716483533382416,
                -0.2502245604991913,
                -0.10992814600467682,
                0.9547648429870605
            ],
            "segmentation_id": 8,
            "visibility": 1
        },
        {
            "bounding_box_minx_maxx_miny_maxy": [
                -1,
                -1,
                -1,
                -1
            ],
            "class": "Great",
            "local_cuboid": null,
            "local_to_world_matrix": [
                [
                    0.7138582468032837,
                    0.699981689453125,
                    -0.02078627049922943,
                    0.0
                ],
                [
                    0.6557409763336182,
                    -0.6577339172363281,
                    0.37066227197647095,
                    0.0
                ],
                [
                    0.2457849234342575,
                    -0.27823078632354736,
                    -0.9285354614257812,
                    0.0
                ],
                [
                    0.22088557481765747,
                    -0.3567555546760559,
                    -0.25965383648872375,
                    1.0
                ]
            ],
            "location": [
                0.3567555546760559,
                -0.25965383648872375,
                -0.22088557481765747
            ],
            "location_world": [
                0.22088557481765747,
                -0.3567555546760559,
                -0.25965383648872375
            ],
            "name": "google_Great_Jones_Wingtip_kAqSg6EgG0I_8",
            "projected_cuboid": [
                [
                    1050.1670837402344,
                    1625.3135204315186
                ],
                [
                    948.1866955757141,
                    726.6193628311157
                ],
                [
                    949.3392705917358,
                    587.6621007919312
                ],
                [
                    1070.8277225494385,
                    1465.4515981674194
                ],
                [
                    2085.4482650756836,
                    2635.122060775757
                ],
                [
                    1277.180552482605,
                    843.6906933784485
                ],
                [
                    1311.1066818237305,
                    677.3467063903809
                ],
                [
                    2494.131326675415,
                    2672.36328125
                ],
                [
                    1207.6523303985596,
                    1053.1857013702393
                ]
            ],
            "provenance": "visii",
            "quaternion_xyzw": [
                0.2092493325471878,
                0.7609910368919373,
                -0.5204648375511169,
                0.3259201943874359
            ],
            "quaternion_xyzw_world": [
                0.9083126783370972,
                0.37314316630363464,
                0.06192764267325401,
                0.17859847843647003
            ],
            "segmentation_id": 9,
            "visibility": 0
        },
        {
            "bounding_box_minx_maxx_miny_maxy": [
                160,
                368,
                1,
                164
            ],
            "class": "Ecoforms",
            "local_cuboid": null,
            "local_to_world_matrix": [
                [
                    -0.22787225246429443,
                    0.7363141775131226,
                    0.6371150016784668,
                    0.0
                ],
                [
                    0.31394335627555847,
                    -0.5638248920440674,
                    0.7638986110687256,
                    0.0
                ],
                [
                    0.9216907024383545,
                    0.37408939003944397,
                    -0.10268092155456543,
                    0.0
                ],
                [
                    0.6767106056213379,
                    -0.06453516334295273,
                    0.2515324354171753,
                    1.0
                ]
            ],
            "location": [
                0.06453516334295273,
                0.2515324354171753,
                -0.6767106056213379
            ],
            "location_world": [
                0.6767106056213379,
                -0.06453516334295273,
                0.2515324354171753
            ],
            "name": "google_Ecoforms_Plant_Container_Quadra_Sand_QP6_9",
            "projected_cuboid": [
                [
                    155.57481348514557,
                    78.17782461643219
                ],
                [
                    239.2907589673996,
                    -13.949155807495117
                ],
                [
                    292.4203872680664,
                    -89.06289935112
                ],
                [
                    192.97747313976288,
                    18.78182590007782
                ],
                [
                    263.2247805595398,
                    176.06940865516663
                ],
                [
                    335.5585038661957,
                    81.85197412967682
                ],
                [
                    406.05664253234863,
                    31.645938754081726
                ],
                [
                    323.21158051490784,
                    143.27077567577362
                ],
                [
                    276.47754549980164,
                    55.71776628494263
                ]
            ],
            "provenance": "visii",
            "quaternion_xyzw": [
                0.32460662722587585,
                0.9249193668365479,
                -0.11261096596717834,
                -0.16270652413368225
            ],
            "quaternion_xyzw_world": [
                0.5997152328491211,
                0.4378151297569275,
                0.649810791015625,
                0.1624976247549057
            ],
            "segmentation_id": 10,
            "visibility": 1
        },
        {
            "bounding_box_minx_maxx_miny_maxy": [
                -1,
                -1,
                -1,
                -1
            ],
            "class": "ReadytoUse",
            "local_cuboid": null,
            "local_to_world_matrix": [
                [
                    0.7802038788795471,
                    -0.15785160660743713,
                    -0.6052807569503784,
                    0.0
                ],
                [
                    -0.603071928024292,
                    0.067111074924469,
                    -0.7948587536811829,
                    0.0
                ],
                [
                    0.16609078645706177,
                    0.9851797223091125,
                    -0.04283559322357178,
                    0.0
                ],
                [
                    0.16161994636058807,
                    -0.024552887305617332,
                    -0.3565686047077179,
                    1.0
                ]
            ],
            "location": [
                0.024552887305617332,
                -0.3565686047077179,
                -0.16161994636058807
            ],
            "location_world": [
                0.16161994636058807,
                -0.024552887305617332,
                -0.3565686047077179
            ],
            "name": "google_ReadytoUse_Rolled_Fondant_Pure_White_24_oz_box_10",
            "projected_cuboid": [
                [
                    -62.61402368545532,
                    1163.311243057251
                ],
                [
                    -113.2669746875763,
                    1391.2230730056763
                ],
                [
                    350.9598970413208,
                    1533.4548950195312
                ],
                [
                    346.4849591255188,
                    1258.1738233566284
                ],
                [
                    -325.79928636550903,
                    1432.7623844146729
                ],
                [
                    -475.56430101394653,
                    1893.5555219650269
                ],
                [
                    330.71231842041016,
                    2313.8301372528076
                ],
                [
                    327.59618759155273,
                    1656.1493873596191
                ],
                [
                    48.544034361839294,
                    1488.4594678878784
                ]
            ],
            "provenance": "visii",
            "quaternion_xyzw": [
                -0.7278051376342773,
                0.23096562922000885,
                0.6064066886901855,
                -0.22186829149723053
            ],
            "quaternion_xyzw_world": [
                -0.6625572443008423,
                0.2871161699295044,
                0.16571775078773499,
                0.6716545820236206
            ],
            "segmentation_id": 11,
            "visibility": 0
        },
        {
            "bounding_box_minx_maxx_miny_maxy": [
                -1,
                -1,
                -1,
                -1
            ],
            "class": "Dog",
            "local_cuboid": null,
            "local_to_world_matrix": [
                [
                    -0.8843498229980469,
                    -0.12626247107982635,
                    -0.44942575693130493,
                    0.0
                ],
                [
                    0.4224148988723755,
                    -0.6262627840042114,
                    -0.6552562713623047,
                    0.0
                ],
                [
                    -0.19872428476810455,
                    -0.7693197727203369,
                    0.6071702837944031,
                    0.0
                ],
                [
                    0.24420315027236938,
                    -0.3432336151599884,
                    0.393893837928772,
                    1.0
                ]
            ],
            "location": [
                0.3432336151599884,
                0.393893837928772,
                -0.24420315027236938
            ],
            "location_world": [
                0.24420315027236938,
                -0.3432336151599884,
                0.393893837928772
            ],
            "name": "google_Dog_11",
            "projected_cuboid": [
                [
                    4752.5458335876465,
                    -4934.64994430542
                ],
                [
                    2718.0683612823486,
                    -1482.9473495483398
                ],
                [
                    1655.352234840393,
                    -691.7587518692017
                ],
                [
                    2055.171012878418,
                    -2162.482261657715
                ],
                [
                    1212.8443717956543,
                    -1171.8567609786987
                ],
                [
                    1197.3216533660889,
                    -633.8016986846924
                ],
                [
                    858.8553667068481,
                    -352.64116525650024
                ],
                [
                    785.2733135223389,
                    -748.6215829849243
                ],
                [
                    1390.8717632293701,
                    -978.7061214447021
                ]
            ],
            "provenance": "visii",
            "quaternion_xyzw": [
                0.6290457844734192,
                0.0702798068523407,
                0.6572134494781494,
                -0.40918534994125366
            ],
            "quaternion_xyzw_world": [
                -0.1835365742444992,
                -0.4033970534801483,
                0.8828622102737427,
                -0.15536892414093018
            ],
            "segmentation_id": 12,
            "visibility": 0
        },
        {
            "bounding_box_minx_maxx_miny_maxy": [
                318,
                341,
                454,
                480
            ],
            "class": "Black",
            "local_cuboid": null,
            "local_to_world_matrix": [
                [
                    -0.8873521089553833,
                    0.006770610809326172,
                    -0.4610428214073181,
                    0.0
                ],
                [
                    0.46089279651641846,
                    0.04245257377624512,
                    -0.886439859867096,
                    0.0
                ],
                [
                    0.013570696115493774,
                    -0.9990755915641785,
                    -0.04079091548919678,
                    0.0
                ],
                [
                    1.8477751016616821,
                    -0.21051397919654846,
                    -0.6620067358016968,
                    1.0
                ]
            ],
            "location": [
                0.21051397919654846,
                -0.6620067358016968,
                -1.8477751016616821
            ],
            "location_world": [
                1.8477751016616821,
                -0.21051397919654846,
                -0.6620067358016968
            ],
            "name": "google_Black_Elderberry_Syrup_54_oz_Gaia_Herbs_12",
            "projected_cuboid": [
                [
                    368.8480257987976,
                    468.28097105026245
                ],
                [
                    366.26332998275757,
                    482.2463393211365
                ],
                [
                    318.73276829719543,
                    480.54975271224976
                ],
                [
                    320.6046223640442,
                    466.54361486434937
                ],
                [
                    365.736722946167,
                    453.7959396839142
                ],
                [
                    363.2662892341614,
                    467.5953686237335
                ],
                [
                    317.00968742370605,
                    465.9290909767151
                ],
                [
                    318.8052773475647,
                    452.09062099456787
                ],
                [
                    342.3963785171509,
                    467.08086133003235
                ]
            ],
            "provenance": "visii",
            "quaternion_xyzw": [
                -0.687975287437439,
                0.18296277523040771,
                -0.6854997873306274,
                0.15265879034996033
            ],
            "quaternion_xyzw_world": [
                0.16657301783561707,
                0.7018895149230957,
                -0.6715855598449707,
                0.1690485179424286
            ],
            "segmentation_id": 13,
            "visibility": 1
        },
        {
            "bounding_box_minx_maxx_miny_maxy": [
                0,
                17,
                49,
                77
            ],
