{
    "camera_data": {
        "camera_look_at": {
            "at": [
                1.0,
                0.0,
                0.0
            ],
            "eye": [
                0.0,
                0.0,
                0.0
            ],
            "up": [
                0.0,
                0.0,
                1.0
            ]
        },
        "camera_view_matrix": [
            [
                0.0,
                0.0,
                -1.0,
                0.0
            ],
            [
                -1.0,
                0.0,
                0.0,
                0.0
            ],
            [
                0.0,
                1.0,
                0.0,
                0.0
            ],
            [
                0.0,
                0.0,
                0.0,
                1.0
            ]
        ],
        "height": 500,
        "intrinsics": {
            "cx": 250.0,
            "cy": 250.0,
            "fx": 603.5535278320312,
            "fy": 603.5535278320312
        },
        "location_world": [
            0.0,
            0.0,
            0.0
        ],
        "quaternion_world_xyzw": [
            0.5,
            -0.5,
            -0.5,
            0.5
        ],
        "width": 500
    },
    "objects": [
        {
            "bounding_box_minx_maxx_miny_maxy": [
                -1,
                -1,
                -1,
                -1
            ],
            "class": "Reebok",
            "local_cuboid": null,
            "local_to_world_matrix": [
                [
                    0.3547747731208801,
                    -0.8608453273773193,
                    -0.364801287651062,
                    0.0
                ],
                [
                    -0.9318505525588989,
                    -0.357324481010437,
                    -0.06303662061691284,
                    0.0
                ],
                [
                    -0.07608766853809357,
                    0.36230412125587463,
                    -0.9289488792419434,
                    0.0
                ],
                [
                    0.7848436236381531,
                    -0.3958865702152252,
                    0.47715508937835693,
                    1.0
                ]
            ],
            "location": [
                0.3958865702152252,
                0.47715508937835693,
                -0.7848436236381531
            ],
            "location_world": [
                0.7848436236381531,
                -0.3958865702152252,
                0.47715508937835693
            ],
            "name": "google_Reebok_SOMERSET_RUN_0",
            "projected_cuboid": [
                [
                    476.6392707824707,
                    18.254265189170837
                ],
                [
                    665.9892797470093,
                    -60.663193464279175
                ],
                [
                    698.4657049179077,
                    -153.92106771469116
                ],
                [
                    501.4835596084595,
                    -48.72545599937439
                ],
                [
                    421.0972785949707,
                    -19.990473985671997
                ],
                [
                    598.2399582862854,
                    -120.83753943443298
                ],
                [
                    633.7375044822693,
                    -219.1908359527588
                ],
                [
                    447.5899040699005,
                    -89.57129716873169
                ],
                [
                    539.8951768875122,
                    -77.35341787338257
                ]
            ],
            "provenance": "visii",
            "quaternion_xyzw": [
                0.6796679496765137,
                -0.002750180661678314,
                -0.26376068592071533,
                0.684451699256897
            ],
            "quaternion_xyzw_world": [
                0.8125650882720947,
                -0.5515545606613159,
                -0.13564728200435638,
                -0.13086359202861786
            ],
            "segmentation_id": 1,
            "visibility": 0
        },
        {
            "bounding_box_minx_maxx_miny_maxy": [
                -1,
                -1,
                -1,
                -1
            ],
            "class": "Breyer",
            "local_cuboid": null,
            "local_to_world_matrix": [
                [
                    0.2736148238182068,
                    -0.9536239504814148,
                    0.12544476985931396,
                    0.0
                ],
                [
                    0.42330437898635864,
                    0.23650115728378296,
                    0.8745745420455933,
                    0.0
                ],
                [
                    -0.8636830449104309,
                    -0.1861952543258667,
                    0.4683833718299866,
                    0.0
                ],
                [
                    1.314164161682129,
                    0.6492892503738403,
                    -0.1293594241142273,
                    1.0
                ]
            ],
            "location": [
                -0.6492892503738403,
                -0.1293594241142273,
                -1.314164161682129
            ],
            "location_world": [
                1.314164161682129,
                0.6492892503738403,
                -0.1293594241142273
            ],
            "name": "google_Breyer_Horse_Of_The_Year_2015_1",
            "projected_cuboid": [
                [
                    -2.4243295192718506,
                    281.375914812088
                ],
                [
                    -4.109233617782593,
                    255.97044825553894
                ],
                [
                    7.9428404569625854,
                    287.20471262931824
                ],
                [
                    9.68119502067566,
                    310.6662929058075
                ],
                [
                    -132.99250602722168,
                    298.45020174980164
                ],
                [
                    -132.03316926956177,
                    271.3085412979126
                ],
                [
                    -106.35381937026978,
                    302.50126123428345
                ],
                [
                    -106.72098398208618,
                    327.4213373661041
                ],
                [
                    -56.330323219299316,
                    292.33318567276
                ]
            ],
            "provenance": "visii",
            "quaternion_xyzw": [
                -0.23203790187835693,
                0.11965329945087433,
                0.09418676793575287,
                0.9607135057449341
            ],
            "quaternion_xyzw_world": [
                0.3770710527896881,
                -0.35160452127456665,
                -0.4894556701183319,
                0.7032957077026367
            ],
            "segmentation_id": 2,
            "visibility": 0
        },
        {
            "bounding_box_minx_maxx_miny_maxy": [
                63,
                217,
                207,
                280
            ],
            "class": "Smith",
            "local_cuboid": null,
            "local_to_world_matrix": [
                [
                    -0.7759923934936523,
                    -0.5900580286979675,
                    0.22286176681518555,
                    0.0
                ],
                [
                    0.38585764169692993,
                    -0.7235981225967407,
                    -0.5722933411598206,
                    0.0
                ],
                [
                    0.4989486336708069,
                    -0.35810232162475586,
                    0.7891849875450134,
                    0.0
                ],
                [
                    1.5425275564193726,
                    0.3602593243122101,
                    -0.08894055336713791,
                    1.0
                ]
            ],
            "location": [
                -0.3602593243122101,
                -0.08894055336713791,
                -1.5425275564193726
            ],
            "location_world": [
                1.5425275564193726,
                0.3602593243122101,
                -0.08894055336713791
            ],
            "name": "google_Smith_Hawken_Woven_BasketTray_Organizer_with_3_Compartments_95_x_9_x_13_2",
            "projected_cuboid": [
                [
                    147.56256341934204,
                    153.2517820596695
                ],
                [
                    224.89342093467712,
                    215.39822220802307
                ],
                [
                    182.55913257598877,
                    300.3869354724884
                ],
                [
                    94.44980323314667,
                    238.32187056541443
                ],
                [
                    91.06035530567169,
                    196.05818390846252
                ],
                [
                    159.79638695716858,
                    246.5999871492386
                ],
                [
                    119.26521360874176,
                    320.26469707489014
                ],
                [
                    42.41517186164856,
                    270.05448937416077
                ],
                [
                    132.33578205108643,
                    243.12128126621246
                ]
            ],
            "provenance": "visii",
            "quaternion_xyzw": [
                0.8156745433807373,
                0.2900850176811218,
                0.34759408235549927,
                -0.3601444363594055
            ],
            "quaternion_xyzw_world": [
                0.19901052117347717,
                -0.256519615650177,
                0.9067490696907043,
                -0.26906993985176086
            ],
            "segmentation_id": 3,
            "visibility": 1
        },
        {
            "bounding_box_minx_maxx_miny_maxy": [
                346,
                499,
                191,
                500
            ],
            "class": "Paul",
            "local_cuboid": null,
            "local_to_world_matrix": [
                [
                    0.44908249378204346,
                    0.8126415610313416,
                    -0.3714008331298828,
                    0.0
                ],
                [
                    -0.8849136233329773,
                    0.34706974029541016,
                    -0.31059694290161133,
                    0.0
                ],
                [
                    -0.12350200116634369,
                    0.4681413173675537,
                    0.8749805688858032,
                    0.0
                ],
                [
                    0.3875839412212372,
                    -0.2525690793991089,
                    -0.169876366853714,
                    1.0
                ]
            ],
            "location": [
                0.2525690793991089,
                -0.169876366853714,
                -0.3875839412212372
            ],
            "location_world": [
                0.3875839412212372,
                -0.2525690793991089,
                -0.169876366853714
            ],
            "name": "google_Paul_Frank_Dot_Lunch_Box_3",
            "projected_cuboid": [
                [
                    321.5804398059845,
                    249.0084022283554
                ],
                [
                    279.0166735649109,
                    303.35450172424316
                ],
                [
                    441.1696791648865,
                    606.4900159835815
                ],
                [
                    449.96312260627747,
                    496.76987528800964
                ],
                [
                    717.4891233444214,
                    78.85879278182983
                ],
                [
                    804.8667907714844,
                    94.26949918270111
                ],
                [
                    981.6645979881287,
                    546.4062094688416
                ],
                [
                    856.0797572135925,
                    417.4462556838989
                ],
                [
                    569.8119401931763,
                    360.84792017936707
                ]
            ],
            "provenance": "visii",
            "quaternion_xyzw": [
                -0.3059629797935486,
                0.5870567560195923,
                0.749456524848938,
                -0.00811624526977539
            ],
            "quaternion_xyzw_world": [
                -0.23823949694633484,
                0.07583972066640854,
                0.5193333029747009,
                0.8171800374984741
            ],
            "segmentation_id": 4,
            "visibility": 1
        },
        {
            "bounding_box_minx_maxx_miny_maxy": [
                438,
                482,
                47,
                150
            ],
            "class": "Toys",
            "local_cuboid": null,
            "local_to_world_matrix": [
                [
                    -0.40892207622528076,
                    -0.0696592628955841,
                    -0.9099071025848389,
                    0.0
                ],
                [
                    -0.7751928567886353,
                    0.5526261329650879,
                    0.30607277154922485,
                    0.0
                ],
                [
                    0.4815176725387573,
                    0.8305131793022156,
                    -0.27998054027557373,
                    0.0
                ],
                [
                    0.754738450050354,
                    -0.39118412137031555,
                    0.21371637284755707,
                    1.0
                ]
            ],
            "location": [
                0.39118412137031555,
                0.21371637284755707,
                -0.754738450050354
            ],
            "location_world": [
                0.754738450050354,
                -0.39118412137031555,
                0.21371637284755707
            ],
            "name": "google_Toys_R_Us_Treat_Dispenser_Smart_Puzzle_Foobler_4",
            "projected_cuboid": [
                [
                    469.59933638572693,
                    195.85832953453064
                ],
                [
                    435.5117976665497,
                    148.53844046592712
                ],
                [
                    572.1193552017212,
                    98.15053641796112
                ],
                [
                    588.603138923645,
                    157.6177030801773
                ],
                [
                    447.4242925643921,
                    107.21373558044434
                ],
                [
                    412.7260446548462,
                    50.42356252670288
                ],
                [
                    535.1232290267944,
                    -5.553930997848511
                ],
                [
                    555.5915236473083,
                    64.09044563770294
                ],
                [
                    499.67285990715027,
                    103.41614484786987
                ]
            ],
            "provenance": "visii",
            "quaternion_xyzw": [
                -0.5579212307929993,
                0.6553493738174438,
                0.18891166150569916,
                -0.4728145897388458
            ],
            "quaternion_xyzw_world": [
                -0.2821490466594696,
                0.7485867738723755,
                0.3795772194862366,
                0.46468386054039
            ],
            "segmentation_id": 5,
            "visibility": 1
        },
        {
            "bounding_box_minx_maxx_miny_maxy": [
                -1,
                -1,
                -1,
                -1
            ],
            "class": "Tag",
            "local_cuboid": null,
            "local_to_world_matrix": [
                [
                    -0.5805180072784424,
                    -0.7586472630500793,
                    -0.2957245707511902,
                    0.0
                ],
                [
                    0.3943437933921814,
                    -0.5797022581100464,
                    0.7130484580993652,
                    0.0
                ],
                [
                    -0.7123845219612122,
                    0.2973203659057617,
                    0.6356955766677856,
                    0.0
                ],
                [
                    0.4206061363220215,
                    0.3955177962779999,
                    0.09375444799661636,
                    1.0
                ]
            ],
            "location": [
                -0.3955177962779999,
                0.09375444799661636,
                -0.4206061363220215
            ],
            "location_world": [
                0.4206061363220215,
                0.3955177962779999,
                0.09375444799661636
            ],
            "name": "google_Tag_Dishtowel_Basket_Weave_Red_18_x_26_5",
            "projected_cuboid": [
                [
                    -571.5426206588745,
                    234.7443550825119
                ],
                [
                    -171.31295800209045,
                    -17.29363203048706
                ],
                [
                    -131.24194741249084,
                    30.673697590827942
                ],
                [
                    -489.59881067276,
                    277.0228087902069
                ],
                [
                    -563.4159445762634,
                    162.3287796974182
                ],
                [
                    -245.34273147583008,
                    -25.38597583770752
                ],
                [
                    -209.39522981643677,
                    13.771355152130127
                ],
                [
                    -501.06698274612427,
                    198.98097217082977
                ],
                [
                    -342.6365852355957,
                    95.07176280021667
                ]
            ],
            "provenance": "visii",
            "quaternion_xyzw": [
                0.288623571395874,
                0.24597589671611786,
                0.24530018866062164,
                -0.8921995162963867
            ],
            "quaternion_xyzw_world": [
                -0.30145013332366943,
                0.30212584137916565,
                0.8360496163368225,
                -0.344773530960083
            ],
            "segmentation_id": 6,
            "visibility": 0
        },
        {
            "bounding_box_minx_maxx_miny_maxy": [
                235,
                343,
                113,
                224
            ],
            "class": "FRACTION",
            "local_cuboid": null,
            "local_to_world_matrix": [
                [
                    0.5666916370391846,
                    0.7479346394538879,
                    -0.3456217050552368,
                    0.0
                ],
                [
                    0.28602081537246704,
                    -0.5719709396362305,
                    -0.7687920928001404,
                    0.0
                ],
                [
                    -0.7726918458938599,
                    0.3368130326271057,
                    -0.5380558967590332,
                    0.0
                ],
                [
                    1.1812260150909424,
                    -0.06783268600702286,
                    0.15869955718517303,
                    1.0
                ]
            ],
            "location": [
                0.06783268600702286,
                0.15869955718517303,
                -1.1812260150909424
            ],
            "location_world": [
                1.1812260150909424,
                -0.06783268600702286,
                0.15869955718517303
            ],
            "name": "google_FRACTION_FUN_n4h4qte23QR_6",
            "projected_cuboid": [
                [
                    215.71090817451477,
                    158.3949625492096
                ],
                [
                    270.56923508644104,
                    234.1422587633133
                ],
                [
                    277.0923376083374,
                    223.26436638832092
                ],
                [
                    224.06905889511108,
                    149.15718138217926
                ],
                [
                    286.39233112335205,
                    115.77005684375763
                ],
                [
                    342.6929712295532,
                    200.25308430194855
                ],
                [
                    347.6688265800476,
                    189.43274021148682
                ],
                [
                    293.33654046058655,
                    107.00766742229462
                ],
                [
                    281.3684642314911,
                    173.8382875919342
                ]
            ],
            "provenance": "visii",
            "quaternion_xyzw": [
                0.24908111989498138,
                0.2271842062473297,
                -0.9068377017974854,
                0.25296497344970703
            ],
            "quaternion_xyzw_world": [
                0.8180339932441711,
                0.3159879148006439,
                -0.34176868200302124,
                -0.3378848433494568
            ],
            "segmentation_id": 7,
            "visibility": 1
        },
        {
            "bounding_box_minx_maxx_miny_maxy": [
                68,
                201,
                1,
                46
            ],
            "class": "FAIRY",
            "local_cuboid": null,
            "local_to_world_matrix": [
                [
                    0.5550602674484253,
                    -0.8278011083602905,
                    0.08156795799732208,
                    0.0
                ],
                [
                    0.8100802898406982,
                    0.5602223873138428,
                    0.17297640442848206,
                    0.0
                ],
                [
                    -0.18888626992702484,
                    -0.02993575483560562,
                    0.9815425872802734,
                    0.0
                ],
                [
                    0.6812910437583923,
                    0.16623660922050476,
                    0.25086674094200134,
                    1.0
                ]
            ],
            "location": [
                -0.16623660922050476,
                0.25086674094200134,
                -0.6812910437583923
            ],
            "location_world": [
                0.6812910437583923,
                0.16623660922050476,
                0.25086674094200134
            ],
            "name": "google_FAIRY_TALE_BLOCKS_7",
            "projected_cuboid": [
                [
                    267.8768038749695,
                    -209.0727984905243
                ],
                [
                    153.299480676651,
                    -122.15495109558105
                ],
                [
                    153.3508598804474,
                    50.210192799568176
                ],
                [
                    260.43713092803955,
                    26.534810662269592
                ],
                [
                    6.163701415061951,
                    -318.9435601234436
                ],
                [
                    -48.78443479537964,
                    -179.6203851699829
                ],
                [
                    -36.90043091773987,
                    29.005661606788635
                ],
                [
                    18.514469265937805,
                    -10.11204719543457
                ],
                [
                    101.72134637832642,
                    -79.27951216697693
                ]
            ],
            "provenance": "visii",
            "quaternion_xyzw": [
                -0.6053797602653503,
                0.19766703248023987,
                0.21685752272605896,
                0.7398756146430969
            ],
            "quaternion_xyzw_world": [
                0.05765271186828613,
                -0.07684319466352463,
                -0.4653654098510742,
                0.879889965057373
            ],
            "segmentation_id": 8,
            "visibility": 1
        },
        {
            "bounding_box_minx_maxx_miny_maxy": [
                -1,
                -1,
                -1,
                -1
            ],
            "class": "Great",
            "local_cuboid": null,
            "local_to_world_matrix": [
                [
                    0.00961148738861084,
                    -0.7300854921340942,
                    0.6832882165908813,
                    0.0
                ],
                [
                    0.9879311323165894,
                    0.11257588863372803,
                    0.10638922452926636,
                    0.0
                ],
                [
                    -0.15459498763084412,
                    0.6740192174911499,
                    0.7223562002182007,
                    0.0
                ],
                [
                    0.2604135274887085,
                    -0.33256351947784424,
                    -0.2785052955150604,
                    1.0
                ]
            ],
            "location": [
                0.33256351947784424,
                -0.2785052955150604,
                -0.2604135274887085
            ],
            "location_world": [
                0.2604135274887085,
                -0.33256351947784424,
                -0.2785052955150604
            ],
            "name": "google_Great_Jones_Wingtip_kAqSg6EgG0I_8",
            "projected_cuboid": [
                [
                    2375.4773139953613,
                    1434.1633319854736
                ],
                [
                    673.6114025115967,
                    465.31346440315247
                ],
                [
                    767.1523094177246,
                    575.6748914718628
                ],
                [
                    2458.803176879883,
                    1703.5932540893555
                ],
                [
                    1844.9716567993164,
                    1969.1709280014038
                ],
                [
                    551.0859489440918,
                    581.6355347633362
                ],
                [
                    650.072991847992,
                    687.3409748077393
                ],
                [
                    2017.3931121826172,
                    2152.324676513672
                ],
                [
                    955.9128880500793,
                    819.720447063446
                ]
            ],
            "provenance": "visii",
            "quaternion_xyzw": [
                -0.6060324311256409,
                -0.2354297935962677,
                0.2820107638835907,
                0.7055263519287109
            ],
            "quaternion_xyzw_world": [
                -0.20897333323955536,
                -0.30846723914146423,
                -0.6324889063835144,
                0.6790698766708374
            ],
            "segmentation_id": 9,
            "visibility": 0
        },
        {
            "bounding_box_minx_maxx_miny_maxy": [
                195,
                351,
                1,
                109
            ],
            "class": "Ecoforms",
            "local_cuboid": null,
            "local_to_world_matrix": [
                [
                    0.34328216314315796,
                    0.9296629428863525,
                    0.13373178243637085,
                    0.0
                ],
                [
                    -0.20864653587341309,
                    -0.06334471702575684,
                    0.97593754529953,
                    0.0
                ],
                [
                    0.9157641530036926,
                    -0.36292463541030884,
                    0.17222583293914795,
                    0.0
                ],
                [
                    0.7251771688461304,
                    0.01010078750550747,
                    0.27853256464004517,
                    1.0
                ]
            ],
            "location": [
                -0.01010078750550747,
                0.27853256464004517,
                -0.7251771688461304
            ],
            "location_world": [
                0.7251771688461304,
                0.01010078750550747,
                0.27853256464004517
            ],
            "name": "google_Ecoforms_Plant_Container_Quadra_Sand_QP6_9",
            "projected_cuboid": [
                [
                    221.91336750984192,
                    102.6686578989029
                ],
                [
                    228.81123423576355,
                    -29.39385175704956
                ],
                [
                    174.3575632572174,
                    -64.08533453941345
                ],
                [
                    168.86866092681885,
                    95.9562212228775
                ],
                [
                    343.04386377334595,
                    109.28860306739807
                ],
                [
                    356.29773139953613,
                    -32.89198875427246
                ],
                [
                    325.8052468299866,
                    -71.75645232200623
                ],
                [
                    311.37797236442566,
                    103.39473187923431
                ],
                [
                    265.46332240104675,
                    29.552176594734192
                ]
            ],
            "provenance": "visii",
            "quaternion_xyzw": [
                0.05040755867958069,
                0.9774155616760254,
                0.09741818904876709,
                0.1806311458349228
            ],
            "quaternion_xyzw_world": [
                0.5555180311203003,
                0.3244793117046356,
                0.4723050892353058,
                0.6025286912918091
            ],
            "segmentation_id": 10,
            "visibility": 1
        },
        {
            "bounding_box_minx_maxx_miny_maxy": [
                -1,
                -1,
                -1,
                -1
            ],
            "class": "ReadytoUse",
            "local_cuboid": null,
            "local_to_world_matrix": [
                [
                    0.8804490566253662,
                    -0.07532866299152374,
                    -0.4681186378002167,
                    0.0
                ],
                [
                    -0.11034983396530151,
                    0.927632212638855,
                    -0.3568212687969208,
                    0.0
                ],
                [
                    0.4611208140850067,
                    0.3658197820186615,
                    0.8084203600883484,
                    0.0
                ],
                [
                    0.15600858628749847,
                    -0.05338035151362419,
                    -0.3483358919620514,
                    1.0
                ]
            ],
            "location": [
                0.05338035151362419,
                -0.3483358919620514,
                -0.15600858628749847
            ],
            "location_world": [
                0.15600858628749847,
                -0.05338035151362419,
                -0.3483358919620514
            ],
            "name": "google_ReadytoUse_Rolled_Fondant_Pure_White_24_oz_box_10",
            "projected_cuboid": [
                [
                    289.65267539024353,
                    732.2201132774353
                ],
                [
                    193.71585547924042,
                    778.603732585907
                ],
                [
                    352.7197241783142,
                    1375.7108449935913
                ],
                [
                    479.77203130722046,
                    1297.0571517944336
                ],
                [
                    282.62561559677124,
                    826.8008232116699
                ],
                [
                    128.50791215896606,
                    904.1014909744263
                ],
                [
                    407.6988697052002,
                    2241.934299468994
                ],
                [
                    661.5960001945496,
                    2038.2590293884277
                ],
                [
                    319.82725858688354,
                    1118.1284189224243
                ]
            ],
            "provenance": "visii",
            "quaternion_xyzw": [
                -0.6879808902740479,
                0.507191002368927,
                0.4528718590736389,
                0.2536664307117462
            ],
            "quaternion_xyzw_world": [
                -0.18999768793582916,
                0.24431678652763367,
                0.00920780934393406,
                0.9508550763130188
            ],
            "segmentation_id": 11,
            "visibility": 0
        },
        {
            "bounding_box_minx_maxx_miny_maxy": [
                -1,
                -1,
                -1,
                -1
            ],
            "class": "Dog",
            "local_cuboid": null,
            "local_to_world_matrix": [
                [
                    0.984596312046051,
                    0.10354550182819366,
                    -0.1408843845129013,
                    0.0
                ],
                [
                    0.0023517534136772156,
                    -0.8135470151901245,
                    -0.5814951062202454,
                    0.0
                ],
                [
                    -0.1748272031545639,
                    0.5722066760063171,
                    -0.80125892162323,
                    0.0
                ],
                [
                    0.3332645297050476,
                    -0.12190442532300949,
                    0.30704283714294434,
                    1.0
                ]
            ],
            "location": [
                0.12190442532300949,
                0.30704283714294434,
                -0.3332645297050476
            ],
            "location_world": [
                0.3332645297050476,
                -0.12190442532300949,
                0.30704283714294434
            ],
            "name": "google_Dog_11",
            "projected_cuboid": [
                [
                    134.10380482673645,
                    -18.39807629585266
                ],
                [
                    354.3306291103363,
                    139.2081081867218
                ],
                [
                    499.15581941604614,
                    -66.32238626480103
                ],
                [
                    296.13247513771057,
                    -211.91787719726562
                ],
                [
                    69.8569118976593,
                    -453.17113399505615
                ],
                [
                    559.499204158783,
                    -101.8456518650055
                ],
                [
                    821.3230967521667,
                    -481.2924265861511
                ],
                [
                    409.30551290512085,
                    -778.0436277389526
                ],
                [
                    373.4387159347534,
                    -179.60825562477112
                ]
            ],
            "provenance": "visii",
            "quaternion_xyzw": [
                0.5707719922065735,
                0.2946283221244812,
                -0.6818848848342896,
                0.34992384910583496
            ],
            "quaternion_xyzw_world": [
                0.9486045241355896,
                0.027908693999052048,
                -0.08320421725511551,
                -0.30405235290527344
            ],
            "segmentation_id": 12,
            "visibility": 0
        },
        {
            "bounding_box_minx_maxx_miny_maxy": [
                300,
                336,
                252,
                282
            ],
            "class": "Black",
            "local_cuboid": null,
            "local_to_world_matrix": [
                [
                    -0.18633592128753662,
                    0.958513617515564,
                    -0.2157096564769745,
                    0.0
                ],
                [
                    -0.1455860435962677,
                    0.19019323587417603,
                    0.9708920121192932,
                    0.0
                ],
                [
                    0.9716396331787109,
                    0.2123163342475891,
                    0.1041063666343689,
                    0.0
                ],
                [
                    1.6414189338684082,
                    -0.2071119099855423,
                    -0.05198627710342407,
                    1.0
                ]
            ],
            "location": [
                0.2071119099855423,
                -0.05198627710342407,
                -1.6414189338684082
            ],
            "location_world": [
                1.6414189338684082,
                -0.2071119099855423,
                -0.05198627710342407
            ],
            "name": "google_Black_Elderberry_Syrup_54_oz_Gaia_Herbs_12",
            "projected_cuboid": [
                [
                    302.36631631851196,
                    274.2989659309387
                ],
                [
                    298.79429936408997,
                    254.88561391830444
                ],
                [
                    314.40508365631104,
                    260.8950734138489
                ],
                [
                    318.2021975517273,
                    281.94543719291687
                ],
                [
                    320.49858570098877,
                    270.004004240036
                ],
                [
                    317.03537702560425,
                    250.68581104278564
                ],
                [
                    334.1107964515686,
                    256.2958300113678
                ],
                [
                    337.78077363967896,
                    277.23440527915955
                ],
                [
                    317.5944685935974,
                    265.66269993782043
                ]
            ],
            "provenance": "visii",
            "quaternion_xyzw": [
                -0.10275469720363617,
                0.9875532388687134,
                0.0632099062204361,
                -0.10091918706893921
            ],
            "quaternion_xyzw_world": [
                0.36033472418785095,
                0.5640085935592651,
                0.5244637727737427,
                0.5262992978096008
            ],
            "segmentation_id": 13,
            "visibility": 1
        },
        {
            "bounding_box_minx_maxx_miny_maxy": [
                -1,
                -1,
                -1,
                -1
            ],
