{
    "camera_data": {
        "camera_look_at": {
            "at": [
                1.0,
                0.0,
                0.0
            ],
            "eye": [
                0.0,
                0.0,
                0.0
            ],
            "up": [
                0.0,
                0.0,
                1.0
            ]
        },
        "camera_view_matrix": [
            [
                0.0,
                0.0,
                -1.0,
                0.0
            ],
            [
                -1.0,
                0.0,
                0.0,
                0.0
            ],
            [
                0.0,
                1.0,
                0.0,
                0.0
            ],
            [
                0.0,
                0.0,
                0.0,
                1.0
            ]
        ],
        "height": 500,
        "intrinsics": {
            "cx": 250.0,
            "cy": 250.0,
            "fx": 603.5535278320312,
            "fy": 603.5535278320312
        },
        "location_world": [
            0.0,
            0.0,
            0.0
        ],
        "quaternion_world_xyzw": [
            0.5,
            -0.5,
            -0.5,
            0.5
        ],
        "width": 500
    },
    "objects": [
        {
            "bounding_box_minx_maxx_miny_maxy": [
                -1,
                -1,
                -1,
                -1
            ],
            "class": "Reebok",
            "local_cuboid": null,
            "local_to_world_matrix": [
                [
                    0.6042717695236206,
                    0.48756325244903564,
                    -0.6301887631416321,
                    0.0
                ],
                [
                    0.5556668043136597,
                    -0.8247166872024536,
                    -0.10525023937225342,
                    0.0
                ],
                [
                    -0.571043074131012,
                    -0.2865751385688782,
                    -0.7692759037017822,
                    0.0
                ],
                [
                    0.9297939538955688,
                    -0.4585392475128174,
                    0.5164204835891724,
                    1.0
                ]
            ],
            "location": [
                0.4585392475128174,
                0.5164204835891724,
                -0.9297939538955688
            ],
            "location_world": [
                0.9297939538955688,
                -0.4585392475128174,
                0.5164204835891724
            ],
            "name": "google_Reebok_SOMERSET_RUN_0",
            "projected_cuboid": [
                [
                    504.00853157043457,
                    -50.93258619308472
                ],
                [
                    610.6183528900146,
                    18.047407269477844
                ],
                [
                    568.5329437255859,
                    -18.812209367752075
                ],
                [
                    462.1770977973938,
                    -89.40190076828003
                ],
                [
                    571.5595483779907,
                    -135.74805855751038
                ],
                [
                    674.0913391113281,
                    -46.458274126052856
                ],
                [
                    624.761164188385,
                    -81.51373267173767
                ],
                [
                    520.726203918457,
                    -170.53446173667908
                ],
                [
                    569.795548915863,
                    -67.59345531463623
                ]
            ],
            "provenance": "visii",
            "quaternion_xyzw": [
                0.10798631608486176,
                0.45035266876220703,
                -0.7355026602745056,
                0.49452751874923706
            ],
            "quaternion_xyzw_world": [
                0.8941845893859863,
                0.2916707694530487,
                -0.33584558963775635,
                0.05069560185074806
            ],
            "segmentation_id": 1,
            "visibility": 0
        },
        {
            "bounding_box_minx_maxx_miny_maxy": [
                0,
                22,
                361,
                372
            ],
            "class": "Breyer",
            "local_cuboid": null,
            "local_to_world_matrix": [
                [
                    0.9329079985618591,
                    -0.27191928029060364,
                    -0.23609870672225952,
                    0.0
                ],
                [
                    0.3230443298816681,
                    0.3421897292137146,
                    0.8823541402816772,
                    0.0
                ],
                [
                    -0.15913847088813782,
                    -0.8994256258010864,
                    0.4070734977722168,
                    0.0
                ],
                [
                    1.1715645790100098,
                    0.46813589334487915,
                    -0.27475470304489136,
                    1.0
                ]
            ],
            "location": [
                -0.46813589334487915,
                -0.27475470304489136,
                -1.1715645790100098
            ],
            "location_world": [
                1.1715645790100098,
                0.46813589334487915,
                -0.27475470304489136
            ],
            "name": "google_Breyer_Horse_Of_The_Year_2015_1",
            "projected_cuboid": [
                [
                    109.49085652828217,
                    375.58409571647644
                ],
                [
                    102.15844213962555,
                    349.505215883255
                ],
                [
                    40.59706628322601,
                    376.7526149749756
                ],
                [
                    46.88824713230133,
                    402.7310609817505
                ],
                [
                    43.47522556781769,
                    369.9173927307129
                ],
                [
                    35.809457302093506,
                    338.5944664478302
                ],
                [
                    -36.57975792884827,
                    371.54632806777954
                ],
                [
                    -30.365824699401855,
                    402.72796154022217
                ],
                [
                    41.876137256622314,
                    373.71504306793213
                ]
            ],
            "provenance": "visii",
            "quaternion_xyzw": [
                -0.2400140017271042,
                0.6023489236831665,
                0.034875690937042236,
                0.7604952454566956
            ],
            "quaternion_xyzw_world": [
                0.5439772009849548,
                0.023495949804782867,
                -0.1816423386335373,
                0.8188669085502625
            ],
            "segmentation_id": 2,
            "visibility": 1
        },
        {
            "bounding_box_minx_maxx_miny_maxy": [
                13,
                177,
                204,
                312
            ],
            "class": "Smith",
            "local_cuboid": null,
            "local_to_world_matrix": [
                [
                    0.9166495203971863,
                    -0.335852712392807,
                    -0.2166948765516281,
                    0.0
                ],
                [
                    -0.16852781176567078,
                    -0.8163728713989258,
                    0.5523896813392639,
                    0.0
                ],
                [
                    -0.3624252676963806,
                    -0.46982866525650024,
                    -0.8049283027648926,
                    0.0
                ],
                [
                    1.6182938814163208,
                    0.4702848792076111,
                    0.02148747816681862,
                    1.0
                ]
            ],
            "location": [
                -0.4702848792076111,
                0.02148747816681862,
                -1.6182938814163208
            ],
            "location_world": [
                1.6182938814163208,
                0.4702848792076111,
                0.02148747816681862
            ],
            "name": "google_Smith_Hawken_Woven_BasketTray_Organizer_with_3_Compartments_95_x_9_x_13_2",
            "projected_cuboid": [
                [
                    112.12633550167084,
                    358.19047689437866
                ],
                [
                    184.72899496555328,
                    309.45301055908203
                ],
                [
                    145.0941562652588,
                    232.0830225944519
                ],
                [
                    77.36004889011383,
                    280.0508141517639
                ],
                [
                    25.9522944688797,
                    349.91204738616943
                ],
                [
                    113.74621093273163,
                    288.8263463973999
                ],
                [
                    69.78583335876465,
                    194.98899579048157
                ],
                [
                    -10.917693376541138,
                    254.80148196220398
                ],
                [
                    92.82143414020538,
                    283.77974033355713
                ]
            ],
            "provenance": "visii",
            "quaternion_xyzw": [
                0.3244371712207794,
                0.4620908498764038,
                -0.34430477023124695,
                0.7501113414764404
            ],
            "quaternion_xyzw_world": [
                0.9404720664024353,
                -0.13407641649246216,
                -0.1539440155029297,
                0.27173012495040894
            ],
            "segmentation_id": 3,
            "visibility": 1
        },
        {
            "bounding_box_minx_maxx_miny_maxy": [
                305,
                499,
                311,
                500
            ],
            "class": "Paul",
            "local_cuboid": null,
            "local_to_world_matrix": [
                [
                    0.10737770795822144,
                    0.7639461159706116,
                    -0.636283278465271,
                    0.0
                ],
                [
                    -0.9842713475227356,
                    -0.008619904518127441,
                    -0.17645274102687836,
                    0.0
                ],
                [
                    -0.14028504490852356,
                    0.6452224850654602,
                    0.751004695892334,
                    0.0
                ],
                [
                    0.38318508863449097,
                    -0.2478291243314743,
                    -0.22793468832969666,
                    1.0
                ]
            ],
            "location": [
                0.2478291243314743,
                -0.22793468832969666,
                -0.38318508863449097
            ],
            "location_world": [
                0.38318508863449097,
                -0.2478291243314743,
                -0.22793468832969666
            ],
            "name": "google_Paul_Frank_Dot_Lunch_Box_3",
            "projected_cuboid": [
                [
                    245.2339380979538,
                    435.2879822254181
                ],
                [
                    245.41102349758148,
                    535.3057384490967
                ],
                [
                    508.32390785217285,
                    813.8404488563538
                ],
                [
                    446.1634159088135,
                    655.3698778152466
                ],
                [
                    556.6082000732422,
                    189.11001086235046
                ],
                [
                    673.5062599182129,
                    206.84203505516052
                ],
                [
                    915.8535003662109,
                    544.1492795944214
                ],
                [
                    746.9927668571472,
                    442.9168105125427
                ],
                [
                    533.959150314331,
                    482.15657472610474
                ]
            ],
            "provenance": "visii",
            "quaternion_xyzw": [
                -0.26087430119514465,
                0.6014998555183411,
                0.7212287783622742,
                -0.2235431969165802
            ],
            "quaternion_xyzw_world": [
                -0.302073210477829,
                0.18234427273273468,
                0.6426987648010254,
                0.6800298690795898
            ],
            "segmentation_id": 4,
            "visibility": 1
        },
        {
            "bounding_box_minx_maxx_miny_maxy": [
                -1,
                -1,
                -1,
                -1
            ],
            "class": "Toys",
            "local_cuboid": null,
            "local_to_world_matrix": [
                [
                    0.2720022201538086,
                    -0.5509297847747803,
                    -0.7889811396598816,
                    0.0
                ],
                [
                    -0.09463466703891754,
                    0.8006051182746887,
                    -0.5916719436645508,
                    0.0
                ],
                [
                    0.9576320052146912,
                    0.2356010377407074,
                    0.1656293272972107,
                    0.0
                ],
                [
                    0.8888136148452759,
                    -0.5820235013961792,
                    0.06747859716415405,
                    1.0
                ]
            ],
            "location": [
                0.5820235013961792,
                0.06747859716415405,
                -0.8888136148452759
            ],
            "location_world": [
                0.8888136148452759,
                -0.5820235013961792,
                0.06747859716415405
            ],
            "name": "google_Toys_R_Us_Treat_Dispenser_Smart_Puzzle_Foobler_4",
            "projected_cuboid": [
                [
                    618.7467575073242,
                    206.09785616397858
                ],
                [
                    553.0027747154236,
                    257.8573524951935
                ],
                [
                    626.5183687210083,
                    276.134192943573
                ],
                [
                    701.6297578811646,
                    215.79036116600037
                ],
                [
                    583.5899114608765,
                    132.19572603702545
                ],
                [
                    514.5912170410156,
                    185.04905700683594
                ],
                [
                    585.1420164108276,
                    191.78475439548492
                ],
                [
                    664.5547151565552,
                    129.9426257610321
                ],
                [
                    603.7219762802124,
                    199.69847798347473
                ]
            ],
            "provenance": "visii",
            "quaternion_xyzw": [
                -0.8803740739822388,
                0.4513951539993286,
                0.1441441923379898,
                0.020160362124443054
            ],
            "quaternion_xyzw_world": [
                -0.27648136019706726,
                0.5837323069572449,
                -0.1524975299835205,
                0.7480368614196777
            ],
            "segmentation_id": 5,
            "visibility": 0
        },
        {
            "bounding_box_minx_maxx_miny_maxy": [
                -1,
                -1,
                -1,
                -1
            ],
            "class": "Tag",
            "local_cuboid": null,
            "local_to_world_matrix": [
                [
                    0.3700835108757019,
                    0.663769006729126,
                    -0.6499609351158142,
                    0.0
                ],
                [
                    0.9060875177383423,
                    -0.412325382232666,
                    0.09483581781387329,
                    0.0
                ],
                [
                    -0.2050461620092392,
                    -0.6240185499191284,
                    -0.7540276050567627,
                    0.0
                ],
                [
                    0.40566807985305786,
                    0.36147359013557434,
                    -0.01634124666452408,
                    1.0
                ]
            ],
            "location": [
                -0.36147359013557434,
                -0.01634124666452408,
                -0.40566807985305786
            ],
            "location_world": [
                0.40566807985305786,
                0.36147359013557434,
                -0.01634124666452408
            ],
            "name": "google_Tag_Dishtowel_Basket_Weave_Red_18_x_26_5",
            "projected_cuboid": [
                [
                    -576.7213702201843,
                    452.7361989021301
                ],
                [
                    -142.46875047683716,
                    347.8936553001404
                ],
                [
                    -161.4913046360016,
                    317.37270951271057
                ],
                [
                    -598.4975099563599,
                    400.51621198654175
                ],
                [
                    -514.9359107017517,
                    245.66756188869476
                ],
                [
                    -50.28778314590454,
                    219.36941146850586
                ],
                [
                    -73.18735122680664,
                    186.74752116203308
                ],
                [
                    -543.4768795967102,
                    186.6835653781891
                ],
                [
                    -276.35514736175537,
                    294.0695881843567
                ]
            ],
            "provenance": "visii",
            "quaternion_xyzw": [
                -0.09532743692398071,
                0.6232091784477234,
                -0.6659541130065918,
                0.39878350496292114
            ],
            "quaternion_xyzw_world": [
                0.7963097095489502,
                0.4928536117076874,
                -0.26842793822288513,
                0.2256830334663391
            ],
            "segmentation_id": 6,
            "visibility": 0
        },
        {
            "bounding_box_minx_maxx_miny_maxy": [
                -1,
                -1,
                -1,
                -1
            ],
            "class": "FRACTION",
            "local_cuboid": null,
            "local_to_world_matrix": [
                [
                    -0.7128722667694092,
                    0.5904706716537476,
                    0.37836161255836487,
                    0.0
                ],
                [
                    -0.5056637525558472,
                    -0.05895733833312988,
                    -0.8607137203216553,
                    0.0
                ],
                [
                    -0.4859190881252289,
                    -0.8049026727676392,
                    0.3406086564064026,
                    0.0
                ],
                [
                    1.5898700952529907,
                    -0.0700845941901207,
                    0.33274438977241516,
                    1.0
                ]
            ],
            "location": [
                0.0700845941901207,
                0.33274438977241516,
                -1.5898700952529907
            ],
            "location_world": [
                1.5898700952529907,
                -0.0700845941901207,
                0.33274438977241516
            ],
            "name": "google_FRACTION_FUN_n4h4qte23QR_6",
            "projected_cuboid": [
                [
                    268.6605751514435,
                    70.50466537475586
                ],
                [
                    274.4995355606079,
                    126.10900402069092
                ],
                [
                    259.7704529762268,
                    133.9743435382843
                ],
                [
                    254.90465760231018,
                    78.6435455083847
                ],
                [
                    304.4598698616028,
                    107.68559575080872
                ],
                [
                    312.00093030929565,
                    161.14996373653412
                ],
                [
                    297.92097210884094,
                    167.9384708404541
                ],
                [
                    291.2663519382477,
                    114.76132273674011
                ],
                [
                    283.524751663208,
                    120.00076472759247
                ]
            ],
            "provenance": "visii",
            "quaternion_xyzw": [
                0.4428103268146515,
                0.24689969420433044,
                0.8568989634513855,
                0.09318611025810242
            ],
            "quaternion_xyzw_world": [
                -0.037001434713602066,
                -0.5729978680610657,
                0.7267114520072937,
                0.37708723545074463
            ],
            "segmentation_id": 7,
            "visibility": 0
        },
        {
            "bounding_box_minx_maxx_miny_maxy": [
                0,
                46,
                1,
                9
            ],
            "class": "FAIRY",
            "local_cuboid": null,
            "local_to_world_matrix": [
                [
                    0.9111708998680115,
                    0.252048134803772,
                    0.3259436786174774,
                    0.0
                ],
                [
                    -0.140609011054039,
                    0.9337953925132751,
                    -0.329021692276001,
                    0.0
                ],
                [
                    -0.3872940242290497,
                    0.253964364528656,
                    0.8862874507904053,
                    0.0
                ],
                [
                    0.6417303681373596,
                    0.30328503251075745,
                    0.2451087236404419,
                    1.0
                ]
            ],
            "location": [
                -0.30328503251075745,
                0.2451087236404419,
                -0.6417303681373596
            ],
            "location_world": [
                0.6417303681373596,
                0.30328503251075745,
                0.2451087236404419
            ],
            "name": "google_FAIRY_TALE_BLOCKS_7",
            "projected_cuboid": [
                [
                    15.066415071487427,
                    -212.7147912979126
                ],
                [
                    -228.1379997730255,
                    -158.28779339790344
                ],
                [
                    -125.62420964241028,
                    51.624372601509094
                ],
                [
                    85.48840880393982,
                    -6.834208965301514
                ],
                [
                    -18.157392740249634,
                    -333.34141969680786
                ],
                [
                    -393.57686042785645,
                    -260.5683207511902
                ],
                [
                    -217.80022978782654,
                    59.36673283576965
                ],
                [
                    86.4943414926529,
                    -23.685693740844727
                ],
                [
                    -84.21361446380615,
                    -96.71586751937866
                ]
            ],
            "provenance": "visii",
            "quaternion_xyzw": [
                -0.4152347445487976,
                0.3659687638282776,
                0.7014919519424438,
                0.4489499628543854
            ],
            "quaternion_xyzw_world": [
                -0.15090399980545044,
                -0.1846192181110382,
                0.10163799673318863,
                0.965822696685791
            ],
            "segmentation_id": 8,
            "visibility": 1
        },
        {
            "bounding_box_minx_maxx_miny_maxy": [
                -1,
                -1,
                -1,
                -1
            ],
            "class": "Great",
            "local_cuboid": null,
            "local_to_world_matrix": [
                [
                    0.8719103336334229,
                    0.3472778797149658,
                    0.34521082043647766,
                    0.0
                ],
                [
                    0.4168512225151062,
                    -0.8963159322738647,
                    -0.15117190778255463,
                    0.0
                ],
                [
                    0.2569192945957184,
                    0.275709867477417,
                    -0.9262703657150269,
                    0.0
                ],
                [
                    0.18040649592876434,
                    -0.3844836950302124,
                    -0.2607092261314392,
                    1.0
                ]
            ],
            "location": [
                0.3844836950302124,
                -0.2607092261314392,
                -0.18040649592876434
            ],
            "location_world": [
                0.18040649592876434,
                -0.3844836950302124,
                -0.2607092261314392
            ],
            "name": "google_Great_Jones_Wingtip_kAqSg6EgG0I_8",
            "projected_cuboid": [
                [
                    856.370210647583,
                    1260.7096433639526
                ],
                [
                    1134.690523147583,
                    941.9592022895813
                ],
                [
                    1287.0616912841797,
                    794.3959832191467
                ],
                [
                    1080.0724029541016,
                    1052.8452396392822
                ],
                [
                    1711.4773988723755,
                    2522.696018218994
                ],
                [
                    1617.3056364059448,
                    1341.286540031433
                ],
                [
                    1916.3674116134644,
                    1180.2973747253418
                ],
                [
                    2633.80765914917,
                    2564.9845600128174
                ],
                [
                    1391.6027545928955,
                    1220.1063632965088
                ]
            ],
            "provenance": "visii",
            "quaternion_xyzw": [
                0.5149790048599243,
                0.6027075052261353,
                -0.5571199655532837,
                0.247300922870636
            ],
            "quaternion_xyzw_world": [
                0.9610536694526672,
                0.19877378642559052,
                0.15663279592990875,
                -0.11104524880647659
            ],
            "segmentation_id": 9,
            "visibility": 0
        },
        {
            "bounding_box_minx_maxx_miny_maxy": [
                145,
                355,
                1,
                190
            ],
            "class": "Ecoforms",
            "local_cuboid": null,
            "local_to_world_matrix": [
                [
                    -0.6052752733230591,
                    0.5200873613357544,
                    0.6026204824447632,
                    0.0
                ],
                [
                    0.5658711194992065,
                    -0.25131428241729736,
                    0.7852587699890137,
                    0.0
                ],
                [
                    0.5598500967025757,
                    0.816303014755249,
                    -0.14218831062316895,
                    0.0
                ],
                [
                    0.6549041867256165,
                    -0.09635014832019806,
                    0.22473953664302826,
                    1.0
                ]
            ],
            "location": [
                0.09635014832019806,
                0.22473953664302826,
                -0.6549041867256165
            ],
            "location_world": [
                0.6549041867256165,
                -0.09635014832019806,
                0.22473953664302826
            ],
            "name": "google_Ecoforms_Plant_Container_Quadra_Sand_QP6_9",
            "projected_cuboid": [
                [
                    141.62743091583252,
                    76.438307762146
                ],
                [
                    195.95351815223694,
                    -19.389957189559937
                ],
                [
                    315.6372308731079,
                    -80.63563704490662
                ],
                [
                    275.5714952945709,
                    19.703492522239685
                ],
                [
                    237.54823207855225,
                    194.92296874523163
                ],
                [
                    272.6116478443146,
                    97.11185097694397
                ],
                [
                    383.7392032146454,
                    59.417203068733215
                ],
                [
                    361.80341243743896,
                    165.08063673973083
                ],
                [
                    273.75727891921997,
                    67.14917719364166
                ]
            ],
            "provenance": "visii",
            "quaternion_xyzw": [
                0.25224199891090393,
                0.846344530582428,
                -0.2091521918773651,
                -0.41991710662841797
            ],
            "quaternion_xyzw_world": [
                0.4439108371734619,
                0.6115859150886536,
                0.6546757221221924,
                -0.017483383417129517
            ],
            "segmentation_id": 10,
            "visibility": 1
        },
        {
            "bounding_box_minx_maxx_miny_maxy": [
                -1,
                -1,
                -1,
                -1
            ],
            "class": "ReadytoUse",
            "local_cuboid": null,
            "local_to_world_matrix": [
                [
                    0.061460256576538086,
                    -0.5684466361999512,
                    -0.8204215168952942,
                    0.0
                ],
                [
                    -0.9324477910995483,
                    -0.32591044902801514,
                    0.15596121549606323,
                    0.0
                ],
                [
                    -0.3560393452644348,
                    0.7554146647453308,
                    -0.5500774383544922,
                    0.0
                ],
                [
                    0.20761407911777496,
                    0.003732623066753149,
                    -0.3578360378742218,
                    1.0
                ]
            ],
            "location": [
                -0.003732623066753149,
                -0.3578360378742218,
                -0.20761407911777496
            ],
            "location_world": [
                0.20761407911777496,
                0.003732623066753149,
                -0.3578360378742218
            ],
            "name": "google_ReadytoUse_Rolled_Fondant_Pure_White_24_oz_box_10",
            "projected_cuboid": [
                [
                    -112.73545026779175,
                    1996.7793226242065
                ],
                [
                    -166.88230633735657,
                    2583.918809890747
                ],
                [
                    374.01264905929565,
                    1543.0760383605957
                ],
                [
                    308.51373076438904,
                    1309.9697828292847
                ],
                [
                    -379.3957829475403,
                    1713.7497663497925
                ],
                [
                    -537.9041433334351,
                    2229.987621307373
                ],
                [
                    148.45484495162964,
                    1263.5741233825684
                ],
                [
                    126.35555863380432,
                    1079.2362689971924
                ],
                [
                    20.34725248813629,
                    1623.1937408447266
                ]
            ],
            "provenance": "visii",
            "quaternion_xyzw": [
                0.513917863368988,
                -0.24055947363376617,
                -0.39737629890441895,
                0.7211878299713135
            ],
            "quaternion_xyzw_world": [
                0.6959612369537354,
                -0.5391443967819214,
                -0.4226028621196747,
                -0.21533291041851044
            ],
            "segmentation_id": 11,
            "visibility": 0
        },
        {
            "bounding_box_minx_maxx_miny_maxy": [
                -1,
                -1,
                -1,
                -1
            ],
            "class": "Dog",
            "local_cuboid": null,
            "local_to_world_matrix": [
                [
                    -0.9629678726196289,
                    0.251550555229187,
                    0.09703412652015686,
                    0.0
                ],
                [
                    -0.14224019646644592,
                    -0.16824805736541748,
                    -0.9754283428192139,
                    0.0
                ],
                [
                    -0.22904372215270996,
                    -0.9531080722808838,
                    0.19779789447784424,
                    0.0
                ],
                [
                    0.23488177359104156,
                    -0.33609405159950256,
                    0.38562121987342834,
                    1.0
                ]
            ],
            "location": [
                0.33609405159950256,
                0.38562121987342834,
                -0.23488177359104156
            ],
            "location_world": [
                0.23488177359104156,
                -0.33609405159950256,
                0.38562121987342834
            ],
            "name": "google_Dog_11",
            "projected_cuboid": [
                [
                    3533.5075855255127,
                    -3348.1674194335938
                ],
                [
                    5243.755340576172,
                    -3116.8057918548584
                ],
                [
                    2058.0129623413086,
                    -1466.471791267395
                ],
                [
                    1559.7230195999146,
                    -1945.1103210449219
                ],
                [
                    1293.5880422592163,
                    -726.2099385261536
                ],
                [
                    1456.6932916641235,
                    -432.6920509338379
                ],
                [
                    943.8894391059875,
                    -266.6535973548889
                ],
                [
                    839.600682258606,
                    -534.9892973899841
                ],
                [
                    1489.6208047866821,
                    -916.0460233688354
                ]
            ],
            "provenance": "visii",
            "quaternion_xyzw": [
                0.6113170385360718,
                0.10848796367645264,
                0.7835851311683655,
                -0.022720515727996826
            ],
            "quaternion_xyzw_world": [
                -0.04325033724308014,
                -0.6318468451499939,
                0.7630553245544434,
                0.12901775538921356
            ],
            "segmentation_id": 12,
            "visibility": 0
        },
        {
            "bounding_box_minx_maxx_miny_maxy": [
                -1,
                -1,
                -1,
                -1
            ],
            "class": "Black",
            "local_cuboid": null,
            "local_to_world_matrix": [
                [
                    -0.2218538522720337,
                    0.7729266881942749,
                    -0.5944453477859497,
                    0.0
                ],
                [
                    -0.07609918713569641,
                    0.5940532684326172,
                    0.8008180856704712,
                    0.0
                ],
                [
                    0.972105860710144,
                    0.22290131449699402,
                    -0.07297396659851074,
                    0.0
                ],
                [
                    1.8086068630218506,
                    -0.24594683945178986,
                    -0.7898015379905701,
                    1.0
                ]
            ],
            "location": [
                0.24594683945178986,
                -0.7898015379905701,
                -1.8086068630218506
            ],
            "location_world": [
                1.8086068630218506,
                -0.24594683945178986,
                -0.7898015379905701
            ],
            "name": "google_Black_Elderberry_Syrup_54_oz_Gaia_Herbs_12",
            "projected_cuboid": [
                [
                    314.8624300956726,
                    510.89543104171753
                ],
                [
                    304.09833788871765,
                    496.7866539955139
                ],
                [
                    319.1826641559601,
                    512.5752687454224
                ],
                [
                    330.75058460235596,
                    527.7475714683533
                ],
                [
                    328.0526101589203,
                    498.7396001815796
                ],
                [
                    317.38871335983276,
                    484.69433188438416
                ],
                [
                    333.40173959732056,
                    499.4316101074219
                ],
                [
                    344.85378861427307,
                    514.5305395126343
                ],
                [
                    323.8043487071991,
                    505.3662061691284
                ]
            ],
            "provenance": "visii",
            "quaternion_xyzw": [
                -0.31557929515838623,
                0.9415215253829956,
                0.0008298605680465698,
                -0.11809477210044861
            ],
            "quaternion_xyzw_world": [
                0.2535087764263153,
                0.6871828436851501,
                0.3724334239959717,
                0.5699179172515869
            ],
            "segmentation_id": 13,
            "visibility": 0
        },
        {
            "bounding_box_minx_maxx_miny_maxy": [
                0,
                19,
                48,
                71
            ],
