{
    "camera_data": {
        "camera_look_at": {
            "at": [
                1.0,
                0.0,
                0.0
            ],
            "eye": [
                0.0,
                0.0,
                0.0
            ],
            "up": [
                0.0,
                0.0,
                1.0
            ]
        },
        "camera_view_matrix": [
            [
                0.0,
                0.0,
                -1.0,
                0.0
            ],
            [
                -1.0,
                0.0,
                0.0,
                0.0
            ],
            [
                0.0,
                1.0,
                0.0,
                0.0
            ],
            [
                0.0,
                0.0,
                0.0,
                1.0
            ]
        ],
        "height": 500,
        "intrinsics": {
            "cx": 250.0,
            "cy": 250.0,
            "fx": 603.5535278320312,
            "fy": 603.5535278320312
        },
        "location_world": [
            0.0,
            0.0,
            0.0
        ],
        "quaternion_world_xyzw": [
            0.5,
            -0.5,
            -0.5,
            0.5
        ],
        "width": 500
    },
    "objects": [
        {
            "bounding_box_minx_maxx_miny_maxy": [
                -1,
                -1,
                -1,
                -1
            ],
            "class": "Reebok",
            "local_cuboid": null,
            "local_to_world_matrix": [
                [
                    0.02109009027481079,
                    0.9974240064620972,
                    -0.0685608983039856,
                    0.0
                ],
                [
                    0.6169257164001465,
                    -0.06694686412811279,
                    -0.7841688394546509,
                    0.0
                ],
                [
                    -0.7867387533187866,
                    -0.0257587730884552,
                    -0.616748571395874,
                    0.0
                ],
                [
                    0.6688408851623535,
                    -0.29538044333457947,
                    0.45741739869117737,
                    1.0
                ]
            ],
            "location": [
                0.29538044333457947,
                0.45741739869117737,
                -0.6688408851623535
            ],
            "location_world": [
                0.6688408851623535,
                -0.29538044333457947,
                0.45741739869117737
            ],
            "name": "google_Reebok_SOMERSET_RUN_0",
            "projected_cuboid": [
                [
                    537.0064973831177,
                    -363.833487033844
                ],
                [
                    477.227658033371,
                    8.856549859046936
                ],
                [
                    447.55709171295166,
                    -19.01349425315857
                ],
                [
                    488.67952823638916,
                    -341.6696786880493
                ],
                [
                    678.191065788269,
                    -376.4474391937256
                ],
                [
                    579.9614787101746,
                    0.9895563125610352
                ],
                [
                    537.8177165985107,
                    -26.020020246505737
                ],
                [
                    607.3315739631653,
                    -352.1970510482788
                ],
                [
                    537.4998450279236,
                    -158.40566158294678
                ]
            ],
            "provenance": "visii",
            "quaternion_xyzw": [
                -0.0012357532978057861,
                0.32654112577438354,
                -0.9445014595985413,
                0.03586752712726593
            ],
            "quaternion_xyzw_world": [
                0.6528371572494507,
                0.6182053685188293,
                -0.3275317847728729,
                -0.2904285192489624
            ],
            "segmentation_id": 1,
            "visibility": 0
        },
        {
            "bounding_box_minx_maxx_miny_maxy": [
                0,
                56,
                211,
                246
            ],
            "class": "Breyer",
            "local_cuboid": null,
            "local_to_world_matrix": [
                [
                    -0.8697645664215088,
                    0.48501867055892944,
                    0.09092110395431519,
                    0.0
                ],
                [
                    -0.377157986164093,
                    -0.53456711769104,
                    -0.7563002705574036,
                    0.0
                ],
                [
                    -0.31821632385253906,
                    -0.6920947432518005,
                    0.6478760242462158,
                    0.0
                ],
                [
                    1.515503168106079,
                    0.6050994396209717,
                    0.03322555124759674,
                    1.0
                ]
            ],
            "location": [
                -0.6050994396209717,
                0.03322555124759674,
                -1.515503168106079
            ],
            "location_world": [
                1.515503168106079,
                0.6050994396209717,
                0.03322555124759674
            ],
            "name": "google_Breyer_Horse_Of_The_Year_2015_1",
            "projected_cuboid": [
                [
                    0.3972649574279785,
                    179.62779104709625
                ],
                [
                    10.150685906410217,
                    197.9789435863495
                ],
                [
                    -27.194172143936157,
                    242.56424605846405
                ],
                [
                    -36.041855812072754,
                    224.15994107723236
                ],
                [
                    75.24694502353668,
                    196.67024910449982
                ],
                [
                    84.78643000125885,
                    212.8840982913971
                ],
                [
                    49.8579740524292,
                    251.41844153404236
                ],
                [
                    41.07318818569183,
                    235.17493903636932
                ],
                [
                    27.0233154296875,
                    218.27463805675507
                ]
            ],
            "provenance": "visii",
            "quaternion_xyzw": [
                0.4881253242492676,
                0.3203521966934204,
                0.7999273538589478,
                -0.13865193724632263
            ],
            "quaternion_xyzw_world": [
                -0.0650508925318718,
                -0.41452428698539734,
                0.8735284209251404,
                0.24675117433071136
            ],
            "segmentation_id": 2,
            "visibility": 1
        },
        {
            "bounding_box_minx_maxx_miny_maxy": [
                243,
                252,
                205,
                218
            ],
            "class": "Smith",
            "local_cuboid": null,
            "local_to_world_matrix": [
                [
                    0.25134986639022827,
                    0.904628574848175,
                    0.3441954553127289,
                    0.0
                ],
                [
                    -0.9643952250480652,
                    0.20385074615478516,
                    0.1684839129447937,
                    0.0
                ],
                [
                    0.08225083351135254,
                    -0.3742888569831848,
                    0.923657238483429,
                    0.0
                ],
                [
                    1.514604091644287,
                    0.2258584350347519,
                    -0.09933625906705856,
                    1.0
                ]
            ],
            "location": [
                -0.2258584350347519,
                -0.09933625906705856,
                -1.514604091644287
            ],
            "location_world": [
                1.514604091644287,
                0.2258584350347519,
                -0.09933625906705856
            ],
            "name": "google_Smith_Hawken_Woven_BasketTray_Organizer_with_3_Compartments_95_x_9_x_13_2",
            "projected_cuboid": [
                [
                    157.52670168876648,
                    183.23150277137756
                ],
                [
                    120.102658867836,
                    153.94338965415955
                ],
                [
                    75.88383555412292,
                    256.6606104373932
                ],
                [
                    120.30994892120361,
                    271.20697498321533
                ],
                [
                    274.10560846328735,
                    225.81736743450165
                ],
                [
                    255.34290075302124,
                    202.31202244758606
                ],
                [
                    210.366889834404,
                    312.7362132072449
                ],
                [
                    236.3889068365097,
                    319.3824887275696
                ],
                [
                    180.82468211650848,
                    240.33185839653015
                ]
            ],
            "provenance": "visii",
            "quaternion_xyzw": [
                0.0477975532412529,
                0.7340577840805054,
                0.6430190205574036,
                0.2130754590034485
            ],
            "quaternion_xyzw_world": [
                0.1759558767080307,
                -0.0849171131849289,
                0.605899453163147,
                0.771177351474762
            ],
            "segmentation_id": 3,
            "visibility": 1
        },
        {
            "bounding_box_minx_maxx_miny_maxy": [
                390,
                499,
                307,
                471
            ],
            "class": "Paul",
            "local_cuboid": null,
            "local_to_world_matrix": [
                [
                    0.8669977188110352,
                    0.39040446281433105,
                    -0.3096761405467987,
                    0.0
                ],
                [
                    -0.49799567461013794,
                    0.7009648680686951,
                    -0.5105375051498413,
                    0.0
                ],
                [
                    0.017755955457687378,
                    0.59685218334198,
                    0.8021546602249146,
                    0.0
                ],
                [
                    0.35110804438591003,
                    -0.2519209086894989,
                    -0.11006443947553635,
                    1.0
                ]
            ],
            "location": [
                0.2519209086894989,
                -0.11006443947553635,
                -0.35110804438591003
            ],
            "location_world": [
                0.35110804438591003,
                -0.2519209086894989,
                -0.11006443947553635
            ],
            "name": "google_Paul_Frank_Dot_Lunch_Box_3",
            "projected_cuboid": [
                [
                    371.1119294166565,
                    173.89801144599915
                ],
                [
                    282.72745013237,
                    239.74068462848663
                ],
                [
                    473.50937128067017,
                    495.6376552581787
                ],
                [
                    541.8167114257812,
                    401.3230800628662
                ],
                [
                    705.5469155311584,
                    -74.38641786575317
                ],
                [
                    606.8546772003174,
                    -0.6505846977233887
                ],
                [
                    1011.034369468689,
                    528.2602310180664
                ],
                [
                    1029.040813446045,
                    345.7745611667633
                ],
                [
                    561.5507364273071,
                    279.3550193309784
                ]
            ],
            "provenance": "visii",
            "quaternion_xyzw": [
                -0.5333594083786011,
                0.47371482849121094,
                0.6861461400985718,
                0.14256756007671356
            ],
            "quaternion_xyzw_world": [
                -0.3016115725040436,
                0.08918026089668274,
                0.24196699261665344,
                0.9178939461708069
            ],
            "segmentation_id": 4,
            "visibility": 1
        },
        {
            "bounding_box_minx_maxx_miny_maxy": [
                266,
                323,
                237,
                281
            ],
            "class": "Toys",
            "local_cuboid": null,
            "local_to_world_matrix": [
                [
                    0.8295177221298218,
                    0.10536365956068039,
                    0.54845130443573,
                    0.0
                ],
                [
                    -0.11868872493505478,
                    -0.9263499975204468,
                    0.35747575759887695,
                    0.0
                ],
                [
                    0.5457227230072021,
                    -0.361627459526062,
                    -0.7559182643890381,
                    0.0
                ],
                [
                    0.8172374963760376,
                    -0.015993697568774223,
                    0.0004310615186113864,
                    1.0
                ]
            ],
            "location": [
                0.015993697568774223,
                0.0004310615186113864,
                -0.8172374963760376
            ],
            "location_world": [
                0.8172374963760376,
                -0.015993697568774223,
                0.0004310615186113864
            ],
            "name": "google_Toys_R_Us_Treat_Dispenser_Smart_Puzzle_Foobler_4",
            "projected_cuboid": [
                [
                    245.07243931293488,
                    312.34022974967957
                ],
                [
                    334.9888324737549,
                    278.79664301872253
                ],
                [
                    304.7485053539276,
                    201.29233598709106
                ],
                [
                    206.9963812828064,
                    239.58033323287964
                ],
                [
                    255.95644116401672,
                    382.34513998031616
                ],
                [
                    360.0568175315857,
                    345.1448678970337
                ],
                [
                    327.4211585521698,
                    261.73797249794006
                ],
                [
                    212.664395570755,
                    305.0248324871063
                ],
                [
                    280.7263731956482,
                    290.43132066726685
                ]
            ],
            "provenance": "visii",
            "quaternion_xyzw": [
                0.5203084349632263,
                0.7086187601089478,
                -0.22481393814086914,
                0.42023491859436035
            ],
            "quaternion_xyzw_world": [
                0.9369879961013794,
                -0.0035552929621189833,
                0.2919391691684723,
                0.19186563789844513
            ],
            "segmentation_id": 5,
            "visibility": 1
        },
        {
            "bounding_box_minx_maxx_miny_maxy": [
                -1,
                -1,
                -1,
                -1
            ],
            "class": "Tag",
            "local_cuboid": null,
            "local_to_world_matrix": [
                [
                    -0.28023576736450195,
                    -0.7842922806739807,
                    -0.5534921884536743,
                    0.0
                ],
                [
                    -0.5351516604423523,
                    -0.35103726387023926,
                    0.7683655023574829,
                    0.0
                ],
                [
                    -0.7969194650650024,
                    0.5115257501602173,
                    -0.32134222984313965,
                    0.0
                ],
                [
                    0.4663185179233551,
                    0.48576682806015015,
                    0.15282610058784485,
                    1.0
                ]
            ],
            "location": [
                -0.48576682806015015,
                0.15282610058784485,
                -0.4663185179233551
            ],
            "location_world": [
                0.4663185179233551,
                0.48576682806015015,
                0.15282610058784485
            ],
            "name": "google_Tag_Dishtowel_Basket_Weave_Red_18_x_26_5",
            "projected_cuboid": [
                [
                    -354.4078469276428,
                    243.73245239257812
                ],
                [
                    -428.180992603302,
                    -65.10114669799805
                ],
                [
                    -350.3342270851135,
                    -59.86085534095764
                ],
                [
                    -299.8456358909607,
                    230.68886995315552
                ],
                [
                    -453.1547427177429,
                    135.78607141971588
                ],
                [
                    -548.8872528076172,
                    -169.8080599308014
                ],
                [
                    -471.89825773239136,
                    -158.35756063461304
                ],
                [
                    -398.34725856781006,
                    129.29514050483704
                ],
                [
                    -409.9637269973755,
                    53.602129220962524
                ]
            ],
            "provenance": "visii",
            "quaternion_xyzw": [
                0.23399102687835693,
                -0.2163063883781433,
                -0.2471141815185547,
                0.9150925874710083
            ],
            "quaternion_xyzw_world": [
                0.5899456739425659,
                -0.5591378808021545,
                -0.5722610354423523,
                0.1088404506444931
            ],
            "segmentation_id": 6,
            "visibility": 0
        },
        {
            "bounding_box_minx_maxx_miny_maxy": [
                0,
                113,
                105,
                178
            ],
            "class": "FRACTION",
            "local_cuboid": null,
            "local_to_world_matrix": [
                [
                    -0.12429153919219971,
                    0.9172824025154114,
                    0.37834465503692627,
                    0.0
                ],
                [
                    0.9881709218025208,
                    0.07990866899490356,
                    0.13089221715927124,
                    0.0
                ],
                [
                    0.08983209729194641,
                    0.3901379704475403,
                    -0.9163638353347778,
                    0.0
                ],
                [
                    0.5989735126495361,
                    0.18622419238090515,
                    0.12099331617355347,
                    1.0
                ]
            ],
            "location": [
                -0.18622419238090515,
                0.12099331617355347,
                -0.5989735126495361
            ],
            "location_world": [
                0.5989735126495361,
                0.18622419238090515,
                0.12099331617355347
            ],
            "name": "google_FRACTION_FUN_n4h4qte23QR_6",
            "projected_cuboid": [
                [
                    -84.1643214225769,
                    126.97410583496094
                ],
                [
                    -6.35954737663269,
                    138.7200951576233
                ],
                [
                    7.28878378868103,
                    102.54521667957306
                ],
                [
                    -65.97763299942017,
                    77.03724503517151
                ],
                [
                    116.20175838470459,
                    208.99812877178192
                ],
                [
                    138.6619210243225,
                    198.70659708976746
                ],
                [
                    152.69878506660461,
                    163.98710012435913
                ],
                [
                    135.14775037765503,
                    161.79147362709045
                ],
                [
                    54.441794753074646,
                    148.63315224647522
                ]
            ],
            "provenance": "visii",
            "quaternion_xyzw": [
                0.10205084085464478,
                0.7310962080955505,
                -0.6512599587440491,
                -0.17591029405593872
            ],
            "quaternion_xyzw_world": [
                0.6542483568191528,
                0.7281078100204468,
                0.17889870703220367,
                -0.09906244277954102
            ],
            "segmentation_id": 7,
            "visibility": 1
        },
        {
            "bounding_box_minx_maxx_miny_maxy": [
                9,
                103,
                59,
                90
            ],
            "class": "FAIRY",
            "local_cuboid": null,
            "local_to_world_matrix": [
                [
                    0.7505415678024292,
                    -0.6607117056846619,
                    -0.012140750885009766,
                    0.0
                ],
                [
                    0.2612360715866089,
                    0.31352901458740234,
                    -0.9129377007484436,
                    0.0
                ],
                [
                    0.6069951057434082,
                    0.6820260882377625,
                    0.4079183340072632,
                    0.0
                ],
                [
                    0.6996422410011292,
                    0.16266000270843506,
                    0.3095034658908844,
                    1.0
                ]
            ],
            "location": [
                -0.16266000270843506,
                0.3095034658908844,
                -0.6996422410011292
            ],
            "location_world": [
                0.6996422410011292,
                0.16266000270843506,
                0.3095034658908844
            ],
            "name": "google_FAIRY_TALE_BLOCKS_7",
            "projected_cuboid": [
                [
                    121.06555700302124,
                    -101.07168555259705
                ],
                [
                    78.26267182826996,
                    75.78705251216888
                ],
                [
                    161.11469268798828,
                    113.64351212978363
                ],
                [
                    219.1222608089447,
                    -91.33544564247131
                ],
                [
                    -52.28912830352783,
                    -195.81207633018494
                ],
                [
                    -89.8871123790741,
                    31.78536891937256
                ],
                [
                    -18.515944480895996,
                    71.3224858045578
                ],
                [
                    36.60382330417633,
                    -205.32098412513733
                ],
                [
                    62.73035705089569,
                    -29.023081064224243
                ]
            ],
            "provenance": "visii",
            "quaternion_xyzw": [
                -0.8917180299758911,
                0.09130401909351349,
                0.40163129568099976,
                0.18760256469249725
            ],
            "quaternion_xyzw_world": [
                -0.5072214007377625,
                0.196894109249115,
                -0.29319265484809875,
                0.7861279845237732
            ],
            "segmentation_id": 8,
            "visibility": 1
        },
        {
            "bounding_box_minx_maxx_miny_maxy": [
                -1,
                -1,
                -1,
                -1
            ],
            "class": "Great",
            "local_cuboid": null,
            "local_to_world_matrix": [
                [
                    0.764662504196167,
                    0.5593001842498779,
                    -0.3201163411140442,
                    0.0
                ],
                [
                    0.2133459746837616,
                    0.2490227222442627,
                    0.9447068572044373,
                    0.0
                ],
                [
                    0.6080909967422485,
                    -0.7906774878501892,
                    0.07109391689300537,
                    0.0
                ],
                [
                    0.15112338960170746,
                    -0.2686251699924469,
                    -0.25534117221832275,
                    1.0
                ]
            ],
            "location": [
                0.2686251699924469,
                -0.25534117221832275,
                -0.15112338960170746
            ],
            "location_world": [
                0.15112338960170746,
                -0.2686251699924469,
                -0.25534117221832275
            ],
            "name": "google_Great_Jones_Wingtip_kAqSg6EgG0I_8",
            "projected_cuboid": [
                [
                    1213.4008407592773,
                    1334.8468542099
                ],
                [
                    838.3806943893433,
                    490.0001585483551
                ],
                [
                    778.5128355026245,
                    584.6693515777588
                ],
                [
                    1290.4584407806396,
                    1833.2879543304443
                ],
                [
                    2040.81130027771,
                    1824.9677419662476
                ],
                [
                    1253.5585165023804,
                    484.8923087120056
                ],
                [
                    1360.2473735809326,
                    633.8479518890381
                ],
                [
                    2965.317726135254,
                    3337.1474742889404
                ],
                [
                    1269.4908380508423,
                    1067.0902729034424
                ]
            ],
            "provenance": "visii",
            "quaternion_xyzw": [
                -0.16131016612052917,
                0.8820569515228271,
                -0.04031828045845032,
                0.44082751870155334
            ],
            "quaternion_xyzw_world": [
                0.600946307182312,
                0.32142895460128784,
                0.11980050802230835,
                0.7219381928443909
            ],
            "segmentation_id": 9,
            "visibility": 0
        },
        {
            "bounding_box_minx_maxx_miny_maxy": [
                -1,
                -1,
                -1,
                -1
            ],
            "class": "Ecoforms",
            "local_cuboid": null,
            "local_to_world_matrix": [
                [
                    0.8300598859786987,
                    0.2819516062736511,
                    -0.48114848136901855,
                    0.0
                ],
                [
                    0.5576428771018982,
                    -0.41048550605773926,
                    0.7214819192886353,
                    0.0
                ],
                [
                    0.005918517708778381,
                    -0.8671822547912598,
                    -0.49795591831207275,
                    0.0
                ],
                [
                    0.7785677313804626,
                    0.07696343958377838,
                    0.3108045756816864,
                    1.0
                ]
            ],
            "location": [
                -0.07696343958377838,
                0.3108045756816864,
                -0.7785677313804626
            ],
            "location_world": [
                0.7785677313804626,
                0.07696343958377838,
                0.3108045756816864
            ],
            "name": "google_Ecoforms_Plant_Container_Quadra_Sand_QP6_9",
            "projected_cuboid": [
                [
                    252.49123573303223,
                    165.65386950969696
                ],
                [
                    303.87943983078003,
                    84.63406562805176
                ],
                [
                    207.06498622894287,
                    28.825968503952026
                ],
                [
                    142.85367727279663,
                    102.5911271572113
                ],
                [
                    303.129106760025,
                    59.69490110874176
                ],
                [
                    358.16794633865356,
                    -23.40492606163025
                ],
                [
                    241.09698832035065,
                    -91.07440710067749
                ],
                [
                    166.77315533161163,
                    -18.944472074508667
                ],
                [
                    246.98781967163086,
                    41.65467619895935
                ]
            ],
            "provenance": "visii",
            "quaternion_xyzw": [
                -0.024924933910369873,
                0.7087580561637878,
                -0.37234097719192505,
                0.5986676216125488
            ],
            "quaternion_xyzw_world": [
                0.8274208903312683,
                0.25367817282676697,
                -0.14358773827552795,
                0.48000484704971313
            ],
            "segmentation_id": 10,
            "visibility": 0
        },
        {
            "bounding_box_minx_maxx_miny_maxy": [
                -1,
                -1,
                -1,
                -1
            ],
            "class": "ReadytoUse",
            "local_cuboid": null,
            "local_to_world_matrix": [
                [
                    0.9239728450775146,
                    -0.1221623420715332,
                    -0.3624231815338135,
                    0.0
                ],
                [
                    0.33350470662117004,
                    0.7212116718292236,
                    0.6071476936340332,
                    0.0
                ],
                [
                    0.1872132420539856,
                    -0.6818578243255615,
                    0.707121729850769,
                    0.0
                ],
                [
                    0.17916177213191986,
                    -0.08737774938344955,
                    -0.3694233298301697,
                    1.0
                ]
            ],
            "location": [
                0.08737774938344955,
                -0.3694233298301697,
                -0.17916177213191986
            ],
            "location_world": [
                0.17916177213191986,
                -0.08737774938344955,
                -0.3694233298301697
            ],
            "name": "google_ReadytoUse_Rolled_Fondant_Pure_White_24_oz_box_10",
            "projected_cuboid": [
                [
                    781.1030149459839,
                    920.0840592384338
                ],
                [
                    671.6777682304382,
                    814.677894115448
                ],
                [
                    441.17116928100586,
                    1183.7315559387207
                ],
                [
                    549.1807460784912,
                    1330.4399251937866
                ],
                [
                    1128.3491849899292,
                    1253.510594367981
                ],
                [
                    908.2090854644775,
                    1041.5632724761963
                ],
                [
                    536.8078947067261,
                    1782.2434902191162
                ],
                [
                    764.5106911659241,
                    2158.5545539855957
                ],
                [
                    698.9798545837402,
                    1209.91051197052
                ]
            ],
            "provenance": "visii",
            "quaternion_xyzw": [
                -0.4189951717853546,
                0.6465676426887512,
                0.1444617360830307,
                0.6209059357643127
            ],
            "quaternion_xyzw_world": [
                0.35200831294059753,
                0.1500975638628006,
                -0.1244359239935875,
                0.915465235710144
            ],
            "segmentation_id": 11,
            "visibility": 0
        },
        {
            "bounding_box_minx_maxx_miny_maxy": [
                -1,
                -1,
                -1,
                -1
            ],
            "class": "Dog",
            "local_cuboid": null,
            "local_to_world_matrix": [
                [
                    -0.8791087865829468,
                    -0.4472673833370209,
                    -0.16468042135238647,
                    0.0
                ],
                [
                    0.2904023230075836,
                    -0.7766225337982178,
                    0.5590384006500244,
                    0.0
                ],
                [
                    -0.37793415784835815,
                    0.44363200664520264,
                    0.812623143196106,
                    0.0
                ],
                [
                    0.27466705441474915,
                    -0.3089589476585388,
                    0.29923686385154724,
                    1.0
                ]
            ],
            "location": [
                0.3089589476585388,
                0.29923686385154724,
                -0.27466705441474915
            ],
            "location_world": [
                0.27466705441474915,
                -0.3089589476585388,
                0.29923686385154724
            ],
            "name": "google_Dog_11",
            "projected_cuboid": [
                [
                    2030.014991760254,
                    -3192.091941833496
                ],
                [
                    1956.7573070526123,
                    -2185.394287109375
                ],
                [
                    1576.5727758407593,
                    -763.6760473251343
                ],
                [
                    1468.4152603149414,
                    -707.9272866249084
                ],
                [
                    466.9927954673767,
                    -698.9769339561462
                ],
                [
                    698.3731985092163,
                    -734.2352867126465
                ],
                [
                    747.1359968185425,
                    -306.41454458236694
                ],
                [
                    573.4614133834839,
                    -212.2720181941986
                ],
                [
                    933.7563514709473,
                    -726.1937856674194
                ]
            ],
            "provenance": "visii",
            "quaternion_xyzw": [
                0.3571746051311493,
                0.42832139134407043,
                0.3048066794872284,
                -0.7720491886138916
            ],
            "quaternion_xyzw_world": [
                -0.14567993581295013,
                0.26919466257095337,
                0.931175947189331,
                -0.19804789125919342
            ],
            "segmentation_id": 12,
            "visibility": 0
        },
        {
            "bounding_box_minx_maxx_miny_maxy": [
                -1,
                -1,
                -1,
                -1
            ],
            "class": "Black",
            "local_cuboid": null,
            "local_to_world_matrix": [
                [
                    -0.5348761081695557,
                    -0.5585908889770508,
                    -0.6339430212974548,
                    0.0
                ],
                [
                    -0.29212868213653564,
                    0.8262777924537659,
                    -0.4815868139266968,
                    0.0
                ],
                [
                    0.7928230166435242,
                    -0.07239629328250885,
                    -0.6051366329193115,
                    0.0
                ],
                [
                    1.3581560850143433,
                    -0.2955423593521118,
                    0.7404510974884033,
                    1.0
                ]
            ],
            "location": [
                0.2955423593521118,
                0.7404510974884033,
                -1.3581560850143433
            ],
            "location_world": [
                1.3581560850143433,
                -0.2955423593521118,
                0.7404510974884033
            ],
            "name": "google_Black_Elderberry_Syrup_54_oz_Gaia_Herbs_12",
            "projected_cuboid": [
                [
                    392.5582766532898,
                    -16.989797353744507
                ],
                [
                    373.92398715019226,
                    -8.319348096847534
                ],
                [
                    379.85697388648987,
                    -70.31181454658508
                ],
                [
                    400.0016152858734,
                    -78.92856001853943
                ],
                [
                    376.78301334381104,
                    -26.141226291656494
                ],
                [
                    358.3495020866394,
                    -17.756491899490356
                ],
                [
                    362.8368675708771,
                    -79.15645837783813
                ],
                [
                    382.74866342544556,
                    -87.47223019599915
                ],
                [
                    378.23158502578735,
                    -46.95621132850647
                ]
            ],
            "provenance": "visii",
            "quaternion_xyzw": [
                -0.8415759801864624,
                0.4337756633758545,
                -0.18039734661579132,
                -0.2665431499481201
            ],
            "quaternion_xyzw_world": [
                -0.24697306752204895,
                0.861146092414856,
                -0.16082726418972015,
                0.4142055809497833
            ],
            "segmentation_id": 13,
            "visibility": 0
        },
        {
            "bounding_box_minx_maxx_miny_maxy": [
                -1,
                -1,
                -1,
                -1
            ],
