{
    "camera_data": {
        "camera_look_at": {
            "at": [
                1.0,
                0.0,
                0.0
            ],
            "eye": [
                0.0,
                0.0,
                0.0
            ],
            "up": [
                0.0,
                0.0,
                1.0
            ]
        },
        "camera_view_matrix": [
            [
                0.0,
                0.0,
                -1.0,
                0.0
            ],
            [
                -1.0,
                0.0,
                0.0,
                0.0
            ],
            [
                0.0,
                1.0,
                0.0,
                0.0
            ],
            [
                0.0,
                0.0,
                0.0,
                1.0
            ]
        ],
        "height": 500,
        "intrinsics": {
            "cx": 250.0,
            "cy": 250.0,
            "fx": 603.5535278320312,
            "fy": 603.5535278320312
        },
        "location_world": [
            0.0,
            0.0,
            0.0
        ],
        "quaternion_world_xyzw": [
            0.5,
            -0.5,
            -0.5,
            0.5
        ],
        "width": 500
    },
    "objects": [
        {
            "bounding_box_minx_maxx_miny_maxy": [
                -1,
                -1,
                -1,
                -1
            ],
            "class": "Reebok",
            "local_cuboid": null,
            "local_to_world_matrix": [
                [
                    0.6663864850997925,
                    0.7109756469726562,
                    0.22459472715854645,
                    0.0
                ],
                [
                    0.7448835372924805,
                    -0.6480815410614014,
                    -0.15855464339256287,
                    0.0
                ],
                [
                    0.03282715380191803,
                    0.2729555666446686,
                    -0.961466908454895,
                    0.0
                ],
                [
                    0.6236879825592041,
                    -0.2833983600139618,
                    0.43570926785469055,
                    1.0
                ]
            ],
            "location": [
                0.2833983600139618,
                0.43570926785469055,
                -0.6236879825592041
            ],
            "location_world": [
                0.6236879825592041,
                -0.2833983600139618,
                0.43570926785469055
            ],
            "name": "google_Reebok_SOMERSET_RUN_0",
            "projected_cuboid": [
                [
                    376.7132759094238,
                    -140.79630374908447
                ],
                [
                    488.9110326766968,
                    5.438521504402161
                ],
                [
                    514.9246454238892,
                    -83.2386314868927
                ],
                [
                    412.22071647644043,
                    -265.4855251312256
                ],
                [
                    497.2495436668396,
                    -170.10384798049927
                ],
                [
                    583.9236974716187,
                    1.0106265544891357
                ],
                [
                    613.2732629776001,
                    -97.2866415977478
                ],
                [
                    539.3179655075073,
                    -314.68528509140015
                ],
                [
                    508.1312656402588,
                    -116.62507057189941
                ]
            ],
            "provenance": "visii",
            "quaternion_xyzw": [
                0.34655678272247314,
                0.6295332908630371,
                -0.6776251792907715,
                0.15623925626277924
            ],
            "quaternion_xyzw_world": [
                0.9049772024154663,
                0.4021811783313751,
                0.07111281156539917,
                -0.11920471489429474
            ],
            "segmentation_id": 1,
            "visibility": 0
        },
        {
            "bounding_box_minx_maxx_miny_maxy": [
                0,
                47,
                210,
                285
            ],
            "class": "Breyer",
            "local_cuboid": null,
            "local_to_world_matrix": [
                [
                    0.055970072746276855,
                    0.8468077182769775,
                    0.5289462804794312,
                    0.0
                ],
                [
                    0.9084120988845825,
                    0.17664730548858643,
                    -0.3789237141609192,
                    0.0
                ],
                [
                    -0.4143124520778656,
                    0.5017095804214478,
                    -0.7593634128570557,
                    0.0
                ],
                [
                    1.5932552814483643,
                    0.6040238738059998,
                    0.08172623813152313,
                    1.0
                ]
            ],
            "location": [
                -0.6040238738059998,
                0.08172623813152313,
                -1.5932552814483643
            ],
            "location_world": [
                1.5932552814483643,
                0.6040238738059998,
                0.08172623813152313
            ],
            "name": "google_Breyer_Horse_Of_The_Year_2015_1",
            "projected_cuboid": [
                [
                    -59.000998735427856,
                    235.69665849208832
                ],
                [
                    -52.59716510772705,
                    244.58758533000946
                ],
                [
                    -12.402117252349854,
                    201.77388191223145
                ],
                [
                    -17.214804887771606,
                    191.81953370571136
                ],
                [
                    16.939878463745117,
                    284.6703231334686
                ],
                [
                    20.838186144828796,
                    291.98503494262695
                ],
                [
                    58.47544968128204,
                    246.97096645832062
                ],
                [
                    55.99436163902283,
                    238.44657838344574
                ],
                [
                    1.6659945249557495,
                    241.51888489723206
                ]
            ],
            "provenance": "visii",
            "quaternion_xyzw": [
                0.17161262035369873,
                0.5132181644439697,
                -0.8124105930328369,
                -0.21712961792945862
            ],
            "quaternion_xyzw_world": [
                0.6400558948516846,
                0.6855728626251221,
                0.044774919748306274,
                -0.34396734833717346
            ],
            "segmentation_id": 2,
            "visibility": 1
        },
        {
            "bounding_box_minx_maxx_miny_maxy": [
                111,
                250,
                167,
                304
            ],
            "class": "Smith",
            "local_cuboid": null,
            "local_to_world_matrix": [
                [
                    0.7861394882202148,
                    0.5806088447570801,
                    -0.2118443250656128,
                    0.0
                ],
                [
                    -0.48976120352745056,
                    0.7942957282066345,
                    0.35948339104652405,
                    0.0
                ],
                [
                    0.3769862651824951,
                    -0.17885097861289978,
                    0.908786952495575,
                    0.0
                ],
                [
                    1.5394408702850342,
                    0.1841631382703781,
                    -0.10043099522590637,
                    1.0
                ]
            ],
            "location": [
                -0.1841631382703781,
                -0.10043099522590637,
                -1.5394408702850342
            ],
            "location_world": [
                1.5394408702850342,
                0.1841631382703781,
                -0.10043099522590637
            ],
            "name": "google_Smith_Hawken_Woven_BasketTray_Organizer_with_3_Compartments_95_x_9_x_13_2",
            "projected_cuboid": [
                [
                    205.25795221328735,
                    230.8400273323059
                ],
                [
                    130.24291396141052,
                    196.96944952011108
                ],
                [
                    104.83510792255402,
                    284.68263149261475
                ],
                [
                    186.04005873203278,
                    314.1823410987854
                ],
                [
                    278.01477909088135,
                    197.85548746585846
                ],
                [
                    194.5798099040985,
                    154.4061303138733
                ],
                [
                    168.6573624610901,
                    257.51420855522156
                ],
                [
                    260.1110637187958,
                    295.08060216903687
                ],
                [
                    189.89619612693787,
                    242.03552305698395
                ]
            ],
            "provenance": "visii",
            "quaternion_xyzw": [
                -0.3304898142814636,
                0.7610976099967957,
                0.4593852758407593,
                0.31697332859039307
            ],
            "quaternion_xyzw_world": [
                0.1440979391336441,
                0.15761445462703705,
                0.2865099012851715,
                0.9339730143547058
            ],
            "segmentation_id": 3,
            "visibility": 1
        },
        {
            "bounding_box_minx_maxx_miny_maxy": [
                344,
                499,
                268,
                393
            ],
            "class": "Paul",
            "local_cuboid": null,
            "local_to_world_matrix": [
                [
                    0.8145785927772522,
                    0.38606545329093933,
                    -0.4329148530960083,
                    0.0
                ],
                [
                    -0.5799471139907837,
                    0.5277778506278992,
                    -0.6205740571022034,
                    0.0
                ],
                [
                    -0.011099234223365784,
                    0.7565739750862122,
                    0.6538140177726746,
                    0.0
                ],
                [
                    0.357210636138916,
                    -0.26263150572776794,
                    -0.09929724782705307,
                    1.0
                ]
            ],
            "location": [
                0.26263150572776794,
                -0.09929724782705307,
                -0.357210636138916
            ],
            "location_world": [
                0.357210636138916,
                -0.26263150572776794,
                -0.09929724782705307
            ],
            "name": "google_Paul_Frank_Dot_Lunch_Box_3",
            "projected_cuboid": [
                [
                    328.9395570755005,
                    214.99362587928772
                ],
                [
                    260.64038276672363,
                    303.69681119918823
                ],
                [
                    504.94688749313354,
                    514.5567059516907
                ],
                [
                    542.0733690261841,
                    399.714857339859
                ],
                [
                    609.639048576355,
                    -58.614522218704224
                ],
                [
                    554.8008680343628,
                    38.9084666967392
                ],
                [
                    1035.0220203399658,
                    459.48463678359985
                ],
                [
                    982.619047164917,
                    269.37136054039
                ],
                [
                    545.9388494491577,
                    290.1327311992645
                ]
            ],
            "provenance": "visii",
            "quaternion_xyzw": [
                -0.5530392527580261,
                0.43427884578704834,
                0.7102357149124146,
                0.03339146077632904
            ],
            "quaternion_xyzw_world": [
                -0.39780232310295105,
                0.12184546142816544,
                0.27904191613197327,
                0.8654726147651672
            ],
            "segmentation_id": 4,
            "visibility": 1
        },
        {
            "bounding_box_minx_maxx_miny_maxy": [
                -1,
                -1,
                -1,
                -1
            ],
            "class": "Toys",
            "local_cuboid": null,
            "local_to_world_matrix": [
                [
                    0.5432002544403076,
                    -0.7346516251564026,
                    -0.40647318959236145,
                    0.0
                ],
                [
                    -0.7175690531730652,
                    -0.15485799312591553,
                    -0.6790534853935242,
                    0.0
                ],
                [
                    0.43592211604118347,
                    0.660534679889679,
                    -0.611282229423523,
                    0.0
                ],
                [
                    0.8680023550987244,
                    0.12386861443519592,
                    -0.11801635473966599,
                    1.0
                ]
            ],
            "location": [
                -0.12386861443519592,
                -0.11801635473966599,
                -0.8680023550987244
            ],
            "location_world": [
                0.8680023550987244,
                0.12386861443519592,
                -0.11801635473966599
            ],
            "name": "google_Toys_R_Us_Treat_Dispenser_Smart_Puzzle_Foobler_4",
            "projected_cuboid": [
                [
                    144.56132054328918,
                    361.6819977760315
                ],
                [
                    147.53457903862,
                    443.5020387172699
                ],
                [
                    211.08894050121307,
                    392.40920543670654
                ],
                [
                    200.63787698745728,
                    310.7643723487854
                ],
                [
                    62.8514289855957,
                    331.54523372650146
                ],
                [
                    55.34990131855011,
                    417.60149598121643
                ],
                [
                    117.83340573310852,
                    358.6890995502472
                ],
                [
                    118.07332932949066,
                    273.48315715789795
                ],
                [
                    133.1349015235901,
                    360.40252447128296
                ]
            ],
            "provenance": "visii",
            "quaternion_xyzw": [
                0.8440419435501099,
                -0.07452689111232758,
                -0.3565388321876526,
                0.3935975134372711
            ],
            "quaternion_xyzw_world": [
                0.7598257064819336,
                -0.4778137505054474,
                0.009689363650977612,
                -0.44075506925582886
            ],
            "segmentation_id": 5,
            "visibility": 0
        },
        {
            "bounding_box_minx_maxx_miny_maxy": [
                -1,
                -1,
                -1,
                -1
            ],
            "class": "Tag",
            "local_cuboid": null,
            "local_to_world_matrix": [
                [
                    -0.25969505310058594,
                    -0.8614476323127747,
                    -0.4364248216152191,
                    0.0
                ],
                [
                    -0.9652414917945862,
                    0.21777033805847168,
                    0.14451663196086884,
                    0.0
                ],
                [
                    -0.0294530987739563,
                    0.4587855339050293,
                    -0.8880589008331299,
                    0.0
                ],
                [
                    0.4978269934654236,
                    0.47551584243774414,
                    0.1745702028274536,
                    1.0
                ]
            ],
            "location": [
                -0.47551584243774414,
                0.1745702028274536,
                -0.4978269934654236
            ],
            "location_world": [
                0.4978269934654236,
                0.47551584243774414,
                0.1745702028274536
            ],
            "name": "google_Tag_Dishtowel_Basket_Weave_Red_18_x_26_5",
            "projected_cuboid": [
                [
                    -153.71957421302795,
                    157.84952044487
                ],
                [
                    -488.8349771499634,
                    44.56031322479248
                ],
                [
                    -460.18803119659424,
                    -6.270021200180054
                ],
                [
                    -136.60967350006104,
                    126.25490128993988
                ],
                [
                    -265.7892107963562,
                    93.19336712360382
                ],
                [
                    -626.3992190361023,
                    -43.52140426635742
                ],
                [
                    -600.5175709724426,
                    -88.60862255096436
                ],
                [
                    -249.69518184661865,
                    63.915327191352844
                ],
                [
                    -336.7897868156433,
                    56.86624348163605
                ]
            ],
            "provenance": "visii",
            "quaternion_xyzw": [
                -0.6495147943496704,
                0.2518014907836914,
                0.07663047313690186,
                -0.7133402824401855
            ],
            "quaternion_xyzw_world": [
                -0.5938420295715332,
                0.7690130472183228,
                0.1961287260055542,
                0.13230325281620026
            ],
            "segmentation_id": 6,
            "visibility": 0
        },
        {
            "bounding_box_minx_maxx_miny_maxy": [
                0,
                9,
                97,
                119
            ],
            "class": "FRACTION",
            "local_cuboid": null,
            "local_to_world_matrix": [
                [
                    0.08083492517471313,
                    0.5163015127182007,
                    -0.8525834083557129,
                    0.0
                ],
                [
                    -0.946077823638916,
                    -0.2294628620147705,
                    -0.22865581512451172,
                    0.0
                ],
                [
                    -0.3136916160583496,
                    0.8250936269760132,
                    0.4699128270149231,
                    0.0
                ],
                [
                    0.5801881551742554,
                    0.28216755390167236,
                    0.06719066202640533,
                    1.0
                ]
            ],
            "location": [
                -0.28216755390167236,
                0.06719066202640533,
                -0.5801881551742554
            ],
            "location_world": [
                0.5801881551742554,
                0.28216755390167236,
                0.06719066202640533
            ],
            "name": "google_FRACTION_FUN_n4h4qte23QR_6",
            "projected_cuboid": [
                [
                    -100.65293312072754,
                    218.3796614408493
                ],
                [
                    -176.1692762374878,
                    260.6179118156433
                ],
                [
                    -120.60219049453735,
                    285.2742075920105
                ],
                [
                    -61.31237745285034,
                    237.37335205078125
                ],
                [
                    -24.16747808456421,
                    78.74861359596252
                ],
                [
                    -72.83124327659607,
                    69.08312439918518
                ],
                [
                    -18.572062253952026,
                    99.90154206752777
                ],
                [
                    14.428243041038513,
                    101.04307532310486
                ],
                [
                    -66.03279709815979,
                    168.4078574180603
                ]
            ],
            "provenance": "visii",
            "quaternion_xyzw": [
                -0.3156987130641937,
                0.4934455454349518,
                0.7173996567726135,
                -0.37707236409187317
            ],
            "quaternion_xyzw_world": [
                -0.4583625793457031,
                0.23440849781036377,
                0.6361094117164612,
                0.5747357606887817
            ],
            "segmentation_id": 7,
            "visibility": 1
        },
        {
            "bounding_box_minx_maxx_miny_maxy": [
                0,
                126,
                20,
                74
            ],
            "class": "FAIRY",
            "local_cuboid": null,
            "local_to_world_matrix": [
                [
                    0.9063591361045837,
                    -0.39895540475845337,
                    0.13909608125686646,
                    0.0
                ],
                [
                    0.24449872970581055,
                    0.22676551342010498,
                    -0.942760705947876,
                    0.0
                ],
                [
                    0.34457728266716003,
                    0.8884886503219604,
                    0.30307507514953613,
                    0.0
                ],
                [
                    0.7167614698410034,
                    0.18733610212802887,
                    0.3417806923389435,
                    1.0
                ]
            ],
            "location": [
                -0.18733610212802887,
                0.3417806923389435,
                -0.7167614698410034
            ],
            "location_world": [
                0.7167614698410034,
                0.18733610212802887,
                0.3417806923389435
            ],
            "name": "google_FAIRY_TALE_BLOCKS_7",
            "projected_cuboid": [
                [
                    38.85214030742645,
                    -130.89537620544434
                ],
                [
                    14.791116118431091,
                    56.008681654930115
                ],
                [
                    132.5981616973877,
                    86.04955673217773
                ],
                [
                    168.5546487569809,
                    -116.43502116203308
                ],
                [
                    -125.9198784828186,
                    -230.51205277442932
                ],
                [
                    -142.5962746143341,
                    24.157151579856873
                ],
                [
                    -2.285391092300415,
                    60.935184359550476
                ],
                [
                    32.50381350517273,
                    -223.7544059753418
                ],
                [
                    21.502137184143066,
                    -49.99008774757385
                ]
            ],
            "provenance": "visii",
            "quaternion_xyzw": [
                -0.8194957971572876,
                0.026744946837425232,
                0.54754638671875,
                0.1670459657907486
            ],
            "quaternion_xyzw_world": [
                -0.5866256356239319,
                0.06582420319318771,
                -0.20612522959709167,
                0.7804165482521057
            ],
            "segmentation_id": 8,
            "visibility": 1
        },
        {
            "bounding_box_minx_maxx_miny_maxy": [
                -1,
                -1,
                -1,
                -1
            ],
            "class": "Great",
            "local_cuboid": null,
            "local_to_world_matrix": [
                [
                    0.8633441925048828,
                    0.3466678559780121,
                    -0.3666854500770569,
                    0.0
                ],
                [
                    0.40228191018104553,
                    -0.034139037132263184,
                    0.9148791432380676,
                    0.0
                ],
                [
                    0.30464088916778564,
                    -0.9373665452003479,
                    -0.1689319610595703,
                    0.0
                ],
                [
                    0.1771904081106186,
                    -0.27310845255851746,
                    -0.24916371703147888,
                    1.0
                ]
            ],
            "location": [
                0.27310845255851746,
                -0.24916371703147888,
                -0.1771904081106186
            ],
            "location_world": [
                0.1771904081106186,
                -0.27310845255851746,
                -0.24916371703147888
            ],
            "name": "google_Great_Jones_Wingtip_kAqSg6EgG0I_8",
            "projected_cuboid": [
                [
                    1337.690830230713,
                    1571.8145370483398
                ],
                [
                    934.371829032898,
                    523.338794708252
                ],
                [
                    793.2375073432922,
                    515.9556865692139
                ],
                [
                    1173.5252141952515,
                    1782.4314832687378
                ],
                [
                    2602.318525314331,
                    2584.8817825317383
                ],
                [
                    1327.2709846496582,
                    530.5433869361877
                ],
                [
                    1186.445951461792,
                    520.7659006118774
                ],
                [
                    2860.900402069092,
                    3629.3139457702637
                ],
                [
                    1263.0735635757446,
                    1053.2761812210083
                ]
            ],
            "provenance": "visii",
            "quaternion_xyzw": [
                -0.10379539430141449,
                0.8009662628173828,
                -0.17828896641731262,
                0.5620431900024414
            ],
            "quaternion_xyzw_world": [
                0.7187515497207642,
                0.26050370931625366,
                -0.021580662578344345,
                0.6442579627037048
            ],
            "segmentation_id": 9,
            "visibility": 0
        },
        {
            "bounding_box_minx_maxx_miny_maxy": [
                144,
                323,
                1,
                149
            ],
            "class": "Ecoforms",
            "local_cuboid": null,
            "local_to_world_matrix": [
                [
                    0.7592859864234924,
                    0.1444166898727417,
                    -0.6345303058624268,
                    0.0
                ],
                [
                    0.582037091255188,
                    -0.5868237018585205,
                    0.5629134178161621,
                    0.0
                ],
                [
                    -0.291063129901886,
                    -0.7967324256896973,
                    -0.5296229124069214,
                    0.0
                ],
                [
                    0.7911931872367859,
                    0.0995519682765007,
                    0.32552391290664673,
                    1.0
                ]
            ],
            "location": [
                -0.0995519682765007,
                0.32552391290664673,
                -0.7911931872367859
            ],
            "location_world": [
                0.7911931872367859,
                0.0995519682765007,
                0.32552391290664673
            ],
            "name": "google_Ecoforms_Plant_Container_Quadra_Sand_QP6_9",
            "projected_cuboid": [
                [
                    222.31268882751465,
                    152.6404470205307
                ],
                [
                    303.26682329177856,
                    90.75284004211426
                ],
                [
                    212.21598982810974,
                    40.620073676109314
                ],
                [
                    123.70674312114716,
                    91.88549220561981
                ],
                [
                    242.80163645744324,
                    11.103332042694092
                ],
                [
                    336.76445484161377,
                    -41.519880294799805
                ],
                [
                    226.5932559967041,
                    -92.6312804222107
                ],
                [
                    121.20242416858673,
                    -52.422523498535156
                ],
                [
                    224.47413206100464,
                    28.79028022289276
                ]
            ],
            "provenance": "visii",
            "quaternion_xyzw": [
                -0.020043715834617615,
                0.5950351357460022,
                -0.46705639362335205,
                0.6537507176399231
            ],
            "quaternion_xyzw_world": [
                0.8478992581367493,
                0.2141922414302826,
                -0.2729078531265259,
                0.400886595249176
            ],
            "segmentation_id": 10,
            "visibility": 1
        },
        {
            "bounding_box_minx_maxx_miny_maxy": [
                -1,
                -1,
                -1,
                -1
            ],
            "class": "ReadytoUse",
            "local_cuboid": null,
            "local_to_world_matrix": [
                [
                    0.9218438267707825,
                    -0.19560502469539642,
                    -0.33457839488983154,
                    0.0
                ],
                [
                    0.38606518507003784,
                    0.539253830909729,
                    0.7484378218650818,
                    0.0
                ],
                [
                    0.034024521708488464,
                    -0.8191118836402893,
                    0.5726240873336792,
                    0.0
                ],
                [
                    0.18641676008701324,
                    -0.10166758298873901,
                    -0.38138988614082336,
                    1.0
                ]
            ],
            "location": [
                0.10166758298873901,
                -0.38138988614082336,
                -0.18641676008701324
            ],
            "location_world": [
                0.18641676008701324,
                -0.10166758298873901,
                -0.38138988614082336
            ],
            "name": "google_ReadytoUse_Rolled_Fondant_Pure_White_24_oz_box_10",
            "projected_cuboid": [
                [
                    920.3150868415833,
                    1068.4618949890137
                ],
                [
                    808.8592886924744,
                    922.010600566864
                ],
                [
                    490.41783809661865,
                    1168.8482761383057
                ],
                [
                    578.6797404289246,
                    1339.0178680419922
                ],
                [
                    1401.6075134277344,
                    1600.4871129989624
                ],
                [
                    1141.3309574127197,
                    1271.5864181518555
                ],
                [
                    580.6907415390015,
                    1731.1266660690308
                ],
                [
                    765.2110457420349,
                    2147.916316986084
                ],
                [
                    794.9346899986267,
                    1313.100814819336
                ]
            ],
            "provenance": "visii",
            "quaternion_xyzw": [
                -0.3468399941921234,
                0.6298526525497437,
                0.07404868304729462,
                0.6910171508789062
            ],
            "quaternion_xyzw_world": [
                0.44999054074287415,
                0.10581343621015549,
                -0.1669778674840927,
                0.8708792328834534
            ],
            "segmentation_id": 11,
            "visibility": 0
        },
        {
            "bounding_box_minx_maxx_miny_maxy": [
                -1,
                -1,
                -1,
                -1
            ],
            "class": "Dog",
            "local_cuboid": null,
            "local_to_world_matrix": [
                [
                    -0.9837050437927246,
                    0.15830537676811218,
                    -0.0852276086807251,
                    0.0
                ],
                [
                    0.11339008808135986,
                    0.17839312553405762,
                    -0.977403998374939,
                    0.0
                ],
                [
                    -0.13952428102493286,
                    -0.9711412191390991,
                    -0.19343650341033936,
                    0.0
                ],
                [
                    0.23298893868923187,
                    -0.2810002267360687,
                    0.45446377992630005,
                    1.0
                ]
            ],
            "location": [
                0.2810002267360687,
                0.45446377992630005,
                -0.23298893868923187
            ],
            "location_world": [
                0.23298893868923187,
                -0.2810002267360687,
                0.45446377992630005
            ],
            "name": "google_Dog_11",
            "projected_cuboid": [
                [
                    3895.0326442718506,
                    -3579.7038078308105
                ],
                [
                    2918.5805320739746,
                    -1660.1510047912598
                ],
                [
                    1416.0903692245483,
                    -1425.3828525543213
                ],
                [
                    1837.311029434204,
                    -2794.7638034820557
                ],
                [
                    1252.642273902893,
                    -766.3816213607788
                ],
                [
                    1126.841425895691,
                    -365.62973260879517
                ],
                [
                    729.5362949371338,
                    -382.93230533599854
                ],
                [
                    819.7827935218811,
                    -751.4404058456421
                ],
                [
                    1300.5659580230713,
                    -959.6035480499268
                ]
            ],
            "provenance": "visii",
            "quaternion_xyzw": [
                -0.6479920148849487,
                0.10170680284500122,
                -0.754193902015686,
                -0.03088247776031494
            ],
            "quaternion_xyzw_world": [
                0.08851311355829239,
                0.7673875689506531,
                -0.6347982883453369,
                -0.017688801512122154
            ],
            "segmentation_id": 12,
            "visibility": 0
        },
        {
            "bounding_box_minx_maxx_miny_maxy": [
                -1,
                -1,
                -1,
                -1
            ],
            "class": "Black",
            "local_cuboid": null,
            "local_to_world_matrix": [
                [
                    0.9837475419044495,
                    -0.17735563218593597,
                    -0.028030380606651306,
                    0.0
                ],
                [
                    0.13389967381954193,
                    0.6205999851226807,
                    0.7726103067398071,
                    0.0
                ],
                [
                    -0.11963111162185669,
                    -0.7638068199157715,
                    0.6342615485191345,
                    0.0
                ],
                [
                    1.3545137643814087,
                    -0.22475683689117432,
                    0.6033051609992981,
                    1.0
                ]
            ],
            "location": [
                0.22475683689117432,
                0.6033051609992981,
                -1.3545137643814087
            ],
            "location_world": [
                1.3545137643814087,
                -0.22475683689117432,
                0.6033051609992981
            ],
            "name": "google_Black_Elderberry_Syrup_54_oz_Gaia_Herbs_12",
            "projected_cuboid": [
                [
                    409.1745913028717,
                    -47.82766103744507
                ],
                [
                    392.0899033546448,
                    -66.23092293739319
                ],
                [
                    342.06607937812805,
                    -22.209376096725464
                ],
                [
                    358.6485683917999,
                    -3.7851929664611816
                ],
                [
                    411.3434851169586,
                    -61.39436364173889
                ],
                [
                    393.51439476013184,
                    -80.50364255905151
                ],
                [
                    341.35860204696655,
                    -34.43613648414612
                ],
                [
                    358.6416244506836,
                    -15.302032232284546
                ],
                [
                    375.65627694129944,
                    -41.20880365371704
                ]
            ],
            "provenance": "visii",
            "quaternion_xyzw": [
                -0.26698052883148193,
                0.6073762774467468,
                0.20595227181911469,
                0.7193047404289246
            ],
            "quaternion_xyzw_world": [
                0.4268741309642792,
                -0.02545010671019554,
                -0.08647835999727249,
                0.8998069167137146
            ],
            "segmentation_id": 13,
            "visibility": 0
        },
        {
            "bounding_box_minx_maxx_miny_maxy": [
                -1,
                -1,
                -1,
                -1
