{
    "camera_data": {
        "camera_look_at": {
            "at": [
                1.0,
                0.0,
                0.0
            ],
            "eye": [
                0.0,
                0.0,
                0.0
            ],
            "up": [
                0.0,
                0.0,
                1.0
            ]
        },
        "camera_view_matrix": [
            [
                0.0,
                0.0,
                -1.0,
                0.0
            ],
            [
                -1.0,
                0.0,
                0.0,
                0.0
            ],
            [
                0.0,
                1.0,
                0.0,
                0.0
            ],
            [
                0.0,
                0.0,
                0.0,
                1.0
            ]
        ],
        "height": 500,
        "intrinsics": {
            "cx": 250.0,
            "cy": 250.0,
            "fx": 603.5535278320312,
            "fy": 603.5535278320312
        },
        "location_world": [
            0.0,
            0.0,
            0.0
        ],
        "quaternion_world_xyzw": [
            0.5,
            -0.5,
            -0.5,
            0.5
        ],
        "width": 500
    },
    "objects": [
        {
            "bounding_box_minx_maxx_miny_maxy": [
                -1,
                -1,
                -1,
                -1
            ],
            "class": "Reebok",
            "local_cuboid": null,
            "local_to_world_matrix": [
                [
                    -0.8329764604568481,
                    0.25262781977653503,
                    0.492270290851593,
                    0.0
                ],
                [
                    -0.3934909403324127,
                    0.3550090193748474,
                    -0.8480175733566284,
                    0.0
                ],
                [
                    -0.38899320363998413,
                    -0.9000822305679321,
                    -0.19630765914916992,
                    0.0
                ],
                [
                    0.6989778876304626,
                    -0.32616090774536133,
                    0.46438825130462646,
                    1.0
                ]
            ],
            "location": [
                0.32616090774536133,
                0.46438825130462646,
                -0.6989778876304626
            ],
            "location_world": [
                0.6989778876304626,
                -0.32616090774536133,
                0.46438825130462646
            ],
            "name": "google_Reebok_SOMERSET_RUN_0",
            "projected_cuboid": [
                [
                    675.3753423690796,
                    -289.1395092010498
                ],
                [
                    650.3952741622925,
                    -129.47511672973633
                ],
                [
                    513.8757228851318,
                    -123.78564476966858
                ],
                [
                    559.4205856323242,
                    -274.2116451263428
                ],
                [
                    645.3378200531006,
                    -178.09799313545227
                ],
                [
                    618.6313629150391,
                    -21.89013361930847
                ],
                [
                    502.838134765625,
                    -24.035006761550903
                ],
                [
                    544.6364879608154,
                    -171.15682363510132
                ],
                [
                    587.5751376152039,
                    -154.2339324951172
                ]
            ],
            "provenance": "visii",
            "quaternion_xyzw": [
                -0.5491804480552673,
                -0.0624845027923584,
                -0.7889294028282166,
                -0.2684902548789978
            ],
            "quaternion_xyzw_world": [
                -0.045612882822752,
                0.772057831287384,
                -0.5660520792007446,
                -0.2853618860244751
            ],
            "segmentation_id": 1,
            "visibility": 0
        },
        {
            "bounding_box_minx_maxx_miny_maxy": [
                -1,
                -1,
                -1,
                -1
            ],
            "class": "Breyer",
            "local_cuboid": null,
            "local_to_world_matrix": [
                [
                    -0.21299874782562256,
                    -0.44161954522132874,
                    -0.8715527653694153,
                    0.0
                ],
                [
                    0.5369971394538879,
                    -0.7981281280517578,
                    0.2731782793998718,
                    0.0
                ],
                [
                    -0.8162512183189392,
                    -0.40983468294143677,
                    0.40714818239212036,
                    0.0
                ],
                [
                    1.4297541379928589,
                    0.5965728759765625,
                    -0.022157911211252213,
                    1.0
                ]
            ],
            "location": [
                -0.5965728759765625,
                -0.022157911211252213,
                -1.4297541379928589
            ],
            "location_world": [
                1.4297541379928589,
                0.5965728759765625,
                -0.022157911211252213
            ],
            "name": "google_Breyer_Horse_Of_The_Year_2015_1",
            "projected_cuboid": [
                [
                    11.935248970985413,
                    282.40370750427246
                ],
                [
                    39.013832807540894,
                    274.3062376976013
                ],
                [
                    30.92925250530243,
                    298.61122369766235
                ],
                [
                    6.101891398429871,
                    306.522399187088
                ],
                [
                    -25.94679594039917,
                    188.86637687683105
                ],
                [
                    1.0133832693099976,
                    183.21451544761658
                ],
                [
                    -3.5751760005950928,
                    214.4397646188736
                ],
                [
                    -28.296172618865967,
                    220.27240693569183
                ],
                [
                    3.5992562770843506,
                    245.87680399417877
                ]
            ],
            "provenance": "visii",
            "quaternion_xyzw": [
                0.29672810435295105,
                -0.06186208128929138,
                0.524750828742981,
                -0.7954635620117188
            ],
            "quaternion_xyzw_world": [
                -0.54267418384552,
                -0.04393870383501053,
                0.7775402069091797,
                -0.3146514892578125
            ],
            "segmentation_id": 2,
            "visibility": 0
        },
        {
            "bounding_box_minx_maxx_miny_maxy": [
                136,
                249,
                194,
                335
            ],
            "class": "Smith",
            "local_cuboid": null,
            "local_to_world_matrix": [
                [
                    -0.46493661403656006,
                    0.6073068976402283,
                    0.6442145109176636,
                    0.0
                ],
                [
                    -0.8675822615623474,
                    -0.4575486183166504,
                    -0.1948082596063614,
                    0.0
                ],
                [
                    0.17645105719566345,
                    -0.6494825482368469,
                    0.739619791507721,
                    0.0
                ],
                [
                    1.500699758529663,
                    0.26073139905929565,
                    -0.1011514738202095,
                    1.0
                ]
            ],
            "location": [
                -0.26073139905929565,
                -0.1011514738202095,
                -1.500699758529663
            ],
            "location_world": [
                1.500699758529663,
                0.26073139905929565,
                -0.1011514738202095
            ],
            "name": "google_Smith_Hawken_Woven_BasketTray_Organizer_with_3_Compartments_95_x_9_x_13_2",
            "projected_cuboid": [
                [
                    152.2538661956787,
                    158.45510363578796
                ],
                [
                    188.62703442573547,
                    165.70767760276794
                ],
                [
                    105.80247640609741,
                    254.43321466445923
                ],
                [
                    80.39087057113647,
                    234.00606215000153
                ],
                [
                    237.39616572856903,
                    247.60505557060242
                ],
                [
                    282.255619764328,
                    267.140656709671
                ],
                [
                    211.86095476150513,
                    349.03714060783386
                ],
                [
                    175.00844597816467,
                    318.1834816932678
                ],
                [
                    181.051105260849,
                    250.52866339683533
                ]
            ],
            "provenance": "visii",
            "quaternion_xyzw": [
                0.4370218515396118,
                0.6302677392959595,
                0.6375076770782471,
                0.07320141792297363
            ],
            "quaternion_xyzw_world": [
                0.2514916658401489,
                -0.2587316036224365,
                0.8157979249954224,
                0.4519774615764618
            ],
            "segmentation_id": 3,
            "visibility": 1
        },
        {
            "bounding_box_minx_maxx_miny_maxy": [
                408,
                499,
                407,
                422
            ],
            "class": "Paul",
            "local_cuboid": null,
            "local_to_world_matrix": [
                [
                    0.7174323797225952,
                    0.6177560091018677,
                    -0.32197555899620056,
                    0.0
                ],
                [
                    -0.6965872049331665,
                    0.6311601400375366,
                    -0.3411790132522583,
                    0.0
                ],
                [
                    -0.007547259330749512,
                    0.46905696392059326,
                    0.8831356763839722,
                    0.0
                ],
                [
                    0.3519996702671051,
                    -0.24446696043014526,
                    -0.11844588816165924,
                    1.0
                ]
            ],
            "location": [
                0.24446696043014526,
                -0.11844588816165924,
                -0.3519996702671051
            ],
            "location_world": [
                0.3519996702671051,
                -0.24446696043014526,
                -0.11844588816165924
            ],
            "name": "google_Paul_Frank_Dot_Lunch_Box_3",
            "projected_cuboid": [
                [
                    360.0955307483673,
                    172.1319854259491
                ],
                [
                    279.5141637325287,
                    212.30454742908478
                ],
                [
                    439.905047416687,
                    514.6859288215637
                ],
                [
                    495.30330300331116,
                    427.73061990737915
                ],
                [
                    765.3941512107849,
                    -52.293986082077026
                ],
                [
                    754.5658349990845,
                    -54.59293723106384
                ],
                [
                    1048.809289932251,
                    509.38117504119873
                ],
                [
                    984.6952557563782,
                    368.14823746681213
                ],
                [
                    575.8931636810303,
                    277.8037488460541
                ]
            ],
            "provenance": "visii",
            "quaternion_xyzw": [
                -0.42304718494415283,
                0.5632560849189758,
                0.7011565566062927,
                0.1102408915758133
            ],
            "quaternion_xyzw_world": [
                -0.22535340487957,
                0.08745290338993073,
                0.3655622899532318,
                0.8988503813743591
            ],
            "segmentation_id": 4,
            "visibility": 1
        },
        {
            "bounding_box_minx_maxx_miny_maxy": [
                269,
                283,
                160,
                206
            ],
            "class": "Toys",
            "local_cuboid": null,
            "local_to_world_matrix": [
                [
                    -0.9123111963272095,
                    -0.3791730999946594,
                    -0.1546480506658554,
                    0.0
                ],
                [
                    -0.37431126832962036,
                    0.6190102100372314,
                    0.690447211265564,
                    0.0
                ],
                [
                    -0.16607029736042023,
                    0.6877892017364502,
                    -0.7066587209701538,
                    0.0
                ],
                [
                    0.7492368817329407,
                    -0.15280811488628387,
                    0.11608055233955383,
                    1.0
                ]
            ],
            "location": [
                0.15280811488628387,
                0.11608055233955383,
                -0.7492368817329407
            ],
            "location_world": [
                0.7492368817329407,
                -0.15280811488628387,
                0.11608055233955383
            ],
            "name": "google_Toys_R_Us_Treat_Dispenser_Smart_Puzzle_Foobler_4",
            "projected_cuboid": [
                [
                    359.9529564380646,
                    300.812304019928
                ],
                [
                    278.0095934867859,
                    202.7851790189743
                ],
                [
                    374.933660030365,
                    103.92498970031738
                ],
                [
                    446.03314995765686,
                    206.47083222866058
                ],
                [
                    298.08324575424194,
                    274.55511689186096
                ],
                [
                    226.59315168857574,
                    192.62662529945374
                ],
                [
                    307.878315448761,
                    111.73456907272339
                ],
                [
                    371.70371413230896,
                    196.69389724731445
                ],
                [
                    331.98845386505127,
                    199.2758810520172
                ]
            ],
            "provenance": "visii",
            "quaternion_xyzw": [
                -0.3614746034145355,
                0.5350709557533264,
                -0.1552819311618805,
                -0.7476112842559814
            ],
            "quaternion_xyzw_world": [
                -0.20936648547649384,
                0.8997194170951843,
                0.3829628527164459,
                -0.003173835575580597
            ],
            "segmentation_id": 5,
            "visibility": 1
        },
        {
            "bounding_box_minx_maxx_miny_maxy": [
                -1,
                -1,
                -1,
                -1
            ],
            "class": "Tag",
            "local_cuboid": null,
            "local_to_world_matrix": [
                [
                    -0.9116232395172119,
                    0.08263289928436279,
                    -0.40263593196868896,
                    0.0
                ],
                [
                    -0.40369993448257446,
                    -0.3641529083251953,
                    0.8392971158027649,
                    0.0
                ],
                [
                    -0.0772673636674881,
                    0.9276664853096008,
                    0.36532849073410034,
                    0.0
                ],
                [
                    0.44683894515037537,
                    0.4597049355506897,
                    0.13271431624889374,
                    1.0
                ]
            ],
            "location": [
                -0.4597049355506897,
                0.13271431624889374,
                -0.44683894515037537
            ],
            "location_world": [
                0.44683894515037537,
                0.4597049355506897,
                0.13271431624889374
            ],
            "name": "google_Tag_Dishtowel_Basket_Weave_Red_18_x_26_5",
            "projected_cuboid": [
                [
                    -540.06028175354,
                    230.56471347808838
                ],
                [
                    -612.3552322387695,
                    -144.46976780891418
                ],
                [
                    -544.6017384529114,
                    -117.32906103134155
                ],
                [
                    -488.081693649292,
                    249.1479516029358
                ],
                [
                    -309.3295097351074,
                    163.06474804878235
                ],
                [
                    -312.28023767471313,
                    -102.61967778205872
                ],
                [
                    -268.263041973114,
                    -84.5455527305603
                ],
                [
                    -272.5675106048584,
                    176.91418528556824
                ],
                [
                    -394.3943381309509,
                    61.68574094772339
                ]
            ],
            "provenance": "visii",
            "quaternion_xyzw": [
                -0.014167189598083496,
                0.6790918111801147,
                0.28310924768447876,
                -0.6771136522293091
            ],
            "quaternion_xyzw_world": [
                -0.1476491391658783,
                0.5436317324638367,
                0.8125737905502319,
                0.14962728321552277
            ],
            "segmentation_id": 6,
            "visibility": 0
        },
        {
            "bounding_box_minx_maxx_miny_maxy": [
                25,
                254,
                31,
                206
            ],
            "class": "FRACTION",
            "local_cuboid": null,
            "local_to_world_matrix": [
                [
                    -0.4310420751571655,
                    -0.004623938351869583,
                    -0.9023200273513794,
                    0.0
                ],
                [
                    -0.08566972613334656,
                    -0.9952600002288818,
                    0.04602499678730965,
                    0.0
                ],
                [
                    -0.8982558250427246,
                    0.09714022278785706,
                    0.4286026954650879,
                    0.0
                ],
                [
                    0.5366157293319702,
                    0.0899992436170578,
                    0.11748242378234863,
                    1.0
                ]
            ],
            "location": [
                -0.0899992436170578,
                0.11748242378234863,
                -0.5366157293319702
            ],
            "location_world": [
                0.5366157293319702,
                0.0899992436170578,
                0.11748242378234863
            ],
            "name": "google_FRACTION_FUN_n4h4qte23QR_6",
            "projected_cuboid": [
                [
                    7.444009184837341,
                    181.73694610595703
                ],
                [
                    250.4081130027771,
                    167.6485240459442
                ],
                [
                    255.6062936782837,
                    197.328120470047
                ],
                [
                    31.325355172157288,
                    209.37494933605194
                ],
                [
                    40.26448726654053,
                    15.580356121063232
                ],
                [
                    249.4218349456787,
                    -1.5984773635864258
                ],
                [
                    253.9953589439392,
                    35.87861359119415
                ],
                [
                    58.833807706832886,
                    50.85495114326477
                ],
                [
                    142.48037338256836,
                    101.85019671916962
                ]
            ],
            "provenance": "visii",
            "quaternion_xyzw": [
                0.12282422184944153,
                0.18917271494865417,
                0.6796334981918335,
                -0.6980159282684326
            ],
            "quaternion_xyzw_world": [
                -0.5328262448310852,
                0.04236543923616409,
                0.8448231816291809,
                0.0239830631762743
            ],
            "segmentation_id": 7,
            "visibility": 1
        },
        {
            "bounding_box_minx_maxx_miny_maxy": [
                0,
                157,
                1,
                74
            ],
            "class": "FAIRY",
            "local_cuboid": null,
            "local_to_world_matrix": [
                [
                    0.5489388704299927,
                    -0.8350847959518433,
                    -0.036048322916030884,
                    0.0
                ],
                [
                    0.6327003240585327,
                    0.4433116316795349,
                    -0.63495272397995,
                    0.0
                ],
                [
                    0.546220064163208,
                    0.3257424831390381,
                    0.7717094421386719,
                    0.0
                ],
                [
                    0.6950867176055908,
                    0.14665769040584564,
                    0.28452181816101074,
                    1.0
                ]
            ],
            "location": [
                -0.14665769040584564,
                0.28452181816101074,
                -0.6950867176055908
            ],
            "location_world": [
                0.6950867176055908,
                0.14665769040584564,
                0.28452181816101074
            ],
            "name": "google_FAIRY_TALE_BLOCKS_7",
            "projected_cuboid": [
                [
                    207.40854740142822,
                    -153.89129519462585
                ],
                [
                    141.60776138305664,
                    20.79281210899353
                ],
                [
                    177.7854859828949,
                    110.4675680398941
                ],
                [
                    264.31161165237427,
                    -73.41289520263672
                ],
                [
                    11.123523116111755,
                    -244.50445175170898
                ],
                [
                    -25.910764932632446,
                    -23.077934980392456
                ],
                [
                    -11.516362428665161,
                    76.22157037258148
                ],
                [
                    38.25932741165161,
                    -164.21011090278625
                ],
                [
                    104.46824133396149,
                    -45.6903874874115
                ]
            ],
            "provenance": "visii",
            "quaternion_xyzw": [
                -0.8683687448501587,
                0.1380058228969574,
                0.25181734561920166,
                0.40432411432266235
            ],
            "quaternion_xyzw_world": [
                -0.2889280915260315,
                0.17511659860610962,
                -0.4414348602294922,
                0.8312580585479736
            ],
            "segmentation_id": 8,
            "visibility": 1
        },
        {
            "bounding_box_minx_maxx_miny_maxy": [
                -1,
                -1,
                -1,
                -1
            ],
            "class": "Great",
            "local_cuboid": null,
            "local_to_world_matrix": [
                [
                    0.8864130973815918,
                    0.06505070626735687,
                    -0.4583014249801636,
                    0.0
                ],
                [
                    0.35814160108566284,
                    0.5308877229690552,
                    0.7680448293685913,
                    0.0
                ],
                [
                    0.29326844215393066,
                    -0.8449418544769287,
                    0.447288453578949,
                    0.0
                ],
                [
                    0.19423051178455353,
                    -0.2922552824020386,
                    -0.26253098249435425,
                    1.0
                ]
            ],
            "location": [
                0.2922552824020386,
                -0.26253098249435425,
                -0.19423051178455353
            ],
            "location_world": [
                0.19423051178455353,
                -0.2922552824020386,
                -0.26253098249435425
            ],
            "name": "google_Great_Jones_Wingtip_kAqSg6EgG0I_8",
            "projected_cuboid": [
                [
                    1527.1716117858887,
                    1225.1547574996948
                ],
                [
                    797.7228760719299,
                    462.90889382362366
                ],
                [
                    664.9928689002991,
                    589.2041921615601
                ],
                [
                    1445.0761079788208,
                    1562.2005462646484
                ],
                [
                    2592.1013355255127,
                    1759.5278024673462
                ],
                [
                    1047.0807552337646,
                    421.14853858947754
                ],
                [
                    890.5882835388184,
                    602.5397777557373
                ],
                [
                    2818.162679672241,
                    2670.2539920806885
                ],
                [
                    1224.137544631958,
                    928.7700653076172
                ]
            ],
            "provenance": "visii",
            "quaternion_xyzw": [
                -0.33918023109436035,
                0.7291028499603271,
                0.030567333102226257,
                0.5936593413352966
            ],
            "quaternion_xyzw_world": [
                0.4765073359012604,
                0.2220282256603241,
                -0.08658470213413239,
                0.8462548851966858
            ],
            "segmentation_id": 9,
            "visibility": 0
        },
        {
            "bounding_box_minx_maxx_miny_maxy": [
                250,
                375,
                1,
                176
            ],
            "class": "Ecoforms",
            "local_cuboid": null,
            "local_to_world_matrix": [
                [
                    0.8860249519348145,
                    0.3613024055957794,
                    -0.2905518710613251,
                    0.0
                ],
                [
                    0.4195321500301361,
                    -0.3580080270767212,
                    0.8341600298881531,
                    0.0
                ],
                [
                    0.19736410677433014,
                    -0.8609824776649475,
                    -0.46878206729888916,
                    0.0
                ],
                [
                    0.7581716179847717,
                    0.05226658657193184,
                    0.2845301926136017,
                    1.0
                ]
            ],
            "location": [
                -0.05226658657193184,
                0.2845301926136017,
                -0.7581716179847717
            ],
            "location_world": [
                0.7581716179847717,
                0.05226658657193184,
                0.2845301926136017
            ],
            "name": "google_Ecoforms_Plant_Container_Quadra_Sand_QP6_9",
            "projected_cuboid": [
                [
                    267.6345109939575,
                    178.78413200378418
                ],
                [
                    310.9699487686157,
                    80.43710887432098
                ],
                [
                    214.0122652053833,
                    20.00267803668976
                ],
                [
                    159.24391150474548,
                    116.41888320446014
                ],
                [
                    334.3135714530945,
                    110.74328422546387
                ],
                [
                    380.31360507011414,
                    -2.5451481342315674
                ],
                [
                    263.67324590682983,
                    -81.1299979686737
                ],
                [
                    200.5815953016281,
                    28.213873505592346
                ],
                [
                    265.8100128173828,
                    59.07256901264191
                ]
            ],
            "provenance": "visii",
            "quaternion_xyzw": [
                0.02180399000644684,
                0.7734382152557373,
                -0.2871316075325012,
                0.5646887421607971
            ],
            "quaternion_xyzw_world": [
                0.8235312700271606,
                0.2370385229587555,
                -0.028289081528782845,
                0.5145956873893738
            ],
            "segmentation_id": 10,
            "visibility": 1
        },
        {
            "bounding_box_minx_maxx_miny_maxy": [
                -1,
                -1,
                -1,
                -1
            ],
            "class": "ReadytoUse",
            "local_cuboid": null,
            "local_to_world_matrix": [
                [
                    0.9401953220367432,
                    0.14114929735660553,
                    -0.3100155293941498,
                    0.0
                ],
                [
                    0.03514743223786354,
                    0.8650522828102112,
                    0.500449001789093,
                    0.0
                ],
                [
                    0.33881768584251404,
                    -0.48141607642173767,
                    0.8083570599555969,
                    0.0
                ],
                [
                    0.1701827347278595,
                    -0.07569541037082672,
                    -0.35843172669410706,
                    1.0
                ]
            ],
            "location": [
                0.07569541037082672,
                -0.35843172669410706,
                -0.1701827347278595
            ],
            "location_world": [
                0.1701827347278595,
                -0.07569541037082672,
                -0.35843172669410706
            ],
            "name": "google_ReadytoUse_Rolled_Fondant_Pure_White_24_oz_box_10",
            "projected_cuboid": [
                [
                    611.1185550689697,
                    789.0962362289429
                ],
                [
                    518.9965963363647,
                    733.8029146194458
                ],
                [
                    371.50266766548157,
                    1215.8904075622559
                ],
                [
                    485.7608675956726,
                    1288.8236045837402
                ],
                [
                    916.8156981468201,
                    1019.2399024963379
                ],
                [
                    759.8918080329895,
                    924.5795607566833
                ],
                [
                    585.0492715835571,
                    1987.9518747329712
                ],
                [
                    819.40758228302,
                    2147.3560333251953
                ],
                [
                    603.6584377288818,
                    1132.1704387664795
                ]
            ],
            "provenance": "visii",
            "quaternion_xyzw": [
                -0.41749832034111023,
                0.7036362886428833,
                0.27471923828125,
                0.505094587802887
            ],
            "quaternion_xyzw_world": [
                0.2582566440105438,
                0.17066039144992828,
                0.027881309390068054,
                0.950474202632904
            ],
            "segmentation_id": 11,
            "visibility": 0
        },
        {
            "bounding_box_minx_maxx_miny_maxy": [
                -1,
                -1,
                -1,
                -1
            ],
            "class": "Dog",
            "local_cuboid": null,
            "local_to_world_matrix": [
                [
                    -0.4311410188674927,
                    -0.30654874444007874,
                    0.8486136794090271,
                    0.0
                ],
                [
                    0.644200325012207,
                    0.5539504289627075,
                    0.5273942947387695,
                    0.0
                ],
                [
                    -0.6317619681358337,
                    0.7740585803985596,
                    -0.041351914405822754,
                    0.0
                ],
                [
                    0.2922329008579254,
                    -0.28586092591285706,
                    0.21593019366264343,
                    1.0
                ]
            ],
            "location": [
                0.28586092591285706,
                0.21593019366264343,
                -0.2922329008579254
            ],
            "location_world": [
                0.2922329008579254,
                -0.28586092591285706,
                0.21593019366264343
            ],
            "name": "google_Dog_11",
            "projected_cuboid": [
                [
                    2625.349998474121,
                    -2561.7668628692627
                ],
                [
                    648.8184928894043,
                    -979.0593385696411
                ],
                [
                    791.0747528076172,
                    -482.3395609855652
                ],
                [
                    1491.156816482544,
                    -639.663577079773
                ],
                [
                    823.7717151641846,
                    7.631227374076843
                ],
                [
                    348.3457565307617,
                    -101.89589858055115
                ],
                [
                    549.3739247322083,
                    -3.9481520652770996
                ],
                [
                    897.8604078292847,
                    98.32289814949036
                ],
                [
                    802.2103309631348,
                    -315.46902656555176
                ]
            ],
            "provenance": "visii",
            "quaternion_xyzw": [
                -0.19195860624313354,
                -0.38375890254974365,
                0.44660353660583496,
                0.7851281762123108
            ],
            "quaternion_xyzw_world": [
                -0.11859641969203949,
                -0.7117660045623779,
                -0.4571210443973541,
                0.5199657082557678
            ],
            "segmentation_id": 12,
            "visibility": 0
        },
        {
            "bounding_box_minx_maxx_miny_maxy": [
                364,
                392,
                1,
                57
            ],
            "class": "Black",
            "local_cuboid": null,
            "local_to_world_matrix": [
                [
                    0.8650158047676086,
                    -0.055454179644584656,
                    -0.4986707270145416,
                    0.0
                ],
                [
                    -0.12676610052585602,
                    -0.9857841730117798,
                    -0.11027079075574875,
                    0.0
                ],
                [
                    -0.4854668080806732,
                    0.15860052406787872,
                    -0.8597486019134521,
                    0.0
                ],
                [
                    1.445732831954956,
                    -0.3117474317550659,
                    0.5863677263259888,
                    1.0
                ]
            ],
            "location": [
                0.3117474317550659,
                0.5863677263259888,
                -1.445732831954956
            ],
            "location_world": [
                1.445732831954956,
                -0.3117474317550659,
                0.5863677263259888
            ],
            "name": "google_Black_Elderberry_Syrup_54_oz_Gaia_Herbs_12",
            "projected_cuboid": [
                [
                    362.30236291885376,
                    56.24784529209137
                ],
                [
                    388.0845308303833,
                    58.02507698535919
                ],
                [
                    390.922874212265,
                    15.90728759765625
                ],
                [
                    366.35828018188477,
                    14.428988099098206
                ],
                [
                    364.9885058403015,
                    36.48063540458679
                ],
                [
                    391.7316794395447,
                    38.21311891078949
                ],
                [
                    394.4877088069916,
                    -4.388600587844849
                ],
                [
                    369.05232071876526,
                    -5.811423063278198
                ],
                [
                    378.472238779068,
                    25.784119963645935
                ]
            ],
            "provenance": "visii",
            "quaternion_xyzw": [
                0.41238880157470703,
                0.2952999472618103,
                -0.6205407977104187,
                0.5980489253997803
            ],
            "quaternion_xyzw_world": [
                0.9631392359733582,
                -0.047298528254032135,
                -0.2554504871368408,
                -0.06979035586118698
            ],
            "segmentation_id": 13,
            "visibility": 1
        },
        {
            "bounding_box_minx_maxx_miny_maxy": [
                0,
                6,
                69,
                78
            ],
