{
    "camera_data": {
        "camera_look_at": {
            "at": [
                1.0,
                0.0,
                0.0
            ],
            "eye": [
                0.0,
                0.0,
                0.0
            ],
            "up": [
                0.0,
                0.0,
                1.0
            ]
        },
        "camera_view_matrix": [
            [
                0.0,
                0.0,
                -1.0,
                0.0
            ],
            [
                -1.0,
                0.0,
                0.0,
                0.0
            ],
            [
                0.0,
                1.0,
                0.0,
                0.0
            ],
            [
                0.0,
                0.0,
                0.0,
                1.0
            ]
        ],
        "height": 500,
        "intrinsics": {
            "cx": 250.0,
            "cy": 250.0,
            "fx": 603.5535278320312,
            "fy": 603.5535278320312
        },
        "location_world": [
            0.0,
            0.0,
            0.0
        ],
        "quaternion_world_xyzw": [
            0.5,
            -0.5,
            -0.5,
            0.5
        ],
        "width": 500
    },
    "objects": [
        {
            "bounding_box_minx_maxx_miny_maxy": [
                -1,
                -1,
                -1,
                -1
            ],
            "class": "Reebok",
            "local_cuboid": null,
            "local_to_world_matrix": [
                [
                    0.5999538898468018,
                    -0.5005462765693665,
                    -0.6241065263748169,
                    0.0
                ],
                [
                    -0.7150495648384094,
                    -0.6853806972503662,
                    -0.13768847286701202,
                    0.0
                ],
                [
                    -0.35883089900016785,
                    0.5288737416267395,
                    -0.7691123485565186,
                    0.0
                ],
                [
                    0.8460962176322937,
                    -0.4312264621257782,
                    0.4855934679508209,
                    1.0
                ]
            ],
            "location": [
                0.4312264621257782,
                0.4855934679508209,
                -0.8460962176322937
            ],
            "location_world": [
                0.8460962176322937,
                -0.4312264621257782,
                0.4855934679508209
            ],
            "name": "google_Reebok_SOMERSET_RUN_0",
            "projected_cuboid": [
                [
                    440.60468673706055,
                    5.95247745513916
                ],
                [
                    659.9547863006592,
                    -30.503809452056885
                ],
                [
                    685.723066329956,
                    -84.93742346763611
                ],
                [
                    470.1771140098572,
                    -38.45524787902832
                ],
                [
                    416.3946807384491,
                    -61.49914860725403
                ],
                [
                    650.4391431808472,
                    -122.85482883453369
                ],
                [
                    679.233193397522,
                    -177.06021666526794
                ],
                [
                    449.2509663105011,
                    -106.12165927886963
                ],
                [
                    542.9099798202515,
                    -72.50913977622986
                ]
            ],
            "provenance": "visii",
            "quaternion_xyzw": [
                0.5655536651611328,
                0.027085840702056885,
                -0.49899232387542725,
                0.6560657024383545
            ],
            "quaternion_xyzw_world": [
                0.8738487958908081,
                -0.347770631313324,
                -0.28120923042297363,
                -0.19069723784923553
            ],
            "segmentation_id": 1,
            "visibility": 0
        },
        {
            "bounding_box_minx_maxx_miny_maxy": [
                -1,
                -1,
                -1,
                -1
            ],
            "class": "Breyer",
            "local_cuboid": null,
            "local_to_world_matrix": [
                [
                    0.7648780941963196,
                    0.6371227502822876,
                    -0.09505912661552429,
                    0.0
                ],
                [
                    -0.3096441626548767,
                    0.493039608001709,
                    0.8130391836166382,
                    0.0
                ],
                [
                    0.5648735761642456,
                    -0.5924414396286011,
                    0.5743964314460754,
                    0.0
                ],
                [
                    1.2668136358261108,
                    0.6001275181770325,
                    -0.1796499490737915,
                    1.0
                ]
            ],
            "location": [
                -0.6001275181770325,
                -0.1796499490737915,
                -1.2668136358261108
            ],
            "location_world": [
                1.2668136358261108,
                0.6001275181770325,
                -0.1796499490737915
            ],
            "name": "google_Breyer_Horse_Of_The_Year_2015_1",
            "projected_cuboid": [
                [
                    11.503249406814575,
                    300.4164397716522
                ],
                [
                    -3.460139036178589,
                    281.27631545066833
                ],
                [
                    -60.4681670665741,
                    322.75599241256714
                ],
                [
                    -43.808162212371826,
                    342.5673842430115
                ],
                [
                    48.19855093955994,
                    297.0012426376343
                ],
                [
                    31.649932265281677,
                    275.1167416572571
                ],
                [
                    -31.382352113723755,
                    322.4150836467743
                ],
                [
                    -12.677997350692749,
                    345.1833724975586
                ],
                [
                    -7.636994123458862,
                    310.2346658706665
                ]
            ],
            "provenance": "visii",
            "quaternion_xyzw": [
                -0.1693457067012787,
                0.8681929111480713,
                0.25456345081329346,
                0.39084625244140625
            ],
            "quaternion_xyzw_world": [
                0.4175649881362915,
                0.19606444239616394,
                0.2812822163105011,
                0.841474175453186
            ],
            "segmentation_id": 2,
            "visibility": 0
        },
        {
            "bounding_box_minx_maxx_miny_maxy": [
                39,
                202,
                172,
                302
            ],
            "class": "Smith",
            "local_cuboid": null,
            "local_to_world_matrix": [
                [
                    -0.3502410650253296,
                    -0.823467493057251,
                    -0.4463546872138977,
                    0.0
                ],
                [
                    0.9361593723297119,
                    -0.2921792268753052,
                    -0.19554249942302704,
                    0.0
                ],
                [
                    0.030607298016548157,
                    -0.48634612560272217,
                    0.87322998046875,
                    0.0
                ],
                [
                    1.570196270942688,
                    0.39491865038871765,
                    -0.05131257697939873,
                    1.0
                ]
            ],
            "location": [
                -0.39491865038871765,
                -0.05131257697939873,
                -1.570196270942688
            ],
            "location_world": [
                1.570196270942688,
                0.39491865038871765,
                -0.05131257697939873
            ],
            "name": "google_Smith_Hawken_Woven_BasketTray_Organizer_with_3_Compartments_95_x_9_x_13_2",
            "projected_cuboid": [
                [
                    183.3043396472931,
                    194.3187117576599
                ],
                [
                    220.93115746974945,
                    221.12998366355896
                ],
                [
                    172.2593605518341,
                    308.1095218658447
                ],
                [
                    125.93665719032288,
                    296.2797284126282
                ],
                [
                    70.83535194396973,
                    134.97987389564514
                ],
                [
                    121.16163969039917,
                    167.99187660217285
                ],
                [
                    75.53137838840485,
                    248.4494298696518
                ],
                [
                    17.652347683906555,
                    228.0920445919037
                ],
                [
                    123.26401472091675,
                    224.4749665260315
                ]
            ],
            "provenance": "visii",
            "quaternion_xyzw": [
                -0.7158242464065552,
                0.05384540557861328,
                -0.29217618703842163,
                0.6319251656532288
            ],
            "quaternion_xyzw_world": [
                0.13106127083301544,
                0.21496032178401947,
                -0.7930400967597961,
                0.5547093152999878
            ],
            "segmentation_id": 3,
            "visibility": 1
        },
        {
            "bounding_box_minx_maxx_miny_maxy": [
                336,
                499,
                254,
                500
            ],
            "class": "Paul",
            "local_cuboid": null,
            "local_to_world_matrix": [
                [
                    0.2949076294898987,
                    0.8346093893051147,
                    -0.46524906158447266,
                    0.0
                ],
                [
                    -0.9273587465286255,
                    0.13264542818069458,
                    -0.349872887134552,
                    0.0
                ],
                [
                    -0.23029406368732452,
                    0.5346329212188721,
                    0.8131004571914673,
                    0.0
                ],
                [
                    0.3927367627620697,
                    -0.2535921633243561,
                    -0.19849863648414612,
                    1.0
                ]
            ],
            "location": [
                0.2535921633243561,
                -0.19849863648414612,
                -0.3927367627620697
            ],
            "location_world": [
                0.3927367627620697,
                -0.2535921633243561,
                -0.19849863648414612
            ],
            "name": "google_Paul_Frank_Dot_Lunch_Box_3",
            "projected_cuboid": [
                [
                    287.19720244407654,
                    323.9758610725403
                ],
                [
                    272.2160816192627,
                    415.9630537033081
                ],
                [
                    465.27475118637085,
                    691.0725831985474
                ],
                [
                    438.48681449890137,
                    552.1353483200073
                ],
                [
                    673.8806962966919,
                    129.4049620628357
                ],
                [
                    808.7167143821716,
                    172.19164967536926
                ],
                [
                    956.8047523498535,
                    560.4581832885742
                ],
                [
                    803.1203150749207,
                    427.16073989868164
                ],
                [
                    565.1569366455078,
                    422.1416711807251
                ]
            ],
            "provenance": "visii",
            "quaternion_xyzw": [
                -0.26691266894340515,
                0.5600094795227051,
                0.7769775390625,
                -0.10701841115951538
            ],
            "quaternion_xyzw_world": [
                -0.29544955492019653,
                0.07848150283098221,
                0.5885463953018188,
                0.7484406232833862
            ],
            "segmentation_id": 4,
            "visibility": 1
        },
        {
            "bounding_box_minx_maxx_miny_maxy": [
                -1,
                -1,
                -1,
                -1
            ],
            "class": "Toys",
            "local_cuboid": null,
            "local_to_world_matrix": [
                [
                    0.49998801946640015,
                    -0.38102206587791443,
                    0.7777109146118164,
                    0.0
                ],
                [
                    0.862012505531311,
                    0.30537843704223633,
                    -0.4045719504356384,
                    0.0
                ],
                [
                    -0.08334532380104065,
                    0.8726776242256165,
                    0.48113131523132324,
                    0.0
                ],
                [
                    0.8208489418029785,
                    -0.5074304342269897,
                    0.2580055892467499,
                    1.0
                ]
            ],
            "location": [
                0.5074304342269897,
                0.2580055892467499,
                -0.8208489418029785
            ],
            "location_world": [
                0.8208489418029785,
                -0.5074304342269897,
                0.2580055892467499
            ],
            "name": "google_Toys_R_Us_Treat_Dispenser_Smart_Puzzle_Foobler_4",
            "projected_cuboid": [
                [
                    579.8604488372803,
                    -77.2148072719574
                ],
                [
                    500.86528062820435,
                    11.487185955047607
                ],
                [
                    584.6997499465942,
                    62.9129558801651
                ],
                [
                    676.4430403709412,
                    -15.757441520690918
                ],
                [
                    565.5465126037598,
                    -9.918808937072754
                ],
                [
                    481.51129484176636,
                    76.31096243858337
                ],
                [
                    573.2808113098145,
                    131.4481496810913
                ],
                [
                    672.8224754333496,
                    56.977778673172
                ],
                [
                    576.4330625534058,
                    31.47834539413452
                ]
            ],
            "provenance": "visii",
            "quaternion_xyzw": [
                -0.6523512601852417,
                -0.18101152777671814,
                0.5260454416275024,
                0.5147318243980408
            ],
            "quaternion_xyzw_world": [
                -0.42233818769454956,
                -0.284718781709671,
                -0.4110246002674103,
                0.7560585141181946
            ],
            "segmentation_id": 5,
            "visibility": 0
        },
        {
            "bounding_box_minx_maxx_miny_maxy": [
                -1,
                -1,
                -1,
                -1
            ],
            "class": "Tag",
            "local_cuboid": null,
            "local_to_world_matrix": [
                [
                    -0.2622549533843994,
                    -0.872904896736145,
                    -0.41141217947006226,
                    0.0
                ],
                [
                    0.7640304565429688,
                    -0.44825124740600586,
                    0.4640355110168457,
                    0.0
                ],
                [
                    -0.589474618434906,
                    -0.19263584911823273,
                    0.7844814658164978,
                    0.0
                ],
                [
                    0.4098343253135681,
                    0.3666113317012787,
                    0.07260814309120178,
                    1.0
                ]
            ],
            "location": [
                -0.3666113317012787,
                0.07260814309120178,
                -0.4098343253135681
            ],
            "location_world": [
                0.4098343253135681,
                0.3666113317012787,
                0.07260814309120178
            ],
            "name": "google_Tag_Dishtowel_Basket_Weave_Red_18_x_26_5",
            "projected_cuboid": [
                [
                    -483.89506340026855,
                    226.48903727531433
                ],
                [
                    -59.06149744987488,
                    92.53376722335815
                ],
                [
                    -54.23969030380249,
                    133.95804166793823
                ],
                [
                    -446.9509720802307,
                    283.4020256996155
                ],
                [
                    -660.6208682060242,
                    98.51108491420746
                ],
                [
                    -210.8897566795349,
                    22.029131650924683
                ],
                [
                    -200.49652457237244,
                    62.67857551574707
                ],
                [
                    -617.9100275039673,
                    155.6699275970459
                ],
                [
                    -299.05420541763306,
                    119.64702606201172
                ]
            ],
            "provenance": "visii",
            "quaternion_xyzw": [
                -0.45260217785835266,
                -0.020348340272903442,
                -0.2512640357017517,
                0.8553383946418762
            ],
            "quaternion_xyzw_world": [
                0.3168259561061859,
                -0.08591026812791824,
                -0.7897765040397644,
                0.5181640982627869
            ],
            "segmentation_id": 6,
            "visibility": 0
        },
        {
            "bounding_box_minx_maxx_miny_maxy": [
                239,
                320,
                143,
                209
            ],
            "class": "FRACTION",
            "local_cuboid": null,
            "local_to_world_matrix": [
                [
                    -0.3422410488128662,
                    -0.88028484582901,
                    -0.32858750224113464,
                    0.0
                ],
                [
                    0.2538211941719055,
                    -0.42331790924072266,
                    0.8696992993354797,
                    0.0
                ],
                [
                    -0.9046800136566162,
                    0.2142443060874939,
                    0.36831164360046387,
                    0.0
                ],
                [
                    1.6501803398132324,
                    -0.08455745875835419,
                    0.20663626492023468,
                    1.0
                ]
            ],
            "location": [
                0.08455745875835419,
                0.20663626492023468,
                -1.6501803398132324
            ],
            "location_world": [
                1.6501803398132324,
                -0.08455745875835419,
                0.20663626492023468
            ],
            "name": "google_FRACTION_FUN_n4h4qte23QR_6",
            "projected_cuboid": [
                [
                    293.51380467414856,
                    206.66539669036865
                ],
                [
                    322.32826948165894,
                    146.0883617401123
                ],
                [
                    324.02926683425903,
                    154.51186895370483
                ],
                [
                    295.9810793399811,
                    213.8388454914093
                ],
                [
                    234.32354629039764,
                    186.78082525730133
                ],
                [
                    263.8072669506073,
                    128.95922362804413
                ],
                [
                    266.80877804756165,
                    137.48452067375183
                ],
                [
                    238.1172627210617,
                    194.17020678520203
                ],
                [
                    279.5569598674774,
                    170.5094575881958
                ]
            ],
            "provenance": "visii",
            "quaternion_xyzw": [
                0.16271568834781647,
                0.14554589986801147,
                0.19665703177452087,
                -0.9558588266372681
            ],
            "quaternion_xyzw_world": [
                -0.4221271276473999,
                0.3710159957408905,
                0.7303887009620667,
                -0.3881857693195343
            ],
            "segmentation_id": 7,
            "visibility": 1
        },
        {
            "bounding_box_minx_maxx_miny_maxy": [
                2,
                204,
                1,
                37
            ],
            "class": "FAIRY",
            "local_cuboid": null,
            "local_to_world_matrix": [
                [
                    0.7347958087921143,
                    -0.5667189955711365,
                    0.37269917130470276,
                    0.0
                ],
                [
                    0.5853561758995056,
                    0.8074207305908203,
                    0.07368776202201843,
                    0.0
                ],
                [
                    -0.3426853120326996,
                    0.16401632130146027,
                    0.9250218868255615,
                    0.0
                ],
                [
                    0.6566712856292725,
                    0.21591070294380188,
                    0.23638667166233063,
                    1.0
                ]
            ],
            "location": [
                -0.21591070294380188,
                0.23638667166233063,
                -0.6566712856292725
            ],
            "location_world": [
                0.6566712856292725,
                0.21591070294380188,
                0.23638667166233063
            ],
            "name": "google_FAIRY_TALE_BLOCKS_7",
            "projected_cuboid": [
                [
                    173.90939593315125,
                    -236.98341846466064
                ],
                [
                    17.294973134994507,
                    -151.88735723495483
                ],
                [
                    65.5851662158966,
                    36.159515380859375
                ],
                [
                    215.5163735151291,
                    4.2669326066970825
                ],
                [
                    -65.23364782333374,
                    -316.84041023254395
                ],
                [
                    -206.6938877105713,
                    -182.6067566871643
                ],
                [
                    -118.15094947814941,
                    62.250927090644836
                ],
                [
                    29.28835153579712,
                    26.763394474983215
                ],
                [
                    22.028908133506775,
                    -81.3722014427185
                ]
            ],
            "provenance": "visii",
            "quaternion_xyzw": [
                -0.5362708568572998,
                0.2026595026254654,
                0.4190102815628052,
                0.7041115164756775
            ],
            "quaternion_xyzw_world": [
                -0.024255111813545227,
                -0.19209571182727814,
                -0.30935630202293396,
                0.9310261011123657
            ],
            "segmentation_id": 8,
            "visibility": 1
        },
        {
            "bounding_box_minx_maxx_miny_maxy": [
                -1,
                -1,
                -1,
                -1
            ],
            "class": "Great",
            "local_cuboid": null,
            "local_to_world_matrix": [
                [
                    -0.2609119415283203,
                    0.37533771991729736,
                    0.8894079923629761,
                    0.0
                ],
                [
                    0.904244065284729,
                    -0.22759175300598145,
                    0.3613097667694092,
                    0.0
                ],
                [
                    0.3380350172519684,
                    0.8985118865966797,
                    -0.2800154685974121,
                    0.0
                ],
                [
                    0.2477247267961502,
                    -0.33314967155456543,
                    -0.2538151741027832,
                    1.0
                ]
            ],
            "location": [
                0.33314967155456543,
                -0.2538151741027832,
                -0.2477247267961502
            ],
            "location_world": [
                0.2477247267961502,
                -0.33314967155456543,
                -0.2538151741027832
            ],
            "name": "google_Great_Jones_Wingtip_kAqSg6EgG0I_8",
            "projected_cuboid": [
                [
                    1057.2062730789185,
                    1602.8668880462646
                ],
                [
                    609.1939806938171,
                    513.0624771118164
                ],
                [
                    810.9169006347656,
                    488.72387409210205
                ],
                [
                    2063.9920234680176,
                    1958.952784538269
                ],
                [
                    1068.3096647262573,
                    1731.0231924057007
                ],
                [
                    642.6438093185425,
                    630.9689283370972
                ],
                [
                    833.0370187759399,
                    619.6237802505493
                ],
                [
                    1837.3537063598633,
                    2042.459487915039
                ],
                [
                    887.8574371337891,
                    860.0752353668213
                ]
            ],
            "provenance": "visii",
            "quaternion_xyzw": [
                0.3877459466457367,
                0.7201879024505615,
                -0.41109395027160645,
                -0.40247267484664917
            ],
            "quaternion_xyzw_world": [
                0.5582775473594666,
                0.5730043053627014,
                0.5496562719345093,
                -0.240562304854393
            ],
            "segmentation_id": 9,
            "visibility": 0
        },
        {
            "bounding_box_minx_maxx_miny_maxy": [
                204,
                374,
                1,
                156
            ],
            "class": "Ecoforms",
            "local_cuboid": null,
            "local_to_world_matrix": [
                [
                    0.2596589922904968,
                    0.8710976839065552,
                    0.41685277223587036,
                    0.0
                ],
                [
                    0.0030132830142974854,
                    -0.43238747119903564,
                    0.9016832113265991,
                    0.0
                ],
                [
                    0.9656957983970642,
                    -0.23287418484687805,
                    -0.1148984432220459,
                    0.0
                ],
                [
                    0.7005647420883179,
                    -0.025596655905246735,
                    0.2708342373371124,
                    1.0
                ]
            ],
            "location": [
                0.025596655905246735,
                0.2708342373371124,
                -0.7005647420883179
            ],
            "location_world": [
                0.7005647420883179,
                -0.025596655905246735,
                0.2708342373371124
            ],
            "name": "google_Ecoforms_Plant_Container_Quadra_Sand_QP6_9",
            "projected_cuboid": [
                [
                    209.8190188407898,
                    110.34612357616425
                ],
                [
                    265.70504903793335,
                    -6.0523152351379395
                ],
                [
                    236.5800142288208,
                    -79.59690690040588
                ],
                [
                    168.1249737739563,
                    62.87398934364319
                ],
                [
                    326.84001326560974,
                    159.24417972564697
                ],
                [
                    385.93918085098267,
                    35.95368564128876
                ],
                [
                    383.62690806388855,
                    -32.85616636276245
                ],
                [
                    310.2877140045166,
                    120.07896602153778
                ],
                [
                    284.9637567996979,
                    48.433542251586914
                ]
            ],
            "provenance": "visii",
            "quaternion_xyzw": [
                0.2196105271577835,
                0.96675705909729,
                -0.030491501092910767,
                0.12736737728118896
            ],
            "quaternion_xyzw_world": [
                0.6721132397651672,
                0.32513532042503357,
                0.5142543315887451,
                0.42201122641563416
            ],
            "segmentation_id": 10,
            "visibility": 1
        },
        {
            "bounding_box_minx_maxx_miny_maxy": [
                -1,
                -1,
                -1,
                -1
            ],
            "class": "ReadytoUse",
            "local_cuboid": null,
            "local_to_world_matrix": [
                [
                    0.878416121006012,
                    -0.14723452925682068,
                    -0.45465055108070374,
                    0.0
                ],
                [
                    -0.2516539394855499,
                    0.6662594079971313,
                    -0.7019749283790588,
                    0.0
                ],
                [
                    0.4062701165676117,
                    0.7310406565666199,
                    0.5482008457183838,
                    0.0
                ],
                [
                    0.15851333737373352,
                    -0.039879195392131805,
                    -0.3504776656627655,
                    1.0
                ]
            ],
            "location": [
                0.039879195392131805,
                -0.3504776656627655,
                -0.15851333737373352
            ],
            "location_world": [
                0.15851333737373352,
                -0.039879195392131805,
                -0.3504776656627655
            ],
            "name": "google_ReadytoUse_Rolled_Fondant_Pure_White_24_oz_box_10",
            "projected_cuboid": [
                [
                    127.54303216934204,
                    815.329909324646
                ],
                [
                    49.95262622833252,
                    916.7574644088745
                ],
                [
                    345.2543616294861,
                    1410.4344844818115
                ],
                [
                    430.48882484436035,
                    1249.1158246994019
                ],
                [
                    -5.5543482303619385,
                    965.8794403076172
                ],
                [
                    -142.5797939300537,
                    1143.2688236236572
                ],
                [
                    338.8546109199524,
                    2328.8357257843018
                ],
                [
                    506.8323612213135,
                    1910.0322723388672
                ],
                [
                    181.69118463993073,
                    1203.1623125076294
                ]
            ],
            "provenance": "visii",
            "quaternion_xyzw": [
                -0.7509127259254456,
                0.3731825053691864,
                0.5358335375785828,
                0.09872883558273315
            ],
            "quaternion_xyzw_world": [
                -0.4074174463748932,
                0.24476642906665802,
                0.029687246307730675,
                0.8793287873268127
            ],
            "segmentation_id": 11,
            "visibility": 0
        },
        {
            "bounding_box_minx_maxx_miny_maxy": [
                -1,
                -1,
                -1,
                -1
            ],
            "class": "Dog",
            "local_cuboid": null,
            "local_to_world_matrix": [
                [
                    -0.11684930324554443,
                    -0.4411082863807678,
                    -0.8898144960403442,
                    0.0
                ],
                [
                    0.9911156296730042,
                    -0.10910522937774658,
                    -0.07606518268585205,
                    0.0
                ],
                [
                    -0.06353035569190979,
                    -0.8907971978187561,
                    0.4499381184577942,
                    0.0
                ],
                [
                    0.2828673720359802,
                    -0.2009868025779724,
                    0.39037051796913147,
                    1.0
                ]
            ],
            "location": [
                0.2009868025779724,
                0.39037051796913147,
                -0.2828673720359802
            ],
            "location_world": [
                0.2828673720359802,
                -0.2009868025779724,
                0.39037051796913147
            ],
            "name": "google_Dog_11",
            "projected_cuboid": [
                [
                    1791.6460037231445,
                    -1148.882508277893
                ],
                [
                    1012.2368335723877,
                    -385.32423973083496
                ],
                [
                    689.4858479499817,
                    -213.54615688323975
                ],
                [
                    1077.5314569473267,
                    -743.9161539077759
                ],
                [
                    1251.7306804656982,
                    -1600.765347480774
                ],
                [
                    793.1799292564392,
                    -670.6680059432983
                ],
                [
                    500.05388259887695,
                    -501.5751123428345
                ],
                [
                    665.7267212867737,
                    -1221.5129137039185
                ],
                [
                    884.2692375183105,
                    -694.1321492195129
                ]
            ],
            "provenance": "visii",
            "quaternion_xyzw": [
                -0.6028356552124023,
                0.32376542687416077,
                -0.41787776350975037,
                0.5976147651672363
            ],
            "quaternion_xyzw_world": [
                0.36821115016937256,
                0.3734320402145386,
                -0.6472813487052917,
                0.5531690120697021
            ],
            "segmentation_id": 12,
            "visibility": 0
        },
        {
            "bounding_box_minx_maxx_miny_maxy": [
                247,
                289,
                356,
                399
            ],
            "class": "Black",
            "local_cuboid": null,
            "local_to_world_matrix": [
                [
                    0.4260532855987549,
                    0.5207915902137756,
                    -0.7397667169570923,
                    0.0
                ],
                [
                    -0.869462788105011,
                    0.009724915027618408,
                    -0.4939028024673462,
                    0.0
                ],
                [
                    -0.25002625584602356,
                    0.8536285161972046,
                    0.45695221424102783,
                    0.0
                ],
                [
                    1.7393310070037842,
                    -0.13017068803310394,
                    -0.39421990513801575,
                    1.0
                ]
            ],
            "location": [
                0.13017068803310394,
                -0.39421990513801575,
                -1.7393310070037842
            ],
            "location_world": [
                1.7393310070037842,
                -0.13017068803310394,
                -0.39421990513801575
            ],
            "name": "google_Black_Elderberry_Syrup_54_oz_Gaia_Herbs_12",
            "projected_cuboid": [
                [
                    247.1247762441635,
                    365.94146490097046
                ],
                [
                    246.83205783367157,
                    379.8926770687103
                ],
                [
                    290.2178168296814,
                    400.35104751586914
                ],
                [
                    289.25034403800964,
                    386.0931992530823
                ],
                [
                    257.54570960998535,
                    352.7250587940216
                ],
                [
                    257.5702369213104,
                    366.47242307662964
                ],
                [
                    301.3477325439453,
                    387.50964403152466
                ],
                [
                    300.0405728816986,
                    373.4302222728729
                ],
                [
                    273.92566204071045,
                    376.6019940376282
                ]
            ],
            "provenance": "visii",
            "quaternion_xyzw": [
                -0.42517203092575073,
                0.44069904088974,
                0.7524493932723999,
                -0.24255508184432983
            ],
            "quaternion_xyzw_world": [
                -0.4897387623786926,
                0.17798835039138794,
                0.5052657723426819,
                0.6878827214241028
            ],
            "segmentation_id": 13,
            "visibility": 1
        },
        {
            "bounding_box_minx_maxx_miny_maxy": [
                -1,
                -1,
                -1,
                -1
            ],
