{
    "camera_data": {
        "camera_look_at": {
            "at": [
                1.0,
                0.0,
                0.0
            ],
            "eye": [
                0.0,
                0.0,
                0.0
            ],
            "up": [
                0.0,
                0.0,
                1.0
            ]
        },
        "camera_view_matrix": [
            [
                0.0,
                0.0,
                -1.0,
                0.0
            ],
            [
                -1.0,
                0.0,
                0.0,
                0.0
            ],
            [
                0.0,
                1.0,
                0.0,
                0.0
            ],
            [
                0.0,
                0.0,
                0.0,
                1.0
            ]
        ],
        "height": 500,
        "intrinsics": {
            "cx": 250.0,
            "cy": 250.0,
            "fx": 603.5535278320312,
            "fy": 603.5535278320312
        },
        "location_world": [
            0.0,
            0.0,
            0.0
        ],
        "quaternion_world_xyzw": [
            0.5,
            -0.5,
            -0.5,
            0.5
        ],
        "width": 500
    },
    "objects": [
        {
            "bounding_box_minx_maxx_miny_maxy": [
                -1,
                -1,
                -1,
                -1
            ],
            "class": "Reebok",
            "local_cuboid": null,
            "local_to_world_matrix": [
                [
                    0.7504241466522217,
                    0.5999569892883301,
                    0.27733591198921204,
                    0.0
                ],
                [
                    0.4258984327316284,
                    -0.7597951889038086,
                    0.49124523997306824,
                    0.0
                ],
                [
                    0.5054445266723633,
                    -0.2505253851413727,
                    -0.8256893157958984,
                    0.0
                ],
                [
                    0.5747950077056885,
                    -0.2784706950187683,
                    0.41465917229652405,
                    1.0
                ]
            ],
            "location": [
                0.2784706950187683,
                0.41465917229652405,
                -0.5747950077056885
            ],
            "location_world": [
                0.5747950077056885,
                -0.2784706950187683,
                0.41465917229652405
            ],
            "name": "google_Reebok_SOMERSET_RUN_0",
            "projected_cuboid": [
                [
                    409.8408818244934,
                    -8.385121822357178
                ],
                [
                    564.6746158599854,
                    -82.31139183044434
                ],
                [
                    566.015362739563,
                    -196.17384672164917
                ],
                [
                    395.10464668273926,
                    -140.009343624115
                ],
                [
                    512.7379894256592,
                    -14.044106006622314
                ],
                [
                    668.0136919021606,
                    -96.47363424301147
                ],
                [
                    679.7420978546143,
                    -227.949321269989
                ],
                [
                    508.19194316864014,
                    -170.0906753540039
                ],
                [
                    542.6984429359436,
                    -116.4645254611969
                ]
            ],
            "provenance": "visii",
            "quaternion_xyzw": [
                0.3218082785606384,
                0.805705726146698,
                -0.3883513808250427,
                0.31058162450790405
            ],
            "quaternion_xyzw_world": [
                0.9132235050201416,
                0.2808336019515991,
                0.21429048478603363,
                0.20306383073329926
            ],
            "segmentation_id": 1,
            "visibility": 0
        },
        {
            "bounding_box_minx_maxx_miny_maxy": [
                14,
                67,
                183,
                253
            ],
            "class": "Breyer",
            "local_cuboid": null,
            "local_to_world_matrix": [
                [
                    0.46763575077056885,
                    0.5627216696739197,
                    -0.681660532951355,
                    0.0
                ],
                [
                    0.7705157399177551,
                    -0.6374164819717407,
                    0.002395153045654297,
                    0.0
                ],
                [
                    -0.4331538677215576,
                    -0.5263502597808838,
                    -0.7316646575927734,
                    0.0
                ],
                [
                    1.6550381183624268,
                    0.598572850227356,
                    0.12586402893066406,
                    1.0
                ]
            ],
            "location": [
                -0.598572850227356,
                0.12586402893066406,
                -1.6550381183624268
            ],
            "location_world": [
                1.6550381183624268,
                0.598572850227356,
                0.12586402893066406
            ],
            "name": "google_Breyer_Horse_Of_The_Year_2015_1",
            "projected_cuboid": [
                [
                    27.96122431755066,
                    274.53818917274475
                ],
                [
                    47.15506732463837,
                    273.83533120155334
                ],
                [
                    26.887252926826477,
                    233.97977650165558
                ],
                [
                    7.913529872894287,
                    233.60830545425415
                ],
                [
                    63.86438012123108,
                    213.6421799659729
                ],
                [
                    83.36460590362549,
                    214.62315320968628
                ],
                [
                    60.276806354522705,
                    174.53482747077942
                ],
                [
                    40.945470333099365,
                    172.47021198272705
                ],
                [
                    44.13248598575592,
                    224.4948148727417
                ]
            ],
            "provenance": "visii",
            "quaternion_xyzw": [
                -0.02079261839389801,
                0.5319687128067017,
                -0.7059533596038818,
                0.46712613105773926
            ],
            "quaternion_xyzw_world": [
                0.842127799987793,
                0.3957942724227905,
                -0.33095166087150574,
                0.15696708858013153
            ],
            "segmentation_id": 2,
            "visibility": 1
        },
        {
            "bounding_box_minx_maxx_miny_maxy": [
                144,
                254,
                175,
                330
            ],
            "class": "Smith",
            "local_cuboid": null,
            "local_to_world_matrix": [
                [
                    0.7231202125549316,
                    -0.07448910921812057,
                    -0.6866939067840576,
                    0.0
                ],
                [
                    0.2316209375858307,
                    0.9627560377120972,
                    0.1394726037979126,
                    0.0
                ],
                [
                    0.6507295370101929,
                    -0.25990813970565796,
                    0.7134416103363037,
                    0.0
                ],
                [
                    1.5698702335357666,
                    0.1404293328523636,
                    -0.1031295582652092,
                    1.0
                ]
            ],
            "location": [
                -0.1404293328523636,
                -0.1031295582652092,
                -1.5698702335357666
            ],
            "location_world": [
                1.5698702335357666,
                0.1404293328523636,
                -0.1031295582652092
            ],
            "name": "google_Smith_Hawken_Woven_BasketTray_Organizer_with_3_Compartments_95_x_9_x_13_2",
            "projected_cuboid": [
                [
                    272.50880002975464,
                    267.4819231033325
                ],
                [
                    193.25435161590576,
                    255.55521249771118
                ],
                [
                    163.1452739238739,
                    323.01753759384155
                ],
                [
                    249.62344765663147,
                    338.6020064353943
                ],
                [
                    265.97729325294495,
                    175.97848176956177
                ],
                [
                    174.38220977783203,
                    165.47870635986328
                ],
                [
                    136.67911291122437,
                    234.1977059841156
                ],
                [
                    238.04514110088348,
                    248.9084154367447
                ],
                [
                    212.30196952819824,
                    252.72858142852783
                ]
            ],
            "provenance": "visii",
            "quaternion_xyzw": [
                -0.6296321153640747,
                0.6549262404441833,
                0.18392181396484375,
                0.37524405121803284
            ],
            "quaternion_xyzw_world": [
                0.10830815881490707,
                0.36269620060920715,
                -0.08301406353712082,
                0.9218620657920837
            ],
            "segmentation_id": 3,
            "visibility": 1
        },
        {
            "bounding_box_minx_maxx_miny_maxy": [
                377,
                499,
                173,
                500
            ],
            "class": "Paul",
            "local_cuboid": null,
            "local_to_world_matrix": [
                [
                    0.6302922368049622,
                    0.4261210560798645,
                    -0.6489627361297607,
                    0.0
                ],
                [
                    -0.7562852501869202,
                    0.1481539011001587,
                    -0.6372466683387756,
                    0.0
                ],
                [
                    -0.17539770901203156,
                    0.8924525380134583,
                    0.4156492352485657,
                    0.0
                ],
                [
                    0.3677467703819275,
                    -0.28061413764953613,
                    -0.10198307037353516,
                    1.0
                ]
            ],
            "location": [
                0.28061413764953613,
                -0.10198307037353516,
                -0.3677467703819275
            ],
            "location_world": [
                0.3677467703819275,
                -0.28061413764953613,
                -0.10198307037353516
            ],
            "name": "google_Paul_Frank_Dot_Lunch_Box_3",
            "projected_cuboid": [
                [
                    283.77148509025574,
                    326.206237077713
                ],
                [
                    265.11645317077637,
                    455.3598165512085
                ],
                [
                    568.2699084281921,
                    576.8760442733765
                ],
                [
                    535.0759625434875,
                    438.24440240859985
                ],
                [
                    541.0399436950684,
                    8.722186088562012
                ],
                [
                    610.344409942627,
                    115.91500043869019
                ],
                [
                    1062.0718002319336,
                    376.6153156757355
                ],
                [
                    888.2670402526855,
                    217.50646829605103
                ],
                [
                    557.1044683456421,
                    343.90950202941895
                ]
            ],
            "provenance": "visii",
            "quaternion_xyzw": [
                -0.5088536143302917,
                0.3916237950325012,
                0.7481252551078796,
                -0.167354553937912
            ],
            "quaternion_xyzw_world": [
                -0.5163547992706299,
                0.15985336899757385,
                0.39912500977516174,
                0.7406240701675415
            ],
            "segmentation_id": 4,
            "visibility": 1
        },
        {
            "bounding_box_minx_maxx_miny_maxy": [
                0,
                107,
                403,
                495
            ],
            "class": "Toys",
            "local_cuboid": null,
            "local_to_world_matrix": [
                [
                    -0.6774879693984985,
                    -0.7003613710403442,
                    0.2247311770915985,
                    0.0
                ],
                [
                    -0.36180198192596436,
                    0.5833300948143005,
                    0.7272038459777832,
                    0.0
                ],
                [
                    -0.6403979063034058,
                    0.4113636314868927,
                    -0.6485912799835205,
                    0.0
                ],
                [
                    0.9096453189849854,
                    0.2508719563484192,
                    -0.2472296506166458,
                    1.0
                ]
            ],
            "location": [
                -0.2508719563484192,
                -0.2472296506166458,
                -0.9096453189849854
            ],
            "location_world": [
                0.9096453189849854,
                0.2508719563484192,
                -0.2472296506166458
            ],
            "name": "google_Toys_R_Us_Treat_Dispenser_Smart_Puzzle_Foobler_4",
            "projected_cuboid": [
                [
                    85.13401448726654,
                    545.5524921417236
                ],
                [
                    -1.5299022197723389,
                    475.67421197891235
                ],
                [
                    74.20769333839417,
                    376.50972604751587
                ],
                [
                    146.48473262786865,
                    444.8678493499756
                ],
                [
                    31.167447566986084,
                    534.3437194824219
                ],
                [
                    -48.22450876235962,
                    472.480833530426
                ],
                [
                    23.92721176147461,
                    384.7784101963043
                ],
                [
                    91.37925505638123,
                    445.4331398010254
                ],
                [
                    51.90946161746979,
                    458.28020572662354
                ]
            ],
            "provenance": "visii",
            "quaternion_xyzw": [
                -0.28842663764953613,
                0.31082332134246826,
                -0.23066899180412292,
                -0.8757801055908203
            ],
            "quaternion_xyzw_world": [
                -0.31135720014572144,
                0.852849543094635,
                0.33375388383865356,
                -0.2535995543003082
            ],
            "segmentation_id": 5,
            "visibility": 1
        },
        {
            "bounding_box_minx_maxx_miny_maxy": [
                -1,
                -1,
                -1,
                -1
            ],
            "class": "Tag",
            "local_cuboid": null,
            "local_to_world_matrix": [
                [
                    -0.5410254001617432,
                    -0.8403225541114807,
                    -0.03390609472990036,
                    0.0
                ],
                [
                    -0.8157240748405457,
                    0.5341453552246094,
                    -0.22199782729148865,
                    0.0
                ],
                [
                    0.204660564661026,
                    -0.09244842082262039,
                    -0.9744575023651123,
                    0.0
                ],
                [
                    0.5259324908256531,
                    0.4444151818752289,
                    0.20206832885742188,
                    1.0
                ]
            ],
            "location": [
                -0.4444151818752289,
                0.20206832885742188,
                -0.5259324908256531
            ],
            "location_world": [
                0.5259324908256531,
                0.4444151818752289,
                0.20206832885742188
            ],
            "name": "google_Tag_Dishtowel_Basket_Weave_Red_18_x_26_5",
            "projected_cuboid": [
                [
                    -68.72743368148804,
                    51.845356822013855
                ],
                [
                    -414.83384370803833,
                    35.41184961795807
                ],
                [
                    -432.2054386138916,
                    -21.81541919708252
                ],
                [
                    -76.0633647441864,
                    13.738453388214111
                ],
                [
                    -153.3602476119995,
                    73.77658784389496
                ],
                [
                    -466.757595539093,
                    69.08001005649567
                ],
                [
                    -481.54711723327637,
                    23.41902256011963
                ],
                [
                    -160.58677434921265,
                    41.17244482040405
                ],
                [
                    -254.68707084655762,
                    39.04035687446594
                ]
            ],
            "provenance": "visii",
            "quaternion_xyzw": [
                -0.7528248429298401,
                0.18863999843597412,
                -0.21036557853221893,
                -0.5944880843162537
            ],
            "quaternion_xyzw_world": [
                -0.47415366768836975,
                0.8731592297554016,
                -0.09003118425607681,
                0.0683055967092514
            ],
            "segmentation_id": 6,
            "visibility": 0
        },
        {
            "bounding_box_minx_maxx_miny_maxy": [
                -1,
                -1,
                -1,
                -1
            ],
            "class": "FRACTION",
            "local_cuboid": null,
            "local_to_world_matrix": [
                [
                    0.733362078666687,
                    -0.678052544593811,
                    0.049242496490478516,
                    0.0
                ],
                [
                    -0.5317476987838745,
                    -0.526975154876709,
                    0.662979245185852,
                    0.0
                ],
                [
                    -0.4235852062702179,
                    -0.5123883485794067,
                    -0.7470165491104126,
                    0.0
                ],
                [
                    0.5319402813911438,
                    0.3789966404438019,
                    -0.050677526742219925,
                    1.0
                ]
            ],
            "location": [
                -0.3789966404438019,
                -0.050677526742219925,
                -0.5319402813911438
            ],
            "location_world": [
                0.5319402813911438,
                0.3789966404438019,
                -0.050677526742219925
            ],
            "name": "google_FRACTION_FUN_n4h4qte23QR_6",
            "projected_cuboid": [
                [
                    -83.58338475227356,
                    386.2537145614624
                ],
                [
                    -33.12259912490845,
                    268.7099277973175
                ],
                [
                    -48.31039905548096,
                    231.90587759017944
                ],
                [
                    -94.96021270751953,
                    351.80333256721497
                ],
                [
                    -312.95883655548096,
                    431.7317306995392
                ],
                [
                    -304.0875196456909,
                    287.791907787323
                ],
                [
                    -311.9088411331177,
                    238.81091177463531
                ],
                [
                    -318.94367933273315,
                    387.1074914932251
                ],
                [
                    -174.7547686100006,
                    327.37916707992554
                ]
            ],
            "provenance": "visii",
            "quaternion_xyzw": [
                0.3845413029193878,
                0.3746136426925659,
                -0.1436605453491211,
                0.8313568830490112
            ],
            "quaternion_xyzw_world": [
                0.8670861721038818,
                -0.3488120138645172,
                -0.1079312264919281,
                0.3388843238353729
            ],
            "segmentation_id": 7,
            "visibility": 0
        },
        {
            "bounding_box_minx_maxx_miny_maxy": [
                12,
                100,
                38,
                41
            ],
            "class": "FAIRY",
            "local_cuboid": null,
            "local_to_world_matrix": [
                [
                    0.9171146154403687,
                    -0.2524048984050751,
                    0.3085328936576843,
                    0.0
                ],
                [
                    0.37025782465934753,
                    0.25263655185699463,
                    -0.8939149975776672,
                    0.0
                ],
                [
                    0.1476818025112152,
                    0.934059202671051,
                    0.32515156269073486,
                    0.0
                ],
                [
                    0.7376159429550171,
                    0.21079939603805542,
                    0.3794821500778198,
                    1.0
                ]
            ],
            "location": [
                -0.21079939603805542,
                0.3794821500778198,
                -0.7376159429550171
            ],
            "location_world": [
                0.7376159429550171,
                0.21079939603805542,
                0.3794821500778198
            ],
            "name": "google_FAIRY_TALE_BLOCKS_7",
            "projected_cuboid": [
                [
                    -5.843758583068848,
                    -189.74775075912476
                ],
                [
                    -22.234022617340088,
                    9.58251953125
                ],
                [
                    107.41706192493439,
                    49.388110637664795
                ],
                [
                    140.32849669456482,
                    -153.25728058815002
                ],
                [
                    -163.34185004234314,
                    -278.0994772911072
                ],
                [
                    -163.13058137893677,
                    -2.4299323558807373
                ],
                [
                    3.3422112464904785,
                    50.20862817764282
                ],
                [
                    31.498819589614868,
                    -232.26606845855713
                ],
                [
                    -1.743614673614502,
                    -82.64362812042236
                ]
            ],
            "provenance": "visii",
            "quaternion_xyzw": [
                -0.7572980523109436,
                -0.01845252513885498,
                0.6111113429069519,
                0.22956925630569458
            ],
            "quaternion_xyzw_world": [
                -0.5786463618278503,
                -0.05091750994324684,
                -0.19710427522659302,
                0.7897630929946899
            ],
            "segmentation_id": 8,
            "visibility": 1
        },
        {
            "bounding_box_minx_maxx_miny_maxy": [
                -1,
                -1,
                -1,
                -1
            ],
            "class": "Great",
            "local_cuboid": null,
            "local_to_world_matrix": [
                [
                    0.32896173000335693,
                    -0.9105917811393738,
                    0.2502134442329407,
                    0.0
                ],
                [
                    0.37859708070755005,
                    0.3699052333831787,
                    0.8484305143356323,
                    0.0
                ],
                [
                    -0.8651291728019714,
                    -0.18437108397483826,
                    0.4664320945739746,
                    0.0
                ],
                [
                    0.20550097525119781,
                    -0.27775317430496216,
                    -0.2293287068605423,
                    1.0
                ]
            ],
            "location": [
                0.27775317430496216,
                -0.2293287068605423,
                -0.20550097525119781
            ],
            "location_world": [
                0.20550097525119781,
                -0.27775317430496216,
                -0.2293287068605423
            ],
            "name": "google_Great_Jones_Wingtip_kAqSg6EgG0I_8",
            "projected_cuboid": [
                [
                    3954.6260833740234,
                    2932.772397994995
                ],
                [
                    1204.355239868164,
                    348.3738303184509
                ],
                [
                    827.6001214981079,
                    427.3548126220703
                ],
                [
                    1664.7332906723022,
                    1524.537205696106
                ],
                [
                    6458.536148071289,
                    6800.577640533447
                ],
                [
                    1027.0636081695557,
                    486.3421320915222
                ],
                [
                    665.1644706726074,
                    521.9299793243408
                ],
                [
                    1591.630458831787,
                    2019.6785926818848
                ],
                [
                    1363.100528717041,
                    1033.4464311599731
                ]
            ],
            "provenance": "visii",
            "quaternion_xyzw": [
                -0.2219415009021759,
                0.13482359051704407,
                0.16287019848823547,
                0.9518601894378662
            ],
            "quaternion_xyzw_world": [
                0.35093605518341064,
                -0.37898266315460205,
                -0.4380539655685425,
                0.735747754573822
            ],
            "segmentation_id": 9,
            "visibility": 0
        },
        {
            "bounding_box_minx_maxx_miny_maxy": [
                105,
                265,
                38,
                144
            ],
            "class": "Ecoforms",
            "local_cuboid": null,
            "local_to_world_matrix": [
                [
                    0.7071241140365601,
                    0.02185705304145813,
                    -0.7067516446113586,
                    0.0
                ],
                [
                    0.29534319043159485,
                    -0.9172863960266113,
                    0.26713085174560547,
                    0.0
                ],
                [
                    -0.6424546837806702,
                    -0.39762890338897705,
                    -0.6550906896591187,
                    0.0
                ],
                [
                    0.7949244976043701,
                    0.1296975314617157,
                    0.3278672397136688,
                    1.0
                ]
            ],
            "location": [
                -0.1296975314617157,
                0.3278672397136688,
                -0.7949244976043701
            ],
            "location_world": [
                0.7949244976043701,
                0.1296975314617157,
                0.3278672397136688
            ],
            "name": "google_Ecoforms_Plant_Container_Quadra_Sand_QP6_9",
            "projected_cuboid": [
                [
                    123.63041937351227,
                    146.15055918693542
                ],
                [
                    267.31351017951965,
                    114.40734565258026
                ],
                [
                    219.77801620960236,
                    56.05208873748779
                ],
                [
                    91.54526889324188,
                    79.74638044834137
                ],
                [
                    99.10736978054047,
                    -14.830440282821655
                ],
                [
                    274.79222416877747,
                    -39.21025991439819
                ],
                [
                    217.71767735481262,
                    -85.95007658004761
                ],
                [
                    64.6437555551529,
                    -69.09584999084473
                ],
                [
                    171.6209501028061,
                    27.764394879341125
                ]
            ],
            "provenance": "visii",
            "quaternion_xyzw": [
                0.1309175342321396,
                0.40203651785850525,
                -0.5910120606422424,
                0.6869732141494751
            ],
            "quaternion_xyzw_world": [
                0.9054696559906006,
                0.08757892996072769,
                -0.37251561880111694,
                0.18354004621505737
            ],
            "segmentation_id": 10,
            "visibility": 1
        },
        {
            "bounding_box_minx_maxx_miny_maxy": [
                -1,
                -1,
                -1,
                -1
            ],
            "class": "ReadytoUse",
            "local_cuboid": null,
            "local_to_world_matrix": [
                [
                    0.9555235505104065,
                    -0.08284522593021393,
                    -0.28303956985473633,
                    0.0
                ],
                [
                    0.27878326177597046,
                    0.5668002963066101,
                    0.7752530574798584,
                    0.0
                ],
                [
                    0.09620089083909988,
                    -0.8196792602539062,
                    0.5646868944168091,
                    0.0
                ],
                [
                    0.19909751415252686,
                    -0.10736700892448425,
                    -0.39704546332359314,
                    1.0
                ]
            ],
            "location": [
                0.10736700892448425,
                -0.39704546332359314,
                -0.19909751415252686
            ],
            "location_world": [
                0.19909751415252686,
                -0.10736700892448425,
                -0.39704546332359314
            ],
            "name": "google_ReadytoUse_Rolled_Fondant_Pure_White_24_oz_box_10",
            "projected_cuboid": [
                [
                    849.4255542755127,
                    1015.8276557922363
                ],
                [
                    760.1163387298584,
                    896.3155746459961
                ],
                [
                    475.25912523269653,
                    1153.9099216461182
                ],
                [
                    554.766595363617,
                    1295.2747344970703
                ],
                [
                    1273.1415033340454,
                    1470.4837799072266
                ],
                [
                    1085.024356842041,
                    1228.1415462493896
                ],
                [
                    611.4862561225891,
                    1725.136160850525
                ],
                [
                    773.9656567573547,
                    2047.6768016815186
                ],
                [
                    764.5956873893738,
                    1268.7091827392578
                ]
            ],
            "provenance": "visii",
            "quaternion_xyzw": [
                -0.3177235722541809,
                0.6686943769454956,
                0.10688875615596771,
                0.6636824607849121
            ],
            "quaternion_xyzw_world": [
                0.45388224720954895,
                0.10792339593172073,
                -0.10291142016649246,
                0.8784945607185364
            ],
            "segmentation_id": 11,
            "visibility": 0
        },
        {
            "bounding_box_minx_maxx_miny_maxy": [
                -1,
                -1,
                -1,
                -1
            ],
            "class": "Dog",
            "local_cuboid": null,
            "local_to_world_matrix": [
                [
                    -0.5769668817520142,
                    0.7670667767524719,
                    0.2805684804916382,
                    0.0
                ],
                [
                    0.6977714896202087,
                    0.28436732292175293,
                    0.6574576497077942,
                    0.0
                ],
                [
                    0.42452919483184814,
                    0.5751035809516907,
                    -0.6993080377578735,
                    0.0
                ],
                [
                    0.25214940309524536,
                    -0.2711695432662964,
                    0.49006614089012146,
                    1.0
                ]
            ],
            "location": [
                0.2711695432662964,
                0.49006614089012146,
                -0.25214940309524536
            ],
            "location_world": [
                0.25214940309524536,
                -0.2711695432662964,
                0.49006614089012146
            ],
            "name": "google_Dog_11",
            "projected_cuboid": [
                [
                    522.4044322967529,
                    -706.4536809921265
                ],
                [
                    320.689857006073,
                    -555.5610060691833
                ],
                [
                    622.2611665725708,
                    -1166.5586233139038
                ],
                [
                    1295.3295707702637,
                    -2089.6403789520264
                ],
                [
                    732.4540019035339,
                    -211.08141541481018
                ],
                [
                    530.1378965377808,
                    -240.96733331680298
                ],
                [
                    772.5802659988403,
                    -568.9698457717896
                ],
                [
                    1166.88871383667,
                    -697.3807215690613
                ],
                [
                    685.6714487075806,
                    -616.7303323745728
                ]
            ],
            "provenance": "visii",
            "quaternion_xyzw": [
                -0.0011253952980041504,
                0.8439570069313049,
                -0.4138478636741638,
                -0.341270387172699
            ],
            "quaternion_xyzw_world": [
                0.4577045440673828,
                0.8001003265380859,
                0.38512709736824036,
                0.04498208686709404
            ],
            "segmentation_id": 12,
            "visibility": 0
        },
        {
            "bounding_box_minx_maxx_miny_maxy": [
                -1,
                -1,
                -1,
                -1
            ],
            "class": "Black",
            "local_cuboid": null,
            "local_to_world_matrix": [
                [
                    0.989736020565033,
                    0.05070352181792259,
                    0.1336105465888977,
                    0.0
                ],
                [
                    -0.1347387135028839,
                    0.6426576375961304,
                    0.7542126178741455,
                    0.0
                ],
                [
                    -0.047624602913856506,
                    -0.7644739151000977,
                    0.6428931355476379,
                    0.0
                ],
                [
                    1.4072264432907104,
                    -0.2073753923177719,
                    0.44275209307670593,
                    1.0
                ]
            ],
            "location": [
                0.2073753923177719,
                0.44275209307670593,
                -1.4072264432907104
            ],
            "location_world": [
                1.4072264432907104,
                -0.2073753923177719,
                0.44275209307670593
            ],
            "name": "google_Black_Elderberry_Syrup_54_oz_Gaia_Herbs_12",
            "projected_cuboid": [
                [
                    391.5054500102997,
                    31.932950019836426
                ],
                [
                    376.2077987194061,
                    11.8330717086792
                ],
                [
                    328.82770895957947,
                    52.315324544906616
                ],
                [
                    344.31397914886475,
                    72.09479808807373
                ],
                [
                    398.59113097190857,
                    26.31990611553192
                ],
                [
                    382.70241022109985,
                    5.3565651178359985
                ],
                [
                    333.3411514759064,
                    47.53619432449341
                ],
                [
                    349.43464398384094,
                    68.15196573734283
                ],
                [
                    363.0199134349823,
                    39.57453370094299
                ]
            ],
            "provenance": "visii",
            "quaternion_xyzw": [
                -0.19200213253498077,
                0.6628143787384033,
                0.29330679774284363,
                0.6616520285606384
            ],
            "quaternion_xyzw_world": [
                0.4195787310600281,
                -0.050071172416210175,
                0.05123349651694298,
                0.9048876762390137
            ],
            "segmentation_id": 13,
            "visibility": 0
        },
        {
            "bounding_box_minx_maxx_miny_maxy": [
                -1,
                -1,
                -1,
                -1
            ],
