{
    "camera_data": {
        "camera_look_at": {
            "at": [
                1.0,
                0.0,
                0.0
            ],
            "eye": [
                0.0,
                0.0,
                0.0
            ],
            "up": [
                0.0,
                0.0,
                1.0
            ]
        },
        "camera_view_matrix": [
            [
                0.0,
                0.0,
                -1.0,
                0.0
            ],
            [
                -1.0,
                0.0,
                0.0,
                0.0
            ],
            [
                0.0,
                1.0,
                0.0,
                0.0
            ],
            [
                0.0,
                0.0,
                0.0,
                1.0
            ]
        ],
        "height": 500,
        "intrinsics": {
            "cx": 250.0,
            "cy": 250.0,
            "fx": 603.5535278320312,
            "fy": 603.5535278320312
        },
        "location_world": [
            0.0,
            0.0,
            0.0
        ],
        "quaternion_world_xyzw": [
            0.5,
            -0.5,
            -0.5,
            0.5
        ],
        "width": 500
    },
    "objects": [
        {
            "bounding_box_minx_maxx_miny_maxy": [
                -1,
                -1,
                -1,
                -1
            ],
            "class": "Reebok",
            "local_cuboid": null,
            "local_to_world_matrix": [
                [
                    -0.11507594585418701,
                    -0.9290441274642944,
                    0.3516169786453247,
                    0.0
                ],
                [
                    -0.9631243944168091,
                    0.01768726110458374,
                    -0.2684745788574219,
                    0.0
                ],
                [
                    0.24320560693740845,
                    -0.3695458173751831,
                    -0.8968205451965332,
                    0.0
                ],
                [
                    0.7380627989768982,
                    -0.3610514998435974,
                    0.4718644618988037,
                    1.0
                ]
            ],
            "location": [
                0.3610514998435974,
                0.4718644618988037,
                -0.7380627989768982
            ],
            "location_world": [
                0.7380627989768982,
                -0.3610514998435974,
                0.4718644618988037
            ],
            "name": "google_Reebok_SOMERSET_RUN_0",
            "projected_cuboid": [
                [
                    557.5162172317505,
                    -36.08977794647217
                ],
                [
                    692.5170421600342,
                    -89.75952863693237
                ],
                [
                    669.8307991027832,
                    -212.39349246025085
                ],
                [
                    537.7897024154663,
                    -117.37141013145447
                ],
                [
                    483.8851988315582,
                    -5.810409784317017
                ],
                [
                    583.2674503326416,
                    -44.870615005493164
                ],
                [
                    555.9592247009277,
                    -162.76633739471436
                ],
                [
                    462.10017800331116,
                    -84.93435382843018
                ],
                [
                    556.8914413452148,
                    -86.9193971157074
                ]
            ],
            "provenance": "visii",
            "quaternion_xyzw": [
                -0.7811408638954163,
                -0.10687241703271866,
                -0.15510064363479614,
                -0.5952654480934143
            ],
            "quaternion_xyzw_world": [
                -0.6640890836715698,
                0.7123172879219055,
                -0.22392423450946808,
                -0.03804883360862732
            ],
            "segmentation_id": 1,
            "visibility": 0
        },
        {
            "bounding_box_minx_maxx_miny_maxy": [
                -1,
                -1,
                -1,
                -1
            ],
            "class": "Breyer",
            "local_cuboid": null,
            "local_to_world_matrix": [
                [
                    0.5275695323944092,
                    0.8068822622299194,
                    0.2657281160354614,
                    0.0
                ],
                [
                    0.8469187021255493,
                    -0.523987889289856,
                    -0.09036322683095932,
                    0.0
                ],
                [
                    0.06632579118013382,
                    0.272722989320755,
                    -0.9598038196563721,
                    0.0
                ],
                [
                    1.3677018880844116,
                    0.6270430684089661,
                    -0.07291792333126068,
                    1.0
                ]
            ],
            "location": [
                -0.6270430684089661,
                -0.07291792333126068,
                -1.3677018880844116
            ],
            "location_world": [
                1.3677018880844116,
                0.6270430684089661,
                -0.07291792333126068
            ],
            "name": "google_Breyer_Horse_Of_The_Year_2015_1",
            "projected_cuboid": [
                [
                    -79.32347059249878,
                    329.34269309043884
                ],
                [
                    -55.957019329071045,
                    328.845739364624
                ],
                [
                    -40.80882668495178,
                    268.58648657798767
                ],
                [
                    -63.81887197494507,
                    266.9995129108429
                ],
                [
                    -23.569077253341675,
                    365.33811688423157
                ],
                [
                    -0.10970234870910645,
                    363.491028547287
                ],
                [
                    16.844019293785095,
                    298.00042510032654
                ],
                [
                    -6.157517433166504,
                    297.37865924835205
                ],
                [
                    -32.69103169441223,
                    314.1445815563202
                ]
            ],
            "provenance": "visii",
            "quaternion_xyzw": [
                0.2957223057746887,
                0.6676161289215088,
                -0.6765574216842651,
                0.09543155133724213
            ],
            "quaternion_xyzw_world": [
                0.8676636815071106,
                0.47650980949401855,
                0.09567471593618393,
                -0.10461606085300446
            ],
            "segmentation_id": 2,
            "visibility": 0
        },
        {
            "bounding_box_minx_maxx_miny_maxy": [
                -1,
                -1,
                -1,
                -1
            ],
            "class": "Smith",
            "local_cuboid": null,
            "local_to_world_matrix": [
                [
                    -0.7564799785614014,
                    0.0185212641954422,
                    0.6537545919418335,
                    0.0
                ],
                [
                    -0.38300949335098267,
                    -0.822801947593689,
                    -0.41988176107406616,
                    0.0
                ],
                [
                    0.530133843421936,
                    -0.5680263638496399,
                    0.6295269727706909,
                    0.0
                ],
                [
                    1.5146616697311401,
                    0.3103879392147064,
                    -0.09910960495471954,
                    1.0
                ]
            ],
            "location": [
                -0.3103879392147064,
                -0.09910960495471954,
                -1.5146616697311401
            ],
            "location_world": [
                1.5146616697311401,
                0.3103879392147064,
                -0.09910960495471954
            ],
            "name": "google_Smith_Hawken_Woven_BasketTray_Organizer_with_3_Compartments_95_x_9_x_13_2",
            "projected_cuboid": [
                [
                    146.76904678344727,
                    156.66359663009644
                ],
                [
                    226.69723629951477,
                    194.72843408584595
                ],
                [
                    154.9186259508133,
                    265.5903995037079
                ],
                [
                    71.97381556034088,
                    218.8372164964676
                ],
                [
                    164.2349362373352,
                    247.67698347568512
                ],
                [
                    232.65177011489868,
                    284.93231534957886
                ],
                [
                    173.62409830093384,
                    351.747065782547
                ],
                [
                    102.89940237998962,
                    307.49934911727905
                ],
                [
                    160.33115983009338,
                    255.1831603050232
                ]
            ],
            "provenance": "visii",
            "quaternion_xyzw": [
                0.6948910355567932,
                0.5312187075614929,
                0.47651582956314087,
                -0.08868926763534546
            ],
            "quaternion_xyzw_world": [
                0.3304523527622223,
                -0.27574944496154785,
                0.8956574201583862,
                0.11207710206508636
            ],
            "segmentation_id": 3,
            "visibility": 0
        },
        {
            "bounding_box_minx_maxx_miny_maxy": [
                472,
                499,
                133,
                151
            ],
            "class": "Paul",
            "local_cuboid": null,
            "local_to_world_matrix": [
                [
                    0.6226837635040283,
                    0.7045101523399353,
                    -0.340485543012619,
                    0.0
                ],
                [
                    -0.7809637188911438,
                    0.5325398445129395,
                    -0.32633891701698303,
                    0.0
                ],
                [
                    -0.04858696460723877,
                    0.4691127836704254,
                    0.8818007111549377,
                    0.0
                ],
                [
                    0.36948180198669434,
                    -0.24565176665782928,
                    -0.14008432626724243,
                    1.0
                ]
            ],
            "location": [
                0.24565176665782928,
                -0.14008432626724243,
                -0.36948180198669434
            ],
            "location_world": [
                0.36948180198669434,
                -0.24565176665782928,
                -0.14008432626724243
            ],
            "name": "google_Paul_Frank_Dot_Lunch_Box_3",
            "projected_cuboid": [
                [
                    340.5700922012329,
                    203.6370038986206
                ],
                [
                    272.655725479126,
                    247.18816578388214
                ],
                [
                    432.4096441268921,
                    548.7302541732788
                ],
                [
                    471.5130627155304,
                    454.7171890735626
                ],
                [
                    738.7474775314331,
                    9.866401553153992
                ],
                [
                    766.5085196495056,
                    14.208212494850159
                ],
                [
                    1010.2858543395996,
                    527.8298854827881
                ],
                [
                    921.1907982826233,
                    392.4112915992737
                ],
                [
                    566.4350390434265,
                    312.97266483306885
                ]
            ],
            "provenance": "visii",
            "quaternion_xyzw": [
                -0.37856370210647583,
                0.5765379667282104,
                0.7210124731063843,
                0.06659188866615295
            ],
            "quaternion_xyzw_world": [
                -0.22822314500808716,
                0.08374865353107452,
                0.42619746923446655,
                0.871353030204773
            ],
            "segmentation_id": 4,
            "visibility": 1
        },
        {
            "bounding_box_minx_maxx_miny_maxy": [
                374,
                475,
                72,
                154
            ],
            "class": "Toys",
            "local_cuboid": null,
            "local_to_world_matrix": [
                [
                    -0.19754493236541748,
                    0.545849621295929,
                    0.8142629265785217,
                    0.0
                ],
                [
                    0.43505603075027466,
                    -0.6955325603485107,
                    0.5718047022819519,
                    0.0
                ],
                [
                    0.8784658312797546,
                    0.467207133769989,
                    -0.10007619857788086,
                    0.0
                ],
                [
                    0.69762122631073,
                    -0.2723931074142456,
                    0.1670687198638916,
                    1.0
                ]
            ],
            "location": [
                0.2723931074142456,
                0.1670687198638916,
                -0.69762122631073
            ],
            "location_world": [
                0.69762122631073,
                -0.2723931074142456,
                0.1670687198638916
            ],
            "name": "google_Toys_R_Us_Treat_Dispenser_Smart_Puzzle_Foobler_4",
            "projected_cuboid": [
                [
                    330.8592438697815,
                    118.53548884391785
                ],
                [
                    400.4499316215515,
                    66.44010543823242
                ],
                [
                    489.23975229263306,
                    18.91985535621643
                ],
                [
                    414.35301303863525,
                    76.93523168563843
                ],
                [
                    390.4288113117218,
                    216.8605625629425
                ],
                [
                    453.07910442352295,
                    159.1007113456726
                ],
                [
                    547.738790512085,
                    130.2631050348282
                ],
                [
                    481.98628425598145,
                    196.64178788661957
                ],
                [
                    436.65629625320435,
                    124.25638735294342
                ]
            ],
            "provenance": "visii",
            "quaternion_xyzw": [
                0.4361225664615631,
                0.8654652237892151,
                -0.15457934141159058,
                -0.19202160835266113
            ],
            "quaternion_xyzw_world": [
                0.6320727467536926,
                0.38797181844711304,
                0.6695150136947632,
                0.04137084633111954
            ],
            "segmentation_id": 5,
            "visibility": 1
        },
        {
            "bounding_box_minx_maxx_miny_maxy": [
                -1,
                -1,
                -1,
                -1
            ],
            "class": "Tag",
            "local_cuboid": null,
            "local_to_world_matrix": [
                [
                    -0.8526566028594971,
                    -0.4143780767917633,
                    -0.318225622177124,
                    0.0
                ],
                [
                    -0.05033847689628601,
                    -0.5410889387130737,
                    0.8394573926925659,
                    0.0
                ],
                [
                    -0.5200411081314087,
                    0.731787919998169,
                    0.44050389528274536,
                    0.0
                ],
                [
                    0.4338423013687134,
                    0.427904337644577,
                    0.11341222375631332,
                    1.0
                ]
            ],
            "location": [
                -0.427904337644577,
                0.11341222375631332,
                -0.4338423013687134
            ],
            "location_world": [
                0.4338423013687134,
                0.427904337644577,
                0.11341222375631332
            ],
            "name": "google_Tag_Dishtowel_Basket_Weave_Red_18_x_26_5",
            "projected_cuboid": [
                [
                    -582.0804834365845,
                    243.4316873550415
                ],
                [
                    -385.4331374168396,
                    -106.76586627960205
                ],
                [
                    -309.7248673439026,
                    -62.50515580177307
                ],
                [
                    -499.08363819122314,
                    268.99203658103943
                ],
                [
                    -423.664927482605,
                    179.12954092025757
                ],
                [
                    -282.3945879936218,
                    -67.15768575668335
                ],
                [
                    -232.3918342590332,
                    -37.17842698097229
                ],
                [
                    -369.8107600212097,
                    199.7137814760208
                ],
                [
                    -376.0114908218384,
                    78.07013392448425
                ]
            ],
            "provenance": "visii",
            "quaternion_xyzw": [
                0.11713190376758575,
                0.47566747665405273,
                0.25797557830810547,
                -0.8327479362487793
            ],
            "quaternion_xyzw_world": [
                -0.24896207451820374,
                0.466653972864151,
                0.8417614698410034,
                -0.10811839252710342
            ],
            "segmentation_id": 6,
            "visibility": 0
        },
        {
            "bounding_box_minx_maxx_miny_maxy": [
                -1,
                -1,
                -1,
                -1
            ],
            "class": "FRACTION",
            "local_cuboid": null,
            "local_to_world_matrix": [
                [
                    -0.44502949714660645,
                    -0.8187686204910278,
                    -0.3627210855484009,
                    0.0
                ],
                [
                    -0.184438556432724,
                    0.4801598787307739,
                    -0.8575714826583862,
                    0.0
                ],
                [
                    0.8763167858123779,
                    -0.3147449195384979,
                    -0.36469781398773193,
                    0.0
                ],
                [
                    0.6491026878356934,
                    0.010184603743255138,
                    0.03067861869931221,
                    1.0
                ]
            ],
            "location": [
                -0.010184603743255138,
                0.03067861869931221,
                -0.6491026878356934
            ],
            "location_world": [
                0.6491026878356934,
                0.010184603743255138,
                0.03067861869931221
            ],
            "name": "google_FRACTION_FUN_n4h4qte23QR_6",
            "projected_cuboid": [
                [
                    359.3680262565613,
                    191.96054339408875
                ],
                [
                    278.55148911476135,
                    343.8897132873535
                ],
                [
                    266.36502146720886,
                    333.7060809135437
                ],
                [
                    352.80051827430725,
                    173.0533242225647
                ],
                [
                    231.52939975261688,
                    146.48759365081787
                ],
                [
                    153.3094346523285,
                    279.4731855392456
                ],
                [
                    135.37371158599854,
                    266.78764820098877
                ],
                [
                    218.7347412109375,
                    127.19650566577911
                ],
                [
                    246.9765692949295,
                    229.50583696365356
                ]
            ],
            "provenance": "visii",
            "quaternion_xyzw": [
                -0.9424246549606323,
                0.22359371185302734,
                -0.20154781639575958,
                -0.14567115902900696
            ],
            "quaternion_xyzw_world": [
                -0.3314771354198456,
                0.7566186785697937,
                -0.387353777885437,
                0.40939971804618835
            ],
            "segmentation_id": 7,
            "visibility": 0
        },
        {
            "bounding_box_minx_maxx_miny_maxy": [
                0,
                136,
                1,
                47
            ],
            "class": "FAIRY",
            "local_cuboid": null,
            "local_to_world_matrix": [
                [
                    0.5473963022232056,
                    -0.8368309140205383,
                    -0.00844784826040268,
                    0.0
                ],
                [
                    0.8247563242912292,
                    0.5411545038223267,
                    -0.1640998125076294,
                    0.0
                ],
                [
                    0.1418953835964203,
                    0.08286020904779434,
                    0.9864075779914856,
                    0.0
                ],
                [
                    0.6926699280738831,
                    0.14689883589744568,
                    0.26570168137550354,
                    1.0
                ]
            ],
            "location": [
                -0.14689883589744568,
                0.26570168137550354,
                -0.6926699280738831
            ],
            "location_world": [
                0.6926699280738831,
                0.14689883589744568,
                0.26570168137550354
            ],
            "name": "google_FAIRY_TALE_BLOCKS_7",
            "projected_cuboid": [
                [
                    259.3379616737366,
                    -197.40840792655945
                ],
                [
                    161.0831618309021,
                    -59.851258993148804
                ],
                [
                    170.6707775592804,
                    81.52085542678833
                ],
                [
                    276.915967464447,
                    -15.290677547454834
                ],
                [
                    33.210813999176025,
                    -310.4846477508545
                ],
                [
                    -17.919600009918213,
                    -116.32770299911499
                ],
                [
                    -14.276683330535889,
                    48.70438575744629
                ],
                [
                    41.533976793289185,
                    -87.44925260543823
                ],
                [
                    117.5755113363266,
                    -69.89496946334839
                ]
            ],
            "provenance": "visii",
            "quaternion_xyzw": [
                -0.7319197654724121,
                0.18772628903388977,
                0.2152751237154007,
                0.6186347007751465
            ],
            "quaternion_xyzw_world": [
                -0.07041691988706589,
                0.042868100106716156,
                -0.47377651929855347,
                0.8767779469490051
            ],
            "segmentation_id": 8,
            "visibility": 1
        },
        {
            "bounding_box_minx_maxx_miny_maxy": [
                -1,
                -1,
                -1,
                -1
            ],
            "class": "Great",
            "local_cuboid": null,
            "local_to_world_matrix": [
                [
                    0.48520129919052124,
                    -0.8659777045249939,
                    0.12108816206455231,
                    0.0
                ],
                [
                    0.7793859839439392,
                    0.4910898804664612,
                    0.38908636569976807,
                    0.0
                ],
                [
                    -0.39640527963638306,
                    -0.09441079199314117,
                    0.9132083654403687,
                    0.0
                ],
                [
                    0.24523109197616577,
                    -0.32297202944755554,
                    -0.2836580276489258,
                    1.0
                ]
            ],
            "location": [
                0.32297202944755554,
                -0.2836580276489258,
                -0.24523109197616577
            ],
            "location_world": [
                0.24523109197616577,
                -0.32297202944755554,
                -0.2836580276489258
            ],
            "name": "google_Great_Jones_Wingtip_kAqSg6EgG0I_8",
            "projected_cuboid": [
                [
                    2873.264789581299,
                    1587.6855850219727
                ],
                [
                    778.4171104431152,
                    444.56326961517334
                ],
                [
                    701.4516592025757,
                    581.4935564994812
                ],
                [
                    2044.7402000427246,
                    1603.4761667251587
                ],
                [
                    4493.144512176514,
                    3147.0634937286377
                ],
                [
                    677.9043078422546,
                    507.78520107269287
                ],
                [
                    602.0503640174866,
                    658.0777168273926
                ],
                [
                    2445.648193359375,
                    2443.8672065734863
                ],
                [
                    1140.1209831237793,
                    878.3100843429565
                ]
            ],
            "provenance": "visii",
            "quaternion_xyzw": [
                -0.5197321772575378,
                0.17797710001468658,
                0.1879768967628479,
                0.8141666650772095
            ],
            "quaternion_xyzw_world": [
                0.14221735298633575,
                -0.15221713483333588,
                -0.4839724004268646,
                0.8499264121055603
            ],
            "segmentation_id": 9,
            "visibility": 0
        },
        {
            "bounding_box_minx_maxx_miny_maxy": [
                210,
                373,
                3,
                132
            ],
            "class": "Ecoforms",
            "local_cuboid": null,
            "local_to_world_matrix": [
                [
                    0.794440746307373,
                    0.6059578657150269,
                    0.04097479581832886,
                    0.0
                ],
                [
                    0.06591534614562988,
                    -0.1530921459197998,
                    0.9860111474990845,
                    0.0
                ],
                [
                    0.6037541031837463,
                    -0.7806265354156494,
                    -0.16156458854675293,
                    0.0
                ],
                [
                    0.7459043860435486,
                    0.028664639219641685,
                    0.27602338790893555,
                    1.0
                ]
            ],
            "location": [
                -0.028664639219641685,
                0.27602338790893555,
                -0.7459043860435486
            ],
            "location_world": [
                0.7459043860435486,
                0.028664639219641685,
                0.27602338790893555
            ],
            "name": "google_Ecoforms_Plant_Container_Quadra_Sand_QP6_9",
            "projected_cuboid": [
                [
                    270.2067494392395,
                    145.36048471927643
                ],
                [
                    288.83588314056396,
                    25.03308653831482
                ],
                [
                    197.6803094148636,
                    -22.4761962890625
                ],
                [
                    175.3244698047638,
                    112.13992536067963
                ],
                [
                    365.1203513145447,
                    130.8419555425644
                ],
                [
                    385.8410716056824,
                    -12.634098529815674
                ],
                [
                    288.8981103897095,
                    -76.42963528633118
                ],
                [
                    263.17206025123596,
                    87.82976865768433
                ],
                [
                    278.14218401908875,
                    51.19948089122772
                ]
            ],
            "provenance": "visii",
            "quaternion_xyzw": [
                0.054279670119285583,
                0.8938292860984802,
                -0.06362512707710266,
                0.4405391812324524
            ],
            "quaternion_xyzw_world": [
                0.7261366248130798,
                0.23131775856018066,
                0.22197231650352478,
                0.6082318425178528
            ],
            "segmentation_id": 10,
            "visibility": 1
        },
        {
            "bounding_box_minx_maxx_miny_maxy": [
                -1,
                -1,
                -1,
                -1
            ],
            "class": "ReadytoUse",
            "local_cuboid": null,
            "local_to_world_matrix": [
                [
                    0.9074887037277222,
                    0.1171572357416153,
                    -0.4034084677696228,
                    0.0
                ],
                [
                    -0.06510737538337708,
                    0.9879440665245056,
                    0.14045464992523193,
                    0.0
                ],
                [
                    0.4150002598762512,
                    -0.10119614005088806,
                    0.9041759371757507,
                    0.0
                ],
                [
                    0.16290193796157837,
                    -0.06487061083316803,
                    -0.35299035906791687,
                    1.0
                ]
            ],
            "location": [
                0.06487061083316803,
                -0.35299035906791687,
                -0.16290193796157837
            ],
            "location_world": [
                0.16290193796157837,
                -0.06487061083316803,
                -0.35299035906791687
            ],
            "name": "google_ReadytoUse_Rolled_Fondant_Pure_White_24_oz_box_10",
            "projected_cuboid": [
                [
                    456.63779973983765,
                    726.1513471603394
                ],
                [
                    356.63753747940063,
                    716.9255018234253
                ],
                [
                    343.5208201408386,
                    1293.509840965271
                ],
                [
                    475.5985140800476,
                    1297.2767353057861
                ],
                [
                    632.0966482162476,
                    854.3137311935425
                ],
                [
                    472.50521183013916,
                    841.6261076927185
                ],
                [
                    522.2994089126587,
                    2101.9043922424316
                ],
                [
                    782.8289270401001,
                    2085.783004760742
                ],
                [
                    474.2225408554077,
                    1094.5894718170166
                ]
            ],
            "provenance": "visii",
            "quaternion_xyzw": [
                -0.537909984588623,
                0.6466475129127502,
                0.3747340440750122,
                0.38996702432632446
            ],
            "quaternion_xyzw_world": [
                0.061985310167074203,
                0.2099282145500183,
                0.04675229266285896,
                0.974629282951355
            ],
            "segmentation_id": 11,
            "visibility": 0
        },
        {
            "bounding_box_minx_maxx_miny_maxy": [
                326,
                499,
                1,
                97
            ],
            "class": "Dog",
            "local_cuboid": null,
            "local_to_world_matrix": [
                [
                    0.5433093309402466,
                    0.37051016092300415,
                    0.7533507943153381,
                    0.0
                ],
                [
                    0.8382993340492249,
                    -0.288049578666687,
                    -0.4629063606262207,
                    0.0
                ],
                [
                    0.04549074172973633,
                    0.8830347061157227,
                    -0.4670984745025635,
                    0.0
                ],
                [
                    0.33463796973228455,
                    -0.22276541590690613,
                    0.2295827865600586,
                    1.0
                ]
            ],
            "location": [
                0.22276541590690613,
                0.2295827865600586,
                -0.33463796973228455
            ],
            "location_world": [
                0.33463796973228455,
                -0.22276541590690613,
                0.2295827865600586
            ],
            "name": "google_Dog_11",
            "projected_cuboid": [
                [
                    206.64328336715698,
                    -240.37054181098938
                ],
                [
                    287.0594263076782,
                    23.781895637512207
                ],
                [
                    510.1810693740845,
                    -98.16503524780273
                ],
                [
                    535.808801651001,
                    -428.96419763565063
                ],
                [
                    433.6543679237366,
                    -26.75086259841919
                ],
                [
                    443.9273476600647,
                    237.2966855764389
                ],
                [
                    751.1200308799744,
                    77.11949944496155
                ],
                [
                    985.689640045166,
                    -327.09258794784546
                ],
                [
                    487.23673820495605,
                    -76.75358653068542
                ]
            ],
            "provenance": "visii",
            "quaternion_xyzw": [
                0.5333589911460876,
                0.4881328344345093,
                -0.6685667037963867,
                -0.17399214208126068
            ],
            "quaternion_xyzw_world": [
                0.7580332159996033,
                0.3986663818359375,
                0.26345860958099365,
                -0.4438925087451935
            ],
            "segmentation_id": 12,
            "visibility": 1
        },
        {
            "bounding_box_minx_maxx_miny_maxy": [
                -1,
                -1,
                -1,
                -1
            ],
            "class": "Black",
            "local_cuboid": null,
            "local_to_world_matrix": [
                [
                    -0.31125354766845703,
                    0.24883773922920227,
                    -0.9171703457832336,
                    0.0
                ],
                [
                    -0.91585373878479,
                    -0.3361302614212036,
                    0.2196110188961029,
                    0.0
                ],
                [
                    -0.25364094972610474,
                    0.9083483219146729,
                    0.3325203061103821,
                    0.0
                ],
                [
                    1.5471336841583252,
                    -0.28207361698150635,
                    0.2801057994365692,
                    1.0
                ]
            ],
            "location": [
                0.28207361698150635,
                0.2801057994365692,
                -1.5471336841583252
            ],
            "location_world": [
                1.5471336841583252,
                -0.28207361698150635,
                0.2801057994365692
            ],
            "name": "google_Black_Elderberry_Syrup_54_oz_Gaia_Herbs_12",
            "projected_cuboid": [
                [
                    302.60053277015686,
                    133.23791325092316
                ],
                [
                    312.6617670059204,
                    123.64007532596588
                ],
                [
                    363.7780249118805,
                    145.98838984966278
                ],
                [
                    352.1861135959625,
                    154.58793938159943
                ],
                [
                    307.5447082519531,
                    114.12772536277771
                ],
                [
                    317.6653981208801,
                    103.95115613937378
                ],
                [
                    368.0666983127594,
                    126.5135109424591
                ],
                [
                    356.4583659172058,
                    135.68222522735596
                ],
                [
                    335.33865213394165,
                    129.87512350082397
                ]
            ],
            "provenance": "visii",
            "quaternion_xyzw": [
                -0.2635860741138458,
                0.5510916709899902,
                0.5663187503814697,
                -0.5532662868499756
            ],
            "quaternion_xyzw_world": [
                -0.41603976488113403,
                0.40081262588500977,
                0.703545331954956,
                0.4138650894165039
            ],
            "segmentation_id": 13,
            "visibility": 0
        },
        {
            "bounding_box_minx_maxx_miny_maxy": [
                0,
                23,
                66,
                98
            ],
