{
    "camera_data": {
        "camera_look_at": {
            "at": [
                1.0,
                0.0,
                0.0
            ],
            "eye": [
                0.0,
                0.0,
                0.0
            ],
            "up": [
                0.0,
                0.0,
                1.0
            ]
        },
        "camera_view_matrix": [
            [
                0.0,
                0.0,
                -1.0,
                0.0
            ],
            [
                -1.0,
                0.0,
                0.0,
                0.0
            ],
            [
                0.0,
                1.0,
                0.0,
                0.0
            ],
            [
                0.0,
                0.0,
                0.0,
                1.0
            ]
        ],
        "height": 500,
        "intrinsics": {
            "cx": 250.0,
            "cy": 250.0,
            "fx": 603.5535278320312,
            "fy": 603.5535278320312
        },
        "location_world": [
            0.0,
            0.0,
            0.0
        ],
        "quaternion_world_xyzw": [
            0.5,
            -0.5,
            -0.5,
            0.5
        ],
        "width": 500
    },
    "objects": [
        {
            "bounding_box_minx_maxx_miny_maxy": [
                -1,
                -1,
                -1,
                -1
            ],
            "class": "Reebok",
            "local_cuboid": null,
            "local_to_world_matrix": [
                [
                    0.11839920282363892,
                    0.6493644118309021,
                    -0.7512040138244629,
                    0.0
                ],
                [
                    0.9389609694480896,
                    0.17287677526474,
                    0.2974322438240051,
                    0.0
                ],
                [
                    0.32300758361816406,
                    -0.7405670285224915,
                    -0.5892593860626221,
                    0.0
                ],
                [
                    0.9519715905189514,
                    -0.47133129835128784,
                    0.5156394839286804,
                    1.0
                ]
            ],
            "location": [
                0.47133129835128784,
                0.5156394839286804,
                -0.9519715905189514
            ],
            "location_world": [
                0.9519715905189514,
                -0.47133129835128784,
                0.5156394839286804
            ],
            "name": "google_Reebok_SOMERSET_RUN_0",
            "projected_cuboid": [
                [
                    633.7014436721802,
                    -3.983795642852783
                ],
                [
                    513.7416124343872,
                    11.240139603614807
                ],
                [
                    475.4173159599304,
                    -34.60422158241272
                ],
                [
                    588.0311727523804,
                    -65.86399674415588
                ],
                [
                    692.0952796936035,
                    -68.5337781906128
                ],
                [
                    556.3791394233704,
                    -37.2927188873291
                ],
                [
                    519.0587043762207,
                    -85.38413047790527
                ],
                [
                    648.3803987503052,
                    -134.43410396575928
                ],
                [
                    569.7681903839111,
                    -49.37860369682312
                ]
            ],
            "provenance": "visii",
            "quaternion_xyzw": [
                -0.30668020248413086,
                0.7532934546470642,
                -0.5071796178817749,
                0.2850702404975891
            ],
            "quaternion_xyzw_world": [
                0.6194315552711487,
                0.6410415172576904,
                -0.17281828820705414,
                0.418932169675827
            ],
            "segmentation_id": 1,
            "visibility": 0
        },
        {
            "bounding_box_minx_maxx_miny_maxy": [
                -1,
                -1,
                -1,
                -1
            ],
            "class": "Breyer",
            "local_cuboid": null,
            "local_to_world_matrix": [
                [
                    -0.9571826457977295,
                    -0.11123689264059067,
                    0.2672596275806427,
                    0.0
                ],
                [
                    0.2775860130786896,
                    -0.09071910381317139,
                    0.9564078450202942,
                    0.0
                ],
                [
                    -0.08214227110147476,
                    0.9896445870399475,
                    0.11771267652511597,
                    0.0
                ],
                [
                    1.1224733591079712,
                    0.39982327818870544,
                    -0.31725168228149414,
                    1.0
                ]
            ],
            "location": [
                -0.39982327818870544,
                -0.31725168228149414,
                -1.1224733591079712
            ],
            "location_world": [
                1.1224733591079712,
                0.39982327818870544,
                -0.31725168228149414
            ],
            "name": "google_Breyer_Horse_Of_The_Year_2015_1",
            "projected_cuboid": [
                [
                    -78.9584219455719,
                    426.18924379348755
                ],
                [
                    -70.59434056282043,
                    390.3348445892334
                ],
                [
                    23.054227232933044,
                    399.2724120616913
                ],
                [
                    16.288578510284424,
                    434.82011556625366
                ],
                [
                    -31.74164891242981,
                    424.79032278060913
                ],
                [
                    -25.498896837234497,
                    395.4099416732788
                ],
                [
                    51.00157856941223,
                    402.70310640335083
                ],
                [
                    45.822784304618835,
                    431.87713623046875
                ],
                [
                    -6.707549095153809,
                    413.1322205066681
                ]
            ],
            "provenance": "visii",
            "quaternion_xyzw": [
                0.13480240106582642,
                0.6638954281806946,
                -0.060202788561582565,
                -0.7331075668334961
            ],
            "quaternion_xyzw_world": [
                0.06289651244878769,
                0.6612017154693604,
                0.7358013391494751,
                -0.1321086585521698
            ],
            "segmentation_id": 2,
            "visibility": 0
        },
        {
            "bounding_box_minx_maxx_miny_maxy": [
                10,
                127,
                198,
                335
            ],
            "class": "Smith",
            "local_cuboid": null,
            "local_to_world_matrix": [
                [
                    0.7388129830360413,
                    -0.13615082204341888,
                    0.6600138545036316,
                    0.0
                ],
                [
                    0.08317400515079498,
                    -0.9534692764282227,
                    -0.2897903621196747,
                    0.0
                ],
                [
                    0.6687580943107605,
                    0.26899686455726624,
                    -0.6931113004684448,
                    0.0
                ],
                [
                    1.6447056531906128,
                    0.4940027594566345,
                    0.03197815641760826,
                    1.0
                ]
            ],
            "location": [
                -0.4940027594566345,
                0.03197815641760826,
                -1.6447056531906128
            ],
            "location_world": [
                1.6447056531906128,
                0.4940027594566345,
                0.03197815641760826
            ],
            "name": "google_Smith_Hawken_Woven_BasketTray_Organizer_with_3_Compartments_95_x_9_x_13_2",
            "projected_cuboid": [
                [
                    43.37809979915619,
                    249.19332563877106
                ],
                [
                    120.89994549751282,
                    272.08030223846436
                ],
                [
                    132.32174515724182,
                    211.44384145736694
                ],
                [
                    47.05435037612915,
                    185.49451231956482
                ],
                [
                    -7.034659385681152,
                    334.5832824707031
                ],
                [
                    83.2623690366745,
                    359.98010635375977
                ],
                [
                    92.24002063274384,
                    299.10504817962646
                ],
                [
                    -8.743107318878174,
                    269.7979211807251
                ],
                [
                    64.81711566448212,
                    271.0929214954376
                ]
            ],
            "provenance": "visii",
            "quaternion_xyzw": [
                0.7236538529396057,
                0.5574085116386414,
                -0.3481671214103699,
                0.2107144594192505
            ],
            "quaternion_xyzw_world": [
                0.9199719429016113,
                -0.014396311715245247,
                0.36109036207199097,
                -0.15184898674488068
            ],
            "segmentation_id": 3,
            "visibility": 1
        },
        {
            "bounding_box_minx_maxx_miny_maxy": [
                331,
                499,
                341,
                500
            ],
            "class": "Paul",
            "local_cuboid": null,
            "local_to_world_matrix": [
                [
                    0.020380854606628418,
                    0.725746214389801,
                    -0.6876605749130249,
                    0.0
                ],
                [
                    -0.9619259238243103,
                    -0.1732652187347412,
                    -0.21137088537216187,
                    0.0
                ],
                [
                    -0.27254924178123474,
                    0.6657865047454834,
                    0.6945828199386597,
                    0.0
                ],
                [
                    0.36371976137161255,
                    -0.23856337368488312,
                    -0.23714321851730347,
                    1.0
                ]
            ],
            "location": [
                0.23856337368488312,
                -0.23714321851730347,
                -0.36371976137161255
            ],
            "location_world": [
                0.36371976137161255,
                -0.23856337368488312,
                -0.23714321851730347
            ],
            "name": "google_Paul_Frank_Dot_Lunch_Box_3",
            "projected_cuboid": [
                [
                    214.01742100715637,
                    514.3287777900696
                ],
                [
                    244.06777322292328,
                    678.3369779586792
                ],
                [
                    541.72682762146,
                    901.4956951141357
                ],
                [
                    442.34925508499146,
                    706.9004774093628
                ],
                [
                    543.4162020683289,
                    205.75076341629028
                ],
                [
                    713.1913900375366,
                    243.06133389472961
                ],
                [
                    920.0502038002014,
                    559.1411590576172
                ],
                [
                    724.271297454834,
                    448.08292388916016
                ],
                [
                    542.6162481307983,
                    535.1852178573608
                ]
            ],
            "provenance": "visii",
            "quaternion_xyzw": [
                -0.23080047965049744,
                0.5571862459182739,
                0.7432473301887512,
                -0.2895825207233429
            ],
            "quaternion_xyzw_world": [
                -0.3532220423221588,
                0.1671609729528427,
                0.6796078085899353,
                0.6208257675170898
            ],
            "segmentation_id": 4,
            "visibility": 1
        },
        {
            "bounding_box_minx_maxx_miny_maxy": [
                -1,
                -1,
                -1,
                -1
            ],
            "class": "Toys",
            "local_cuboid": null,
            "local_to_world_matrix": [
                [
                    0.13031262159347534,
                    0.8164512515068054,
                    0.562517523765564,
                    0.0
                ],
                [
                    0.9832256436347961,
                    -0.03338968753814697,
                    -0.1793111115694046,
                    0.0
                ],
                [
                    -0.1276165246963501,
                    0.5764481425285339,
                    -0.8071068525314331,
                    0.0
                ],
                [
                    0.8409750461578369,
                    -0.4435764253139496,
                    -0.06481868773698807,
                    1.0
                ]
            ],
            "location": [
                0.4435764253139496,
                -0.06481868773698807,
                -0.8409750461578369
            ],
            "location_world": [
                0.8409750461578369,
                -0.4435764253139496,
                -0.06481868773698807
            ],
            "name": "google_Toys_R_Us_Treat_Dispenser_Smart_Puzzle_Foobler_4",
            "projected_cuboid": [
                [
                    481.1224341392517,
                    354.88057136535645
                ],
                [
                    445.9874629974365,
                    355.7462692260742
                ],
                [
                    499.4579255580902,
                    272.8466987609863
                ],
                [
                    544.1405177116394,
                    255.82477450370789
                ],
                [
                    591.0955667495728,
                    429.15987968444824
                ],
                [
                    536.4000797271729,
                    417.3728823661804
                ],
                [
                    589.1066789627075,
                    331.2983512878418
                ],
                [
                    652.9442667961121,
                    325.53353905677795
                ],
                [
                    540.0105714797974,
                    342.02027320861816
                ]
            ],
            "provenance": "visii",
            "quaternion_xyzw": [
                0.24250945448875427,
                0.6143133640289307,
                -0.7285909056663513,
                -0.18155863881111145
            ],
            "quaternion_xyzw_world": [
                0.7019275426864624,
                0.6409767270088196,
                0.15489526093006134,
                -0.2691728174686432
            ],
            "segmentation_id": 5,
            "visibility": 0
        },
        {
            "bounding_box_minx_maxx_miny_maxy": [
                -1,
                -1,
                -1,
                -1
            ],
            "class": "Tag",
            "local_cuboid": null,
            "local_to_world_matrix": [
                [
                    0.2808505892753601,
                    0.9596893787384033,
                    -0.010922707617282867,
                    0.0
                ],
                [
                    0.9515318870544434,
                    -0.27991366386413574,
                    -0.12741848826408386,
                    0.0
                ],
                [
                    -0.1253395676612854,
                    0.02539224922657013,
                    -0.9917889833450317,
                    0.0
                ],
                [
                    0.40175920724868774,
                    0.35722988843917847,
                    -0.06590079516172409,
                    1.0
                ]
            ],
            "location": [
                -0.35722988843917847,
                -0.06590079516172409,
                -0.40175920724868774
            ],
            "location_world": [
                0.40175920724868774,
                0.35722988843917847,
                -0.06590079516172409
            ],
            "name": "google_Tag_Dishtowel_Basket_Weave_Red_18_x_26_5",
            "projected_cuboid": [
                [
                    -668.7427163124084,
                    418.2637333869934
                ],
                [
                    -211.88637614250183,
                    381.8238377571106
                ],
                [
                    -207.12894201278687,
                    341.85609221458435
                ],
                [
                    -654.291570186615,
                    349.63080286979675
                ],
                [
                    -460.0570797920227,
                    444.684237241745
                ],
                [
                    -53.580135107040405,
                    392.540842294693
                ],
                [
                    -49.772024154663086,
                    348.5593795776367
                ],
                [
                    -446.42889499664307,
                    363.30002546310425
                ],
                [
                    -290.2207374572754,
                    375.63711404800415
                ]
            ],
            "provenance": "visii",
            "quaternion_xyzw": [
                0.10294362902641296,
                0.6532479524612427,
                -0.7437149286270142,
                0.09776470810174942
            ],
            "quaternion_xyzw_world": [
                0.7988355755805969,
                0.5981272459030151,
                -0.04264403507113457,
                -0.04782296344637871
            ],
            "segmentation_id": 6,
            "visibility": 0
        },
        {
            "bounding_box_minx_maxx_miny_maxy": [
                -1,
                -1,
                -1,
                -1
            ],
            "class": "FRACTION",
            "local_cuboid": null,
            "local_to_world_matrix": [
                [
                    -0.08902549743652344,
                    0.9851975440979004,
                    -0.14649325609207153,
                    0.0
                ],
                [
                    -0.9355924129486084,
                    -0.03226137161254883,
                    0.3516049087047577,
                    0.0
                ],
                [
                    0.34167420864105225,
                    0.16835978627204895,
                    0.9246154427528381,
                    0.0
                ],
                [
                    1.5573573112487793,
                    -0.05766025930643082,
                    0.4042203724384308,
                    1.0
                ]
            ],
            "location": [
                0.05766025930643082,
                0.4042203724384308,
                -1.5573573112487793
            ],
            "location_world": [
                1.5573573112487793,
                -0.05766025930643082,
                0.4042203724384308
            ],
            "name": "google_FRACTION_FUN_n4h4qte23QR_6",
            "projected_cuboid": [
                [
                    235.7550412416458,
                    104.4498085975647
                ],
                [
                    236.54237389564514,
                    59.8052442073822
                ],
                [
                    239.44996297359467,
                    74.58266615867615
                ],
                [
                    238.3413165807724,
                    118.03852021694183
                ],
                [
                    298.31862449645996,
                    96.52717411518097
                ],
                [
                    306.5201938152313,
                    51.40949785709381
                ],
                [
                    310.106098651886,
                    65.9458339214325
                ],
                [
                    301.4465868473053,
                    109.9160760641098
                ],
                [
                    270.8360254764557,
                    86.28250658512115
                ]
            ],
            "provenance": "visii",
            "quaternion_xyzw": [
                -0.034899041056632996,
                0.8183026313781738,
                0.56831294298172,
                -0.0786338746547699
            ],
            "quaternion_xyzw_world": [
                0.06822836399078369,
                0.18176129460334778,
                0.715175211429596,
                0.6714403629302979
            ],
            "segmentation_id": 7,
            "visibility": 0
        },
        {
            "bounding_box_minx_maxx_miny_maxy": [
                -1,
                -1,
                -1,
                -1
            ],
            "class": "FAIRY",
            "local_cuboid": null,
            "local_to_world_matrix": [
                [
                    0.9191584587097168,
                    0.09675523638725281,
                    0.38181960582733154,
                    0.0
                ],
                [
                    -0.009242676198482513,
                    0.9743918776512146,
                    -0.22466644644737244,
                    0.0
                ],
                [
                    -0.39377957582473755,
                    0.20297503471374512,
                    0.8965148329734802,
                    0.0
                ],
                [
                    0.5866755843162537,
                    0.3110423982143402,
                    0.2551923096179962,
                    1.0
                ]
            ],
            "location": [
                -0.3110423982143402,
                0.2551923096179962,
                -0.5866755843162537
            ],
            "location_world": [
                0.5866755843162537,
                0.3110423982143402,
                0.2551923096179962
            ],
            "name": "google_FAIRY_TALE_BLOCKS_7",
            "projected_cuboid": [
                [
                    15.027329325675964,
                    -273.0136513710022
                ],
                [
                    -240.5608594417572,
                    -216.3924276828766
                ],
                [
                    -139.9407684803009,
                    14.615774154663086
                ],
                [
                    83.32847058773041,
                    -35.729169845581055
                ],
                [
                    -85.85897088050842,
                    -433.25096368789673
                ],
                [
                    -493.4532046318054,
                    -344.1188931465149
                ],
                [
                    -297.2864508628845,
                    22.00685441493988
                ],
                [
                    33.866867423057556,
                    -52.51985788345337
                ],
                [
                    -120.68921327590942,
                    -144.81192827224731
                ]
            ],
            "provenance": "visii",
            "quaternion_xyzw": [
                -0.4284074902534485,
                0.3457995653152466,
                0.6548284888267517,
                0.5177736282348633
            ],
            "quaternion_xyzw_world": [
                -0.10983137786388397,
                -0.19919753074645996,
                0.02722349762916565,
                0.973404586315155
            ],
            "segmentation_id": 8,
            "visibility": 0
        },
        {
            "bounding_box_minx_maxx_miny_maxy": [
                -1,
                -1,
                -1,
                -1
            ],
            "class": "Great",
            "local_cuboid": null,
            "local_to_world_matrix": [
                [
                    0.8442164063453674,
                    -0.34327927231788635,
                    0.41165274381637573,
                    0.0
                ],
                [
                    0.016015619039535522,
                    -0.7515074014663696,
                    -0.6595304608345032,
                    0.0
                ],
                [
                    0.535763144493103,
                    0.5633793473243713,
                    -0.6289371252059937,
                    0.0
                ],
                [
                    0.146662637591362,
                    -0.412856787443161,
                    -0.26020318269729614,
                    1.0
                ]
            ],
            "location": [
                0.412856787443161,
                -0.26020318269729614,
                -0.146662637591362
            ],
            "location_world": [
                0.146662637591362,
                -0.412856787443161,
                -0.26020318269729614
            ],
            "name": "google_Great_Jones_Wingtip_kAqSg6EgG0I_8",
            "projected_cuboid": [
                [
                    850.1183390617371,
                    743.1237697601318
                ],
                [
                    1389.0833854675293,
                    1216.7773246765137
                ],
                [
                    1940.3183460235596,
                    1297.037959098816
                ],
                [
                    1243.8924312591553,
                    674.4346022605896
                ],
                [
                    1060.795545578003,
                    1210.8244895935059
                ],
                [
                    1903.6229848861694,
                    1942.861557006836
                ],
                [
                    3268.4199810028076,
                    2529.9525260925293
                ],
                [
                    1967.2420024871826,
                    1369.0463304519653
                ],
                [
                    1547.7018356323242,
                    1258.5523128509521
                ]
            ],
            "provenance": "visii",
            "quaternion_xyzw": [
                0.7966449856758118,
                0.3650183081626892,
                -0.4417261779308319,
                0.1923445761203766
            ],
            "quaternion_xyzw_world": [
                0.8978670239448547,
                -0.09112253040075302,
                0.26379626989364624,
                -0.34050413966178894
            ],
            "segmentation_id": 9,
            "visibility": 0
        },
        {
            "bounding_box_minx_maxx_miny_maxy": [
                179,
                394,
                17,
                248
            ],
            "class": "Ecoforms",
            "local_cuboid": null,
            "local_to_world_matrix": [
                [
                    -0.6382042169570923,
                    0.6385146975517273,
                    0.43010973930358887,
                    0.0
                ],
                [
                    0.5765568614006042,
                    0.026181459426879883,
                    0.8166374564170837,
                    0.0
                ],
                [
                    0.5101740956306458,
                    0.7691641449928284,
                    -0.3848491907119751,
                    0.0
                ],
                [
                    0.6318988800048828,
                    -0.11549961566925049,
                    0.18086443841457367,
                    1.0
                ]
            ],
            "location": [
                0.11549961566925049,
                0.18086443841457367,
                -0.6318988800048828
            ],
            "location_world": [
                0.6318988800048828,
                -0.11549961566925049,
                0.18086443841457367
            ],
            "name": "google_Ecoforms_Plant_Container_Quadra_Sand_QP6_9",
            "projected_cuboid": [
                [
                    177.52929031848907,
                    170.55702209472656
                ],
                [
                    184.4674050807953,
                    51.168039441108704
                ],
                [
                    300.439715385437,
                    -38.66928815841675
                ],
                [
                    316.96534156799316,
                    81.5264880657196
                ],
                [
                    291.03630781173706,
                    252.15643644332886
                ],
                [
                    282.03436732292175,
                    139.43707942962646
                ],
                [
                    390.38074016571045,
                    74.35297966003418
                ],
                [
                    419.2156195640564,
                    191.08042120933533
                ],
                [
                    295.39722204208374,
                    117.2834038734436
                ]
            ],
            "provenance": "visii",
            "quaternion_xyzw": [
                0.11728379130363464,
                0.8610061407089233,
                -0.27915191650390625,
                -0.40864062309265137
            ],
            "quaternion_xyzw_world": [
                0.42440059781074524,
                0.715757429599762,
                0.5538893342018127,
                0.027964912354946136
            ],
            "segmentation_id": 10,
            "visibility": 1
        },
        {
            "bounding_box_minx_maxx_miny_maxy": [
                -1,
                -1,
                -1,
                -1
            ],
            "class": "ReadytoUse",
            "local_cuboid": null,
            "local_to_world_matrix": [
                [
                    -0.0482708215713501,
                    -0.8749808073043823,
                    -0.48174548149108887,
                    0.0
                ],
                [
                    -0.5975550413131714,
                    -0.3611797094345093,
                    0.7158752679824829,
                    0.0
                ],
                [
                    -0.8003736734390259,
                    0.3224252760410309,
                    -0.5054148435592651,
                    0.0
                ],
                [
                    0.2546352446079254,
                    0.031676921993494034,
                    -0.35984528064727783,
                    1.0
                ]
            ],
            "location": [
                -0.031676921993494034,
                -0.35984528064727783,
                -0.2546352446079254
            ],
            "location_world": [
                0.2546352446079254,
                0.031676921993494034,
                -0.35984528064727783
            ],
            "name": "google_ReadytoUse_Rolled_Fondant_Pure_White_24_oz_box_10",
            "projected_cuboid": [
                [
                    57.5522780418396,
                    2509.3231201171875
                ],
                [
                    107.1317195892334,
                    2951.235055923462
                ],
                [
                    326.9578516483307,
                    1195.8625316619873
                ],
                [
                    278.2789468765259,
                    1171.311616897583
                ],
                [
                    -402.3135304450989,
                    2154.92844581604
                ],
                [
                    -480.51536083221436,
                    2476.3946533203125
                ],
                [
                    60.562118887901306,
                    1027.3444652557373
                ],
                [
                    41.65486991405487,
                    1021.4920043945312
                ],
                [
                    59.50550734996796,
                    1547.5895404815674
                ]
            ],
            "provenance": "visii",
            "quaternion_xyzw": [
                0.2994711697101593,
                -0.10064896941184998,
                -0.22886553406715393,
                0.9207645654678345
            ],
            "quaternion_xyzw_world": [
                0.6742261648178101,
                -0.5460096001625061,
                -0.47540396451950073,
                0.14588946104049683
            ],
            "segmentation_id": 11,
            "visibility": 0
        },
        {
            "bounding_box_minx_maxx_miny_maxy": [
                -1,
                -1,
                -1,
                -1
            ],
            "class": "Dog",
            "local_cuboid": null,
            "local_to_world_matrix": [
                [
                    -0.8950855731964111,
                    0.22511795163154602,
                    -0.3848952651023865,
                    0.0
                ],
                [
                    0.37552741169929504,
                    -0.0848381519317627,
                    -0.922920286655426,
                    0.0
                ],
                [
                    -0.2404196858406067,
                    -0.9706310629844666,
                    -0.008600831031799316,
                    0.0
                ],
                [
                    0.2813376486301422,
                    -0.34881746768951416,
                    0.2638450860977173,
                    1.0
                ]
            ],
            "location": [
                0.34881746768951416,
                0.2638450860977173,
                -0.2813376486301422
            ],
            "location_world": [
                0.2813376486301422,
                -0.34881746768951416,
                0.2638450860977173
            ],
            "name": "google_Dog_11",
            "projected_cuboid": [
                [
                    3556.213617324829,
                    -1715.9489393234253
                ],
                [
                    2193.471670150757,
                    -233.08274149894714
                ],
                [
                    1196.6036558151245,
                    -128.05330753326416
                ],
                [
                    1599.4207859039307,
                    -1053.4433126449585
                ],
                [
                    1375.3089904785156,
                    -536.165714263916
                ],
                [
                    1188.6026859283447,
                    -107.70434141159058
                ],
                [
                    801.903486251831,
                    -69.19664144515991
                ],
                [
                    885.3099942207336,
                    -430.9885501861572
                ],
                [
                    1301.6717433929443,
                    -367.99901723861694
                ]
            ],
            "provenance": "visii",
            "quaternion_xyzw": [
                0.6036105155944824,
                -0.12427601218223572,
                0.7727318406105042,
                -0.15197165310382843
            ],
            "quaternion_xyzw_world": [
                -0.22268447279930115,
                -0.6743233799934387,
                0.7020190358161926,
                -0.05356316640973091
            ],
            "segmentation_id": 12,
            "visibility": 0
        },
        {
            "bounding_box_minx_maxx_miny_maxy": [
                -1,
                -1,
                -1,
                -1
            ],
            "class": "Black",
            "local_cuboid": null,
            "local_to_world_matrix": [
                [
                    -0.6076345443725586,
                    0.3369840979576111,
                    0.719182014465332,
                    0.0
                ],
                [
                    -0.7931936383247375,
                    -0.30344343185424805,
                    -0.5279834270477295,
                    0.0
                ],
                [
                    0.04030892252922058,
                    -0.8912712335586548,
                    0.4516758322715759,
                    0.0
                ],
                [
                    1.759104609489441,
                    -0.22617107629776,
                    -0.7883045673370361,
                    1.0
                ]
            ],
            "location": [
                0.22617107629776,
                -0.7883045673370361,
                -1.759104609489441
            ],
            "location_world": [
                1.759104609489441,
                -0.22617107629776,
                -0.7883045673370361
            ],
            "name": "google_Black_Elderberry_Syrup_54_oz_Gaia_Herbs_12",
            "projected_cuboid": [
                [
                    364.8250699043274,
                    483.99487137794495
                ],
                [
                    374.22290444374084,
                    501.2766122817993
                ],
                [
                    329.2197585105896,
                    525.1527428627014
                ],
                [
                    320.98570466041565,
                    507.179856300354
                ],
                [
                    369.052529335022,
                    493.22962760925293
                ],
                [
                    378.3774971961975,
                    510.41632890701294
                ],
                [
                    334.2794179916382,
                    533.8501930236816
                ],
                [
                    326.07242465019226,
                    515.9974098205566
                ],
                [
                    349.6302366256714,
                    508.7951421737671
                ]
            ],
            "provenance": "visii",
            "quaternion_xyzw": [
                0.5548217296600342,
                0.4607900381088257,
                0.675399661064148,
                0.15388616919517517
            ],
            "quaternion_xyzw_world": [
                0.24704912304878235,
                -0.461658775806427,
                0.7685626149177551,
                0.3676270842552185
            ],
            "segmentation_id": 13,
            "visibility": 0
        },
        {
            "bounding_box_minx_maxx_miny_maxy": [
                -1,
                -1,
                -1,
                -1
            ],
