{
    "camera_data": {
        "camera_look_at": {
            "at": [
                1.0,
                0.0,
                0.0
            ],
            "eye": [
                0.0,
                0.0,
                0.0
            ],
            "up": [
                0.0,
                0.0,
                1.0
            ]
        },
        "camera_view_matrix": [
            [
                0.0,
                0.0,
                -1.0,
                0.0
            ],
            [
                -1.0,
                0.0,
                0.0,
                0.0
            ],
            [
                0.0,
                1.0,
                0.0,
                0.0
            ],
            [
                0.0,
                0.0,
                0.0,
                1.0
            ]
        ],
        "height": 500,
        "intrinsics": {
            "cx": 250.0,
            "cy": 250.0,
            "fx": 603.5535278320312,
            "fy": 603.5535278320312
        },
        "location_world": [
            0.0,
            0.0,
            0.0
        ],
        "quaternion_world_xyzw": [
            0.5,
            -0.5,
            -0.5,
            0.5
        ],
        "width": 500
    },
    "objects": [
        {
            "bounding_box_minx_maxx_miny_maxy": [
                466,
                499,
                1,
                9
            ],
            "class": "Reebok",
            "local_cuboid": null,
            "local_to_world_matrix": [
                [
                    0.2928659915924072,
                    0.7869272232055664,
                    0.5431161522865295,
                    0.0
                ],
                [
                    -0.494655042886734,
                    -0.3614068031311035,
                    0.7903807163238525,
                    0.0
                ],
                [
                    0.8182578682899475,
                    -0.5001307725906372,
                    0.28341370820999146,
                    0.0
                ],
                [
                    0.5028260946273804,
                    -0.25782954692840576,
                    0.35014650225639343,
                    1.0
                ]
            ],
            "location": [
                0.25782954692840576,
                0.35014650225639343,
                -0.5028260946273804
            ],
            "location_world": [
                0.5028260946273804,
                -0.25782954692840576,
                0.35014650225639343
            ],
            "name": "google_Reebok_SOMERSET_RUN_0",
            "projected_cuboid": [
                [
                    442.08016991615295,
                    -11.91246509552002
                ],
                [
                    611.1831665039062,
                    -339.48540687561035
                ],
                [
                    609.5428466796875,
                    -420.3518033027649
                ],
                [
                    413.6905074119568,
                    -20.400136709213257
                ],
                [
                    533.8048934936523,
                    31.444653868675232
                ],
                [
                    739.9856448173523,
                    -305.0721287727356
                ],
                [
                    767.779290676117,
                    -384.49764251708984
                ],
                [
                    519.3338394165039,
                    29.827922582626343
                ],
                [
                    564.5613670349121,
                    -152.0254909992218
                ]
            ],
            "provenance": "visii",
            "quaternion_xyzw": [
                0.24543331563472748,
                0.9213531017303467,
                0.21112126111984253,
                0.21517184376716614
            ],
            "quaternion_xyzw_world": [
                0.5854184627532959,
                0.12481334060430527,
                0.5813679099082947,
                0.5511063933372498
            ],
            "segmentation_id": 1,
            "visibility": 1
        },
        {
            "bounding_box_minx_maxx_miny_maxy": [
                -1,
                -1,
                -1,
                -1
            ],
            "class": "Breyer",
            "local_cuboid": null,
            "local_to_world_matrix": [
                [
                    0.42756062746047974,
                    -0.19112277030944824,
                    0.8835518956184387,
                    0.0
                ],
                [
                    -0.7266879081726074,
                    0.5086926817893982,
                    0.4616886079311371,
                    0.0
                ],
                [
                    -0.537695586681366,
                    -0.8394663333892822,
                    0.07861042022705078,
                    0.0
                ],
                [
                    1.7496448755264282,
                    0.5792449712753296,
                    0.20248667895793915,
                    1.0
                ]
            ],
            "location": [
                -0.5792449712753296,
                0.20248667895793915,
                -1.7496448755264282
            ],
            "location_world": [
                1.7496448755264282,
                0.5792449712753296,
                0.20248667895793915
            ],
            "name": "google_Breyer_Horse_Of_The_Year_2015_1",
            "projected_cuboid": [
                [
                    104.89150881767273,
                    142.89996027946472
                ],
                [
                    90.82598984241486,
                    130.74372708797455
                ],
                [
                    54.47036027908325,
                    140.37659764289856
                ],
                [
                    68.7372088432312,
                    151.75911784172058
                ],
                [
                    79.81172204017639,
                    211.81873977184296
                ],
                [
                    64.21352922916412,
                    200.7221281528473
                ],
                [
                    27.021661400794983,
                    207.48287439346313
                ],
                [
                    42.77971386909485,
                    217.8822159767151
                ],
                [
                    66.62338972091675,
                    174.63836073875427
                ]
            ],
            "provenance": "visii",
            "quaternion_xyzw": [
                0.21893979609012604,
                0.42803919315338135,
                0.47034141421318054,
                0.7400180101394653
            ],
            "quaternion_xyzw_world": [
                0.4583278298377991,
                -0.5006300210952759,
                0.1886511743068695,
                0.7097294330596924
            ],
            "segmentation_id": 2,
            "visibility": 0
        },
        {
            "bounding_box_minx_maxx_miny_maxy": [
                -1,
                -1,
                -1,
                -1
            ],
            "class": "Smith",
            "local_cuboid": null,
            "local_to_world_matrix": [
                [
                    -0.3498269319534302,
                    -0.7962098121643066,
                    -0.4936310052871704,
                    0.0
                ],
                [
                    0.7822051048278809,
                    0.041717708110809326,
                    -0.6216230392456055,
                    0.0
                ],
                [
                    0.5155354738235474,
                    -0.6035809516906738,
                    0.6082050204277039,
                    0.0
                ],
                [
                    1.634156584739685,
                    0.055764682590961456,
                    -0.1110832616686821,
                    1.0
                ]
            ],
            "location": [
                -0.055764682590961456,
                -0.1110832616686821,
                -1.634156584739685
            ],
            "location_world": [
                1.634156584739685,
                0.055764682590961456,
                -0.1110832616686821
            ],
            "name": "google_Smith_Hawken_Woven_BasketTray_Organizer_with_3_Compartments_95_x_9_x_13_2",
            "projected_cuboid": [
                [
                    345.94640135765076,
                    233.21670293807983
                ],
                [
                    331.6797912120819,
                    288.4891927242279
                ],
                [
                    279.84049916267395,
                    350.7455587387085
                ],
                [
                    288.3452773094177,
                    298.7954020500183
                ],
                [
                    238.96366357803345,
                    172.44186997413635
                ],
                [
                    236.76206171512604,
                    230.43489456176758
                ],
                [
                    181.2441498041153,
                    283.8405668735504
                ],
                [
                    176.62732303142548,
                    227.55321860313416
                ],
                [
                    259.02169942855835,
                    259.93436574935913
                ]
            ],
            "provenance": "visii",
            "quaternion_xyzw": [
                -0.8563539981842041,
                0.15628725290298462,
                -0.2783333957195282,
                0.405909925699234
            ],
            "quaternion_xyzw_world": [
                -0.007911700755357742,
                0.44253236055374146,
                -0.6921550035476685,
                0.5701088905334473
            ],
            "segmentation_id": 3,
            "visibility": 0
        },
        {
            "bounding_box_minx_maxx_miny_maxy": [
                -1,
                -1,
                -1,
                -1
            ],
            "class": "Paul",
            "local_cuboid": null,
            "local_to_world_matrix": [
                [
                    -0.2266303300857544,
                    0.41624143719673157,
                    -0.8805577158927917,
                    0.0
                ],
                [
                    -0.605057418346405,
                    -0.7686371803283691,
                    -0.20761191844940186,
                    0.0
                ],
                [
                    -0.7632458806037903,
                    0.4857368469238281,
                    0.42604631185531616,
                    0.0
                ],
                [
                    0.3891672194004059,
                    -0.31634053587913513,
                    -0.10086746513843536,
                    1.0
                ]
            ],
            "location": [
                0.31634053587913513,
                -0.10086746513843536,
                -0.3891672194004059
            ],
            "location_world": [
                0.3891672194004059,
                -0.31634053587913513,
                -0.10086746513843536
            ],
            "name": "google_Paul_Frank_Dot_Lunch_Box_3",
            "projected_cuboid": [
                [
                    551.1451959609985,
                    551.3128638267517
                ],
                [
                    1017.6117420196533,
                    773.395299911499
                ],
                [
                    809.6489906311035,
                    672.2676753997803
                ],
                [
                    588.6366367340088,
                    567.3975944519043
                ],
                [
                    726.7446517944336,
                    -24.261146783828735
                ],
                [
                    1114.902138710022,
                    -45.227229595184326
                ],
                [
                    894.475519657135,
                    244.58207190036774
                ],
                [
                    690.41508436203,
                    215.41935205459595
                ],
                [
                    771.7897295951843,
                    354.189395904541
                ]
            ],
            "provenance": "visii",
            "quaternion_xyzw": [
                -0.08385197818279266,
                0.33368536829948425,
                0.7725120186805725,
                -0.5337116718292236
            ],
            "quaternion_xyzw_world": [
                -0.5281951427459717,
                0.08936848491430283,
                0.7780285477638245,
                0.3281688392162323
            ],
            "segmentation_id": 4,
            "visibility": 0
        },
        {
            "bounding_box_minx_maxx_miny_maxy": [
                -1,
                -1,
                -1,
                -1
            ],
            "class": "Toys",
            "local_cuboid": null,
            "local_to_world_matrix": [
                [
                    -0.37527191638946533,
                    -0.7380461692810059,
                    0.5607664585113525,
                    0.0
                ],
                [
                    -0.25478073954582214,
                    0.6638113856315613,
                    0.7031651735305786,
                    0.0
                ],
                [
                    -0.8912115097045898,
                    0.12100556492805481,
                    -0.4371497631072998,
                    0.0
                ],
                [
                    1.0114885568618774,
                    0.4920039474964142,
                    -0.5332269668579102,
                    1.0
                ]
            ],
            "location": [
                -0.4920039474964142,
                -0.5332269668579102,
                -1.0114885568618774
            ],
            "location_world": [
                1.0114885568618774,
                0.4920039474964142,
                -0.5332269668579102
            ],
            "name": "google_Toys_R_Us_Treat_Dispenser_Smart_Puzzle_Foobler_4",
            "projected_cuboid": [
                [
                    -30.67144751548767,
                    676.175057888031
                ],
                [
                    -118.63121390342712,
                    617.3402667045593
                ],
                [
                    -54.6339750289917,
                    523.1168270111084
                ],
                [
                    18.817290663719177,
                    577.6089429855347
                ],
                [
                    -87.66070008277893,
                    706.0872316360474
                ],
                [
                    -172.37171530723572,
                    652.442455291748
                ],
                [
                    -104.81512546539307,
                    558.8753819465637
                ],
                [
                    -33.53071212768555,
                    609.0606451034546
                ],
                [
                    -70.80164551734924,
                    612.6867532730103
                ]
            ],
            "provenance": "visii",
            "quaternion_xyzw": [
                -0.18951882421970367,
                0.13592971861362457,
                -0.3354102671146393,
                -0.9127461910247803
            ],
            "quaternion_xyzw_world": [
                -0.31546252965927124,
                0.7868025302886963,
                0.26187342405319214,
                -0.46135398745536804
            ],
            "segmentation_id": 5,
            "visibility": 0
        },
        {
            "bounding_box_minx_maxx_miny_maxy": [
                -1,
                -1,
                -1,
                -1
            ],
            "class": "Tag",
            "local_cuboid": null,
            "local_to_world_matrix": [
                [
                    0.1357375979423523,
                    0.4316061735153198,
                    0.8917911052703857,
                    0.0
                ],
                [
                    0.07189960777759552,
                    0.8934571743011475,
                    -0.4433561861515045,
                    0.0
                ],
                [
                    -0.9881324768066406,
                    0.124299556016922,
                    0.090243399143219,
                    0.0
                ],
                [
                    0.5682474970817566,
                    0.38072800636291504,
                    0.2637767493724823,
                    1.0
                ]
            ],
            "location": [
                -0.38072800636291504,
                0.2637767493724823,
                -0.5682474970817566
            ],
            "location_world": [
                0.5682474970817566,
                0.38072800636291504,
                0.2637767493724823
            ],
            "name": "google_Tag_Dishtowel_Basket_Weave_Red_18_x_26_5",
            "projected_cuboid": [
                [
                    -106.95314407348633,
                    -193.37311387062073
                ],
                [
                    -323.0668902397156,
                    -67.35864281654358
                ],
                [
                    -285.06654500961304,
                    -45.54876685142517
                ],
                [
                    -80.86371421813965,
                    -163.3288860321045
                ],
                [
                    -36.58938407897949,
                    -34.73648428916931
                ],
                [
                    -264.3517255783081,
                    91.76585078239441
                ],
                [
                    -228.3734679222107,
                    104.770228266716
                ],
                [
                    -13.818442821502686,
                    -13.388603925704956
                ],
                [
                    -169.20852661132812,
                    -40.50728678703308
                ]
            ],
            "provenance": "visii",
            "quaternion_xyzw": [
                -0.07684001326560974,
                0.005420520901679993,
                0.8460341095924377,
                0.5275343656539917
            ],
            "quaternion_xyzw_world": [
                -0.1949596107006073,
                -0.6456539630889893,
                0.12354010343551636,
                0.7279145121574402
            ],
            "segmentation_id": 6,
            "visibility": 0
        },
        {
            "bounding_box_minx_maxx_miny_maxy": [
                -1,
                -1,
                -1,
                -1
            ],
            "class": "FRACTION",
            "local_cuboid": null,
            "local_to_world_matrix": [
                [
                    -0.8471107482910156,
                    0.5020994544029236,
                    0.17406973242759705,
                    0.0
                ],
                [
                    -0.365614116191864,
                    -0.31294524669647217,
                    -0.876579761505127,
                    0.0
                ],
                [
                    -0.3856559097766876,
                    -0.8062021732330322,
                    0.4486733675003052,
                    0.0
                ],
                [
                    0.4271528124809265,
                    0.2698042690753937,
                    -0.33879008889198303,
                    1.0
                ]
            ],
            "location": [
                -0.2698042690753937,
                -0.33879008889198303,
                -0.4271528124809265
            ],
            "location_world": [
                0.4271528124809265,
                0.2698042690753937,
                -0.33879008889198303
            ],
            "name": "google_FRACTION_FUN_n4h4qte23QR_6",
            "projected_cuboid": [
                [
                    -251.60419940948486,
                    609.9019646644592
                ],
                [
                    -248.1631636619568,
                    1024.3289470672607
                ],
                [
                    -288.6587381362915,
                    1020.5023288726807
                ],
                [
                    -284.7241163253784,
                    624.8157024383545
                ],
                [
                    -5.920678377151489,
                    542.4646139144897
                ],
                [
                    34.147441387176514,
                    809.8316788673401
                ],
                [
                    -3.6869943141937256,
                    814.9811625480652
                ],
                [
                    -37.61094808578491,
                    555.3737282752991
                ],
                [
                    -113.41634392738342,
                    724.2121696472168
                ]
            ],
            "provenance": "visii",
            "quaternion_xyzw": [
                0.49719831347465515,
                0.24487954378128052,
                0.8313145637512207,
                -0.0417637825012207
            ],
            "quaternion_xyzw_world": [
                -0.06550022214651108,
                -0.5209347605705261,
                0.8075780868530273,
                0.2686159908771515
            ],
            "segmentation_id": 7,
            "visibility": 0
        },
        {
            "bounding_box_minx_maxx_miny_maxy": [
                -1,
                -1,
                -1,
                -1
            ],
            "class": "FAIRY",
            "local_cuboid": null,
            "local_to_world_matrix": [
                [
                    0.2835652828216553,
                    -0.7612260580062866,
                    0.5832028388977051,
                    0.0
                ],
                [
                    0.9358056783676147,
                    0.35247987508773804,
                    0.005066633224487305,
                    0.0
                ],
                [
                    -0.20942413806915283,
                    0.5443277955055237,
                    0.8123107552528381,
                    0.0
                ],
                [
                    0.782529354095459,
                    0.2324601262807846,
                    0.4772677421569824,
                    1.0
                ]
            ],
            "location": [
                -0.2324601262807846,
                0.4772677421569824,
                -0.782529354095459
            ],
            "location_world": [
                0.782529354095459,
                0.2324601262807846,
                0.4772677421569824
            ],
            "name": "google_FAIRY_TALE_BLOCKS_7",
            "projected_cuboid": [
                [
                    51.931411027908325,
                    -431.2952160835266
                ],
                [
                    43.82258653640747,
                    -243.4280812740326
                ],
                [
                    131.87076151371002,
                    -102.81777381896973
                ],
                [
                    170.9078848361969,
                    -227.77047753334045
                ],
                [
                    -169.44870352745056,
                    -363.1119728088379
                ],
                [
                    -111.68542504310608,
                    -179.7497272491455
                ],
                [
                    -8.206397294998169,
                    -31.22246265411377
                ],
                [
                    -20.485222339630127,
                    -141.77292585372925
                ],
                [
                    17.417490482330322,
                    -201.6879916191101
                ]
            ],
            "provenance": "visii",
            "quaternion_xyzw": [
                -0.6218390464782715,
                -0.09275831282138824,
                0.33284056186676025,
                0.702800989151001
            ],
            "quaternion_xyzw_world": [
                -0.1723184883594513,
                -0.2532804012298584,
                -0.5422788858413696,
                0.7823611497879028
            ],
            "segmentation_id": 8,
            "visibility": 0
        },
        {
            "bounding_box_minx_maxx_miny_maxy": [
                -1,
                -1,
                -1,
                -1
            ],
            "class": "Great",
            "local_cuboid": null,
            "local_to_world_matrix": [
                [
                    -0.8859471082687378,
                    -0.08234703540802002,
                    0.4564172029495239,
                    0.0
                ],
                [
                    0.28092244267463684,
                    0.6877578496932983,
                    0.6693815588951111,
                    0.0
                ],
                [
                    -0.3690261244773865,
                    0.7212545275688171,
                    -0.586184024810791,
                    0.0
                ],
                [
                    0.20655180513858795,
                    -0.38012054562568665,
                    -0.21418814361095428,
                    1.0
                ]
            ],
            "location": [
                0.38012054562568665,
                -0.21418814361095428,
                -0.20655180513858795
            ],
            "location_world": [
                0.20655180513858795,
                -0.38012054562568665,
                -0.21418814361095428
            ],
            "name": "google_Great_Jones_Wingtip_kAqSg6EgG0I_8",
            "projected_cuboid": [
                [
                    3711.444854736328,
                    3288.745641708374
                ],
                [
                    991.1338090896606,
                    822.991132736206
                ],
                [
                    1082.6478004455566,
                    503.32629680633545
                ],
                [
                    2867.3601150512695,
                    1810.0073337554932
                ],
                [
                    1672.7744340896606,
                    1707.7827453613281
                ],
                [
                    686.2412691116333,
                    722.7708697319031
                ],
                [
                    790.3627753257751,
                    522.2723484039307
                ],
                [
                    1624.6403455734253,
                    1229.3939590454102
                ],
                [
                    1353.0101776123047,
                    1055.139422416687
                ]
            ],
            "provenance": "visii",
            "quaternion_xyzw": [
                -0.10480859875679016,
                0.5518170595169067,
                -0.3928414285182953,
                -0.7281405925750732
            ],
            "quaternion_xyzw_world": [
                0.0558546781539917,
                0.8888038396835327,
                0.39115381240844727,
                -0.23217815160751343
            ],
            "segmentation_id": 9,
            "visibility": 0
        },
        {
            "bounding_box_minx_maxx_miny_maxy": [
                -1,
                -1,
                -1,
                -1
            ],
            "class": "Ecoforms",
            "local_cuboid": null,
            "local_to_world_matrix": [
                [
                    0.8946744203567505,
                    0.16476237773895264,
                    -0.4152241349220276,
                    0.0
                ],
                [
                    0.15646886825561523,
                    -0.98619544506073,
                    -0.05418569594621658,
                    0.0
                ],
                [
                    -0.41841989755630493,
                    -0.01649109460413456,
                    -0.9081039428710938,
                    0.0
                ],
                [
                    0.8199194669723511,
                    0.18386752903461456,
                    0.3476598262786865,
                    1.0
                ]
            ],
            "location": [
                -0.18386752903461456,
                0.3476598262786865,
                -0.8199194669723511
            ],
            "location_world": [
                0.8199194669723511,
                0.18386752903461456,
                0.3476598262786865
            ],
            "name": "google_Ecoforms_Plant_Container_Quadra_Sand_QP6_9",
            "projected_cuboid": [
                [
                    36.07790172100067,
                    131.94654881954193
                ],
                [
                    176.8116056919098,
                    143.40224862098694
                ],
                [
                    180.59846758842468,
                    51.16167664527893
                ],
                [
                    51.13993585109711,
                    37.53061592578888
                ],
                [
                    9.121984243392944,
                    27.512326836586
                ],
                [
                    186.33222579956055,
                    46.41638696193695
                ],
                [
                    190.0838315486908,
                    -57.65792727470398
                ],
                [
                    30.38822114467621,
                    -79.01138067245483
                ],
                [
                    109.64377224445343,
                    41.37584567070007
                ]
            ],
            "provenance": "visii",
            "quaternion_xyzw": [
                0.34314846992492676,
                0.4159798324108124,
                -0.6397984027862549,
                0.5476019978523254
            ],
            "quaternion_xyzw_world": [
                0.9732643365859985,
                0.08251387625932693,
                -0.21413607895374298,
                -0.009682518430054188
            ],
            "segmentation_id": 10,
            "visibility": 0
        },
        {
            "bounding_box_minx_maxx_miny_maxy": [
                -1,
                -1,
                -1,
                -1
            ],
            "class": "ReadytoUse",
            "local_cuboid": null,
            "local_to_world_matrix": [
                [
                    -0.008448362350463867,
                    0.4017203450202942,
                    0.915723443031311,
                    0.0
                ],
                [
                    -0.8678330779075623,
                    -0.45789480209350586,
                    0.192868173122406,
                    0.0
                ],
                [
                    0.4967840909957886,
                    -0.7930656671524048,
                    0.35249465703964233,
                    0.0
                ],
                [
                    0.22400623559951782,
                    -0.1158357635140419,
                    -0.4303153455257416,
                    1.0
                ]
            ],
            "location": [
                0.1158357635140419,
                -0.4303153455257416,
                -0.22400623559951782
            ],
            "location_world": [
                0.22400623559951782,
                -0.1158357635140419,
                -0.4303153455257416
            ],
            "name": "google_ReadytoUse_Rolled_Fondant_Pure_White_24_oz_box_10",
            "projected_cuboid": [
                [
                    643.0376768112183,
                    837.9155397415161
                ],
                [
                    749.1005659103394,
                    905.5613875389099
                ],
                [
                    556.6518306732178,
                    1354.6861410140991
                ],
                [
                    447.801798582077,
                    1185.6831312179565
                ],
                [
                    731.3106060028076,
                    1040.0946140289307
                ],
                [
                    850.1055836677551,
                    1137.5296115875244
                ],
                [
                    700.2742290496826,
                    1680.0220012664795
                ],
                [
                    566.9748187065125,
                    1455.3114175796509
                ],
                [
                    664.9085879325867,
                    1159.6965789794922
                ]
            ],
            "provenance": "visii",
            "quaternion_xyzw": [
                0.4749198853969574,
                0.7230789661407471,
                0.4219205975532532,
                0.2712765038013458
            ],
            "quaternion_xyzw_world": [
                0.5236773490905762,
                -0.22251904010772705,
                0.6743214726448059,
                0.47067809104919434
            ],
            "segmentation_id": 11,
            "visibility": 0
        },
        {
            "bounding_box_minx_maxx_miny_maxy": [
                -1,
                -1,
                -1,
                -1
            ],
            "class": "Dog",
            "local_cuboid": null,
            "local_to_world_matrix": [
                [
                    -0.6599024534225464,
                    0.5404797792434692,
                    -0.5219294428825378,
                    0.0
                ],
                [
                    -0.1880583018064499,
                    0.5537300109863281,
                    0.8111825585365295,
                    0.0
                ],
                [
                    0.7274357676506042,
                    0.6334545016288757,
                    -0.26376616954803467,
                    0.0
                ],
                [
                    0.16087572276592255,
                    -0.29845964908599854,
                    0.34366026520729065,
                    1.0
                ]
            ],
            "location": [
                0.29845964908599854,
                0.34366026520729065,
                -0.16087572276592255
            ],
            "location_world": [
                0.16087572276592255,
                -0.29845964908599854,
                0.34366026520729065
            ],
            "name": "google_Dog_11",
            "projected_cuboid": [
                [
                    642.591118812561,
                    -129.8348903656006
                ],
                [
                    411.91565990448,
                    -626.8640160560608
                ],
                [
                    1941.4948225021362,
                    -3064.6724700927734
                ],
                [
                    1971.4275598526,
                    -996.2881803512573
                ],
                [
                    681.7053556442261,
                    -167.3305630683899
                ],
                [
                    552.033543586731,
                    -458.4667682647705
                ],
                [
                    1101.7088890075684,
                    -1074.361801147461
                ],
                [
                    1229.623556137085,
                    -531.4582586288452
                ],
                [
                    858.8414788246155,
                    -574.7190117835999
                ]
            ],
            "provenance": "visii",
            "quaternion_xyzw": [
                -0.3065018057823181,
                0.8773679733276367,
                -0.021572444587945938,
                -0.36853325366973877
            ],
            "quaternion_xyzw_world": [
                0.11195266991853714,
                0.7869877219200134,
                0.4589134752750397,
                0.3968820571899414
            ],
            "segmentation_id": 12,
            "visibility": 0
        },
        {
            "bounding_box_minx_maxx_miny_maxy": [
                -1,
                -1,
                -1,
                -1
            ],
            "class": "Black",
            "local_cuboid": null,
            "local_to_world_matrix": [
                [
                    0.8932409286499023,
                    0.3356744647026062,
                    -0.2990706264972687,
                    0.0
                ],
                [
                    0.1379551887512207,
                    0.4284808039665222,
                    0.8929572105407715,
                    0.0
                ],
                [
                    0.427888959646225,
                    -0.8388842344284058,
                    0.33642858266830444,
                    0.0
                ],
                [
                    1.5338093042373657,
                    -0.18465936183929443,
                    0.15462768077850342,
                    1.0
                ]
            ],
            "location": [
                0.18465936183929443,
                0.15462768077850342,
                -1.5338093042373657
            ],
            "location_world": [
                1.5338093042373657,
                -0.18465936183929443,
                0.15462768077850342
            ],
            "name": "google_Black_Elderberry_Syrup_54_oz_Gaia_Herbs_12",
            "projected_cuboid": [
                [
                    365.49437046051025,
                    187.10610270500183
                ],
                [
                    355.51419854164124,
                    167.82982647418976
                ],
                [
                    312.71129846572876,
                    183.4128201007843
                ],
                [
                    322.8655457496643,
                    203.54034006595612
                ],
                [
                    376.64729356765747,
                    178.47281694412231
                ],
                [
                    366.28592014312744,
                    158.61643850803375
                ],
                [
                    322.4809169769287,
                    174.34699833393097
                ],
                [
                    333.03260803222656,
                    195.10823488235474
                ],
                [
                    344.70897912979126,
                    180.94052374362946
                ]
            ],
            "provenance": "visii",
            "quaternion_xyzw": [
                -0.22319123148918152,
                0.8149417638778687,
                0.06088575720787048,
                0.5313647389411926
            ],
            "quaternion_xyzw_world": [
                0.5311147570610046,
                0.2229412943124771,
                0.060635823756456375,
                0.8151917457580566
            ],
            "segmentation_id": 13,
            "visibility": 0
        },
        {
            "bounding_box_minx_maxx_miny_maxy": [
                -1,
                -1,
                -1,
                -1
            ],
            "class": "Razer",
