{
    "camera_data": {
        "camera_look_at": {
            "at": [
                1.0,
                0.0,
                0.0
            ],
            "eye": [
                0.0,
                0.0,
                0.0
            ],
            "up": [
                0.0,
                0.0,
                1.0
            ]
        },
        "camera_view_matrix": [
            [
                0.0,
                0.0,
                -1.0,
                0.0
            ],
            [
                -1.0,
                0.0,
                0.0,
                0.0
            ],
            [
                0.0,
                1.0,
                0.0,
                0.0
            ],
            [
                0.0,
                0.0,
                0.0,
                1.0
            ]
        ],
        "height": 500,
        "intrinsics": {
            "cx": 250.0,
            "cy": 250.0,
            "fx": 603.5535278320312,
            "fy": 603.5535278320312
        },
        "location_world": [
            0.0,
            0.0,
            0.0
        ],
        "quaternion_world_xyzw": [
            0.5,
            -0.5,
            -0.5,
            0.5
        ],
        "width": 500
    },
    "objects": [
        {
            "bounding_box_minx_maxx_miny_maxy": [
                -1,
                -1,
                -1,
                -1
            ],
            "class": "Reebok",
            "local_cuboid": null,
            "local_to_world_matrix": [
                [
                    0.42765164375305176,
                    0.38852831721305847,
                    0.8161861896514893,
                    0.0
                ],
                [
                    -0.7286331653594971,
                    0.6825391054153442,
                    0.056868672370910645,
                    0.0
                ],
                [
                    -0.5349838733673096,
                    -0.6190202832221985,
                    0.5749835968017578,
                    0.0
                ],
                [
                    0.40944385528564453,
                    -0.2357747107744217,
                    0.2146059274673462,
                    1.0
                ]
            ],
            "location": [
                0.2357747107744217,
                0.2146059274673462,
                -0.40944385528564453
            ],
            "location_world": [
                0.40944385528564453,
                -0.2357747107744217,
                0.2146059274673462
            ],
            "name": "google_Reebok_SOMERSET_RUN_0",
            "projected_cuboid": [
                [
                    736.6660833358765,
                    -152.70951390266418
                ],
                [
                    673.3189821243286,
                    -514.7473216056824
                ],
                [
                    460.2942764759064,
                    -246.31524085998535
                ],
                [
                    600.4342436790466,
                    -31.840771436691284
                ],
                [
                    852.8690934181213,
                    -68.59558820724487
                ],
                [
                    889.7721767425537,
                    -428.50250005722046
                ],
                [
                    591.6402339935303,
                    -132.81044363975525
                ],
                [
                    688.6036992073059,
                    53.51190268993378
                ],
                [
                    683.2540035247803,
                    -145.38082480430603
                ]
            ],
            "provenance": "visii",
            "quaternion_xyzw": [
                0.07003417611122131,
                0.477077841758728,
                0.6831257939338684,
                0.5484806895256042
            ],
            "quaternion_xyzw_world": [
                0.2062334567308426,
                -0.41228142380714417,
                0.34087857604026794,
                0.8193250894546509
            ],
            "segmentation_id": 1,
            "visibility": 0
        },
        {
            "bounding_box_minx_maxx_miny_maxy": [
                40,
                67,
                87,
                143
            ],
            "class": "Breyer",
            "local_cuboid": null,
            "local_to_world_matrix": [
                [
                    -0.7918676137924194,
                    -0.03983304649591446,
                    0.6093923449516296,
                    0.0
                ],
                [
                    0.23047155141830444,
                    -0.9435734748840332,
                    0.23780664801597595,
                    0.0
                ],
                [
                    0.5655339360237122,
                    0.32875898480415344,
                    0.7563656568527222,
                    0.0
                ],
                [
                    1.823738932609558,
                    0.5810112357139587,
                    0.36021289229393005,
                    1.0
                ]
            ],
            "location": [
                -0.5810112357139587,
                0.36021289229393005,
                -1.823738932609558
            ],
            "location_world": [
                1.823738932609558,
                0.5810112357139587,
                0.36021289229393005
            ],
            "name": "google_Breyer_Horse_Of_The_Year_2015_1",
            "projected_cuboid": [
                [
                    34.227922558784485,
                    69.47286427021027
                ],
                [
                    53.79556119441986,
                    66.25206768512726
                ],
                [
                    61.49968504905701,
                    97.30970859527588
                ],
                [
                    41.009142994880676,
                    100.93143582344055
                ],
                [
                    51.23510956764221,
                    128.63638997077942
                ],
                [
                    68.90717148780823,
                    125.31746923923492
                ],
                [
                    76.55875384807587,
                    156.0797393321991
                ],
                [
                    58.1379234790802,
                    159.76354479789734
                ],
                [
                    56.015074253082275,
                    114.0483021736145
                ]
            ],
            "provenance": "visii",
            "quaternion_xyzw": [
                0.5847136378288269,
                0.6639856100082397,
                0.19800658524036407,
                -0.42193180322647095
            ],
            "quaternion_xyzw_world": [
                0.3143804371356964,
                0.15159857273101807,
                0.9343188405036926,
                -0.0723266452550888
            ],
            "segmentation_id": 2,
            "visibility": 1
        },
        {
            "bounding_box_minx_maxx_miny_maxy": [
                186,
                287,
                195,
                310
            ],
            "class": "Smith",
            "local_cuboid": null,
            "local_to_world_matrix": [
                [
                    -0.9126038551330566,
                    0.2526789903640747,
                    -0.3214161694049835,
                    0.0
                ],
                [
                    -0.22325965762138367,
                    -0.966585636138916,
                    -0.1259683519601822,
                    0.0
                ],
                [
                    -0.34250566363334656,
                    -0.04319991171360016,
                    0.9385220408439636,
                    0.0
                ],
                [
                    1.801792025566101,
                    0.04815101623535156,
                    -0.10920360684394836,
                    1.0
                ]
            ],
            "location": [
                -0.04815101623535156,
                -0.10920360684394836,
                -1.801792025566101
            ],
            "location_world": [
                1.801792025566101,
                0.04815101623535156,
                -0.10920360684394836
            ],
            "name": "google_Smith_Hawken_Woven_BasketTray_Organizer_with_3_Compartments_95_x_9_x_13_2",
            "projected_cuboid": [
                [
                    170.05181312561035,
                    211.056649684906
                ],
                [
                    266.0377323627472,
                    222.48494625091553
                ],
                [
                    260.7653737068176,
                    318.6695873737335
                ],
                [
                    170.26296257972717,
                    304.55482006073
                ],
                [
                    212.77786791324615,
                    181.02988600730896
                ],
                [
                    292.97754168510437,
                    189.4853562116623
                ],
                [
                    287.3213291168213,
                    270.8996832370758
                ],
                [
                    210.98355948925018,
                    260.48922538757324
                ],
                [
                    234.75894331932068,
                    244.0768927335739
                ]
            ],
            "provenance": "visii",
            "quaternion_xyzw": [
                0.3642745912075043,
                0.44277679920196533,
                0.655963659286499,
                -0.4908815026283264
            ],
            "quaternion_xyzw_world": [
                -0.16989687085151672,
                -0.043289974331855774,
                0.9769482612609863,
                0.12179218232631683
            ],
            "segmentation_id": 3,
            "visibility": 1
        },
        {
            "bounding_box_minx_maxx_miny_maxy": [
                418,
                499,
                46,
                344
            ],
            "class": "Paul",
            "local_cuboid": null,
            "local_to_world_matrix": [
                [
                    -0.7976722717285156,
                    -0.09838078171014786,
                    0.5950128436088562,
                    0.0
                ],
                [
                    0.29612618684768677,
                    -0.9233745336532593,
                    0.24431294202804565,
                    0.0
                ],
                [
                    0.5253840088844299,
                    0.37108051776885986,
                    0.7656832933425903,
                    0.0
                ],
                [
                    0.4821215569972992,
                    -0.2995438873767853,
                    -0.03229265287518501,
                    1.0
                ]
            ],
            "location": [
                0.2995438873767853,
                -0.03229265287518501,
                -0.4821215569972992
            ],
            "location_world": [
                0.4821215569972992,
                -0.2995438873767853,
                -0.03229265287518501
            ],
            "name": "google_Paul_Frank_Dot_Lunch_Box_3",
            "projected_cuboid": [
                [
                    470.93164920806885,
                    -13.64821195602417
                ],
                [
                    574.1024017333984,
                    -28.201043605804443
                ],
                [
                    807.0882558822632,
                    158.5257053375244
                ],
                [
                    689.6907091140747,
                    194.54295933246613
                ],
                [
                    381.3338279724121,
                    202.89455354213715
                ],
                [
                    458.5403800010681,
                    183.01162123680115
                ],
                [
                    586.9336128234863,
                    347.3614454269409
                ],
                [
                    500.42665004730225,
                    380.69266080856323
                ],
                [
                    535.3550314903259,
                    186.8436485528946
                ]
            ],
            "provenance": "visii",
            "quaternion_xyzw": [
                0.5872503519058228,
                0.6463969945907593,
                0.18160559237003326,
                -0.4520259201526642
            ],
            "quaternion_xyzw_world": [
                0.3000079095363617,
                0.16478349268436432,
                0.933639407157898,
                -0.10563686490058899
            ],
            "segmentation_id": 4,
            "visibility": 1
        },
        {
            "bounding_box_minx_maxx_miny_maxy": [
                50,
                114,
                456,
                500
            ],
            "class": "Toys",
            "local_cuboid": null,
            "local_to_world_matrix": [
                [
                    -0.0236893892288208,
                    -0.6868466138839722,
                    -0.7264164686203003,
                    0.0
                ],
                [
                    -0.7830014228820801,
                    -0.4390242099761963,
                    0.4406438171863556,
                    0.0
                ],
                [
                    -0.6215689182281494,
                    0.5792236328125,
                    -0.5274018049240112,
                    0.0
                ],
                [
                    1.547904133796692,
                    0.37077796459198,
                    -0.5520444512367249,
                    1.0
                ]
            ],
            "location": [
                -0.37077796459198,
                -0.5520444512367249,
                -1.547904133796692
            ],
            "location_world": [
                1.547904133796692,
                0.37077796459198,
                -0.5520444512367249
            ],
            "name": "google_Toys_R_Us_Treat_Dispenser_Smart_Puzzle_Foobler_4",
            "projected_cuboid": [
                [
                    74.12169873714447,
                    538.8175249099731
                ],
                [
                    88.20775151252747,
                    534.4114303588867
                ],
                [
                    134.70010459423065,
                    483.27773809432983
                ],
                [
                    117.96264350414276,
                    491.2582337856293
                ],
                [
                    32.200366258621216,
                    493.3320879936218
                ],
                [
                    42.6257848739624,
                    485.00579595565796
                ],
                [
                    91.92271530628204,
                    437.16174364089966
                ],
                [
                    78.42518389225006,
                    448.57585430145264
                ],
                [
                    82.95856416225433,
                    488.3531332015991
                ]
            ],
            "provenance": "visii",
            "quaternion_xyzw": [
                0.3951689600944519,
                -0.18181614577770233,
                -0.35145366191864014,
                0.8290143609046936
            ],
            "quaternion_xyzw_world": [
                0.6969104409217834,
                -0.5272729396820068,
                -0.4835576117038727,
                -0.04971219599246979
            ],
            "segmentation_id": 5,
            "visibility": 1
        },
        {
            "bounding_box_minx_maxx_miny_maxy": [
                -1,
                -1,
                -1,
                -1
            ],
            "class": "Tag",
            "local_cuboid": null,
            "local_to_world_matrix": [
                [
                    0.24858444929122925,
                    0.4755672216415405,
                    0.8438255190849304,
                    0.0
                ],
                [
                    0.47607290744781494,
                    0.6986956000328064,
                    -0.5340216159820557,
                    0.0
                ],
                [
                    -0.843540370464325,
                    0.5344719886779785,
                    -0.052719831466674805,
                    0.0
                ],
                [
                    0.6898451447486877,
                    0.43171563744544983,
                    0.49326178431510925,
                    1.0
                ]
            ],
            "location": [
                -0.43171563744544983,
                0.49326178431510925,
                -0.6898451447486877
            ],
            "location_world": [
                0.6898451447486877,
                0.43171563744544983,
                0.49326178431510925
            ],
            "name": "google_Tag_Dishtowel_Basket_Weave_Red_18_x_26_5",
            "projected_cuboid": [
                [
                    -144.57446336746216,
                    -352.9545068740845
                ],
                [
                    -218.50821375846863,
                    -160.302996635437
                ],
                [
                    -185.86617708206177,
                    -146.01045846939087
                ],
                [
                    -109.7244918346405,
                    -327.6023268699646
                ],
                [
                    -89.38029408454895,
                    -247.96488881111145
                ],
                [
                    -176.6396462917328,
                    -60.32437086105347
                ],
                [
                    -143.78681778907776,
                    -49.2548942565918
                ],
                [
                    -54.76775765419006,
                    -225.89462995529175
                ],
                [
                    -144.15204524993896,
                    -190.08880853652954
                ]
            ],
            "provenance": "visii",
            "quaternion_xyzw": [
                -0.2317940890789032,
                -0.15652897953987122,
                0.844560444355011,
                0.4566047489643097
            ],
            "quaternion_xyzw_world": [
                -0.38813936710357666,
                -0.6129500269889832,
                -0.00018369015015196055,
                0.6882151365280151
            ],
            "segmentation_id": 6,
            "visibility": 0
        },
        {
            "bounding_box_minx_maxx_miny_maxy": [
                330,
                364,
                236,
                312
            ],
            "class": "FRACTION",
            "local_cuboid": null,
            "local_to_world_matrix": [
                [
                    0.010929584503173828,
                    0.2050897181034088,
                    -0.9786821603775024,
                    0.0
                ],
                [
                    0.8410650491714478,
                    -0.531243085861206,
                    -0.10193303227424622,
                    0.0
                ],
                [
                    -0.5408235788345337,
                    -0.8220212459564209,
                    -0.17830002307891846,
                    0.0
                ],
                [
                    1.4508767127990723,
                    -0.24149566888809204,
                    -0.057630084455013275,
                    1.0
                ]
            ],
            "location": [
                0.24149566888809204,
                -0.057630084455013275,
                -1.4508767127990723
            ],
            "location_world": [
                1.4508767127990723,
                -0.24149566888809204,
                -0.057630084455013275
            ],
            "name": "google_FRACTION_FUN_n4h4qte23QR_6",
            "projected_cuboid": [
                [
                    343.66485476493835,
                    313.3164346218109
                ],
                [
                    374.0057349205017,
                    314.3537640571594
                ],
                [
                    357.90199041366577,
                    310.28157472610474
                ],
                [
                    326.217919588089,
                    308.79008769989014
                ],
                [
                    359.9000573158264,
                    236.56786978244781
                ],
                [
                    388.5643482208252,
                    245.7146942615509
                ],
                [
                    372.21506237983704,
                    242.70017445087433
                ],
                [
                    342.14818477630615,
                    233.36146771907806
                ],
                [
                    358.83691906929016,
                    275.78967809677124
                ]
            ],
            "provenance": "visii",
            "quaternion_xyzw": [
                -0.298336923122406,
                0.3749443590641022,
                -0.6796775460243225,
                0.5553829669952393
            ],
            "quaternion_xyzw_world": [
                0.6558339595794678,
                0.3987879455089569,
                -0.579226553440094,
                0.27449333667755127
            ],
            "segmentation_id": 7,
            "visibility": 1
        },
        {
            "bounding_box_minx_maxx_miny_maxy": [
                58,
                124,
                1,
                38
            ],
            "class": "FAIRY",
            "local_cuboid": null,
            "local_to_world_matrix": [
                [
                    -0.49405384063720703,
                    0.5653899312019348,
                    0.6604884266853333,
                    0.0
                ],
                [
                    -0.41282743215560913,
                    -0.8211312294006348,
                    0.3941027522087097,
                    0.0
                ],
                [
                    0.7651694416999817,
                    -0.07795979082584381,
                    0.6390915513038635,
                    0.0
                ],
                [
                    1.0500465631484985,
                    0.32325291633605957,
                    0.5000890493392944,
                    1.0
                ]
            ],
            "location": [
                -0.32325291633605957,
                0.5000890493392944,
                -1.0500465631484985
            ],
            "location_world": [
                1.0500465631484985,
                0.32325291633605957,
                0.5000890493392944
            ],
            "name": "google_FAIRY_TALE_BLOCKS_7",
            "projected_cuboid": [
                [
                    8.808568120002747,
                    -84.47134494781494
                ],
                [
                    103.83976995944977,
                    -174.6828258037567
                ],
                [
                    65.87754189968109,
                    -160.16319394111633
                ],
                [
                    -40.723055601119995,
                    -56.71229958534241
                ],
                [
                    94.14710104465485,
                    20.048215985298157
                ],
                [
                    187.31030821800232,
                    -51.84409022331238
                ],
                [
                    167.23814606666565,
                    -19.1519558429718
                ],
                [
                    62.31440603733063,
                    60.20088493824005
                ],
                [
                    82.51853287220001,
                    -54.081231355667114
                ]
            ],
            "provenance": "visii",
            "quaternion_xyzw": [
                0.44879746437072754,
                0.8253275156021118,
                0.31863677501678467,
                -0.126039057970047
            ],
            "quaternion_xyzw_world": [
                0.41472455859184265,
                0.09196614474058151,
                0.8594004511833191,
                0.28456389904022217
            ],
            "segmentation_id": 8,
            "visibility": 1
        },
        {
            "bounding_box_minx_maxx_miny_maxy": [
                -1,
                -1,
                -1,
                -1
            ],
            "class": "Great",
            "local_cuboid": null,
            "local_to_world_matrix": [
                [
                    -0.6331675052642822,
                    -0.5455478429794312,
                    -0.5490686893463135,
                    0.0
                ],
                [
                    -0.0709342360496521,
                    -0.6654936075210571,
                    0.7430253028869629,
                    0.0
                ],
                [
                    -0.7707575559616089,
                    0.5094072818756104,
                    0.3826709985733032,
                    0.0
                ],
                [
                    0.22516271471977234,
                    -0.21622894704341888,
                    -0.2700899839401245,
                    1.0
                ]
            ],
            "location": [
                0.21622894704341888,
                -0.2700899839401245,
                -0.22516271471977234
            ],
            "location_world": [
                0.22516271471977234,
                -0.21622894704341888,
                -0.2700899839401245
            ],
            "name": "google_Great_Jones_Wingtip_kAqSg6EgG0I_8",
            "projected_cuboid": [
                [
                    701.2168169021606,
                    2235.8298301696777
                ],
                [
                    2184.0696334838867,
                    1184.0710639953613
                ],
                [
                    1431.868076324463,
                    873.2209205627441
                ],
                [
                    678.4042119979858,
                    1500.5919933319092
                ],
                [
                    329.0596604347229,
                    1274.3629217147827
                ],
                [
                    1115.0001287460327,
                    549.1644144058228
                ],
                [
                    951.1309266090393,
                    549.3373870849609
                ],
                [
                    432.33978748321533,
                    1040.346384048462
                ],
                [
                    873.0126023292542,
                    1076.5023231506348
                ]
            ],
            "provenance": "visii",
            "quaternion_xyzw": [
                0.0891137570142746,
                0.3266189992427826,
                0.3471975028514862,
                -0.8745471239089966
            ],
            "quaternion_xyzw_world": [
                -0.4030059278011322,
                0.3824274241924286,
                0.8187386989593506,
                -0.1449221819639206
            ],
            "segmentation_id": 9,
            "visibility": 0
        },
        {
            "bounding_box_minx_maxx_miny_maxy": [
                57,
                232,
                1,
                89
            ],
            "class": "Ecoforms",
            "local_cuboid": null,
            "local_to_world_matrix": [
                [
                    -0.560905933380127,
                    0.694725513458252,
                    -0.45026785135269165,
                    0.0
                ],
                [
                    0.44583022594451904,
                    -0.20480382442474365,
                    -0.8713729977607727,
                    0.0
                ],
                [
                    -0.6975815892219543,
                    -0.6895012259483337,
                    -0.1948540210723877,
                    0.0
                ],
                [
                    0.8889477252960205,
                    0.22145026922225952,
                    0.358543336391449,
                    1.0
                ]
            ],
            "location": [
                -0.22145026922225952,
                0.358543336391449,
                -0.8889477252960205
            ],
            "location_world": [
                0.8889477252960205,
                0.22145026922225952,
                0.358543336391449
            ],
            "name": "google_Ecoforms_Plant_Container_Quadra_Sand_QP6_9",
            "projected_cuboid": [
                [
                    79.57151532173157,
                    -76.68226957321167
                ],
                [
                    129.47389483451843,
                    91.22364223003387
                ],
                [
                    65.73621928691864,
                    89.90977704524994
                ],
                [
                    16.418442130088806,
                    -53.252846002578735
                ],
                [
                    204.83426749706268,
                    -98.21778535842896
                ],
                [
                    236.3491952419281,
                    51.12086236476898
                ],
                [
                    166.76369309425354,
                    54.73673343658447
                ],
                [
                    132.8115165233612,
                    -74.75489377975464
                ],
                [
                    131.2829852104187,
                    1.2590587139129639
                ]
            ],
            "provenance": "visii",
            "quaternion_xyzw": [
                0.3460729420185089,
                -0.17732101678848267,
                0.903282880783081,
                -0.1813030242919922
            ],
            "quaternion_xyzw_world": [
                -0.4579170048236847,
                -0.6226869225502014,
                0.6266689300537109,
                0.09929297864437103
            ],
            "segmentation_id": 10,
            "visibility": 1
        },
        {
            "bounding_box_minx_maxx_miny_maxy": [
                -1,
                -1,
                -1,
                -1
            ],
            "class": "ReadytoUse",
            "local_cuboid": null,
            "local_to_world_matrix": [
                [
                    0.19926214218139648,
                    -0.049447596073150635,
                    -0.9786978960037231,
                    0.0
                ],
                [
                    -0.884738028049469,
                    0.42034387588500977,
                    -0.20136943459510803,
                    0.0
                ],
                [
                    0.42134690284729004,
                    0.9060165882110596,
                    0.04001045227050781,
                    0.0
                ],
                [
                    0.20352141559123993,
                    -0.04844948276877403,
                    -0.396013468503952,
                    1.0
                ]
            ],
            "location": [
                0.04844948276877403,
                -0.396013468503952,
                -0.20352141559123993
            ],
            "location_world": [
                0.20352141559123993,
                -0.04844948276877403,
                -0.396013468503952
            ],
            "name": "google_ReadytoUse_Rolled_Fondant_Pure_White_24_oz_box_10",
            "projected_cuboid": [
                [
                    71.84623181819916,
                    1118.199348449707
                ],
                [
                    -4.416823387145996,
                    1283.1528186798096
                ],
                [
                    378.01986932754517,
                    1682.8421354293823
                ],
                [
                    407.0863723754883,
                    1395.3089714050293
                ],
                [
                    43.86594891548157,
                    939.3402338027954
                ],
                [
                    -45.13147473335266,
                    1088.6147022247314
                ],
                [
                    374.91050362586975,
                    1463.935136795044
                ],
                [
                    407.9183340072632,
                    1188.333511352539
                ],
                [
                    179.3900728225708,
                    1240.8852577209473
                ]
            ],
            "provenance": "visii",
            "quaternion_xyzw": [
                -0.6465609073638916,
                0.540955126285553,
                0.4273684024810791,
                -0.3266233801841736
            ],
            "quaternion_xyzw_world": [
                -0.42979875206947327,
                0.5433855056762695,
                0.32419300079345703,
                0.644130527973175
            ],
            "segmentation_id": 11,
            "visibility": 0
        },
        {
            "bounding_box_minx_maxx_miny_maxy": [
                -1,
                -1,
                -1,
                -1
            ],
            "class": "Dog",
            "local_cuboid": null,
            "local_to_world_matrix": [
                [
                    -0.038301825523376465,
                    0.4331408143043518,
                    0.9005120992660522,
                    0.0
                ],
                [
                    -0.9935820698738098,
                    0.07947593927383423,
                    -0.08048787713050842,
                    0.0
                ],
                [
                    -0.10643169283866882,
                    -0.897815465927124,
                    0.4273168444633484,
                    0.0
                ],
                [
                    0.39021095633506775,
                    -0.2366039901971817,
                    0.3636314570903778,
                    1.0
                ]
            ],
            "location": [
                0.2366039901971817,
                0.3636314570903778,
                -0.39021095633506775
            ],
            "location_world": [
                0.39021095633506775,
                -0.2366039901971817,
                0.3636314570903778
            ],
            "name": "google_Dog_11",
            "projected_cuboid": [
                [
                    741.4389848709106,
                    -494.40819025039673
                ],
                [
                    1043.3857440948486,
                    -968.2961702346802
                ],
                [
                    616.9177293777466,
                    -704.3936252593994
                ],
                [
                    493.526428937912,
                    -353.74391078948975
                ],
                [
                    862.4070286750793,
                    -209.18211340904236
                ],
                [
                    1234.591007232666,
                    -479.8705577850342
                ],
                [
                    807.2422742843628,
                    -258.0981254577637
                ],
                [
                    613.749086856842,
                    -83.52172374725342
                ],
                [
                    767.6184773445129,
                    -400.3934860229492
                ]
            ],
            "provenance": "visii",
            "quaternion_xyzw": [
                0.36773478984832764,
                0.5581713914871216,
                0.6364079713821411,
                0.38496848940849304
            ],
            "quaternion_xyzw_world": [
                0.33723336458206177,
                -0.4154699146747589,
                0.5886728167533875,
                0.6059065461158752
            ],
            "segmentation_id": 12,
            "visibility": 0
        },
        {
            "bounding_box_minx_maxx_miny_maxy": [
                416,
                458,
                1,
                23
            ],
            "class": "Black",
            "local_cuboid": null,
            "local_to_world_matrix": [
                [
                    0.06061410903930664,
                    0.7676752209663391,
                    -0.6379660367965698,
                    0.0
                ],
                [
                    0.7695233225822449,
                    0.37113386392593384,
                    0.5197052359580994,
                    0.0
                ],
                [
                    0.6357356309890747,
                    -0.5224311947822571,
                    -0.5682480335235596,
                    0.0
                ],
                [
                    1.0004290342330933,
                    -0.26572385430336,
                    0.5121617913246155,
                    1.0
                ]
            ],
            "location": [
                0.26572385430336,
                0.5121617913246155,
                -1.0004290342330933
            ],
            "location_world": [
                1.0004290342330933,
                -0.26572385430336,
                0.5121617913246155
            ],
            "name": "google_Black_Elderberry_Syrup_54_oz_Gaia_Herbs_12",
            "projected_cuboid": [
                [
                    436.1880421638489,
                    26.908069849014282
                ],
                [
                    416.76199436187744,
                    19.397661089897156
                ],
                [
                    387.1295750141144,
                    -49.915432929992676
                ],
                [
                    407.0096015930176,
                    -44.91549730300903
                ],
                [
                    461.572140455246,
                    5.591362714767456
                ],
                [
                    441.0493075847626,
                    -1.0721385478973389
                ],
                [
                    413.50990533828735,
                    -72.46887683868408
                ],
                [
                    434.689462184906,
                    -68.50191950798035
                ],
                [
                    425.12112855911255,
                    -21.587759256362915
                ]
            ],
            "provenance": "visii",
            "quaternion_xyzw": [
                -0.2951081097126007,
                0.8548561334609985,
                -0.39122703671455383,
                0.17050978541374207
            ],
            "quaternion_xyzw_world": [
                0.5607424378395081,
                0.6853407621383667,
                -0.0009943904587998986,
                0.46462351083755493
            ],
            "segmentation_id": 13,
            "visibility": 1
        },
        {
            "bounding_box_minx_maxx_miny_maxy": [
                -1,
                -1,
                -1,
                -1
            ],
            "class": "Razer",
