{
    "camera_data": {
        "camera_look_at": {
            "at": [
                1.0,
                0.0,
                0.0
            ],
            "eye": [
                0.0,
                0.0,
                0.0
            ],
            "up": [
                0.0,
                0.0,
                1.0
            ]
        },
        "camera_view_matrix": [
            [
                0.0,
                0.0,
                -1.0,
                0.0
            ],
            [
                -1.0,
                0.0,
                0.0,
                0.0
            ],
            [
                0.0,
                1.0,
                0.0,
                0.0
            ],
            [
                0.0,
                0.0,
                0.0,
                1.0
            ]
        ],
        "height": 500,
        "intrinsics": {
            "cx": 250.0,
            "cy": 250.0,
            "fx": 603.5535278320312,
            "fy": 603.5535278320312
        },
        "location_world": [
            0.0,
            0.0,
            0.0
        ],
        "quaternion_world_xyzw": [
            0.5,
            -0.5,
            -0.5,
            0.5
        ],
        "width": 500
    },
    "objects": [
        {
            "bounding_box_minx_maxx_miny_maxy": [
                -1,
                -1,
                -1,
                -1
            ],
            "class": "Reebok",
            "local_cuboid": null,
            "local_to_world_matrix": [
                [
                    0.30719149112701416,
                    0.1305515468120575,
                    0.9426504373550415,
                    0.0
                ],
                [
                    -0.7238744497299194,
                    0.6750758290290833,
                    0.14240264892578125,
                    0.0
                ],
                [
                    -0.6177695989608765,
                    -0.7261053323745728,
                    0.301880419254303,
                    0.0
                ],
                [
                    0.3926909267902374,
                    -0.24293921887874603,
                    0.17946147918701172,
                    1.0
                ]
            ],
            "location": [
                0.24293921887874603,
                0.17946147918701172,
                -0.3926909267902374
            ],
            "location_world": [
                0.3926909267902374,
                -0.24293921887874603,
                0.17946147918701172
            ],
            "name": "google_Reebok_SOMERSET_RUN_0",
            "projected_cuboid": [
                [
                    818.6454772949219,
                    -85.3034257888794
                ],
                [
                    823.9119052886963,
                    -499.0415573120117
                ],
                [
                    521.3388800621033,
                    -252.8974413871765
                ],
                [
                    641.0151124000549,
                    2.2909045219421387
                ],
                [
                    888.4826302528381,
                    43.06983947753906
                ],
                [
                    969.4651961326599,
                    -305.7042360305786
                ],
                [
                    589.2379879951477,
                    -79.34528589248657
                ],
                [
                    687.6527070999146,
                    117.84595251083374
                ],
                [
                    732.0278882980347,
                    -83.0538272857666
                ]
            ],
            "provenance": "visii",
            "quaternion_xyzw": [
                0.16528479754924774,
                0.4047173857688904,
                0.6336241364479065,
                0.6382830142974854
            ],
            "quaternion_xyzw_world": [
                0.2873304784297943,
                -0.5162373185157776,
                0.2826716899871826,
                0.755669891834259
            ],
            "segmentation_id": 1,
            "visibility": 0
        },
        {
            "bounding_box_minx_maxx_miny_maxy": [
                0,
                46,
                79,
                116
            ],
            "class": "Breyer",
            "local_cuboid": null,
            "local_to_world_matrix": [
                [
                    -0.9736120700836182,
                    -0.20196714997291565,
                    0.10624827444553375,
                    0.0
                ],
                [
                    0.11637421697378159,
                    -0.03890717029571533,
                    0.9924430251121521,
                    0.0
                ],
                [
                    -0.19630707800388336,
                    0.9786191582679749,
                    0.061384379863739014,
                    0.0
                ],
                [
                    1.6852209568023682,
                    0.5794647336006165,
                    0.4153920114040375,
                    1.0
                ]
            ],
            "location": [
                -0.5794647336006165,
                0.4153920114040375,
                -1.6852209568023682
            ],
            "location_world": [
                1.6852209568023682,
                0.5794647336006165,
                0.4153920114040375
            ],
            "name": "google_Breyer_Horse_Of_The_Year_2015_1",
            "projected_cuboid": [
                [
                    -27.189522981643677,
                    87.23029494285583
                ],
                [
                    -25.10833740234375,
                    65.57311117649078
                ],
                [
                    37.58010268211365,
                    72.69647717475891
                ],
                [
                    35.80714762210846,
                    93.96897256374359
                ],
                [
                    -7.7943503856658936,
                    116.40635132789612
                ],
                [
                    -6.051301956176758,
                    97.39169478416443
                ],
                [
                    48.48258197307587,
                    103.09319198131561
                ],
                [
                    46.97294533252716,
                    121.81037664413452
                ],
                [
                    13.613641262054443,
                    95.78371047973633
                ]
            ],
            "provenance": "visii",
            "quaternion_xyzw": [
                0.05748260021209717,
                0.631301999092102,
                -0.02177637256681919,
                -0.7730972170829773
            ],
            "quaternion_xyzw_world": [
                -0.031268130987882614,
                0.6843464970588684,
                0.7200527191162109,
                -0.11052710562944412
            ],
            "segmentation_id": 2,
            "visibility": 1
        },
        {
            "bounding_box_minx_maxx_miny_maxy": [
                152,
                277,
                178,
                303
            ],
            "class": "Smith",
            "local_cuboid": null,
            "local_to_world_matrix": [
                [
                    -0.7698045969009399,
                    0.5435501337051392,
                    -0.3345956802368164,
                    0.0
                ],
                [
                    -0.6291943788528442,
                    -0.7343567609786987,
                    0.2546265423297882,
                    0.0
                ],
                [
                    -0.10731030255556107,
                    0.40653833746910095,
                    0.9073097705841064,
                    0.0
                ],
                [
                    1.827047348022461,
                    0.08043789863586426,
                    -0.08879639208316803,
                    1.0
                ]
            ],
            "location": [
                -0.08043789863586426,
                -0.08879639208316803,
                -1.827047348022461
            ],
            "location_world": [
                1.827047348022461,
                0.08043789863586426,
                -0.08879639208316803
            ],
            "name": "google_Smith_Hawken_Woven_BasketTray_Organizer_with_3_Compartments_95_x_9_x_13_2",
            "projected_cuboid": [
                [
                    117.00223386287689,
                    228.70934009552002
                ],
                [
                    175.59900879859924,
                    201.47986710071564
                ],
                [
                    217.925027012825,
                    293.83584856987
                ],
                [
                    156.41018748283386,
                    312.1720552444458
                ],
                [
                    193.89349222183228,
                    195.56288421154022
                ],
                [
                    250.43568015098572,
                    169.513538479805
                ],
                [
                    285.3863537311554,
                    248.76165390014648
                ],
                [
                    226.87610983848572,
                    268.17673444747925
                ],
                [
                    204.54853773117065,
                    239.13496732711792
                ]
            ],
            "provenance": "visii",
            "quaternion_xyzw": [
                0.1537148654460907,
                0.6501666307449341,
                0.5908117294311523,
                -0.45232364535331726
            ],
            "quaternion_xyzw_world": [
                -0.11962694674730301,
                0.17898182570934296,
                0.9235084056854248,
                0.31746989488601685
            ],
            "segmentation_id": 3,
            "visibility": 1
        },
        {
            "bounding_box_minx_maxx_miny_maxy": [
                398,
                499,
                204,
                351
            ],
            "class": "Paul",
            "local_cuboid": null,
            "local_to_world_matrix": [
                [
                    -0.5416839122772217,
                    -0.3101613521575928,
                    0.7812672853469849,
                    0.0
                ],
                [
                    0.48380357027053833,
                    -0.8750948905944824,
                    -0.011970281600952148,
                    0.0
                ],
                [
                    0.6873955726623535,
                    0.3714957535266876,
                    0.6240818500518799,
                    0.0
                ],
                [
                    0.5001910328865051,
                    -0.3033186197280884,
                    -0.012870296835899353,
                    1.0
                ]
            ],
            "location": [
                0.3033186197280884,
                -0.012870296835899353,
                -0.5001910328865051
            ],
            "location_world": [
                0.5001910328865051,
                -0.3033186197280884,
                -0.012870296835899353
            ],
            "name": "google_Paul_Frank_Dot_Lunch_Box_3",
            "projected_cuboid": [
                [
                    476.5435457229614,
                    -3.2835304737091064
                ],
                [
                    550.0955581665039,
                    19.519224762916565
                ],
                [
                    769.7986364364624,
                    130.89381158351898
                ],
                [
                    695.6008076667786,
                    113.50356042385101
                ],
                [
                    360.68475246429443,
                    224.2875099182129
                ],
                [
                    428.36251854896545,
                    227.09156572818756
                ],
                [
                    563.0806684494019,
                    367.28519201278687
                ],
                [
                    488.5048270225525,
                    377.0884871482849
                ],
                [
                    521.1336016654968,
                    187.65980005264282
                ]
            ],
            "provenance": "visii",
            "quaternion_xyzw": [
                0.7087889909744263,
                0.5842225551605225,
                0.06002777814865112,
                -0.39076703786849976
            ],
            "quaternion_xyzw_world": [
                0.4211083650588989,
                0.10308641195297241,
                0.8719031810760498,
                -0.22765283286571503
            ],
            "segmentation_id": 4,
            "visibility": 1
        },
        {
            "bounding_box_minx_maxx_miny_maxy": [
                129,
                182,
                452,
                500
            ],
            "class": "Toys",
            "local_cuboid": null,
            "local_to_world_matrix": [
                [
                    -0.8899524211883545,
                    -0.1021365225315094,
                    -0.44446995854377747,
                    0.0
                ],
                [
                    -0.029675383120775223,
                    0.9855027198791504,
                    -0.1670442670583725,
                    0.0
                ],
                [
                    0.45508769154548645,
                    -0.13547156751155853,
                    -0.8800814151763916,
                    0.0
                ],
                [
                    1.6945604085922241,
                    0.27885040640830994,
                    -0.590350866317749,
                    1.0
                ]
            ],
            "location": [
                -0.27885040640830994,
                -0.590350866317749,
                -1.6945604085922241
            ],
            "location_world": [
                1.6945604085922241,
                0.27885040640830994,
                -0.590350866317749
            ],
            "name": "google_Toys_R_Us_Treat_Dispenser_Smart_Puzzle_Foobler_4",
            "projected_cuboid": [
                [
                    188.0253106355667,
                    515.5068635940552
                ],
                [
                    133.79544019699097,
                    525.3866910934448
                ],
                [
                    121.0675835609436,
                    487.0228171348572
                ],
                [
                    177.65949666500092,
                    476.8267571926117
                ],
                [
                    187.4782145023346,
                    472.9769229888916
                ],
                [
                    137.3252421617508,
                    482.0076823234558
                ],
                [
                    125.73254108428955,
                    444.92316246032715
                ],
                [
                    177.89912223815918,
                    435.63112616539
                ],
                [
                    156.30902349948883,
                    479.5692563056946
                ]
            ],
            "provenance": "visii",
            "quaternion_xyzw": [
                -0.6565570831298828,
                0.5444967746734619,
                -0.3904549777507782,
                -0.34641188383102417
            ],
            "quaternion_xyzw_world": [
                -0.03400858864188194,
                0.9689603447914124,
                -0.07805165648460388,
                0.23209351301193237
            ],
            "segmentation_id": 5,
            "visibility": 1
        },
        {
            "bounding_box_minx_maxx_miny_maxy": [
                -1,
                -1,
                -1,
                -1
            ],
            "class": "Tag",
            "local_cuboid": null,
            "local_to_world_matrix": [
                [
                    -0.03442966938018799,
                    -0.8828531503677368,
                    -0.4683854877948761,
                    0.0
                ],
                [
                    0.3101111650466919,
                    0.4360928535461426,
                    -0.8447805643081665,
                    0.0
                ],
                [
                    0.950076699256897,
                    -0.17433705925941467,
                    0.25876808166503906,
                    0.0
                ],
                [
                    0.7065559029579163,
                    0.4527004659175873,
                    0.478542685508728,
                    1.0
                ]
            ],
            "location": [
                -0.4527004659175873,
                0.478542685508728,
                -0.7065559029579163
            ],
            "location_world": [
                0.7065559029579163,
                0.4527004659175873,
                0.478542685508728
            ],
            "name": "google_Tag_Dishtowel_Basket_Weave_Red_18_x_26_5",
            "projected_cuboid": [
                [
                    -26.27471089363098,
                    -220.58692574501038
                ],
                [
                    -79.80197668075562,
                    -22.853821516036987
                ],
                [
                    -99.52405095100403,
                    -27.709513902664185
                ],
                [
                    -45.476287603378296,
                    -235.7785403728485
                ],
                [
                    -152.59364247322083,
                    -284.91103649139404
                ],
                [
                    -193.99535655975342,
                    -82.69956707954407
                ],
                [
                    -218.63386034965515,
                    -90.17494320869446
                ],
                [
                    -177.84026265144348,
                    -303.13366651535034
                ],
                [
                    -125.44828653335571,
                    -153.35118770599365
                ]
            ],
            "provenance": "visii",
            "quaternion_xyzw": [
                -0.9588678479194641,
                0.2358192801475525,
                -0.0544305294752121,
                0.1483205407857895
            ],
            "quaternion_xyzw_world": [
                -0.2601487338542938,
                0.550398588180542,
                -0.4628998041152954,
                0.6442885994911194
            ],
            "segmentation_id": 6,
            "visibility": 0
        },
        {
            "bounding_box_minx_maxx_miny_maxy": [
                -1,
                -1,
                -1,
                -1
            ],
            "class": "FRACTION",
            "local_cuboid": null,
            "local_to_world_matrix": [
                [
                    -0.7424342632293701,
                    -0.20916129648685455,
                    -0.6364298462867737,
                    0.0
                ],
                [
                    0.20575441420078278,
                    0.8328987956047058,
                    -0.5137554407119751,
                    0.0
                ],
                [
                    0.6375394463539124,
                    -0.5123778581619263,
                    -0.5753366947174072,
                    0.0
                ],
                [
                    1.7947924137115479,
                    -0.23573456704616547,
                    0.02588191069662571,
                    1.0
                ]
            ],
            "location": [
                0.23573456704616547,
                0.02588191069662571,
                -1.7947924137115479
            ],
            "location_world": [
                1.7947924137115479,
                -0.23573456704616547,
                0.02588191069662571
            ],
            "name": "google_FRACTION_FUN_n4h4qte23QR_6",
            "projected_cuboid": [
                [
                    373.3396530151367,
                    252.23875045776367
                ],
                [
                    317.13593006134033,
                    285.19171476364136
                ],
                [
                    310.46614050865173,
                    277.060866355896
                ],
                [
                    367.4354553222656,
                    243.38506162166595
                ],
                [
                    352.9159724712372,
                    216.06490015983582
                ],
                [
                    300.96185207366943,
                    247.50874936580658
                ],
                [
                    294.51343417167664,
                    239.3808811903
                ],
                [
                    347.1192419528961,
                    207.2882056236267
                ],
                [
                    332.38962292671204,
                    245.55912613868713
                ]
            ],
            "provenance": "visii",
            "quaternion_xyzw": [
                -0.7681888341903687,
                0.47817957401275635,
                -0.4083670675754547,
                -0.12027718126773834
            ],
            "quaternion_xyzw_world": [
                -0.000959679193329066,
                0.8875063061714172,
                -0.28904959559440613,
                0.358862042427063
            ],
            "segmentation_id": 7,
            "visibility": 0
        },
        {
            "bounding_box_minx_maxx_miny_maxy": [
                0,
                89,
                1,
                47
            ],
            "class": "FAIRY",
            "local_cuboid": null,
            "local_to_world_matrix": [
                [
                    -0.2501024007797241,
                    0.7977745532989502,
                    0.5486388206481934,
                    0.0
                ],
                [
                    -0.3345297574996948,
                    -0.6029510498046875,
                    0.7242512106895447,
                    0.0
                ],
                [
                    0.9085915088653564,
                    -0.0023990273475646973,
                    0.4176788330078125,
                    0.0
                ],
                [
                    1.1315418481826782,
                    0.3509100079536438,
                    0.5213863849639893,
                    1.0
                ]
            ],
            "location": [
                -0.3509100079536438,
                0.5213863849639893,
                -1.1315418481826782
            ],
            "location_world": [
                1.1315418481826782,
                0.3509100079536438,
                0.5213863849639893
            ],
            "name": "google_FAIRY_TALE_BLOCKS_7",
            "projected_cuboid": [
                [
                    12.751400470733643,
                    -12.906253337860107
                ],
                [
                    72.66417145729065,
                    -123.46348166465759
                ],
                [
                    38.31860423088074,
                    -141.89273118972778
                ],
                [
                    -29.54345941543579,
                    -10.330259799957275
                ],
                [
                    107.80017077922821,
                    56.84421956539154
                ],
                [
                    171.28372192382812,
                    -43.844789266586304
                ],
                [
                    156.72236680984497,
                    -46.81682586669922
                ],
                [
                    83.64404737949371,
                    71.00547850131989
                ],
                [
                    78.03811132907867,
                    -28.283745050430298
                ]
            ],
            "provenance": "visii",
            "quaternion_xyzw": [
                0.31087207794189453,
                0.9260963201522827,
                0.20305897295475006,
                -0.06686761975288391
            ],
            "quaternion_xyzw_world": [
                0.48352089524269104,
                0.23951642215251923,
                0.7534474730491638,
                0.3757077753543854
            ],
            "segmentation_id": 8,
            "visibility": 1
        },
        {
            "bounding_box_minx_maxx_miny_maxy": [
                -1,
                -1,
                -1,
                -1
            ],
            "class": "Great",
            "local_cuboid": null,
            "local_to_world_matrix": [
                [
                    -0.4599289894104004,
                    -0.5963726043701172,
                    -0.6578793525695801,
                    0.0
                ],
                [
                    -0.2606317400932312,
                    -0.6175904273986816,
                    0.7420601844787598,
                    0.0
                ],
                [
                    -0.8488442897796631,
                    0.5127590894699097,
                    0.12861400842666626,
                    0.0
                ],
                [
                    0.2782742977142334,
                    -0.17945629358291626,
                    -0.21837641298770905,
                    1.0
                ]
            ],
            "location": [
                0.17945629358291626,
                -0.21837641298770905,
                -0.2782742977142334
            ],
            "location_world": [
                0.2782742977142334,
                -0.17945629358291626,
                -0.21837641298770905
            ],
            "name": "google_Great_Jones_Wingtip_kAqSg6EgG0I_8",
            "projected_cuboid": [
                [
                    427.5645613670349,
                    1341.9208526611328
                ],
                [
                    1559.2525005340576,
                    900.9324908256531
                ],
                [
                    1129.1987895965576,
                    646.2304592132568
                ],
                [
                    489.1068935394287,
                    1012.7015113830566
                ],
                [
                    229.49087619781494,
                    938.5738968849182
                ],
                [
                    917.1998500823975,
                    436.1640512943268
                ],
                [
                    806.2124252319336,
                    401.4258086681366
                ],
                [
                    337.3956084251404,
                    771.2581157684326
                ],
                [
                    644.206702709198,
                    803.8197159767151
                ]
            ],
            "provenance": "visii",
            "quaternion_xyzw": [
                -0.036973655223846436,
                0.2724166512489319,
                0.3572154641151428,
                -0.8926473259925842
            ],
            "quaternion_xyzw_world": [
                -0.5072098970413208,
                0.42241108417510986,
                0.7426528930664062,
                -0.11302079260349274
            ],
            "segmentation_id": 9,
            "visibility": 0
        },
        {
            "bounding_box_minx_maxx_miny_maxy": [
                2,
                152,
                1,
                46
            ],
            "class": "Ecoforms",
            "local_cuboid": null,
            "local_to_world_matrix": [
                [
                    0.5088228583335876,
                    0.8431086540222168,
                    0.17397469282150269,
                    0.0
                ],
                [
                    -0.6746209859848022,
                    0.516051173210144,
                    -0.5278046131134033,
                    0.0
                ],
                [
                    -0.5347764492034912,
                    0.1511920690536499,
                    0.8313573598861694,
                    0.0
                ],
                [
                    0.8901020288467407,
                    0.229302778840065,
                    0.3171408474445343,
                    1.0
                ]
            ],
            "location": [
                -0.229302778840065,
                0.3171408474445343,
                -0.8901020288467407
            ],
            "location_world": [
                0.8901020288467407,
                0.229302778840065,
                0.3171408474445343
            ],
            "name": "google_Ecoforms_Plant_Container_Quadra_Sand_QP6_9",
            "projected_cuboid": [
                [
                    60.90398132801056,
                    -96.54596447944641
                ],
                [
                    -45.53523659706116,
                    -75.99395513534546
                ],
                [
                    2.5145411491394043,
                    54.31848764419556
                ],
                [
                    93.23924779891968,
                    18.942996859550476
                ],
                [
                    157.20659494400024,
                    -113.19231986999512
                ],
                [
                    53.739503026008606,
                    -92.8506851196289
                ],
                [
                    96.26783430576324,
                    55.6492954492569
                ],
                [
                    183.41761827468872,
                    16.302481293678284
                ],
                [
                    77.17345654964447,
                    -26.527076959609985
                ]
            ],
            "provenance": "visii",
            "quaternion_xyzw": [
                -0.19359725713729858,
                0.4417373538017273,
                0.8523041605949402,
                0.20240013301372528
            ],
            "quaternion_xyzw_world": [
                -0.2008819729089737,
                -0.20968486368656158,
                0.4490220844745636,
                0.8450194597244263
            ],
            "segmentation_id": 10,
            "visibility": 1
        },
        {
            "bounding_box_minx_maxx_miny_maxy": [
                -1,
                -1,
                -1,
                -1
            ],
            "class": "ReadytoUse",
            "local_cuboid": null,
            "local_to_world_matrix": [
                [
                    -0.028322577476501465,
                    -0.24699799716472626,
                    -0.9686020612716675,
                    0.0
                ],
                [
                    -0.7407683730125427,
                    0.6557981967926025,
                    -0.1455710232257843,
                    0.0
                ],
                [
                    0.6711632013320923,
                    0.7133867740631104,
                    -0.20154225826263428,
                    0.0
                ],
                [
                    0.19868387281894684,
                    -0.03451596200466156,
                    -0.3789623975753784,
                    1.0
                ]
            ],
            "location": [
                0.03451596200466156,
                -0.3789623975753784,
                -0.19868387281894684
            ],
            "location_world": [
                0.19868387281894684,
                -0.03451596200466156,
                -0.3789623975753784
            ],
            "name": "google_ReadytoUse_Rolled_Fondant_Pure_White_24_oz_box_10",
            "projected_cuboid": [
                [
                    149.4283676147461,
                    1110.3529930114746
                ],
                [
                    70.30227780342102,
                    1232.3596477508545
                ],
                [
                    362.70666122436523,
                    1739.5871877670288
                ],
                [
                    434.0085983276367,
                    1467.616081237793
                ],
                [
                    95.8060771226883,
                    887.0416879653931
                ],
                [
                    10.998070240020752,
                    980.1186323165894
                ],
                [
                    261.03442907333374,
                    1321.068286895752
                ],
                [
                    348.13573956489563,
                    1123.046875
                ],
                [
                    189.25991654396057,
                    1185.5559349060059
                ]
            ],
            "provenance": "visii",
            "quaternion_xyzw": [
                -0.7182848453521729,
                0.5653746724128723,
                0.23843754827976227,
                -0.3279724717140198
            ],
            "quaternion_xyzw_world": [
                -0.3596600592136383,
                0.6865972280502319,
                0.20674994587898254,
                0.5970622897148132
            ],
            "segmentation_id": 11,
            "visibility": 0
        },
        {
            "bounding_box_minx_maxx_miny_maxy": [
                -1,
                -1,
                -1,
                -1
            ],
            "class": "Dog",
            "local_cuboid": null,
            "local_to_world_matrix": [
                [
                    0.24583977460861206,
                    0.40950530767440796,
                    0.8785603642463684,
                    0.0
                ],
                [
                    -0.7924190163612366,
                    -0.437091588973999,
                    0.4254681468009949,
                    0.0
                ],
                [
                    0.5582427382469177,
                    -0.8007848858833313,
                    0.21704524755477905,
                    0.0
                ],
                [
                    0.3651164472103119,
                    -0.18976496160030365,
                    0.36409053206443787,
                    1.0
                ]
            ],
            "location": [
                0.18976496160030365,
                0.36409053206443787,
                -0.3651164472103119
            ],
            "location_world": [
                0.3651164472103119,
                -0.18976496160030365,
                0.36409053206443787
            ],
            "name": "google_Dog_11",
            "projected_cuboid": [
                [
                    521.5809345245361,
                    -242.22877621650696
                ],
                [
                    728.3121943473816,
                    -521.391749382019
                ],
                [
                    593.6448574066162,
                    -707.9349160194397
                ],
                [
                    380.21254539489746,
                    -303.50732803344727
                ],
                [
                    661.1635684967041,
                    -60.26101112365723
                ],
                [
                    954.408586025238,
                    -310.2509379386902
                ],
                [
                    886.1607313156128,
                    -447.94851541519165
                ],
                [
                    537.9771590232849,
                    -80.74581623077393
                ],
                [
                    635.4930400848389,
                    -306.5054416656494
                ]
            ],
            "provenance": "visii",
            "quaternion_xyzw": [
                0.42522621154785156,
                0.7735011577606201,
                0.3262646496295929,
                0.33827510476112366
            ],
            "quaternion_xyzw_world": [
                0.6053689122200012,
                -0.1581323891878128,
                0.5933584570884705,
                0.5064073204994202
            ],
            "segmentation_id": 12,
            "visibility": 0
        },
        {
            "bounding_box_minx_maxx_miny_maxy": [
                -1,
                -1,
                -1,
                -1
            ],
            "class": "Black",
            "local_cuboid": null,
            "local_to_world_matrix": [
                [
                    0.1863897442817688,
                    0.13357776403427124,
                    -0.9733529090881348,
                    0.0
                ],
                [
                    0.8282859921455383,
                    -0.5541902780532837,
                    0.08255645632743835,
                    0.0
                ],
                [
                    -0.5283949375152588,
                    -0.8216022253036499,
                    -0.21393609046936035,
                    0.0
                ],
                [
                    0.8210707902908325,
                    -0.291248083114624,
                    0.6322965621948242,
                    1.0
                ]
            ],
            "location": [
                0.291248083114624,
                0.6322965621948242,
                -0.8210707902908325
            ],
            "location_world": [
                0.8210707902908325,
                -0.291248083114624,
                0.6322965621948242
            ],
            "name": "google_Black_Elderberry_Syrup_54_oz_Gaia_Herbs_12",
            "projected_cuboid": [
                [
                    574.8176574707031,
                    -225.2230942249298
                ],
                [
                    579.8125267028809,
                    -198.98304343223572
                ],
                [
                    465.52276611328125,
                    -180.5441379547119
                ],
                [
                    454.03003692626953,
                    -203.14985513687134
                ],
                [
                    586.1039161682129,
                    -279.27398681640625
                ],
                [
                    590.4449820518494,
                    -249.20329451560974
                ],
                [
                    473.73640537261963,
                    -225.94782710075378
                ],
                [
                    462.5971019268036,
                    -251.66618824005127
                ],
                [
                    520.5652713775635,
                    -225.61204433441162
                ]
            ],
            "provenance": "visii",
            "quaternion_xyzw": [
                -0.2527206540107727,
                0.4146502614021301,
                -0.6283741593360901,
                0.6077362895011902
            ],
            "quaternion_xyzw_world": [
                0.6990200281143188,
                0.344004362821579,
                -0.5370904207229614,
                0.32336652278900146
            ],
            "segmentation_id": 13,
            "visibility": 0
        },
        {
            "bounding_box_minx_maxx_miny_maxy": [
                -1,
                -1,
                -1,
                -1
            ],
            "class": "Razer",
