{
    "camera_data": {
        "camera_look_at": {
            "at": [
                1.0,
                0.0,
                0.0
            ],
            "eye": [
                0.0,
                0.0,
                0.0
            ],
            "up": [
                0.0,
                0.0,
                1.0
            ]
        },
        "camera_view_matrix": [
            [
                0.0,
                0.0,
                -1.0,
                0.0
            ],
            [
                -1.0,
                0.0,
                0.0,
                0.0
            ],
            [
                0.0,
                1.0,
                0.0,
                0.0
            ],
            [
                0.0,
                0.0,
                0.0,
                1.0
            ]
        ],
        "height": 500,
        "intrinsics": {
            "cx": 250.0,
            "cy": 250.0,
            "fx": 603.5535278320312,
            "fy": 603.5535278320312
        },
        "location_world": [
            0.0,
            0.0,
            0.0
        ],
        "quaternion_world_xyzw": [
            0.5,
            -0.5,
            -0.5,
            0.5
        ],
        "width": 500
    },
    "objects": [
        {
            "bounding_box_minx_maxx_miny_maxy": [
                -1,
                -1,
                -1,
                -1
            ],
            "class": "Reebok",
            "local_cuboid": null,
            "local_to_world_matrix": [
                [
                    0.6636742353439331,
                    0.6155825853347778,
                    0.4249642491340637,
                    0.0
                ],
                [
                    0.08805832266807556,
                    -0.6284631490707397,
                    0.772838830947876,
                    0.0
                ],
                [
                    0.7428204417228699,
                    -0.47549161314964294,
                    -0.4713020324707031,
                    0.0
                ],
                [
                    0.5311618447303772,
                    -0.26769641041755676,
                    0.3826110363006592,
                    1.0
                ]
            ],
            "location": [
                0.26769641041755676,
                0.3826110363006592,
                -0.5311618447303772
            ],
            "location_world": [
                0.5311618447303772,
                -0.26769641041755676,
                0.3826110363006592
            ],
            "name": "google_Reebok_SOMERSET_RUN_0",
            "projected_cuboid": [
                [
                    434.4083070755005,
                    25.469258427619934
                ],
                [
                    593.5478210449219,
                    -170.31553387641907
                ],
                [
                    587.1999263763428,
                    -289.45815563201904
                ],
                [
                    403.06711196899414,
                    -68.81240010261536
                ],
                [
                    532.7265858650208,
                    46.86242341995239
                ],
                [
                    707.7013254165649,
                    -174.59267377853394
                ],
                [
                    719.8504209518433,
                    -312.08229064941406
                ],
                [
                    514.1390562057495,
                    -58.27125906944275
                ],
                [
                    560.3055953979492,
                    -123.4113872051239
                ]
            ],
            "provenance": "visii",
            "quaternion_xyzw": [
                0.2976571321487427,
                0.8847658038139343,
                -0.1580531895160675,
                0.32188349962234497
            ],
            "quaternion_xyzw_world": [
                0.8311797976493835,
                0.2116391956806183,
                0.35124310851097107,
                0.375469446182251
            ],
            "segmentation_id": 1,
            "visibility": 0
        },
        {
            "bounding_box_minx_maxx_miny_maxy": [
                37,
                100,
                175,
                207
            ],
            "class": "Breyer",
            "local_cuboid": null,
            "local_to_world_matrix": [
                [
                    -0.939605712890625,
                    -0.07011957466602325,
                    -0.33500006794929504,
                    0.0
                ],
                [
                    0.33503401279449463,
                    0.011626958847045898,
                    -0.9421344995498657,
                    0.0
                ],
                [
                    0.06995716691017151,
                    -0.9974709749221802,
                    0.012567400932312012,
                    0.0
                ],
                [
                    1.705075740814209,
                    0.5881616473197937,
                    0.1686611920595169,
                    1.0
                ]
            ],
            "location": [
                -0.5881616473197937,
                0.1686611920595169,
                -1.705075740814209
            ],
            "location_world": [
                1.705075740814209,
                0.5881616473197937,
                0.1686611920595169
            ],
            "name": "google_Breyer_Horse_Of_The_Year_2015_1",
            "projected_cuboid": [
                [
                    88.77377212047577,
                    192.39117205142975
                ],
                [
                    90.45010805130005,
                    213.36115896701813
                ],
                [
                    31.99140727519989,
                    213.83991837501526
                ],
                [
                    29.59194779396057,
                    192.73421168327332
                ],
                [
                    102.67369449138641,
                    173.53913187980652
                ],
                [
                    104.00515794754028,
                    192.225381731987
                ],
                [
                    52.58685350418091,
                    192.52295792102814
                ],
                [
                    50.69679021835327,
                    173.72891306877136
                ],
                [
                    69.48646903038025,
                    192.46140122413635
                ]
            ],
            "provenance": "visii",
            "quaternion_xyzw": [
                0.7214934825897217,
                -0.12010753154754639,
                0.6712037920951843,
                -0.1204451322555542
            ],
            "quaternion_xyzw_world": [
                -0.09513147175312042,
                -0.6961798071861267,
                0.6965174078941345,
                -0.14542120695114136
            ],
            "segmentation_id": 2,
            "visibility": 1
        },
        {
            "bounding_box_minx_maxx_miny_maxy": [
                -1,
                -1,
                -1,
                -1
            ],
            "class": "Smith",
            "local_cuboid": null,
            "local_to_world_matrix": [
                [
                    0.2582961320877075,
                    -0.6166833639144897,
                    -0.7436293959617615,
                    0.0
                ],
                [
                    0.7187497615814209,
                    0.6370059847831726,
                    -0.27860745787620544,
                    0.0
                ],
                [
                    0.6455089449882507,
                    -0.4625202715396881,
                    0.6077772378921509,
                    0.0
                ],
                [
                    1.6023880243301392,
                    0.09773114323616028,
                    -0.1071389690041542,
                    1.0
                ]
            ],
            "location": [
                -0.09773114323616028,
                -0.1071389690041542,
                -1.6023880243301392
            ],
            "location_world": [
                1.6023880243301392,
                0.09773114323616028,
                -0.1071389690041542
            ],
            "name": "google_Smith_Hawken_Woven_BasketTray_Organizer_with_3_Compartments_95_x_9_x_13_2",
            "projected_cuboid": [
                [
                    327.21439003944397,
                    264.46592807769775
                ],
                [
                    268.0191397666931,
                    285.69141030311584
                ],
                [
                    226.70301795005798,
                    345.9016978740692
                ],
                [
                    287.58519887924194,
                    329.47346568107605
                ],
                [
                    249.51030313968658,
                    166.28527641296387
                ],
                [
                    195.18405199050903,
                    198.57771694660187
                ],
                [
                    143.85853707790375,
                    253.01864743232727
                ],
                [
                    198.1343775987625,
                    223.7856537103653
                ],
                [
                    237.75272071361542,
                    258.8806748390198
                ]
            ],
            "provenance": "visii",
            "quaternion_xyzw": [
                -0.7969943284988403,
                0.4330756664276123,
                -0.06406072527170181,
                0.4161030650138855
            ],
            "quaternion_xyzw_world": [
                0.058122556656599045,
                0.43901383876800537,
                -0.4220412075519562,
                0.7910561561584473
            ],
            "segmentation_id": 3,
            "visibility": 0
        },
        {
            "bounding_box_minx_maxx_miny_maxy": [
                397,
                499,
                390,
                500
            ],
            "class": "Paul",
            "local_cuboid": null,
            "local_to_world_matrix": [
                [
                    0.21364623308181763,
                    0.4716951847076416,
                    -0.8554877042770386,
                    0.0
                ],
                [
                    -0.847247838973999,
                    -0.34649133682250977,
                    -0.4026354253292084,
                    0.0
                ],
                [
                    -0.4863400459289551,
                    0.8108315467834473,
                    0.32561594247817993,
                    0.0
                ],
                [
                    0.3742949366569519,
                    -0.30017828941345215,
                    -0.10368108749389648,
                    1.0
                ]
            ],
            "location": [
                0.30017828941345215,
                -0.10368108749389648,
                -0.3742949366569519
            ],
            "location_world": [
                0.3742949366569519,
                -0.30017828941345215,
                -0.10368108749389648
            ],
            "name": "google_Paul_Frank_Dot_Lunch_Box_3",
            "projected_cuboid": [
                [
                    305.8442175388336,
                    465.04050493240356
                ],
                [
                    419.27897930145264,
                    653.1276702880859
                ],
                [
                    683.9728355407715,
                    653.4330248832703
                ],
                [
                    545.1016426086426,
                    512.6330852508545
                ],
                [
                    585.7701897621155,
                    21.130964159965515
                ],
                [
                    869.5821166038513,
                    49.364253878593445
                ],
                [
                    1014.765739440918,
                    276.42297744750977
                ],
                [
                    778.7923812866211,
                    203.35206389427185
                ],
                [
                    640.8696174621582,
                    375.9027123451233
                ]
            ],
            "provenance": "visii",
            "quaternion_xyzw": [
                -0.33339181542396545,
                0.3816804587841034,
                0.768223762512207,
                -0.3911552131175995
            ],
            "quaternion_xyzw_world": [
                -0.5555451512336731,
                0.16900186240673065,
                0.603833794593811,
                0.546070396900177
            ],
            "segmentation_id": 4,
            "visibility": 1
        },
        {
            "bounding_box_minx_maxx_miny_maxy": [
                0,
                22,
                474,
                500
            ],
            "class": "Toys",
            "local_cuboid": null,
            "local_to_world_matrix": [
                [
                    -0.33530211448669434,
                    -0.6334095597267151,
                    0.6973987221717834,
                    0.0
                ],
                [
                    -0.019461631774902344,
                    0.7447502613067627,
                    0.6670594811439514,
                    0.0
                ],
                [
                    -0.9419097304344177,
                    0.21009387075901031,
                    -0.26204347610473633,
                    0.0
                ],
                [
                    0.9538881182670593,
                    0.376475989818573,
                    -0.3865959942340851,
                    1.0
                ]
            ],
            "location": [
                -0.376475989818573,
                -0.3865959942340851,
                -0.9538881182670593
            ],
            "location_world": [
                0.9538881182670593,
                0.376475989818573,
                -0.3865959942340851
            ],
            "name": "google_Toys_R_Us_Treat_Dispenser_Smart_Puzzle_Foobler_4",
            "projected_cuboid": [
                [
                    17.470061779022217,
                    576.1615633964539
                ],
                [
                    -71.88999652862549,
                    498.17031621932983
                ],
                [
                    -0.669330358505249,
                    433.25740098953247
                ],
                [
                    74.5651125907898,
                    499.3295669555664
                ],
                [
                    -38.79740834236145,
                    633.7651014328003
                ],
                [
                    -122.79999256134033,
                    560.833215713501
                ],
                [
                    -47.83439636230469,
                    490.1045560836792
                ],
                [
                    23.566871881484985,
                    552.5103807449341
                ],
                [
                    -18.763959407806396,
                    528.4131169319153
                ]
            ],
            "provenance": "visii",
            "quaternion_xyzw": [
                0.07816717028617859,
                -0.1514432728290558,
                0.4004499912261963,
                0.9003303050994873
            ],
            "quaternion_xyzw_world": [
                0.2133021205663681,
                -0.765195369720459,
                -0.2865782380104065,
                0.5355849266052246
            ],
            "segmentation_id": 5,
            "visibility": 1
        },
        {
            "bounding_box_minx_maxx_miny_maxy": [
                -1,
                -1,
                -1,
                -1
            ],
            "class": "Tag",
            "local_cuboid": null,
            "local_to_world_matrix": [
                [
                    -0.25513970851898193,
                    0.23215490579605103,
                    0.9386201500892639,
                    0.0
                ],
                [
                    -0.6323876976966858,
                    0.6942716836929321,
                    -0.34361696243286133,
                    0.0
                ],
                [
                    -0.7314297556877136,
                    -0.6812422275543213,
                    -0.030324339866638184,
                    0.0
                ],
                [
                    0.5492754578590393,
                    0.4104616940021515,
                    0.23283378779888153,
                    1.0
                ]
            ],
            "location": [
                -0.4104616940021515,
                0.23283378779888153,
                -0.5492754578590393
            ],
            "location_world": [
                0.5492754578590393,
                0.4104616940021515,
                0.23283378779888153
            ],
            "name": "google_Tag_Dishtowel_Basket_Weave_Red_18_x_26_5",
            "projected_cuboid": [
                [
                    -91.19334816932678,
                    -118.61595511436462
                ],
                [
                    -436.40369176864624,
                    -132.60120153427124
                ],
                [
                    -429.4254779815674,
                    -112.52114176750183
                ],
                [
                    -100.56030750274658,
                    -104.04941439628601
                ],
                [
                    -28.650790452957153,
                    63.2428377866745
                ],
                [
                    -322.5160837173462,
                    107.32336342334747
                ],
                [
                    -321.9844102859497,
                    113.35250735282898
                ],
                [
                    -39.858460426330566,
                    69.63691115379333
                ],
                [
                    -198.1644332408905,
                    -11.099129915237427
                ]
            ],
            "provenance": "visii",
            "quaternion_xyzw": [
                0.3082337975502014,
                0.19818437099456787,
                0.7594738006591797,
                0.5375076532363892
            ],
            "quaternion_xyzw_world": [
                0.14222602546215057,
                -0.7035154104232788,
                0.3641921579837799,
                0.5934659838676453
            ],
            "segmentation_id": 6,
            "visibility": 0
        },
        {
            "bounding_box_minx_maxx_miny_maxy": [
                -1,
                -1,
                -1,
                -1
            ],
            "class": "FRACTION",
            "local_cuboid": null,
            "local_to_world_matrix": [
                [
                    0.44398391246795654,
                    -0.7185073494911194,
                    0.5353741645812988,
                    0.0
                ],
                [
                    -0.7536846995353699,
                    -0.6226003170013428,
                    -0.21054255962371826,
                    0.0
                ],
                [
                    0.4846005439758301,
                    -0.31002581119537354,
                    -0.8179525136947632,
                    0.0
                ],
                [
                    0.4591803252696991,
                    0.33104345202445984,
                    -0.18073438107967377,
                    1.0
                ]
            ],
            "location": [
                -0.33104345202445984,
                -0.18073438107967377,
                -0.4591803252696991
            ],
            "location_world": [
                0.4591803252696991,
                0.33104345202445984,
                -0.18073438107967377
            ],
            "name": "google_FRACTION_FUN_n4h4qte23QR_6",
            "projected_cuboid": [
                [
                    -70.34975290298462,
                    403.06466817855835
                ],
                [
                    -13.631314039230347,
                    505.429208278656
                ],
                [
                    -45.940279960632324,
                    467.4742519855499
                ],
                [
                    -96.68248891830444,
                    370.79840898513794
                ],
                [
                    -267.1125531196594,
                    536.6862416267395
                ],
                [
                    -274.24901723861694,
                    712.0156288146973
                ],
                [
                    -329.60695028305054,
                    678.1630516052246
                ],
                [
                    -306.1068058013916,
                    505.0826668739319
                ],
                [
                    -166.64886474609375,
                    505.24789094924927
                ]
            ],
            "provenance": "visii",
            "quaternion_xyzw": [
                0.7767964005470276,
                0.3726763129234314,
                -0.043112337589263916,
                0.5058073401451111
            ],
            "quaternion_xyzw_world": [
                0.849196195602417,
                -0.4334075152873993,
                0.300276517868042,
                0.029287470504641533
            ],
            "segmentation_id": 7,
            "visibility": 0
        },
        {
            "bounding_box_minx_maxx_miny_maxy": [
                -1,
                -1,
                -1,
                -1
            ],
            "class": "FAIRY",
            "local_cuboid": null,
            "local_to_world_matrix": [
                [
                    0.6379536986351013,
                    -0.459593266248703,
                    0.6178908348083496,
                    0.0
                ],
                [
                    0.7673916816711426,
                    0.44633495807647705,
                    -0.4603205919265747,
                    0.0
                ],
                [
                    -0.06422603130340576,
                    0.7678275108337402,
                    0.6374291181564331,
                    0.0
                ],
                [
                    0.7560473680496216,
                    0.2240477353334427,
                    0.4264845848083496,
                    1.0
                ]
            ],
            "location": [
                -0.2240477353334427,
                0.4264845848083496,
                -0.7560473680496216
            ],
            "location_world": [
                0.7560473680496216,
                0.2240477353334427,
                0.4264845848083496
            ],
            "name": "google_FAIRY_TALE_BLOCKS_7",
            "projected_cuboid": [
                [
                    15.99903404712677,
                    -342.7935838699341
                ],
                [
                    -9.79509949684143,
                    -132.36239552497864
                ],
                [
                    104.49539124965668,
                    -34.93306040763855
                ],
                [
                    161.46306693553925,
                    -214.25139904022217
                ],
                [
                    -172.22163081169128,
                    -345.10713815689087
                ],
                [
                    -153.29405665397644,
                    -90.58770537376404
                ],
                [
                    -13.187557458877563,
                    25.831177830696106
                ],
                [
                    17.84488558769226,
                    -181.23260140419006
                ],
                [
                    0.8243769407272339,
                    -151.13863348960876
                ]
            ],
            "provenance": "visii",
            "quaternion_xyzw": [
                -0.6811181902885437,
                -0.06296846270561218,
                0.5159828662872314,
                0.5156303644180298
            ],
            "quaternion_xyzw_world": [
                -0.3722195625305176,
                -0.20673178136348724,
                -0.3718670606613159,
                0.8248814940452576
            ],
            "segmentation_id": 8,
            "visibility": 0
        },
        {
            "bounding_box_minx_maxx_miny_maxy": [
                -1,
                -1,
                -1,
                -1
            ],
            "class": "Great",
            "local_cuboid": null,
            "local_to_world_matrix": [
                [
                    -0.37319016456604004,
                    -0.4640571177005768,
                    0.8033555150032043,
                    0.0
                ],
                [
                    0.4124872386455536,
                    0.6926268339157104,
                    0.5917113423347473,
                    0.0
                ],
                [
                    -0.8310135006904602,
                    0.5521947741508484,
                    -0.06706392765045166,
                    0.0
                ],
                [
                    0.21467085182666779,
                    -0.3044251501560211,
                    -0.20485255122184753,
                    1.0
                ]
            ],
            "location": [
                0.3044251501560211,
                -0.20485255122184753,
                -0.21467085182666779
            ],
            "location_world": [
                0.21467085182666779,
                -0.3044251501560211,
                -0.20485255122184753
            ],
            "name": "google_Great_Jones_Wingtip_kAqSg6EgG0I_8",
            "projected_cuboid": [
                [
                    6717.179298400879,
                    4730.5097579956055
                ],
                [
                    837.568998336792,
                    528.4343957901001
                ],
                [
                    769.3087458610535,
                    408.70967507362366
                ],
                [
                    2291.8806076049805,
                    1426.4020919799805
                ],
                [
                    2803.44557762146,
                    3005.4991245269775
                ],
                [
                    566.9448971748352,
                    734.892725944519
                ],
                [
                    593.4630036354065,
                    566.6531324386597
                ],
                [
                    1614.2770051956177,
                    1456.212878227234
                ],
                [
                    1234.424352645874,
                    1002.4785995483398
                ]
            ],
            "provenance": "visii",
            "quaternion_xyzw": [
                -0.10165169835090637,
                -0.27232372760772705,
                0.44023996591567993,
                0.849526584148407
            ],
            "quaternion_xyzw_world": [
                0.01765560731291771,
                -0.730219304561615,
                -0.39163103699684143,
                0.5595473051071167
            ],
            "segmentation_id": 9,
            "visibility": 0
        },
        {
            "bounding_box_minx_maxx_miny_maxy": [
                50,
                192,
                101,
                126
            ],
            "class": "Ecoforms",
            "local_cuboid": null,
            "local_to_world_matrix": [
                [
                    0.6650612354278564,
                    -0.04408787190914154,
                    -0.7454862594604492,
                    0.0
                ],
                [
                    -0.06377144902944565,
                    -0.997962236404419,
                    0.0021276231855154037,
                    0.0
                ],
                [
                    -0.7440609931945801,
                    0.04612573981285095,
                    -0.6665174961090088,
                    0.0
                ],
                [
                    0.8064031600952148,
                    0.15953785181045532,
                    0.33630526065826416,
                    1.0
                ]
            ],
            "location": [
                -0.15953785181045532,
                0.33630526065826416,
                -0.8064031600952148
            ],
            "location_world": [
                0.8064031600952148,
                0.15953785181045532,
                0.33630526065826416
            ],
            "name": "google_Ecoforms_Plant_Container_Quadra_Sand_QP6_9",
            "projected_cuboid": [
                [
                    42.482778429985046,
                    127.00164318084717
                ],
                [
                    194.20771300792694,
                    124.65071678161621
                ],
                [
                    207.74129033088684,
                    64.34938311576843
                ],
                [
                    77.55415141582489,
                    67.19860434532166
                ],
                [
                    -7.757365703582764,
                    -35.27894616127014
                ],
                [
                    174.37735199928284,
                    -41.33370518684387
                ],
                [
                    193.6095952987671,
                    -83.75266194343567
                ],
                [
                    41.65031015872955,
                    -78.02483439445496
                ],
                [
                    117.36899614334106,
                    22.568896412849426
                ]
            ],
            "provenance": "visii",
            "quaternion_xyzw": [
                0.2729007601737976,
                0.23128919303417206,
                -0.6515069603919983,
                0.6690060496330261
            ],
            "quaternion_xyzw_world": [
                0.9123514890670776,
                -0.0295553095638752,
                -0.40816155076026917,
                -0.012056240811944008
            ],
            "segmentation_id": 10,
            "visibility": 1
        },
        {
            "bounding_box_minx_maxx_miny_maxy": [
                -1,
                -1,
                -1,
                -1
            ],
            "class": "ReadytoUse",
            "local_cuboid": null,
            "local_to_world_matrix": [
                [
                    0.8160969018936157,
                    0.4228479266166687,
                    0.3939358592033386,
                    0.0
                ],
                [
                    -0.4571492075920105,
                    0.0553247332572937,
                    0.8876676559448242,
                    0.0
                ],
                [
                    0.35355401039123535,
                    -0.9045102596282959,
                    0.2384549379348755,
                    0.0
                ],
                [
                    0.2167457938194275,
                    -0.1147124245762825,
                    -0.4227754473686218,
                    1.0
                ]
            ],
            "location": [
                0.1147124245762825,
                -0.4227754473686218,
                -0.2167457938194275
            ],
            "location_world": [
                0.2167457938194275,
                -0.1147124245762825,
                -0.4227754473686218
            ],
            "name": "google_ReadytoUse_Rolled_Fondant_Pure_White_24_oz_box_10",
            "projected_cuboid": [
                [
                    685.0992441177368,
                    931.2899708747864
                ],
                [
                    710.9420895576477,
                    896.2680101394653
                ],
                [
                    457.6464891433716,
                    1142.5912380218506
                ],
                [
                    446.7514157295227,
                    1165.2023792266846
                ],
                [
                    997.4085688591003,
                    1337.4850749969482
                ],
                [
                    1067.742109298706,
                    1328.6758661270142
                ],
                [
                    789.5463705062866,
                    1897.722601890564
                ],
                [
                    730.7393550872803,
                    1837.7468585968018
                ],
                [
                    718.0992364883423,
                    1236.6337776184082
                ]
            ],
            "provenance": "visii",
            "quaternion_xyzw": [
                0.10372857004404068,
                0.8160989284515381,
                0.21308818459510803,
                0.5270829200744629
            ],
            "quaternion_xyzw_world": [
                0.6169111132621765,
                -0.01390041783452034,
                0.30291634798049927,
                0.7262707352638245
            ],
            "segmentation_id": 11,
            "visibility": 0
        },
        {
            "bounding_box_minx_maxx_miny_maxy": [
                -1,
                -1,
                -1,
                -1
            ],
            "class": "Dog",
            "local_cuboid": null,
            "local_to_world_matrix": [
                [
                    0.08326900005340576,
                    0.6219464540481567,
                    0.7786198854446411,
                    0.0
                ],
                [
                    -0.023532599210739136,
                    -0.7798881530761719,
                    0.6254763007164001,
                    0.0
                ],
                [
                    0.9962491989135742,
                    -0.07040572166442871,
                    -0.050304532051086426,
                    0.0
                ],
                [
                    0.17176207900047302,
                    -0.286933034658432,
                    0.37869226932525635,
                    1.0
                ]
            ],
            "location": [
                0.286933034658432,
                0.37869226932525635,
                -0.17176207900047302
            ],
            "location_world": [
                0.17176207900047302,
                -0.286933034658432,
                0.37869226932525635
            ],
            "name": "google_Dog_11",
            "projected_cuboid": [
                [
                    494.94901299476624,
                    -386.1696720123291
                ],
                [
                    729.589581489563,
                    -579.4488787651062
                ],
                [
                    1212.9266262054443,
                    -1530.6943655014038
                ],
                [
                    713.3955955505371,
                    -1106.0396432876587
                ],
                [
                    747.8637099266052,
                    -119.71336603164673
                ],
                [
                    998.2312321662903,
                    -320.148766040802
                ],
                [
                    1872.892141342163,
                    -1064.7056102752686
                ],
                [
                    1297.1351146697998,
                    -602.5946140289307
                ],
                [
                    901.7072916030884,
                    -586.4681601524353
                ]
            ],
            "provenance": "visii",
            "quaternion_xyzw": [
                0.4326738119125366,
                0.9005098938941956,
                -0.007432430982589722,
                0.042663246393203735
            ],
            "quaternion_xyzw_world": [
                0.6916396617889404,
                0.21630261838436127,
                0.641543984413147,
                0.2515334486961365
            ],
            "segmentation_id": 12,
            "visibility": 0
        },
        {
            "bounding_box_minx_maxx_miny_maxy": [
                324,
                347,
                119,
                138
            ],
            "class": "Black",
            "local_cuboid": null,
            "local_to_world_matrix": [
                [
                    0.8505444526672363,
                    0.04695397615432739,
                    0.5238029360771179,
                    0.0
                ],
                [
                    -0.20610791444778442,
                    0.9460897445678711,
                    0.24986739456653595,
                    0.0
                ],
                [
                    -0.48383229970932007,
                    -0.3204832375049591,
                    0.8143689632415771,
                    0.0
                ],
                [
                    1.4703788757324219,
                    -0.2088044136762619,
                    0.2903178334236145,
                    1.0
                ]
            ],
            "location": [
                0.2088044136762619,
                0.2903178334236145,
                -1.4703788757324219
            ],
            "location_world": [
                1.4703788757324219,
                -0.2088044136762619,
                0.2903178334236145
            ],
            "name": "google_Black_Elderberry_Syrup_54_oz_Gaia_Herbs_12",
            "projected_cuboid": [
                [
                    368.94914507865906,
                    74.45356249809265
                ],
                [
                    346.1816906929016,
                    66.663458943367
                ],
                [
                    322.78960943222046,
                    123.22399020195007
                ],
                [
                    344.6817994117737,
                    130.1906406879425
                ],
                [
                    374.30340051651,
                    81.35077357292175
                ],
                [
                    350.7758378982544,
                    73.34566116333008
                ],
                [
                    326.37038826942444,
                    131.4891278743744
                ],
                [
                    348.9651083946228,
                    138.6195719242096
                ],
                [
                    347.58979082107544,
                    103.06507349014282
                ]
            ],
            "provenance": "visii",
            "quaternion_xyzw": [
                -0.23417215049266815,
                0.45082956552505493,
                0.5658884644508362,
                0.6493738293647766
            ],
            "quaternion_xyzw_world": [
                0.1500714272260666,
                -0.26513031125068665,
                0.0665859803557396,
                0.9501320123672485
            ],
            "segmentation_id": 13,
            "visibility": 1
        },
        {
            "bounding_box_minx_maxx_miny_maxy": [
                -1,
                -1,
                -1,
                -1
            ],
