{
    "camera_data": {
        "camera_look_at": {
            "at": [
                1.0,
                0.0,
                0.0
            ],
            "eye": [
                0.0,
                0.0,
                0.0
            ],
            "up": [
                0.0,
                0.0,
                1.0
            ]
        },
        "camera_view_matrix": [
            [
                0.0,
                0.0,
                -1.0,
                0.0
            ],
            [
                -1.0,
                0.0,
                0.0,
                0.0
            ],
            [
                0.0,
                1.0,
                0.0,
                0.0
            ],
            [
                0.0,
                0.0,
                0.0,
                1.0
            ]
        ],
        "height": 500,
        "intrinsics": {
            "cx": 250.0,
            "cy": 250.0,
            "fx": 603.5535278320312,
            "fy": 603.5535278320312
        },
        "location_world": [
            0.0,
            0.0,
            0.0
        ],
        "quaternion_world_xyzw": [
            0.5,
            -0.5,
            -0.5,
            0.5
        ],
        "width": 500
    },
    "objects": [
        {
            "bounding_box_minx_maxx_miny_maxy": [
                -1,
                -1,
                -1,
                -1
            ],
            "class": "Reebok",
            "local_cuboid": null,
            "local_to_world_matrix": [
                [
                    0.13728737831115723,
                    0.9473546147346497,
                    0.28926047682762146,
                    0.0
                ],
                [
                    -0.8789586424827576,
                    -0.018132805824279785,
                    0.4765534996986389,
                    0.0
                ],
                [
                    0.4567101299762726,
                    -0.31967276334762573,
                    0.8301959037780762,
                    0.0
                ],
                [
                    0.4749535918235779,
                    -0.24790166318416595,
                    0.31851252913475037,
                    1.0
                ]
            ],
            "location": [
                0.24790166318416595,
                0.31851252913475037,
                -0.4749535918235779
            ],
            "location_world": [
                0.4749535918235779,
                -0.24790166318416595,
                0.31851252913475037
            ],
            "name": "google_Reebok_SOMERSET_RUN_0",
            "projected_cuboid": [
                [
                    457.92460441589355,
                    -78.3262550830841
                ],
                [
                    597.1652865409851,
                    -492.5309419631958
                ],
                [
                    585.8908891677856,
                    -439.43196535110474
                ],
                [
                    439.316987991333,
                    -11.643260717391968
                ],
                [
                    562.3487234115601,
                    -55.79867959022522
                ],
                [
                    775.6875157356262,
                    -471.59498929977417
                ],
                [
                    791.8536067008972,
                    -412.7875566482544
                ],
                [
                    552.5499582290649,
                    14.623269438743591
                ],
                [
                    570.6602334976196,
                    -191.24165177345276
                ]
            ],
            "provenance": "visii",
            "quaternion_xyzw": [
                0.09055685251951218,
                0.8486192226409912,
                0.5035104751586914,
                0.13461875915527344
            ],
            "quaternion_xyzw_world": [
                0.285142183303833,
                0.05996657907962799,
                0.654033899307251,
                0.6980957984924316
            ],
            "segmentation_id": 1,
            "visibility": 0
        },
        {
            "bounding_box_minx_maxx_miny_maxy": [
                -1,
                -1,
                -1,
                -1
            ],
            "class": "Breyer",
            "local_cuboid": null,
            "local_to_world_matrix": [
                [
                    -0.7569913864135742,
                    -0.41607606410980225,
                    -0.5038302540779114,
                    0.0
                ],
                [
                    -0.6414265632629395,
                    0.3260880708694458,
                    0.6944339871406555,
                    0.0
                ],
                [
                    -0.12464432418346405,
                    0.8488505482673645,
                    -0.513728141784668,
                    0.0
                ],
                [
                    1.7852585315704346,
                    0.5889602899551392,
                    0.2219860851764679,
                    1.0
                ]
            ],
            "location": [
                -0.5889602899551392,
                0.2219860851764679,
                -1.7852585315704346
            ],
            "location_world": [
                1.7852585315704346,
                0.5889602899551392,
                0.2219860851764679
            ],
            "name": "google_Breyer_Horse_Of_The_Year_2015_1",
            "projected_cuboid": [
                [
                    13.532295823097229,
                    225.51237046718597
                ],
                [
                    1.3836026191711426,
                    210.3535234928131
                ],
                [
                    51.10074579715729,
                    182.4328899383545
                ],
                [
                    62.03855574131012,
                    198.0264186859131
                ],
                [
                    4.603028297424316,
                    190.15797972679138
                ],
                [
                    -6.564587354660034,
                    175.73365569114685
                ],
                [
                    38.529783487319946,
                    150.81268548965454
                ],
                [
                    48.699527978897095,
                    165.57994484901428
                ],
                [
                    26.585400104522705,
                    186.50579452514648
                ]
            ],
            "provenance": "visii",
            "quaternion_xyzw": [
                -0.38632816076278687,
                0.5370553135871887,
                0.05944383144378662,
                -0.7475216388702393
            ],
            "quaternion_xyzw_world": [
                -0.328119158744812,
                0.8057306408882141,
                0.47884631156921387,
                0.11765282601118088
            ],
            "segmentation_id": 2,
            "visibility": 0
        },
        {
            "bounding_box_minx_maxx_miny_maxy": [
                222,
                358,
                218,
                284
            ],
            "class": "Smith",
            "local_cuboid": null,
            "local_to_world_matrix": [
                [
                    -0.6864126920700073,
                    -0.6677917242050171,
                    -0.2879093289375305,
                    0.0
                ],
                [
                    0.6565263271331787,
                    -0.398792028427124,
                    -0.6402640342712402,
                    0.0
                ],
                [
                    0.312747061252594,
                    -0.6285054683685303,
                    0.7121587991714478,
                    0.0
                ],
                [
                    1.6647498607635498,
                    0.010398320853710175,
                    -0.10407575219869614,
                    1.0
                ]
            ],
            "location": [
                -0.010398320853710175,
                -0.10407575219869614,
                -1.6647498607635498
            ],
            "location_world": [
                1.6647498607635498,
                0.010398320853710175,
                -0.10407575219869614
            ],
            "name": "google_Smith_Hawken_Woven_BasketTray_Organizer_with_3_Compartments_95_x_9_x_13_2",
            "projected_cuboid": [
                [
                    338.9362096786499,
                    203.2645344734192
                ],
                [
                    366.41258001327515,
                    266.13155007362366
                ],
                [
                    309.6715807914734,
                    338.0852937698364
                ],
                [
                    274.0171551704407,
                    279.94534373283386
                ],
                [
                    245.24080753326416,
                    174.65919256210327
                ],
                [
                    277.336061000824,
                    232.03924298286438
                ],
                [
                    224.1014838218689,
                    292.94365644454956
                ],
                [
                    185.13751029968262,
                    238.77722024917603
                ],
                [
                    275.92021226882935,
                    252.476304769516
                ]
            ],
            "provenance": "visii",
            "quaternion_xyzw": [
                0.8094446659088135,
                0.03424656391143799,
                0.40611737966537476,
                -0.4227234721183777
            ],
            "quaternion_xyzw_world": [
                0.007425195537507534,
                -0.3792960047721863,
                0.836266040802002,
                -0.3959021270275116
            ],
            "segmentation_id": 3,
            "visibility": 1
        },
        {
            "bounding_box_minx_maxx_miny_maxy": [
                -1,
                -1,
                -1,
                -1
            ],
            "class": "Paul",
            "local_cuboid": null,
            "local_to_world_matrix": [
                [
                    -0.4884988069534302,
                    0.4004409611225128,
                    -0.7752521634101868,
                    0.0
                ],
                [
                    -0.5823422074317932,
                    -0.8112722635269165,
                    -0.05210329592227936,
                    0.0
                ],
                [
                    -0.6498048901557922,
                    0.4260096549987793,
                    0.6294992566108704,
                    0.0
                ],
                [
                    0.4026426374912262,
                    -0.3125804364681244,
                    -0.0860389843583107,
                    1.0
                ]
            ],
            "location": [
                0.3125804364681244,
                -0.0860389843583107,
                -0.4026426374912262
            ],
            "location_world": [
                0.4026426374912262,
                -0.3125804364681244,
                -0.0860389843583107
            ],
            "name": "google_Paul_Frank_Dot_Lunch_Box_3",
            "projected_cuboid": [
                [
                    572.9783773422241,
                    359.4669699668884
                ],
                [
                    1042.1689748764038,
                    425.3697395324707
                ],
                [
                    847.2347855567932,
                    626.6177892684937
                ],
                [
                    602.6464104652405,
                    553.3769726753235
                ],
                [
                    636.6033554077148,
                    -35.856813192367554
                ],
                [
                    907.6808094978333,
                    -87.06226944923401
                ],
                [
                    816.9436454772949,
                    232.17259347438812
                ],
                [
                    639.352560043335,
                    227.60924696922302
                ],
                [
                    735.3571653366089,
                    274.74212646484375
                ]
            ],
            "provenance": "visii",
            "quaternion_xyzw": [
                0.021548762917518616,
                0.41789132356643677,
                0.7249739766120911,
                -0.5470970273017883
            ],
            "quaternion_xyzw_world": [
                -0.4163154661655426,
                0.1092328131198883,
                0.8557555675506592,
                0.28710976243019104
            ],
            "segmentation_id": 4,
            "visibility": 0
        },
        {
            "bounding_box_minx_maxx_miny_maxy": [
                -1,
                -1,
                -1,
                -1
            ],
            "class": "Toys",
            "local_cuboid": null,
            "local_to_world_matrix": [
                [
                    0.27866584062576294,
                    0.8147300481796265,
                    0.5084882974624634,
                    0.0
                ],
                [
                    0.7993096113204956,
                    0.0967596173286438,
                    -0.5930782556533813,
                    0.0
                ],
                [
                    -0.5323997735977173,
                    0.5717102289199829,
                    -0.6242579221725464,
                    0.0
                ],
                [
                    1.070936918258667,
                    0.5721068382263184,
                    -0.5212327837944031,
                    1.0
                ]
            ],
            "location": [
                -0.5721068382263184,
                -0.5212327837944031,
                -1.070936918258667
            ],
            "location_world": [
                1.070936918258667,
                0.5721068382263184,
                -0.5212327837944031
            ],
            "name": "google_Toys_R_Us_Treat_Dispenser_Smart_Puzzle_Foobler_4",
            "projected_cuboid": [
                [
                    -204.82513308525085,
                    588.2644653320312
                ],
                [
                    -161.02933883666992,
                    600.8337736129761
                ],
                [
                    -86.04547381401062,
                    525.894045829773
                ],
                [
                    -117.42377281188965,
                    505.37925958633423
                ],
                [
                    -142.5073742866516,
                    656.7584276199341
                ],
                [
                    -104.32553291320801,
                    661.6674661636353
                ],
                [
                    -30.60165047645569,
                    579.3453454971313
                ],
                [
                    -56.445300579071045,
                    564.5911693572998
                ],
                [
                    -110.88043451309204,
                    583.4550857543945
                ]
            ],
            "provenance": "visii",
            "quaternion_xyzw": [
                0.24796593189239502,
                0.41510602831840515,
                -0.8573517799377441,
                -0.17648762464523315
            ],
            "quaternion_xyzw_world": [
                0.6719680428504944,
                0.6004897356033325,
                -0.008896071463823318,
                -0.4333496391773224
            ],
            "segmentation_id": 5,
            "visibility": 0
        },
        {
            "bounding_box_minx_maxx_miny_maxy": [
                -1,
                -1,
                -1,
                -1
            ],
            "class": "Tag",
            "local_cuboid": null,
            "local_to_world_matrix": [
                [
                    0.3778075575828552,
                    0.2895023822784424,
                    0.8794599175453186,
                    0.0
                ],
                [
                    0.5806494355201721,
                    0.6657758951187134,
                    -0.46860283613204956,
                    0.0
                ],
                [
                    -0.7211849093437195,
                    0.6876996159553528,
                    0.0834357738494873,
                    0.0
                ],
                [
                    0.5906785726547241,
                    0.3554581105709076,
                    0.3094351291656494,
                    1.0
                ]
            ],
            "location": [
                -0.3554581105709076,
                0.3094351291656494,
                -0.5906785726547241
            ],
            "location_world": [
                0.5906785726547241,
                0.3554581105709076,
                0.3094351291656494
            ],
            "name": "google_Tag_Dishtowel_Basket_Weave_Red_18_x_26_5",
            "projected_cuboid": [
                [
                    -121.70827388763428,
                    -253.11589241027832
                ],
                [
                    -186.8535280227661,
                    -51.7389178276062
                ],
                [
                    -149.9958634376526,
                    -38.211435079574585
                ],
                [
                    -78.81715893745422,
                    -227.1730601787567
                ],
                [
                    -109.14760828018188,
                    -128.32915782928467
                ],
                [
                    -184.1055452823639,
                    66.53939187526703
                ],
                [
                    -143.5653269290924,
                    76.70970261096954
                ],
                [
                    -61.26907467842102,
                    -105.37257790565491
                ],
                [
                    -133.54450464248657,
                    -74.50571656227112
                ]
            ],
            "provenance": "visii",
            "quaternion_xyzw": [
                -0.33834731578826904,
                -0.15788808465003967,
                0.7872880697250366,
                0.49068310856819153
            ],
            "quaternion_xyzw_world": [
                -0.3964201807975769,
                -0.5487560033798218,
                -0.09981520473957062,
                0.7292152047157288
            ],
            "segmentation_id": 6,
            "visibility": 0
        },
        {
            "bounding_box_minx_maxx_miny_maxy": [
                -1,
                -1,
                -1,
                -1
            ],
            "class": "FRACTION",
            "local_cuboid": null,
            "local_to_world_matrix": [
                [
                    -0.8950514793395996,
                    -0.27268511056900024,
                    0.35288211703300476,
                    0.0
                ],
                [
                    -0.1891154944896698,
                    0.9486915469169617,
                    0.2534160017967224,
                    0.0
                ],
                [
                    -0.4038790762424469,
                    0.16008487343788147,
                    -0.9006967544555664,
                    0.0
                ],
                [
                    0.5342031121253967,
                    0.2018529772758484,
                    -0.5461836457252502,
                    1.0
                ]
            ],
            "location": [
                -0.2018529772758484,
                -0.5461836457252502,
                -0.5342031121253967
            ],
            "location_world": [
                0.5342031121253967,
                0.2018529772758484,
                -0.5461836457252502
            ],
            "name": "google_FRACTION_FUN_n4h4qte23QR_6",
            "projected_cuboid": [
                [
                    123.88454377651215,
                    1015.8480405807495
                ],
                [
                    -144.54340934753418,
                    1012.195348739624
                ],
                [
                    -118.9512312412262,
                    927.0651340484619
                ],
                [
                    137.52347230911255,
                    937.0096325874329
                ],
                [
                    109.10557210445404,
                    880.7826042175293
                ],
                [
                    -87.30170130729675,
                    869.7502613067627
                ],
                [
                    -70.15877962112427,
                    811.2993836402893
                ],
                [
                    119.76724863052368,
                    825.3382444381714
                ],
                [
                    14.05508816242218,
                    900.072455406189
                ]
            ],
            "provenance": "visii",
            "quaternion_xyzw": [
                -0.39223402738571167,
                0.37975379824638367,
                -0.4684489965438843,
                -0.6946185827255249
            ],
            "quaternion_xyzw_world": [
                -0.11932490020990372,
                0.9675277471542358,
                0.1068447083234787,
                -0.1955399215221405
            ],
            "segmentation_id": 7,
            "visibility": 0
        },
        {
            "bounding_box_minx_maxx_miny_maxy": [
                -1,
                -1,
                -1,
                -1
            ],
            "class": "FAIRY",
            "local_cuboid": null,
            "local_to_world_matrix": [
                [
                    -0.20235514640808105,
                    -0.7930695414543152,
                    0.5745372176170349,
                    0.0
                ],
                [
                    0.9785152077674866,
                    -0.1400747299194336,
                    0.15128450095653534,
                    0.0
                ],
                [
                    -0.03950101137161255,
                    0.5928065776824951,
                    0.8043755292892456,
                    0.0
                ],
                [
                    0.8184058666229248,
                    0.23829352855682373,
                    0.47503480315208435,
                    1.0
                ]
            ],
            "location": [
                -0.23829352855682373,
                0.47503480315208435,
                -0.8184058666229248
            ],
            "location_world": [
                0.8184058666229248,
                0.23829352855682373,
                0.47503480315208435
            ],
            "name": "google_FAIRY_TALE_BLOCKS_7",
            "projected_cuboid": [
                [
                    -17.63451099395752,
                    -400.84177255630493
                ],
                [
                    82.81494677066803,
                    -242.65488982200623
                ],
                [
                    170.9069013595581,
                    -120.58523297309875
                ],
                [
                    106.22303187847137,
                    -228.9593517780304
                ],
                [
                    -166.8108105659485,
                    -232.7023148536682
                ],
                [
                    -31.457632780075073,
                    -127.96458601951599
                ],
                [
                    53.13146114349365,
                    -13.221830129623413
                ],
                [
                    -49.809932708740234,
                    -74.9678909778595
                ],
                [
                    24.66723322868347,
                    -169.13458704948425
                ]
            ],
            "provenance": "visii",
            "quaternion_xyzw": [
                -0.6329067945480347,
                -0.2822737693786621,
                0.15422946214675903,
                0.7042469382286072
            ],
            "quaternion_xyzw_world": [
                -0.18258152902126312,
                -0.2539216876029968,
                -0.7325990200042725,
                0.6045547127723694
            ],
            "segmentation_id": 8,
            "visibility": 0
        },
        {
            "bounding_box_minx_maxx_miny_maxy": [
                -1,
                -1,
                -1,
                -1
            ],
            "class": "Great",
            "local_cuboid": null,
            "local_to_world_matrix": [
                [
                    -0.10286903381347656,
                    0.96485435962677,
                    -0.2418142855167389,
                    0.0
                ],
                [
                    0.6458741426467896,
                    0.249675452709198,
                    0.7214629650115967,
                    0.0
                ],
                [
                    0.7564817667007446,
                    -0.08196541666984558,
                    -0.6488583087921143,
                    0.0
                ],
                [
                    0.18072345852851868,
                    -0.41691115498542786,
                    -0.25450944900512695,
                    1.0
                ]
            ],
            "location": [
                0.41691115498542786,
                -0.25450944900512695,
                -0.18072345852851868
            ],
            "location_world": [
                0.18072345852851868,
                -0.41691115498542786,
                -0.25450944900512695
            ],
            "name": "google_Great_Jones_Wingtip_kAqSg6EgG0I_8",
            "projected_cuboid": [
                [
                    1800.2413511276245,
                    1961.3707065582275
                ],
                [
                    806.6736459732056,
                    632.4446201324463
                ],
                [
                    959.9853754043579,
                    590.2398824691772
                ],
                [
                    3522.2654342651367,
                    3345.7250595092773
                ],
                [
                    2074.249267578125,
                    1752.7270317077637
                ],
                [
                    963.1854295730591,
                    577.2145986557007
                ],
                [
                    1157.2835445404053,
                    520.1431512832642
                ],
                [
                    3841.4714336395264,
                    2742.4538135528564
                ],
                [
                    1387.5582218170166,
                    1036.3173484802246
                ]
            ],
            "provenance": "visii",
            "quaternion_xyzw": [
                -0.1324428915977478,
                0.9277390241622925,
                -0.34889456629753113,
                -0.005632922053337097
            ],
            "quaternion_xyzw_world": [
                0.56927889585495,
                0.707354724407196,
                0.22601726651191711,
                0.3528272211551666
            ],
            "segmentation_id": 9,
            "visibility": 0
        },
        {
            "bounding_box_minx_maxx_miny_maxy": [
                3,
                92,
                17,
                122
            ],
            "class": "Ecoforms",
            "local_cuboid": null,
            "local_to_world_matrix": [
                [
                    0.8876634240150452,
                    0.2933007776737213,
                    -0.3550046682357788,
                    0.0
                ],
                [
                    0.2656801640987396,
                    -0.9558689594268799,
                    -0.1254139393568039,
                    0.0
                ],
                [
                    -0.3761219382286072,
                    0.017007678747177124,
                    -0.9264141321182251,
                    0.0
                ],
                [
                    0.8363799452781677,
                    0.20709726214408875,
                    0.3732234239578247,
                    1.0
                ]
            ],
            "location": [
                -0.20709726214408875,
                0.3732234239578247,
                -0.8363799452781677
            ],
            "location_world": [
                0.8363799452781677,
                0.20709726214408875,
                0.3732234239578247
            ],
            "name": "google_Ecoforms_Plant_Container_Quadra_Sand_QP6_9",
            "projected_cuboid": [
                [
                    11.585310101509094,
                    108.35812985897064
                ],
                [
                    149.50045943260193,
                    132.76901841163635
                ],
                [
                    158.06251764297485,
                    41.02124273777008
                ],
                [
                    30.391916632652283,
                    13.163015246391296
                ],
                [
                    1.6513466835021973,
                    10.76863706111908
                ],
                [
                    172.92164266109467,
                    47.86612093448639
                ],
                [
                    181.43503367900848,
                    -56.90610408782959
                ],
                [
                    25.69824457168579,
                    -98.05136919021606
                ],
                [
                    93.60389411449432,
                    28.55376899242401
                ]
            ],
            "provenance": "visii",
            "quaternion_xyzw": [
                0.33763566613197327,
                0.4449059069156647,
                -0.6698575615882874,
                0.48923593759536743
            ],
            "quaternion_xyzw_world": [
                0.970817506313324,
                0.14394593238830566,
                -0.188276007771492,
                -0.03667569160461426
            ],
            "segmentation_id": 10,
            "visibility": 1
        },
        {
            "bounding_box_minx_maxx_miny_maxy": [
                -1,
                -1,
                -1,
                -1
            ],
            "class": "ReadytoUse",
            "local_cuboid": null,
            "local_to_world_matrix": [
                [
                    0.08237910270690918,
                    0.8147666454315186,
                    0.5739067792892456,
                    0.0
                ],
                [
                    -0.9408724308013916,
                    -0.12628698348999023,
                    0.3143414556980133,
                    0.0
                ],
                [
                    0.3285919427871704,
                    -0.5658682584762573,
                    0.7561880946159363,
                    0.0
                ],
                [
                    0.23317793011665344,
                    -0.11228174716234207,
                    -0.43789470195770264,
                    1.0
                ]
            ],
            "location": [
                0.11228174716234207,
                -0.43789470195770264,
                -0.23317793011665344
            ],
            "location_world": [
                0.23317793011665344,
                -0.11228174716234207,
                -0.43789470195770264
            ],
            "name": "google_ReadytoUse_Rolled_Fondant_Pure_White_24_oz_box_10",
            "projected_cuboid": [
                [
                    545.8217859268188,
                    789.8600697517395
                ],
                [
                    610.2108955383301,
                    847.6505279541016
                ],
                [
                    435.20528078079224,
                    1359.552025794983
                ],
                [
                    388.11546564102173,
                    1198.9562511444092
                ],
                [
                    750.592827796936,
                    944.9312090873718
                ],
                [
                    853.7952899932861,
                    1032.462239265442
                ],
                [
                    736.068844795227,
                    1619.3370819091797
                ],
                [
                    631.7590475082397,
                    1404.549479484558
                ],
                [
                    620.5880045890808,
                    1115.8406734466553
                ]
            ],
            "provenance": "visii",
            "quaternion_xyzw": [
                0.22331807017326355,
                0.7838526964187622,
                0.5412562489509583,
                0.20675036311149597
            ],
            "quaternion_xyzw_world": [
                0.33633244037628174,
                -0.09373599290847778,
                0.6708382964134216,
                0.654270589351654
            ],
            "segmentation_id": 11,
            "visibility": 0
        },
        {
            "bounding_box_minx_maxx_miny_maxy": [
                -1,
                -1,
                -1,
                -1
            ],
            "class": "Dog",
            "local_cuboid": null,
            "local_to_world_matrix": [
                [
                    -0.3030738830566406,
                    -0.7918233871459961,
                    -0.5302470922470093,
                    0.0
                ],
                [
                    -0.951278567314148,
                    0.28448712825775146,
                    0.11889567971229553,
                    0.0
                ],
                [
                    0.0567040741443634,
                    0.5404468774795532,
                    -0.8394652605056763,
                    0.0
                ],
                [
                    0.2342216670513153,
                    -0.31727835536003113,
                    0.4214934706687927,
                    1.0
                ]
            ],
            "location": [
                0.31727835536003113,
                0.4214934706687927,
                -0.2342216670513153
            ],
            "location_world": [
                0.2342216670513153,
                -0.31727835536003113,
                0.4214934706687927
            ],
            "name": "google_Dog_11",
            "projected_cuboid": [
                [
                    918.4911251068115,
                    -115.8318817615509
                ],
                [
                    1635.189414024353,
                    -763.9045715332031
                ],
                [
                    2373.2941150665283,
                    -1792.7401065826416
                ],
                [
                    1171.8709468841553,
                    -482.8628897666931
                ],
                [
                    489.4181489944458,
                    -247.70987033843994
                ],
                [
                    544.0768003463745,
                    -779.3946266174316
                ],
                [
                    924.5299100875854,
                    -1406.3736200332642
                ],
                [
                    679.2510747909546,
                    -546.5596914291382
                ],
                [
                    920.7635521888733,
                    -601.4706492424011
                ]
            ],
            "provenance": "visii",
            "quaternion_xyzw": [
                -0.657577395439148,
                0.30974844098091125,
                0.09024527668952942,
                -0.6808111071586609
            ],
            "quaternion_xyzw_world": [
                -0.5594426393508911,
                0.778945803642273,
                0.211613729596138,
                0.18837997317314148
            ],
            "segmentation_id": 12,
            "visibility": 0
        },
        {
            "bounding_box_minx_maxx_miny_maxy": [
                315,
                344,
                238,
                261
            ],
            "class": "Black",
            "local_cuboid": null,
            "local_to_world_matrix": [
                [
                    0.13468801975250244,
                    -0.9368516802787781,
                    0.32275089621543884,
                    0.0
                ],
                [
                    -0.4540392756462097,
                    0.23116201162338257,
                    0.8604722619056702,
                    0.0
                ],
                [
                    -0.8807425498962402,
                    -0.2624369263648987,
                    -0.39423274993896484,
                    0.0
                ],
                [
                    1.5817503929138184,
                    -0.16281284391880035,
                    0.056422121822834015,
                    1.0
                ]
            ],
            "location": [
                0.16281284391880035,
                0.056422121822834015,
                -1.5817503929138184
            ],
            "location_world": [
                1.5817503929138184,
                -0.16281284391880035,
                0.056422121822834015
            ],
            "name": "google_Black_Elderberry_Syrup_54_oz_Gaia_Herbs_12",
            "projected_cuboid": [
                [
                    346.1904525756836,
                    256.976455450058
                ],
                [
                    342.2694206237793,
                    235.8597069978714
                ],
                [
                    320.14942169189453,
                    215.0479108095169
                ],
                [
                    324.1282105445862,
                    234.82608795166016
                ],
                [
                    324.6225118637085,
                    264.6176815032959
                ],
                [
                    320.2776908874512,
                    243.5305118560791
                ],
                [
                    299.845427274704,
                    221.989706158638
                ],
                [
                    304.18574810028076,
                    241.74648523330688
                ],
                [
                    322.30591773986816,
                    238.94555866718292
                ]
            ],
            "provenance": "visii",
            "quaternion_xyzw": [
                -0.22115425765514374,
                -0.10353504121303558,
                -0.14441150426864624,
                -0.9589143395423889
            ],
            "quaternion_xyzw_world": [
                -0.5695960521697998,
                0.6104725003242493,
                0.24490675330162048,
                -0.4928532838821411
            ],
            "segmentation_id": 13,
            "visibility": 1
        },
        {
            "bounding_box_minx_maxx_miny_maxy": [
                -1,
                -1,
                -1,
                -1
            ],
