{
    "camera_data": {
        "camera_look_at": {
            "at": [
                1.0,
                0.0,
                0.0
            ],
            "eye": [
                0.0,
                0.0,
                0.0
            ],
            "up": [
                0.0,
                0.0,
                1.0
            ]
        },
        "camera_view_matrix": [
            [
                0.0,
                0.0,
                -1.0,
                0.0
            ],
            [
                -1.0,
                0.0,
                0.0,
                0.0
            ],
            [
                0.0,
                1.0,
                0.0,
                0.0
            ],
            [
                0.0,
                0.0,
                0.0,
                1.0
            ]
        ],
        "height": 500,
        "intrinsics": {
            "cx": 250.0,
            "cy": 250.0,
            "fx": 603.5535278320312,
            "fy": 603.5535278320312
        },
        "location_world": [
            0.0,
            0.0,
            0.0
        ],
        "quaternion_world_xyzw": [
            0.5,
            -0.5,
            -0.5,
            0.5
        ],
        "width": 500
    },
    "objects": [
        {
            "bounding_box_minx_maxx_miny_maxy": [
                -1,
                -1,
                -1,
                -1
            ],
            "class": "Reebok",
            "local_cuboid": null,
            "local_to_world_matrix": [
                [
                    0.5877805948257446,
                    0.5583198666572571,
                    0.5854852795600891,
                    0.0
                ],
                [
                    -0.7145467400550842,
                    0.6976472735404968,
                    0.05207037925720215,
                    0.0
                ],
                [
                    -0.37939029932022095,
                    -0.4489625096321106,
                    0.8090090751647949,
                    0.0
                ],
                [
                    0.42625531554222107,
                    -0.22463767230510712,
                    0.24561376869678497,
                    1.0
                ]
            ],
            "location": [
                0.22463767230510712,
                0.24561376869678497,
                -0.42625531554222107
            ],
            "location_world": [
                0.42625531554222107,
                -0.22463767230510712,
                0.24561376869678497
            ],
            "name": "google_Reebok_SOMERSET_RUN_0",
            "projected_cuboid": [
                [
                    653.1314849853516,
                    -173.51317405700684
                ],
                [
                    527.9256105422974,
                    -487.9576563835144
                ],
                [
                    404.80250120162964,
                    -236.66641116142273
                ],
                [
                    565.8766031265259,
                    -39.938390254974365
                ],
                [
                    795.914351940155,
                    -147.53073453903198
                ],
                [
                    758.8342428207397,
                    -525.0561833381653
                ],
                [
                    572.1678733825684,
                    -210.34005284309387
                ],
                [
                    684.3934655189514,
                    1.5486031770706177
                ],
                [
                    624.2345571517944,
                    -186.65707111358643
                ]
            ],
            "provenance": "visii",
            "quaternion_xyzw": [
                -0.0505460649728775,
                0.5547522306442261,
                0.6865930557250977,
                0.467210054397583
            ],
            "quaternion_xyzw_world": [
                0.14241160452365875,
                -0.27425241470336914,
                0.3617945611476898,
                0.8795506954193115
            ],
            "segmentation_id": 1,
            "visibility": 0
        },
        {
            "bounding_box_minx_maxx_miny_maxy": [
                15,
                57,
                144,
                208
            ],
            "class": "Breyer",
            "local_cuboid": null,
            "local_to_world_matrix": [
                [
                    0.7753899693489075,
                    0.1801919788122177,
                    0.6052283048629761,
                    0.0
                ],
                [
                    0.5033096671104431,
                    -0.7551794052124023,
                    -0.41998040676116943,
                    0.0
                ],
                [
                    0.38137879967689514,
                    0.6302658319473267,
                    -0.6762509346008301,
                    0.0
                ],
                [
                    1.842264175415039,
                    0.6100428700447083,
                    0.29236677289009094,
                    1.0
                ]
            ],
            "location": [
                -0.6100428700447083,
                0.29236677289009094,
                -1.842264175415039
            ],
            "location_world": [
                1.842264175415039,
                0.6100428700447083,
                0.29236677289009094
            ],
            "name": "google_Breyer_Horse_Of_The_Year_2015_1",
            "projected_cuboid": [
                [
                    23.02411198616028,
                    167.96237230300903
                ],
                [
                    39.39169645309448,
                    176.42629146575928
                ],
                [
                    62.954649329185486,
                    142.17358827590942
                ],
                [
                    46.44553363323212,
                    132.9348087310791
                ],
                [
                    14.394447207450867,
                    206.68040215969086
                ],
                [
                    32.50196576118469,
                    215.3589129447937
                ],
                [
                    58.221518993377686,
                    178.9248287677765
                ],
                [
                    39.93549942970276,
                    169.34825479984283
                ],
                [
                    39.64424133300781,
                    173.138827085495
                ]
            ],
            "provenance": "visii",
            "quaternion_xyzw": [
                0.6366254091262817,
                0.5342261791229248,
                -0.5519949197769165,
                0.0679132491350174
            ],
            "quaternion_xyzw_world": [
                0.8953798413276672,
                0.19084125757217407,
                0.27547165751457214,
                -0.29324042797088623
            ],
            "segmentation_id": 2,
            "visibility": 1
        },
        {
            "bounding_box_minx_maxx_miny_maxy": [
                210,
                336,
                222,
                312
            ],
            "class": "Smith",
            "local_cuboid": null,
            "local_to_world_matrix": [
                [
                    -0.9328850507736206,
                    -0.026335209608078003,
                    -0.3592101037502289,
                    0.0
                ],
                [
                    0.20930108428001404,
                    -0.8512840270996094,
                    -0.481153279542923,
                    0.0
                ],
                [
                    -0.29311856627464294,
                    -0.5240437984466553,
                    0.7996622323989868,
                    0.0
                ],
                [
                    1.7741600275039673,
                    0.017096303403377533,
                    -0.1301097273826599,
                    1.0
                ]
            ],
            "location": [
                -0.017096303403377533,
                -0.1301097273826599,
                -1.7741600275039673
            ],
            "location_world": [
                1.7741600275039673,
                0.017096303403377533,
                -0.1301097273826599
            ],
            "name": "google_Smith_Hawken_Woven_BasketTray_Organizer_with_3_Compartments_95_x_9_x_13_2",
            "projected_cuboid": [
                [
                    256.9049298763275,
                    216.59891307353973
                ],
                [
                    341.8058753013611,
                    265.87948203086853
                ],
                [
                    285.30845046043396,
                    344.56536173820496
                ],
                [
                    202.71550118923187,
                    300.4299998283386
                ],
                [
                    252.51713395118713,
                    180.13042211532593
                ],
                [
                    322.42780923843384,
                    221.67694568634033
                ],
                [
                    276.36173367500305,
                    288.6827886104584
                ],
                [
                    208.03043246269226,
                    250.73057413101196
                ],
                [
                    267.9491937160492,
                    257.5158178806305
                ]
            ],
            "provenance": "visii",
            "quaternion_xyzw": [
                0.5509922504425049,
                0.22326719760894775,
                0.6610477566719055,
                -0.4577937722206116
            ],
            "quaternion_xyzw_world": [
                -0.17229104042053223,
                -0.2654895484447479,
                0.9465504884719849,
                -0.06223553046584129
            ],
            "segmentation_id": 3,
            "visibility": 1
        },
        {
            "bounding_box_minx_maxx_miny_maxy": [
                453,
                499,
                68,
                246
            ],
            "class": "Paul",
            "local_cuboid": null,
            "local_to_world_matrix": [
                [
                    -0.9441776275634766,
                    0.1634276807308197,
                    0.286043256521225,
                    0.0
                ],
                [
                    -0.04388889670372009,
                    -0.9229375123977661,
                    0.3824407160282135,
                    0.0
                ],
                [
                    0.32650133967399597,
                    0.34853771328926086,
                    0.878588855266571,
                    0.0
                ],
                [
                    0.4635395407676697,
                    -0.29916441440582275,
                    -0.04972710460424423,
                    1.0
                ]
            ],
            "location": [
                0.29916441440582275,
                -0.04972710460424423,
                -0.4635395407676697
            ],
            "location_world": [
                0.4635395407676697,
                -0.29916441440582275,
                -0.04972710460424423
            ],
            "name": "google_Paul_Frank_Dot_Lunch_Box_3",
            "projected_cuboid": [
                [
                    462.7237319946289,
                    2.0144879817962646
                ],
                [
                    611.0495328903198,
                    -61.28495931625366
                ],
                [
                    837.4956846237183,
                    234.42168533802032
                ],
                [
                    653.0797481536865,
                    307.6743483543396
                ],
                [
                    422.26892709732056,
                    163.01760077476501
                ],
                [
                    514.4780874252319,
                    124.6967613697052
                ],
                [
                    632.1535110473633,
                    318.7764585018158
                ],
                [
                    527.1551609039307,
                    360.46093702316284
                ],
                [
                    561.6626143455505,
                    186.98829412460327
                ]
            ],
            "provenance": "visii",
            "quaternion_xyzw": [
                0.44176721572875977,
                0.6841728687286377,
                0.337077796459198,
                -0.47236424684524536
            ],
            "quaternion_xyzw_world": [
                0.15824900567531586,
                0.18884602189064026,
                0.9676910638809204,
                0.053559597581624985
            ],
            "segmentation_id": 4,
            "visibility": 1
        },
        {
            "bounding_box_minx_maxx_miny_maxy": [
                51,
                119,
                442,
                500
            ],
            "class": "Toys",
            "local_cuboid": null,
            "local_to_world_matrix": [
                [
                    0.9618395566940308,
                    -0.25550246238708496,
                    -0.09789372235536575,
                    0.0
                ],
                [
                    0.09092897176742554,
                    -0.03896045684814453,
                    0.9950951337814331,
                    0.0
                ],
                [
                    -0.2580631971359253,
                    -0.9660232067108154,
                    -0.01424109935760498,
                    0.0
                ],
                [
                    1.413743257522583,
                    0.4525282084941864,
                    -0.5207716822624207,
                    1.0
                ]
            ],
            "location": [
                -0.4525282084941864,
                -0.5207716822624207,
                -1.413743257522583
            ],
            "location_world": [
                1.413743257522583,
                0.4525282084941864,
                -0.5207716822624207
            ],
            "name": "google_Toys_R_Us_Treat_Dispenser_Smart_Puzzle_Foobler_4",
            "projected_cuboid": [
                [
                    129.60048019886017,
                    504.18221950531006
                ],
                [
                    133.24443995952606,
                    438.23349475860596
                ],
                [
                    76.49417221546173,
                    432.3655068874359
                ],
                [
                    72.41147756576538,
                    496.4955449104309
                ],
                [
                    97.283273935318,
                    526.3720154762268
                ],
                [
                    101.68834030628204,
                    452.674925327301
                ],
                [
                    39.59330916404724,
                    445.73354721069336
                ],
                [
                    34.667015075683594,
                    517.1672105789185
                ],
                [
                    86.13400161266327,
                    475.9560823440552
                ]
            ],
            "provenance": "visii",
            "quaternion_xyzw": [
                -0.02420896291732788,
                0.6085904836654663,
                -0.04320228099822998,
                0.7919376492500305
            ],
            "quaternion_xyzw_world": [
                0.7097607254981995,
                -0.05796794593334198,
                -0.12537918984889984,
                0.6907674074172974
            ],
            "segmentation_id": 5,
            "visibility": 1
        },
        {
            "bounding_box_minx_maxx_miny_maxy": [
                -1,
                -1,
                -1,
                -1
            ],
            "class": "Tag",
            "local_cuboid": null,
            "local_to_world_matrix": [
                [
                    -0.9738755226135254,
                    0.22644081711769104,
                    -0.017060860991477966,
                    0.0
                ],
                [
                    0.09134554117918015,
                    0.3218567371368408,
                    -0.9423716068267822,
                    0.0
                ],
                [
                    -0.2079002410173416,
                    -0.9193110466003418,
                    -0.33413267135620117,
                    0.0
                ],
                [
                    0.6728081703186035,
                    0.40985119342803955,
                    0.5139626264572144,
                    1.0
                ]
            ],
            "location": [
                -0.40985119342803955,
                0.5139626264572144,
                -0.6728081703186035
            ],
            "location_world": [
                0.6728081703186035,
                0.40985119342803955,
                0.5139626264572144
            ],
            "name": "google_Tag_Dishtowel_Basket_Weave_Red_18_x_26_5",
            "projected_cuboid": [
                [
                    -129.34863567352295,
                    -394.36930418014526
                ],
                [
                    -192.02646613121033,
                    -147.8959321975708
                ],
                [
                    -218.89254450798035,
                    -154.7985076904297
                ],
                [
                    -157.98580646514893,
                    -398.4423875808716
                ],
                [
                    -12.435287237167358,
                    -251.78420543670654
                ],
                [
                    -64.68451023101807,
                    -63.20217251777649
                ],
                [
                    -86.93504333496094,
                    -69.41014528274536
                ],
                [
                    -35.82915663719177,
                    -256.3360333442688
                ],
                [
                    -105.05929589271545,
                    -208.27296376228333
                ]
            ],
            "provenance": "visii",
            "quaternion_xyzw": [
                -0.6140094995498657,
                0.13799366354942322,
                -0.7708295583724976,
                -0.098853200674057
            ],
            "quaternion_xyzw_world": [
                0.09798024594783783,
                0.8108429312705994,
                -0.5739960670471191,
                -0.05883980914950371
            ],
            "segmentation_id": 6,
            "visibility": 0
        },
        {
            "bounding_box_minx_maxx_miny_maxy": [
                296,
                371,
                365,
                413
            ],
            "class": "FRACTION",
            "local_cuboid": null,
            "local_to_world_matrix": [
                [
                    0.8420510292053223,
                    -0.5260831713676453,
                    0.11910732090473175,
                    0.0
                ],
                [
                    -0.5372818112373352,
                    -0.8375838994979858,
                    0.09890102595090866,
                    0.0
                ],
                [
                    0.04773220792412758,
                    -0.14727389812469482,
                    -0.9879432916641235,
                    0.0
                ],
                [
                    1.0749684572219849,
                    -0.10111067444086075,
                    -0.22385528683662415,
                    1.0
                ]
            ],
            "location": [
                0.10111067444086075,
                -0.22385528683662415,
                -1.0749684572219849
            ],
            "location_world": [
                1.0749684572219849,
                -0.10111067444086075,
                -0.22385528683662415
            ],
            "name": "google_FRACTION_FUN_n4h4qte23QR_6",
            "projected_cuboid": [
                [
                    287.38439083099365,
                    383.6228847503662
                ],
                [
                    377.7674436569214,
                    385.7037425041199
                ],
                [
                    374.4654059410095,
                    362.1797263622284
                ],
                [
                    284.2046618461609,
                    362.08826303482056
                ],
                [
                    239.8439645767212,
                    414.27135467529297
                ],
                [
                    339.1532897949219,
                    419.944703578949
                ],
                [
                    335.2537751197815,
                    392.8444981575012
                ],
                [
                    236.12387478351593,
                    389.77786898612976
                ],
                [
                    308.5247874259949,
                    387.6953721046448
                ]
            ],
            "provenance": "visii",
            "quaternion_xyzw": [
                0.6072302460670471,
                0.39387497305870056,
                -0.28604352474212646,
                0.6279433965682983
            ],
            "quaternion_xyzw_world": [
                0.9575461149215698,
                -0.2776276171207428,
                0.04355913773179054,
                0.06427234411239624
            ],
            "segmentation_id": 7,
            "visibility": 1
        },
        {
            "bounding_box_minx_maxx_miny_maxy": [
                38,
                64,
                1,
                27
            ],
            "class": "FAIRY",
            "local_cuboid": null,
            "local_to_world_matrix": [
                [
                    -0.6607253551483154,
                    0.2843206524848938,
                    0.6946969628334045,
                    0.0
                ],
                [
                    -0.11008776724338531,
                    -0.9521850347518921,
                    0.28499916195869446,
                    0.0
                ],
                [
                    0.7425110936164856,
                    0.1118285283446312,
                    0.6604329347610474,
                    0.0
                ],
                [
                    0.9640548229217529,
                    0.29181715846061707,
                    0.4798404574394226,
                    1.0
                ]
            ],
            "location": [
                -0.29181715846061707,
                0.4798404574394226,
                -0.9640548229217529
            ],
            "location_world": [
                0.9640548229217529,
                0.29181715846061707,
                0.4798404574394226
            ],
            "name": "google_FAIRY_TALE_BLOCKS_7",
            "projected_cuboid": [
                [
                    -21.866142749786377,
                    -134.1574490070343
                ],
                [
                    117.93051660060883,
                    -189.1515851020813
                ],
                [
                    110.06583273410797,
                    -170.4905927181244
                ],
                [
                    -55.31132221221924,
                    -105.94022274017334
                ],
                [
                    49.11366105079651,
                    1.870080828666687
                ],
                [
                    171.51974141597748,
                    -42.284607887268066
                ],
                [
                    173.5156923532486,
                    -2.9841363430023193
                ],
                [
                    31.924962997436523,
                    46.989381313323975
                ],
                [
                    74.36931133270264,
                    -69.54804062843323
                ]
            ],
            "provenance": "visii",
            "quaternion_xyzw": [
                0.5415697693824768,
                0.7602353096008301,
                0.2533823251724243,
                -0.2540509104728699
            ],
            "quaternion_xyzw_world": [
                0.39718595147132874,
                0.10966706275939941,
                0.9046191573143005,
                0.10899847000837326
            ],
            "segmentation_id": 8,
            "visibility": 1
        },
        {
            "bounding_box_minx_maxx_miny_maxy": [
                -1,
                -1,
                -1,
                -1
            ],
            "class": "Great",
            "local_cuboid": null,
            "local_to_world_matrix": [
                [
                    -0.9248892068862915,
                    0.09623154997825623,
                    0.3678581714630127,
                    0.0
                ],
                [
                    0.1919533610343933,
                    -0.7169523239135742,
                    0.6701741218566895,
                    0.0
                ],
                [
                    0.3282286524772644,
                    0.6904484033584595,
                    0.6446293592453003,
                    0.0
                ],
                [
                    0.18230265378952026,
                    -0.2537275552749634,
                    -0.3185475170612335,
                    1.0
                ]
            ],
            "location": [
                0.2537275552749634,
                -0.3185475170612335,
                -0.18230265378952026
            ],
            "location_world": [
                0.18230265378952026,
                -0.2537275552749634,
                -0.3185475170612335
            ],
            "name": "google_Great_Jones_Wingtip_kAqSg6EgG0I_8",
            "projected_cuboid": [
                [
                    503.05795669555664,
                    1687.9243850708008
                ],
                [
                    1107.9576015472412,
                    616.3603067398071
                ],
                [
                    1601.8617153167725,
                    976.5837788581848
                ],
                [
                    1066.3113594055176,
                    2658.3075523376465
                ],
                [
                    421.8810200691223,
                    1176.8372058868408
                ],
                [
                    836.1918330192566,
                    573.1915831565857
                ],
                [
                    1098.9197492599487,
                    786.758542060852
                ],
                [
                    685.925304889679,
                    1563.737154006958
                ],
                [
                    893.9699530601501,
                    1096.71950340271
                ]
            ],
            "provenance": "visii",
            "quaternion_xyzw": [
                0.3747742772102356,
                0.7236425876617432,
                0.15638798475265503,
                -0.5580577850341797
            ],
            "quaternion_xyzw_world": [
                0.19198553264141083,
                0.3752690553665161,
                0.9064313173294067,
                -0.0264007356017828
            ],
            "segmentation_id": 9,
            "visibility": 0
        },
        {
            "bounding_box_minx_maxx_miny_maxy": [
                71,
                230,
                1,
                86
            ],
            "class": "Ecoforms",
            "local_cuboid": null,
            "local_to_world_matrix": [
                [
                    -0.000731348991394043,
                    0.3234661817550659,
                    -0.9462394714355469,
                    0.0
                ],
                [
                    0.9784376621246338,
                    -0.1952059268951416,
                    -0.0674862265586853,
                    0.0
                ],
                [
                    -0.2065410614013672,
                    -0.9258856773376465,
                    -0.3163487911224365,
                    0.0
                ],
                [
                    0.8845169544219971,
                    0.21779927611351013,
                    0.40181609988212585,
                    1.0
                ]
            ],
            "location": [
                -0.21779927611351013,
                0.40181609988212585,
                -0.8845169544219971
            ],
            "location_world": [
                0.8845169544219971,
                0.21779927611351013,
                0.40181609988212585
            ],
            "name": "google_Ecoforms_Plant_Container_Quadra_Sand_QP6_9",
            "projected_cuboid": [
                [
                    161.37543320655823,
                    38.65306079387665
                ],
                [
                    202.6282250881195,
                    88.5767787694931
                ],
                [
                    107.9694926738739,
                    61.406418681144714
                ],
                [
                    46.28117382526398,
                    7.291853427886963
                ],
                [
                    210.4986011981964,
                    -104.9608588218689
                ],
                [
                    242.05246567726135,
                    -26.70714259147644
                ],
                [
                    146.00354433059692,
                    -49.769043922424316
                ],
                [
                    93.26453506946564,
                    -130.00157475471497
                ],
                [
                    152.7101695537567,
                    -11.191308498382568
                ]
            ],
            "provenance": "visii",
            "quaternion_xyzw": [
                -0.3665647804737091,
                0.5122106075286865,
                -0.6319599151611328,
                0.4515497386455536
            ],
            "quaternion_xyzw_world": [
                0.6145777702331543,
                0.5295928120613098,
                -0.4689319133758545,
                0.3491826057434082
            ],
            "segmentation_id": 10,
            "visibility": 1
        },
        {
            "bounding_box_minx_maxx_miny_maxy": [
                -1,
                -1,
                -1,
                -1
            ],
            "class": "ReadytoUse",
            "local_cuboid": null,
            "local_to_world_matrix": [
                [
                    0.4057028889656067,
                    0.20380350947380066,
                    -0.8909934163093567,
                    0.0
                ],
                [
                    -0.9091508388519287,
                    0.190315842628479,
                    -0.37043827772140503,
                    0.0
                ],
                [
                    0.09407353401184082,
                    0.9603353142738342,
                    0.2624998688697815,
                    0.0
                ],
                [
                    0.208444744348526,
                    -0.06263009458780289,
                    -0.4133669137954712,
                    1.0
                ]
            ],
            "location": [
                0.06263009458780289,
                -0.4133669137954712,
                -0.208444744348526
            ],
            "location_world": [
                0.208444744348526,
                -0.06263009458780289,
                -0.4133669137954712
            ],
            "name": "google_ReadytoUse_Rolled_Fondant_Pure_White_24_oz_box_10",
            "projected_cuboid": [
                [
                    11.870265007019043,
                    1171.1878776550293
                ],
                [
                    -59.969544410705566,
                    1401.2314081192017
                ],
                [
                    380.61338663101196,
                    1614.7243976593018
                ],
                [
                    379.8667788505554,
                    1333.0525159835815
                ],
                [
                    26.34599804878235,
                    1081.2320709228516
                ],
                [
                    -61.857134103775024,
                    1352.685809135437
                ],
                [
                    513.3353471755981,
                    1626.722812652588
                ],
                [
                    483.6374521255493,
                    1274.95539188385
                ],
                [
                    198.90925288200378,
                    1341.0956859588623
                ]
            ],
            "provenance": "visii",
            "quaternion_xyzw": [
                -0.5614063739776611,
                0.48151808977127075,
                0.6083108186721802,
                -0.28796035051345825
            ],
            "quaternion_xyzw_world": [
                -0.488079696893692,
                0.3612869679927826,
                0.4081914722919464,
                0.6816374659538269
            ],
            "segmentation_id": 11,
            "visibility": 0
        },
        {
            "bounding_box_minx_maxx_miny_maxy": [
                -1,
                -1,
                -1,
                -1
            ],
            "class": "Dog",
            "local_cuboid": null,
            "local_to_world_matrix": [
                [
                    -0.8187694549560547,
                    0.0028606802225112915,
                    -0.5741152167320251,
                    0.0
                ],
                [
                    0.30501866340637207,
                    -0.8450193405151367,
                    -0.43921029567718506,
                    0.0
                ],
                [
                    -0.4863949418067932,
                    -0.5347278714179993,
                    0.6910036206245422,
                    0.0
                ],
                [
                    0.3968553841114044,
                    -0.33243054151535034,
                    0.34593871235847473,
                    1.0
                ]
            ],
            "location": [
                0.33243054151535034,
                0.34593871235847473,
                -0.3968553841114044
            ],
            "location_world": [
                0.3968553841114044,
                -0.33243054151535034,
                0.34593871235847473
            ],
            "name": "google_Dog_11",
            "projected_cuboid": [
                [
                    1495.1145648956299,
                    -1325.994610786438
                ],
                [
                    1599.815845489502,
                    -726.4031767845154
                ],
                [
                    1005.6971311569214,
                    -185.25171279907227
                ],
                [
                    814.186692237854,
                    -457.83960819244385
                ],
                [
                    847.7065563201904,
                    -725.575864315033
                ],
                [
                    992.4308657646179,
                    -477.08868980407715
                ],
                [
                    729.5677661895752,
                    -180.83840608596802
                ],
                [
                    582.8996300697327,
                    -340.71749448776245
                ],
                [
                    922.5701689720154,
                    -469.54429149627686
                ]
            ],
            "provenance": "visii",
            "quaternion_xyzw": [
                0.48732805252075195,
                0.13897424936294556,
                0.6943460702896118,
                -0.5109608173370361
            ],
            "quaternion_xyzw_world": [
                -0.2895022928714752,
                -0.26586952805519104,
                0.9158046245574951,
                -0.08248429745435715
            ],
            "segmentation_id": 12,
            "visibility": 0
        },
        {
            "bounding_box_minx_maxx_miny_maxy": [
                367,
                442,
                49,
                89
            ],
            "class": "Black",
            "local_cuboid": null,
            "local_to_world_matrix": [
                [
                    -0.6591697931289673,
                    0.1906934380531311,
                    0.727414071559906,
                    0.0
                ],
                [
                    -0.6412120461463928,
                    0.3628235459327698,
                    -0.6761702299118042,
                    0.0
                ],
                [
                    -0.3928641676902771,
                    -0.9121376276016235,
                    -0.11688733100891113,
                    0.0
                ],
                [
                    1.1972979307174683,
                    -0.23831380903720856,
                    0.360716313123703,
                    1.0
                ]
            ],
            "location": [
                0.23831380903720856,
                0.360716313123703,
                -1.1972979307174683
            ],
            "location_world": [
                1.1972979307174683,
                -0.23831380903720856,
                0.360716313123703
            ],
            "name": "google_Black_Elderberry_Syrup_54_oz_Gaia_Herbs_12",
            "projected_cuboid": [
                [
                    448.97913932800293,
                    46.511828899383545
                ],
                [
                    444.0808892250061,
                    61.390966176986694
                ],
                [
                    365.64552783966064,
                    61.83519959449768
                ],
                [
                    372.79242277145386,
                    47.65036702156067
                ],
                [
                    448.19992780685425,
                    74.30818676948547
                ],
                [
                    443.4375762939453,
                    89.61950242519379
                ],
                [
                    367.5001561641693,
                    88.7056440114975
                ],
                [
                    374.3722438812256,
                    74.12901520729065
                ],
                [
                    407.25013613700867,
                    68.12113523483276
                ]
            ],
            "provenance": "visii",
            "quaternion_xyzw": [
                -0.522640585899353,
                -0.1743983030319214,
                -0.7516195774078369,
                -0.3626294434070587
            ],
            "quaternion_xyzw_world": [
                -0.1540243774652481,
                0.7312456369400024,
                -0.5430144667625427,
                -0.3830033838748932
            ],
            "segmentation_id": 13,
            "visibility": 1
        },
        {
            "bounding_box_minx_maxx_miny_maxy": [
                -1,
                -1,
                -1,
                -1
            ],
