{
    "camera_data": {
        "camera_look_at": {
            "at": [
                1.0,
                0.0,
                0.0
            ],
            "eye": [
                0.0,
                0.0,
                0.0
            ],
            "up": [
                0.0,
                0.0,
                1.0
            ]
        },
        "camera_view_matrix": [
            [
                0.0,
                0.0,
                -1.0,
                0.0
            ],
            [
                -1.0,
                0.0,
                0.0,
                0.0
            ],
            [
                0.0,
                1.0,
                0.0,
                0.0
            ],
            [
                0.0,
                0.0,
                0.0,
                1.0
            ]
        ],
        "height": 500,
        "intrinsics": {
            "cx": 250.0,
            "cy": 250.0,
            "fx": 603.5535278320312,
            "fy": 603.5535278320312
        },
        "location_world": [
            0.0,
            0.0,
            0.0
        ],
        "quaternion_world_xyzw": [
            0.5,
            -0.5,
            -0.5,
            0.5
        ],
        "width": 500
    },
    "objects": [
        {
            "bounding_box_minx_maxx_miny_maxy": [
                -1,
                -1,
                -1,
                -1
            ],
            "class": "Reebok",
            "local_cuboid": null,
            "local_to_world_matrix": [
                [
                    0.4037545323371887,
                    0.790898859500885,
                    0.4598495066165924,
                    0.0
                ],
                [
                    -0.9146886467933655,
                    0.33903729915618896,
                    0.21999697387218475,
                    0.0
                ],
                [
                    0.01808914542198181,
                    -0.5094438195228577,
                    0.8603137731552124,
                    0.0
                ],
                [
                    0.4568729102611542,
                    -0.23475205898284912,
                    0.2889448404312134,
                    1.0
                ]
            ],
            "location": [
                0.23475205898284912,
                0.2889448404312134,
                -0.4568729102611542
            ],
            "location_world": [
                0.4568729102611542,
                -0.23475205898284912,
                0.2889448404312134
            ],
            "name": "google_Reebok_SOMERSET_RUN_0",
            "projected_cuboid": [
                [
                    542.9723858833313,
                    -124.9883770942688
                ],
                [
                    596.2532758712769,
                    -525.1378417015076
                ],
                [
                    495.1416254043579,
                    -355.54349422454834
                ],
                [
                    485.7923984527588,
                    -28.016775846481323
                ],
                [
                    660.8974933624268,
                    -100.01489520072937
                ],
                [
                    826.5977501869202,
                    -538.3586287498474
                ],
                [
                    711.7533087730408,
                    -343.120813369751
                ],
                [
                    599.5659828186035,
                    4.829138517379761
                ],
                [
                    598.3074903488159,
                    -196.50346040725708
                ]
            ],
            "provenance": "visii",
            "quaternion_xyzw": [
                0.04240732640028,
                0.7122122645378113,
                0.6230595707893372,
                0.32055002450942993
            ],
            "quaternion_xyzw_world": [
                0.22605499625205994,
                -0.136902317404747,
                0.5285645723342896,
                0.8067072629928589
            ],
            "segmentation_id": 1,
            "visibility": 0
        },
        {
            "bounding_box_minx_maxx_miny_maxy": [
                12,
                40,
                145,
                186
            ],
            "class": "Breyer",
            "local_cuboid": null,
            "local_to_world_matrix": [
                [
                    -0.09198760986328125,
                    0.8736349940299988,
                    -0.4778076708316803,
                    0.0
                ],
                [
                    -0.8007230162620544,
                    0.22034412622451782,
                    0.5570378303527832,
                    0.0
                ],
                [
                    0.5919299125671387,
                    0.4338321089744568,
                    0.6792707443237305,
                    0.0
                ],
                [
                    1.817754864692688,
                    0.606465756893158,
                    0.23578202724456787,
                    1.0
                ]
            ],
            "location": [
                -0.606465756893158,
                0.23578202724456787,
                -1.817754864692688
            ],
            "location_world": [
                1.817754864692688,
                0.606465756893158,
                0.23578202724456787
            ],
            "name": "google_Breyer_Horse_Of_The_Year_2015_1",
            "projected_cuboid": [
                [
                    7.305175065994263,
                    164.52372074127197
                ],
                [
                    -2.7960240840911865,
                    152.03626453876495
                ],
                [
                    6.866544485092163,
                    182.3483109474182
                ],
                [
                    17.224982380867004,
                    194.68888640403748
                ],
                [
                    72.89248704910278,
                    131.04812800884247
                ],
                [
                    64.507395029068,
                    117.88323521614075
                ],
                [
                    77.44604349136353,
                    146.11682295799255
                ],
                [
                    85.91923117637634,
                    159.2218577861786
                ],
                [
                    41.2844717502594,
                    155.60662746429443
                ]
            ],
            "provenance": "visii",
            "quaternion_xyzw": [
                -0.2007840871810913,
                0.8692816495895386,
                0.4256369471549988,
                -0.15122246742248535
            ],
            "quaternion_xyzw_world": [
                0.045819081366062164,
                0.3978256583213806,
                0.6226785182952881,
                0.672240138053894
            ],
            "segmentation_id": 2,
            "visibility": 1
        },
        {
            "bounding_box_minx_maxx_miny_maxy": [
                310,
                370,
                234,
                300
            ],
            "class": "Smith",
            "local_cuboid": null,
            "local_to_world_matrix": [
                [
                    -0.9214645624160767,
                    -0.2953208088874817,
                    -0.2523680329322815,
                    0.0
                ],
                [
                    0.3878132104873657,
                    -0.6617716550827026,
                    -0.6416073441505432,
                    0.0
                ],
                [
                    0.022470057010650635,
                    -0.6890897154808044,
                    0.7243276238441467,
                    0.0
                ],
                [
                    1.6904443502426147,
                    -0.012330162338912487,
                    -0.1146288588643074,
                    1.0
                ]
            ],
            "location": [
                0.012330162338912487,
                -0.1146288588643074,
                -1.6904443502426147
            ],
            "location_world": [
                1.6904443502426147,
                -0.012330162338912487,
                -0.1146288588643074
            ],
            "name": "google_Smith_Hawken_Woven_BasketTray_Organizer_with_3_Compartments_95_x_9_x_13_2",
            "projected_cuboid": [
                [
                    316.99904799461365,
                    201.6673982143402
                ],
                [
                    377.8698444366455,
                    267.845094203949
                ],
                [
                    307.3260188102722,
                    342.5806164741516
                ],
                [
                    241.42590165138245,
                    281.19564056396484
                ],
                [
                    269.2244052886963,
                    180.21056056022644
                ],
                [
                    322.0070004463196,
                    236.00295186042786
                ],
                [
                    263.5899782180786,
                    297.60265350341797
                ],
                [
                    207.40126073360443,
                    245.02934515476227
                ],
                [
                    286.9325578212738,
                    255.67394495010376
                ]
            ],
            "provenance": "visii",
            "quaternion_xyzw": [
                0.6998925805091858,
                0.14623790979385376,
                0.5752861499786377,
                -0.39725422859191895
            ],
            "quaternion_xyzw_world": [
                -0.06320494413375854,
                -0.3658432960510254,
                0.9093354344367981,
                -0.18781134486198425
            ],
            "segmentation_id": 3,
            "visibility": 1
        },
        {
            "bounding_box_minx_maxx_miny_maxy": [
                -1,
                -1,
                -1,
                -1
            ],
            "class": "Paul",
            "local_cuboid": null,
            "local_to_world_matrix": [
                [
                    -0.7276270389556885,
                    0.4108341336250305,
                    -0.5493399500846863,
                    0.0
                ],
                [
                    -0.5335375666618347,
                    -0.8422844409942627,
                    0.07677796483039856,
                    0.0
                ],
                [
                    -0.4311574101448059,
                    0.34895920753479004,
                    0.832064151763916,
                    0.0
                ],
                [
                    0.4183698892593384,
                    -0.3100097179412842,
                    -0.06890740990638733,
                    1.0
                ]
            ],
            "location": [
                0.3100097179412842,
                -0.06890740990638733,
                -0.4183698892593384
            ],
            "location_world": [
                0.4183698892593384,
                -0.3100097179412842,
                -0.06890740990638733
            ],
            "name": "google_Paul_Frank_Dot_Lunch_Box_3",
            "projected_cuboid": [
                [
                    561.0054731369019,
                    136.09543442726135
                ],
                [
                    937.3506903648376,
                    76.3130635023117
                ],
                [
                    869.5451021194458,
                    532.6806306838989
                ],
                [
                    611.5936040878296,
                    500.5544424057007
                ],
                [
                    573.8989114761353,
                    -11.902928352355957
                ],
                [
                    764.8262977600098,
                    -64.05797600746155
                ],
                [
                    759.3944072723389,
                    240.9316599369049
                ],
                [
                    604.2418479919434,
                    251.1097490787506
                ],
                [
                    691.7544603347778,
                    205.1881104707718
                ]
            ],
            "provenance": "visii",
            "quaternion_xyzw": [
                0.14250487089157104,
                0.5139199495315552,
                0.6643067002296448,
                -0.5237129926681519
            ],
            "quaternion_xyzw_world": [
                -0.2657974660396576,
                0.11541067808866501,
                0.9222222566604614,
                0.25600436329841614
            ],
            "segmentation_id": 4,
            "visibility": 0
        },
        {
            "bounding_box_minx_maxx_miny_maxy": [
                -1,
                -1,
                -1,
                -1
            ],
            "class": "Toys",
            "local_cuboid": null,
            "local_to_world_matrix": [
                [
                    0.3103971481323242,
                    0.11805093288421631,
                    0.9432483911514282,
                    0.0
                ],
                [
                    0.9503165483474731,
                    -0.014007568359375,
                    -0.3109700083732605,
                    0.0
                ],
                [
                    -0.023497730493545532,
                    0.992908775806427,
                    -0.11653363704681396,
                    0.0
                ],
                [
                    1.175573468208313,
                    0.547392725944519,
                    -0.5050035119056702,
                    1.0
                ]
            ],
            "location": [
                -0.547392725944519,
                -0.5050035119056702,
                -1.175573468208313
            ],
            "location_world": [
                1.175573468208313,
                0.547392725944519,
                -0.5050035119056702
            ],
            "name": "google_Toys_R_Us_Treat_Dispenser_Smart_Puzzle_Foobler_4",
            "projected_cuboid": [
                [
                    -131.5985918045044,
                    478.98656129837036
                ],
                [
                    -86.59631013870239,
                    475.3578305244446
                ],
                [
                    -13.38505744934082,
                    466.238796710968
                ],
                [
                    -48.73764514923096,
                    468.67191791534424
                ],
                [
                    -138.3926272392273,
                    571.169376373291
                ],
                [
                    -90.80660343170166,
                    556.3565492630005
                ],
                [
                    -14.712035655975342,
                    546.64146900177
                ],
                [
                    -51.81893706321716,
                    560.0871443748474
                ],
                [
                    -70.62003016471863,
                    514.2815113067627
                ]
            ],
            "provenance": "visii",
            "quaternion_xyzw": [
                -0.5406989455223083,
                -0.44260120391845703,
                0.6026024222373962,
                0.3855116069316864
            ],
            "quaternion_xyzw_world": [
                -0.6001954674720764,
                -0.44500812888145447,
                -0.3831046521663666,
                0.5431059002876282
            ],
            "segmentation_id": 5,
            "visibility": 0
        },
        {
            "bounding_box_minx_maxx_miny_maxy": [
                -1,
                -1,
                -1,
                -1
            ],
            "class": "Tag",
            "local_cuboid": null,
            "local_to_world_matrix": [
                [
                    0.49749159812927246,
                    -0.7575094103813171,
                    0.4227074980735779,
                    0.0
                ],
                [
                    0.7479069828987122,
                    0.1276850700378418,
                    -0.6514074802398682,
                    0.0
                ],
                [
                    0.43947386741638184,
                    0.6402156352996826,
                    0.6300687789916992,
                    0.0
                ],
                [
                    0.6228646039962769,
                    0.3478153347969055,
                    0.3783121407032013,
                    1.0
                ]
            ],
            "location": [
                -0.3478153347969055,
                0.3783121407032013,
                -0.6228646039962769
            ],
            "location_world": [
                0.6228646039962769,
                0.3478153347969055,
                0.3783121407032013
            ],
            "name": "google_Tag_Dishtowel_Basket_Weave_Red_18_x_26_5",
            "projected_cuboid": [
                [
                    -45.8243191242218,
                    -271.0433602333069
                ],
                [
                    -2.05269455909729,
                    -33.38468074798584
                ],
                [
                    10.71852445602417,
                    -21.53518795967102
                ],
                [
                    -30.362218618392944,
                    -261.91937923431396
                ],
                [
                    -248.50258231163025,
                    -272.41426706314087
                ],
                [
                    -147.55648374557495,
                    -4.876643419265747
                ],
                [
                    -136.5014612674713,
                    9.133204817771912
                ],
                [
                    -236.67627573013306,
                    -261.76345348358154
                ],
                [
                    -93.82873773574829,
                    -122.71806597709656
                ]
            ],
            "provenance": "visii",
            "quaternion_xyzw": [
                -0.8438588380813599,
                -0.08740279078483582,
                0.3370549976825714,
                0.40823647379875183
            ],
            "quaternion_xyzw_world": [
                -0.43004006147384644,
                0.005582279991358519,
                -0.5012215375900269,
                0.7508737444877625
            ],
            "segmentation_id": 6,
            "visibility": 0
        },
        {
            "bounding_box_minx_maxx_miny_maxy": [
                -1,
                -1,
                -1,
                -1
            ],
            "class": "FRACTION",
            "local_cuboid": null,
            "local_to_world_matrix": [
                [
                    0.24242693185806274,
                    0.8279958963394165,
                    -0.5056206583976746,
                    0.0
                ],
                [
                    0.9152246713638306,
                    -0.022283077239990234,
                    0.40232765674591064,
                    0.0
                ],
                [
                    0.3218589723110199,
                    -0.5602915287017822,
                    -0.7632043361663818,
                    0.0
                ],
                [
                    0.6384630799293518,
                    0.1680161952972412,
                    -0.5234550833702087,
                    1.0
                ]
            ],
            "location": [
                -0.1680161952972412,
                -0.5234550833702087,
                -0.6384630799293518
            ],
            "location_world": [
                0.6384630799293518,
                0.1680161952972412,
                -0.5234550833702087
            ],
            "name": "google_FRACTION_FUN_n4h4qte23QR_6",
            "projected_cuboid": [
                [
                    25.854185223579407,
                    906.9162607192993
                ],
                [
                    80.23104071617126,
                    696.9510316848755
                ],
                [
                    57.182490825653076,
                    678.3635020256042
                ],
                [
                    -5.492866039276123,
                    887.8777623176575
                ],
                [
                    169.08463835716248,
                    859.9933385848999
                ],
                [
                    192.13996827602386,
                    648.9214897155762
                ],
                [
                    169.94154453277588,
                    628.2505989074707
                ],
                [
                    139.0327513217926,
                    838.1850123405457
                ],
                [
                    104.40151393413544,
                    755.0052404403687
                ]
            ],
            "provenance": "visii",
            "quaternion_xyzw": [
                -0.1512742042541504,
                0.7987775802612305,
                -0.5253117084503174,
                0.25123342871665955
            ],
            "quaternion_xyzw_world": [
                0.7120242714881897,
                0.6120650172233582,
                -0.06452085822820663,
                0.3379867970943451
            ],
            "segmentation_id": 7,
            "visibility": 0
        },
        {
            "bounding_box_minx_maxx_miny_maxy": [
                -1,
                -1,
                -1,
                -1
            ],
            "class": "FAIRY",
            "local_cuboid": null,
            "local_to_world_matrix": [
                [
                    -0.6688653230667114,
                    -0.5455219149589539,
                    0.505000114440918,
                    0.0
                ],
                [
                    0.6899673342704773,
                    -0.7084273099899292,
                    0.14857937395572662,
                    0.0
                ],
                [
                    0.2767025828361511,
                    0.4478132128715515,
                    0.8502346873283386,
                    0.0
                ],
                [
                    0.8527271747589111,
                    0.24651627242565155,
                    0.4695907533168793,
                    1.0
                ]
            ],
            "location": [
                -0.24651627242565155,
                0.4695907533168793,
                -0.8527271747589111
            ],
            "location_world": [
                0.8527271747589111,
                0.24651627242565155,
                0.4695907533168793
            ],
            "name": "google_FAIRY_TALE_BLOCKS_7",
            "projected_cuboid": [
                [
                    -53.81390452384949,
                    -323.1905698776245
                ],
                [
                    129.24090027809143,
                    -235.3377342224121
                ],
                [
                    190.62885642051697,
                    -137.14700937271118
                ],
                [
                    7.463976740837097,
                    -206.51471614837646
                ],
                [
                    -88.29560875892639,
                    -134.9208652973175
                ],
                [
                    72.68586754798889,
                    -92.07916259765625
                ],
                [
                    120.76514959335327,
                    -1.1202096939086914
                ],
                [
                    -41.57441854476929,
                    -27.38058567047119
                ],
                [
                    47.650083899497986,
                    -136.00587844848633
                ]
            ],
            "provenance": "visii",
            "quaternion_xyzw": [
                0.6468471884727478,
                0.4689776301383972,
                0.0854344367980957,
                -0.5952727794647217
            ],
            "quaternion_xyzw_world": [
                0.21755880117416382,
                0.1659843921661377,
                0.8982660174369812,
                -0.3438539505004883
            ],
            "segmentation_id": 8,
            "visibility": 0
        },
        {
            "bounding_box_minx_maxx_miny_maxy": [
                -1,
                -1,
                -1,
                -1
            ],
            "class": "Great",
            "local_cuboid": null,
            "local_to_world_matrix": [
                [
                    0.64365553855896,
                    0.34346842765808105,
                    -0.6839130520820618,
                    0.0
                ],
                [
                    0.7417774200439453,
                    -0.0600590705871582,
                    0.6679515838623047,
                    0.0
                ],
                [
                    0.1883450746536255,
                    -0.9372419118881226,
                    -0.2934345006942749,
                    0.0
                ],
                [
                    0.22205637395381927,
                    -0.34940290451049805,
                    -0.3136046528816223,
                    1.0
                ]
            ],
            "location": [
                0.34940290451049805,
                -0.3136046528816223,
                -0.22205637395381927
            ],
            "location_world": [
                0.22205637395381927,
                -0.34940290451049805,
                -0.3136046528816223
            ],
            "name": "google_Great_Jones_Wingtip_kAqSg6EgG0I_8",
            "projected_cuboid": [
                [
                    1828.2631635665894,
                    2056.1158657073975
                ],
                [
                    931.9834113121033,
                    679.1672706604004
                ],
                [
                    798.8434433937073,
                    649.8516201972961
                ],
                [
                    1613.3692264556885,
                    2186.668634414673
                ],
                [
                    3309.018850326538,
                    2963.7482166290283
                ],
                [
                    1154.325008392334,
                    632.1912407875061
                ],
                [
                    1005.3861141204834,
                    592.5899744033813
                ],
                [
                    3325.927257537842,
                    3502.877712249756
                ],
                [
                    1294.4515943527222,
                    1106.7066192626953
                ]
            ],
            "provenance": "visii",
            "quaternion_xyzw": [
                -0.2103123664855957,
                0.7415802478790283,
                -0.34898847341537476,
                0.5329489707946777
            ],
            "quaternion_xyzw_world": [
                0.7066026329994202,
                0.3839660882949829,
                -0.17533475160598755,
                0.5679265260696411
            ],
            "segmentation_id": 9,
            "visibility": 0
        },
        {
            "bounding_box_minx_maxx_miny_maxy": [
                16,
                141,
                14,
                110
            ],
            "class": "Ecoforms",
            "local_cuboid": null,
            "local_to_world_matrix": [
                [
                    0.74241042137146,
                    0.32533562183380127,
                    -0.5856478810310364,
                    0.0
                ],
                [
                    0.25452715158462524,
                    -0.9455975294113159,
                    -0.20263540744781494,
                    0.0
                ],
                [
                    -0.619711697101593,
                    0.001375354826450348,
                    -0.7848283052444458,
                    0.0
                ],
                [
                    0.8516660332679749,
                    0.22744980454444885,
                    0.3990636467933655,
                    1.0
                ]
            ],
            "location": [
                -0.22744980454444885,
                0.3990636467933655,
                -0.8516660332679749
            ],
            "location_world": [
                0.8516660332679749,
                0.22744980454444885,
                0.3990636467933655
            ],
            "name": "google_Ecoforms_Plant_Container_Quadra_Sand_QP6_9",
            "projected_cuboid": [
                [
                    -15.0318443775177,
                    74.78716969490051
                ],
                [
                    129.0675699710846,
                    112.47244477272034
                ],
                [
                    142.55943894386292,
                    43.30533742904663
                ],
                [
                    15.944212675094604,
                    6.27531111240387
                ],
                [
                    -15.150010585784912,
                    -66.31797552108765
                ],
                [
                    158.0197811126709,
                    -11.287122964859009
                ],
                [
                    170.124351978302,
                    -76.54163241386414
                ],
                [
                    21.626994013786316,
                    -128.15088033676147
                ],
                [
                    78.2126784324646,
                    -1.4218688011169434
                ]
            ],
            "provenance": "visii",
            "quaternion_xyzw": [
                0.25376561284065247,
                0.354608416557312,
                -0.7327487468719482,
                0.5224319696426392
            ],
            "quaternion_xyzw_world": [
                0.9317773580551147,
                0.15557976067066193,
                -0.32340332865715027,
                -0.054736990481615067
            ],
            "segmentation_id": 10,
            "visibility": 1
        },
        {
            "bounding_box_minx_maxx_miny_maxy": [
                -1,
                -1,
                -1,
                -1
            ],
            "class": "ReadytoUse",
            "local_cuboid": null,
            "local_to_world_matrix": [
                [
                    0.5728051066398621,
                    0.803919792175293,
                    -0.1600225418806076,
                    0.0
                ],
                [
                    -0.8104227781295776,
                    0.5847065448760986,
                    0.03651289641857147,
                    0.0
                ],
                [
                    0.12291966378688812,
                    0.10877114534378052,
                    0.9864378571510315,
                    0.0
                ],
                [
                    0.23297666013240814,
                    -0.09997332096099854,
                    -0.43929585814476013,
                    1.0
                ]
            ],
            "location": [
                0.09997332096099854,
                -0.43929585814476013,
                -0.23297666013240814
            ],
            "location_world": [
                0.23297666013240814,
                -0.09997332096099854,
                -0.43929585814476013
            ],
            "name": "google_ReadytoUse_Rolled_Fondant_Pure_White_24_oz_box_10",
            "projected_cuboid": [
                [
                    342.5232470035553,
                    804.9547076225281
                ],
                [
                    291.68248176574707,
                    883.1973671913147
                ],
                [
                    339.8516774177551,
                    1341.3894176483154
                ],
                [
                    387.6895308494568,
                    1194.0844058990479
                ],
                [
                    616.9383525848389,
                    917.7882671356201
                ],
                [
                    603.2201051712036,
                    1046.0491180419922
                ],
                [
                    706.5027356147766,
                    1702.5033235549927
                ],
                [
                    702.6573419570923,
                    1442.1122074127197
                ],
                [
                    475.7874608039856,
                    1133.5750818252563
                ]
            ],
            "provenance": "visii",
            "quaternion_xyzw": [
                -0.2657474875450134,
                0.7005983591079712,
                0.6411877870559692,
                0.16558484733104706
            ],
            "quaternion_xyzw_world": [
                -0.020376034080982208,
                0.07978660613298416,
                0.45522692799568176,
                0.886559247970581
            ],
            "segmentation_id": 11,
            "visibility": 0
        },
        {
            "bounding_box_minx_maxx_miny_maxy": [
                -1,
                -1,
                -1,
                -1
            ],
            "class": "Dog",
            "local_cuboid": null,
            "local_to_world_matrix": [
                [
                    -0.10138332843780518,
                    0.4240477681159973,
                    0.8999472260475159,
                    0.0
                ],
                [
                    0.472655713558197,
                    -0.7754607200622559,
                    0.41863760352134705,
                    0.0
                ],
                [
                    0.8753959536552429,
                    0.4678080379962921,
                    -0.1218099594116211,
                    0.0
                ],
                [
                    0.1762162297964096,
                    -0.35951775312423706,
                    0.37795138359069824,
                    1.0
                ]
            ],
            "location": [
                0.35951775312423706,
                0.37795138359069824,
                -0.1762162297964096
            ],
            "location_world": [
                0.1762162297964096,
                -0.35951775312423706,
                0.37795138359069824
            ],
            "name": "google_Dog_11",
            "projected_cuboid": [
                [
                    545.3550815582275,
                    -612.5413775444031
                ],
                [
                    704.9975395202637,
                    -537.1922850608826
                ],
                [
                    1355.4892539978027,
                    -1266.025424003601
                ],
                [
                    1439.634084701538,
                    -1982.4533462524414
                ],
                [
                    709.9775075912476,
                    -153.17389369010925
                ],
                [
                    824.7490525245667,
                    -181.61603808403015
                ],
                [
                    1499.3290901184082,
                    -569.2442655563354
                ],
                [
                    1657.588243484497,
                    -743.1129217147827
                ],
                [
                    965.3768539428711,
                    -593.4782028198242
                ]
            ],
            "provenance": "visii",
            "quaternion_xyzw": [
                0.5081118941307068,
                0.82433021068573,
                -0.1802874505519867,
                -0.17262235283851624
            ],
            "quaternion_xyzw_world": [
                0.6700536012649536,
                0.33456408977508545,
                0.6623885035514832,
                -0.018345700576901436
            ],
            "segmentation_id": 12,
            "visibility": 0
        },
        {
            "bounding_box_minx_maxx_miny_maxy": [
                264,
                322,
                183,
                232
            ],
            "class": "Black",
            "local_cuboid": null,
            "local_to_world_matrix": [
                [
                    0.5634148716926575,
                    -0.15601474046707153,
                    0.8113094568252563,
                    0.0
                ],
                [
                    0.7263587713241577,
                    0.5614511966705322,
                    -0.39645370841026306,
                    0.0
                ],
                [
                    -0.3936580419540405,
                    0.8126696348190308,
                    0.4296525716781616,
                    0.0
                ],
                [
                    1.5678836107254028,
                    -0.17024493217468262,
                    0.077193982899189,
                    1.0
                ]
            ],
            "location": [
                0.17024493217468262,
                0.077193982899189,
                -1.5678836107254028
            ],
            "location_world": [
                1.5678836107254028,
                -0.17024493217468262,
                0.077193982899189
            ],
            "name": "google_Black_Elderberry_Syrup_54_oz_Gaia_Herbs_12",
            "projected_cuboid": [
                [
                    279.40553426742554,
                    180.06980419158936
                ],
                [
                    265.6579315662384,
                    191.14024937152863
                ],
                [
                    309.4339370727539,
                    216.67315065860748
                ],
                [
                    323.8814175128937,
                    206.70878887176514
                ],
                [
                    276.396244764328,
                    197.5318342447281
                ],
                [
                    262.4419331550598,
                    208.3429992198944
                ],
                [
                    307.2303831577301,
                    233.77370834350586
                ],
                [
                    321.9199776649475,
                    224.07934069633484
                ],
                [
                    293.6245799064636,
                    207.51363039016724
                ]
            ],
            "provenance": "visii",
            "quaternion_xyzw": [
                -0.5382402539253235,
                -0.11605334281921387,
                0.6391590237617493,
                0.5369402170181274
            ],
            "quaternion_xyzw_world": [
                -0.378256231546402,
                -0.37695613503456116,
                -0.27603739500045776,
                0.7991430759429932
            ],
            "segmentation_id": 13,
            "visibility": 1
        },
        {
            "bounding_box_minx_maxx_miny_maxy": [
                -1,
                -1,
                -1,
                -1
            ],
            "class": "Razer",
            "local_cuboid": null,
