{
    "camera_data": {
        "camera_look_at": {
            "at": [
                1.0,
                0.0,
                0.0
            ],
            "eye": [
                0.0,
                0.0,
                0.0
            ],
            "up": [
                0.0,
                0.0,
                1.0
            ]
        },
        "camera_view_matrix": [
            [
                0.0,
                0.0,
                -1.0,
                0.0
            ],
            [
                -1.0,
                0.0,
                0.0,
                0.0
            ],
            [
                0.0,
                1.0,
                0.0,
                0.0
            ],
            [
                0.0,
                0.0,
                0.0,
                1.0
            ]
        ],
        "height": 500,
        "intrinsics": {
            "cx": 250.0,
            "cy": 250.0,
            "fx": 603.5535278320312,
            "fy": 603.5535278320312
        },
        "location_world": [
            0.0,
            0.0,
            0.0
        ],
        "quaternion_world_xyzw": [
            0.5,
            -0.5,
            -0.5,
            0.5
        ],
        "width": 500
    },
    "objects": [
        {
            "bounding_box_minx_maxx_miny_maxy": [
                -1,
                -1,
                -1,
                -1
            ],
            "class": "Reebok",
            "local_cuboid": null,
            "local_to_world_matrix": [
                [
                    0.3379476070404053,
                    -0.03995755314826965,
                    0.9403164386749268,
                    0.0
                ],
                [
                    -0.7019730806350708,
                    0.6548058986663818,
                    0.2801128029823303,
                    0.0
                ],
                [
                    -0.6269173622131348,
                    -0.7547401785850525,
                    0.19324100017547607,
                    0.0
                ],
                [
                    0.3823438584804535,
                    -0.2501762807369232,
                    0.14966847002506256,
                    1.0
                ]
            ],
            "location": [
                0.2501762807369232,
                0.14966847002506256,
                -0.3823438584804535
            ],
            "location_world": [
                0.3823438584804535,
                -0.2501762807369232,
                0.14966847002506256
            ],
            "name": "google_Reebok_SOMERSET_RUN_0",
            "projected_cuboid": [
                [
                    859.7021102905273,
                    -7.620066404342651
                ],
                [
                    902.1531343460083,
                    -460.70396900177
                ],
                [
                    566.2902593612671,
                    -242.26009845733643
                ],
                [
                    666.8053865432739,
                    56.422099471092224
                ],
                [
                    911.9107723236084,
                    130.25975227355957
                ],
                [
                    1020.0715065002441,
                    -264.0402317047119
                ],
                [
                    602.1320223808289,
                    -68.5473382472992
                ],
                [
                    695.0751543045044,
                    178.0111938714981
                ],
                [
                    762.6980543136597,
                    -30.56606650352478
                ]
            ],
            "provenance": "visii",
            "quaternion_xyzw": [
                0.18229609727859497,
                0.3915475606918335,
                0.571587085723877,
                0.6976724863052368
            ],
            "quaternion_xyzw_world": [
                0.34996455907821655,
                -0.53000408411026,
                0.2238791137933731,
                0.7392555475234985
            ],
            "segmentation_id": 1,
            "visibility": 0
        },
        {
            "bounding_box_minx_maxx_miny_maxy": [
                -1,
                -1,
                -1,
                -1
            ],
            "class": "Breyer",
            "local_cuboid": null,
            "local_to_world_matrix": [
                [
                    0.8670769333839417,
                    0.44307613372802734,
                    -0.22773036360740662,
                    0.0
                ],
                [
                    0.19693928956985474,
                    -0.724757194519043,
                    -0.6602591872215271,
                    0.0
                ],
                [
                    -0.45759424567222595,
                    0.5276464819908142,
                    -0.715679407119751,
                    0.0
                ],
                [
                    1.5483670234680176,
                    0.576998233795166,
                    0.4606929123401642,
                    1.0
                ]
            ],
            "location": [
                -0.576998233795166,
                0.4606929123401642,
                -1.5483670234680176
            ],
            "location_world": [
                1.5483670234680176,
                0.576998233795166,
                0.4606929123401642
            ],
            "name": "google_Breyer_Horse_Of_The_Year_2015_1",
            "projected_cuboid": [
                [
                    -28.145819902420044,
                    120.02776563167572
                ],
                [
                    -10.250389575958252,
                    135.44690608978271
                ],
                [
                    30.20213544368744,
                    100.35848617553711
                ],
                [
                    13.348311185836792,
                    85.35386621952057
                ],
                [
                    -23.733824491500854,
                    77.97867059707642
                ],
                [
                    -3.28749418258667,
                    95.97145020961761
                ],
                [
                    42.39630699157715,
                    57.954490184783936
                ],
                [
                    23.30094575881958,
                    40.535569190979004
                ],
                [
                    5.741357803344727,
                    90.20887315273285
                ]
            ],
            "provenance": "visii",
            "quaternion_xyzw": [
                0.4357719421386719,
                0.2851415276527405,
                -0.8001452684402466,
                0.29759830236434937
            ],
            "quaternion_xyzw_world": [
                0.9093285202980042,
                0.17595824599266052,
                -0.1884150207042694,
                -0.3265886902809143
            ],
            "segmentation_id": 2,
            "visibility": 0
        },
        {
            "bounding_box_minx_maxx_miny_maxy": [
                150,
                166,
                299,
                311
            ],
            "class": "Smith",
            "local_cuboid": null,
            "local_to_world_matrix": [
                [
                    -0.48657703399658203,
                    0.7126225829124451,
                    -0.5053828954696655,
                    0.0
                ],
                [
                    -0.8476203083992004,
                    -0.24495506286621094,
                    0.47067686915397644,
                    0.0
                ],
                [
                    0.21161887049674988,
                    0.6573933362960815,
                    0.7232229113578796,
                    0.0
                ],
                [
                    1.8172038793563843,
                    0.11847588419914246,
                    -0.07138676196336746,
                    1.0
                ]
            ],
            "location": [
                -0.11847588419914246,
                -0.07138676196336746,
                -1.8172038793563843
            ],
            "location_world": [
                1.8172038793563843,
                0.11847588419914246,
                -0.07138676196336746
            ],
            "name": "google_Smith_Hawken_Woven_BasketTray_Organizer_with_3_Compartments_95_x_9_x_13_2",
            "projected_cuboid": [
                [
                    105.01983761787415,
                    259.44623351097107
                ],
                [
                    108.84642601013184,
                    217.11401641368866
                ],
                [
                    169.6290224790573,
                    288.274347782135
                ],
                [
                    158.47675502300262,
                    323.47673177719116
                ],
                [
                    192.14972853660583,
                    205.56160807609558
                ],
                [
                    205.86681365966797,
                    160.89525818824768
                ],
                [
                    263.78384232521057,
                    223.3291119337082
                ],
                [
                    243.4101402759552,
                    262.4968886375427
                ],
                [
                    182.2626143693924,
                    241.8743073940277
                ]
            ],
            "provenance": "visii",
            "quaternion_xyzw": [
                -0.08414185047149658,
                0.7737761735916138,
                0.5075250864028931,
                -0.3696063756942749
            ],
            "quaternion_xyzw_world": [
                -0.093748539686203,
                0.3599996566772461,
                0.7833828926086426,
                0.49791836738586426
            ],
            "segmentation_id": 3,
            "visibility": 1
        },
        {
            "bounding_box_minx_maxx_miny_maxy": [
                465,
                499,
                65,
                126
            ],
            "class": "Paul",
            "local_cuboid": null,
            "local_to_world_matrix": [
                [
                    -0.22562694549560547,
                    -0.47992825508117676,
                    0.847798228263855,
                    0.0
                ],
                [
                    0.5296919345855713,
                    -0.7908008098602295,
                    -0.3066942095756531,
                    0.0
                ],
                [
                    0.817630410194397,
                    0.3798733949661255,
                    0.43263959884643555,
                    0.0
                ],
                [
                    0.5194720029830933,
                    -0.3060882091522217,
                    0.006919423118233681,
                    1.0
                ]
            ],
            "location": [
                0.3060882091522217,
                0.006919423118233681,
                -0.5194720029830933
            ],
            "location_world": [
                0.5194720029830933,
                -0.3060882091522217,
                0.006919423118233681
            ],
            "name": "google_Paul_Frank_Dot_Lunch_Box_3",
            "projected_cuboid": [
                [
                    471.42842411994934,
                    31.210482120513916
                ],
                [
                    526.311993598938,
                    77.09863781929016
                ],
                [
                    730.1369309425354,
                    130.72046637535095
                ],
                [
                    677.9419183731079,
                    72.59783148765564
                ],
                [
                    345.4534411430359,
                    239.32112753391266
                ],
                [
                    405.4707884788513,
                    266.1510109901428
                ],
                [
                    548.6335754394531,
                    376.34822726249695
                ],
                [
                    482.46341943740845,
                    351.84216499328613
                ],
                [
                    507.7333450317383,
                    193.507581949234
                ]
            ],
            "provenance": "visii",
            "quaternion_xyzw": [
                0.8068849444389343,
                0.507692813873291,
                -0.0477907657623291,
                -0.29816263914108276
            ],
            "quaternion_xyzw_world": [
                0.5321029424667358,
                0.023380674421787262,
                0.7824748158454895,
                -0.3225727379322052
            ],
            "segmentation_id": 4,
            "visibility": 1
        },
        {
            "bounding_box_minx_maxx_miny_maxy": [
                -1,
                -1,
                -1,
                -1
            ],
            "class": "Toys",
            "local_cuboid": null,
            "local_to_world_matrix": [
                [
                    0.9433404207229614,
                    -0.25702306628227234,
                    -0.20987603068351746,
                    0.0
                ],
                [
                    0.33026978373527527,
                    0.7884488105773926,
                    0.5189126133918762,
                    0.0
                ],
                [
                    0.03210398554801941,
                    -0.5588269829750061,
                    0.828662633895874,
                    0.0
                ],
                [
                    1.8294991254806519,
                    0.2183016836643219,
                    -0.6238527894020081,
                    1.0
                ]
            ],
            "location": [
                -0.2183016836643219,
                -0.6238527894020081,
                -1.8294991254806519
            ],
            "location_world": [
                1.8294991254806519,
                0.2183016836643219,
                -0.6238527894020081
            ],
            "name": "google_Toys_R_Us_Treat_Dispenser_Smart_Puzzle_Foobler_4",
            "projected_cuboid": [
                [
                    233.31522941589355,
                    427.31165885925293
                ],
                [
                    195.86148858070374,
                    397.7099061012268
                ],
                [
                    168.875589966774,
                    437.89857625961304
                ],
                [
                    205.69682121276855,
                    468.6663746833801
                ],
                [
                    218.08674931526184,
                    430.9295415878296
                ],
                [
                    178.0068576335907,
                    398.80692958831787
                ],
                [
                    148.76118302345276,
                    442.2904849052429
                ],
                [
                    188.09635937213898,
                    475.7813811302185
                ],
                [
                    192.1926736831665,
                    434.5965385437012
                ]
            ],
            "provenance": "visii",
            "quaternion_xyzw": [
                -0.4388093054294586,
                0.5687692165374756,
                0.21906635165214539,
                0.6602710485458374
            ],
            "quaternion_xyzw_world": [
                0.2855823040008545,
                0.06412050873041153,
                -0.1556224226951599,
                0.9434579610824585
            ],
            "segmentation_id": 5,
            "visibility": 0
        },
        {
            "bounding_box_minx_maxx_miny_maxy": [
                -1,
                -1,
                -1,
                -1
            ],
            "class": "Tag",
            "local_cuboid": null,
            "local_to_world_matrix": [
                [
                    -0.6101548671722412,
                    0.6325712203979492,
                    0.47703737020492554,
                    0.0
                ],
                [
                    -0.0502377450466156,
                    0.5700036287307739,
                    -0.8201048970222473,
                    0.0
                ],
                [
                    -0.7906877398490906,
                    -0.5243563055992126,
                    -0.31601154804229736,
                    0.0
                ],
                [
                    0.7242699265480042,
                    0.47190359234809875,
                    0.46611618995666504,
                    1.0
                ]
            ],
            "location": [
                -0.47190359234809875,
                0.46611618995666504,
                -0.7242699265480042
            ],
            "location_world": [
                0.7242699265480042,
                0.47190359234809875,
                0.46611618995666504
            ],
            "name": "google_Tag_Dishtowel_Basket_Weave_Red_18_x_26_5",
            "projected_cuboid": [
                [
                    -159.0401828289032,
                    -298.4858751296997
                ],
                [
                    -291.9888496398926,
                    -128.03301215171814
                ],
                [
                    -286.1287593841553,
                    -122.37638235092163
                ],
                [
                    -158.68327021598816,
                    -286.00096702575684
                ],
                [
                    -16.397625207901,
                    -157.8291356563568
                ],
                [
                    -128.48326563835144,
                    -9.027332067489624
                ],
                [
                    -129.26197052001953,
                    -8.390486240386963
                ],
                [
                    -21.11324667930603,
                    -151.95971727371216
                ],
                [
                    -142.89513230323792,
                    -141.2026882171631
                ]
            ],
            "provenance": "visii",
            "quaternion_xyzw": [
                -0.31497853994369507,
                0.07378776371479034,
                -0.9004670977592468,
                -0.29069381952285767
            ],
            "quaternion_xyzw_world": [
                0.18429122865200043,
                0.7899636030197144,
                -0.42548200488090515,
                -0.40119731426239014
            ],
            "segmentation_id": 6,
            "visibility": 0
        },
        {
            "bounding_box_minx_maxx_miny_maxy": [
                -1,
                -1,
                -1,
                -1
            ],
            "class": "FRACTION",
            "local_cuboid": null,
            "local_to_world_matrix": [
                [
                    -0.531082272529602,
                    0.532943069934845,
                    -0.6587284803390503,
                    0.0
                ],
                [
                    0.8450724482536316,
                    0.3897412419319153,
                    -0.3659977316856384,
                    0.0
                ],
                [
                    0.0616777241230011,
                    -0.7510482668876648,
                    -0.6573600769042969,
                    0.0
                ],
                [
                    1.7548810243606567,
                    -0.3891087472438812,
                    -0.293442964553833,
                    1.0
                ]
            ],
            "location": [
                0.3891087472438812,
                -0.293442964553833,
                -1.7548810243606567
            ],
            "location_world": [
                1.7548810243606567,
                -0.3891087472438812,
                -0.293442964553833
            ],
            "name": "google_FRACTION_FUN_n4h4qte23QR_6",
            "projected_cuboid": [
                [
                    402.50715613365173,
                    377.75832414627075
                ],
                [
                    364.05473947525024,
                    389.6849751472473
                ],
                [
                    353.12777757644653,
                    380.18131256103516
                ],
                [
                    390.5714750289917,
                    367.3020601272583
                ],
                [
                    426.9595742225647,
                    330.4693102836609
                ],
                [
                    388.3315324783325,
                    345.8189070224762
                ],
                [
                    377.9797554016113,
                    336.7222249507904
                ],
                [
                    415.7072901725769,
                    320.50392031669617
                ],
                [
                    389.37002420425415,
                    355.77890276908875
                ]
            ],
            "provenance": "visii",
            "quaternion_xyzw": [
                -0.4729514718055725,
                0.5542163848876953,
                -0.6777284145355225,
                0.09922386705875397
            ],
            "quaternion_xyzw_world": [
                0.42910856008529663,
                0.8028361797332764,
                -0.3478436768054962,
                0.22433164715766907
            ],
            "segmentation_id": 7,
            "visibility": 0
        },
        {
            "bounding_box_minx_maxx_miny_maxy": [
                -1,
                -1,
                -1,
                -1
            ],
            "class": "FAIRY",
            "local_cuboid": null,
            "local_to_world_matrix": [
                [
                    0.4243534207344055,
                    0.703341007232666,
                    0.5702943801879883,
                    0.0
                ],
                [
                    -0.1769542694091797,
                    -0.5532563924789429,
                    0.8139991164207458,
                    0.0
                ],
                [
                    0.888037919998169,
                    -0.44633930921554565,
                    -0.11031699180603027,
                    0.0
                ],
                [
                    1.1891965866088867,
                    0.31977447867393494,
                    0.5354874134063721,
                    1.0
                ]
            ],
            "location": [
                -0.31977447867393494,
                0.5354874134063721,
                -1.1891965866088867
            ],
            "location_world": [
                1.1891965866088867,
                0.31977447867393494,
                0.5354874134063721
            ],
            "name": "google_FAIRY_TALE_BLOCKS_7",
            "projected_cuboid": [
                [
                    92.83515810966492,
                    54.51902747154236
                ],
                [
                    150.10152757167816,
                    -43.86231303215027
                ],
                [
                    84.53965187072754,
                    -103.82920503616333
                ],
                [
                    20.73758840560913,
                    12.176886200904846
                ],
                [
                    158.07217359542847,
                    102.15088725090027
                ],
                [
                    222.2602814435959,
                    -2.4111568927764893
                ],
                [
                    163.3489429950714,
                    -60.66316366195679
                ],
                [
                    90.58248996734619,
                    64.10597264766693
                ],
                [
                    123.30201268196106,
                    4.752352833747864
                ]
            ],
            "provenance": "visii",
            "quaternion_xyzw": [
                0.30442482233047485,
                0.9226833581924438,
                0.018055260181427002,
                0.2359132170677185
            ],
            "quaternion_xyzw_world": [
                0.7224830389022827,
                0.18214501440525055,
                0.5046250820159912,
                0.43611350655555725
            ],
            "segmentation_id": 8,
            "visibility": 0
        },
        {
            "bounding_box_minx_maxx_miny_maxy": [
                415,
                422,
                499,
                500
            ],
            "class": "Great",
            "local_cuboid": null,
            "local_to_world_matrix": [
                [
                    -0.4977635145187378,
                    -0.4774532914161682,
                    -0.7240648865699768,
                    0.0
                ],
                [
                    -0.6142536997795105,
                    -0.39531660079956055,
                    0.6829474568367004,
                    0.0
                ],
                [
                    -0.6123103499412537,
                    0.7847058176994324,
                    -0.09650325775146484,
                    0.0
                ],
                [
                    0.3346666395664215,
                    -0.14242605865001678,
                    -0.17627815902233124,
                    1.0
                ]
            ],
            "location": [
                0.14242605865001678,
                -0.17627815902233124,
                -0.3346666395664215
            ],
            "location_world": [
                0.3346666395664215,
                -0.14242605865001678,
                -0.17627815902233124
            ],
            "name": "google_Great_Jones_Wingtip_kAqSg6EgG0I_8",
            "projected_cuboid": [
                [
                    282.6674282550812,
                    855.1157712936401
                ],
                [
                    852.749228477478,
                    765.8529877662659
                ],
                [
                    909.0454578399658,
                    564.3956661224365
                ],
                [
                    410.73083877563477,
                    734.0668439865112
                ],
                [
                    195.52111625671387,
                    643.7929272651672
                ],
                [
                    520.512044429779,
                    373.974472284317
                ],
                [
                    651.9098281860352,
                    316.73675775527954
                ],
                [
                    321.3544487953186,
                    569.4876909255981
                ],
                [
                    446.77621126174927,
                    615.8345341682434
                ]
            ],
            "provenance": "visii",
            "quaternion_xyzw": [
                -0.21342182159423828,
                0.3850921392440796,
                0.336121141910553,
                -0.8325729966163635
            ],
            "quaternion_xyzw_world": [
                -0.4985118806362152,
                0.5474829077720642,
                0.6701822280883789,
                0.05103105679154396
            ],
            "segmentation_id": 9,
            "visibility": 1
        },
        {
            "bounding_box_minx_maxx_miny_maxy": [
                -1,
                -1,
                -1,
                -1
            ],
            "class": "Ecoforms",
            "local_cuboid": null,
            "local_to_world_matrix": [
                [
                    0.9808523654937744,
                    -0.047469958662986755,
                    0.18887874484062195,
                    0.0
                ],
                [
                    0.004663137719035149,
                    0.9752857685089111,
                    0.22089794278144836,
                    0.0
                ],
                [
                    -0.19469678401947021,
                    -0.21578750014305115,
                    0.956832766532898,
                    0.0
                ],
                [
                    0.8737229108810425,
                    0.23644693195819855,
                    0.27215808629989624,
                    1.0
                ]
            ],
            "location": [
                -0.23644693195819855,
                0.27215808629989624,
                -0.8737229108810425
            ],
            "location_world": [
                0.8737229108810425,
                0.23644693195819855,
                0.27215808629989624
            ],
            "name": "google_Ecoforms_Plant_Container_Quadra_Sand_QP6_9",
            "projected_cuboid": [
                [
                    183.5106611251831,
                    -28.16706895828247
                ],
                [
                    63.827335834503174,
                    -55.02516031265259
                ],
                [
                    47.45416343212128,
                    55.91878294944763
                ],
                [
                    163.05962204933167,
                    81.96696639060974
                ],
                [
                    159.5919132232666,
                    -68.64255666732788
                ],
                [
                    10.059148073196411,
                    -102.15765237808228
                ],
                [
                    -7.969975471496582,
                    37.29929029941559
                ],
                [
                    135.25085151195526,
                    69.56279277801514
                ],
                [
                    96.31496667861938,
                    1.6447454690933228
                ]
            ],
            "provenance": "visii",
            "quaternion_xyzw": [
                -0.3974528908729553,
                0.49465423822402954,
                0.48122990131378174,
                0.6047860383987427
            ],
            "quaternion_xyzw_world": [
                0.11037873476743698,
                -0.09695441275835037,
                -0.013177415356040001,
                0.9890615344047546
            ],
            "segmentation_id": 10,
            "visibility": 0
        },
        {
            "bounding_box_minx_maxx_miny_maxy": [
                -1,
                -1,
                -1,
                -1
            ],
            "class": "ReadytoUse",
            "local_cuboid": null,
            "local_to_world_matrix": [
                [
                    -0.2531580924987793,
                    -0.3890865445137024,
                    -0.8857328295707703,
                    0.0
                ],
                [
                    -0.5308281183242798,
                    0.8212894201278687,
                    -0.20905771851539612,
                    0.0
                ],
                [
                    0.808784544467926,
                    0.4172472655773163,
                    -0.4144541025161743,
                    0.0
                ],
                [
                    0.19393055140972137,
                    -0.020825009793043137,
                    -0.36220815777778625,
                    1.0
                ]
            ],
            "location": [
                0.020825009793043137,
                -0.36220815777778625,
                -0.19393055140972137
            ],
            "location_world": [
                0.19393055140972137,
                -0.020825009793043137,
                -0.36220815777778625
            ],
            "name": "google_ReadytoUse_Rolled_Fondant_Pure_White_24_oz_box_10",
            "projected_cuboid": [
                [
                    239.3636703491211,
                    1134.3491077423096
                ],
                [
                    157.8059196472168,
                    1231.2438488006592
                ],
                [
                    338.3920192718506,
                    1784.8924398422241
                ],
                [
                    453.43098044395447,
                    1543.689489364624
                ],
                [
                    160.64831614494324,
                    877.1658539772034
                ],
                [
                    80.47197759151459,
                    944.9379444122314
                ],
                [
                    179.00657653808594,
                    1212.8428220748901
                ],
                [
                    296.79927229881287,
                    1072.103500366211
                ],
                [
                    216.76310896873474,
                    1163.740873336792
                ]
            ],
            "provenance": "visii",
            "quaternion_xyzw": [
                -0.7757140398025513,
                0.5501455664634705,
                0.05288328230381012,
                -0.30464908480644226
            ],
            "quaternion_xyzw_world": [
                -0.2915504276752472,
                0.7888126373291016,
                0.06598193943500519,
                0.5370468497276306
            ],
            "segmentation_id": 11,
            "visibility": 0
        },
        {
            "bounding_box_minx_maxx_miny_maxy": [
                -1,
                -1,
                -1,
                -1
            ],
            "class": "Dog",
            "local_cuboid": null,
            "local_to_world_matrix": [
                [
                    -0.11438870429992676,
                    0.9900563955307007,
                    0.0818757712841034,
                    0.0
                ],
                [
                    -0.23748818039894104,
                    -0.10727953910827637,
                    0.9654483795166016,
                    0.0
                ],
                [
                    0.9646317958831787,
                    0.09099188446998596,
                    0.2473982572555542,
                    0.0
                ],
                [
                    0.3824794888496399,
                    -0.24562932550907135,
                    0.40840837359428406,
                    1.0
                ]
            ],
            "location": [
                0.24562932550907135,
                0.40840837359428406,
                -0.3824794888496399
            ],
            "location_world": [
                0.3824794888496399,
                -0.24562932550907135,
                0.40840837359428406
            ],
            "name": "google_Dog_11",
            "projected_cuboid": [
                [
                    353.8411557674408,
                    -141.3336992263794
                ],
                [
                    384.7203850746155,
                    -374.6761679649353
                ],
                [
                    490.9641146659851,
                    -635.1587772369385
                ],
                [
                    432.88904428482056,
                    -257.6345205307007
                ],
                [
                    576.6944885253906,
                    -105.49727082252502
                ],
                [
                    623.5454082489014,
                    -325.08784532546997
                ],
                [
                    845.2176451683044,
                    -541.5167808532715
                ],
                [
                    753.3237338066101,
                    -197.9055404663086
                ],
                [
                    545.6146001815796,
                    -297.5162863731384
                ]
            ],
            "provenance": "visii",
            "quaternion_xyzw": [
                0.04776811599731445,
                0.9899667501449585,
                0.12245021760463715,
                -0.05186554789543152
            ],
            "quaternion_xyzw_world": [
                0.43170955777168274,
                0.4358069896697998,
                0.6060252785682678,
                0.5063916444778442
            ],
            "segmentation_id": 12,
            "visibility": 0
        },
        {
            "bounding_box_minx_maxx_miny_maxy": [
                -1,
                -1,
                -1,
                -1
            ],
            "class": "Black",
            "local_cuboid": null,
            "local_to_world_matrix": [
                [
                    -0.806114673614502,
                    -0.08395092189311981,
                    0.5857741236686707,
                    0.0
                ],
                [
                    -0.5445036888122559,
                    -0.2823915481567383,
                    -0.7897916436195374,
                    0.0
                ],
                [
                    0.23172135651111603,
                    -0.9556187987327576,
                    0.1819283366203308,
                    0.0
                ],
                [
                    0.7275511622428894,
                    -0.3096194863319397,
                    0.5661289691925049,
                    1.0
                ]
            ],
            "location": [
                0.3096194863319397,
                0.5661289691925049,
                -0.7275511622428894
            ],
            "location_world": [
                0.7275511622428894,
                -0.3096194863319397,
                0.5661289691925049
            ],
            "name": "google_Black_Elderberry_Syrup_54_oz_Gaia_Herbs_12",
            "projected_cuboid": [
                [
                    603.9736270904541,
                    -256.18886947631836
                ],
                [
                    633.6928606033325,
                    -239.73599076271057
                ],
                [
                    530.868411064148,
                    -240.51135778427124
                ],
                [
                    504.35322523117065,
                    -257.6972246170044
                ],
                [
                    579.9868702888489,
                    -201.82135701179504
                ],
                [
                    606.919527053833,
                    -184.07759070396423
                ],
                [
                    509.3165636062622,
                    -182.25646018981934
                ],
                [
                    485.29866337776184,
                    -200.8548080921173
                ],
                [
                    557.2727918624878,
                    -219.71288323402405
                ]
            ],
            "provenance": "visii",
            "quaternion_xyzw": [
                0.725510835647583,
                0.29915666580200195,
                0.6070665717124939,
                0.12493795156478882
            ],
            "quaternion_xyzw_world": [
                0.27126944065093994,
                -0.5791793465614319,
                0.753398060798645,
                0.15282517671585083
            ],
            "segmentation_id": 13,
            "visibility": 0
        },
        {
            "bounding_box_minx_maxx_miny_maxy": [
                -1,
                -1,
                -1,
                -1
            ],
            "class": "Razer",
