{
    "camera_data": {
        "camera_look_at": {
            "at": [
                1.0,
                0.0,
                0.0
            ],
            "eye": [
                0.0,
                0.0,
                0.0
            ],
            "up": [
                0.0,
                0.0,
                1.0
            ]
        },
        "camera_view_matrix": [
            [
                0.0,
                0.0,
                -1.0,
                0.0
            ],
            [
                -1.0,
                0.0,
                0.0,
                0.0
            ],
            [
                0.0,
                1.0,
                0.0,
                0.0
            ],
            [
                0.0,
                0.0,
                0.0,
                1.0
            ]
        ],
        "height": 500,
        "intrinsics": {
            "cx": 250.0,
            "cy": 250.0,
            "fx": 603.5535278320312,
            "fy": 603.5535278320312
        },
        "location_world": [
            0.0,
            0.0,
            0.0
        ],
        "quaternion_world_xyzw": [
            0.5,
            -0.5,
            -0.5,
            0.5
        ],
        "width": 500
    },
    "objects": [
        {
            "bounding_box_minx_maxx_miny_maxy": [
                -1,
                -1,
                -1,
                -1
            ],
            "class": "Reebok",
            "local_cuboid": null,
            "local_to_world_matrix": [
                [
                    0.7753448486328125,
                    0.32306456565856934,
                    0.5426506400108337,
                    0.0
                ],
                [
                    -0.6276721954345703,
                    0.4891296625137329,
                    0.6056234240531921,
                    0.0
                ],
                [
                    -0.06977106630802155,
                    -0.8101736903190613,
                    0.5820227861404419,
                    0.0
                ],
                [
                    0.38630348443984985,
                    -0.25940436124801636,
                    0.14226722717285156,
                    1.0
                ]
            ],
            "location": [
                0.25940436124801636,
                0.14226722717285156,
                -0.38630348443984985
            ],
            "location_world": [
                0.38630348443984985,
                -0.25940436124801636,
                0.14226722717285156
            ],
            "name": "google_Reebok_SOMERSET_RUN_0",
            "projected_cuboid": [
                [
                    727.7684807777405,
                    71.73709571361542
                ],
                [
                    731.9045066833496,
                    -351.44686698913574
                ],
                [
                    552.5307059288025,
                    -216.47340059280396
                ],
                [
                    611.5862131118774,
                    152.6414453983307
                ],
                [
                    877.4535059928894,
                    121.85165286064148
                ],
                [
                    996.396005153656,
                    -416.01282358169556
                ],
                [
                    745.8776235580444,
                    -231.84889554977417
                ],
                [
                    735.0775003433228,
                    218.11825037002563
                ],
                [
                    733.7074279785156,
                    -27.82362699508667
                ]
            ],
            "provenance": "visii",
            "quaternion_xyzw": [
                0.01962745189666748,
                0.6817104816436768,
                0.44362491369247437,
                0.5814486145973206
            ],
            "quaternion_xyzw_world": [
                0.4195808470249176,
                -0.18149521946907043,
                0.281757116317749,
                0.8435782790184021
            ],
            "segmentation_id": 1,
            "visibility": 0
        },
        {
            "bounding_box_minx_maxx_miny_maxy": [
                -1,
                -1,
                -1,
                -1
            ],
            "class": "Breyer",
            "local_cuboid": null,
            "local_to_world_matrix": [
                [
                    -0.44480788707733154,
                    0.8443865180015564,
                    0.29859238862991333,
                    0.0
                ],
                [
                    -0.5987382531166077,
                    -0.5282896757125854,
                    0.6020153760910034,
                    0.0
                ],
                [
                    0.6660769581794739,
                    0.08900249004364014,
                    0.7405539155006409,
                    0.0
                ],
                [
                    1.4374923706054688,
                    0.5815821886062622,
                    0.44830355048179626,
                    1.0
                ]
            ],
            "location": [
                -0.5815821886062622,
                0.44830355048179626,
                -1.4374923706054688
            ],
            "location_world": [
                1.4374923706054688,
                0.5815821886062622,
                0.44830355048179626
            ],
            "name": "google_Breyer_Horse_Of_The_Year_2015_1",
            "projected_cuboid": [
                [
                    -33.92118215560913,
                    15.491783618927002
                ],
                [
                    -28.06451916694641,
                    -4.328370094299316
                ],
                [
                    -42.82870888710022,
                    26.836246252059937
                ],
                [
                    -48.7479567527771,
                    47.33245074748993
                ],
                [
                    57.735174894332886,
                    56.501105427742004
                ],
                [
                    65.22586941719055,
                    38.88238966464996
                ],
                [
                    57.98426270484924,
                    70.868119597435
                ],
                [
                    50.15122890472412,
                    88.94823491573334
                ],
                [
                    11.508867144584656,
                    42.86496341228485
                ]
            ],
            "provenance": "visii",
            "quaternion_xyzw": [
                0.23434755206108093,
                0.8821109533309937,
                0.37957021594047546,
                -0.1512877643108368
            ],
            "quaternion_xyzw_world": [
                0.29280024766921997,
                0.20974047482013702,
                0.8236582279205322,
                0.4380229413509369
            ],
            "segmentation_id": 2,
            "visibility": 0
        },
        {
            "bounding_box_minx_maxx_miny_maxy": [
                91,
                225,
                172,
                313
            ],
            "class": "Smith",
            "local_cuboid": null,
            "local_to_world_matrix": [
                [
                    -0.19522106647491455,
                    0.6935656070709229,
                    -0.6934375166893005,
                    0.0
                ],
                [
                    -0.8058178424835205,
                    0.2896026372909546,
                    0.5165152549743652,
                    0.0
                ],
                [
                    0.5590584874153137,
                    0.6596189737319946,
                    0.502350926399231,
                    0.0
                ],
                [
                    1.7911235094070435,
                    0.15861131250858307,
                    -0.052425552159547806,
                    1.0
                ]
            ],
            "location": [
                -0.15861131250858307,
                -0.052425552159547806,
                -1.7911235094070435
            ],
            "location_world": [
                1.7911235094070435,
                0.15861131250858307,
                -0.052425552159547806
            ],
            "name": "google_Smith_Hawken_Woven_BasketTray_Organizer_with_3_Compartments_95_x_9_x_13_2",
            "projected_cuboid": [
                [
                    123.05322289466858,
                    283.00705552101135
                ],
                [
                    83.51263403892517,
                    242.31623113155365
                ],
                [
                    133.07584822177887,
                    290.8819913864136
                ],
                [
                    170.2837347984314,
                    329.44411039352417
                ],
                [
                    199.87332820892334,
                    209.3777358531952
                ],
                [
                    170.31991481781006,
                    162.06687688827515
                ],
                [
                    225.42227804660797,
                    201.65733993053436
                ],
                [
                    251.35645270347595,
                    248.39581549167633
                ],
                [
                    170.3019142150879,
                    245.4599142074585
                ]
            ],
            "provenance": "visii",
            "quaternion_xyzw": [
                -0.2953716516494751,
                0.8320366144180298,
                0.3930622935295105,
                -0.2568516731262207
            ],
            "quaternion_xyzw_world": [
                -0.05662454664707184,
                0.49559882283210754,
                0.5932894349098206,
                0.631809413433075
            ],
            "segmentation_id": 3,
            "visibility": 1
        },
        {
            "bounding_box_minx_maxx_miny_maxy": [
                353,
                499,
                69,
                330
            ],
            "class": "Paul",
            "local_cuboid": null,
            "local_to_world_matrix": [
                [
                    0.10179746150970459,
                    -0.5520404577255249,
                    0.8275799751281738,
                    0.0
                ],
                [
                    0.605392575263977,
                    -0.6257472038269043,
                    -0.49187418818473816,
                    0.0
                ],
                [
                    0.7893903255462646,
                    0.5510822534561157,
                    0.27050167322158813,
                    0.0
                ],
                [
                    0.5482005476951599,
                    -0.30271008610725403,
                    0.034111279994249344,
                    1.0
                ]
            ],
            "location": [
                0.30271008610725403,
                0.034111279994249344,
                -0.5482005476951599
            ],
            "location_world": [
                0.5482005476951599,
                -0.30271008610725403,
                0.034111279994249344
            ],
            "name": "google_Paul_Frank_Dot_Lunch_Box_3",
            "projected_cuboid": [
                [
                    431.4447343349457,
                    52.69788205623627
                ],
                [
                    468.62345933914185,
                    110.48953235149384
                ],
                [
                    665.8679246902466,
                    131.23512268066406
                ],
                [
                    640.1786804199219,
                    55.99389970302582
                ],
                [
                    310.4708790779114,
                    236.97657883167267
                ],
                [
                    359.50741171836853,
                    280.79310059547424
                ],
                [
                    530.8529734611511,
                    357.48839378356934
                ],
                [
                    486.2241744995117,
                    307.66817927360535
                ],
                [
                    475.53032636642456,
                    187.86637485027313
                ]
            ],
            "provenance": "visii",
            "quaternion_xyzw": [
                0.8416212201118469,
                0.43170464038848877,
                -0.19393517076969147,
                -0.26018065214157104
            ],
            "quaternion_xyzw_world": [
                0.6035401821136475,
                0.022099636495113373,
                0.6697856783866882,
                -0.43201619386672974
            ],
            "segmentation_id": 4,
            "visibility": 1
        },
        {
            "bounding_box_minx_maxx_miny_maxy": [
                94,
                146,
                474,
                500
            ],
            "class": "Toys",
            "local_cuboid": null,
            "local_to_world_matrix": [
                [
                    0.9348124861717224,
                    -0.03232729434967041,
                    0.3536672592163086,
                    0.0
                ],
                [
                    -0.3266241252422333,
                    0.3127296566963196,
                    0.8919177055358887,
                    0.0
                ],
                [
                    -0.1394355744123459,
                    -0.9492920637130737,
                    0.28178471326828003,
                    0.0
                ],
                [
                    1.7204291820526123,
                    0.4356861114501953,
                    -0.736449658870697,
                    1.0
                ]
            ],
            "location": [
                -0.4356861114501953,
                -0.736449658870697,
                -1.7204291820526123
            ],
            "location_world": [
                1.7204291820526123,
                0.4356861114501953,
                -0.736449658870697
            ],
            "name": "google_Toys_R_Us_Treat_Dispenser_Smart_Puzzle_Foobler_4",
            "projected_cuboid": [
                [
                    161.4765077829361,
                    496.76713347435
                ],
                [
                    142.29238033294678,
                    456.4251899719238
                ],
                [
                    93.85427832603455,
                    468.69155764579773
                ],
                [
                    114.15202915668488,
                    508.21948051452637
                ],
                [
                    151.89769864082336,
                    538.368284702301
                ],
                [
                    130.68044185638428,
                    495.6888258457184
                ],
                [
                    78.07868719100952,
                    508.53073596954346
                ],
                [
                    100.60496628284454,
                    550.2785444259644
                ],
                [
                    121.89346551895142,
                    502.35044956207275
                ]
            ],
            "provenance": "visii",
            "quaternion_xyzw": [
                0.015606537461280823,
                0.655773401260376,
                0.2319433093070984,
                0.7182758450508118
            ],
            "quaternion_xyzw_world": [
                0.5788562297821045,
                -0.1550261527299881,
                0.09252370893955231,
                0.7951930165290833
            ],
            "segmentation_id": 5,
            "visibility": 1
        },
        {
            "bounding_box_minx_maxx_miny_maxy": [
                -1,
                -1,
                -1,
                -1
            ],
            "class": "Tag",
            "local_cuboid": null,
            "local_to_world_matrix": [
                [
                    0.836086094379425,
                    0.4037725627422333,
                    -0.37138640880584717,
                    0.0
                ],
                [
                    -0.5470739603042603,
                    0.6640877723693848,
                    -0.5096054077148438,
                    0.0
                ],
                [
                    0.040868550539016724,
                    0.6292498111724854,
                    0.7761279344558716,
                    0.0
                ],
                [
                    0.7486692070960999,
                    0.4958614110946655,
                    0.46787384152412415,
                    1.0
                ]
            ],
            "location": [
                -0.4958614110946655,
                0.46787384152412415,
                -0.7486692070960999
            ],
            "location_world": [
                0.7486692070960999,
                0.4958614110946655,
                0.46787384152412415
            ],
            "name": "google_Tag_Dishtowel_Basket_Weave_Red_18_x_26_5",
            "projected_cuboid": [
                [
                    -73.72570037841797,
                    -106.49532079696655
                ],
                [
                    -251.49047374725342,
                    -71.87685370445251
                ],
                [
                    -234.92833971977234,
                    -50.88987946510315
                ],
                [
                    -59.26644802093506,
                    -88.59202265739441
                ],
                [
                    -79.91844415664673,
                    -226.42835974693298
                ],
                [
                    -300.1765012741089,
                    -208.64534378051758
                ],
                [
                    -279.87903356552124,
                    -183.09935927391052
                ],
                [
                    -62.68927454948425,
                    -205.31120896339417
                ],
                [
                    -158.13001990318298,
                    -137.85895705223083
                ]
            ],
            "provenance": "visii",
            "quaternion_xyzw": [
                -0.5354207754135132,
                0.4834862947463989,
                0.6841983795166016,
                0.1069505512714386
            ],
            "quaternion_xyzw_world": [
                -0.3145911693572998,
                0.11387906223535538,
                0.26265665888786316,
                0.9050279855728149
            ],
            "segmentation_id": 6,
            "visibility": 0
        },
        {
            "bounding_box_minx_maxx_miny_maxy": [
                481,
                499,
                407,
                433
            ],
            "class": "FRACTION",
            "local_cuboid": null,
            "local_to_world_matrix": [
                [
                    0.659894585609436,
                    0.5750577449798584,
                    0.48357802629470825,
                    0.0
                ],
                [
                    -0.17269794642925262,
                    0.7424595355987549,
                    -0.6472474336624146,
                    0.0
                ],
                [
                    -0.731241762638092,
                    0.34360215067863464,
                    0.5892562866210938,
                    0.0
                ],
                [
                    1.4110044240951538,
                    -0.5978549122810364,
                    -0.48415839672088623,
                    1.0
                ]
            ],
            "location": [
                0.5978549122810364,
                -0.48415839672088623,
                -1.4110044240951538
            ],
            "location_world": [
                1.4110044240951538,
                -0.5978549122810364,
                -0.48415839672088623
            ],
            "name": "google_FRACTION_FUN_n4h4qte23QR_6",
            "projected_cuboid": [
                [
                    500.3204941749573,
                    397.38279581069946
                ],
                [
                    446.4060962200165,
                    452.79085636138916
                ],
                [
                    448.3283460140228,
                    459.0422511100769
                ],
                [
                    501.0380744934082,
                    404.69127893447876
                ],
                [
                    567.4175024032593,
                    448.3506679534912
                ],
                [
                    510.40613651275635,
                    509.94372367858887
                ],
                [
                    510.96177101135254,
                    515.3667330741882
                ],
                [
                    566.6269063949585,
                    455.0844430923462
                ],
                [
                    505.41943311691284,
                    453.9167284965515
                ]
            ],
            "provenance": "visii",
            "quaternion_xyzw": [
                -0.2919537425041199,
                0.22168022394180298,
                0.8592942953109741,
                0.3566989302635193
            ],
            "quaternion_xyzw_world": [
                -0.28643444180488586,
                -0.35117965936660767,
                0.21616093814373016,
                0.8648136258125305
            ],
            "segmentation_id": 7,
            "visibility": 1
        },
        {
            "bounding_box_minx_maxx_miny_maxy": [
                170,
                192,
                5,
                34
            ],
            "class": "FAIRY",
            "local_cuboid": null,
            "local_to_world_matrix": [
                [
                    0.9716978073120117,
                    0.05177611485123634,
                    0.2304832935333252,
                    0.0
                ],
                [
                    -0.16223002970218658,
                    -0.562952995300293,
                    0.8104105591773987,
                    0.0
                ],
                [
                    0.17171117663383484,
                    -0.8248655200004578,
                    -0.5386205911636353,
                    0.0
                ],
                [
                    1.2459280490875244,
                    0.28139528632164,
                    0.5519964098930359,
                    1.0
                ]
            ],
            "location": [
                -0.28139528632164,
                0.5519964098930359,
                -1.2459280490875244
            ],
            "location_world": [
                1.2459280490875244,
                0.28139528632164,
                0.5519964098930359
            ],
            "name": "google_FAIRY_TALE_BLOCKS_7",
            "projected_cuboid": [
                [
                    174.52466487884521,
                    100.61272978782654
                ],
                [
                    237.2569590806961,
                    2.2872835397720337
                ],
                [
                    154.34160828590393,
                    -58.67096781730652
                ],
                [
                    92.44614839553833,
                    44.25513744354248
                ],
                [
                    165.73524475097656,
                    99.34927523136139
                ],
                [
                    241.345152258873,
                    -19.726067781448364
                ],
                [
                    140.50845801830292,
                    -94.72733736038208
                ],
                [
                    66.15239381790161,
                    31.131938099861145
                ],
                [
                    159.67980027198792,
                    15.365153551101685
                ]
            ],
            "provenance": "visii",
            "quaternion_xyzw": [
                0.27817463874816895,
                0.7130739688873291,
                -0.13196057081222534,
                0.6298657059669495
            ],
            "quaternion_xyzw_world": [
                0.8765374422073364,
                -0.03150290623307228,
                0.11471115052700043,
                0.46640223264694214
            ],
            "segmentation_id": 8,
            "visibility": 1
        },
        {
            "bounding_box_minx_maxx_miny_maxy": [
                330,
                481,
                457,
                500
            ],
            "class": "Great",
            "local_cuboid": null,
            "local_to_world_matrix": [
                [
                    -0.15426421165466309,
                    -0.9675857424736023,
                    0.1999521553516388,
                    0.0
                ],
                [
                    -0.987912118434906,
                    0.15417766571044922,
                    -0.016099020838737488,
                    0.0
                ],
                [
                    -0.015251018106937408,
                    -0.20001861453056335,
                    -0.9796738624572754,
                    0.0
                ],
                [
                    0.41460490226745605,
                    -0.1080702468752861,
                    -0.17396113276481628,
                    1.0
                ]
            ],
            "location": [
                0.1080702468752861,
                -0.17396113276481628,
                -0.41460490226745605
            ],
            "location_world": [
                0.41460490226745605,
                -0.1080702468752861,
                -0.17396113276481628
            ],
            "name": "google_Great_Jones_Wingtip_kAqSg6EgG0I_8",
            "projected_cuboid": [
                [
                    475.51149129867554,
                    543.6755418777466
                ],
                [
                    637.2760534286499,
                    917.5552725791931
                ],
                [
                    580.1149010658264,
                    646.0479497909546
                ],
                [
                    450.3031373023987,
                    422.7178692817688
                ],
                [
                    355.9332489967346,
                    558.2423210144043
                ],
                [
                    369.46725845336914,
                    924.9197840690613
                ],
                [
                    317.6770806312561,
                    670.6773638725281
                ],
                [
                    331.8333625793457,
                    440.83595275878906
                ],
                [
                    424.18575286865234,
                    584.9748253822327
                ]
            ],
            "provenance": "visii",
            "quaternion_xyzw": [
                -0.7015044689178467,
                -0.01631288230419159,
                -0.12625819444656372,
                -0.7012021541595459
            ],
            "quaternion_xyzw_world": [
                -0.6463806629180908,
                0.7563259601593018,
                -0.07143667340278625,
                -0.07113439589738846
            ],
            "segmentation_id": 9,
            "visibility": 1
        },
        {
            "bounding_box_minx_maxx_miny_maxy": [
                52,
                179,
                1,
                117
            ],
            "class": "Ecoforms",
            "local_cuboid": null,
            "local_to_world_matrix": [
                [
                    0.4806484580039978,
                    -0.8455311059951782,
                    0.23249566555023193,
                    0.0
                ],
                [
                    0.4952733516693115,
                    0.4805450439453125,
                    0.7237270474433899,
                    0.0
                ],
                [
                    -0.7236583232879639,
                    -0.2327093631029129,
                    0.6497422456741333,
                    0.0
                ],
                [
                    0.8368066549301147,
                    0.24367888271808624,
                    0.2267320305109024,
                    1.0
                ]
            ],
            "location": [
                -0.24367888271808624,
                0.2267320305109024,
                -0.8368066549301147
            ],
            "location_world": [
                0.8368066549301147,
                0.24367888271808624,
                0.2267320305109024
            ],
            "name": "google_Ecoforms_Plant_Container_Quadra_Sand_QP6_9",
            "projected_cuboid": [
                [
                    183.69007110595703,
                    5.089297890663147
                ],
                [
                    123.14444780349731,
                    -69.18472051620483
                ],
                [
                    114.32449519634247,
                    43.779999017715454
                ],
                [
                    165.0378704071045,
                    119.94454264640808
                ],
                [
                    17.758682370185852,
                    12.00801134109497
                ],
                [
                    -28.704136610031128,
                    -72.6645290851593
                ],
                [
                    -16.3915753364563,
                    53.13831567764282
                ],
                [
                    24.01319146156311,
                    139.85437154769897
                ],
                [
                    75.61393082141876,
                    31.043484807014465
                ]
            ],
            "provenance": "visii",
            "quaternion_xyzw": [
                -0.31549394130706787,
                0.19655634462833405,
                0.19646896421909332,
                0.9073197841644287
            ],
            "quaternion_xyzw_world": [
                0.2959565818309784,
                -0.29586920142173767,
                -0.4148941934108734,
                0.8079195022583008
            ],
            "segmentation_id": 10,
            "visibility": 1
        },
        {
            "bounding_box_minx_maxx_miny_maxy": [
                -1,
                -1,
                -1,
                -1
            ],
            "class": "ReadytoUse",
            "local_cuboid": null,
            "local_to_world_matrix": [
                [
                    -0.465335488319397,
                    -0.4788411855697632,
                    -0.7444287538528442,
                    0.0
                ],
                [
                    -0.32019180059432983,
                    0.8751422762870789,
                    -0.36277157068252563,
                    0.0
                ],
                [
                    0.8251910209655762,
                    0.06954948604106903,
                    -0.5605558156967163,
                    0.0
                ],
                [
                    0.18925990164279938,
                    -0.007372192107141018,
                    -0.34574535489082336,
                    1.0
                ]
            ],
            "location": [
                0.007372192107141018,
                -0.34574535489082336,
                -0.18925990164279938
            ],
            "location_world": [
                0.18925990164279938,
                -0.007372192107141018,
                -0.34574535489082336
            ],
            "name": "google_ReadytoUse_Rolled_Fondant_Pure_White_24_oz_box_10",
            "projected_cuboid": [
                [
                    340.45150876045227,
                    1183.4297180175781
                ],
                [
                    256.5712630748749,
                    1270.4342603683472
                ],
                [
                    308.7545335292816,
                    1825.0019550323486
                ],
                [
                    456.88360929489136,
                    1614.6787405014038
                ],
                [
                    229.99124228954315,
                    888.6234164237976
                ],
                [
                    154.74143624305725,
                    948.2253193855286
                ],
                [
                    125.29739737510681,
                    1139.4116878509521
                ],
                [
                    249.03391301631927,
                    1029.699206352234
                ],
                [
                    253.2888650894165,
                    1165.5972003936768
                ]
            ],
            "provenance": "visii",
            "quaternion_xyzw": [
                -0.8165175914764404,
                0.49587753415107727,
                -0.12118108570575714,
                -0.26966580748558044
            ],
            "quaternion_xyzw_world": [
                -0.23456236720085144,
                0.8516210317611694,
                -0.08607763797044754,
                0.46077412366867065
            ],
            "segmentation_id": 11,
            "visibility": 0
        },
        {
            "bounding_box_minx_maxx_miny_maxy": [
                -1,
                -1,
                -1,
                -1
            ],
            "class": "Dog",
            "local_cuboid": null,
            "local_to_world_matrix": [
                [
                    -0.26815545558929443,
                    -0.8804474472999573,
                    -0.39103055000305176,
                    0.0
                ],
                [
                    -0.8558016419410706,
                    0.03132200241088867,
                    0.5163548588752747,
                    0.0
                ],
                [
                    -0.4423754811286926,
                    0.4731079936027527,
                    -0.7618875503540039,
                    0.0
                ],
                [
                    0.46361440420150757,
                    -0.339870423078537,
                    0.4312317967414856,
                    1.0
                ]
            ],
            "location": [
                0.339870423078537,
                0.4312317967414856,
                -0.46361440420150757
            ],
            "location_world": [
                0.46361440420150757,
                -0.339870423078537,
                0.4312317967414856
            ],
            "name": "google_Dog_11",
            "projected_cuboid": [
                [
                    753.4715533256531,
                    -14.511853456497192
                ],
                [
                    1044.4109439849854,
                    -394.47033405303955
                ],
                [
                    1007.0858001708984,
                    -493.4695363044739
                ],
                [
                    777.9685258865356,
                    -148.1931507587433
                ],
                [
                    434.7527027130127,
                    -93.46276521682739
                ],
                [
                    514.2900943756104,
                    -439.46903944015503
                ],
                [
                    595.4684019088745,
                    -514.0065550804138
                ],
                [
                    505.6030750274658,
                    -200.49500465393066
                ],
                [
                    675.3135919570923,
                    -261.59214973449707
                ]
            ],
            "provenance": "visii",
            "quaternion_xyzw": [
                -0.48003047704696655,
                0.21996133029460907,
                0.10673932731151581,
                -0.8424929976463318
            ],
            "quaternion_xyzw_world": [
                -0.6046507358551025,
                0.7178727388381958,
                0.34458157420158386,
                -0.01788092777132988
            ],
            "segmentation_id": 12,
            "visibility": 0
        },
        {
            "bounding_box_minx_maxx_miny_maxy": [
                -1,
                -1,
                -1,
                -1
            ],
            "class": "Black",
            "local_cuboid": null,
            "local_to_world_matrix": [
                [
                    0.17876702547073364,
                    -0.07349790632724762,
                    0.9811424016952515,
                    0.0
                ],
                [
                    -0.10169310867786407,
                    0.990484893321991,
                    0.09272653609514236,
                    0.0
                ],
                [
                    -0.9786219596862793,
                    -0.11635186523199081,
                    0.1695917844772339,
                    0.0
                ],
                [
                    0.6668192148208618,
                    -0.3186630606651306,
                    0.46338021755218506,
                    1.0
                ]
            ],
            "location": [
                0.3186630606651306,
                0.46338021755218506,
                -0.6668192148208618
            ],
            "location_world": [
                0.6668192148208618,
                -0.3186630606651306,
                0.46338021755218506
            ],
            "name": "google_Black_Elderberry_Syrup_54_oz_Gaia_Herbs_12",
            "projected_cuboid": [
                [
                    665.5601263046265,
                    -331.30717277526855
                ],
                [
                    603.2567620277405,
                    -344.21306848526
                ],
                [
                    513.0271911621094,
                    -195.85838913917542
                ],
                [
                    563.0248785018921,
                    -186.98886036872864
                ],
                [
                    668.831467628479,
                    -277.93848514556885
                ],
                [
                    605.3345203399658,
                    -290.4789447784424
                ],
                [
                    513.2579207420349,
                    -151.4083743095398
                ],
                [
                    564.0218257904053,
                    -142.80441403388977
                ],
                [
                    581.3705921173096,
                    -231.86278343200684
                ]
            ],
            "provenance": "visii",
            "quaternion_xyzw": [
                -0.02318108081817627,
                0.10075553506612778,
                0.6731265783309937,
                0.7322646379470825
            ],
            "quaternion_xyzw_world": [
                0.06835630536079407,
                -0.6407273411750793,
                0.009218170307576656,
                0.7646639347076416
            ],
            "segmentation_id": 13,
            "visibility": 0
        },
        {
            "bounding_box_minx_maxx_miny_maxy": [
                -1,
                -1,
                -1,
                -1
