{
    "camera_data": {
        "camera_look_at": {
            "at": [
                1.0,
                0.0,
                0.0
            ],
            "eye": [
                0.0,
                0.0,
                0.0
            ],
            "up": [
                0.0,
                0.0,
                1.0
            ]
        },
        "camera_view_matrix": [
            [
                0.0,
                0.0,
                -1.0,
                0.0
            ],
            [
                -1.0,
                0.0,
                0.0,
                0.0
            ],
            [
                0.0,
                1.0,
                0.0,
                0.0
            ],
            [
                0.0,
                0.0,
                0.0,
                1.0
            ]
        ],
        "height": 500,
        "intrinsics": {
            "cx": 250.0,
            "cy": 250.0,
            "fx": 603.5535278320312,
            "fy": 603.5535278320312
        },
        "location_world": [
            0.0,
            0.0,
            0.0
        ],
        "quaternion_world_xyzw": [
            0.5,
            -0.5,
            -0.5,
            0.5
        ],
        "width": 500
    },
    "objects": [
        {
            "bounding_box_minx_maxx_miny_maxy": [
                -1,
                -1,
                -1,
                -1
            ],
            "class": "Reebok",
            "local_cuboid": null,
            "local_to_world_matrix": [
                [
                    0.5355265140533447,
                    0.6459984183311462,
                    0.5439645648002625,
                    0.0
                ],
                [
                    -0.7822583317756653,
                    0.6221698522567749,
                    0.031250908970832825,
                    0.0
                ],
                [
                    -0.31825029850006104,
                    -0.44225651025772095,
                    0.8385260105133057,
                    0.0
                ],
                [
                    0.4425334334373474,
                    -0.2230382114648819,
                    0.26568731665611267,
                    1.0
                ]
            ],
            "location": [
                0.2230382114648819,
                0.26568731665611267,
                -0.4425334334373474
            ],
            "location_world": [
                0.4425334334373474,
                -0.2230382114648819,
                0.26568731665611267
            ],
            "name": "google_Reebok_SOMERSET_RUN_0",
            "projected_cuboid": [
                [
                    610.761821269989,
                    -176.71248316764832
                ],
                [
                    525.8071422576904,
                    -497.81590700149536
                ],
                [
                    410.89344024658203,
                    -256.75123929977417
                ],
                [
                    535.2972745895386,
                    -49.8180091381073
                ],
                [
                    745.0962662696838,
                    -153.72121334075928
                ],
                [
                    758.3068013191223,
                    -529.0252566337585
                ],
                [
                    591.2441611289978,
                    -235.18258333206177
                ],
                [
                    651.5530347824097,
                    -13.881295919418335
                ],
                [
                    603.9068698883057,
                    -197.2479522228241
                ]
            ],
            "provenance": "visii",
            "quaternion_xyzw": [
                -0.03354258835315704,
                0.5828805565834045,
                0.6951614618301392,
                0.41937536001205444
            ],
            "quaternion_xyzw_world": [
                0.13677595555782318,
                -0.2490568459033966,
                0.4125620126724243,
                0.8654800057411194
            ],
            "segmentation_id": 1,
            "visibility": 0
        },
        {
            "bounding_box_minx_maxx_miny_maxy": [
                21,
                72,
                124,
                175
            ],
            "class": "Breyer",
            "local_cuboid": null,
            "local_to_world_matrix": [
                [
                    -0.959466814994812,
                    0.23508945107460022,
                    0.15542395412921906,
                    0.0
                ],
                [
                    -0.2552054822444916,
                    -0.958735466003418,
                    -0.12528705596923828,
                    0.0
                ],
                [
                    0.11955676972866058,
                    -0.15987378358840942,
                    0.9798706769943237,
                    0.0
                ],
                [
                    1.8439598083496094,
                    0.6204813718795776,
                    0.25437188148498535,
                    1.0
                ]
            ],
            "location": [
                -0.6204813718795776,
                0.25437188148498535,
                -1.8439598083496094
            ],
            "location_world": [
                1.8439598083496094,
                0.6204813718795776,
                0.25437188148498535
            ],
            "name": "google_Breyer_Horse_Of_The_Year_2015_1",
            "projected_cuboid": [
                [
                    28.216585516929626,
                    103.72711718082428
                ],
                [
                    45.51701247692108,
                    104.9959659576416
                ],
                [
                    34.76226329803467,
                    156.04621171951294
                ],
                [
                    17.37053692340851,
                    154.33132648468018
                ],
                [
                    69.6764588356018,
                    131.09764456748962
                ],
                [
                    85.33303439617157,
                    132.42843747138977
                ],
                [
                    76.17999613285065,
                    177.91426181793213
                ],
                [
                    60.44578552246094,
                    176.22917890548706
                ],
                [
                    53.42155694961548,
                    142.71283149719238
                ]
            ],
            "provenance": "visii",
            "quaternion_xyzw": [
                0.5024327039718628,
                0.5543823838233948,
                0.5569604635238647,
                -0.3605782985687256
            ],
            "quaternion_xyzw_world": [
                0.06963815540075302,
                -0.07221625000238419,
                0.9871768951416016,
                0.12416592240333557
            ],
            "segmentation_id": 2,
            "visibility": 1
        },
        {
            "bounding_box_minx_maxx_miny_maxy": [
                299,
                368,
                241,
                338
            ],
            "class": "Smith",
            "local_cuboid": null,
            "local_to_world_matrix": [
                [
                    -0.8742501735687256,
                    -0.22138723731040955,
                    -0.4320584535598755,
                    0.0
                ],
                [
                    0.480583518743515,
                    -0.5206869840621948,
                    -0.7056377530097961,
                    0.0
                ],
                [
                    -0.06874801218509674,
                    -0.8245440125465393,
                    0.5616056323051453,
                    0.0
                ],
                [
                    1.7453516721725464,
                    -0.0118386410176754,
                    -0.14784957468509674,
                    1.0
                ]
            ],
            "location": [
                0.0118386410176754,
                -0.14784957468509674,
                -1.7453516721725464
            ],
            "location_world": [
                1.7453516721725464,
                -0.0118386410176754,
                -0.14784957468509674
            ],
            "name": "google_Smith_Hawken_Woven_BasketTray_Organizer_with_3_Compartments_95_x_9_x_13_2",
            "projected_cuboid": [
                [
                    332.25229382514954,
                    242.98939108848572
                ],
                [
                    375.64337253570557,
                    310.7861280441284
                ],
                [
                    293.1129038333893,
                    365.35829305648804
                ],
                [
                    243.5508668422699,
                    302.81105637550354
                ],
                [
                    291.5547788143158,
                    192.56675243377686
                ],
                [
                    330.5003046989441,
                    252.5801658630371
                ],
                [
                    261.64719462394714,
                    298.93672466278076
                ],
                [
                    218.4632569551468,
                    242.64264106750488
                ],
                [
                    292.294979095459,
                    274.6514678001404
                ]
            ],
            "provenance": "visii",
            "quaternion_xyzw": [
                0.6815931797027588,
                0.032507866621017456,
                0.6230968236923218,
                -0.3822621703147888
            ],
            "quaternion_xyzw_world": [
                -0.14562898874282837,
                -0.44495996832847595,
                0.8597300052642822,
                -0.20412534475326538
            ],
            "segmentation_id": 3,
            "visibility": 1
        },
        {
            "bounding_box_minx_maxx_miny_maxy": [
                -1,
                -1,
                -1,
                -1
            ],
            "class": "Paul",
            "local_cuboid": null,
            "local_to_world_matrix": [
                [
                    -0.8761507272720337,
                    0.46314847469329834,
                    -0.1336175501346588,
                    0.0
                ],
                [
                    -0.48194420337677,
                    -0.8471086025238037,
                    0.22391285002231598,
                    0.0
                ],
                [
                    -0.009483672678470612,
                    0.26057755947113037,
                    0.9654063582420349,
                    0.0
                ],
                [
                    0.44229766726493835,
                    -0.30973076820373535,
                    -0.05718441680073738,
                    1.0
                ]
            ],
            "location": [
                0.30973076820373535,
                -0.05718441680073738,
                -0.44229766726493835
            ],
            "location_world": [
                0.44229766726493835,
                -0.30973076820373535,
                -0.05718441680073738
            ],
            "name": "google_Paul_Frank_Dot_Lunch_Box_3",
            "projected_cuboid": [
                [
                    495.2937960624695,
                    13.887405395507812
                ],
                [
                    723.067045211792,
                    -76.18671655654907
                ],
                [
                    841.0552740097046,
                    376.1689364910126
                ],
                [
                    597.2932577133179,
                    398.9296555519104
                ],
                [
                    524.5887041091919,
                    71.10978662967682
                ],
                [
                    655.8781862258911,
                    25.955170392990112
                ],
                [
                    722.8867411613464,
                    281.3695967197418
                ],
                [
                    586.1172080039978,
                    303.5776615142822
                ],
                [
                    632.453441619873,
                    175.0863939523697
                ]
            ],
            "provenance": "visii",
            "quaternion_xyzw": [
                0.2754337787628174,
                0.6476066708564758,
                0.5587305426597595,
                -0.43881890177726746
            ],
            "quaternion_xyzw_world": [
                -0.037254493683576584,
                0.1261306256055832,
                0.9602949619293213,
                0.24604228138923645
            ],
            "segmentation_id": 4,
            "visibility": 0
        },
        {
            "bounding_box_minx_maxx_miny_maxy": [
                0,
                26,
                466,
                500
            ],
            "class": "Toys",
            "local_cuboid": null,
            "local_to_world_matrix": [
                [
                    -0.9138467311859131,
                    0.40303730964660645,
                    -0.04944896697998047,
                    0.0
                ],
                [
                    0.27497661113739014,
                    0.7038414478302002,
                    0.6549771428108215,
                    0.0
                ],
                [
                    0.298784464597702,
                    0.5849513411521912,
                    -0.7540290355682373,
                    0.0
                ],
                [
                    1.285191297531128,
                    0.520082950592041,
                    -0.4887186884880066,
                    1.0
                ]
            ],
            "location": [
                -0.520082950592041,
                -0.4887186884880066,
                -1.285191297531128
            ],
            "location_world": [
                1.285191297531128,
                0.520082950592041,
                -0.4887186884880066
            ],
            "name": "google_Toys_R_Us_Treat_Dispenser_Smart_Puzzle_Foobler_4",
            "projected_cuboid": [
                [
                    -35.81899404525757,
                    570.7813501358032
                ],
                [
                    -77.3974359035492,
                    512.712836265564
                ],
                [
                    -45.7005500793457,
                    465.94250202178955
                ],
                [
                    -1.4005303382873535,
                    524.5834589004517
                ],
                [
                    20.714402198791504,
                    534.584105014801
                ],
                [
                    -18.41387152671814,
                    483.3623170852661
                ],
                [
                    11.992394924163818,
                    440.4168725013733
                ],
                [
                    53.42884361743927,
                    492.0365512371063
                ],
                [
                    -10.653644800186157,
                    502.16442346572876
                ]
            ],
            "provenance": "visii",
            "quaternion_xyzw": [
                -0.24534159898757935,
                0.7675934433937073,
                -0.3351401686668396,
                -0.48814839124679565
            ],
            "quaternion_xyzw_world": [
                0.18462182581424713,
                0.9181118011474609,
                0.337630033493042,
                0.09482326358556747
            ],
            "segmentation_id": 5,
            "visibility": 1
        },
        {
            "bounding_box_minx_maxx_miny_maxy": [
                -1,
                -1,
                -1,
                -1
            ],
            "class": "Tag",
            "local_cuboid": null,
            "local_to_world_matrix": [
                [
                    -0.43315911293029785,
                    -0.8784133195877075,
                    -0.20189905166625977,
                    0.0
                ],
                [
                    0.38742518424987793,
                    0.02079528570175171,
                    -0.9216665625572205,
                    0.0
                ],
                [
                    0.8138027191162109,
                    -0.47744911909103394,
                    0.3313117027282715,
                    0.0
                ],
                [
                    0.6494150161743164,
                    0.38005632162094116,
                    0.46430081129074097,
                    1.0
                ]
            ],
            "location": [
                -0.38005632162094116,
                0.46430081129074097,
                -0.6494150161743164
            ],
            "location_world": [
                0.6494150161743164,
                0.38005632162094116,
                0.46430081129074097
            ],
            "name": "google_Tag_Dishtowel_Basket_Weave_Red_18_x_26_5",
            "projected_cuboid": [
                [
                    -40.036678314208984,
                    -323.5669732093811
                ],
                [
                    -6.132662296295166,
                    -59.14190411567688
                ],
                [
                    -32.45183825492859,
                    -61.87745928764343
                ],
                [
                    -72.2385048866272,
                    -339.95699882507324
                ],
                [
                    -143.05177330970764,
                    -291.3312315940857
                ],
                [
                    -100.20461678504944,
                    -56.437790393829346
                ],
                [
                    -127.51403450965881,
                    -58.79226326942444
                ],
                [
                    -176.10123753547668,
                    -304.4074773788452
                ],
                [
                    -88.24959397315979,
                    -177.63710021972656
                ]
            ],
            "provenance": "visii",
            "quaternion_xyzw": [
                0.9505107402801514,
                -0.05857229232788086,
                0.23950499296188354,
                -0.18903964757919312
            ],
            "quaternion_xyzw_world": [
                0.23169688880443573,
                -0.5297741889953613,
                0.6602415442466736,
                -0.4793088436126709
            ],
            "segmentation_id": 6,
            "visibility": 0
        },
        {
            "bounding_box_minx_maxx_miny_maxy": [
                -1,
                -1,
                -1,
                -1
            ],
            "class": "FRACTION",
            "local_cuboid": null,
            "local_to_world_matrix": [
                [
                    0.7854998111724854,
                    -0.4756661355495453,
                    0.39589354395866394,
                    0.0
                ],
                [
                    -0.5699597597122192,
                    -0.30680179595947266,
                    0.762245774269104,
                    0.0
                ],
                [
                    -0.24111369252204895,
                    -0.8243873119354248,
                    -0.5121033191680908,
                    0.0
                ],
                [
                    0.8443622589111328,
                    0.04090552777051926,
                    -0.37262505292892456,
                    1.0
                ]
            ],
            "location": [
                -0.04090552777051926,
                -0.37262505292892456,
                -0.8443622589111328
            ],
            "location_world": [
                0.8443622589111328,
                0.04090552777051926,
                -0.37262505292892456
            ],
            "name": "google_FRACTION_FUN_n4h4qte23QR_6",
            "projected_cuboid": [
                [
                    254.93255257606506,
                    522.8843688964844
                ],
                [
                    296.82910442352295,
                    455.01387119293213
                ],
                [
                    270.89664340019226,
                    436.7430806159973
                ],
                [
                    232.3484867811203,
                    505.9094429016113
                ],
                [
                    194.34113800525665,
                    619.8623776435852
                ],
                [
                    235.15944182872772,
                    553.5602569580078
                ],
                [
                    205.18401265144348,
                    530.3634405136108
                ],
                [
                    168.78141462802887,
                    598.8367795944214
                ],
                [
                    233.53956639766693,
                    526.1005163192749
                ]
            ],
            "provenance": "visii",
            "quaternion_xyzw": [
                0.3436228632926941,
                0.5112401247024536,
                0.02829226851463318,
                0.7872461080551147
            ],
            "quaternion_xyzw_world": [
                0.8069084286689758,
                -0.323960542678833,
                0.04795459285378456,
                0.49157780408859253
            ],
            "segmentation_id": 7,
            "visibility": 0
        },
        {
            "bounding_box_minx_maxx_miny_maxy": [
                -1,
                -1,
                -1,
                -1
            ],
            "class": "FAIRY",
            "local_cuboid": null,
            "local_to_world_matrix": [
                [
                    -0.8288488388061523,
                    -0.03822680190205574,
                    0.5581651926040649,
                    0.0
                ],
                [
                    0.08728489279747009,
                    -0.9942821264266968,
                    0.061518989503383636,
                    0.0
                ],
                [
                    0.5526219606399536,
                    0.09970932453870773,
                    0.8274461030960083,
                    0.0
                ],
                [
                    0.8972979784011841,
                    0.26407164335250854,
                    0.46989619731903076,
                    1.0
                ]
            ],
            "location": [
                -0.26407164335250854,
                0.46989619731903076,
                -0.8972979784011841
            ],
            "location_world": [
                0.8972979784011841,
                0.26407164335250854,
                0.46989619731903076
            ],
            "name": "google_FAIRY_TALE_BLOCKS_7",
            "projected_cuboid": [
                [
                    -25.409996509552002,
                    -227.01656818389893
                ],
                [
                    152.6722013950348,
                    -225.7307767868042
                ],
                [
                    154.44305539131165,
                    -160.2332890033722
                ],
                [
                    -51.64635181427002,
                    -159.78524088859558
                ],
                [
                    20.33519744873047,
                    -63.7756884098053
                ],
                [
                    165.25056958198547,
                    -66.05219841003418
                ],
                [
                    168.19584369659424,
                    5.618557333946228
                ],
                [
                    5.261525511741638,
                    9.857773780822754
                ],
                [
                    76.70299708843231,
                    -104.3185293674469
                ]
            ],
            "provenance": "visii",
            "quaternion_xyzw": [
                0.6183303594589233,
                0.6276770830154419,
                0.2948017716407776,
                -0.3698391318321228
            ],
            "quaternion_xyzw_world": [
                0.2906832993030548,
                0.042192041873931885,
                0.9553241729736328,
                -0.03284531459212303
            ],
            "segmentation_id": 8,
            "visibility": 0
        },
        {
            "bounding_box_minx_maxx_miny_maxy": [
                -1,
                -1,
                -1,
                -1
            ],
            "class": "Great",
            "local_cuboid": null,
            "local_to_world_matrix": [
                [
                    0.27989161014556885,
                    -0.7694842219352722,
                    -0.5740686058998108,
                    0.0
                ],
                [
                    0.6678975224494934,
                    -0.2734649181365967,
                    0.6921921372413635,
                    0.0
                ],
                [
                    -0.6896184086799622,
                    -0.5771577954292297,
                    0.43739598989486694,
                    0.0
                ],
                [
                    0.23890352249145508,
                    -0.29061180353164673,
                    -0.34888699650764465,
                    1.0
                ]
            ],
            "location": [
                0.29061180353164673,
                -0.34888699650764465,
                -0.23890352249145508
            ],
            "location_world": [
                0.23890352249145508,
                -0.29061180353164673,
                -0.34888699650764465
            ],
            "name": "google_Great_Jones_Wingtip_kAqSg6EgG0I_8",
            "projected_cuboid": [
                [
                    3245.317220687866,
                    3940.8345222473145
                ],
                [
                    1201.3671398162842,
                    730.5893898010254
                ],
                [
                    882.8192949295044,
                    709.2039585113525
                ],
                [
                    1417.8181886672974,
                    2213.7932777404785
                ],
                [
                    4268.179416656494,
                    5818.808555603027
                ],
                [
                    1112.868070602417,
                    635.9163522720337
                ],
                [
                    785.2314114570618,
                    635.1720094680786
                ],
                [
                    1289.3376350402832,
                    2403.548240661621
                ],
                [
                    1227.607011795044,
                    1229.600429534912
                ]
            ],
            "provenance": "visii",
            "quaternion_xyzw": [
                -0.31131720542907715,
                0.2413966953754425,
                -0.23871642351150513,
                0.8875943422317505
            ],
            "quaternion_xyzw_world": [
                0.5281951427459717,
                -0.048081979155540466,
                -0.5981156229972839,
                0.6007959246635437
            ],
            "segmentation_id": 9,
            "visibility": 0
        },
        {
            "bounding_box_minx_maxx_miny_maxy": [
                50,
                219,
                1,
                87
            ],
            "class": "Ecoforms",
            "local_cuboid": null,
            "local_to_world_matrix": [
                [
                    0.5336868166923523,
                    0.3863248825073242,
                    -0.7522841691970825,
                    0.0
                ],
                [
                    0.6844769716262817,
                    -0.719752311706543,
                    0.11596427857875824,
                    0.0
                ],
                [
                    -0.49665844440460205,
                    -0.576809823513031,
                    -0.6485528945922852,
                    0.0
                ],
                [
                    0.8687652349472046,
                    0.21926887333393097,
                    0.4123595952987671,
                    1.0
                ]
            ],
            "location": [
                -0.21926887333393097,
                0.4123595952987671,
                -0.8687652349472046
            ],
            "location_world": [
                0.8687652349472046,
                0.21926887333393097,
                0.4123595952987671
            ],
            "name": "google_Ecoforms_Plant_Container_Quadra_Sand_QP6_9",
            "projected_cuboid": [
                [
                    72.06395268440247,
                    77.31606066226959
                ],
                [
                    189.44792449474335,
                    87.4900370836258
                ],
                [
                    135.00812649726868,
                    34.30619835853577
                ],
                [
                    20.83103358745575,
                    17.028510570526123
                ],
                [
                    111.37846112251282,
                    -78.0591070652008
                ],
                [
                    237.28057742118835,
                    -41.29454493522644
                ],
                [
                    172.0435470342636,
                    -88.38984370231628
                ],
                [
                    48.86162281036377,
                    -129.20808792114258
                ],
                [
                    125.44681131839752,
                    -11.160552501678467
                ]
            ],
            "provenance": "visii",
            "quaternion_xyzw": [
                -0.01622028648853302,
                0.501405656337738,
                -0.664646327495575,
                0.5536916255950928
            ],
            "quaternion_xyzw_world": [
                0.8517616987228394,
                0.3142903447151184,
                -0.36657628417015076,
                0.20333565771579742
            ],
            "segmentation_id": 10,
            "visibility": 1
        },
        {
            "bounding_box_minx_maxx_miny_maxy": [
                -1,
                -1,
                -1,
                -1
            ],
            "class": "ReadytoUse",
            "local_cuboid": null,
            "local_to_world_matrix": [
                [
                    0.6342180967330933,
                    0.4651137590408325,
                    -0.6176055669784546,
                    0.0
                ],
                [
                    -0.764865517616272,
                    0.2607876658439636,
                    -0.589042067527771,
                    0.0
                ],
                [
                    -0.11290761828422546,
                    0.8459663391113281,
                    0.5211457014083862,
                    0.0
                ],
                [
                    0.2159893661737442,
                    -0.07693041861057281,
                    -0.4294287860393524,
                    1.0
                ]
            ],
            "location": [
                0.07693041861057281,
                -0.4294287860393524,
                -0.2159893661737442
            ],
            "location_world": [
                0.2159893661737442,
                -0.07693041861057281,
                -0.4294287860393524
            ],
            "name": "google_ReadytoUse_Rolled_Fondant_Pure_White_24_oz_box_10",
            "projected_cuboid": [
                [
                    42.14926064014435,
                    1115.4661178588867
                ],
                [
                    -29.59960699081421,
                    1346.2138175964355
                ],
                [
                    358.4214746952057,
                    1482.7470779418945
                ],
                [
                    371.8107342720032,
                    1249.3059635162354
                ],
                [
                    144.50114965438843,
                    1236.5412712097168
                ],
                [
                    60.623615980148315,
                    1627.6158094406128
                ],
                [
                    626.7433166503906,
                    1796.8189716339111
                ],
                [
                    593.9805507659912,
                    1411.3024473190308
                ],
                [
                    266.6604220867157,
                    1377.1371841430664
                ]
            ],
            "provenance": "visii",
            "quaternion_xyzw": [
                -0.5027475953102112,
                0.43679630756378174,
                0.7360474467277527,
                -0.12119391560554504
            ],
            "quaternion_xyzw_world": [
                -0.4615963399410248,
                0.16234520077705383,
                0.39564502239227295,
                0.7771987318992615
            ],
            "segmentation_id": 11,
            "visibility": 0
        },
        {
            "bounding_box_minx_maxx_miny_maxy": [
                -1,
                -1,
                -1,
                -1
            ],
            "class": "Dog",
            "local_cuboid": null,
            "local_to_world_matrix": [
                [
                    -0.9287487268447876,
                    0.3635938763618469,
                    -0.07228680700063705,
                    0.0
                ],
                [
                    0.37022924423217773,
                    0.8998121619224548,
                    -0.23079943656921387,
                    0.0
                ],
                [
                    -0.018872717395424843,
                    -0.24111735820770264,
                    -0.9703124761581421,
                    0.0
                ],
                [
                    0.2613030970096588,
                    -0.4036060869693756,
                    0.3222934901714325,
                    1.0
                ]
            ],
            "location": [
                0.4036060869693756,
                0.3222934901714325,
                -0.2613030970096588
            ],
            "location_world": [
                0.2613030970096588,
                -0.4036060869693756,
                0.3222934901714325
            ],
            "name": "google_Dog_11",
            "projected_cuboid": [
                [
                    2869.6987628936768,
                    -504.7503113746643
                ],
                [
                    1324.2859840393066,
                    -77.0421028137207
                ],
                [
                    1146.6513872146606,
                    -697.860062122345
                ],
                [
                    2537.865161895752,
                    -1477.2523641586304
                ],
                [
                    1307.742714881897,
                    -40.91489315032959
                ],
                [
                    870.2695369720459,
                    74.69333708286285
                ],
                [
                    792.2259569168091,
                    -214.34727311134338
                ],
                [
                    1208.5788249969482,
                    -388.54658603668213
                ],
                [
                    1249.5391368865967,
                    -278.2735824584961
                ]
            ],
            "provenance": "visii",
            "quaternion_xyzw": [
                -0.46052491664886475,
                0.5277124643325806,
                -0.6350720524787903,
                -0.3257604241371155
            ],
            "quaternion_xyzw_world": [
                0.18824957311153412,
                0.9745349287986755,
                -0.12106205523014069,
                0.013702455908060074
            ],
            "segmentation_id": 12,
            "visibility": 0
        },
        {
            "bounding_box_minx_maxx_miny_maxy": [
                337,
                405,
                144,
                178
            ],
            "class": "Black",
            "local_cuboid": null,
            "local_to_world_matrix": [
                [
                    0.9114003777503967,
                    0.08044803142547607,
                    -0.40358078479766846,
                    0.0
                ],
                [
                    0.3969195485115051,
                    0.08707207441329956,
                    0.9137140512466431,
                    0.0
                ],
                [
                    0.10864712297916412,
                    -0.9929484128952026,
                    0.04742610454559326,
                    0.0
                ],
                [
                    1.39951491355896,
                    -0.21015915274620056,
                    0.2051568627357483,
                    1.0
                ]
            ],
            "location": [
                0.21015915274620056,
                0.2051568627357483,
                -1.39951491355896
            ],
            "location_world": [
                1.39951491355896,
                -0.21015915274620056,
                0.2051568627357483
            ],
            "name": "google_Black_Elderberry_Syrup_54_oz_Gaia_Herbs_12",
            "projected_cuboid": [
                [
                    399.6858596801758,
                    176.73885822296143
                ],
                [
                    395.1326012611389,
                    155.49495816230774
                ],
                [
                    336.2191915512085,
                    157.34821557998657
                ],
                [
                    339.8458957672119,
                    178.85980010032654
                ],
                [
                    407.3578715324402,
                    163.86687755584717
                ],
                [
                    402.506947517395,
                    142.0488953590393
                ],
                [
                    341.4628505706787,
                    143.81879568099976
                ],
                [
                    345.3185558319092,
                    165.91991484165192
                ],
                [
                    371.03337049484253,
                    160.53834557533264
                ]
            ],
            "provenance": "visii",
            "quaternion_xyzw": [
                -0.16917818784713745,
                0.7250533103942871,
                -0.12050610780715942,
                0.6566237211227417
            ],
            "quaternion_xyzw_world": [
                0.6665024757385254,
                0.17905694246292114,
                -0.11062736809253693,
                0.7151745557785034
            ],
            "segmentation_id": 13,
            "visibility": 1
        },
        {
            "bounding_box_minx_maxx_miny_maxy": [
                -1,
                -1,
                -1,
                -1
            ],
