{
    "camera_data": {
        "camera_look_at": {
            "at": [
                1.0,
                0.0,
                0.0
            ],
            "eye": [
                0.0,
                0.0,
                0.0
            ],
            "up": [
                0.0,
                0.0,
                1.0
            ]
        },
        "camera_view_matrix": [
            [
                0.0,
                0.0,
                -1.0,
                0.0
            ],
            [
                -1.0,
                0.0,
                0.0,
                0.0
            ],
            [
                0.0,
                1.0,
                0.0,
                0.0
            ],
            [
                0.0,
                0.0,
                0.0,
                1.0
            ]
        ],
        "height": 500,
        "intrinsics": {
            "cx": 250.0,
            "cy": 250.0,
            "fx": 603.5535278320312,
            "fy": 603.5535278320312
        },
        "location_world": [
            0.0,
            0.0,
            0.0
        ],
        "quaternion_world_xyzw": [
            0.5,
            -0.5,
            -0.5,
            0.5
        ],
        "width": 500
    },
    "objects": [
        {
            "bounding_box_minx_maxx_miny_maxy": [
                -1,
                -1,
                -1,
                -1
            ],
            "class": "Reebok",
            "local_cuboid": null,
            "local_to_world_matrix": [
                [
                    -0.5335479974746704,
                    -0.7849210500717163,
                    0.3150008022785187,
                    0.0
                ],
                [
                    0.2756103575229645,
                    -0.5134708881378174,
                    -0.8126416206359863,
                    0.0
                ],
                [
                    0.7996033430099487,
                    -0.3467658460140228,
                    0.49029380083084106,
                    0.0
                ],
                [
                    0.13906273245811462,
                    -0.41648855805397034,
                    -0.04128209874033928,
                    1.0
                ]
            ],
            "location": [
                0.41648855805397034,
                -0.04128209874033928,
                -0.13906273245811462
            ],
            "location_world": [
                0.13906273245811462,
                -0.41648855805397034,
                -0.04128209874033928
            ],
            "name": "google_Reebok_SOMERSET_RUN_0",
            "projected_cuboid": [
                [
                    1842.789888381958,
                    -319.71824169158936
                ],
                [
                    1686.7080926895142,
                    463.2061719894409
                ],
                [
                    2417.8082942962646,
                    826.1463642120361
                ],
                [
                    3645.700693130493,
                    -590.12770652771
                ],
                [
                    1168.6396598815918,
                    -68.05670261383057
                ],
                [
                    1223.5594987869263,
                    491.7219281196594
                ],
                [
                    1539.109706878662,
                    762.9365921020508
                ],
                [
                    1642.2655582427979,
                    -30.54630756378174
                ],
                [
                    1671.2756156921387,
                    291.7494773864746
                ]
            ],
            "provenance": "visii",
            "quaternion_xyzw": [
                0.9215701222419739,
                0.22474461793899536,
                0.23880815505981445,
                -0.20777153968811035
            ],
            "quaternion_xyzw_world": [
                0.3498675227165222,
                -0.3639310598373413,
                0.796447217464447,
                -0.3328944444656372
            ],
            "segmentation_id": 1,
            "visibility": 0
        },
        {
            "bounding_box_minx_maxx_miny_maxy": [
                35,
                133,
                1,
                44
            ],
            "class": "Breyer",
            "local_cuboid": null,
            "local_to_world_matrix": [
                [
                    0.46679258346557617,
                    0.7620775699615479,
                    0.4487122893333435,
                    0.0
                ],
                [
                    0.7188304662704468,
                    -0.031394243240356445,
                    -0.6944764256477356,
                    0.0
                ],
                [
                    -0.51515793800354,
                    0.6467245221138,
                    -0.5624592304229736,
                    0.0
                ],
                [
                    1.1824127435684204,
                    0.2857509255409241,
                    0.48670369386672974,
                    1.0
                ]
            ],
            "location": [
                -0.2857509255409241,
                0.48670369386672974,
                -1.1824127435684204
            ],
            "location_world": [
                1.1824127435684204,
                0.2857509255409241,
                0.48670369386672974
            ],
            "name": "google_Breyer_Horse_Of_The_Year_2015_1",
            "projected_cuboid": [
                [
                    -0.925987958908081,
                    2.261251211166382
                ],
                [
                    8.790373802185059,
                    31.374827027320862
                ],
                [
                    71.23233377933502,
                    3.8486719131469727
                ],
                [
                    64.26489353179932,
                    -24.31812882423401
                ],
                [
                    75.69968700408936,
                    36.9458794593811
                ],
                [
                    83.43635499477386,
                    67.64261424541473
                ],
                [
                    146.61158621311188,
                    35.06501019001007
                ],
                [
                    141.77730679512024,
                    5.330860614776611
                ],
                [
                    73.24397563934326,
                    18.752306699752808
                ]
            ],
            "provenance": "visii",
            "quaternion_xyzw": [
                0.32297104597091675,
                0.3716326653957367,
                -0.8619327545166016,
                -0.12104141712188721
            ],
            "quaternion_xyzw_world": [
                0.7177475094795227,
                0.5158178806304932,
                -0.023143799975514412,
                -0.4671562612056732
            ],
            "segmentation_id": 2,
            "visibility": 1
        },
        {
            "bounding_box_minx_maxx_miny_maxy": [
                10,
                127,
                96,
                193
            ],
            "class": "Smith",
            "local_cuboid": null,
            "local_to_world_matrix": [
                [
                    -0.5629082918167114,
                    0.739695131778717,
                    -0.3687618374824524,
                    0.0
                ],
                [
                    -0.7412307858467102,
                    -0.6491806507110596,
                    -0.17070837318897247,
                    0.0
                ],
                [
                    -0.3656651973724365,
                    0.17724449932575226,
                    0.9137140512466431,
                    0.0
                ],
                [
                    1.4109245538711548,
                    0.4200114905834198,
                    0.06538587063550949,
                    1.0
                ]
            ],
            "location": [
                -0.4200114905834198,
                0.06538587063550949,
                -1.4109245538711548
            ],
            "location_world": [
                1.4109245538711548,
                0.4200114905834198,
                0.06538587063550949
            ],
            "name": "google_Smith_Hawken_Woven_BasketTray_Organizer_with_3_Compartments_95_x_9_x_13_2",
            "projected_cuboid": [
                [
                    -66.50575995445251,
                    126.88907980918884
                ],
                [
                    -30.278921127319336,
                    129.60311770439148
                ],
                [
                    16.029968857765198,
                    261.2575888633728
                ],
                [
                    -23.94944429397583,
                    240.86856842041016
                ],
                [
                    82.59548246860504,
                    90.30242264270782
                ],
                [
                    134.80138778686523,
                    87.31099963188171
                ],
                [
                    163.0464494228363,
                    203.0499279499054
                ],
                [
                    110.67894101142883,
                    192.13518500328064
                ],
                [
                    52.92123556137085,
                    166.51254892349243
                ]
            ],
            "provenance": "visii",
            "quaternion_xyzw": [
                0.12781628966331482,
                0.5484800934791565,
                0.7543322443962097,
                -0.33736541867256165
            ],
            "quaternion_xyzw_world": [
                -0.20770065486431122,
                0.001848461339250207,
                0.8839970231056213,
                0.4188153147697449
            ],
            "segmentation_id": 3,
            "visibility": 1
        },
        {
            "bounding_box_minx_maxx_miny_maxy": [
                -1,
                -1,
                -1,
                -1
            ],
            "class": "Paul",
            "local_cuboid": null,
            "local_to_world_matrix": [
                [
                    -0.8563700914382935,
                    -0.35161033272743225,
                    -0.3781546950340271,
                    0.0
                ],
                [
                    0.3819632828235626,
                    0.061450839042663574,
                    -0.9221323728561401,
                    0.0
                ],
                [
                    0.3474692106246948,
                    -0.9341275691986084,
                    0.08167731761932373,
                    0.0
                ],
                [
                    0.5173618197441101,
                    -0.3645307421684265,
                    -0.019586969166994095,
                    1.0
                ]
            ],
            "location": [
                0.3645307421684265,
                -0.019586969166994095,
                -0.5173618197441101
            ],
            "location_world": [
                0.5173618197441101,
                -0.3645307421684265,
                -0.019586969166994095
            ],
            "name": "google_Paul_Frank_Dot_Lunch_Box_3",
            "projected_cuboid": [
                [
                    1070.5277919769287,
                    251.14431977272034
                ],
                [
                    995.6791996955872,
                    369.90249156951904
                ],
                [
                    829.2322158813477,
                    419.5910096168518
                ],
                [
                    901.925265789032,
                    281.20875358581543
                ],
                [
                    721.1182117462158,
                    163.6033058166504
                ],
                [
                    689.0736818313599,
                    250.64769387245178
                ],
                [
                    542.3526167869568,
                    268.3163285255432
                ],
                [
                    568.709135055542,
                    170.94632983207703
                ],
                [
                    762.3223066329956,
                    261.16469502449036
                ]
            ],
            "provenance": "visii",
            "quaternion_xyzw": [
                0.8095078468322754,
                -0.1357632577419281,
                0.552958607673645,
                -0.14318598806858063
            ],
            "quaternion_xyzw_world": [
                -0.011199984699487686,
                -0.6775218844413757,
                0.6849446296691895,
                -0.26774924993515015
            ],
            "segmentation_id": 4,
            "visibility": 0
        },
        {
            "bounding_box_minx_maxx_miny_maxy": [
                -1,
                -1,
                -1,
                -1
            ],
            "class": "Toys",
            "local_cuboid": null,
            "local_to_world_matrix": [
                [
                    -0.8654656410217285,
                    -0.0781697928905487,
                    -0.4948321282863617,
                    0.0
                ],
                [
                    0.3453092873096466,
                    0.6225332021713257,
                    -0.7022919654846191,
                    0.0
                ],
                [
                    0.3629474341869354,
                    -0.778679609298706,
                    -0.5117883682250977,
                    0.0
                ],
                [
                    1.8189796209335327,
                    0.15658502280712128,
                    0.305414080619812,
                    1.0
                ]
            ],
            "location": [
                -0.15658502280712128,
                0.305414080619812,
                -1.8189796209335327
            ],
            "location_world": [
                1.8189796209335327,
                0.15658502280712128,
                0.305414080619812
            ],
            "name": "google_Toys_R_Us_Treat_Dispenser_Smart_Puzzle_Foobler_4",
            "projected_cuboid": [
                [
                    255.700021982193,
                    167.77083277702332
                ],
                [
                    224.00975227355957,
                    205.7173252105713
                ],
                [
                    182.6465129852295,
                    177.67947912216187
                ],
                [
                    214.08574283123016,
                    137.64452934265137
                ],
                [
                    251.48972868919373,
                    149.39138293266296
                ],
                [
                    222.0691740512848,
                    185.25248765945435
                ],
                [
                    183.54550004005432,
                    158.58174860477448
                ],
                [
                    212.7462476491928,
                    120.88415026664734
                ],
                [
                    218.33978593349457,
                    163.01290690898895
                ]
            ],
            "provenance": "visii",
            "quaternion_xyzw": [
                -0.732019305229187,
                0.38160377740859985,
                -0.5615101456642151,
                -0.05685609579086304
            ],
            "quaternion_xyzw_world": [
                0.07711926102638245,
                0.8659946918487549,
                -0.427534818649292,
                0.24762842059135437
            ],
            "segmentation_id": 5,
            "visibility": 0
        },
        {
            "bounding_box_minx_maxx_miny_maxy": [
                -1,
                -1,
                -1,
                -1
            ],
            "class": "Tag",
            "local_cuboid": null,
            "local_to_world_matrix": [
                [
                    0.7506176233291626,
                    0.19689665734767914,
                    -0.6307177543640137,
                    0.0
                ],
                [
                    -0.628354549407959,
                    0.5078891515731812,
                    -0.5892530679702759,
                    0.0
                ],
                [
                    0.2043127715587616,
                    0.8386181592941284,
                    0.5049514770507812,
                    0.0
                ],
                [
                    0.9722338914871216,
                    0.5635398626327515,
                    0.5574734210968018,
                    1.0
                ]
            ],
            "location": [
                -0.5635398626327515,
                0.5574734210968018,
                -0.9722338914871216
            ],
            "location_world": [
                0.9722338914871216,
                0.5635398626327515,
                0.5574734210968018
            ],
            "name": "google_Tag_Dishtowel_Basket_Weave_Red_18_x_26_5",
            "projected_cuboid": [
                [
                    -47.472983598709106,
                    -69.01350617408752
                ],
                [
                    -166.00459814071655,
                    -31.73530101776123
                ],
                [
                    -150.76062083244324,
                    -22.787630558013916
                ],
                [
                    -33.48001837730408,
                    -61.48603558540344
                ],
                [
                    -65.49063324928284,
                    -175.98509788513184
                ],
                [
                    -205.17131686210632,
                    -151.64056420326233
                ],
                [
                    -187.92450428009033,
                    -142.34396815299988
                ],
                [
                    -49.80343580245972,
                    -168.2521104812622
                ],
                [
                    -107.56745934486389,
                    -100.38912296295166
                ]
            ],
            "provenance": "visii",
            "quaternion_xyzw": [
                -0.6317969560623169,
                0.4505431354045868,
                0.6288555264472961,
                -0.04883018881082535
            ],
            "quaternion_xyzw_world": [
                -0.4294697344303131,
                0.25115734338760376,
                0.2482159584760666,
                0.8311826586723328
            ],
            "segmentation_id": 6,
            "visibility": 0
        },
        {
            "bounding_box_minx_maxx_miny_maxy": [
                -1,
                -1,
                -1,
                -1
            ],
            "class": "FRACTION",
            "local_cuboid": null,
            "local_to_world_matrix": [
                [
                    -0.0933229923248291,
                    -0.9633150100708008,
                    0.25162482261657715,
                    0.0
                ],
                [
                    -0.13087621331214905,
                    -0.23866581916809082,
                    -0.9622421860694885,
                    0.0
                ],
                [
                    0.9869965314865112,
                    -0.1227310299873352,
                    -0.10380196571350098,
                    0.0
                ],
                [
                    0.3752403259277344,
                    -0.316977858543396,
                    -0.4146600663661957,
                    1.0
                ]
            ],
            "location": [
                0.316977858543396,
                -0.4146600663661957,
                -0.3752403259277344
            ],
            "location_world": [
                0.3752403259277344,
                -0.316977858543396,
                -0.4146600663661957
            ],
            "name": "google_FRACTION_FUN_n4h4qte23QR_6",
            "projected_cuboid": [
                [
                    798.5425591468811,
                    687.263011932373
                ],
                [
                    901.1456966400146,
                    990.5446767807007
                ],
                [
                    971.3457822799683,
                    1073.0490684509277
                ],
                [
                    852.475643157959,
                    729.8393249511719
                ],
                [
                    546.0931062698364,
                    731.5840721130371
                ],
                [
                    629.5605897903442,
                    1025.5446434020996
                ],
                [
                    665.0314927101135,
                    1108.490228652954
                ],
                [
                    570.2308416366577,
                    777.2414088249207
                ],
                [
                    736.1293435096741,
                    884.1774463653564
                ]
            ],
            "provenance": "visii",
            "quaternion_xyzw": [
                0.9890087842941284,
                0.12393486499786377,
                0.05461376905441284,
                0.059321582317352295
            ],
            "quaternion_xyzw_world": [
                0.5588257312774658,
                -0.4895046353340149,
                0.5541179180145264,
                -0.37556931376457214
            ],
            "segmentation_id": 7,
            "visibility": 0
        },
        {
            "bounding_box_minx_maxx_miny_maxy": [
                254,
                322,
                1,
                29
            ],
            "class": "FAIRY",
            "local_cuboid": null,
            "local_to_world_matrix": [
                [
                    -0.95951247215271,
                    -0.22908641397953033,
                    0.1638757288455963,
                    0.0
                ],
                [
                    0.1519264131784439,
                    -0.910851001739502,
                    -0.3837560713291168,
                    0.0
                ],
                [
                    0.237179696559906,
                    -0.34332165122032166,
                    0.9087772369384766,
                    0.0
                ],
                [
                    1.2929821014404297,
                    -0.040104299783706665,
                    0.5679792165756226,
                    1.0
                ]
            ],
            "location": [
                0.040104299783706665,
                0.5679792165756226,
                -1.2929821014404297
            ],
            "location_world": [
                1.2929821014404297,
                -0.040104299783706665,
                0.5679792165756226
            ],
            "name": "google_FAIRY_TALE_BLOCKS_7",
            "projected_cuboid": [
                [
                    262.2736096382141,
                    -171.30035161972046
                ],
                [
                    378.7674307823181,
                    -108.44314098358154
                ],
                [
                    345.74437141418457,
                    -21.810591220855713
                ],
                [
                    222.75276482105255,
                    -84.52710509300232
                ],
                [
                    236.53507232666016,
                    -84.98910069465637
                ],
                [
                    335.07296442985535,
                    -34.53892469406128
                ],
                [
                    305.9179484844208,
                    40.440574288368225
                ],
                [
                    202.78751850128174,
                    -9.75826382637024
                ],
                [
                    285.9574854373932,
                    -56.39779567718506
                ]
            ],
            "provenance": "visii",
            "quaternion_xyzw": [
                0.6800776124000549,
                0.3950750529766083,
                0.47892850637435913,
                -0.38992005586624146
            ],
            "quaternion_xyzw_world": [
                0.10315205156803131,
                -0.18700547516345978,
                0.9720005989074707,
                -0.09799706935882568
            ],
            "segmentation_id": 8,
            "visibility": 1
        },
        {
            "bounding_box_minx_maxx_miny_maxy": [
                -1,
                -1,
                -1,
                -1
            ],
            "class": "Great",
            "local_cuboid": null,
            "local_to_world_matrix": [
                [
                    -0.4508174657821655,
                    -0.7829911708831787,
                    0.4285888373851776,
                    0.0
                ],
                [
                    0.6938215494155884,
                    -0.005298018455505371,
                    0.7201274633407593,
                    0.0
                ],
                [
                    -0.5615828037261963,
                    0.6220102310180664,
                    0.5456445217132568,
                    0.0
                ],
                [
                    0.45971372723579407,
                    0.27873101830482483,
                    0.2783685326576233,
                    1.0
                ]
            ],
            "location": [
                -0.27873101830482483,
                0.2783685326576233,
                -0.45971372723579407
            ],
            "location_world": [
                0.45971372723579407,
                0.27873101830482483,
                0.2783685326576233
            ],
            "name": "google_Great_Jones_Wingtip_kAqSg6EgG0I_8",
            "projected_cuboid": [
                [
                    -455.3132653236389,
                    -329.06967401504517
                ],
                [
                    -134.4573199748993,
                    -350.47775506973267
                ],
                [
                    -10.565787553787231,
                    -210.82592010498047
                ],
                [
                    -186.45304441452026,
                    -100.97786784172058
                ],
                [
                    -510.3225111961365,
                    -144.15240287780762
                ],
                [
                    -197.37011194229126,
                    -239.18575048446655
                ],
                [
                    -77.17931270599365,
                    -123.33112955093384
                ],
                [
                    -267.93962717056274,
                    22.191137075424194
                ],
                [
                    -193.205326795578,
                    -186.45957112312317
                ]
            ],
            "provenance": "visii",
            "quaternion_xyzw": [
                -0.35400593280792236,
                -0.30641210079193115,
                0.12089680880308151,
                0.875314474105835
            ],
            "quaternion_xyzw_world": [
                0.04699980095028877,
                -0.47430869936943054,
                -0.7074178457260132,
                0.5219025611877441
            ],
            "segmentation_id": 9,
            "visibility": 0
        },
        {
            "bounding_box_minx_maxx_miny_maxy": [
                91,
                124,
                179,
                291
            ],
            "class": "Ecoforms",
            "local_cuboid": null,
            "local_to_world_matrix": [
                [
                    -0.27010083198547363,
                    -0.939978301525116,
                    0.2085336446762085,
                    0.0
                ],
                [
                    0.9420812726020813,
                    -0.30272960662841797,
                    -0.14435257017612457,
                    0.0
                ],
                [
                    0.19881761074066162,
                    0.1574658900499344,
                    0.9673035144805908,
                    0.0
                ],
                [
                    0.6726481318473816,
                    0.23627954721450806,
                    -0.10330357402563095,
                    1.0
                ]
            ],
            "location": [
                -0.23627954721450806,
                -0.10330357402563095,
                -0.6726481318473816
            ],
            "location_world": [
                0.6726481318473816,
                0.23627954721450806,
                -0.10330357402563095
            ],
            "name": "google_Ecoforms_Plant_Container_Quadra_Sand_QP6_9",
            "projected_cuboid": [
                [
                    43.464452028274536,
                    154.76945042610168
                ],
                [
                    136.6216242313385,
                    198.43345880508423
                ],
                [
                    153.2098352909088,
                    329.67185974121094
                ],
                [
                    59.78350341320038,
                    325.5557715892792
                ],
                [
                    -108.132004737854,
                    199.69139993190765
                ],
                [
                    12.250423431396484,
                    230.82707822322845
                ],
                [
                    22.46752381324768,
                    354.87931966781616
                ],
                [
                    -101.53409838676453,
                    358.5270345211029
                ],
                [
                    31.46575391292572,
                    269.12152767181396
                ]
            ],
            "provenance": "visii",
            "quaternion_xyzw": [
                -0.7555045485496521,
                -0.16917943954467773,
                -0.03727144002914429,
                0.6318243741989136
            ],
            "quaternion_xyzw_world": [
                -0.127794086933136,
                -0.0041139074601233006,
                -0.7968899011611938,
                0.5904390215873718
            ],
            "segmentation_id": 10,
            "visibility": 1
        },
        {
            "bounding_box_minx_maxx_miny_maxy": [
                -1,
                -1,
                -1,
                -1
            ],
            "class": "ReadytoUse",
            "local_cuboid": null,
            "local_to_world_matrix": [
                [
                    -0.2999286651611328,
                    0.9221978783607483,
                    0.24411875009536743,
                    0.0
                ],
                [
                    -0.9524751305580139,
                    -0.30377066135406494,
                    -0.022685475647449493,
                    0.0
                ],
                [
                    0.05323559790849686,
                    -0.2393210530281067,
                    0.9694799780845642,
                    0.0
                ],
                [
                    0.19787631928920746,
                    0.1053454801440239,
                    -0.32798686623573303,
                    1.0
                ]
            ],
            "location": [
                -0.1053454801440239,
                -0.32798686623573303,
                -0.19787631928920746
            ],
            "location_world": [
                0.19787631928920746,
                0.1053454801440239,
                -0.32798686623573303
            ],
            "name": "google_ReadytoUse_Rolled_Fondant_Pure_White_24_oz_box_10",
            "projected_cuboid": [
                [
                    -115.24662375450134,
                    674.3617057800293
                ],
                [
                    -164.1485095024109,
                    798.5539436340332
                ],
                [
                    -343.78623962402344,
                    1461.4017009735107
                ],
                [
                    -251.33919715881348,
                    1179.018497467041
                ],
                [
                    210.83033084869385,
                    684.1813325881958
                ],
                [
                    246.38114869594574,
                    788.1894707679749
                ],
                [
                    119.86245214939117,
                    1325.091004371643
                ],
                [
                    107.68619179725647,
                    1112.3383045196533
                ],
                [
                    -3.2877326011657715,
                    984.2390418052673
                ]
            ],
            "provenance": "visii",
            "quaternion_xyzw": [
                0.19603776931762695,
                0.6987038254737854,
                0.6876859068870544,
                -0.02168571949005127
            ],
            "quaternion_xyzw_world": [
                0.09268496185541153,
                -0.08166708797216415,
                0.802056610584259,
                0.5843331217765808
            ],
            "segmentation_id": 11,
            "visibility": 0
        },
        {
            "bounding_box_minx_maxx_miny_maxy": [
                106,
                343,
                18,
                326
            ],
            "class": "Dog",
            "local_cuboid": null,
            "local_to_world_matrix": [
                [
                    -0.9061866998672485,
                    0.2595209777355194,
                    -0.3338782787322998,
                    0.0
                ],
                [
                    0.12370020896196365,
                    0.9176816940307617,
                    0.3775692582130432,
                    0.0
                ],
                [
                    0.4043811559677124,
                    0.3008474111557007,
                    -0.8636938333511353,
                    0.0
                ],
                [
                    0.4281611144542694,
                    0.015651343390345573,
                    0.1379256695508957,
                    1.0
                ]
            ],
            "location": [
                -0.015651343390345573,
                0.1379256695508957,
                -0.4281611144542694
            ],
            "location_world": [
                0.4281611144542694,
                0.015651343390345573,
                0.1379256695508957
            ],
            "name": "google_Dog_11",
            "projected_cuboid": [
                [
                    216.796875,
                    418.1728959083557
                ],
                [
                    -30.958205461502075,
                    306.10042810440063
                ],
                [
                    9.777113795280457,
                    7.254078984260559
                ],
                [
                    325.0812590122223,
                    126.27369165420532
                ],
                [
                    288.96602988243103,
                    281.38554096221924
                ],
                [
                    122.11400270462036,
                    212.1690809726715
                ],
                [
                    169.79724168777466,
                    15.145525336265564
                ],
                [
                    364.6341562271118,
                    86.3649845123291
                ],
                [
                    189.45026397705078,
                    183.6724877357483
                ]
            ],
            "provenance": "visii",
            "quaternion_xyzw": [
                -0.4379757344722748,
                0.7144002914428711,
                -0.3455324172973633,
                -0.42239415645599365
            ],
            "quaternion_xyzw_world": [
                0.09978145360946655,
                0.9601513147354126,
                0.17664316296577454,
                0.19222475588321686
            ],
            "segmentation_id": 12,
            "visibility": 1
        },
        {
            "bounding_box_minx_maxx_miny_maxy": [
                346,
                410,
                144,
                198
            ],
            "class": "Black",
            "local_cuboid": null,
            "local_to_world_matrix": [
                [
                    -0.42092084884643555,
                    0.5811305642127991,
                    -0.6965005397796631,
                    0.0
                ],
                [
                    -0.19717715680599213,
                    0.6908576488494873,
                    0.6955838203430176,
                    0.0
                ],
                [
                    0.8854078054428101,
                    0.43011972308158875,
                    -0.17621064186096191,
                    0.0
                ],
                [
                    1.1901068687438965,
                    -0.30336153507232666,
                    0.17553867399692535,
                    1.0
                ]
            ],
            "location": [
                0.30336153507232666,
                0.17553867399692535,
                -1.1901068687438965
            ],
            "location_world": [
                1.1901068687438965,
                -0.30336153507232666,
                0.17553867399692535
            ],
            "name": "google_Black_Elderberry_Syrup_54_oz_Gaia_Herbs_12",
            "projected_cuboid": [
                [
                    362.5618815422058,
                    199.6271312236786
                ],
                [
                    344.6287512779236,
                    180.10498583316803
                ],
                [
                    387.1328830718994,
                    159.28049385547638
                ],
                [
                    406.59379959106445,
                    181.12602829933167
                ],
                [
                    375.5302131175995,
                    182.56312608718872
                ],
                [
                    358.03669691085815,
                    163.24526071548462
                ],
                [
                    401.12635493278503,
                    141.0287767648697
                ],
                [
                    420.06486654281616,
                    162.61547803878784
                ],
                [
                    380.9519410133362,
                    171.68360948562622
                ]
            ],
            "provenance": "visii",
            "quaternion_xyzw": [
                -0.3900940418243408,
                0.8891178369522095,
                0.005895301699638367,
                -0.23929348587989807
            ],
            "quaternion_xyzw_world": [
                0.1269175112247467,
                0.7563050389289856,
                0.37210631370544434,
                0.5229068398475647
            ],
            "segmentation_id": 13,
            "visibility": 1
        },
        {
            "bounding_box_minx_maxx_miny_maxy": [
                -1,
                -1,
                -1,
                -1
