{
    "camera_data": {
        "camera_look_at": {
            "at": [
                1.0,
                0.0,
                0.0
            ],
            "eye": [
                0.0,
                0.0,
                0.0
            ],
            "up": [
                0.0,
                0.0,
                1.0
            ]
        },
        "camera_view_matrix": [
            [
                0.0,
                0.0,
                -1.0,
                0.0
            ],
            [
                -1.0,
                0.0,
                0.0,
                0.0
            ],
            [
                0.0,
                1.0,
                0.0,
                0.0
            ],
            [
                0.0,
                0.0,
                0.0,
                1.0
            ]
        ],
        "height": 500,
        "intrinsics": {
            "cx": 250.0,
            "cy": 250.0,
            "fx": 603.5535278320312,
            "fy": 603.5535278320312
        },
        "location_world": [
            0.0,
            0.0,
            0.0
        ],
        "quaternion_world_xyzw": [
            0.5,
            -0.5,
            -0.5,
            0.5
        ],
        "width": 500
    },
    "objects": [
        {
            "bounding_box_minx_maxx_miny_maxy": [
                -1,
                -1,
                -1,
                -1
            ],
            "class": "Reebok",
            "local_cuboid": null,
            "local_to_world_matrix": [
                [
                    -0.5780025720596313,
                    -0.47378504276275635,
                    0.6644107103347778,
                    0.0
                ],
                [
                    -0.14424140751361847,
                    -0.7420562505722046,
                    -0.6546356081962585,
                    0.0
                ],
                [
                    0.803186297416687,
                    -0.4742162823677063,
                    0.36057037115097046,
                    0.0
                ],
                [
                    0.1994740515947342,
                    -0.3899506628513336,
                    -0.0453948937356472,
                    1.0
                ]
            ],
            "location": [
                0.3899506628513336,
                -0.0453948937356472,
                -0.1994740515947342
            ],
            "location_world": [
                0.1994740515947342,
                -0.3899506628513336,
                -0.0453948937356472
            ],
            "name": "google_Reebok_SOMERSET_RUN_0",
            "projected_cuboid": [
                [
                    1029.4697284698486,
                    -28.553247451782227
                ],
                [
                    1715.7467603683472,
                    406.1754643917084
                ],
                [
                    2425.861358642578,
                    679.5744895935059
                ],
                [
                    1239.4590377807617,
                    -32.32648968696594
                ],
                [
                    789.491593837738,
                    154.57287430763245
                ],
                [
                    1295.2760457992554,
                    521.4779376983643
                ],
                [
                    1599.859595298767,
                    761.2925171852112
                ],
                [
                    856.9583892822266,
                    219.23303604125977
                ],
                [
                    1273.9622592926025,
                    310.0070655345917
                ]
            ],
            "provenance": "visii",
            "quaternion_xyzw": [
                0.8560968041419983,
                0.41072067618370056,
                0.3072720766067505,
                -0.06317311525344849
            ],
            "quaternion_xyzw_world": [
                0.44818615913391113,
                -0.34473755955696106,
                0.8186313509941101,
                -0.10063859075307846
            ],
            "segmentation_id": 1,
            "visibility": 0
        },
        {
            "bounding_box_minx_maxx_miny_maxy": [
                74,
                128,
                1,
                4
            ],
            "class": "Breyer",
            "local_cuboid": null,
            "local_to_world_matrix": [
                [
                    -0.35042333602905273,
                    -0.9356634616851807,
                    -0.04168233275413513,
                    0.0
                ],
                [
                    0.20828604698181152,
                    -0.034462690353393555,
                    -0.9774606227874756,
                    0.0
                ],
                [
                    0.913137674331665,
                    -0.35120686888694763,
                    0.20696210861206055,
                    0.0
                ],
                [
                    1.3514485359191895,
                    0.38083985447883606,
                    0.6041794419288635,
                    1.0
                ]
            ],
            "location": [
                -0.38083985447883606,
                0.6041794419288635,
                -1.3514485359191895
            ],
            "location_world": [
                1.3514485359191895,
                0.38083985447883606,
                0.6041794419288635
            ],
            "name": "google_Breyer_Horse_Of_The_Year_2015_1",
            "projected_cuboid": [
                [
                    158.8950753211975,
                    -22.640466690063477
                ],
                [
                    160.4694128036499,
                    2.9578953981399536
                ],
                [
                    126.32361054420471,
                    -8.74510407447815
                ],
                [
                    124.26638603210449,
                    -37.19353675842285
                ],
                [
                    78.22231948375702,
                    -11.983662843704224
                ],
                [
                    80.34385740756989,
                    12.183845043182373
                ],
                [
                    40.162429213523865,
                    2.0811855792999268
                ],
                [
                    37.4787300825119,
                    -24.61165189743042
                ],
                [
                    100.50688683986664,
                    -10.48329472541809
                ]
            ],
            "provenance": "visii",
            "quaternion_xyzw": [
                0.9780416488647461,
                -0.0018454790115356445,
                0.17934565246105194,
                -0.1061427891254425
            ],
            "quaternion_xyzw_world": [
                0.3453538715839386,
                -0.526544988155365,
                0.6308423280715942,
                -0.45334210991859436
            ],
            "segmentation_id": 2,
            "visibility": 1
        },
        {
            "bounding_box_minx_maxx_miny_maxy": [
                71,
                131,
                83,
                139
            ],
            "class": "Smith",
            "local_cuboid": null,
            "local_to_world_matrix": [
                [
                    -0.9404010772705078,
                    -0.1863669455051422,
                    0.2844541072845459,
                    0.0
                ],
                [
                    0.2824114263057709,
                    -0.893968939781189,
                    0.34794265031814575,
                    0.0
                ],
                [
                    0.1894480288028717,
                    0.4075385332107544,
                    0.8933206796646118,
                    0.0
                ],
                [
                    1.5273399353027344,
                    0.3739205002784729,
                    0.08496741950511932,
                    1.0
                ]
            ],
            "location": [
                -0.3739205002784729,
                0.08496741950511932,
                -1.5273399353027344
            ],
            "location_world": [
                1.5273399353027344,
                0.3739205002784729,
                0.08496741950511932
            ],
            "name": "google_Smith_Hawken_Woven_BasketTray_Organizer_with_3_Compartments_95_x_9_x_13_2",
            "projected_cuboid": [
                [
                    0.613778829574585,
                    104.41926121711731
                ],
                [
                    109.33607816696167,
                    74.31715726852417
                ],
                [
                    151.63031220436096,
                    171.8718409538269
                ],
                [
                    41.04559123516083,
                    208.504319190979
                ],
                [
                    26.343822479248047,
                    169.47945952415466
                ],
                [
                    113.33997547626495,
                    142.4502730369568
                ],
                [
                    147.47180044651031,
                    222.90822863578796
                ],
                [
                    59.30262804031372,
                    254.29028272628784
                ],
                [
                    82.58192241191864,
                    170.5533266067505
                ]
            ],
            "provenance": "visii",
            "quaternion_xyzw": [
                0.5069202184677124,
                0.5811677575111389,
                0.2627939283847809,
                -0.579840898513794
            ],
            "quaternion_xyzw_world": [
                0.12272661179304123,
                0.1956472396850586,
                0.9653614163398743,
                -0.12139970809221268
            ],
            "segmentation_id": 3,
            "visibility": 1
        },
        {
            "bounding_box_minx_maxx_miny_maxy": [
                -1,
                -1,
                -1,
                -1
            ],
            "class": "Paul",
            "local_cuboid": null,
            "local_to_world_matrix": [
                [
                    -0.7427051067352295,
                    0.6640099883079529,
                    0.08648720383644104,
                    0.0
                ],
                [
                    0.3093124032020569,
                    0.4547525644302368,
                    -0.8351802229881287,
                    0.0
                ],
                [
                    -0.5938982963562012,
                    -0.5935409665107727,
                    -0.5431336164474487,
                    0.0
                ],
                [
                    0.4973008334636688,
                    -0.3520648181438446,
                    0.008928458206355572,
                    1.0
                ]
            ],
            "location": [
                0.3520648181438446,
                0.008928458206355572,
                -0.4973008334636688
            ],
            "location_world": [
                0.4973008334636688,
                -0.3520648181438446,
                0.008928458206355572
            ],
            "name": "google_Paul_Frank_Dot_Lunch_Box_3",
            "projected_cuboid": [
                [
                    1302.15585231781,
                    399.4460105895996
                ],
                [
                    1069.2992210388184,
                    577.1611928939819
                ],
                [
                    597.9136228561401,
                    285.83621978759766
                ],
                [
                    705.7282328605652,
                    146.72544598579407
                ],
                [
                    1074.4085311889648,
                    364.2708659172058
                ],
                [
                    953.7774920463562,
                    471.064031124115
                ],
                [
                    659.2440605163574,
                    296.85744643211365
                ],
                [
                    734.1132164001465,
                    205.4612785577774
                ],
                [
                    842.9677486419678,
                    326.17396116256714
                ]
            ],
            "provenance": "visii",
            "quaternion_xyzw": [
                -0.37989211082458496,
                0.24234868586063385,
                -0.8793588876724243,
                -0.15387339890003204
            ],
            "quaternion_xyzw_world": [
                0.29397106170654297,
                0.8277365565299988,
                -0.4315144717693329,
                -0.20549577474594116
            ],
            "segmentation_id": 4,
            "visibility": 0
        },
        {
            "bounding_box_minx_maxx_miny_maxy": [
                208,
                235,
                181,
                220
            ],
            "class": "Toys",
            "local_cuboid": null,
            "local_to_world_matrix": [
                [
                    0.10059648752212524,
                    0.36183393001556396,
                    -0.9267990589141846,
                    0.0
                ],
                [
                    0.9840905666351318,
                    0.10092633962631226,
                    0.14621788263320923,
                    0.0
                ],
                [
                    0.14644500613212585,
                    -0.9267632365226746,
                    -0.3459244966506958,
                    0.0
                ],
                [
                    1.8530040979385376,
                    0.12230949103832245,
                    0.19665992259979248,
                    1.0
                ]
            ],
            "location": [
                -0.12230949103832245,
                0.19665992259979248,
                -1.8530040979385376
            ],
            "location_world": [
                1.8530040979385376,
                0.12230949103832245,
                0.19665992259979248
            ],
            "name": "google_Toys_R_Us_Treat_Dispenser_Smart_Puzzle_Foobler_4",
            "projected_cuboid": [
                [
                    249.88378584384918,
                    229.74345088005066
                ],
                [
                    245.10714411735535,
                    224.37632083892822
                ],
                [
                    200.72484016418457,
                    207.53398537635803
                ],
                [
                    201.79593563079834,
                    211.53965592384338
                ],
                [
                    268.73868703842163,
                    181.27009272575378
                ],
                [
                    262.4543607234955,
                    179.637610912323
                ],
                [
                    217.91541576385498,
                    162.13542222976685
                ],
                [
                    220.46732902526855,
                    162.2905433177948
                ],
                [
                    233.41336846351624,
                    194.9111372232437
                ]
            ],
            "provenance": "visii",
            "quaternion_xyzw": [
                -0.3994975686073303,
                0.643136203289032,
                -0.5170036554336548,
                0.399355411529541
            ],
            "quaternion_xyzw_world": [
                0.5799988508224487,
                0.580141007900238,
                -0.3363601863384247,
                0.46249279379844666
            ],
            "segmentation_id": 5,
            "visibility": 1
        },
        {
            "bounding_box_minx_maxx_miny_maxy": [
                -1,
                -1,
                -1,
                -1
            ],
            "class": "Tag",
            "local_cuboid": null,
            "local_to_world_matrix": [
                [
                    -0.9449255466461182,
                    -0.051446959376335144,
                    -0.3232167065143585,
                    0.0
                ],
                [
                    0.3052669167518616,
                    0.2175670862197876,
                    -0.9270796775817871,
                    0.0
                ],
                [
                    0.11801674216985703,
                    -0.9746885299682617,
                    -0.1898796558380127,
                    0.0
                ],
                [
                    0.9316365122795105,
                    0.5185965895652771,
                    0.5456541776657104,
                    1.0
                ]
            ],
            "location": [
                -0.5185965895652771,
                0.5456541776657104,
                -0.9316365122795105
            ],
            "location_world": [
                0.9316365122795105,
                0.5185965895652771,
                0.5456541776657104
            ],
            "name": "google_Tag_Dishtowel_Basket_Weave_Red_18_x_26_5",
            "projected_cuboid": [
                [
                    -84.91986989974976,
                    -206.21520280838013
                ],
                [
                    -92.52393245697021,
                    -23.442894220352173
                ],
                [
                    -117.23408102989197,
                    -29.21554446220398
                ],
                [
                    -111.74657940864563,
                    -213.41300010681152
                ],
                [
                    -35.30368208885193,
                    -165.18861055374146
                ],
                [
                    -45.097947120666504,
                    -13.182491064071655
                ],
                [
                    -65.82266092300415,
                    -18.027305603027344
                ],
                [
                    -57.49636888504028,
                    -171.026349067688
                ],
                [
                    -74.20489192008972,
                    -100.62754154205322
                ]
            ],
            "provenance": "visii",
            "quaternion_xyzw": [
                -0.7239722609519958,
                0.1867418885231018,
                -0.6628755331039429,
                0.03984522819519043
            ],
            "quaternion_xyzw_world": [
                0.08274518698453903,
                0.766872227191925,
                -0.6199755668640137,
                0.1438419073820114
            ],
            "segmentation_id": 6,
            "visibility": 0
        },
        {
            "bounding_box_minx_maxx_miny_maxy": [
                -1,
                -1,
                -1,
                -1
            ],
            "class": "FRACTION",
            "local_cuboid": null,
            "local_to_world_matrix": [
                [
                    0.9245960116386414,
                    0.37712976336479187,
                    -0.0538085512816906,
                    0.0
                ],
                [
                    0.3798584043979645,
                    -0.902024507522583,
                    0.2050832211971283,
                    0.0
                ],
                [
                    0.028806347399950027,
                    -0.21005874872207642,
                    -0.9772641658782959,
                    0.0
                ],
                [
                    0.5545397996902466,
                    -0.14394839107990265,
                    -0.39730602502822876,
                    1.0
                ]
            ],
            "location": [
                0.14394839107990265,
                -0.39730602502822876,
                -0.5545397996902466
            ],
            "location_world": [
                0.5545397996902466,
                -0.14394839107990265,
                -0.39730602502822876
            ],
            "name": "google_FRACTION_FUN_n4h4qte23QR_6",
            "projected_cuboid": [
                [
                    285.00089049339294,
                    716.2824869155884
                ],
                [
                    434.3424141407013,
                    631.6754221916199
                ],
                [
                    426.4204502105713,
                    593.9255356788635
                ],
                [
                    275.8154273033142,
                    674.1869449615479
                ],
                [
                    388.78172636032104,
                    875.4172921180725
                ],
                [
                    570.8885192871094,
                    741.5883541107178
                ],
                [
                    560.7858300209045,
                    692.108154296875
                ],
                [
                    376.495361328125,
                    818.1988000869751
                ],
                [
                    411.543071269989,
                    705.1901817321777
                ]
            ],
            "provenance": "visii",
            "quaternion_xyzw": [
                0.3341381847858429,
                0.6346296668052673,
                -0.5346120595932007,
                0.44697514176368713
            ],
            "quaternion_xyzw_world": [
                0.975177526473999,
                0.194064199924469,
                -0.00640965485945344,
                0.10642728209495544
            ],
            "segmentation_id": 7,
            "visibility": 0
        },
        {
            "bounding_box_minx_maxx_miny_maxy": [
                -1,
                -1,
                -1,
                -1
            ],
            "class": "FAIRY",
            "local_cuboid": null,
            "local_to_world_matrix": [
                [
                    0.3996633291244507,
                    -0.8616647720336914,
                    0.31273481249809265,
                    0.0
                ],
                [
                    0.015348583459854126,
                    -0.3348287343978882,
                    -0.942154049873352,
                    0.0
                ],
                [
                    0.9165334701538086,
                    0.3813444674015045,
                    -0.12059342861175537,
                    0.0
                ],
                [
                    1.342183232307434,
                    0.05474301055073738,
                    0.5642828941345215,
                    1.0
                ]
            ],
            "location": [
                -0.05474301055073738,
                0.5642828941345215,
                -1.342183232307434
            ],
            "location_world": [
                1.342183232307434,
                0.05474301055073738,
                0.5642828941345215
            ],
            "name": "google_FAIRY_TALE_BLOCKS_7",
            "projected_cuboid": [
                [
                    220.90628743171692,
                    -15.43039083480835
                ],
                [
                    254.4877529144287,
                    79.52965795993805
                ],
                [
                    291.98241233825684,
                    42.875006794929504
                ],
                [
                    253.5702884197235,
                    -66.16243720054626
                ],
                [
                    132.8417956829071,
                    -1.7376840114593506
                ],
                [
                    168.87913644313812,
                    99.45417940616608
                ],
                [
                    195.7223266363144,
                    63.14370036125183
                ],
                [
                    154.06134724617004,
                    -54.19111251831055
                ],
                [
                    209.61908996105194,
                    19.785717129707336
                ]
            ],
            "provenance": "visii",
            "quaternion_xyzw": [
                0.9644107222557068,
                0.1678650975227356,
                -0.2024572640657425,
                0.02728217840194702
            ],
            "quaternion_xyzw_world": [
                0.6810076236724854,
                -0.31068527698516846,
                0.45126819610595703,
                -0.4858603775501251
            ],
            "segmentation_id": 8,
            "visibility": 0
        },
        {
            "bounding_box_minx_maxx_miny_maxy": [
                0,
                60,
                85,
                297
            ],
            "class": "Great",
            "local_cuboid": null,
            "local_to_world_matrix": [
                [
                    -0.1262364387512207,
                    0.9821764826774597,
                    -0.13926145434379578,
                    0.0
                ],
                [
                    -0.7745410799980164,
                    -0.009875893592834473,
                    0.6324465274810791,
                    0.0
                ],
                [
                    0.6197987794876099,
                    0.18770147860050201,
                    0.7619827389717102,
                    0.0
                ],
                [
                    0.3638016879558563,
                    0.18345069885253906,
                    0.039104122668504715,
                    1.0
                ]
            ],
            "location": [
                -0.18345069885253906,
                0.039104122668504715,
                -0.3638016879558563
            ],
            "location_world": [
                0.3638016879558563,
                0.18345069885253906,
                0.039104122668504715
            ],
            "name": "google_Great_Jones_Wingtip_kAqSg6EgG0I_8",
            "projected_cuboid": [
                [
                    -37.31381893157959,
                    228.73716056346893
                ],
                [
                    -257.803738117218,
                    -176.64378881454468
                ],
                [
                    -354.8979163169861,
                    -82.43393898010254
                ],
                [
                    -52.74131894111633,
                    335.1101577281952
                ],
                [
                    87.15984225273132,
                    212.63693273067474
                ],
                [
                    -29.817938804626465,
                    -187.12297081947327
                ],
                [
                    -57.17751383781433,
                    -101.15903615951538
                ],
                [
                    90.01894295215607,
                    313.66363167762756
                ],
                [
                    -43.53600740432739,
                    125.39820373058319
                ]
            ],
            "provenance": "visii",
            "quaternion_xyzw": [
                -0.03597143292427063,
                0.8992249369621277,
                0.42718011140823364,
                -0.08728012442588806
            ],
            "quaternion_xyzw_world": [
                0.17439664900302887,
                0.29764819145202637,
                0.688856840133667,
                0.6375481486320496
            ],
            "segmentation_id": 9,
            "visibility": 1
        },
        {
            "bounding_box_minx_maxx_miny_maxy": [
                13,
                167,
                101,
                295
            ],
            "class": "Ecoforms",
            "local_cuboid": null,
            "local_to_world_matrix": [
                [
                    0.7491334676742554,
                    -0.6309983134269714,
                    -0.20159384608268738,
                    0.0
                ],
                [
                    0.6181403994560242,
                    0.7752977013587952,
                    -0.12967613339424133,
                    0.0
                ],
                [
                    0.2381206750869751,
                    -0.027468562126159668,
                    0.9708470702171326,
                    0.0
                ],
                [
                    0.691748321056366,
                    0.23386912047863007,
                    -0.04049665480852127,
                    1.0
                ]
            ],
            "location": [
                -0.23386912047863007,
                -0.04049665480852127,
                -0.691748321056366
            ],
            "location_world": [
                0.691748321056366,
                0.23386912047863007,
                -0.04049665480852127
            ],
            "name": "google_Ecoforms_Plant_Container_Quadra_Sand_QP6_9",
            "projected_cuboid": [
                [
                    172.52948880195618,
                    155.74076771736145
                ],
                [
                    79.86636459827423,
                    185.8600378036499
                ],
                [
                    68.15798580646515,
                    302.89754271507263
                ],
                [
                    164.14746642112732,
                    290.59454798698425
                ],
                [
                    33.69538486003876,
                    94.91331875324249
                ],
                [
                    -54.653674364089966,
                    140.94308018684387
                ],
                [
                    -76.76911354064941,
                    279.9012362957001
                ],
                [
                    13.264834880828857,
                    259.6619427204132
                ],
                [
                    53.58974635601044,
                    214.9774134159088
                ]
            ],
            "provenance": "visii",
            "quaternion_xyzw": [
                -0.706893801689148,
                0.34548741579055786,
                0.25522395968437195,
                0.5619611740112305
            ],
            "quaternion_xyzw_world": [
                -0.02733456715941429,
                0.11759799718856812,
                -0.3340717852115631,
                0.9347831606864929
            ],
            "segmentation_id": 10,
            "visibility": 1
        },
        {
            "bounding_box_minx_maxx_miny_maxy": [
                -1,
                -1,
                -1,
                -1
            ],
            "class": "ReadytoUse",
            "local_cuboid": null,
            "local_to_world_matrix": [
                [
                    0.10818171501159668,
                    0.9941242933273315,
                    -0.003705039620399475,
                    0.0
                ],
                [
                    -0.9418922662734985,
                    0.10130411386489868,
                    -0.3202757239341736,
                    0.0
                ],
                [
                    -0.31801849603652954,
                    0.038137733936309814,
                    0.9473171234130859,
                    0.0
                ],
                [
                    0.18370705842971802,
                    0.09345429390668869,
                    -0.31121963262557983,
                    1.0
                ]
            ],
            "location": [
                -0.09345429390668869,
                -0.31121963262557983,
                -0.18370705842971802
            ],
            "location_world": [
                0.18370705842971802,
                0.09345429390668869,
                -0.31121963262557983
            ],
            "name": "google_ReadytoUse_Rolled_Fondant_Pure_White_24_oz_box_10",
            "projected_cuboid": [
                [
                    -345.5471992492676,
                    793.1936979293823
                ],
                [
                    -614.780068397522,
                    1098.2831716537476
                ],
                [
                    -314.04006481170654,
                    1403.0120372772217
                ],
                [
                    -177.67682671546936,
                    1108.5325479507446
                ],
                [
                    98.95457327365875,
                    840.1083946228027
                ],
                [
                    -0.629037618637085,
                    1206.8548202514648
                ],
                [
                    111.88782751560211,
                    1499.8146295547485
                ],
                [
                    158.79946947097778,
                    1163.6099815368652
                ],
                [
                    -121.05506658554077,
                    1139.977216720581
                ]
            ],
            "provenance": "visii",
            "quaternion_xyzw": [
                -0.04509151354432106,
                0.5822005867958069,
                0.8112365007400513,
                0.03007727861404419
            ],
            "quaternion_xyzw_world": [
                -0.12202506512403488,
                -0.10701083391904831,
                0.6591341495513916,
                0.7343029379844666
            ],
            "segmentation_id": 11,
            "visibility": 0
        },
        {
            "bounding_box_minx_maxx_miny_maxy": [
                189,
                446,
                1,
                199
            ],
            "class": "Dog",
            "local_cuboid": null,
            "local_to_world_matrix": [
                [
                    0.3232596516609192,
                    -0.818064272403717,
                    0.47568297386169434,
                    0.0
                ],
                [
                    0.2736923098564148,
                    0.5620110630989075,
                    0.780535876750946,
                    0.0
                ],
                [
                    -0.9058675765991211,
                    -0.12212514877319336,
                    0.405573308467865,
                    0.0
                ],
                [
                    0.5535156726837158,
                    -0.025889087468385696,
                    0.13883058726787567,
                    1.0
                ]
            ],
            "location": [
                0.025889087468385696,
                0.13883058726787567,
                -0.5535156726837158
            ],
            "location_world": [
                0.5535156726837158,
                -0.025889087468385696,
                0.13883058726787567
            ],
            "name": "google_Dog_11",
            "projected_cuboid": [
                [
                    561.3443851470947,
                    -68.69640946388245
                ],
                [
                    380.52237033843994,
                    -232.24374651908875
                ],
                [
                    318.572461605072,
                    -12.247592210769653
                ],
                [
                    436.2020194530487,
                    118.96900832653046
                ],
                [
                    268.06119084358215,
                    68.64029169082642
                ],
                [
                    91.05361998081207,
                    -148.13119173049927
                ],
                [
                    116.87079071998596,
                    74.29046928882599
                ],
                [
                    231.54188692569733,
                    234.50061678886414
                ],
                [
                    301.6536235809326,
                    14.845937490463257
                ]
            ],
            "provenance": "visii",
            "quaternion_xyzw": [
                -0.18142566084861755,
                0.11895826458930969,
                0.27715861797332764,
                0.9360111951828003
            ],
            "quaternion_xyzw_world": [
                0.2981925904750824,
                -0.45639294385910034,
                -0.36066001653671265,
                0.7567768692970276
            ],
            "segmentation_id": 12,
            "visibility": 1
        },
        {
            "bounding_box_minx_maxx_miny_maxy": [
                290,
                369,
                110,
                144
            ],
            "class": "Black",
            "local_cuboid": null,
            "local_to_world_matrix": [
                [
                    0.8727414011955261,
                    0.46666955947875977,
                    -0.1433248370885849,
                    0.0
                ],
                [
                    -0.098635733127594,
                    -0.11896991729736328,
                    -0.9879865646362305,
                    0.0
                ],
                [
                    -0.4781144857406616,
                    0.8763937950134277,
                    -0.057799696922302246,
                    0.0
                ],
                [
                    1.0795722007751465,
                    -0.19496114552021027,
                    0.22285927832126617,
                    1.0
                ]
            ],
            "location": [
                0.19496114552021027,
                0.22285927832126617,
                -1.0795722007751465
            ],
            "location_world": [
                1.0795722007751465,
                -0.19496114552021027,
                0.22285927832126617
            ],
            "name": "google_Black_Elderberry_Syrup_54_oz_Gaia_Herbs_12",
            "projected_cuboid": [
                [
                    279.61671352386475,
                    110.70001125335693
                ],
                [
                    283.89453887939453,
                    144.04995739459991
                ],
                [
                    351.43759846687317,
                    146.12746238708496
                ],
                [
                    347.0723032951355,
                    114.85594511032104
                ],
                [
                    297.3960041999817,
                    98.66949915885925
                ],
                [
                    301.99646949768066,
                    133.64088535308838
                ],
                [
                    371.5476989746094,
                    136.50356233119965
                ],
                [
                    366.86575412750244,
                    103.81065309047699
                ],
                [
                    325.88326930999756,
                    123.68626892566681
                ]
            ],
            "provenance": "visii",
            "quaternion_xyzw": [
                -0.5106863975524902,
                0.011922754347324371,
                0.8562667369842529,
                -0.07658085227012634
            ],
            "quaternion_xyzw_world": [
                -0.7158056497573853,
                -0.1285383254289627,
                0.21704192459583282,
                0.6511475443840027
            ],
            "segmentation_id": 13,
            "visibility": 1
        },
        {
            "bounding_box_minx_maxx_miny_maxy": [
                169,
                221,
                75,
