{
    "camera_data": {
        "camera_look_at": {
            "at": [
                1.0,
                0.0,
                0.0
            ],
            "eye": [
                0.0,
                0.0,
                0.0
            ],
            "up": [
                0.0,
                0.0,
                1.0
            ]
        },
        "camera_view_matrix": [
            [
                0.0,
                0.0,
                -1.0,
                0.0
            ],
            [
                -1.0,
                0.0,
                0.0,
                0.0
            ],
            [
                0.0,
                1.0,
                0.0,
                0.0
            ],
            [
                0.0,
                0.0,
                0.0,
                1.0
            ]
        ],
        "height": 500,
        "intrinsics": {
            "cx": 250.0,
            "cy": 250.0,
            "fx": 603.5535278320312,
            "fy": 603.5535278320312
        },
        "location_world": [
            0.0,
            0.0,
            0.0
        ],
        "quaternion_world_xyzw": [
            0.5,
            -0.5,
            -0.5,
            0.5
        ],
        "width": 500
    },
    "objects": [
        {
            "bounding_box_minx_maxx_miny_maxy": [
                -1,
                -1,
                -1,
                -1
            ],
            "class": "Reebok",
            "local_cuboid": null,
            "local_to_world_matrix": [
                [
                    0.10067528486251831,
                    0.7736613750457764,
                    0.6255497932434082,
                    0.0
                ],
                [
                    -0.9093098640441895,
                    -0.18360638618469238,
                    0.3734222650527954,
                    0.0
                ],
                [
                    0.40375733375549316,
                    -0.6064130067825317,
                    0.6850132942199707,
                    0.0
                ],
                [
                    0.3273383677005768,
                    -0.2846725583076477,
                    0.0573652908205986,
                    1.0
                ]
            ],
            "location": [
                0.2846725583076477,
                0.0573652908205986,
                -0.3273383677005768
            ],
            "location_world": [
                0.3273383677005768,
                -0.2846725583076477,
                0.0573652908205986
            ],
            "name": "google_Reebok_SOMERSET_RUN_0",
            "projected_cuboid": [
                [
                    584.7265720367432,
                    111.77273094654083
                ],
                [
                    1076.9485235214233,
                    -304.4382929801941
                ],
                [
                    1058.302640914917,
                    -194.370836019516
                ],
                [
                    527.2217988967896,
                    200.8572816848755
                ],
                [
                    697.3766088485718,
                    193.59463453292847
                ],
                [
                    1340.6485319137573,
                    -150.23702383041382
                ],
                [
                    1386.4176273345947,
                    4.78537380695343
                ],
                [
                    650.0477194786072,
                    293.3400273323059
                ],
                [
                    800.2537488937378,
                    83.01018178462982
                ]
            ],
            "provenance": "visii",
            "quaternion_xyzw": [
                0.25331488251686096,
                0.7985676527023315,
                0.49911966919898987,
                0.2213614284992218
            ],
            "quaternion_xyzw_world": [
                0.387062132358551,
                -0.08761417120695114,
                0.6648203730583191,
                0.6328669190406799
            ],
            "segmentation_id": 1,
            "visibility": 0
        },
        {
            "bounding_box_minx_maxx_miny_maxy": [
                -1,
                -1,
                -1,
                -1
            ],
            "class": "Breyer",
            "local_cuboid": null,
            "local_to_world_matrix": [
                [
                    0.6617331504821777,
                    0.74808669090271,
                    0.04975453019142151,
                    0.0
                ],
                [
                    0.28199923038482666,
                    -0.18685948848724365,
                    -0.9410419464111328,
                    0.0
                ],
                [
                    -0.6946839094161987,
                    0.6367493867874146,
                    -0.33461105823516846,
                    0.0
                ],
                [
                    1.3697426319122314,
                    0.5985538363456726,
                    0.4560280740261078,
                    1.0
                ]
            ],
            "location": [
                -0.5985538363456726,
                0.4560280740261078,
                -1.3697426319122314
            ],
            "location_world": [
                1.3697426319122314,
                0.5985538363456726,
                0.4560280740261078
            ],
            "name": "google_Breyer_Horse_Of_The_Year_2015_1",
            "projected_cuboid": [
                [
                    -106.34845495223999,
                    54.718151688575745
                ],
                [
                    -97.23982214927673,
                    81.32787048816681
                ],
                [
                    -31.483173370361328,
                    72.4155604839325
                ],
                [
                    -39.17679190635681,
                    47.67034947872162
                ],
                [
                    -64.15238976478577,
                    35.31351685523987
                ],
                [
                    -54.453760385513306,
                    65.58462977409363
                ],
                [
                    15.52341878414154,
                    56.91161751747131
                ],
                [
                    7.509976625442505,
                    29.031947255134583
                ],
                [
                    -46.111494302749634,
                    55.80231547355652
                ]
            ],
            "provenance": "visii",
            "quaternion_xyzw": [
                -0.35294175148010254,
                -0.16760137677192688,
                0.9197571277618408,
                -0.037266626954078674
            ],
            "quaternion_xyzw_world": [
                -0.7387834191322327,
                -0.34857508540153503,
                0.21824032068252563,
                0.5339154005050659
            ],
            "segmentation_id": 2,
            "visibility": 0
        },
        {
            "bounding_box_minx_maxx_miny_maxy": [
                68,
                188,
                194,
                283
            ],
            "class": "Smith",
            "local_cuboid": null,
            "local_to_world_matrix": [
                [
                    0.9951552748680115,
                    0.006721407175064087,
                    -0.09808547794818878,
                    0.0
                ],
                [
                    -0.06443134695291519,
                    0.7981422543525696,
                    -0.5990138053894043,
                    0.0
                ],
                [
                    0.07425995171070099,
                    0.6024315357208252,
                    0.7947085499763489,
                    0.0
                ],
                [
                    1.742476224899292,
                    0.23930136859416962,
                    -0.02856956608593464,
                    1.0
                ]
            ],
            "location": [
                -0.23930136859416962,
                -0.02856956608593464,
                -1.742476224899292
            ],
            "location_world": [
                1.742476224899292,
                0.23930136859416962,
                -0.02856956608593464
            ],
            "name": "google_Smith_Hawken_Woven_BasketTray_Organizer_with_3_Compartments_95_x_9_x_13_2",
            "projected_cuboid": [
                [
                    157.76745975017548,
                    173.96080493927002
                ],
                [
                    92.84104406833649,
                    221.44266963005066
                ],
                [
                    142.2581672668457,
                    288.496196269989
                ],
                [
                    207.4311375617981,
                    239.94727432727814
                ],
                [
                    137.8811001777649,
                    143.38836073875427
                ],
                [
                    57.944685220718384,
                    201.37204229831696
                ],
                [
                    118.32350492477417,
                    283.6495339870453
                ],
                [
                    198.6377090215683,
                    224.06093776226044
                ],
                [
                    140.27094841003418,
                    222.61647880077362
                ]
            ],
            "provenance": "visii",
            "quaternion_xyzw": [
                -0.6454751491546631,
                0.34711942076683044,
                0.6187639832496643,
                0.2828448414802551
            ],
            "quaternion_xyzw_world": [
                -0.31713739037513733,
                0.045492853969335556,
                0.018781710416078568,
                0.9471016526222229
            ],
            "segmentation_id": 3,
            "visibility": 1
        },
        {
            "bounding_box_minx_maxx_miny_maxy": [
                447,
                499,
                177,
                394
            ],
            "class": "Paul",
            "local_cuboid": null,
            "local_to_world_matrix": [
                [
                    0.8015321493148804,
                    -0.25807029008865356,
                    0.5393940806388855,
                    0.0
                ],
                [
                    0.23126882314682007,
                    -0.6980715990066528,
                    -0.6776509881019592,
                    0.0
                ],
                [
                    0.5514172911643982,
                    0.6679040789604187,
                    -0.49984312057495117,
                    0.0
                ],
                [
                    0.5481149554252625,
                    -0.3577670156955719,
                    0.042635899037122726,
                    1.0
                ]
            ],
            "location": [
                0.3577670156955719,
                0.042635899037122726,
                -0.5481149554252625
            ],
            "location_world": [
                0.5481149554252625,
                -0.3577670156955719,
                0.042635899037122726
            ],
            "name": "google_Paul_Frank_Dot_Lunch_Box_3",
            "projected_cuboid": [
                [
                    406.30167722702026,
                    222.90994226932526
                ],
                [
                    458.6254954338074,
                    279.3210446834564
                ],
                [
                    639.0100717544556,
                    179.9255609512329
                ],
                [
                    583.2688808441162,
                    108.39739441871643
                ],
                [
                    391.9225335121155,
                    366.255521774292
                ],
                [
                    463.80114555358887,
                    436.95199489593506
                ],
                [
                    729.2786836624146,
                    335.7597887516022
                ],
                [
                    651.4278650283813,
                    238.17960917949677
                ],
                [
                    526.3750553131104,
                    264.8642063140869
                ]
            ],
            "provenance": "visii",
            "quaternion_xyzw": [
                0.7885332107543945,
                0.39233148097991943,
                -0.4658764600753784,
                0.08514998853206635
            ],
            "quaternion_xyzw_world": [
                0.86594557762146,
                -0.0077376291155815125,
                0.3149191439151764,
                -0.388464093208313
            ],
            "segmentation_id": 4,
            "visibility": 1
        },
        {
            "bounding_box_minx_maxx_miny_maxy": [
                0,
                33,
                387,
                442
            ],
            "class": "Toys",
            "local_cuboid": null,
            "local_to_world_matrix": [
                [
                    -0.9859057664871216,
                    -0.046340249478816986,
                    0.16075602173805237,
                    0.0
                ],
                [
                    -0.16619688272476196,
                    0.3815319538116455,
                    -0.9092920422554016,
                    0.0
                ],
                [
                    -0.01919674128293991,
                    -0.9231933951377869,
                    -0.3838561773300171,
                    0.0
                ],
                [
                    1.716338872909546,
                    0.7668400406837463,
                    -0.43590596318244934,
                    1.0
                ]
            ],
            "location": [
                -0.7668400406837463,
                -0.43590596318244934,
                -1.716338872909546
            ],
            "location_world": [
                1.716338872909546,
                0.7668400406837463,
                -0.43590596318244934
            ],
            "name": "google_Toys_R_Us_Treat_Dispenser_Smart_Puzzle_Foobler_4",
            "projected_cuboid": [
                [
                    33.34565460681915,
                    400.8566439151764
                ],
                [
                    8.116036653518677,
                    455.2302360534668
                ],
                [
                    -43.99079084396362,
                    433.0110549926758
                ],
                [
                    -17.99982786178589,
                    379.078209400177
                ],
                [
                    49.28004741668701,
                    396.4183032512665
                ],
                [
                    26.445671916007996,
                    446.0602402687073
                ],
                [
                    -21.225661039352417,
                    425.7604777812958
                ],
                [
                    2.246737480163574,
                    376.48719549179077
                ],
                [
                    5.026519298553467,
                    413.78021240234375
                ]
            ],
            "provenance": "visii",
            "quaternion_xyzw": [
                -0.6957793235778809,
                0.07932683825492859,
                -0.685957133769989,
                -0.19763916730880737
            ],
            "quaternion_xyzw_world": [
                -0.0640672892332077,
                0.8293512463569641,
                -0.5523852109909058,
                -0.05424504354596138
            ],
            "segmentation_id": 5,
            "visibility": 1
        },
        {
            "bounding_box_minx_maxx_miny_maxy": [
                -1,
                -1,
                -1,
                -1
            ],
            "class": "Tag",
            "local_cuboid": null,
            "local_to_world_matrix": [
                [
                    0.30587106943130493,
                    -0.7509905099868774,
                    0.5851975083351135,
                    0.0
                ],
                [
                    -0.7907993793487549,
                    0.14187556505203247,
                    0.5954054594039917,
                    0.0
                ],
                [
                    -0.5301690697669983,
                    -0.6448911428451538,
                    -0.5504871606826782,
                    0.0
                ],
                [
                    0.8060109615325928,
                    0.5145667195320129,
                    0.4882020950317383,
                    1.0
                ]
            ],
            "location": [
                -0.5145667195320129,
                0.4882020950317383,
                -0.8060109615325928
            ],
            "location_world": [
                0.8060109615325928,
                0.5145667195320129,
                0.4882020950317383
            ],
            "name": "google_Tag_Dishtowel_Basket_Weave_Red_18_x_26_5",
            "projected_cuboid": [
                [
                    -24.317562580108643,
                    -49.43862557411194
                ],
                [
                    -122.03031778335571,
                    -241.9690191745758
                ],
                [
                    -131.072998046875,
                    -245.33307552337646
                ],
                [
                    -33.511072397232056,
                    -55.98127841949463
                ],
                [
                    -131.61763548851013,
                    2.8179436922073364
                ],
                [
                    -266.48271083831787,
                    -190.3282105922699
                ],
                [
                    -272.33046293258667,
                    -195.33470273017883
                ],
                [
                    -139.0874683856964,
                    -5.223214626312256
                ],
                [
                    -131.36479258537292,
                    -112.4102771282196
                ]
            ],
            "provenance": "visii",
            "quaternion_xyzw": [
                0.3954162299633026,
                0.2802881896495819,
                0.2143438160419464,
                0.8480219841003418
            ],
            "quaternion_xyzw_world": [
                0.6546912789344788,
                -0.5887469053268433,
                0.021013138815760612,
                0.47361886501312256
            ],
            "segmentation_id": 6,
            "visibility": 0
        },
        {
            "bounding_box_minx_maxx_miny_maxy": [
                453,
                499,
                389,
                471
            ],
            "class": "FRACTION",
            "local_cuboid": null,
            "local_to_world_matrix": [
                [
                    0.6264364123344421,
                    0.4006900489330292,
                    -0.6685991883277893,
                    0.0
                ],
                [
                    0.7753946781158447,
                    -0.40796101093292236,
                    0.48200705647468567,
                    0.0
                ],
                [
                    -0.07962703704833984,
                    -0.8203750848770142,
                    -0.5662546157836914,
                    0.0
                ],
                [
                    1.1633474826812744,
                    -0.45376303791999817,
                    -0.3107098340988159,
                    1.0
                ]
            ],
            "location": [
                0.45376303791999817,
                -0.3107098340988159,
                -1.1633474826812744
            ],
            "location_world": [
                1.1633474826812744,
                -0.45376303791999817,
                -0.3107098340988159
            ],
            "name": "google_FRACTION_FUN_n4h4qte23QR_6",
            "projected_cuboid": [
                [
                    469.9854850769043,
                    482.4552536010742
                ],
                [
                    481.0944199562073,
                    413.2675230503082
                ],
                [
                    463.683545589447,
                    401.23969316482544
                ],
                [
                    450.37806034088135,
                    468.6759114265442
                ],
                [
                    534.4536304473877,
                    438.65785002708435
                ],
                [
                    538.5730266571045,
                    368.47761273384094
                ],
                [
                    519.3758010864258,
                    355.46502470970154
                ],
                [
                    512.5503540039062,
                    423.56520891189575
                ],
                [
                    495.1101243495941,
                    417.85579919815063
                ]
            ],
            "provenance": "visii",
            "quaternion_xyzw": [
                -0.09705136716365814,
                0.6713922023773193,
                -0.4995773434638977,
                0.538735568523407
            ],
            "quaternion_xyzw_world": [
                0.8063268661499023,
                0.3646426796913147,
                -0.23198601603507996,
                0.403800904750824
            ],
            "segmentation_id": 7,
            "visibility": 1
        },
        {
            "bounding_box_minx_maxx_miny_maxy": [
                108,
                180,
                1,
                56
            ],
            "class": "FAIRY",
            "local_cuboid": null,
            "local_to_world_matrix": [
                [
                    0.16659528017044067,
                    -0.8194025754928589,
                    -0.5484755635261536,
                    0.0
                ],
                [
                    0.16797155141830444,
                    -0.5245343446731567,
                    0.8346552848815918,
                    0.0
                ],
                [
                    -0.9716128706932068,
                    -0.23117795586585999,
                    0.050251305103302,
                    0.0
                ],
                [
                    1.380705714225769,
                    0.1899348348379135,
                    0.5824364423751831,
                    1.0
                ]
            ],
            "location": [
                -0.1899348348379135,
                0.5824364423751831,
                -1.380705714225769
            ],
            "location_world": [
                1.380705714225769,
                0.1899348348379135,
                0.5824364423751831
            ],
            "name": "google_FAIRY_TALE_BLOCKS_7",
            "projected_cuboid": [
                [
                    195.066899061203,
                    34.67230498790741
                ],
                [
                    266.6131258010864,
                    -68.00755858421326
                ],
                [
                    242.21903085708618,
                    -14.836341142654419
                ],
                [
                    181.13034963607788,
                    73.42159748077393
                ],
                [
                    83.78824591636658,
                    -46.38493061065674
                ],
                [
                    162.11698949337006,
                    -149.60381388664246
                ],
                [
                    153.37978303432465,
                    -82.05121755599976
                ],
                [
                    87.45098114013672,
                    6.692156195640564
                ],
                [
                    172.42127656936646,
                    -28.735250234603882
                ]
            ],
            "provenance": "visii",
            "quaternion_xyzw": [
                -0.057302847504615784,
                0.10445070266723633,
                -0.28176015615463257,
                0.9520596861839294
            ],
            "quaternion_xyzw_world": [
                0.6404838562011719,
                -0.254272997379303,
                -0.5933359861373901,
                0.4160265624523163
            ],
            "segmentation_id": 8,
            "visibility": 1
        },
        {
            "bounding_box_minx_maxx_miny_maxy": [
                152,
                334,
                391,
                500
            ],
            "class": "Great",
            "local_cuboid": null,
            "local_to_world_matrix": [
                [
                    0.3569220304489136,
                    0.9058022499084473,
                    0.22831788659095764,
                    0.0
                ],
                [
                    0.03392276167869568,
                    0.23168694972991943,
                    -0.9721987247467041,
                    0.0
                ],
                [
                    -0.9335180521011353,
                    0.3547443151473999,
                    0.051966845989227295,
                    0.0
                ],
                [
                    0.538666307926178,
                    -0.011803536675870419,
                    -0.16414007544517517,
                    1.0
                ]
            ],
            "location": [
                0.011803536675870419,
                -0.16414007544517517,
                -0.538666307926178
            ],
            "location_world": [
                0.538666307926178,
                -0.011803536675870419,
                -0.16414007544517517
            ],
            "name": "google_Great_Jones_Wingtip_kAqSg6EgG0I_8",
            "projected_cuboid": [
                [
                    192.3053413629532,
                    241.64257943630219
                ],
                [
                    98.3002781867981,
                    641.8968439102173
                ],
                [
                    170.0601875782013,
                    574.4224786758423
                ],
                [
                    247.39651381969452,
                    249.6948391199112
                ],
                [
                    335.9771966934204,
                    278.4595787525177
                ],
                [
                    229.40291464328766,
                    715.8061265945435
                ],
                [
                    280.03954887390137,
                    628.2472610473633
                ],
                [
                    365.6221330165863,
                    279.5221209526062
                ],
                [
                    239.6530956029892,
                    450.2825438976288
                ]
            ],
            "provenance": "visii",
            "quaternion_xyzw": [
                -0.1822625696659088,
                0.004621222615242004,
                0.9761555194854736,
                0.11781035363674164
            ],
            "quaternion_xyzw_world": [
                -0.5179932713508606,
                -0.453541100025177,
                0.34035196900367737,
                0.6404248476028442
            ],
            "segmentation_id": 9,
            "visibility": 1
        },
        {
            "bounding_box_minx_maxx_miny_maxy": [
                0,
                115,
                1,
                206
            ],
            "class": "Ecoforms",
            "local_cuboid": null,
            "local_to_world_matrix": [
                [
                    -0.21122753620147705,
                    -0.3441859185695648,
                    -0.9148327708244324,
                    0.0
                ],
                [
                    -0.20397254824638367,
                    -0.8998229503631592,
                    0.3856344223022461,
                    0.0
                ],
                [
                    -0.9559174180030823,
                    0.26805734634399414,
                    0.11986291408538818,
                    0.0
                ],
                [
                    0.7581202983856201,
                    0.23722797632217407,
                    0.14298836886882782,
                    1.0
                ]
            ],
            "location": [
                -0.23722797632217407,
                0.14298836886882782,
                -0.7581202983856201
            ],
            "location_world": [
                0.7581202983856201,
                0.23722797632217407,
                0.14298836886882782
            ],
            "name": "google_Ecoforms_Plant_Container_Quadra_Sand_QP6_9",
            "projected_cuboid": [
                [
                    -89.25038576126099,
                    209.98439192771912
                ],
                [
                    72.34622538089752,
                    127.83363461494446
                ],
                [
                    150.107279419899,
                    172.1825897693634
                ],
                [
                    18.897995352745056,
                    234.59070920944214
                ],
                [
                    -129.94179129600525,
                    47.39920794963837
                ],
                [
                    18.145442008972168,
                    -39.77373242378235
                ],
                [
                    103.29227149486542,
                    37.805452942848206
                ],
                [
                    -19.026905298233032,
                    103.60105335712433
                ],
                [
                    18.56611669063568,
                    113.57086896896362
                ]
            ],
            "provenance": "visii",
            "quaternion_xyzw": [
                -0.02566162496805191,
                0.14622846245765686,
                0.5536463260650635,
                -0.819411039352417
            ],
            "quaternion_xyzw_world": [
                -0.6262452602386475,
                0.21882738173007965,
                0.746812105178833,
                -0.046937305480241776
            ],
            "segmentation_id": 10,
            "visibility": 1
        },
        {
            "bounding_box_minx_maxx_miny_maxy": [
                -1,
                -1,
                -1,
                -1
            ],
            "class": "ReadytoUse",
            "local_cuboid": null,
            "local_to_world_matrix": [
                [
                    -0.7709577083587646,
                    -0.49570232629776,
                    -0.39987924695014954,
                    0.0
                ],
                [
                    0.16300630569458008,
                    0.45337384939193726,
                    -0.8762882947921753,
                    0.0
                ],
                [
                    0.6156729459762573,
                    -0.7407640218734741,
                    -0.26872944831848145,
                    0.0
                ],
                [
                    0.17773309350013733,
                    0.021301589906215668,
                    -0.3142905831336975,
                    1.0
                ]
            ],
            "location": [
                -0.021301589906215668,
                -0.3142905831336975,
                -0.17773309350013733
            ],
            "location_world": [
                0.17773309350013733,
                0.021301589906215668,
                -0.3142905831336975
            ],
            "name": "google_ReadytoUse_Rolled_Fondant_Pure_White_24_oz_box_10",
            "projected_cuboid": [
                [
                    628.6671161651611,
                    1197.3257064819336
                ],
                [
                    559.6924424171448,
                    1274.3433713912964
                ],
                [
                    239.35316503047943,
                    1859.5857620239258
                ],
                [
                    344.5260226726532,
                    1756.4963102340698
                ],
                [
                    407.11310505867004,
                    833.1297636032104
                ],
                [
                    362.92266845703125,
                    897.195041179657
                ],
                [
                    84.61937308311462,
                    1071.3472366333008
                ],
                [
                    139.49860632419586,
                    983.4694862365723
                ],
                [
                    357.83976316452026,
                    1134.6135139465332
                ]
            ],
            "provenance": "visii",
            "quaternion_xyzw": [
                -0.8642429113388062,
                0.24682095646858215,
                -0.4372965395450592,
                -0.030582576990127563
            ],
            "quaternion_xyzw_world": [
                -0.10535402595996857,
                0.7894715070724487,
                -0.512067973613739,
                0.32159239053726196
            ],
            "segmentation_id": 11,
            "visibility": 0
        },
        {
            "bounding_box_minx_maxx_miny_maxy": [
                66,
                298,
                11,
                204
            ],
            "class": "Dog",
            "local_cuboid": null,
            "local_to_world_matrix": [
                [
                    0.1047317385673523,
                    0.9724665880203247,
                    -0.20818260312080383,
                    0.0
                ],
                [
                    0.11813747882843018,
                    -0.2200171947479248,
                    -0.9683160781860352,
                    0.0
                ],
                [
                    -0.9874588251113892,
                    0.07681930065155029,
                    -0.13792765140533447,
                    0.0
                ],
                [
                    0.6764230132102966,
                    0.04455013945698738,
                    0.143341064453125,
                    1.0
                ]
            ],
            "location": [
                -0.04455013945698738,
                0.143341064453125,
                -0.6764230132102966
            ],
            "location_world": [
                0.6764230132102966,
                0.04455013945698738,
                0.143341064453125
            ],
            "name": "google_Dog_11",
            "projected_cuboid": [
                [
                    4.9029141664505005,
                    23.21833372116089
                ],
                [
                    64.74664807319641,
                    249.35998022556305
                ],
                [
                    130.0312876701355,
                    225.83799064159393
                ],
                [
                    89.6761417388916,
                    64.5752102136612
                ],
                [
                    289.9470329284668,
                    -52.65611410140991
                ],
                [
                    339.7364020347595,
                    188.4460300207138
                ],
                [
                    327.2753953933716,
                    181.8198710680008
                ],
                [
                    292.0563817024231,
                    13.081029057502747
                ],
                [
                    193.18754971027374,
                    115.85104465484619
                ]
            ],
            "provenance": "visii",
            "quaternion_xyzw": [
                0.045800432562828064,
                0.06459832191467285,
                -0.9909895658493042,
                0.1080232560634613
            ],
            "quaternion_xyzw_world": [
                0.604705810546875,
                0.45088210701942444,
                -0.4943070411682129,
                -0.43208423256874084
            ],
            "segmentation_id": 12,
            "visibility": 1
        },
        {
            "bounding_box_minx_maxx_miny_maxy": [
                -1,
                -1,
                -1,
                -1
            ],
            "class": "Black",
            "local_cuboid": null,
            "local_to_world_matrix": [
                [
                    -0.5963016748428345,
                    -0.12705564498901367,
                    -0.7926424145698547,
                    0.0
                ],
                [
                    -0.15115097165107727,
                    0.9875048995018005,
                    -0.04458071291446686,
                    0.0
                ],
                [
                    0.7884024977684021,
                    0.09322510659694672,
                    -0.6080554723739624,
                    0.0
                ],
                [
                    0.7508658766746521,
                    -0.3163785934448242,
                    0.6049509048461914,
                    1.0
                ]
            ],
            "location": [
                0.3163785934448242,
                0.6049509048461914,
                -0.7508658766746521
            ],
            "location_world": [
                0.7508658766746521,
                -0.3163785934448242,
                0.6049509048461914
            ],
            "name": "google_Black_Elderberry_Syrup_54_oz_Gaia_Herbs_12",
            "projected_cuboid": [
                [
                    487.5694215297699,
                    -100.63588619232178
                ],
                [
                    448.3471214771271,
                    -102.46306657791138
                ],
                [
                    490.65011739730835,
                    -230.75377941131592
                ],
                [
                    535.438060760498,
                    -227.09164023399353
                ],
                [
                    473.5024571418762,
                    -117.98658967018127
                ],
                [
                    435.65917015075684,
                    -119.91938948631287
                ],
                [
                    474.1732180118561,
                    -245.10112404823303
                ],
                [
                    517.1762704849243,
                    -241.43466353416443
                ],
                [
                    481.24125599861145,
                    -168.8789427280426
                ]
            ],
            "provenance": "visii",
            "quaternion_xyzw": [
                -0.7000069618225098,
                0.6357606053352356,
                -0.17966832220554352,
                -0.2711423337459564
            ],
            "quaternion_xyzw_world": [
                -0.07786018401384354,
                0.8932891488075256,
                0.013613843359053135,
                0.4424784779548645
            ],
            "segmentation_id": 13,
            "visibility": 0
        },
        {
            "bounding_box_minx_maxx_miny_maxy": [
                -1,
                -1,
                -1,
                -1
            ],
