{
    "camera_data": {
        "camera_look_at": {
            "at": [
                1.0,
                0.0,
                0.0
            ],
            "eye": [
                0.0,
                0.0,
                0.0
            ],
            "up": [
                0.0,
                0.0,
                1.0
            ]
        },
        "camera_view_matrix": [
            [
                0.0,
                0.0,
                -1.0,
                0.0
            ],
            [
                -1.0,
                0.0,
                0.0,
                0.0
            ],
            [
                0.0,
                1.0,
                0.0,
                0.0
            ],
            [
                0.0,
                0.0,
                0.0,
                1.0
            ]
        ],
        "height": 500,
        "intrinsics": {
            "cx": 250.0,
            "cy": 250.0,
            "fx": 603.5535278320312,
            "fy": 603.5535278320312
        },
        "location_world": [
            0.0,
            0.0,
            0.0
        ],
        "quaternion_world_xyzw": [
            0.5,
            -0.5,
            -0.5,
            0.5
        ],
        "width": 500
    },
    "objects": [
        {
            "bounding_box_minx_maxx_miny_maxy": [
                -1,
                -1,
                -1,
                -1
            ],
            "class": "Reebok",
            "local_cuboid": null,
            "local_to_world_matrix": [
                [
                    -0.36768031120300293,
                    -0.9194684624671936,
                    0.1392441987991333,
                    0.0
                ],
                [
                    0.1302911639213562,
                    -0.1991889476776123,
                    -0.9712610244750977,
                    0.0
                ],
                [
                    0.920779824256897,
                    -0.33897122740745544,
                    0.1930364966392517,
                    0.0
                ],
                [
                    0.12296823412179947,
                    -0.427116721868515,
                    -0.03561168164014816,
                    1.0
                ]
            ],
            "location": [
                0.427116721868515,
                -0.03561168164014816,
                -0.12296823412179947
            ],
            "location_world": [
                0.12296823412179947,
                -0.427116721868515,
                -0.03561168164014816
            ],
            "name": "google_Reebok_SOMERSET_RUN_0",
            "projected_cuboid": [
                [
                    1804.2086362838745,
                    -184.6626102924347
                ],
                [
                    1698.6438035964966,
                    640.1157379150391
                ],
                [
                    2780.472993850708,
                    1095.8393812179565
                ],
                [
                    3518.5067653656006,
                    -581.2245011329651
                ],
                [
                    1254.9623250961304,
                    -65.75441360473633
                ],
                [
                    1243.3292865753174,
                    615.2496337890625
                ],
                [
                    1750.0338554382324,
                    938.3916854858398
                ],
                [
                    1926.7592430114746,
                    -228.1503975391388
                ],
                [
                    1779.2158126831055,
                    333.436518907547
                ]
            ],
            "provenance": "visii",
            "quaternion_xyzw": [
                0.9761543273925781,
                0.08667509257793427,
                0.1809784322977066,
                -0.08280649781227112
            ],
            "quaternion_xyzw_world": [
                0.3995222747325897,
                -0.4938255846500397,
                0.6633071899414062,
                -0.3956536650657654
            ],
            "segmentation_id": 1,
            "visibility": 0
        },
        {
            "bounding_box_minx_maxx_miny_maxy": [
                -1,
                -1,
                -1,
                -1
            ],
            "class": "Breyer",
            "local_cuboid": null,
            "local_to_world_matrix": [
                [
                    0.17888987064361572,
                    0.7811899185180664,
                    -0.5981143712997437,
                    0.0
                ],
                [
                    -0.6126405000686646,
                    0.5641263127326965,
                    0.5535640716552734,
                    0.0
                ],
                [
                    0.7698507308959961,
                    0.2674020528793335,
                    0.5795050263404846,
                    0.0
                ],
                [
                    0.86312335729599,
                    0.1338982880115509,
                    0.5198702812194824,
                    1.0
                ]
            ],
            "location": [
                -0.1338982880115509,
                0.5198702812194824,
                -0.86312335729599
            ],
            "location_world": [
                0.86312335729599,
                0.1338982880115509,
                0.5198702812194824
            ],
            "name": "google_Breyer_Horse_Of_The_Year_2015_1",
            "projected_cuboid": [
                [
                    99.26964342594147,
                    -62.59092688560486
                ],
                [
                    73.80086183547974,
                    -93.51956844329834
                ],
                [
                    78.37310433387756,
                    -78.36955785751343
                ],
                [
                    107.00708627700806,
                    -43.97493600845337
                ],
                [
                    204.7138214111328,
                    -161.48531436920166
                ],
                [
                    182.09224939346313,
                    -197.49784469604492
                ],
                [
                    202.44666934013367,
                    -196.51740789413452
                ],
                [
                    227.34294831752777,
                    -155.58692812919617
                ],
                [
                    145.39240300655365,
                    -122.45950102806091
                ]
            ],
            "provenance": "visii",
            "quaternion_xyzw": [
                -0.3298093378543854,
                0.880994439125061,
                0.3382954001426697,
                -0.02511712908744812
            ],
            "quaternion_xyzw_world": [
                0.09388627111911774,
                0.44881272315979004,
                0.45729881525039673,
                0.761991024017334
            ],
            "segmentation_id": 2,
            "visibility": 0
        },
        {
            "bounding_box_minx_maxx_miny_maxy": [
                0,
                123,
                185,
                321
            ],
            "class": "Smith",
            "local_cuboid": null,
            "local_to_world_matrix": [
                [
                    0.029790222644805908,
                    0.9768459796905518,
                    -0.2118605375289917,
                    0.0
                ],
                [
                    -0.0557408332824707,
                    -0.21000146865844727,
                    -0.9761110544204712,
                    0.0
                ],
                [
                    -0.998000979423523,
                    0.040888041257858276,
                    0.04819399118423462,
                    0.0
                ],
                [
                    1.313952922821045,
                    0.45065608620643616,
                    -0.008291298523545265,
                    1.0
                ]
            ],
            "location": [
                -0.45065608620643616,
                -0.008291298523545265,
                -1.313952922821045
            ],
            "location_world": [
                1.313952922821045,
                0.45065608620643616,
                -0.008291298523545265
            ],
            "name": "google_Smith_Hawken_Woven_BasketTray_Organizer_with_3_Compartments_95_x_9_x_13_2",
            "projected_cuboid": [
                [
                    -129.38833236694336,
                    196.31342589855194
                ],
                [
                    -103.34748029708862,
                    340.8567011356354
                ],
                [
                    -26.075124740600586,
                    328.24403047561646
                ],
                [
                    -47.68723249435425,
                    213.0599021911621
                ],
                [
                    69.73066926002502,
                    151.73332393169403
                ],
                [
                    98.80794584751129,
                    297.16071486473083
                ],
                [
                    135.0599229335785,
                    293.44838857650757
                ],
                [
                    111.51394248008728,
                    177.70305275917053
                ],
                [
                    16.456827521324158,
                    249.88406896591187
                ]
            ],
            "provenance": "visii",
            "quaternion_xyzw": [
                -0.017778947949409485,
                0.02614453434944153,
                0.9938508868217468,
                -0.10611797869205475
            ],
            "quaternion_xyzw_world": [
                -0.5458016395568848,
                -0.42190471291542053,
                0.5541672110557556,
                0.46582818031311035
            ],
            "segmentation_id": 3,
            "visibility": 1
        },
        {
            "bounding_box_minx_maxx_miny_maxy": [
                -1,
                -1,
                -1,
                -1
            ],
            "class": "Paul",
            "local_cuboid": null,
            "local_to_world_matrix": [
                [
                    0.058131515979766846,
                    -0.9654674530029297,
                    -0.25395554304122925,
                    0.0
                ],
                [
                    0.289519339799881,
                    0.25975728034973145,
                    -0.9212517142295837,
                    0.0
                ],
                [
                    0.9554052948951721,
                    -0.01997131109237671,
                    0.2946215867996216,
                    0.0
                ],
                [
                    0.5504693388938904,
                    -0.4114052653312683,
                    -0.04810884967446327,
                    1.0
                ]
            ],
            "location": [
                0.4114052653312683,
                -0.04810884967446327,
                -0.5504693388938904
            ],
            "location_world": [
                0.5504693388938904,
                -0.4114052653312683,
                -0.04810884967446327
            ],
            "name": "google_Paul_Frank_Dot_Lunch_Box_3",
            "projected_cuboid": [
                [
                    690.457820892334,
                    221.27646207809448
                ],
                [
                    651.883602142334,
                    297.84733057022095
                ],
                [
                    802.2950291633606,
                    388.25130462646484
                ],
                [
                    865.2958273887634,
                    285.59672832489014
                ],
                [
                    494.4846034049988,
                    166.7713224887848
                ],
                [
                    463.00268173217773,
                    247.0283955335617
                ],
                [
                    542.5544381141663,
                    319.7368383407593
                ],
                [
                    591.9903516769409,
                    210.0393772125244
                ],
                [
                    628.0107498168945,
                    262.8479599952698
                ]
            ],
            "provenance": "visii",
            "quaternion_xyzw": [
                -0.9800668954849243,
                0.13104021549224854,
                0.009734079241752625,
                0.14900536835193634
            ],
            "quaternion_xyzw_world": [
                -0.35487768054008484,
                0.47618383169174194,
                -0.49414896965026855,
                0.6349232792854309
            ],
            "segmentation_id": 4,
            "visibility": 0
        },
        {
            "bounding_box_minx_maxx_miny_maxy": [
                183,
                231,
                98,
                150
            ],
            "class": "Toys",
            "local_cuboid": null,
            "local_to_world_matrix": [
                [
                    -0.03959667682647705,
                    -0.9505559206008911,
                    0.3080187439918518,
                    0.0
                ],
                [
                    -0.961063027381897,
                    -0.04813838005065918,
                    -0.27210405468940735,
                    0.0
                ],
                [
                    0.2734776735305786,
                    -0.30679985880851746,
                    -0.9116380214691162,
                    0.0
                ],
                [
                    1.7839702367782593,
                    0.14584188163280487,
                    0.4460773169994354,
                    1.0
                ]
            ],
            "location": [
                -0.14584188163280487,
                0.4460773169994354,
                -1.7839702367782593
            ],
            "location_world": [
                1.7839702367782593,
                0.14584188163280487,
                0.4460773169994354
            ],
            "name": "google_Toys_R_Us_Treat_Dispenser_Smart_Puzzle_Foobler_4",
            "projected_cuboid": [
                [
                    240.78311026096344,
                    138.32125067710876
                ],
                [
                    242.56037175655365,
                    143.32841336727142
                ],
                [
                    225.73015093803406,
                    91.23925864696503
                ],
                [
                    225.25477409362793,
                    90.27259051799774
                ],
                [
                    194.16609406471252,
                    153.7962257862091
                ],
                [
                    192.00833141803741,
                    160.0901037454605
                ],
                [
                    173.9998757839203,
                    108.59788954257965
                ],
                [
                    177.63762176036835,
                    106.2546968460083
                ],
                [
                    209.0912163257599,
                    124.21604990959167
                ]
            ],
            "provenance": "visii",
            "quaternion_xyzw": [
                0.7899584770202637,
                0.11271388083696365,
                0.10962492227554321,
                0.5926579833030701
            ],
            "quaternion_xyzw_world": [
                0.6928527355194092,
                -0.6897637844085693,
                0.20981962978839874,
                0.012519177049398422
            ],
            "segmentation_id": 5,
            "visibility": 1
        },
        {
            "bounding_box_minx_maxx_miny_maxy": [
                -1,
                -1,
                -1,
                -1
            ],
            "class": "Tag",
            "local_cuboid": null,
            "local_to_world_matrix": [
                [
                    0.18733751773834229,
                    -0.7758968472480774,
                    0.6024025082588196,
                    0.0
                ],
                [
                    -0.48400360345840454,
                    0.4607378840446472,
                    0.7439497113227844,
                    0.0
                ],
                [
                    -0.8547778725624084,
                    -0.43093472719192505,
                    -0.28922343254089355,
                    0.0
                ],
                [
                    1.0093852281570435,
                    0.5124256610870361,
                    0.5615454316139221,
                    1.0
                ]
            ],
            "location": [
                -0.5124256610870361,
                0.5615454316139221,
                -1.0093852281570435
            ],
            "location_world": [
                1.0093852281570435,
                0.5124256610870361,
                0.5615454316139221
            ],
            "name": "google_Tag_Dishtowel_Basket_Weave_Red_18_x_26_5",
            "projected_cuboid": [
                [
                    33.3089679479599,
                    -46.02298140525818
                ],
                [
                    -61.70174479484558,
                    -192.96789169311523
                ],
                [
                    -61.47360801696777,
                    -185.62743067741394
                ],
                [
                    30.89679777622223,
                    -43.49464178085327
                ],
                [
                    -51.75769329071045,
                    5.483806133270264
                ],
                [
                    -160.68807244300842,
                    -140.232115983963
                ],
                [
                    -157.30497241020203,
                    -134.3180537223816
                ],
                [
                    -51.82927846908569,
                    6.627395749092102
                ],
                [
                    -56.490957736968994,
                    -87.61957287788391
                ]
            ],
            "provenance": "visii",
            "quaternion_xyzw": [
                0.21045741438865662,
                0.16828176379203796,
                0.28936630487442017,
                0.9185075759887695
            ],
            "quaternion_xyzw_world": [
                0.503940224647522,
                -0.6250247359275818,
                -0.1252010315656662,
                0.5828490853309631
            ],
            "segmentation_id": 6,
            "visibility": 0
        },
        {
            "bounding_box_minx_maxx_miny_maxy": [
                -1,
                -1,
                -1,
                -1
            ],
            "class": "FRACTION",
            "local_cuboid": null,
            "local_to_world_matrix": [
                [
                    -0.632717490196228,
                    -0.7715725898742676,
                    0.06591102480888367,
                    0.0
                ],
                [
                    -0.3308578431606293,
                    0.34630441665649414,
                    0.8778418898582458,
                    0.0
                ],
                [
                    -0.7001440525054932,
                    0.5336187481880188,
                    -0.47439372539520264,
                    0.0
                ],
                [
                    0.5526598691940308,
                    -0.48519667983055115,
                    -0.2000654935836792,
                    1.0
                ]
            ],
            "location": [
                0.48519667983055115,
                -0.2000654935836792,
                -0.5526598691940308
            ],
            "location_world": [
                0.5526598691940308,
                -0.48519667983055115,
                -0.2000654935836792
            ],
            "name": "google_FRACTION_FUN_n4h4qte23QR_6",
            "projected_cuboid": [
                [
                    931.4152002334595,
                    611.3017797470093
                ],
                [
                    938.5574460029602,
                    433.0344498157501
                ],
                [
                    923.5201478004456,
                    394.08648014068604
                ],
                [
                    918.5724258422852,
                    566.6251182556152
                ],
                [
                    673.3220815658569,
                    556.9620132446289
                ],
                [
                    649.442195892334,
                    408.64771604537964
                ],
                [
                    652.6609063148499,
                    378.4802258014679
                ],
                [
                    675.0806570053101,
                    522.635817527771
                ],
                [
                    781.8030118942261,
                    486.3424301147461
                ]
            ],
            "provenance": "visii",
            "quaternion_xyzw": [
                -0.21999245882034302,
                0.3186398148536682,
                -0.11261609196662903,
                -0.9150899648666382
            ],
            "quaternion_xyzw_world": [
                -0.3519132733345032,
                0.783169150352478,
                0.450560599565506,
                -0.24453690648078918
            ],
            "segmentation_id": 7,
            "visibility": 0
        },
        {
            "bounding_box_minx_maxx_miny_maxy": [
                -1,
                -1,
                -1,
                -1
            ],
            "class": "FAIRY",
            "local_cuboid": null,
            "local_to_world_matrix": [
                [
                    -0.636742353439331,
                    0.4641667902469635,
                    0.6157183647155762,
                    0.0
                ],
                [
                    -0.6525850892066956,
                    -0.7497373819351196,
                    -0.10966919362545013,
                    0.0
                ],
                [
                    0.410722017288208,
                    -0.4716395139694214,
                    0.7802971601486206,
                    0.0
                ],
                [
                    1.256784200668335,
                    -0.13456077873706818,
                    0.5484552979469299,
                    1.0
                ]
            ],
            "location": [
                0.13456077873706818,
                0.5484552979469299,
                -1.256784200668335
            ],
            "location_world": [
                1.256784200668335,
                -0.13456077873706818,
                0.5484552979469299
            ],
            "name": "google_FAIRY_TALE_BLOCKS_7",
            "projected_cuboid": [
                [
                    286.78008913993835,
                    -112.32030391693115
                ],
                [
                    393.5714364051819,
                    -150.47615766525269
                ],
                [
                    347.4181890487671,
                    -87.80476450920105
                ],
                [
                    239.2004281282425,
                    -55.45869469642639
                ],
                [
                    328.8005590438843,
                    -13.734698295593262
                ],
                [
                    428.4483790397644,
                    -34.67905521392822
                ],
                [
                    390.6838297843933,
                    28.574302792549133
                ],
                [
                    289.2076373100281,
                    43.173179030418396
                ],
                [
                    336.59982681274414,
                    -44.764190912246704
                ]
            ],
            "provenance": "visii",
            "quaternion_xyzw": [
                0.5138639807701111,
                0.6643078923225403,
                0.5392388701438904,
                -0.0621333122253418
            ],
            "quaternion_xyzw_world": [
                0.2883998453617096,
                -0.1633308082818985,
                0.8897719979286194,
                0.3137747347354889
            ],
            "segmentation_id": 8,
            "visibility": 0
        },
        {
            "bounding_box_minx_maxx_miny_maxy": [
                -1,
                -1,
                -1,
                -1
            ],
            "class": "Great",
            "local_cuboid": null,
            "local_to_world_matrix": [
                [
                    0.9968688488006592,
                    -0.030841566622257233,
                    -0.07281038165092468,
                    0.0
                ],
                [
                    0.07680393755435944,
                    0.5966670513153076,
                    0.7988050580024719,
                    0.0
                ],
                [
                    0.01880716346204281,
                    -0.8018960356712341,
                    0.5971675515174866,
                    0.0
                ],
                [
                    0.5773881673812866,
                    0.2500700056552887,
                    0.36336955428123474,
                    1.0
                ]
            ],
            "location": [
                -0.2500700056552887,
                0.36336955428123474,
                -0.5773881673812866
            ],
            "location_world": [
                0.5773881673812866,
                0.2500700056552887,
                0.36336955428123474
            ],
            "name": "google_Great_Jones_Wingtip_kAqSg6EgG0I_8",
            "projected_cuboid": [
                [
                    187.95111775398254,
                    -43.13993453979492
                ],
                [
                    16.559958457946777,
                    -264.81300592422485
                ],
                [
                    -69.58925724029541,
                    -202.94281840324402
                ],
                [
                    99.0670770406723,
                    21.882280707359314
                ],
                [
                    170.47002911567688,
                    -116.16876721382141
                ],
                [
                    -35.596609115600586,
                    -380.4361820220947
                ],
                [
                    -139.848530292511,
                    -306.1784505844116
                ],
                [
                    62.18321621417999,
                    -37.31268644332886
                ],
                [
                    36.67020797729492,
                    -164.53325748443604
                ]
            ],
            "provenance": "visii",
            "quaternion_xyzw": [
                -0.2504214644432068,
                0.6683506965637207,
                0.19464468955993652,
                0.6728371977806091
            ],
            "quaternion_xyzw_world": [
                0.44806087017059326,
                0.025645161047577858,
                -0.030131632462143898,
                0.8931270241737366
            ],
            "segmentation_id": 9,
            "visibility": 0
        },
        {
            "bounding_box_minx_maxx_miny_maxy": [
                29,
                219,
                287,
                465
            ],
            "class": "Ecoforms",
            "local_cuboid": null,
            "local_to_world_matrix": [
                [
                    0.025995492935180664,
                    -0.17465952038764954,
                    0.9842857122421265,
                    0.0
                ],
                [
                    -0.8215203285217285,
                    -0.5647473335266113,
                    -0.07851648330688477,
                    0.0
                ],
                [
                    0.5695862770080566,
                    -0.8065696358680725,
                    -0.15816724300384521,
                    0.0
                ],
                [
                    0.6811864376068115,
                    0.2388952076435089,
                    -0.12469853460788727,
                    1.0
                ]
            ],
            "location": [
                -0.2388952076435089,
                -0.12469853460788727,
                -0.6811864376068115
            ],
            "location_world": [
                0.6811864376068115,
                0.2388952076435089,
                -0.12469853460788727
            ],
            "name": "google_Ecoforms_Plant_Container_Quadra_Sand_QP6_9",
            "projected_cuboid": [
                [
                    151.43990516662598,
                    285.3895127773285
                ],
                [
                    221.87520563602448,
                    306.1125576496124
                ],
                [
                    81.93548023700714,
                    288.4397506713867
                ],
                [
                    31.319454312324524,
                    268.72918009757996
                ],
                [
                    127.33715772628784,
                    418.2016849517822
                ],
                [
                    192.868173122406,
                    468.85281801223755
                ],
                [
                    47.13946580886841,
                    477.04440355300903
                ],
                [
                    3.374159336090088,
                    418.2780385017395
                ],
                [
                    108.48496854305267,
                    364.32039737701416
                ]
            ],
            "provenance": "visii",
            "quaternion_xyzw": [
                0.6750485897064209,
                0.5736746191978455,
                0.2890807092189789,
                0.36282116174697876
            ],
            "quaternion_xyzw_world": [
                0.6612318158149719,
                -0.37663790583610535,
                0.5874913930892944,
                0.2752639651298523
            ],
            "segmentation_id": 10,
            "visibility": 1
        },
        {
            "bounding_box_minx_maxx_miny_maxy": [
                -1,
                -1,
                -1,
                -1
            ],
            "class": "ReadytoUse",
            "local_cuboid": null,
            "local_to_world_matrix": [
                [
                    -0.8229347467422485,
                    0.22682024538516998,
                    0.5208944082260132,
                    0.0
                ],
                [
                    -0.44641727209091187,
                    -0.8252588510513306,
                    -0.3459181785583496,
                    0.0
                ],
                [
                    0.35141149163246155,
                    -0.5172043442726135,
                    0.7803906798362732,
                    0.0
                ],
                [
                    0.2135939598083496,
                    0.1163078173995018,
                    -0.34875407814979553,
                    1.0
                ]
            ],
            "location": [
                -0.1163078173995018,
                -0.34875407814979553,
                -0.2135939598083496
            ],
            "location_world": [
                0.2135939598083496,
                0.1163078173995018,
                -0.34875407814979553
            ],
            "name": "google_ReadytoUse_Rolled_Fondant_Pure_White_24_oz_box_10",
            "projected_cuboid": [
                [
                    87.20278739929199,
                    706.7692875862122
                ],
                [
                    185.76693534851074,
                    802.385687828064
                ],
                [
                    -183.81550908088684,
                    1536.755084991455
                ],
                [
                    -269.42431926727295,
                    1316.5050745010376
                ],
                [
                    185.85698306560516,
                    684.3688488006592
                ],
                [
                    259.7344219684601,
                    747.7397918701172
                ],
                [
                    53.827136754989624,
                    1178.5213947296143
                ],
                [
                    -19.552230834960938,
                    1067.1085119247437
                ],
                [
                    69.86589729785919,
                    951.8195986747742
                ]
            ],
            "provenance": "visii",
            "quaternion_xyzw": [
                0.6063228249549866,
                0.5550481081008911,
                0.5525683164596558,
                -0.13770446181297302
            ],
            "quaternion_xyzw_world": [
                0.23554906249046326,
                -0.2330692857503891,
                0.925821840763092,
                0.18179455399513245
            ],
            "segmentation_id": 11,
            "visibility": 0
        },
        {
            "bounding_box_minx_maxx_miny_maxy": [
                239,
                499,
                1,
                467
            ],
            "class": "Dog",
            "local_cuboid": null,
            "local_to_world_matrix": [
                [
                    0.2973979711532593,
                    0.31124117970466614,
                    0.9025981426239014,
                    0.0
                ],
                [
                    -0.751776933670044,
                    -0.5064249038696289,
                    0.422333300113678,
                    0.0
                ],
                [
                    0.588545560836792,
                    -0.8041535019874573,
                    0.08337420225143433,
                    0.0
                ],
                [
                    0.1701514571905136,
                    -0.054502978920936584,
                    0.049209196120500565,
                    1.0
                ]
            ],
            "location": [
                0.054502978920936584,
                0.049209196120500565,
                -0.1701514571905136
            ],
            "location_world": [
                0.1701514571905136,
                -0.054502978920936584,
                0.049209196120500565
            ],
            "name": "google_Dog_11",
            "projected_cuboid": [
                [
                    451.6967535018921,
                    44.340118765830994
                ],
                [
                    789.0938520431519,
                    -257.80779123306274
                ],
                [
                    541.022539138794,
                    -624.6668696403503
                ],
                [
                    185.96631288528442,
                    -6.915003061294556
                ],
                [
                    629.5850276947021,
                    391.4557993412018
                ],
                [
                    1229.8061847686768,
                    240.58490991592407
                ],
                [
                    1505.460262298584,
                    375.7675290107727
                ],
                [
                    376.1301338672638,
                    520.6996202468872
                ],
                [
                    603.4924983978271,
                    92.08256006240845
                ]
            ],
            "provenance": "visii",
            "quaternion_xyzw": [
                0.46232327818870544,
                0.761925220489502,
                0.2740266025066376,
                0.3614368438720703
            ],
            "quaternion_xyzw_world": [
                0.6558293700218201,
                -0.16793076694011688,
                0.5684190988540649,
                0.4675327241420746
            ],
            "segmentation_id": 12,
            "visibility": 1
        },
        {
            "bounding_box_minx_maxx_miny_maxy": [
                -1,
                -1,
                -1,
                -1
            ],
            "class": "Black",
            "local_cuboid": null,
            "local_to_world_matrix": [
                [
                    0.4729132652282715,
                    0.3475586175918579,
                    0.8096641898155212,
                    0.0
                ],
                [
                    0.7793666124343872,
                    -0.5936629772186279,
                    -0.20037958025932312,
                    0.0
                ],
                [
                    0.4110240340232849,
                    0.7257874011993408,
                    -0.5516266822814941,
                    0.0
                ],
                [
                    1.2352665662765503,
                    -0.4564637541770935,
                    0.2484385371208191,
                    1.0
                ]
            ],
            "location": [
                0.4564637541770935,
                0.2484385371208191,
                -1.2352665662765503
            ],
            "location_world": [
                1.2352665662765503,
                -0.4564637541770935,
                0.2484385371208191
            ],
            "name": "google_Black_Elderberry_Syrup_54_oz_Gaia_Herbs_12",
            "projected_cuboid": [
                [
                    401.9789397716522,
                    157.30687975883484
                ],
                [
                    412.6238822937012,
                    165.8802181482315
                ],
                [
                    470.2298045158386,
                    123.94896149635315
                ],
                [
                    461.2312316894531,
                    113.38305473327637
                ],
                [
                    414.76601362228394,
                    177.503302693367
                ],
                [
                    425.18001794815063,
                    185.54121255874634
                ],
                [
                    484.63791608810425,
                    143.641859292984
                ],
                [
                    475.9899973869324,
                    133.5943341255188
                ],
                [
                    442.6451325416565,
                    150.58401226997375
                ]
            ],
            "provenance": "visii",
            "quaternion_xyzw": [
                0.562104344367981,
                0.6241400241851807,
                -0.5331308841705322,
                -0.10128901898860931
            ],
            "quaternion_xyzw_world": [
                0.8090431094169617,
                0.3482277989387512,
                0.37720122933387756,
                -0.2861920893192291
            ],
            "segmentation_id": 13,
            "visibility": 0
        },
        {
            "bounding_box_minx_maxx_miny_maxy": [
                259,
                325,
                147,
                232
            ],
            "class": "Razer",
