{
    "camera_data": {
        "camera_look_at": {
            "at": [
                1.0,
                0.0,
                0.0
            ],
            "eye": [
                0.0,
                0.0,
                0.0
            ],
            "up": [
                0.0,
                0.0,
                1.0
            ]
        },
        "camera_view_matrix": [
            [
                0.0,
                0.0,
                -1.0,
                0.0
            ],
            [
                -1.0,
                0.0,
                0.0,
                0.0
            ],
            [
                0.0,
                1.0,
                0.0,
                0.0
            ],
            [
                0.0,
                0.0,
                0.0,
                1.0
            ]
        ],
        "height": 500,
        "intrinsics": {
            "cx": 250.0,
            "cy": 250.0,
            "fx": 603.5535278320312,
            "fy": 603.5535278320312
        },
        "location_world": [
            0.0,
            0.0,
            0.0
        ],
        "quaternion_world_xyzw": [
            0.5,
            -0.5,
            -0.5,
            0.5
        ],
        "width": 500
    },
    "objects": [
        {
            "bounding_box_minx_maxx_miny_maxy": [
                -1,
                -1,
                -1,
                -1
            ],
            "class": "Reebok",
            "local_cuboid": null,
            "local_to_world_matrix": [
                [
                    0.5623388290405273,
                    0.481736421585083,
                    0.6720900535583496,
                    0.0
                ],
                [
                    -0.8135467767715454,
                    0.176799476146698,
                    0.5539707541465759,
                    0.0
                ],
                [
                    0.1480426788330078,
                    -0.8582959771156311,
                    0.4913363456726074,
                    0.0
                ],
                [
                    0.35812321305274963,
                    -0.2716394364833832,
                    0.10030815005302429,
                    1.0
                ]
            ],
            "location": [
                0.2716394364833832,
                0.10030815005302429,
                -0.35812321305274963
            ],
            "location_world": [
                0.35812321305274963,
                -0.2716394364833832,
                0.10030815005302429
            ],
            "name": "google_Reebok_SOMERSET_RUN_0",
            "projected_cuboid": [
                [
                    674.3444204330444,
                    119.04558539390564
                ],
                [
                    916.6849851608276,
                    -328.91231775283813
                ],
                [
                    736.9365692138672,
                    -238.5326325893402
                ],
                [
                    570.5006718635559,
                    182.2727620601654
                ],
                [
                    803.4874200820923,
                    200.03804564476013
                ],
                [
                    1251.2388229370117,
                    -288.6560559272766
                ],
                [
                    1044.2063808441162,
                    -167.27909445762634
                ],
                [
                    689.8313164710999,
                    275.3986120223999
                ],
                [
                    778.9134383201599,
                    38.09463977813721
                ]
            ],
            "provenance": "visii",
            "quaternion_xyzw": [
                0.16758248209953308,
                0.7388757467269897,
                0.44150954484939575,
                0.4806744158267975
            ],
            "quaternion_xyzw_world": [
                0.4728115499019623,
                -0.17544536292552948,
                0.4336467385292053,
                0.7467386722564697
            ],
            "segmentation_id": 1,
            "visibility": 0
        },
        {
            "bounding_box_minx_maxx_miny_maxy": [
                -1,
                -1,
                -1,
                -1
            ],
            "class": "Breyer",
            "local_cuboid": null,
            "local_to_world_matrix": [
                [
                    -0.320021390914917,
                    0.6154521703720093,
                    -0.7202812433242798,
                    0.0
                ],
                [
                    0.02617761492729187,
                    -0.7542288303375244,
                    -0.656089723110199,
                    0.0
                ],
                [
                    -0.9470486640930176,
                    -0.2288179248571396,
                    0.22525811195373535,
                    0.0
                ],
                [
                    1.3735522031784058,
                    0.5939269661903381,
                    0.3882341682910919,
                    1.0
                ]
            ],
            "location": [
                -0.5939269661903381,
                0.3882341682910919,
                -1.3735522031784058
            ],
            "location_world": [
                1.3735522031784058,
                0.5939269661903381,
                0.3882341682910919
            ],
            "name": "google_Breyer_Horse_Of_The_Year_2015_1",
            "projected_cuboid": [
                [
                    -78.52360606193542,
                    70.96849381923676
                ],
                [
                    -56.07384443283081,
                    90.36184847354889
                ],
                [
                    -38.68606686592102,
                    123.26005101203918
                ],
                [
                    -58.677464723587036,
                    106.01058602333069
                ],
                [
                    8.601456880569458,
                    1.9704699516296387
                ],
                [
                    29.635414481163025,
                    20.312950015068054
                ],
                [
                    37.29930520057678,
                    58.68867039680481
                ],
                [
                    18.438518047332764,
                    42.275264859199524
                ],
                [
                    -15.702307224273682,
                    64.3080323934555
                ]
            ],
            "provenance": "visii",
            "quaternion_xyzw": [
                0.15296152234077454,
                0.05548375844955444,
                0.8970215916633606,
                -0.4109461307525635
            ],
            "quaternion_xyzw_world": [
                -0.549761176109314,
                -0.2917765974998474,
                0.7582064867019653,
                0.19429883360862732
            ],
            "segmentation_id": 2,
            "visibility": 0
        },
        {
            "bounding_box_minx_maxx_miny_maxy": [
                92,
                213,
                191,
                302
            ],
            "class": "Smith",
            "local_cuboid": null,
            "local_to_world_matrix": [
                [
                    0.5354563593864441,
                    0.4791257381439209,
                    -0.6955034732818604,
                    0.0
                ],
                [
                    -0.6991002559661865,
                    0.713496744632721,
                    -0.04670433700084686,
                    0.0
                ],
                [
                    0.4738622009754181,
                    0.511234700679779,
                    0.7170032858848572,
                    0.0
                ],
                [
                    1.766495704650879,
                    0.19922737777233124,
                    -0.03921959549188614,
                    1.0
                ]
            ],
            "location": [
                -0.19922737777233124,
                -0.03921959549188614,
                -1.766495704650879
            ],
            "location_world": [
                1.766495704650879,
                0.19922737777233124,
                -0.03921959549188614
            ],
            "name": "google_Smith_Hawken_Woven_BasketTray_Organizer_with_3_Compartments_95_x_9_x_13_2",
            "projected_cuboid": [
                [
                    154.41268682479858,
                    240.08655548095703
                ],
                [
                    87.07328140735626,
                    242.96419322490692
                ],
                [
                    122.10816144943237,
                    307.99275636672974
                ],
                [
                    190.60859084129333,
                    298.93940687179565
                ],
                [
                    199.86721873283386,
                    158.90048444271088
                ],
                [
                    129.70370054244995,
                    153.5518765449524
                ],
                [
                    172.45057225227356,
                    219.32324767112732
                ],
                [
                    243.31852793693542,
                    218.33771467208862
                ],
                [
                    162.19940781593323,
                    231.1232089996338
                ]
            ],
            "provenance": "visii",
            "quaternion_xyzw": [
                -0.5102550387382507,
                0.6903411746025085,
                0.512827455997467,
                0.008771628141403198
            ],
            "quaternion_xyzw_world": [
                -0.16198484599590302,
                0.3394985496997833,
                0.34207096695899963,
                0.8610976338386536
            ],
            "segmentation_id": 3,
            "visibility": 1
        },
        {
            "bounding_box_minx_maxx_miny_maxy": [
                371,
                499,
                109,
                333
            ],
            "class": "Paul",
            "local_cuboid": null,
            "local_to_world_matrix": [
                [
                    0.4975607395172119,
                    -0.4390740692615509,
                    0.7480957508087158,
                    0.0
                ],
                [
                    0.4989125430583954,
                    -0.560643196105957,
                    -0.6608822345733643,
                    0.0
                ],
                [
                    0.7095911502838135,
                    0.7020634412765503,
                    -0.059894442558288574,
                    0.0
                ],
                [
                    0.5496536493301392,
                    -0.3257421553134918,
                    0.0444255992770195,
                    1.0
                ]
            ],
            "location": [
                0.3257421553134918,
                0.0444255992770195,
                -0.5496536493301392
            ],
            "location_world": [
                0.5496536493301392,
                -0.3257421553134918,
                0.0444255992770195
            ],
            "name": "google_Paul_Frank_Dot_Lunch_Box_3",
            "projected_cuboid": [
                [
                    402.8032422065735,
                    117.71091818809509
                ],
                [
                    437.8623068332672,
                    179.88385260105133
                ],
                [
                    639.0905380249023,
                    148.85157346725464
                ],
                [
                    612.6344203948975,
                    66.44369661808014
                ],
                [
                    322.77604937553406,
                    281.0440957546234
                ],
                [
                    371.0090219974518,
                    342.2618806362152
                ],
                [
                    602.2963523864746,
                    355.5684983730316
                ],
                [
                    563.9278292655945,
                    273.8807201385498
                ],
                [
                    483.4681749343872,
                    213.888481259346
                ]
            ],
            "provenance": "visii",
            "quaternion_xyzw": [
                0.8380851745605469,
                0.3903955817222595,
                -0.3578467071056366,
                -0.1309586465358734
            ],
            "quaternion_xyzw_world": [
                0.7276844382286072,
                0.020557839423418045,
                0.500796377658844,
                -0.46824750304222107
            ],
            "segmentation_id": 4,
            "visibility": 1
        },
        {
            "bounding_box_minx_maxx_miny_maxy": [
                10,
                67,
                474,
                500
            ],
            "class": "Toys",
            "local_cuboid": null,
            "local_to_world_matrix": [
                [
                    0.9141775965690613,
                    -0.38747110962867737,
                    -0.11893456429243088,
                    0.0
                ],
                [
                    -0.32119622826576233,
                    -0.871533989906311,
                    0.37048816680908203,
                    0.0
                ],
                [
                    -0.24720898270606995,
                    -0.30049067735671997,
                    -0.9211910963058472,
                    0.0
                ],
                [
                    1.699476718902588,
                    0.6095532178878784,
                    -0.6327516436576843,
                    1.0
                ]
            ],
            "location": [
                -0.6095532178878784,
                -0.6327516436576843,
                -1.699476718902588
            ],
            "location_world": [
                1.699476718902588,
                0.6095532178878784,
                -0.6327516436576843
            ],
            "name": "google_Toys_R_Us_Treat_Dispenser_Smart_Puzzle_Foobler_4",
            "projected_cuboid": [
                [
                    43.69920492172241,
                    528.8633108139038
                ],
                [
                    85.1379930973053,
                    516.7819261550903
                ],
                [
                    72.7761834859848,
                    462.10232377052307
                ],
                [
                    32.553642988204956,
                    475.43424367904663
                ],
                [
                    3.2397806644439697,
                    546.4036464691162
                ],
                [
                    47.14407026767731,
                    533.7848663330078
                ],
                [
                    34.59075093269348,
                    473.88142347335815
                ],
                [
                    -7.930934429168701,
                    488.00164461135864
                ],
                [
                    39.35226798057556,
                    502.6233196258545
                ]
            ],
            "provenance": "visii",
            "quaternion_xyzw": [
                0.43868380784988403,
                0.4288962483406067,
                -0.3497319221496582,
                0.7080198526382446
            ],
            "quaternion_xyzw_world": [
                0.9626659154891968,
                -0.1840377151966095,
                -0.09508582949638367,
                0.17425018548965454
            ],
            "segmentation_id": 5,
            "visibility": 1
        },
        {
            "bounding_box_minx_maxx_miny_maxy": [
                -1,
                -1,
                -1,
                -1
            ],
            "class": "Tag",
            "local_cuboid": null,
            "local_to_world_matrix": [
                [
                    -0.3049050569534302,
                    -0.42849868535995483,
                    -0.8505420684814453,
                    0.0
                ],
                [
                    -0.6661598086357117,
                    0.7341998219490051,
                    -0.13107900321483612,
                    0.0
                ],
                [
                    0.6806349754333496,
                    0.5266302824020386,
                    -0.5093098878860474,
                    0.0
                ],
                [
                    0.7740524411201477,
                    0.5188771486282349,
                    0.47812196612358093,
                    1.0
                ]
            ],
            "location": [
                -0.5188771486282349,
                0.47812196612358093,
                -0.7740524411201477
            ],
            "location_world": [
                0.7740524411201477,
                0.5188771486282349,
                0.47812196612358093
            ],
            "name": "google_Tag_Dishtowel_Basket_Weave_Red_18_x_26_5",
            "projected_cuboid": [
                [
                    -44.96064782142639,
                    -36.5484356880188
                ],
                [
                    -259.63056087493896,
                    -74.06213879585266
                ],
                [
                    -261.1391544342041,
                    -101.50456428527832
                ],
                [
                    -40.01864790916443,
                    -57.754725217819214
                ],
                [
                    -76.86686515808105,
                    -117.11972951889038
                ],
                [
                    -283.2179665565491,
                    -168.7788963317871
                ],
                [
                    -285.3923439979553,
                    -197.3564624786377
                ],
                [
                    -73.07982444763184,
                    -139.24750685691833
                ],
                [
                    -155.4678976535797,
                    -110.45905947685242
                ]
            ],
            "provenance": "visii",
            "quaternion_xyzw": [
                -0.7483670115470886,
                0.5293999314308167,
                0.07406970858573914,
                -0.3926782011985779
            ],
            "quaternion_xyzw_world": [
                -0.3428574800491333,
                0.7981877326965332,
                0.12389042973518372,
                0.47957924008369446
            ],
            "segmentation_id": 6,
            "visibility": 0
        },
        {
            "bounding_box_minx_maxx_miny_maxy": [
                445,
                499,
                402,
                496
            ],
            "class": "FRACTION",
            "local_cuboid": null,
            "local_to_world_matrix": [
                [
                    0.4045141935348511,
                    0.801064133644104,
                    -0.44120800495147705,
                    0.0
                ],
                [
                    0.1977023184299469,
                    0.39443594217300415,
                    0.8974040746688843,
                    0.0
                ],
                [
                    0.8929065465927124,
                    -0.45024049282073975,
                    0.0011826753616333008,
                    0.0
                ],
                [
                    1.2510381937026978,
                    -0.5224090814590454,
                    -0.4178439676761627,
                    1.0
                ]
            ],
            "location": [
                0.5224090814590454,
                -0.4178439676761627,
                -1.2510381937026978
            ],
            "location_world": [
                1.2510381937026978,
                -0.5224090814590454,
                -0.4178439676761627
            ],
            "name": "google_FRACTION_FUN_n4h4qte23QR_6",
            "projected_cuboid": [
                [
                    485.2038025856018,
                    499.9779760837555
                ],
                [
                    445.1634883880615,
                    416.8122112751007
                ],
                [
                    441.89295172691345,
                    421.83345556259155
                ],
                [
                    483.07162523269653,
                    507.712185382843
                ],
                [
                    567.2183036804199,
                    476.5664339065552
                ],
                [
                    522.5411653518677,
                    389.45984840393066
                ],
                [
                    521.5339064598083,
                    393.9029276371002
                ],
                [
                    567.6390528678894,
                    483.9937686920166
                ],
                [
                    502.8500556945801,
                    448.4550356864929
                ]
            ],
            "provenance": "visii",
            "quaternion_xyzw": [
                -0.22047579288482666,
                0.947546124458313,
                -0.051849618554115295,
                0.22551798820495605
            ],
            "quaternion_xyzw_world": [
                0.5022189617156982,
                0.49717679619789124,
                0.22485138475894928,
                0.6708451509475708
            ],
            "segmentation_id": 7,
            "visibility": 1
        },
        {
            "bounding_box_minx_maxx_miny_maxy": [
                124,
                178,
                1,
                69
            ],
            "class": "FAIRY",
            "local_cuboid": null,
            "local_to_world_matrix": [
                [
                    0.8379156589508057,
                    -0.48346441984176636,
                    -0.2532973885536194,
                    0.0
                ],
                [
                    -0.036638036370277405,
                    -0.5128611326217651,
                    0.8576894402503967,
                    0.0
                ],
                [
                    -0.544568657875061,
                    -0.7093910574913025,
                    -0.4474475383758545,
                    0.0
                ],
                [
                    1.3136544227600098,
                    0.2417788952589035,
                    0.574088990688324,
                    1.0
                ]
            ],
            "location": [
                -0.2417788952589035,
                0.574088990688324,
                -1.3136544227600098
            ],
            "location_world": [
                1.3136544227600098,
                0.2417788952589035,
                0.574088990688324
            ],
            "name": "google_FAIRY_TALE_BLOCKS_7",
            "projected_cuboid": [
                [
                    207.6781988143921,
                    97.39476442337036
                ],
                [
                    270.8740234375,
                    -9.970903396606445
                ],
                [
                    201.48512721061707,
                    -30.25546669960022
                ],
                [
                    144.15888488292694,
                    68.08105111122131
                ],
                [
                    133.5744857788086,
                    33.82265567779541
                ],
                [
                    208.2044780254364,
                    -94.66597437858582
                ],
                [
                    133.18611681461334,
                    -109.90747809410095
                ],
                [
                    66.61605834960938,
                    5.858227610588074
                ],
                [
                    171.85476422309875,
                    -2.297341823577881
                ]
            ],
            "provenance": "visii",
            "quaternion_xyzw": [
                0.14248356223106384,
                0.4554273784160614,
                -0.2255076766014099,
                0.8493707180023193
            ],
            "quaternion_xyzw_world": [
                0.8363946676254272,
                -0.15545962750911713,
                -0.238483726978302,
                0.4684034287929535
            ],
            "segmentation_id": 8,
            "visibility": 1
        },
        {
            "bounding_box_minx_maxx_miny_maxy": [
                324,
                459,
                310,
                500
            ],
            "class": "Great",
            "local_cuboid": null,
            "local_to_world_matrix": [
                [
                    -0.8195006847381592,
                    -0.040425896644592285,
                    0.5716505646705627,
                    0.0
                ],
                [
                    -0.5533015131950378,
                    0.31560373306274414,
                    -0.7708772420883179,
                    0.0
                ],
                [
                    -0.14925163984298706,
                    -0.9480295181274414,
                    -0.2810051441192627,
                    0.0
                ],
                [
                    0.49170610308647156,
                    -0.06365728378295898,
                    -0.17400656640529633,
                    1.0
                ]
            ],
            "location": [
                0.06365728378295898,
                -0.17400656640529633,
                -0.49170610308647156
            ],
            "location_world": [
                0.49170610308647156,
                -0.06365728378295898,
                -0.17400656640529633
            ],
            "name": "google_Great_Jones_Wingtip_kAqSg6EgG0I_8",
            "projected_cuboid": [
                [
                    511.0418200492859,
                    313.0738139152527
                ],
                [
                    469.13886070251465,
                    768.2072520256042
                ],
                [
                    277.9555022716522,
                    690.157413482666
                ],
                [
                    380.5049657821655,
                    274.83731508255005
                ],
                [
                    467.3435389995575,
                    366.85851216316223
                ],
                [
                    416.8606996536255,
                    747.7942705154419
                ],
                [
                    266.28726720809937,
                    686.2883567810059
                ],
                [
                    357.07688331604004,
                    332.74713158607483
                ],
                [
                    396.8312740325928,
                    487.22806572914124
                ]
            ],
            "provenance": "visii",
            "quaternion_xyzw": [
                -0.64460289478302,
                -0.09930408000946045,
                -0.6855112910270691,
                -0.32357391715049744
            ],
            "quaternion_xyzw_world": [
                -0.1909848004579544,
                0.7771919965744019,
                -0.5529221892356873,
                -0.23189321160316467
            ],
            "segmentation_id": 9,
            "visibility": 1
        },
        {
            "bounding_box_minx_maxx_miny_maxy": [
                0,
                125,
                1,
                158
            ],
            "class": "Ecoforms",
            "local_cuboid": null,
            "local_to_world_matrix": [
                [
                    -0.22219407558441162,
                    -0.9305660724639893,
                    -0.2909930944442749,
                    0.0
                ],
                [
                    0.29525360465049744,
                    -0.3486593961715698,
                    0.8895293474197388,
                    0.0
                ],
                [
                    -0.9292230606079102,
                    0.11173120141029358,
                    0.3522226810455322,
                    0.0
                ],
                [
                    0.7989153861999512,
                    0.24515117704868317,
                    0.18306246399879456,
                    1.0
                ]
            ],
            "location": [
                -0.24515117704868317,
                0.18306246399879456,
                -0.7989153861999512
            ],
            "location_world": [
                0.7989153861999512,
                0.24515117704868317,
                0.18306246399879456
            ],
            "name": "google_Ecoforms_Plant_Container_Quadra_Sand_QP6_9",
            "projected_cuboid": [
                [
                    37.70416975021362,
                    117.53253638744354
                ],
                [
                    117.68093705177307,
                    -28.229087591171265
                ],
                [
                    157.49488770961761,
                    70.29120624065399
                ],
                [
                    97.20368683338165,
                    192.9847002029419
                ],
                [
                    -116.41311645507812,
                    73.7377256155014
                ],
                [
                    -28.81765365600586,
                    -59.55451726913452
                ],
                [
                    36.058634519577026,
                    39.83648121356964
                ],
                [
                    -29.619872570037842,
                    153.8195013999939
                ],
                [
                    36.73577308654785,
                    71.81069254875183
                ]
            ],
            "provenance": "visii",
            "quaternion_xyzw": [
                0.16719289124011993,
                0.0862269401550293,
                0.1651725322008133,
                -0.9681578874588013
            ],
            "quaternion_xyzw_world": [
                -0.43995529413223267,
                0.3610096871852875,
                0.6933751106262207,
                -0.4419756531715393
            ],
            "segmentation_id": 10,
            "visibility": 1
        },
        {
            "bounding_box_minx_maxx_miny_maxy": [
                -1,
                -1,
                -1,
                -1
            ],
            "class": "ReadytoUse",
            "local_cuboid": null,
            "local_to_world_matrix": [
                [
                    -0.6537138223648071,
                    -0.5141697525978088,
                    -0.5552365779876709,
                    0.0
                ],
                [
                    -0.1527533084154129,
                    0.808274507522583,
                    -0.5686464309692383,
                    0.0
                ],
                [
                    0.7411643266677856,
                    -0.2869178056716919,
                    -0.6069213151931763,
                    0.0
                ],
                [
                    0.184519961476326,
                    0.005930155515670776,
                    -0.32952234148979187,
                    1.0
                ]
            ],
            "location": [
                -0.005930155515670776,
                -0.32952234148979187,
                -0.184519961476326
            ],
            "location_world": [
                0.184519961476326,
                0.005930155515670776,
                -0.32952234148979187
            ],
            "name": "google_ReadytoUse_Rolled_Fondant_Pure_White_24_oz_box_10",
            "projected_cuboid": [
                [
                    456.19845390319824,
                    1245.9380626678467
                ],
                [
                    371.97160720825195,
                    1337.3632431030273
                ],
                [
                    273.0705440044403,
                    1862.648367881775
                ],
                [
                    433.11724066734314,
                    1667.8262948989868
                ],
                [
                    302.8513193130493,
                    906.196653842926
                ],
                [
                    234.67610776424408,
                    969.2109823226929
                ],
                [
                    93.65491569042206,
                    1096.6414213180542
                ],
                [
                    203.81325483322144,
                    994.9181079864502
                ],
                [
                    294.34821009635925,
                    1179.2874336242676
                ]
            ],
            "provenance": "visii",
            "quaternion_xyzw": [
                -0.84023517370224,
                0.4056932330131531,
                -0.27987155318260193,
                -0.2260303497314453
            ],
            "quaternion_xyzw_world": [
                -0.19035035371780396,
                0.8759151697158813,
                -0.24419152736663818,
                0.3700132668018341
            ],
            "segmentation_id": 11,
            "visibility": 0
        },
        {
            "bounding_box_minx_maxx_miny_maxy": [
                307,
                499,
                1,
                217
            ],
            "class": "Dog",
            "local_cuboid": null,
            "local_to_world_matrix": [
                [
                    -0.9043502807617188,
                    -0.4240116775035858,
                    0.04863487556576729,
                    0.0
                ],
                [
                    -0.4192480742931366,
                    0.9039089679718018,
                    0.08473321795463562,
                    0.0
                ],
                [
                    -0.07988937199115753,
                    0.056238409131765366,
                    -0.9952163696289062,
                    0.0
                ],
                [
                    0.6414436101913452,
                    -0.12895093858242035,
                    0.2330074906349182,
                    1.0
                ]
            ],
            "location": [
                0.12895093858242035,
                0.2330074906349182,
                -0.6414436101913452
            ],
            "location_world": [
                0.6414436101913452,
                -0.12895093858242035,
                0.2330074906349182
            ],
            "name": "google_Dog_11",
            "projected_cuboid": [
                [
                    522.487998008728,
                    214.70588445663452
                ],
                [
                    354.94428873062134,
                    189.09244239330292
                ],
                [
                    365.2309775352478,
                    -50.700098276138306
                ],
                [
                    526.7205834388733,
                    6.851598620414734
                ],
                [
                    370.5505132675171,
                    233.23825001716614
                ],
                [
                    236.8166297674179,
                    217.523455619812
                ],
                [
                    246.70937657356262,
                    48.459410667419434
                ],
                [
                    376.73813104629517,
                    80.70559799671173
                ],
                [
                    368.46375465393066,
                    121.85606360435486
                ]
            ],
            "provenance": "visii",
            "quaternion_xyzw": [
                -0.5611125826835632,
                0.3810617923736572,
                -0.3778705596923828,
                -0.6302052140235901
            ],
            "quaternion_xyzw_world": [
                -0.21619272232055664,
                0.9751250743865967,
                0.03614193573594093,
                -0.03295070677995682
            ],
            "segmentation_id": 12,
            "visibility": 1
        },
        {
            "bounding_box_minx_maxx_miny_maxy": [
                -1,
                -1,
                -1,
                -1
            ],
            "class": "Black",
            "local_cuboid": null,
            "local_to_world_matrix": [
                [
                    -0.4701559543609619,
                    0.8723829984664917,
                    0.1337960958480835,
                    0.0
                ],
                [
                    0.10477706789970398,
                    0.20569396018981934,
                    -0.9729911088943481,
                    0.0
                ],
                [
                    -0.8763419389724731,
                    -0.44343873858451843,
                    -0.18811392784118652,
                    0.0
                ],
                [
                    0.6981981992721558,
                    -0.3117489814758301,
                    0.5744757056236267,
                    1.0
                ]
            ],
            "location": [
                0.3117489814758301,
                0.5744757056236267,
                -0.6981981992721558
            ],
            "location_world": [
                0.6981981992721558,
                -0.3117489814758301,
                0.5744757056236267
            ],
            "name": "google_Black_Elderberry_Syrup_54_oz_Gaia_Herbs_12",
            "projected_cuboid": [
                [
                    638.8925313949585,
                    -381.02781772613525
                ],
                [
                    621.5150356292725,
                    -312.1718764305115
                ],
                [
                    496.3737726211548,
                    -232.19504952430725
                ],
                [
                    509.3730688095093,
                    -287.4797582626343
                ],
                [
                    672.667920589447,
                    -343.9362645149231
                ],
                [
                    655.7289361953735,
                    -278.6189913749695
                ],
                [
                    529.2035341262817,
                    -207.61775970458984
                ],
                [
                    541.9967770576477,
                    -260.5918049812317
                ],
                [
                    577.1249532699585,
                    -283.37782621383667
                ]
            ],
            "provenance": "visii",
            "quaternion_xyzw": [
                -0.23678377270698547,
                0.07591095566749573,
                -0.9645874500274658,
                -0.08798840641975403
            ],
            "quaternion_xyzw_world": [
                0.3578631281852722,
                0.6826353073120117,
                -0.518735945224762,
                -0.3699405789375305
            ],
            "segmentation_id": 13,
            "visibility": 0
        },
        {
            "bounding_box_minx_maxx_miny_maxy": [
                36,
                43,
                100,
                106
            ],
            "class": "Razer",
