{
    "camera_data": {
        "camera_look_at": {
            "at": [
                1.0,
                0.0,
                0.0
            ],
            "eye": [
                0.0,
                0.0,
                0.0
            ],
            "up": [
                0.0,
                0.0,
                1.0
            ]
        },
        "camera_view_matrix": [
            [
                0.0,
                0.0,
                -1.0,
                0.0
            ],
            [
                -1.0,
                0.0,
                0.0,
                0.0
            ],
            [
                0.0,
                1.0,
                0.0,
                0.0
            ],
            [
                0.0,
                0.0,
                0.0,
                1.0
            ]
        ],
        "height": 500,
        "intrinsics": {
            "cx": 250.0,
            "cy": 250.0,
            "fx": 603.5535278320312,
            "fy": 603.5535278320312
        },
        "location_world": [
            0.0,
            0.0,
            0.0
        ],
        "quaternion_world_xyzw": [
            0.5,
            -0.5,
            -0.5,
            0.5
        ],
        "width": 500
    },
    "objects": [
        {
            "bounding_box_minx_maxx_miny_maxy": [
                -1,
                -1,
                -1,
                -1
            ],
            "class": "Reebok",
            "local_cuboid": null,
            "local_to_world_matrix": [
                [
                    -0.5745236873626709,
                    -0.6650962829589844,
                    0.4770433008670807,
                    0.0
                ],
                [
                    0.11336642503738403,
                    -0.641879677772522,
                    -0.7583795785903931,
                    0.0
                ],
                [
                    0.8105994462966919,
                    -0.38162603974342346,
                    0.4441739320755005,
                    0.0
                ],
                [
                    0.16455437242984772,
                    -0.40669387578964233,
                    -0.04361125826835632,
                    1.0
                ]
            ],
            "location": [
                0.40669387578964233,
                -0.04361125826835632,
                -0.16455437242984772
            ],
            "location_world": [
                0.16455437242984772,
                -0.40669387578964233,
                -0.04361125826835632
            ],
            "name": "google_Reebok_SOMERSET_RUN_0",
            "projected_cuboid": [
                [
                    1386.2718343734741,
                    -170.027494430542
                ],
                [
                    1698.0232000350952,
                    439.192533493042
                ],
                [
                    2434.919595718384,
                    768.3718204498291
                ],
                [
                    2080.808401107788,
                    -242.81775951385498
                ],
                [
                    952.6766538619995,
                    47.64159023761749
                ],
                [
                    1245.4752922058105,
                    504.9552917480469
                ],
                [
                    1559.0500831604004,
                    763.1402015686035
                ],
                [
                    1171.1246967315674,
                    114.64022099971771
                ],
                [
                    1473.4596014022827,
                    300.86854100227356
                ]
            ],
            "provenance": "visii",
            "quaternion_xyzw": [
                0.8991767764091492,
                0.3110963702201843,
                0.26584023237228394,
                -0.15501418709754944
            ],
            "quaternion_xyzw_world": [
                0.39470937848091125,
                -0.3494532108306885,
                0.8155637979507446,
                -0.23862716555595398
            ],
            "segmentation_id": 1,
            "visibility": 0
        },
        {
            "bounding_box_minx_maxx_miny_maxy": [
                5,
                96,
                1,
                72
            ],
            "class": "Breyer",
            "local_cuboid": null,
            "local_to_world_matrix": [
                [
                    -0.08778953552246094,
                    -0.3641614317893982,
                    0.92718905210495,
                    0.0
                ],
                [
                    0.8618748784065247,
                    0.43892693519592285,
                    0.25399768352508545,
                    0.0
                ],
                [
                    -0.4994644522666931,
                    0.8214192390441895,
                    0.2753283381462097,
                    0.0
                ],
                [
                    1.3475079536437988,
                    0.3583475649356842,
                    0.4769268035888672,
                    1.0
                ]
            ],
            "location": [
                -0.3583475649356842,
                0.4769268035888672,
                -1.3475079536437988
            ],
            "location_world": [
                1.3475079536437988,
                0.3583475649356842,
                0.4769268035888672
            ],
            "name": "google_Breyer_Horse_Of_The_Year_2015_1",
            "projected_cuboid": [
                [
                    40.14460742473602,
                    -52.43048071861267
                ],
                [
                    36.38887405395508,
                    -47.63305187225342
                ],
                [
                    103.87182235717773,
                    -12.368083000183105
                ],
                [
                    109.95571315288544,
                    -15.55633544921875
                ],
                [
                    3.2520145177841187,
                    54.959625005722046
                ],
                [
                    0.9533166885375977,
                    55.610716342926025
                ],
                [
                    69.40306723117828,
                    84.66848731040955
                ],
                [
                    74.1138607263565,
                    85.13440191745758
                ],
                [
                    55.58912456035614,
                    19.93928849697113
                ]
            ],
            "provenance": "visii",
            "quaternion_xyzw": [
                -0.39073625206947327,
                -0.3123987317085266,
                0.46938931941986084,
                0.7276028394699097
            ],
            "quaternion_xyzw_world": [
                -0.22246073186397552,
                -0.5593273043632507,
                -0.48067426681518555,
                0.6376648545265198
            ],
            "segmentation_id": 2,
            "visibility": 1
        },
        {
            "bounding_box_minx_maxx_miny_maxy": [
                0,
                155,
                82,
                197
            ],
            "class": "Smith",
            "local_cuboid": null,
            "local_to_world_matrix": [
                [
                    -0.9311137199401855,
                    0.316272497177124,
                    -0.18165679275989532,
                    0.0
                ],
                [
                    -0.3475921154022217,
                    -0.9203472137451172,
                    0.17927902936935425,
                    0.0
                ],
                [
                    -0.11048628389835358,
                    0.23007160425186157,
                    0.966881513595581,
                    0.0
                ],
                [
                    1.4577001333236694,
                    0.39934417605400085,
                    0.1009550392627716,
                    1.0
                ]
            ],
            "location": [
                -0.39934417605400085,
                0.1009550392627716,
                -1.4577001333236694
            ],
            "location_world": [
                1.4577001333236694,
                0.39934417605400085,
                0.1009550392627716
            ],
            "name": "google_Smith_Hawken_Woven_BasketTray_Organizer_with_3_Compartments_95_x_9_x_13_2",
            "projected_cuboid": [
                [
                    -45.226335525512695,
                    109.16699469089508
                ],
                [
                    50.648197531700134,
                    75.89545845985413
                ],
                [
                    85.35368740558624,
                    205.92841506004333
                ],
                [
                    -10.714977979660034,
                    229.7452688217163
                ],
                [
                    57.133838534355164,
                    113.89011144638062
                ],
                [
                    138.1612867116928,
                    88.0916565656662
                ],
                [
                    163.85386884212494,
                    190.28183817863464
                ],
                [
                    82.89022743701935,
                    210.14966070652008
                ],
                [
                    69.31014358997345,
                    153.60258519649506
                ]
            ],
            "provenance": "visii",
            "quaternion_xyzw": [
                0.31383204460144043,
                0.5884439945220947,
                0.5584532022476196,
                -0.49332869052886963
            ],
            "quaternion_xyzw_world": [
                -0.07475291937589645,
                0.10474372655153275,
                0.9770289659500122,
                0.16986820101737976
            ],
            "segmentation_id": 3,
            "visibility": 1
        },
        {
            "bounding_box_minx_maxx_miny_maxy": [
                -1,
                -1,
                -1,
                -1
            ],
            "class": "Paul",
            "local_cuboid": null,
            "local_to_world_matrix": [
                [
                    -0.9628515243530273,
                    0.225791335105896,
                    -0.14810961484909058,
                    0.0
                ],
                [
                    0.21459734439849854,
                    0.30688750743865967,
                    -0.9272369742393494,
                    0.0
                ],
                [
                    -0.16390901803970337,
                    -0.9245749115943909,
                    -0.34394168853759766,
                    0.0
                ],
                [
                    0.5027300715446472,
                    -0.3467578887939453,
                    -0.0027195303700864315,
                    1.0
                ]
            ],
            "location": [
                0.3467578887939453,
                -0.0027195303700864315,
                -0.5027300715446472
            ],
            "location_world": [
                0.5027300715446472,
                -0.3467578887939453,
                -0.0027195303700864315
            ],
            "name": "google_Paul_Frank_Dot_Lunch_Box_3",
            "projected_cuboid": [
                [
                    1264.933466911316,
                    346.43563628196716
                ],
                [
                    1140.3074264526367,
                    513.0909085273743
                ],
                [
                    718.2810306549072,
                    362.7893328666687
                ],
                [
                    803.0207753181458,
                    203.98633182048798
                ],
                [
                    882.6526403427124,
                    263.5905146598816
                ],
                [
                    825.1695036888123,
                    363.28890919685364
                ],
                [
                    588.9260768890381,
                    281.38262033462524
                ],
                [
                    634.008526802063,
                    184.75264310836792
                ],
                [
                    816.8308734893799,
                    303.3141791820526
                ]
            ],
            "provenance": "visii",
            "quaternion_xyzw": [
                -0.6199872493743896,
                0.1834704577922821,
                -0.7610745429992676,
                -0.052155911922454834
            ],
            "quaternion_xyzw_world": [
                0.13620087504386902,
                0.8083440661430359,
                -0.5727177262306213,
                -0.00488634966313839
            ],
            "segmentation_id": 4,
            "visibility": 0
        },
        {
            "bounding_box_minx_maxx_miny_maxy": [
                192,
                240,
                158,
                204
            ],
            "class": "Toys",
            "local_cuboid": null,
            "local_to_world_matrix": [
                [
                    -0.6121547222137451,
                    -0.7413371801376343,
                    -0.2751117944717407,
                    0.0
                ],
                [
                    -0.13209804892539978,
                    0.43890368938446045,
                    -0.8887710571289062,
                    0.0
                ],
                [
                    0.7796264886856079,
                    -0.507723331451416,
                    -0.36660635471343994,
                    0.0
                ],
                [
                    1.8364975452423096,
                    0.1422521024942398,
                    0.24908557534217834,
                    1.0
                ]
            ],
            "location": [
                -0.1422521024942398,
                0.24908557534217834,
                -1.8364975452423096
            ],
            "location_world": [
                1.8364975452423096,
                0.1422521024942398,
                0.24908557534217834
            ],
            "name": "google_Toys_R_Us_Treat_Dispenser_Smart_Puzzle_Foobler_4",
            "projected_cuboid": [
                [
                    258.4114968776703,
                    174.52824115753174
                ],
                [
                    237.0280772447586,
                    217.20340847969055
                ],
                [
                    209.7214162349701,
                    195.91064751148224
                ],
                [
                    232.83521831035614,
                    150.63846111297607
                ],
                [
                    223.63615036010742,
                    165.31974077224731
                ],
                [
                    202.91408896446228,
                    205.8732807636261
                ],
                [
                    174.80948567390442,
                    184.9333792924881
                ],
                [
                    197.14219868183136,
                    142.04293489456177
                ],
                [
                    217.1093076467514,
                    179.66875433921814
                ]
            ],
            "provenance": "visii",
            "quaternion_xyzw": [
                -0.9232733845710754,
                0.19333809614181519,
                -0.3032357096672058,
                -0.13503697514533997
            ],
            "quaternion_xyzw_world": [
                -0.280868262052536,
                0.7774420976638794,
                -0.44906699657440186,
                0.3391694128513336
            ],
            "segmentation_id": 5,
            "visibility": 1
        },
        {
            "bounding_box_minx_maxx_miny_maxy": [
                -1,
                -1,
                -1,
                -1
            ],
            "class": "Tag",
            "local_cuboid": null,
            "local_to_world_matrix": [
                [
                    0.044003188610076904,
                    0.9927220344543457,
                    0.11210107803344727,
                    0.0
                ],
                [
                    -0.290387362241745,
                    0.12007451057434082,
                    -0.9493457078933716,
                    0.0
                ],
                [
                    -0.9558968544006348,
                    0.009221494197845459,
                    0.29355764389038086,
                    0.0
                ],
                [
                    0.9523708820343018,
                    0.5417456030845642,
                    0.5542502999305725,
                    1.0
                ]
            ],
            "location": [
                -0.5417456030845642,
                0.5542502999305725,
                -0.9523708820343018
            ],
            "location_world": [
                0.9523708820343018,
                0.5417456030845642,
                0.5542502999305725
            ],
            "name": "google_Tag_Dishtowel_Basket_Weave_Red_18_x_26_5",
            "projected_cuboid": [
                [
                    -136.4220380783081,
                    -181.97226524353027
                ],
                [
                    -184.82816219329834,
                    -64.67023491859436
                ],
                [
                    -168.91077160835266,
                    -46.608179807662964
                ],
                [
                    -123.22157621383667,
                    -161.19709610939026
                ],
                [
                    -31.842350959777832,
                    -173.2325255870819
                ],
                [
                    -72.63302803039551,
                    -54.261207580566406
                ],
                [
                    -60.671091079711914,
                    -36.430180072784424
                ],
                [
                    -22.087454795837402,
                    -152.59501338005066
                ],
                [
                    -99.39360618591309,
                    -110.82851886749268
                ]
            ],
            "provenance": "visii",
            "quaternion_xyzw": [
                -0.013479217886924744,
                0.14788460731506348,
                0.9871631860733032,
                0.05879870057106018
            ],
            "quaternion_xyzw_world": [
                -0.39697954058647156,
                -0.4422990381717682,
                0.5313849449157715,
                0.6036628484725952
            ],
            "segmentation_id": 6,
            "visibility": 0
        },
        {
            "bounding_box_minx_maxx_miny_maxy": [
                -1,
                -1,
                -1,
                -1
            ],
            "class": "FRACTION",
            "local_cuboid": null,
            "local_to_world_matrix": [
                [
                    0.055694758892059326,
                    -0.5680336356163025,
                    0.8211187124252319,
                    0.0
                ],
                [
                    -0.7312720417976379,
                    -0.5831471681594849,
                    -0.3538088798522949,
                    0.0
                ],
                [
                    0.6798082590103149,
                    -0.5807558298110962,
                    -0.44786548614501953,
                    0.0
                ],
                [
                    0.42715394496917725,
                    -0.24550500512123108,
                    -0.46369102597236633,
                    1.0
                ]
            ],
            "location": [
                0.24550500512123108,
                -0.46369102597236633,
                -0.42715394496917725
            ],
            "location_world": [
                0.42715394496917725,
                -0.24550500512123108,
                -0.46369102597236633
            ],
            "name": "google_FRACTION_FUN_n4h4qte23QR_6",
            "projected_cuboid": [
                [
                    551.8460273742676,
                    679.6582937240601
                ],
                [
                    827.7496695518494,
                    933.905303478241
                ],
                [
                    832.8473567962646,
                    957.3915600776672
                ],
                [
                    539.1489267349243,
                    681.5608739852905
                ],
                [
                    442.2540068626404,
                    854.2913198471069
                ],
                [
                    685.5955123901367,
                    1178.1094074249268
                ],
                [
                    678.8495779037476,
                    1222.8326797485352
                ],
                [
                    422.6660132408142,
                    866.8103218078613
                ],
                [
                    602.5727987289429,
                    896.6087698936462
                ]
            ],
            "provenance": "visii",
            "quaternion_xyzw": [
                0.8064817190170288,
                0.4353061616420746,
                0.162762850522995,
                0.3655189871788025
            ],
            "quaternion_xyzw_world": [
                0.7222719788551331,
                -0.44972866773605347,
                0.519515872001648,
                0.07855314016342163
            ],
            "segmentation_id": 7,
            "visibility": 0
        },
        {
            "bounding_box_minx_maxx_miny_maxy": [
                212,
                247,
                1,
                14
            ],
            "class": "FAIRY",
            "local_cuboid": null,
            "local_to_world_matrix": [
                [
                    -0.2591150999069214,
                    -0.7593972086906433,
                    0.5968042016029358,
                    0.0
                ],
                [
                    0.6825936436653137,
                    -0.5811407566070557,
                    -0.4431041181087494,
                    0.0
                ],
                [
                    0.6833192706108093,
                    0.29255977272987366,
                    0.6689420938491821,
                    0.0
                ],
                [
                    1.315683126449585,
                    0.008107843808829784,
                    0.5641127228736877,
                    1.0
                ]
            ],
            "location": [
                -0.008107843808829784,
                0.5641127228736877,
                -1.315683126449585
            ],
            "location_world": [
                1.315683126449585,
                0.008107843808829784,
                0.5641127228736877
            ],
            "name": "google_FAIRY_TALE_BLOCKS_7",
            "projected_cuboid": [
                [
                    224.97022151947021,
                    -129.70739603042603
                ],
                [
                    288.84357213974,
                    -38.260966539382935
                ],
                [
                    321.8281865119934,
                    -4.683643579483032
                ],
                [
                    254.79447841644287,
                    -102.72419452667236
                ],
                [
                    145.57144045829773,
                    -49.12424087524414
                ],
                [
                    215.8987671136856,
                    29.465988278388977
                ],
                [
                    239.67818915843964,
                    68.72467696666718
                ],
                [
                    164.24447298049927,
                    -13.746410608291626
                ],
                [
                    232.56894946098328,
                    -27.18910574913025
                ]
            ],
            "provenance": "visii",
            "quaternion_xyzw": [
                0.849385142326355,
                0.34670519828796387,
                -0.009843781590461731,
                -0.3977982699871063
            ],
            "quaternion_xyzw_world": [
                0.4040679335594177,
                -0.04751896485686302,
                0.7920224070549011,
                -0.4551610052585602
            ],
            "segmentation_id": 8,
            "visibility": 1
        },
        {
            "bounding_box_minx_maxx_miny_maxy": [
                0,
                17,
                1,
                40
            ],
            "class": "Great",
            "local_cuboid": null,
            "local_to_world_matrix": [
                [
                    0.5906879305839539,
                    0.7433271408081055,
                    0.313930869102478,
                    0.0
                ],
                [
                    -0.23034825921058655,
                    -0.2175278663635254,
                    0.9484836459159851,
                    0.0
                ],
                [
                    0.773322343826294,
                    -0.632571280002594,
                    0.04273301362991333,
                    0.0
                ],
                [
                    0.4067596197128296,
                    0.2655850946903229,
                    0.15464168787002563,
                    1.0
                ]
            ],
            "location": [
                -0.2655850946903229,
                0.15464168787002563,
                -0.4067596197128296
            ],
            "location_world": [
                0.4067596197128296,
                0.2655850946903229,
                0.15464168787002563
            ],
            "name": "google_Great_Jones_Wingtip_kAqSg6EgG0I_8",
            "projected_cuboid": [
                [
                    -38.041502237319946,
                    219.01698410511017
                ],
                [
                    3.17421555519104,
                    -148.83941411972046
                ],
                [
                    -158.18578004837036,
                    -228.47872972488403
                ],
                [
                    -182.63685703277588,
                    219.45512294769287
                ],
                [
                    24.194881319999695,
                    257.26965069770813
                ],
                [
                    82.27182924747467,
                    -160.88414192199707
                ],
                [
                    -89.87542986869812,
                    -259.1426968574524
                ],
                [
                    -130.226731300354,
                    265.98790287971497
                ],
                [
                    -57.4740469455719,
                    39.75434601306915
                ]
            ],
            "provenance": "visii",
            "quaternion_xyzw": [
                0.14275115728378296,
                0.9307434558868408,
                0.07335028052330017,
                0.3285704553127289
            ],
            "quaternion_xyzw_world": [
                0.6643573641777039,
                0.19303573668003082,
                0.40913718938827515,
                0.5949565172195435
            ],
            "segmentation_id": 9,
            "visibility": 1
        },
        {
            "bounding_box_minx_maxx_miny_maxy": [
                0,
                134,
                162,
                303
            ],
            "class": "Ecoforms",
            "local_cuboid": null,
            "local_to_world_matrix": [
                [
                    0.3505929708480835,
                    -0.9340341687202454,
                    0.06829912215471268,
                    0.0
                ],
                [
                    0.8853989243507385,
                    0.3543369770050049,
                    0.3008555471897125,
                    0.0
                ],
                [
                    -0.30521026253700256,
                    -0.045005857944488525,
                    0.9512208700180054,
                    0.0
                ],
                [
                    0.6677194833755493,
                    0.2353682816028595,
                    -0.08697260171175003,
                    1.0
                ]
            ],
            "location": [
                -0.2353682816028595,
                -0.08697260171175003,
                -0.6677194833755493
            ],
            "location_world": [
                0.6677194833755493,
                0.2353682816028595,
                -0.08697260171175003
            ],
            "name": "google_Ecoforms_Plant_Container_Quadra_Sand_QP6_9",
            "projected_cuboid": [
                [
                    137.62038946151733,
                    195.3495442867279
                ],
                [
                    107.98926651477814,
                    160.83838045597076
                ],
                [
                    111.46168410778046,
                    289.8922562599182
                ],
                [
                    139.56978917121887,
                    356.7426800727844
                ],
                [
                    -92.58696436882019,
                    203.77026498317719
                ],
                [
                    -67.08729267120361,
                    163.68135809898376
                ],
                [
                    -50.75913667678833,
                    304.5186996459961
                ],
                [
                    -68.87862086296082,
                    383.95386934280396
                ],
                [
                    32.20382332801819,
                    256.44025206565857
                ]
            ],
            "provenance": "visii",
            "quaternion_xyzw": [
                -0.5761875510215759,
                0.1241079568862915,
                0.13259011507034302,
                0.7968845367431641
            ],
            "quaternion_xyzw_world": [
                0.10610742121934891,
                -0.11458958685398102,
                -0.5581870079040527,
                0.8148850798606873
            ],
            "segmentation_id": 10,
            "visibility": 1
        },
        {
            "bounding_box_minx_maxx_miny_maxy": [
                -1,
                -1,
                -1,
                -1
            ],
            "class": "ReadytoUse",
            "local_cuboid": null,
            "local_to_world_matrix": [
                [
                    -0.08895266056060791,
                    0.9914214015007019,
                    0.09576750546693802,
                    0.0
                ],
                [
                    -0.9849110245704651,
                    -0.07322132587432861,
                    -0.15680986642837524,
                    0.0
                ],
                [
                    -0.14845241606235504,
                    -0.10827109217643738,
                    0.9829747080802917,
                    0.0
                ],
                [
                    0.19068175554275513,
                    0.09950986504554749,
                    -0.3195641040802002,
                    1.0
                ]
            ],
            "location": [
                -0.09950986504554749,
                -0.3195641040802002,
                -0.19068175554275513
            ],
            "location_world": [
                0.19068175554275513,
                0.09950986504554749,
                -0.3195641040802002
            ],
            "name": "google_ReadytoUse_Rolled_Fondant_Pure_White_24_oz_box_10",
            "projected_cuboid": [
                [
                    -218.36930513381958,
                    721.5496301651001
                ],
                [
                    -368.9497709274292,
                    923.3819246292114
                ],
                [
                    -341.1693572998047,
                    1439.8037195205688
                ],
                [
                    -215.00155329704285,
                    1142.8258419036865
                ],
                [
                    180.43792247772217,
                    731.4291000366211
                ],
                [
                    172.30519652366638,
                    921.6440320014954
                ],
                [
                    119.51728165149689,
                    1405.808925628662
                ],
                [
                    138.31818103790283,
                    1130.8863162994385
                ],
                [
                    -55.361658334732056,
                    1051.6592264175415
                ]
            ],
            "provenance": "visii",
            "quaternion_xyzw": [
                0.06506963074207306,
                0.6492609977722168,
                0.7577407360076904,
                0.007438689470291138
            ],
            "quaternion_xyzw_world": [
                -0.017985709011554718,
                -0.09049400687217712,
                0.7323163151741028,
                0.6746853590011597
            ],
            "segmentation_id": 11,
            "visibility": 0
        },
        {
            "bounding_box_minx_maxx_miny_maxy": [
                192,
                441,
                1,
                218
            ],
            "class": "Dog",
            "local_cuboid": null,
            "local_to_world_matrix": [
                [
                    -0.31869375705718994,
                    -0.4834291934967041,
                    0.8153100609779358,
                    0.0
                ],
                [
                    -0.3135526776313782,
                    0.8655028939247131,
                    0.3906269669532776,
                    0.0
                ],
                [
                    -0.8944937586784363,
                    -0.13115228712558746,
                    -0.4274108409881592,
                    0.0
                ],
                [
                    0.588213324546814,
                    -0.03211861476302147,
                    0.17911186814308167,
                    1.0
                ]
            ],
            "location": [
                0.03211861476302147,
                0.17911186814308167,
                -0.588213324546814
            ],
            "location_world": [
                0.588213324546814,
                -0.03211861476302147,
                0.17911186814308167
            ],
            "name": "google_Dog_11",
            "projected_cuboid": [
                [
                    544.1946983337402,
                    17.81409978866577
                ],
                [
                    310.6715679168701,
                    -149.71017837524414
                ],
                [
                    259.64900851249695,
                    -111.63365840911865
                ],
                [
                    426.47939920425415,
                    0.5248486995697021
                ],
                [
                    355.95542192459106,
                    294.2061722278595
                ],
                [
                    137.49819993972778,
                    195.10380923748016
                ],
                [
                    144.68970894813538,
                    125.15974044799805
                ],
                [
                    302.91083455085754,
                    203.47535610198975
                ],
                [
                    305.581659078598,
                    81.92864060401917
                ]
            ],
            "provenance": "visii",
            "quaternion_xyzw": [
                0.22265923023223877,
                -0.05635613203048706,
                0.5050835013389587,
                0.8319479823112488
            ],
            "quaternion_xyzw_world": [
                0.24658377468585968,
                -0.8080234527587891,
                -0.08028067648410797,
                0.5290080904960632
            ],
            "segmentation_id": 12,
            "visibility": 1
        },
        {
            "bounding_box_minx_maxx_miny_maxy": [
                338,
                364,
                151,
                188
            ],
            "class": "Black",
            "local_cuboid": null,
            "local_to_world_matrix": [
                [
                    0.769270122051239,
                    -0.31484419107437134,
                    -0.5559647083282471,
                    0.0
                ],
                [
                    0.060227081179618835,
                    0.9020164012908936,
                    -0.42747998237609863,
                    0.0
                ],
                [
                    0.6360788345336914,
                    0.29536348581314087,
                    0.7128564119338989,
                    0.0
                ],
                [
                    1.1444417238235474,
                    -0.1890508383512497,
                    0.14490221440792084,
                    1.0
                ]
            ],
            "location": [
                0.1890508383512497,
                0.14490221440792084,
                -1.1444417238235474
            ],
            "location_world": [
                1.1444417238235474,
                -0.1890508383512497,
                0.14490221440792084
            ],
            "name": "google_Black_Elderberry_Syrup_54_oz_Gaia_Herbs_12",
            "projected_cuboid": [
                [
                    337.30682730674744,
                    132.2968602180481
                ],
                [
                    311.53935194015503,
                    144.72398161888123
                ],
                [
                    338.54496479034424,
                    189.84892964363098
                ],
                [
                    366.43701791763306,
                    176.57485604286194
                ],
                [
                    331.5199315547943,
                    112.22736537456512
                ],
                [
                    304.83847856521606,
                    125.16215443611145
                ],
                [
                    332.3496878147125,
                    170.44517397880554
                ],
                [
                    361.3159656524658,
                    156.58888220787048
                ],
                [
                    334.96639132499695,
                    150.30811727046967
                ]
            ],
            "provenance": "visii",
            "quaternion_xyzw": [
                -0.7711036205291748,
                0.4726930260658264,
                0.3451656401157379,
                0.25064197182655334
            ],
            "quaternion_xyzw_world": [
                -0.19646711647510529,
                0.32399454712867737,
                -0.10194346308708191,
                0.9198021292686462
            ],
            "segmentation_id": 13,
            "visibility": 1
        },
        {
            "bounding_box_minx_maxx_miny_maxy": [
                178,
                245,
                83,
