{
    "camera_data": {
        "camera_look_at": {
            "at": [
                1.0,
                0.0,
                0.0
            ],
            "eye": [
                0.0,
                0.0,
                0.0
            ],
            "up": [
                0.0,
                0.0,
                1.0
            ]
        },
        "camera_view_matrix": [
            [
                0.0,
                0.0,
                -1.0,
                0.0
            ],
            [
                -1.0,
                0.0,
                0.0,
                0.0
            ],
            [
                0.0,
                1.0,
                0.0,
                0.0
            ],
            [
                0.0,
                0.0,
                0.0,
                1.0
            ]
        ],
        "height": 500,
        "intrinsics": {
            "cx": 250.0,
            "cy": 250.0,
            "fx": 603.5535278320312,
            "fy": 603.5535278320312
        },
        "location_world": [
            0.0,
            0.0,
            0.0
        ],
        "quaternion_world_xyzw": [
            0.5,
            -0.5,
            -0.5,
            0.5
        ],
        "width": 500
    },
    "objects": [
        {
            "bounding_box_minx_maxx_miny_maxy": [
                -1,
                -1,
                -1,
                -1
            ],
            "class": "Reebok",
            "local_cuboid": null,
            "local_to_world_matrix": [
                [
                    -0.6685237884521484,
                    0.558713436126709,
                    0.49083125591278076,
                    0.0
                ],
                [
                    -0.6664601564407349,
                    -0.7429560422897339,
                    -0.06202727556228638,
                    0.0
                ],
                [
                    0.3300105333328247,
                    -0.36858615279197693,
                    0.8690438866615295,
                    0.0
                ],
                [
                    0.2634681761264801,
                    -0.3189147710800171,
                    -0.009548118337988853,
                    1.0
                ]
            ],
            "location": [
                0.3189147710800171,
                -0.009548118337988853,
                -0.2634681761264801
            ],
            "location_world": [
                0.2634681761264801,
                -0.3189147710800171,
                -0.009548118337988853
            ],
            "name": "google_Reebok_SOMERSET_RUN_0",
            "projected_cuboid": [
                [
                    619.5573806762695,
                    36.25483810901642
                ],
                [
                    1840.3655290603638,
                    -148.28890562057495
                ],
                [
                    2114.1557693481445,
                    207.626074552536
                ],
                [
                    583.4615230560303,
                    199.300616979599
                ],
                [
                    642.8405046463013,
                    149.66386556625366
                ],
                [
                    1501.7626285552979,
                    114.06834423542023
                ],
                [
                    1610.4286909103394,
                    387.4850273132324
                ],
                [
                    615.8127784729004,
                    292.75280237197876
                ],
                [
                    976.5936136245728,
                    162.8119945526123
                ]
            ],
            "provenance": "visii",
            "quaternion_xyzw": [
                0.4564330279827118,
                0.6757767200469971,
                0.5680515170097351,
                -0.11096030473709106
            ],
            "quaternion_xyzw_world": [
                0.22659893333911896,
                -0.11887375265359879,
                0.9056107997894287,
                0.33821746706962585
            ],
            "segmentation_id": 1,
            "visibility": 0
        },
        {
            "bounding_box_minx_maxx_miny_maxy": [
                -1,
                -1,
                -1,
                -1
            ],
            "class": "Breyer",
            "local_cuboid": null,
            "local_to_world_matrix": [
                [
                    -0.53741455078125,
                    -0.5051193237304688,
                    0.6753075122833252,
                    0.0
                ],
                [
                    0.09865745902061462,
                    -0.8329330682754517,
                    -0.5445083379745483,
                    0.0
                ],
                [
                    0.8375276327133179,
                    -0.2260025441646576,
                    0.49746400117874146,
                    0.0
                ],
                [
                    1.355481505393982,
                    0.4903639256954193,
                    0.6086887717247009,
                    1.0
                ]
            ],
            "location": [
                -0.4903639256954193,
                0.6086887717247009,
                -1.355481505393982
            ],
            "location_world": [
                1.355481505393982,
                0.4903639256954193,
                0.6086887717247009
            ],
            "name": "google_Breyer_Horse_Of_The_Year_2015_1",
            "projected_cuboid": [
                [
                    73.29599559307098,
                    -80.26981353759766
                ],
                [
                    94.36559677124023,
                    -65.63785672187805
                ],
                [
                    62.83546984195709,
                    -61.395615339279175
                ],
                [
                    39.531782269477844,
                    -77.46371626853943
                ],
                [
                    41.84824228286743,
                    7.38641619682312
                ],
                [
                    61.3432377576828,
                    20.522400736808777
                ],
                [
                    29.58780527114868,
                    32.17707574367523
                ],
                [
                    8.196800947189331,
                    17.896533012390137
                ],
                [
                    51.42946541309357,
                    -24.01435375213623
                ]
            ],
            "provenance": "visii",
            "quaternion_xyzw": [
                0.8495815992355347,
                0.4438186287879944,
                0.2246450036764145,
                -0.17541620135307312
            ],
            "quaternion_xyzw_world": [
                0.44666948914527893,
                -0.22749586403369904,
                0.8467307090759277,
                -0.17826706171035767
            ],
            "segmentation_id": 2,
            "visibility": 0
        },
        {
            "bounding_box_minx_maxx_miny_maxy": [
                69,
                188,
                152,
                284
            ],
            "class": "Smith",
            "local_cuboid": null,
            "local_to_world_matrix": [
                [
                    -0.056085824966430664,
                    -0.717543363571167,
                    0.6942520141601562,
                    0.0
                ],
                [
                    0.9747951030731201,
                    -0.1897411346435547,
                    -0.11735701560974121,
                    0.0
                ],
                [
                    0.21593695878982544,
                    0.6701714396476746,
                    0.7100995779037476,
                    0.0
                ],
                [
                    1.679984450340271,
                    0.3160596489906311,
                    0.00790056400001049,
                    1.0
                ]
            ],
            "location": [
                -0.3160596489906311,
                0.00790056400001049,
                -1.679984450340271
            ],
            "location_world": [
                1.679984450340271,
                0.3160596489906311,
                0.00790056400001049
            ],
            "name": "google_Smith_Hawken_Woven_BasketTray_Organizer_with_3_Compartments_95_x_9_x_13_2",
            "projected_cuboid": [
                [
                    102.30894386768341,
                    122.03331291675568
                ],
                [
                    138.25452327728271,
                    149.22988414764404
                ],
                [
                    195.25009393692017,
                    210.1917564868927
                ],
                [
                    167.22610592842102,
                    191.89128279685974
                ],
                [
                    7.7571868896484375,
                    216.8973684310913
                ],
                [
                    55.9927374124527,
                    231.07951879501343
                ],
                [
                    109.72036421298981,
                    293.98027062416077
                ],
                [
                    68.32255423069,
                    289.3736958503723
                ],
                [
                    106.24602437019348,
                    213.37495744228363
                ]
            ],
            "provenance": "visii",
            "quaternion_xyzw": [
                -0.7160372734069824,
                -0.3086407780647278,
                0.21440422534942627,
                0.5882706642150879
            ],
            "quaternion_xyzw_world": [
                -0.3254058063030243,
                -0.19763919711112976,
                -0.6992722153663635,
                0.605035662651062
            ],
            "segmentation_id": 3,
            "visibility": 1
        },
        {
            "bounding_box_minx_maxx_miny_maxy": [
                447,
                499,
                207,
                398
            ],
            "class": "Paul",
            "local_cuboid": null,
            "local_to_world_matrix": [
                [
                    0.5226638317108154,
                    0.8120449185371399,
                    0.25962579250335693,
                    0.0
                ],
                [
                    0.7997795939445496,
                    -0.36156296730041504,
                    -0.4791918992996216,
                    0.0
                ],
                [
                    -0.29525429010391235,
                    0.45809972286224365,
                    -0.838432788848877,
                    0.0
                ],
                [
                    0.5155237913131714,
                    -0.3592350482940674,
                    0.026787567883729935,
                    1.0
                ]
            ],
            "location": [
                0.3592350482940674,
                0.026787567883729935,
                -0.5155237913131714
            ],
            "location_world": [
                0.5155237913131714,
                -0.3592350482940674,
                0.026787567883729935
            ],
            "name": "google_Paul_Frank_Dot_Lunch_Box_3",
            "projected_cuboid": [
                [
                    410.9354317188263,
                    387.23570108413696
                ],
                [
                    428.20775508880615,
                    421.86543345451355
                ],
                [
                    510.95080375671387,
                    216.07767045497894
                ],
                [
                    509.05346870422363,
                    153.02565693855286
                ],
                [
                    862.0863556861877,
                    566.7023658752441
                ],
                [
                    792.6352024078369,
                    575.8987665176392
                ],
                [
                    847.6819396018982,
                    290.7699644565582
                ],
                [
                    917.1165227890015,
                    222.18522429466248
                ],
                [
                    633.1953406333923,
                    338.14436197280884
                ]
            ],
            "provenance": "visii",
            "quaternion_xyzw": [
                0.30491501092910767,
                0.5093129277229309,
                -0.8041285872459412,
                0.031691811978816986
            ],
            "quaternion_xyzw_world": [
                0.8250241875648499,
                0.4884173572063446,
                -0.0107962004840374,
                -0.28401944041252136
            ],
            "segmentation_id": 4,
            "visibility": 1
        },
        {
            "bounding_box_minx_maxx_miny_maxy": [
                115,
                140,
                261,
                287
            ],
            "class": "Toys",
            "local_cuboid": null,
            "local_to_world_matrix": [
                [
                    -0.40156328678131104,
                    0.8732908368110657,
                    0.275880366563797,
                    0.0
                ],
                [
                    0.8901742100715637,
                    0.30138009786605835,
                    0.34170153737068176,
                    0.0
                ],
                [
                    0.21525995433330536,
                    0.38279637694358826,
                    -0.8984042406082153,
                    0.0
                ],
                [
                    1.8874766826629639,
                    0.3941655158996582,
                    0.017153125256299973,
                    1.0
                ]
            ],
            "location": [
                -0.3941655158996582,
                0.017153125256299973,
                -1.8874766826629639
            ],
            "location_world": [
                1.8874766826629639,
                0.3941655158996582,
                0.017153125256299973
            ],
            "name": "google_Toys_R_Us_Treat_Dispenser_Smart_Puzzle_Foobler_4",
            "projected_cuboid": [
                [
                    85.19034087657928,
                    291.6404902935028
                ],
                [
                    82.42425322532654,
                    272.51580357551575
                ],
                [
                    97.96728193759918,
                    229.67424988746643
                ],
                [
                    101.9754558801651,
                    245.8694875240326
                ],
                [
                    133.93503427505493,
                    303.94765734672546
                ],
                [
                    127.94820964336395,
                    284.57650542259216
                ],
                [
                    143.7620222568512,
                    243.27503144741058
                ],
                [
                    151.02681517601013,
                    259.93356108665466
                ],
                [
                    115.75356125831604,
                    266.402930021286
                ]
            ],
            "provenance": "visii",
            "quaternion_xyzw": [
                -0.008178621530532837,
                0.7794632911682129,
                -0.5736570358276367,
                -0.2515704333782196
            ],
            "quaternion_xyzw_world": [
                0.5466856360435486,
                0.806434690952301,
                0.22459906339645386,
                -0.01879272609949112
            ],
            "segmentation_id": 5,
            "visibility": 1
        },
        {
            "bounding_box_minx_maxx_miny_maxy": [
                -1,
                -1,
                -1,
                -1
            ],
            "class": "Tag",
            "local_cuboid": null,
            "local_to_world_matrix": [
                [
                    0.014114916324615479,
                    -0.2805468440055847,
                    0.9597365260124207,
                    0.0
                ],
                [
                    0.5206359624862671,
                    0.8215160369873047,
                    0.23248566687107086,
                    0.0
                ],
                [
                    -0.8536620736122131,
                    0.49639183282852173,
                    0.1576583981513977,
                    0.0
                ],
                [
                    0.8714178204536438,
                    0.5045813322067261,
                    0.5181750059127808,
                    1.0
                ]
            ],
            "location": [
                -0.5045813322067261,
                0.5181750059127808,
                -0.8714178204536438
            ],
            "location_world": [
                0.8714178204536438,
                0.5045813322067261,
                0.5181750059127808
            ],
            "name": "google_Tag_Dishtowel_Basket_Weave_Red_18_x_26_5",
            "projected_cuboid": [
                [
                    -60.36031246185303,
                    -196.1556375026703
                ],
                [
                    -146.56326174736023,
                    -172.43698239326477
                ],
                [
                    -122.73097038269043,
                    -155.41517734527588
                ],
                [
                    -36.126017570495605,
                    -175.72134733200073
                ],
                [
                    -98.34453463554382,
                    -70.86765766143799
                ],
                [
                    -179.66386675834656,
                    -63.953518867492676
                ],
                [
                    -154.71187233924866,
                    -50.35528540611267
                ],
                [
                    -72.64208793640137,
                    -54.977476596832275
                ],
                [
                    -111.63020133972168,
                    -116.92893505096436
                ]
            ],
            "provenance": "visii",
            "quaternion_xyzw": [
                -0.22045356035232544,
                -0.15674559772014618,
                0.5789278149604797,
                0.769203245639801
            ],
            "quaternion_xyzw_world": [
                -0.09346184134483337,
                -0.6422115564346313,
                -0.28373730182647705,
                0.7059195041656494
            ],
            "segmentation_id": 6,
            "visibility": 0
        },
        {
            "bounding_box_minx_maxx_miny_maxy": [
                331,
                454,
                354,
                482
            ],
            "class": "FRACTION",
            "local_cuboid": null,
            "local_to_world_matrix": [
                [
                    0.4621730446815491,
                    0.8715946674346924,
                    0.1634591519832611,
                    0.0
                ],
                [
                    0.4568040668964386,
                    -0.3919854164123535,
                    0.7985471487045288,
                    0.0
                ],
                [
                    0.7600829601287842,
                    -0.2943981885910034,
                    -0.5793130397796631,
                    0.0
                ],
                [
                    1.0194311141967773,
                    -0.23738086223602295,
                    -0.27020347118377686,
                    1.0
                ]
            ],
            "location": [
                0.23738086223602295,
                -0.27020347118377686,
                -1.0194311141967773
            ],
            "location_world": [
                1.0194311141967773,
                -0.23738086223602295,
                -0.27020347118377686
            ],
            "name": "google_FRACTION_FUN_n4h4qte23QR_6",
            "projected_cuboid": [
                [
                    328.6929428577423,
                    455.06834983825684
                ],
                [
                    362.08802461624146,
                    359.2552840709686
                ],
                [
                    358.41667652130127,
                    348.6723303794861
                ],
                [
                    323.61629605293274,
                    446.7225670814514
                ],
                [
                    430.37348985671997,
                    490.0391697883606
                ],
                [
                    458.0063223838806,
                    384.01278853416443
                ],
                [
                    457.16744661331177,
                    373.3976185321808
                ],
                [
                    428.47421765327454,
                    482.2150468826294
                ],
                [
                    392.0668959617615,
                    414.781779050827
                ]
            ],
            "provenance": "visii",
            "quaternion_xyzw": [
                0.1499510109424591,
                0.9260433316230774,
                -0.2797161638736725,
                0.2042483687400818
            ],
            "quaternion_xyzw_world": [
                0.779979407787323,
                0.4257800579071045,
                0.2960149049758911,
                0.3503122329711914
            ],
            "segmentation_id": 7,
            "visibility": 1
        },
        {
            "bounding_box_minx_maxx_miny_maxy": [
                146,
                219,
                13,
                82
            ],
            "class": "FAIRY",
            "local_cuboid": null,
            "local_to_world_matrix": [
                [
                    -0.412677526473999,
                    -0.6471718549728394,
                    -0.6409883499145508,
                    0.0
                ],
                [
                    -0.5835086107254028,
                    -0.3525296449661255,
                    0.7316014766693115,
                    0.0
                ],
                [
                    -0.6994391679763794,
                    0.6759375333786011,
                    -0.23214936256408691,
                    0.0
                ],
                [
                    1.4216856956481934,
                    0.11014620214700699,
                    0.5710960030555725,
                    1.0
                ]
            ],
            "location": [
                -0.11014620214700699,
                0.5710960030555725,
                -1.4216856956481934
            ],
            "location_world": [
                1.4216856956481934,
                0.11014620214700699,
                0.5710960030555725
            ],
            "name": "google_FAIRY_TALE_BLOCKS_7",
            "projected_cuboid": [
                [
                    143.89923214912415,
                    89.94525671005249
                ],
                [
                    179.06804382801056,
                    -34.764498472213745
                ],
                [
                    258.0241858959198,
                    -24.57335591316223
                ],
                [
                    218.2113230228424,
                    85.60435473918915
                ],
                [
                    82.26612210273743,
                    32.93223679065704
                ],
                [
                    106.84153437614441,
                    -88.60582113265991
                ],
                [
                    188.091441988945,
                    -73.13933968544006
                ],
                [
                    157.88276493549347,
                    34.618079662323
                ],
                [
                    166.84743762016296,
                    5.25839626789093
                ]
            ],
            "provenance": "visii",
            "quaternion_xyzw": [
                -0.23244959115982056,
                0.3102380037307739,
                0.28313684463500977,
                -0.8772417902946472
            ],
            "quaternion_xyzw_world": [
                -0.5412951111793518,
                0.568396270275116,
                0.6190835237503052,
                -0.025708671659231186
            ],
            "segmentation_id": 8,
            "visibility": 1
        },
        {
            "bounding_box_minx_maxx_miny_maxy": [
                181,
                357,
                181,
                500
            ],
            "class": "Great",
            "local_cuboid": null,
            "local_to_world_matrix": [
                [
                    -0.6041330099105835,
                    -0.535614013671875,
                    -0.5900352001190186,
                    0.0
                ],
                [
                    0.5973833799362183,
                    0.18563944101333618,
                    -0.7801739573478699,
                    0.0
                ],
                [
                    0.5274059772491455,
                    -0.8238057494163513,
                    0.20781570672988892,
                    0.0
                ],
                [
                    0.4104689657688141,
                    0.022130992263555527,
                    -0.09421080350875854,
                    1.0
                ]
            ],
            "location": [
                -0.022130992263555527,
                -0.09421080350875854,
                -0.4104689657688141
            ],
            "location_world": [
                0.4104689657688141,
                0.022130992263555527,
                -0.09421080350875854
            ],
            "name": "google_Great_Jones_Wingtip_kAqSg6EgG0I_8",
            "projected_cuboid": [
                [
                    478.86088490486145,
                    217.71690249443054
                ],
                [
                    332.41862058639526,
                    506.2685012817383
                ],
                [
                    222.62223064899445,
                    569.3249106407166
                ],
                [
                    327.8830349445343,
                    261.1854076385498
                ],
                [
                    353.891521692276,
                    126.57193839550018
                ],
                [
                    262.93084025382996,
                    411.0998511314392
                ],
                [
                    159.11027789115906,
                    455.6421637535095
                ],
                [
                    210.46650409698486,
                    146.13038301467896
                ],
                [
                    283.84560346603394,
                    362.82703280448914
                ]
            ],
            "provenance": "visii",
            "quaternion_xyzw": [
                0.843088686466217,
                -0.23000985383987427,
                0.42342478036880493,
                -0.2387647032737732
            ],
            "quaternion_xyzw_world": [
                -0.024555323645472527,
                -0.6288793087005615,
                0.6376341581344604,
                -0.4442192316055298
            ],
            "segmentation_id": 9,
            "visibility": 1
        },
        {
            "bounding_box_minx_maxx_miny_maxy": [
                0,
                69,
                79,
                265
            ],
            "class": "Ecoforms",
            "local_cuboid": null,
            "local_to_world_matrix": [
                [
                    0.826745331287384,
                    0.2801278829574585,
                    -0.4878734350204468,
                    0.0
                ],
                [
                    -0.5452892780303955,
                    0.18568944931030273,
                    -0.8174222111701965,
                    0.0
                ],
                [
                    -0.13838982582092285,
                    0.9418321251869202,
                    0.3062686324119568,
                    0.0
                ],
                [
                    0.7199625372886658,
                    0.2359286993741989,
                    0.06227969005703926,
                    1.0
                ]
            ],
            "location": [
                -0.2359286993741989,
                0.06227969005703926,
                -0.7199625372886658
            ],
            "location_world": [
                0.7199625372886658,
                0.2359286993741989,
                0.06227969005703926
            ],
            "name": "google_Ecoforms_Plant_Container_Quadra_Sand_QP6_9",
            "projected_cuboid": [
                [
                    -44.526755809783936,
                    144.04450356960297
                ],
                [
                    -116.19260907173157,
                    258.52590799331665
                ],
                [
                    23.532286286354065,
                    299.9768257141113
                ],
                [
                    76.19844377040863,
                    183.58159065246582
                ],
                [
                    -65.68118929862976,
                    35.451918840408325
                ],
                [
                    -161.14675998687744,
                    161.8724763393402
                ],
                [
                    17.667248845100403,
                    218.21656823158264
                ],
                [
                    83.17019045352936,
                    87.62142062187195
                ],
                [
                    -18.648892641067505,
                    174.90622401237488
                ]
            ],
            "provenance": "visii",
            "quaternion_xyzw": [
                -0.5913764238357544,
                0.28474369645118713,
                0.7476530075073242,
                -0.10104420781135559
            ],
            "quaternion_xyzw_world": [
                -0.5776649713516235,
                0.11475569009780884,
                0.2710322141647339,
                0.7613644599914551
            ],
            "segmentation_id": 10,
            "visibility": 1
        },
        {
            "bounding_box_minx_maxx_miny_maxy": [
                -1,
                -1,
                -1,
                -1
            ],
            "class": "ReadytoUse",
            "local_cuboid": null,
            "local_to_world_matrix": [
                [
                    -0.49643516540527344,
                    0.6852219104766846,
                    0.5329381823539734,
                    0.0
                ],
                [
                    -0.8535001277923584,
                    -0.27326273918151855,
                    -0.4436947703361511,
                    0.0
                ],
                [
                    -0.15839718282222748,
                    -0.6751285195350647,
                    0.7204941511154175,
                    0.0
                ],
                [
                    0.17484188079833984,
                    0.0671778991818428,
                    -0.29980042576789856,
                    1.0
                ]
            ],
            "location": [
                -0.0671778991818428,
                -0.29980042576789856,
                -0.17484188079833984
            ],
            "location_world": [
                0.17484188079833984,
                0.0671778991818428,
                -0.29980042576789856
            ],
            "name": "google_ReadytoUse_Rolled_Fondant_Pure_White_24_oz_box_10",
            "projected_cuboid": [
                [
                    243.2335913181305,
                    836.4517092704773
                ],
                [
                    323.7648904323578,
                    1225.2247333526611
                ],
                [
                    -247.28477001190186,
                    1607.2101593017578
                ],
                [
                    -170.3634262084961,
                    1184.4682693481445
                ],
                [
                    497.63205647468567,
                    855.0751805305481
                ],
                [
                    615.0020360946655,
                    1099.6904373168945
                ],
                [
                    188.9774352312088,
                    1374.6185302734375
                ],
                [
                    164.46322202682495,
                    1107.9270839691162
                ],
                [
                    212.31237053871155,
                    1143.1596279144287
                ]
            ],
            "provenance": "visii",
            "quaternion_xyzw": [
                0.3873227834701538,
                0.5203676223754883,
                0.7561933994293213,
                0.08584955334663391
            ],
            "quaternion_xyzw_world": [
                0.11867327988147736,
                -0.35449904203414917,
                0.7890171408653259,
                0.48754391074180603
            ],
            "segmentation_id": 11,
            "visibility": 0
        },
        {
            "bounding_box_minx_maxx_miny_maxy": [
                214,
                473,
                17,
                335
            ],
            "class": "Dog",
            "local_cuboid": null,
            "local_to_world_matrix": [
                [
                    0.2258739471435547,
                    -0.2902584671974182,
                    -0.9299091696739197,
                    0.0
                ],
                [
                    0.8177126049995422,
                    0.575311541557312,
                    0.019045859575271606,
                    0.0
                ],
                [
                    0.5294592976570129,
                    -0.7647004127502441,
                    0.36729586124420166,
                    0.0
                ],
                [
                    0.4523926079273224,
                    -0.017572592943906784,
                    0.03538958355784416,
                    1.0
                ]
            ],
            "location": [
                0.017572592943906784,
                0.03538958355784416,
                -0.4523926079273224
            ],
            "location_world": [
                0.4523926079273224,
                -0.017572592943906784,
                0.03538958355784416
            ],
            "name": "google_Dog_11",
            "projected_cuboid": [
                [
                    555.3979873657227,
                    253.89960408210754
                ],
                [
                    387.3547911643982,
                    249.76609647274017
                ],
                [
                    247.94144928455353,
                    329.2084038257599
                ],
                [
                    407.33420848846436,
                    364.38748240470886
                ],
                [
                    501.43933296203613,
                    -30.802100896835327
                ],
                [
                    332.4223756790161,
                    35.883113741874695
                ],
                [
                    166.9805347919464,
                    78.76457273960114
                ],
                [
                    315.06574153900146,
                    10.630860924720764
                ],
                [
                    362.2821867465973,
                    166.82489216327667
                ]
            ],
            "provenance": "visii",
            "quaternion_xyzw": [
                -0.6709455847740173,
                0.5608579516410828,
                -0.2007712721824646,
                0.44154417514801025
            ],
            "quaternion_xyzw_world": [
                0.26611393690109253,
                0.4955153167247772,
                -0.3762015402317047,
                0.7362882494926453
            ],
            "segmentation_id": 12,
            "visibility": 1
        },
        {
            "bounding_box_minx_maxx_miny_maxy": [
                -1,
                -1,
                -1,
                -1
            ],
            "class": "Black",
            "local_cuboid": null,
            "local_to_world_matrix": [
                [
                    0.3869777321815491,
                    0.5136622786521912,
                    -0.7657672166824341,
                    0.0
                ],
                [
                    -0.9207667708396912,
                    0.1708027720451355,
                    -0.3507349491119385,
                    0.0
                ],
                [
                    -0.0493641197681427,
                    0.8408195972442627,
                    0.5390599966049194,
                    0.0
                ],
                [
                    0.9154202938079834,
                    -0.25862714648246765,
                    0.44618871808052063,
                    1.0
                ]
            ],
            "location": [
                0.25862714648246765,
                0.44618871808052063,
                -0.9154202938079834
            ],
            "location_world": [
                0.9154202938079834,
                -0.25862714648246765,
                0.44618871808052063
            ],
            "name": "google_Black_Elderberry_Syrup_54_oz_Gaia_Herbs_12",
            "projected_cuboid": [
                [
                    330.9737741947174,
                    -77.0781934261322
                ],
                [
                    329.08400893211365,
                    -83.0046534538269
                ],
                [
                    410.34165024757385,
                    -27.852952480316162
                ],
                [
                    407.5814485549927,
                    -25.117427110671997
                ],
                [
                    352.07128524780273,
                    -113.46590518951416
                ],
                [
                    351.45288705825806,
                    -121.81857228279114
                ],
                [
                    434.57597494125366,
                    -64.9598240852356
                ],
                [
                    430.3348660469055,
                    -59.992074966430664
                ],
                [
                    380.8048963546753,
                    -71.24936580657959
                ]
            ],
            "provenance": "visii",
            "quaternion_xyzw": [
                -0.44376474618911743,
                0.5276275277137756,
                0.6916938424110413,
                -0.21503892540931702
            ],
            "quaternion_xyzw_world": [
                -0.41143497824668884,
                0.2473686933517456,
                0.49529775977134705,
                0.7240235805511475
            ],
            "segmentation_id": 13,
            "visibility": 0
        },
        {
            "bounding_box_minx_maxx_miny_maxy": [
                142,
                175,
                59,
                167
