{
    "camera_data": {
        "camera_look_at": {
            "at": [
                1.0,
                0.0,
                0.0
            ],
            "eye": [
                0.0,
                0.0,
                0.0
            ],
            "up": [
                0.0,
                0.0,
                1.0
            ]
        },
        "camera_view_matrix": [
            [
                0.0,
                0.0,
                -1.0,
                0.0
            ],
            [
                -1.0,
                0.0,
                0.0,
                0.0
            ],
            [
                0.0,
                1.0,
                0.0,
                0.0
            ],
            [
                0.0,
                0.0,
                0.0,
                1.0
            ]
        ],
        "height": 500,
        "intrinsics": {
            "cx": 250.0,
            "cy": 250.0,
            "fx": 603.5535278320312,
            "fy": 603.5535278320312
        },
        "location_world": [
            0.0,
            0.0,
            0.0
        ],
        "quaternion_world_xyzw": [
            0.5,
            -0.5,
            -0.5,
            0.5
        ],
        "width": 500
    },
    "objects": [
        {
            "bounding_box_minx_maxx_miny_maxy": [
                -1,
                -1,
                -1,
                -1
            ],
            "class": "Reebok",
            "local_cuboid": null,
            "local_to_world_matrix": [
                [
                    -0.4850238561630249,
                    -0.8368011116981506,
                    0.25399935245513916,
                    0.0
                ],
                [
                    0.21117204427719116,
                    -0.39392828941345215,
                    -0.8945540189743042,
                    0.0
                ],
                [
                    0.8486213684082031,
                    -0.3802424669265747,
                    0.3677736520767212,
                    0.0
                ],
                [
                    0.13095895946025848,
                    -0.4211183488368988,
                    -0.039044659584760666,
                    1.0
                ]
            ],
            "location": [
                0.4211183488368988,
                -0.039044659584760666,
                -0.13095895946025848
            ],
            "location_world": [
                0.13095895946025848,
                -0.4211183488368988,
                -0.039044659584760666
            ],
            "name": "google_Reebok_SOMERSET_RUN_0",
            "projected_cuboid": [
                [
                    1854.07555103302,
                    -275.1520872116089
                ],
                [
                    1727.2026538848877,
                    542.5411462783813
                ],
                [
                    2611.854314804077,
                    948.7438201904297
                ],
                [
                    3663.96164894104,
                    -632.864236831665
                ],
                [
                    1212.9294872283936,
                    -71.26885652542114
                ],
                [
                    1247.938871383667,
                    547.0190048217773
                ],
                [
                    1626.8994808197021,
                    837.9891514778137
                ],
                [
                    1748.715877532959,
                    -117.46066808700562
                ],
                [
                    1734.8071336746216,
                    309.25312638282776
                ]
            ],
            "provenance": "visii",
            "quaternion_xyzw": [
                0.9460413455963135,
                0.17122073471546173,
                0.22865445911884308,
                -0.1529916524887085
            ],
            "quaternion_xyzw_world": [
                0.36780795454978943,
                -0.4252416789531708,
                0.7494540810585022,
                -0.349578857421875
            ],
            "segmentation_id": 1,
            "visibility": 0
        },
        {
            "bounding_box_minx_maxx_miny_maxy": [
                -1,
                -1,
                -1,
                -1
            ],
            "class": "Breyer",
            "local_cuboid": null,
            "local_to_world_matrix": [
                [
                    0.016194701194763184,
                    -0.7860767245292664,
                    -0.6179170608520508,
                    0.0
                ],
                [
                    0.06247323751449585,
                    0.6175858974456787,
                    -0.7840183973312378,
                    0.0
                ],
                [
                    0.9979153871536255,
                    -0.02590620517730713,
                    0.059110283851623535,
                    0.0
                ],
                [
                    1.0149199962615967,
                    0.2138153612613678,
                    0.5016381144523621,
                    1.0
                ]
            ],
            "location": [
                -0.2138153612613678,
                0.5016381144523621,
                -1.0149199962615967
            ],
            "location_world": [
                1.0149199962615967,
                0.2138153612613678,
                0.5016381144523621
            ],
            "name": "google_Breyer_Horse_Of_The_Year_2015_1",
            "projected_cuboid": [
                [
                    196.34807109832764,
                    14.445438981056213
                ],
                [
                    178.16224694252014,
                    38.466110825538635
                ],
                [
                    165.03503918647766,
                    12.096032500267029
                ],
                [
                    185.91207265853882,
                    -15.634477138519287
                ],
                [
                    102.00481116771698,
                    -60.33730506896973
                ],
                [
                    84.05183255672455,
                    -36.008864641189575
                ],
                [
                    56.70619010925293,
                    -73.6897885799408
                ],
                [
                    77.27454602718353,
                    -101.82848572731018
                ],
                [
                    131.41964375972748,
                    -26.534199714660645
                ]
            ],
            "provenance": "visii",
            "quaternion_xyzw": [
                -0.9444589614868164,
                0.3270399570465088,
                -0.002570599317550659,
                0.032183438539505005
            ],
            "quaternion_xyzw_world": [
                -0.291332483291626,
                0.620943009853363,
                -0.32608652114868164,
                0.6505558490753174
            ],
            "segmentation_id": 2,
            "visibility": 0
        },
        {
            "bounding_box_minx_maxx_miny_maxy": [
                0,
                8,
                277,
                292
            ],
            "class": "Smith",
            "local_cuboid": null,
            "local_to_world_matrix": [
                [
                    -0.15524590015411377,
                    0.908421516418457,
                    -0.38816171884536743,
                    0.0
                ],
                [
                    -0.7076046466827393,
                    -0.3764420747756958,
                    -0.5979862213134766,
                    0.0
                ],
                [
                    -0.6893437504768372,
                    0.18183021247386932,
                    0.7012439966201782,
                    0.0
                ],
                [
                    1.3603858947753906,
                    0.43686866760253906,
                    0.029623722657561302,
                    1.0
                ]
            ],
            "location": [
                -0.43686866760253906,
                0.029623722657561302,
                -1.3603858947753906
            ],
            "location_world": [
                1.3603858947753906,
                0.43686866760253906,
                0.029623722657561302
            ],
            "name": "google_Smith_Hawken_Woven_BasketTray_Organizer_with_3_Compartments_95_x_9_x_13_2",
            "projected_cuboid": [
                [
                    -90.22751450538635,
                    139.80214297771454
                ],
                [
                    -93.52484345436096,
                    208.68626236915588
                ],
                [
                    -18.586397171020508,
                    306.36608600616455
                ],
                [
                    -25.298595428466797,
                    233.94891619682312
                ],
                [
                    77.1254152059555,
                    79.34004068374634
                ],
                [
                    101.37416422367096,
                    134.86765325069427
                ],
                [
                    145.281583070755,
                    238.86476457118988
                ],
                [
                    118.66483092308044,
                    177.48980224132538
                ],
                [
                    30.267417430877686,
                    190.4861032962799
                ]
            ],
            "provenance": "visii",
            "quaternion_xyzw": [
                -0.00743556022644043,
                0.3940468430519104,
                0.893833339214325,
                -0.21385519206523895
            ],
            "quaternion_xyzw_world": [
                -0.3605385720729828,
                -0.1392478346824646,
                0.7471498847007751,
                0.5407302379608154
            ],
            "segmentation_id": 3,
            "visibility": 1
        },
        {
            "bounding_box_minx_maxx_miny_maxy": [
                -1,
                -1,
                -1,
                -1
            ],
            "class": "Paul",
            "local_cuboid": null,
            "local_to_world_matrix": [
                [
                    -0.4947166442871094,
                    -0.789492130279541,
                    -0.36325961351394653,
                    0.0
                ],
                [
                    0.49939966201782227,
                    0.08382594585418701,
                    -0.8623068928718567,
                    0.0
                ],
                [
                    0.7112351059913635,
                    -0.608009397983551,
                    0.35280197858810425,
                    0.0
                ],
                [
                    0.534420907497406,
                    -0.3872826397418976,
                    -0.034993238747119904,
                    1.0
                ]
            ],
            "location": [
                0.3872826397418976,
                -0.034993238747119904,
                -0.534420907497406
            ],
            "location_world": [
                0.534420907497406,
                -0.3872826397418976,
                -0.034993238747119904
            ],
            "name": "google_Paul_Frank_Dot_Lunch_Box_3",
            "projected_cuboid": [
                [
                    883.5126757621765,
                    204.91187274456024
                ],
                [
                    823.5939741134644,
                    293.56709122657776
                ],
                [
                    842.7736163139343,
                    407.6892137527466
                ],
                [
                    927.4004697799683,
                    299.8504638671875
                ],
                [
                    601.3282537460327,
                    134.5575451850891
                ],
                [
                    570.4981088638306,
                    213.4038358926773
                ],
                [
                    518.9916491508484,
                    282.65368938446045
                ],
                [
                    553.8610219955444,
                    187.59450316429138
                ],
                [
                    698.4167098999023,
                    244.3874627351761
                ]
            ],
            "provenance": "visii",
            "quaternion_xyzw": [
                0.9169288277626038,
                -0.12189757823944092,
                0.3006574809551239,
                -0.23235219717025757
            ],
            "quaternion_xyzw_world": [
                0.13101081550121307,
                -0.5535658597946167,
                0.6640204787254333,
                -0.48526057600975037
            ],
            "segmentation_id": 4,
            "visibility": 0
        },
        {
            "bounding_box_minx_maxx_miny_maxy": [
                -1,
                -1,
                -1,
                -1
            ],
            "class": "Toys",
            "local_cuboid": null,
            "local_to_world_matrix": [
                [
                    0.1401379108428955,
                    -0.9363270401954651,
                    0.32195186614990234,
                    0.0
                ],
                [
                    -0.9648377299308777,
                    -0.2021646499633789,
                    -0.16798114776611328,
                    0.0
                ],
                [
                    0.22237254679203033,
                    -0.2870907783508301,
                    -0.931734561920166,
                    0.0
                ],
                [
                    1.8013036251068115,
                    0.15116088092327118,
                    0.3764340877532959,
                    1.0
                ]
            ],
            "location": [
                -0.15116088092327118,
                0.3764340877532959,
                -1.8013036251068115
            ],
            "location_world": [
                1.8013036251068115,
                0.15116088092327118,
                0.3764340877532959
            ],
            "name": "google_Toys_R_Us_Treat_Dispenser_Smart_Puzzle_Foobler_4",
            "projected_cuboid": [
                [
                    234.20450091362,
                    164.7333800792694
                ],
                [
                    243.4784322977066,
                    166.39375686645508
                ],
                [
                    228.0498892068863,
                    115.09537696838379
                ],
                [
                    219.8227196931839,
                    117.44306981563568
                ],
                [
                    187.97588348388672,
                    179.59320545196533
                ],
                [
                    193.44277679920197,
                    182.5348436832428
                ],
                [
                    176.8244206905365,
                    130.9092938899994
                ],
                [
                    172.58086800575256,
                    132.02497363090515
                ],
                [
                    207.1262001991272,
                    148.77139031887054
                ]
            ],
            "provenance": "visii",
            "quaternion_xyzw": [
                0.762673020362854,
                0.17180246114730835,
                0.04817032814025879,
                0.6216858625411987
            ],
            "quaternion_xyzw_world": [
                0.7539955377578735,
                -0.630363404750824,
                0.1804799884557724,
                0.03949281573295593
            ],
            "segmentation_id": 5,
            "visibility": 0
        },
        {
            "bounding_box_minx_maxx_miny_maxy": [
                -1,
                -1,
                -1,
                -1
            ],
            "class": "Tag",
            "local_cuboid": null,
            "local_to_world_matrix": [
                [
                    -0.44296085834503174,
                    -0.8291046023368835,
                    -0.34113237261772156,
                    0.0
                ],
                [
                    -0.8896597027778625,
                    0.45355021953582764,
                    0.05289408564567566,
                    0.0
                ],
                [
                    0.11086592823266983,
                    0.3269217312335968,
                    -0.938525915145874,
                    0.0
                ],
                [
                    0.9898861050605774,
                    0.5460400581359863,
                    0.5617327094078064,
                    1.0
                ]
            ],
            "location": [
                -0.5460400581359863,
                0.5617327094078064,
                -0.9898861050605774
            ],
            "location_world": [
                0.9898861050605774,
                0.5460400581359863,
                0.5617327094078064
            ],
            "name": "google_Tag_Dishtowel_Basket_Weave_Red_18_x_26_5",
            "projected_cuboid": [
                [
                    2.8327107429504395,
                    -31.24871850013733
                ],
                [
                    -132.09226727485657,
                    -108.36568474769592
                ],
                [
                    -125.72824954986572,
                    -133.26182961463928
                ],
                [
                    8.441105484962463,
                    -50.975024700164795
                ],
                [
                    -55.87854981422424,
                    -43.460339307785034
                ],
                [
                    -192.9371953010559,
                    -117.02874302864075
                ],
                [
                    -187.34771013259888,
                    -139.92631435394287
                ],
                [
                    -50.84502696990967,
                    -61.911433935165405
                ],
                [
                    -85.75648069381714,
                    -81.87255263328552
                ]
            ],
            "provenance": "visii",
            "quaternion_xyzw": [
                -0.6868544816970825,
                0.289247065782547,
                -0.04223570227622986,
                -0.6654195785522461
            ],
            "quaternion_xyzw_world": [
                -0.5103956460952759,
                0.8418784141540527,
                0.11278820782899857,
                0.13422314822673798
            ],
            "segmentation_id": 6,
            "visibility": 0
        },
        {
            "bounding_box_minx_maxx_miny_maxy": [
                -1,
                -1,
                -1,
                -1
            ],
            "class": "FRACTION",
            "local_cuboid": null,
            "local_to_world_matrix": [
                [
                    -0.44748103618621826,
                    -0.891432523727417,
                    -0.07147631049156189,
                    0.0
                ],
                [
                    0.3459261655807495,
                    -0.09883534908294678,
                    -0.9330416917800903,
                    0.0
                ],
                [
                    0.8246792554855347,
                    -0.44224393367767334,
                    0.352596640586853,
                    0.0
                ],
                [
                    0.3918048143386841,
                    -0.39303478598594666,
                    -0.3496759235858917,
                    1.0
                ]
            ],
            "location": [
                0.39303478598594666,
                -0.3496759235858917,
                -0.3918048143386841
            ],
            "location_world": [
                0.3918048143386841,
                -0.39303478598594666,
                -0.3496759235858917
            ],
            "name": "google_FRACTION_FUN_n4h4qte23QR_6",
            "projected_cuboid": [
                [
                    1065.5884742736816,
                    677.6957511901855
                ],
                [
                    965.7398462295532,
                    864.0313148498535
                ],
                [
                    1002.4824142456055,
                    945.7565546035767
                ],
                [
                    1121.1168766021729,
                    755.1027536392212
                ],
                [
                    701.4372944831848,
                    583.1177234649658
                ],
                [
                    664.916455745697,
                    752.6097297668457
                ],
                [
                    672.0224022865295,
                    811.8430972099304
                ],
                [
                    713.0217552185059,
                    636.7149949073792
                ],
                [
                    842.9489135742188,
                    753.5827159881592
                ]
            ],
            "provenance": "visii",
            "quaternion_xyzw": [
                0.9551378488540649,
                0.007160991430282593,
                0.2328786551952362,
                -0.1828329861164093
            ],
            "quaternion_xyzw_world": [
                0.2732936143875122,
                -0.4990112781524658,
                0.6890052556991577,
                -0.4489656090736389
            ],
            "segmentation_id": 7,
            "visibility": 0
        },
        {
            "bounding_box_minx_maxx_miny_maxy": [
                -1,
                -1,
                -1,
                -1
            ],
            "class": "FAIRY",
            "local_cuboid": null,
            "local_to_world_matrix": [
                [
                    -0.9244979619979858,
                    0.37511274218559265,
                    0.06777805835008621,
                    0.0
                ],
                [
                    -0.35890457034111023,
                    -0.7966846227645874,
                    -0.48629310727119446,
                    0.0
                ],
                [
                    -0.1284169852733612,
                    -0.4739028513431549,
                    0.8711630702018738,
                    0.0
                ],
                [
                    1.2750109434127808,
                    -0.08606977760791779,
                    0.557177722454071,
                    1.0
                ]
            ],
            "location": [
                0.08606977760791779,
                0.557177722454071,
                -1.2750109434127808
            ],
            "location_world": [
                1.2750109434127808,
                -0.08606977760791779,
                0.557177722454071
            ],
            "name": "google_FAIRY_TALE_BLOCKS_7",
            "projected_cuboid": [
                [
                    270.2217102050781,
                    -172.1222996711731
                ],
                [
                    389.6024227142334,
                    -137.39103078842163
                ],
                [
                    328.63542437553406,
                    -21.94887399673462
                ],
                [
                    216.8906331062317,
                    -64.95088338851929
                ],
                [
                    306.7668676376343,
                    -96.26126289367676
                ],
                [
                    407.9699218273163,
                    -62.09135055541992
                ],
                [
                    357.0191264152527,
                    32.03366696834564
                ],
                [
                    261.20880246162415,
                    -7.688015699386597
                ],
                [
                    316.4191544055939,
                    -63.46139311790466
                ]
            ],
            "provenance": "visii",
            "quaternion_xyzw": [
                0.4956721067428589,
                0.4360053241252899,
                0.7053053975105286,
                -0.25836560130119324
            ],
            "quaternion_xyzw_world": [
                -0.015996776521205902,
                -0.25330328941345215,
                0.9476742148399353,
                0.19363650679588318
            ],
            "segmentation_id": 8,
            "visibility": 0
        },
        {
            "bounding_box_minx_maxx_miny_maxy": [
                -1,
                -1,
                -1,
                -1
            ],
            "class": "Great",
            "local_cuboid": null,
            "local_to_world_matrix": [
                [
                    0.8944627046585083,
                    -0.4123404622077942,
                    0.17295029759407043,
                    0.0
                ],
                [
                    -0.3934870958328247,
                    -0.9095789194107056,
                    -0.13354496657848358,
                    0.0
                ],
                [
                    0.21237793564796448,
                    0.05139729008078575,
                    -0.9758350849151611,
                    0.0
                ],
                [
                    0.5311130285263062,
                    0.27623888850212097,
                    0.4009135067462921,
                    1.0
                ]
            ],
            "location": [
                -0.27623888850212097,
                0.4009135067462921,
                -0.5311130285263062
            ],
            "location_world": [
                0.5311130285263062,
                0.27623888850212097,
                0.4009135067462921
            ],
            "name": "google_Great_Jones_Wingtip_kAqSg6EgG0I_8",
            "projected_cuboid": [
                [
                    -113.28798532485962,
                    -40.182262659072876
                ],
                [
                    119.7555661201477,
                    -59.45652723312378
                ],
                [
                    120.49123644828796,
                    -202.80247926712036
                ],
                [
                    -121.45799398422241,
                    -155.40048480033875
                ],
                [
                    -225.8865237236023,
                    -70.63132524490356
                ],
                [
                    28.240755200386047,
                    -102.64122486114502
                ],
                [
                    23.887068033218384,
                    -282.4331521987915
                ],
                [
                    -240.56577682495117,
                    -208.32768082618713
                ],
                [
                    -60.25886535644531,
                    -133.8316798210144
                ]
            ],
            "provenance": "visii",
            "quaternion_xyzw": [
                0.6629976630210876,
                0.40819495916366577,
                -0.3566604256629944,
                0.5163374543190002
            ],
            "quaternion_xyzw_world": [
                0.972095251083374,
                -0.20723986625671387,
                0.099097341299057,
                -0.047562792897224426
            ],
            "segmentation_id": 9,
            "visibility": 0
        },
        {
            "bounding_box_minx_maxx_miny_maxy": [
                0,
                153,
                279,
                411
            ],
            "class": "Ecoforms",
            "local_cuboid": null,
            "local_to_world_matrix": [
                [
                    -0.425978422164917,
                    -0.509986937046051,
                    0.7472989559173584,
                    0.0
                ],
                [
                    0.06614141166210175,
                    -0.841331958770752,
                    -0.5364567041397095,
                    0.0
                ],
                [
                    0.9023123979568481,
                    -0.17909157276153564,
                    0.3921205401420593,
                    0.0
                ],
                [
                    0.6772161722183228,
                    0.23771290481090546,
                    -0.11397521942853928,
                    1.0
                ]
            ],
            "location": [
                -0.23771290481090546,
                -0.11397521942853928,
                -0.6772161722183228
            ],
            "location_world": [
                0.6772161722183228,
                0.23771290481090546,
                -0.11397521942853928
            ],
            "name": "google_Ecoforms_Plant_Container_Quadra_Sand_QP6_9",
            "projected_cuboid": [
                [
                    65.63185155391693,
                    192.8044557571411
                ],
                [
                    189.98447060585022,
                    271.14030718803406
                ],
                [
                    147.4599838256836,
                    338.17049860954285
                ],
                [
                    -7.736712694168091,
                    242.2759234905243
                ],
                [
                    15.09365439414978,
                    297.598272562027
                ],
                [
                    128.66255640983582,
                    367.179811000824
                ],
                [
                    78.02195847034454,
                    446.87286019325256
                ],
                [
                    -60.714542865753174,
                    363.8285994529724
                ],
                [
                    71.58678770065308,
                    314.9142265319824
                ]
            ],
            "provenance": "visii",
            "quaternion_xyzw": [
                0.8585970997810364,
                0.4625658690929413,
                0.17617985606193542,
                -0.13343334197998047
            ],
            "quaternion_xyzw_world": [
                0.5057749152183533,
                -0.21938887238502502,
                0.8153880834579468,
                -0.17664237320423126
            ],
            "segmentation_id": 10,
            "visibility": 1
        },
        {
            "bounding_box_minx_maxx_miny_maxy": [
                -1,
                -1,
                -1,
                -1
            ],
            "class": "ReadytoUse",
            "local_cuboid": null,
            "local_to_world_matrix": [
                [
                    -0.5659298896789551,
                    0.6321504712104797,
                    0.5292533040046692,
                    0.0
                ],
                [
                    -0.7305368781089783,
                    -0.6820513010025024,
                    0.0334932804107666,
                    0.0
                ],
                [
                    0.3821507692337036,
                    -0.3676842153072357,
                    0.8478025197982788,
                    0.0
                ],
                [
                    0.20685020089149475,
                    0.1104247197508812,
                    -0.3375035524368286,
                    1.0
                ]
            ],
            "location": [
                -0.1104247197508812,
                -0.3375035524368286,
                -0.20685020089149475
            ],
            "location_world": [
                0.20685020089149475,
                0.1104247197508812,
                -0.3375035524368286
            ],
            "name": "google_ReadytoUse_Rolled_Fondant_Pure_White_24_oz_box_10",
            "projected_cuboid": [
                [
                    5.010679364204407,
                    636.4688873291016
                ],
                [
                    57.18715488910675,
                    695.245623588562
                ],
                [
                    -265.2629613876343,
                    1439.0228986740112
                ],
                [
                    -274.3491530418396,
                    1220.2469110488892
                ],
                [
                    200.4772424697876,
                    674.3153929710388
                ],
                [
                    264.5375728607178,
                    723.7520813941956
                ],
                [
                    101.24863684177399,
                    1246.5646266937256
                ],
                [
                    43.8624769449234,
                    1112.5037670135498
                ],
                [
                    49.96369779109955,
                    921.4463829994202
                ]
            ],
            "provenance": "visii",
            "quaternion_xyzw": [
                0.42323368787765503,
                0.715505838394165,
                0.5514767169952393,
                -0.06926766037940979
            ],
            "quaternion_xyzw_world": [
                0.2589975595474243,
                -0.09496845304965973,
                0.8797419667243958,
                0.38724061846733093
            ],
            "segmentation_id": 11,
            "visibility": 0
        },
        {
            "bounding_box_minx_maxx_miny_maxy": [
                6,
                499,
                1,
                363
            ],
            "class": "Dog",
            "local_cuboid": null,
            "local_to_world_matrix": [
                [
                    0.8941794633865356,
                    0.3137955665588379,
                    -0.3193359375,
                    0.0
                ],
                [
                    0.006646484136581421,
                    0.703884482383728,
                    0.7102833986282349,
                    0.0
                ],
                [
                    0.44765937328338623,
                    -0.6372432708740234,
                    0.6273134350776672,
                    0.0
                ],
                [
                    0.2152966409921646,
                    0.05094483867287636,
                    0.02156728319823742,
                    1.0
                ]
            ],
            "location": [
                -0.05094483867287636,
                0.02156728319823742,
                -0.2152966409921646
            ],
            "location_world": [
                0.2152966409921646,
                0.05094483867287636,
                0.02156728319823742
            ],
            "name": "google_Dog_11",
            "projected_cuboid": [
                [
                    403.1872749328613,
                    186.56063079833984
                ],
                [
                    210.33896505832672,
                    -7.384598255157471
                ],
                [
                    -38.79112005233765,
                    155.7011604309082
                ],
                [
                    206.75472915172577,
                    404.2399227619171
                ],
                [
                    777.3740291595459,
                    -99.4514524936676
                ],
                [
                    385.74737310409546,
                    -489.2807602882385
                ],
                [
                    -178.41196060180664,
                    -406.23342990875244
                ],
                [
                    515.7994031906128,
                    291.8402850627899
                ],
                [
                    276.2739062309265,
                    57.204365730285645
                ]
            ],
            "provenance": "visii",
            "quaternion_xyzw": [
                -0.3254152834415436,
                0.7860881686210632,
                0.19739101827144623,
                0.48703914880752563
            ],
            "quaternion_xyzw_world": [
                0.37516048550605774,
                0.21353664994239807,
                0.08551236987113953,
                0.8979668021202087
            ],
            "segmentation_id": 12,
            "visibility": 1
        },
        {
            "bounding_box_minx_maxx_miny_maxy": [
                -1,
                -1,
                -1,
                -1
            ],
            "class": "Black",
            "local_cuboid": null,
            "local_to_world_matrix": [
                [
                    -0.3588026762008667,
                    -0.16990584135055542,
                    0.9178195595741272,
                    0.0
                ],
                [
                    0.7435833811759949,
                    -0.6464003324508667,
                    0.17102763056755066,
                    0.0
                ],
                [
                    0.5642202496528625,
                    0.7438404560089111,
                    0.35826927423477173,
                    0.0
                ],
                [
                    1.224969744682312,
                    -0.41841453313827515,
                    0.21011000871658325,
                    1.0
                ]
            ],
            "location": [
                0.41841453313827515,
                0.21011000871658325,
                -1.224969744682312
            ],
            "location_world": [
                1.224969744682312,
                -0.41841453313827515,
                0.21011000871658325
            ],
            "name": "google_Black_Elderberry_Syrup_54_oz_Gaia_Herbs_12",
            "projected_cuboid": [
                [
                    390.25789499282837,
                    115.88037014007568
                ],
                [
                    403.06729078292847,
                    115.72371423244476
                ],
                [
                    465.8764600753784,
                    132.2057694196701
                ],
                [
                    454.50150966644287,
                    132.98030197620392
                ],
                [
                    383.5143446922302,
                    142.43939518928528
                ],
                [
                    396.3489234447479,
                    141.41368865966797
                ],
                [
                    457.69643783569336,
                    159.29996967315674
                ],
                [
                    446.21747732162476,
                    161.04260087013245
                ],
                [
                    423.74497652053833,
                    137.44068145751953
                ]
            ],
            "provenance": "visii",
            "quaternion_xyzw": [
                0.625119686126709,
                0.625568151473999,
                -0.1539856493473053,
                -0.4406566917896271
            ],
            "quaternion_xyzw_world": [
                0.4820083975791931,
                0.2975454032421112,
                0.7686794400215149,
                -0.29709693789482117
            ],
            "segmentation_id": 13,
            "visibility": 0
        },
        {
            "bounding_box_minx_maxx_miny_maxy": [
                -1,
                -1,
                -1,
                -1
            ],
