{
    "camera_data": {
        "camera_look_at": {
            "at": [
                1.0,
                0.0,
                0.0
            ],
            "eye": [
                0.0,
                0.0,
                0.0
            ],
            "up": [
                0.0,
                0.0,
                1.0
            ]
        },
        "camera_view_matrix": [
            [
                0.0,
                0.0,
                -1.0,
                0.0
            ],
            [
                -1.0,
                0.0,
                0.0,
                0.0
            ],
            [
                0.0,
                1.0,
                0.0,
                0.0
            ],
            [
                0.0,
                0.0,
                0.0,
                1.0
            ]
        ],
        "height": 500,
        "intrinsics": {
            "cx": 250.0,
            "cy": 250.0,
            "fx": 603.5535278320312,
            "fy": 603.5535278320312
        },
        "location_world": [
            0.0,
            0.0,
            0.0
        ],
        "quaternion_world_xyzw": [
            0.5,
            -0.5,
            -0.5,
            0.5
        ],
        "width": 500
    },
    "objects": [
        {
            "bounding_box_minx_maxx_miny_maxy": [
                -1,
                -1,
                -1,
                -1
            ],
            "class": "Reebok",
            "local_cuboid": null,
            "local_to_world_matrix": [
                [
                    -0.6883236169815063,
                    0.04089352488517761,
                    0.7242507934570312,
                    0.0
                ],
                [
                    -0.42777323722839355,
                    -0.8292185068130493,
                    -0.3597326874732971,
                    0.0
                ],
                [
                    0.5858510732650757,
                    -0.5574273467063904,
                    0.5882630348205566,
                    0.0
                ],
                [
                    0.236427903175354,
                    -0.3511515259742737,
                    -0.03609380125999451,
                    1.0
                ]
            ],
            "location": [
                0.3511515259742737,
                -0.03609380125999451,
                -0.236427903175354
            ],
            "location_world": [
                0.236427903175354,
                -0.3511515259742737,
                -0.03609380125999451
            ],
            "name": "google_Reebok_SOMERSET_RUN_0",
            "projected_cuboid": [
                [
                    787.2980833053589,
                    18.847092986106873
                ],
                [
                    1840.296745300293,
                    189.32479619979858
                ],
                [
                    2352.372646331787,
                    464.1871750354767
                ],
                [
                    777.6312232017517,
                    116.86459183692932
                ],
                [
                    691.312313079834,
                    184.6567690372467
                ],
                [
                    1410.0230932235718,
                    381.9054365158081
                ],
                [
                    1597.3854064941406,
                    617.9487705230713
                ],
                [
                    664.5431518554688,
                    293.51750016212463
                ],
                [
                    1105.8223247528076,
                    254.4122338294983
                ]
            ],
            "provenance": "visii",
            "quaternion_xyzw": [
                0.6900526285171509,
                0.5628081560134888,
                0.45132455229759216,
                -0.05814412236213684
            ],
            "quaternion_xyzw_world": [
                0.3716960549354553,
                -0.26021242141723633,
                0.8811647295951843,
                0.1329679787158966
            ],
            "segmentation_id": 1,
            "visibility": 0
        },
        {
            "bounding_box_minx_maxx_miny_maxy": [
                -1,
                -1,
                -1,
                -1
            ],
            "class": "Breyer",
            "local_cuboid": null,
            "local_to_world_matrix": [
                [
                    0.2162361741065979,
                    -0.6090022325515747,
                    0.7631239891052246,
                    0.0
                ],
                [
                    -0.009829998016357422,
                    0.7802186012268066,
                    0.6254297494888306,
                    0.0
                ],
                [
                    -0.9762916564941406,
                    -0.1427420824766159,
                    0.16272497177124023,
                    0.0
                ],
                [
                    1.3450794219970703,
                    0.42919832468032837,
                    0.6556479334831238,
                    1.0
                ]
            ],
            "location": [
                -0.42919832468032837,
                0.6556479334831238,
                -1.3450794219970703
            ],
            "location_world": [
                1.3450794219970703,
                0.42919832468032837,
                0.6556479334831238
            ],
            "name": "google_Breyer_Horse_Of_The_Year_2015_1",
            "projected_cuboid": [
                [
                    92.61372685432434,
                    -123.61621856689453
                ],
                [
                    70.28214633464813,
                    -141.63243770599365
                ],
                [
                    80.2668035030365,
                    -87.90349960327148
                ],
                [
                    100.15769302845001,
                    -71.87521457672119
                ],
                [
                    13.351887464523315,
                    -48.65726828575134
                ],
                [
                    -9.971648454666138,
                    -67.40641593933105
                ],
                [
                    9.482771158218384,
                    -20.051956176757812
                ],
                [
                    30.15682101249695,
                    -3.4463107585906982
                ],
                [
                    49.42891001701355,
                    -69.81676816940308
                ]
            ],
            "provenance": "visii",
            "quaternion_xyzw": [
                -0.042664021253585815,
                0.10016979277133942,
                0.430656373500824,
                0.8959246277809143
            ],
            "quaternion_xyzw_world": [
                0.2613869905471802,
                -0.5918735861778259,
                -0.20388123393058777,
                0.7347074151039124
            ],
            "segmentation_id": 2,
            "visibility": 0
        },
        {
            "bounding_box_minx_maxx_miny_maxy": [
                101,
                168,
                122,
                200
            ],
            "class": "Smith",
            "local_cuboid": null,
            "local_to_world_matrix": [
                [
                    -0.4714791774749756,
                    -0.5802486538887024,
                    0.6640930771827698,
                    0.0
                ],
                [
                    0.8226260542869568,
                    -0.5607457160949707,
                    0.09408177435398102,
                    0.0
                ],
                [
                    0.3177962303161621,
                    0.5906577110290527,
                    0.741706907749176,
                    0.0
                ],
                [
                    1.603939175605774,
                    0.34455573558807373,
                    0.048370782285928726,
                    1.0
                ]
            ],
            "location": [
                -0.34455573558807373,
                0.048370782285928726,
                -1.603939175605774
            ],
            "location_world": [
                1.603939175605774,
                0.34455573558807373,
                0.048370782285928726
            ],
            "name": "google_Smith_Hawken_Woven_BasketTray_Organizer_with_3_Compartments_95_x_9_x_13_2",
            "projected_cuboid": [
                [
                    59.653133153915405,
                    106.77056014537811
                ],
                [
                    134.24718379974365,
                    115.96867442131042
                ],
                [
                    187.17911839485168,
                    183.03266167640686
                ],
                [
                    116.01433157920837,
                    183.34171175956726
                ],
                [
                    3.2835304737091064,
                    208.1286758184433
                ],
                [
                    77.47934758663177,
                    205.0672173500061
                ],
                [
                    122.68741428852081,
                    270.0138986110687
                ],
                [
                    50.539180636405945,
                    281.9385528564453
                ],
                [
                    94.01032328605652,
                    195.74730098247528
                ]
            ],
            "provenance": "visii",
            "quaternion_xyzw": [
                0.6715584993362427,
                0.45596861839294434,
                -0.044366493821144104,
                -0.582351803779602
            ],
            "quaternion_xyzw_world": [
                0.2947709262371063,
                0.2055642008781433,
                0.8327562212944031,
                -0.42115408182144165
            ],
            "segmentation_id": 3,
            "visibility": 1
        },
        {
            "bounding_box_minx_maxx_miny_maxy": [
                -1,
                -1,
                -1,
                -1
            ],
            "class": "Paul",
            "local_cuboid": null,
            "local_to_world_matrix": [
                [
                    -0.13062572479248047,
                    0.9835141897201538,
                    0.1250477433204651,
                    0.0
                ],
                [
                    0.5884134769439697,
                    0.1784195899963379,
                    -0.7886292934417725,
                    0.0
                ],
                [
                    -0.7979390025138855,
                    -0.029435455799102783,
                    -0.602019190788269,
                    0.0
                ],
                [
                    0.49439737200737,
                    -0.3554137349128723,
                    0.01931959204375744,
                    1.0
                ]
            ],
            "location": [
                0.3554137349128723,
                0.01931959204375744,
                -0.49439737200737
            ],
            "location_world": [
                0.49439737200737,
                -0.3554137349128723,
                0.01931959204375744
            ],
            "name": "google_Paul_Frank_Dot_Lunch_Box_3",
            "projected_cuboid": [
                [
                    810.8416795730591,
                    392.0650780200958
                ],
                [
                    664.9491190910339,
                    522.8563547134399
                ],
                [
                    505.8906078338623,
                    257.93057680130005
                ],
                [
                    568.463921546936,
                    143.7348872423172
                ],
                [
                    1275.982141494751,
                    442.94261932373047
                ],
                [
                    1061.6405010223389,
                    552.14923620224
                ],
                [
                    777.4785161018372,
                    294.0194606781006
                ],
                [
                    871.5075254440308,
                    192.78913736343384
                ],
                [
                    788.2842421531677,
                    325.7747292518616
                ]
            ],
            "provenance": "visii",
            "quaternion_xyzw": [
                -0.04235619306564331,
                0.3150182068347931,
                -0.9447331428527832,
                -0.0803050547838211
            ],
            "quaternion_xyzw_world": [
                0.5685450434684753,
                0.6912062764167786,
                -0.2958829998970032,
                -0.33383187651634216
            ],
            "segmentation_id": 4,
            "visibility": 0
        },
        {
            "bounding_box_minx_maxx_miny_maxy": [
                -1,
                -1,
                -1,
                -1
            ],
            "class": "Toys",
            "local_cuboid": null,
            "local_to_world_matrix": [
                [
                    0.7909565567970276,
                    -0.4306458830833435,
                    0.43466290831565857,
                    0.0
                ],
                [
                    -0.31232887506484985,
                    0.32670313119888306,
                    0.8920291066169739,
                    0.0
                ],
                [
                    -0.5261543393135071,
                    -0.8413140177726746,
                    0.12390482425689697,
                    0.0
                ],
                [
                    1.9613896608352661,
                    0.22664380073547363,
                    0.11122043430805206,
                    1.0
                ]
            ],
            "location": [
                -0.22664380073547363,
                0.11122043430805206,
                -1.9613896608352661
            ],
            "location_world": [
                1.9613896608352661,
                0.22664380073547363,
                0.11122043430805206
            ],
            "name": "google_Toys_R_Us_Treat_Dispenser_Smart_Puzzle_Foobler_4",
            "projected_cuboid": [
                [
                    237.98592388629913,
                    220.76992690563202
                ],
                [
                    221.8608558177948,
                    176.83163285255432
                ],
                [
                    184.00801718235016,
                    185.5299174785614
                ],
                [
                    200.38597285747528,
                    227.53046452999115
                ],
                [
                    215.37382900714874,
                    240.84757268428802
                ],
                [
                    197.54424691200256,
                    194.4519281387329
                ],
                [
                    158.26885402202606,
                    202.95926928520203
                ],
                [
                    176.33140087127686,
                    247.19560146331787
                ],
                [
                    199.05796647071838,
                    212.07253634929657
                ]
            ],
            "provenance": "visii",
            "quaternion_xyzw": [
                0.05581784248352051,
                0.48353615403175354,
                0.22554346919059753,
                0.8439237475395203
            ],
            "quaternion_xyzw_world": [
                0.5788671374320984,
                -0.32087448239326477,
                -0.03951314464211464,
                0.7485927939414978
            ],
            "segmentation_id": 5,
            "visibility": 0
        },
        {
            "bounding_box_minx_maxx_miny_maxy": [
                -1,
                -1,
                -1,
                -1
            ],
            "class": "Tag",
            "local_cuboid": null,
            "local_to_world_matrix": [
                [
                    0.2987483739852905,
                    -0.932956874370575,
                    -0.20085038244724274,
                    0.0
                ],
                [
                    0.7904793620109558,
                    0.35982924699783325,
                    -0.49564632773399353,
                    0.0
                ],
                [
                    0.5346885323524475,
                    -0.010694533586502075,
                    0.8449815511703491,
                    0.0
                ],
                [
                    0.9027608633041382,
                    0.5077113509178162,
                    0.5318699479103088,
                    1.0
                ]
            ],
            "location": [
                -0.5077113509178162,
                0.5318699479103088,
                -0.9027608633041382
            ],
            "location_world": [
                0.9027608633041382,
                0.5077113509178162,
                0.5318699479103088
            ],
            "name": "google_Tag_Dishtowel_Basket_Weave_Red_18_x_26_5",
            "projected_cuboid": [
                [
                    -22.615760564804077,
                    -175.1544177532196
                ],
                [
                    -22.992372512817383,
                    -32.66865015029907
                ],
                [
                    -28.19979190826416,
                    -20.408570766448975
                ],
                [
                    -28.96210551261902,
                    -163.36947679519653
                ],
                [
                    -159.3622863292694,
                    -227.82164812088013
                ],
                [
                    -134.26142930984497,
                    -68.16846132278442
                ],
                [
                    -141.8820023536682,
                    -55.94661831855774
                ],
                [
                    -169.36662793159485,
                    -216.5221869945526
                ],
                [
                    -85.99638938903809,
                    -111.80487275123596
                ]
            ],
            "provenance": "visii",
            "quaternion_xyzw": [
                -0.8607107400894165,
                0.1628536581993103,
                0.08366743475198746,
                0.47503212094306946
            ],
            "quaternion_xyzw_world": [
                -0.1532461792230606,
                0.23243242502212524,
                -0.544610857963562,
                0.7911319732666016
            ],
            "segmentation_id": 6,
            "visibility": 0
        },
        {
            "bounding_box_minx_maxx_miny_maxy": [
                220,
                353,
                431,
                500
            ],
            "class": "FRACTION",
            "local_cuboid": null,
            "local_to_world_matrix": [
                [
                    0.3255593180656433,
                    0.8389554619789124,
                    -0.43607890605926514,
                    0.0
                ],
                [
                    0.33822935819625854,
                    0.3273540735244751,
                    0.882292628288269,
                    0.0
                ],
                [
                    0.8829563856124878,
                    -0.4347332715988159,
                    -0.1771862506866455,
                    0.0
                ],
                [
                    0.7828405499458313,
                    -0.05369754880666733,
                    -0.3523056209087372,
                    1.0
                ]
            ],
            "location": [
                0.05369754880666733,
                -0.3523056209087372,
                -0.7828405499458313
            ],
            "location_world": [
                0.7828405499458313,
                -0.05369754880666733,
                -0.3523056209087372
            ],
            "name": "google_FRACTION_FUN_n4h4qte23QR_6",
            "projected_cuboid": [
                [
                    272.30116724967957,
                    605.3797006607056
                ],
                [
                    228.31286489963531,
                    465.4039144515991
                ],
                [
                    213.6947512626648,
                    469.7265326976776
                ],
                [
                    258.6653530597687,
                    617.0012354850769
                ],
                [
                    390.54176211357117,
                    571.4234113693237
                ],
                [
                    334.3428671360016,
                    424.403578042984
                ],
                [
                    323.87804985046387,
                    427.023708820343
                ],
                [
                    382.1582496166229,
                    582.145094871521
                ],
                [
                    297.57967591285706,
                    517.9650783538818
                ]
            ],
            "provenance": "visii",
            "quaternion_xyzw": [
                -0.20106486976146698,
                0.949237048625946,
                -0.13574469089508057,
                0.20023776590824127
            ],
            "quaternion_xyzw_world": [
                0.542077362537384,
                0.5429044365882874,
                0.206094890832901,
                0.6073975563049316
            ],
            "segmentation_id": 7,
            "visibility": 1
        },
        {
            "bounding_box_minx_maxx_miny_maxy": [
                -1,
                -1,
                -1,
                -1
            ],
            "class": "FAIRY",
            "local_cuboid": null,
            "local_to_world_matrix": [
                [
                    0.39159494638442993,
                    -0.844547688961029,
                    -0.36522969603538513,
                    0.0
                ],
                [
                    -0.8681604266166687,
                    -0.2076030969619751,
                    -0.4507754445075989,
                    0.0
                ],
                [
                    0.30487850308418274,
                    0.4935993552207947,
                    -0.8144991397857666,
                    0.0
                ],
                [
                    1.3821536302566528,
                    0.08231665939092636,
                    0.5670021176338196,
                    1.0
                ]
            ],
            "location": [
                -0.08231665939092636,
                0.5670021176338196,
                -1.3821536302566528
            ],
            "location_world": [
                1.3821536302566528,
                0.08231665939092636,
                0.5670021176338196
            ],
            "name": "google_FAIRY_TALE_BLOCKS_7",
            "projected_cuboid": [
                [
                    207.09052681922913,
                    100.59644281864166
                ],
                [
                    223.95291924476624,
                    127.86072492599487
                ],
                [
                    273.1165885925293,
                    38.199469447135925
                ],
                [
                    248.19499254226685,
                    23.08034896850586
                ],
                [
                    121.12092971801758,
                    55.052340030670166
                ],
                [
                    123.88311326503754,
                    76.22836530208588
                ],
                [
                    171.37467861175537,
                    -23.449063301086426
                ],
                [
                    160.94127297401428,
                    -29.790550470352173
                ],
                [
                    191.7232871055603,
                    47.224149107933044
                ]
            ],
            "provenance": "visii",
            "quaternion_xyzw": [
                0.8062570691108704,
                -0.04887602850794792,
                -0.27447646856307983,
                0.5217503309249878
            ],
            "quaternion_xyzw_world": [
                0.7768039107322693,
                -0.5512034893035889,
                -0.01942291110754013,
                -0.3039295971393585
            ],
            "segmentation_id": 8,
            "visibility": 0
        },
        {
            "bounding_box_minx_maxx_miny_maxy": [
                0,
                228,
                164,
                451
            ],
            "class": "Great",
            "local_cuboid": null,
            "local_to_world_matrix": [
                [
                    0.6196349263191223,
                    0.585124671459198,
                    -0.5231459140777588,
                    0.0
                ],
                [
                    -0.7836840748786926,
                    0.4242844581604004,
                    -0.4536760449409485,
                    0.0
                ],
                [
                    -0.043494388461112976,
                    0.691094696521759,
                    0.721454381942749,
                    0.0
                ],
                [
                    0.33444520831108093,
                    0.07032722979784012,
                    -0.04646385833621025,
                    1.0
                ]
            ],
            "location": [
                -0.07032722979784012,
                -0.04646385833621025,
                -0.33444520831108093
            ],
            "location_world": [
                0.33444520831108093,
                0.07032722979784012,
                -0.04646385833621025
            ],
            "name": "google_Great_Jones_Wingtip_kAqSg6EgG0I_8",
            "projected_cuboid": [
                [
                    106.97275400161743,
                    154.0512889623642
                ],
                [
                    -368.2439923286438,
                    410.4287028312683
                ],
                [
                    -163.52134943008423,
                    607.9843044281006
                ],
                [
                    204.9970179796219,
                    255.8443546295166
                ],
                [
                    177.48510837554932,
                    54.03889715671539
                ],
                [
                    -387.5123858451843,
                    271.16021513938904
                ],
                [
                    -102.86441445350647,
                    549.2016077041626
                ],
                [
                    290.68419337272644,
                    173.61965775489807
                ],
                [
                    50.80084502696991,
                    259.83017683029175
                ]
            ],
            "provenance": "visii",
            "quaternion_xyzw": [
                -0.45416325330734253,
                0.5215252041816711,
                0.7215079665184021,
                -0.034255146980285645
            ],
            "quaternion_xyzw_world": [
                -0.34420058131217957,
                0.1442178189754486,
                0.41156256198883057,
                0.8314706683158875
            ],
            "segmentation_id": 9,
            "visibility": 1
        },
        {
            "bounding_box_minx_maxx_miny_maxy": [
                0,
                118,
                63,
                210
            ],
            "class": "Ecoforms",
            "local_cuboid": null,
            "local_to_world_matrix": [
                [
                    0.8196237683296204,
                    -0.1740073710680008,
                    -0.5458373427391052,
                    0.0
                ],
                [
                    -0.13921166956424713,
                    0.8637101650238037,
                    -0.48438093066215515,
                    0.0
                ],
                [
                    0.5557311177253723,
                    0.4729970395565033,
                    0.683693528175354,
                    0.0
                ],
                [
                    0.7191867828369141,
                    0.2284509539604187,
                    0.025346243754029274,
                    1.0
                ]
            ],
            "location": [
                -0.2284509539604187,
                0.025346243754029274,
                -0.7191867828369141
            ],
            "location_world": [
                0.7191867828369141,
                0.2284509539604187,
                0.025346243754029274
            ],
            "name": "google_Ecoforms_Plant_Container_Quadra_Sand_QP6_9",
            "projected_cuboid": [
                [
                    110.12661457061768,
                    160.07409989833832
                ],
                [
                    -7.0397257804870605,
                    220.70419788360596
                ],
                [
                    23.6252099275589,
                    305.91896176338196
                ],
                [
                    153.33138406276703,
                    235.49816012382507
                ],
                [
                    54.22297120094299,
                    57.475656270980835
                ],
                [
                    -90.33039212226868,
                    127.45270133018494
                ],
                [
                    -64.46948647499084,
                    219.93306279182434
                ],
                [
                    99.72803294658661,
                    136.19905710220337
                ],
                [
                    38.56553137302399,
                    184.60828065872192
                ]
            ],
            "provenance": "visii",
            "quaternion_xyzw": [
                -0.7439959049224854,
                0.47364094853401184,
                0.434350848197937,
                0.1829586923122406
            ],
            "quaternion_xyzw_world": [
                -0.26087355613708496,
                0.3001636564731598,
                -0.009481395594775677,
                0.9174731969833374
            ],
            "segmentation_id": 10,
            "visibility": 1
        },
        {
            "bounding_box_minx_maxx_miny_maxy": [
                -1,
                -1,
                -1,
                -1
            ],
            "class": "ReadytoUse",
            "local_cuboid": null,
            "local_to_world_matrix": [
                [
                    -0.13690006732940674,
                    0.9621514081954956,
                    0.23563295602798462,
                    0.0
                ],
                [
                    -0.9431177377700806,
                    -0.05384707450866699,
                    -0.3280690014362335,
                    0.0
                ],
                [
                    -0.30296391248703003,
                    -0.26714232563972473,
                    0.914793848991394,
                    0.0
                ],
                [
                    0.17927174270153046,
                    0.0847376361489296,
                    -0.3034985363483429,
                    1.0
                ]
            ],
            "location": [
                -0.0847376361489296,
                -0.3034985363483429,
                -0.17927174270153046
            ],
            "location_world": [
                0.17927174270153046,
                0.0847376361489296,
                -0.3034985363483429
            ],
            "name": "google_ReadytoUse_Rolled_Fondant_Pure_White_24_oz_box_10",
            "projected_cuboid": [
                [
                    -169.05632615089417,
                    785.2396965026855
                ],
                [
                    -353.2752990722656,
                    1142.1802043914795
                ],
                [
                    -328.70346307754517,
                    1463.737964630127
                ],
                [
                    -198.8317370414734,
                    1124.0062713623047
                ],
                [
                    317.0773386955261,
                    837.7652764320374
                ],
                [
                    358.56741666793823,
                    1163.7272834777832
                ],
                [
                    159.50682759284973,
                    1446.0246562957764
                ],
                [
                    171.82138562202454,
                    1137.0313167572021
                ],
                [
                    6.670773029327393,
                    1138.65065574646
                ]
            ],
            "provenance": "visii",
            "quaternion_xyzw": [
                0.12545278668403625,
                0.5768705606460571,
                0.8051682710647583,
                0.05644342303276062
            ],
            "quaternion_xyzw_world": [
                -0.02320079505443573,
                -0.2050970196723938,
                0.7255241274833679,
                0.6565147638320923
            ],
            "segmentation_id": 11,
            "visibility": 0
        },
        {
            "bounding_box_minx_maxx_miny_maxy": [
                205,
                492,
                1,
                140
            ],
            "class": "Dog",
            "local_cuboid": null,
            "local_to_world_matrix": [
                [
                    0.5726718902587891,
                    -0.7678850889205933,
                    -0.2870529890060425,
                    0.0
                ],
                [
                    0.7492878437042236,
                    0.3482288122177124,
                    0.5632978677749634,
                    0.0
                ],
                [
                    -0.3325878977775574,
                    -0.5376701354980469,
                    0.7747877836227417,
                    0.0
                ],
                [
                    0.4997694790363312,
                    -0.022765636444091797,
                    0.0879506841301918,
                    1.0
                ]
            ],
            "location": [
                0.022765636444091797,
                0.0879506841301918,
                -0.4997694790363312
            ],
            "location_world": [
                0.4997694790363312,
                -0.022765636444091797,
                0.0879506841301918
            ],
            "name": "google_Dog_11",
            "projected_cuboid": [
                [
                    603.5690903663635,
                    31.67286515235901
                ],
                [
                    448.82071018218994,
                    -25.78064799308777
                ],
                [
                    326.76440477371216,
                    148.98940920829773
                ],
                [
                    426.7657399177551,
                    247.72094190120697
                ],
                [
                    401.1685252189636,
                    -199.6559500694275
                ],
                [
                    263.90597224235535,
                    -200.95402002334595
                ],
                [
                    134.00393724441528,
                    42.799606919288635
                ],
                [
                    196.79123163223267,
                    136.89757883548737
                ],
                [
                    350.5212068557739,
                    37.669047713279724
                ]
            ],
            "provenance": "visii",
            "quaternion_xyzw": [
                -0.46690452098846436,
                0.3401561975479126,
                0.018741384148597717,
                0.8160531520843506
            ],
            "quaternion_xyzw_world": [
                0.33528169989585876,
                -0.0138669079169631,
                -0.4620300531387329,
                0.820927619934082
            ],
            "segmentation_id": 12,
            "visibility": 1
        },
        {
            "bounding_box_minx_maxx_miny_maxy": [
                -1,
                -1,
                -1,
                -1
            ],
            "class": "Black",
            "local_cuboid": null,
            "local_to_world_matrix": [
                [
                    -0.4138672351837158,
                    -0.860156238079071,
                    -0.2980702519416809,
                    0.0
                ],
                [
                    -0.628176748752594,
                    0.5068258047103882,
                    -0.5903573632240295,
                    0.0
                ],
                [
                    0.6588691473007202,
                    -0.057088613510131836,
                    -0.7500888109207153,
                    0.0
                ],
                [
                    0.9983553886413574,
                    -0.22629764676094055,
                    0.3332792818546295,
                    1.0
                ]
            ],
            "location": [
                0.22629764676094055,
                0.3332792818546295,
                -0.9983553886413574
            ],
            "location_world": [
                0.9983553886413574,
                -0.22629764676094055,
                0.3332792818546295
            ],
            "name": "google_Black_Elderberry_Syrup_54_oz_Gaia_Herbs_12",
            "projected_cuboid": [
                [
                    400.29895305633545,
                    122.04663455486298
                ],
                [
                    388.5499835014343,
                    137.37624883651733
                ],
                [
                    397.06897735595703,
                    58.38911235332489
                ],
                [
                    409.62085127830505,
                    44.518306851387024
                ],
                [
                    370.75892090797424,
                    115.59620499610901
                ],
                [
                    358.2569658756256,
                    130.37224113941193
                ],
                [
                    363.6522889137268,
                    52.59320139884949
                ],
                [
                    377.1213889122009,
                    39.25029933452606
                ],
                [
                    382.9308748245239,
                    89.13029730319977
                ]
            ],
            "provenance": "visii",
            "quaternion_xyzw": [
                -0.8816721439361572,
                0.22823002934455872,
                -0.13354048132896423,
                -0.3908100128173828
            ],
            "quaternion_xyzw_world": [
                -0.45535582304000854,
                0.8171263337135315,
                -0.19808626174926758,
                0.29277583956718445
            ],
            "segmentation_id": 13,
            "visibility": 0
        },
        {
            "bounding_box_minx_maxx_miny_maxy": [
                146,
                211,
                68,
                143
            ],
