{
    "camera_data": {
        "camera_look_at": {
            "at": [
                1.0,
                0.0,
                0.0
            ],
            "eye": [
                0.0,
                0.0,
                0.0
            ],
            "up": [
                0.0,
                0.0,
                1.0
            ]
        },
        "camera_view_matrix": [
            [
                0.0,
                0.0,
                -1.0,
                0.0
            ],
            [
                -1.0,
                0.0,
                0.0,
                0.0
            ],
            [
                0.0,
                1.0,
                0.0,
                0.0
            ],
            [
                0.0,
                0.0,
                0.0,
                1.0
            ]
        ],
        "height": 500,
        "intrinsics": {
            "cx": 250.0,
            "cy": 250.0,
            "fx": 603.5535278320312,
            "fy": 603.5535278320312
        },
        "location_world": [
            0.0,
            0.0,
            0.0
        ],
        "quaternion_world_xyzw": [
            0.5,
            -0.5,
            -0.5,
            0.5
        ],
        "width": 500
    },
    "objects": [
        {
            "bounding_box_minx_maxx_miny_maxy": [
                -1,
                -1,
                -1,
                -1
            ],
            "class": "Reebok",
            "local_cuboid": null,
            "local_to_world_matrix": [
                [
                    -0.38885748386383057,
                    0.8136522769927979,
                    0.4321579337120056,
                    0.0
                ],
                [
                    -0.8648052215576172,
                    -0.48409533500671387,
                    0.1332830786705017,
                    0.0
                ],
                [
                    0.31765156984329224,
                    -0.3219042718410492,
                    0.8918941617012024,
                    0.0
                ],
                [
                    0.29378899931907654,
                    -0.3004729449748993,
                    0.02111973986029625,
                    1.0
                ]
            ],
            "location": [
                0.3004729449748993,
                0.02111973986029625,
                -0.29378899931907654
            ],
            "location_world": [
                0.29378899931907654,
                -0.3004729449748993,
                0.02111973986029625
            ],
            "name": "google_Reebok_SOMERSET_RUN_0",
            "projected_cuboid": [
                [
                    556.4894676208496,
                    70.47951221466064
                ],
                [
                    1451.554298400879,
                    -308.10898542404175
                ],
                [
                    1601.2704372406006,
                    -19.667714834213257
                ],
                [
                    528.2427668571472,
                    210.73170006275177
                ],
                [
                    644.0884470939636,
                    148.3590006828308
                ],
                [
                    1463.4606838226318,
                    -69.5534348487854
                ],
                [
                    1580.7685852050781,
                    198.4787881374359
                ],
                [
                    625.9489059448242,
                    281.18783235549927
                ],
                [
                    866.8198585510254,
                    109.26000773906708
                ]
            ],
            "provenance": "visii",
            "quaternion_xyzw": [
                0.3044324219226837,
                0.7524272799491882,
                0.5836775302886963,
                -0.022245675325393677
            ],
            "quaternion_xyzw_world": [
                0.225468248128891,
                -0.05671852082014084,
                0.831391453742981,
                0.5047133564949036
            ],
            "segmentation_id": 1,
            "visibility": 0
        },
        {
            "bounding_box_minx_maxx_miny_maxy": [
                6,
                25,
                1,
                3
            ],
            "class": "Breyer",
            "local_cuboid": null,
            "local_to_world_matrix": [
                [
                    0.20553773641586304,
                    -0.5563102960586548,
                    0.8051540851593018,
                    0.0
                ],
                [
                    0.964923620223999,
                    -0.022107720375061035,
                    -0.2615983188152313,
                    0.0
                ],
                [
                    0.16332998871803284,
                    0.8306804895401001,
                    0.5322529077529907,
                    0.0
                ],
                [
                    1.364601731300354,
                    0.5582367777824402,
                    0.5337914228439331,
                    1.0
                ]
            ],
            "location": [
                -0.5582367777824402,
                0.5337914228439331,
                -1.364601731300354
            ],
            "location_world": [
                1.364601731300354,
                0.5582367777824402,
                0.5337914228439331
            ],
            "name": "google_Breyer_Horse_Of_The_Year_2015_1",
            "projected_cuboid": [
                [
                    -19.167304039001465,
                    -60.249537229537964
                ],
                [
                    -8.284837007522583,
                    -42.0268177986145
                ],
                [
                    41.1573052406311,
                    -12.572407722473145
                ],
                [
                    32.089173793792725,
                    -29.92910146713257
                ],
                [
                    -86.40289306640625,
                    12.332513928413391
                ],
                [
                    -72.47793674468994,
                    28.28773856163025
                ],
                [
                    -22.495657205581665,
                    60.039058327674866
                ],
                [
                    -34.57576036453247,
                    45.12093961238861
                ],
                [
                    -20.821303129196167,
                    -0.471651554107666
                ]
            ],
            "provenance": "visii",
            "quaternion_xyzw": [
                -0.7037823796272278,
                -0.29386281967163086,
                0.3680890202522278,
                0.531832218170166
            ],
            "quaternion_xyzw_world": [
                -0.4169510006904602,
                -0.24500080943107605,
                -0.5806941986083984,
                0.6549203991889954
            ],
            "segmentation_id": 2,
            "visibility": 1
        },
        {
            "bounding_box_minx_maxx_miny_maxy": [
                47,
                194,
                182,
                285
            ],
            "class": "Smith",
            "local_cuboid": null,
            "local_to_world_matrix": [
                [
                    0.6712650656700134,
                    -0.5674769282341003,
                    0.4768366813659668,
                    0.0
                ],
                [
                    0.7310857176780701,
                    0.4008936285972595,
                    -0.5520851612091064,
                    0.0
                ],
                [
                    0.1221347451210022,
                    0.7192039489746094,
                    0.6839801073074341,
                    0.0
                ],
                [
                    1.7200374603271484,
                    0.2799009382724762,
                    -0.015184340998530388,
                    1.0
                ]
            ],
            "location": [
                -0.2799009382724762,
                -0.015184340998530388,
                -1.7200374603271484
            ],
            "location_world": [
                1.7200374603271484,
                0.2799009382724762,
                -0.015184340998530388
            ],
            "name": "google_Smith_Hawken_Woven_BasketTray_Organizer_with_3_Compartments_95_x_9_x_13_2",
            "projected_cuboid": [
                [
                    141.91916584968567,
                    139.0584111213684
                ],
                [
                    120.58667838573456,
                    193.30090284347534
                ],
                [
                    178.7150353193283,
                    249.70893561840057
                ],
                [
                    206.7168802022934,
                    200.52921772003174
                ],
                [
                    44.453948736190796,
                    189.15270268917084
                ],
                [
                    30.764475464820862,
                    245.5441802740097
                ],
                [
                    95.47100961208344,
                    311.0406696796417
                ],
                [
                    117.56080389022827,
                    261.61837577819824
                ],
                [
                    119.27568912506104,
                    222.89977967739105
                ]
            ],
            "provenance": "visii",
            "quaternion_xyzw": [
                -0.7486148476600647,
                -0.025361180305480957,
                0.464347243309021,
                0.4725613594055176
            ],
            "quaternion_xyzw_world": [
                -0.38288095593452454,
                -0.10682748258113861,
                -0.3910950720310211,
                0.8300811648368835
            ],
            "segmentation_id": 3,
            "visibility": 1
        },
        {
            "bounding_box_minx_maxx_miny_maxy": [
                424,
                499,
                187,
                344
            ],
            "class": "Paul",
            "local_cuboid": null,
            "local_to_world_matrix": [
                [
                    0.8541853427886963,
                    0.28311288356781006,
                    0.4361359775066376,
                    0.0
                ],
                [
                    0.4900135397911072,
                    -0.7188766002655029,
                    -0.49305567145347595,
                    0.0
                ],
                [
                    0.17393741011619568,
                    0.6348733901977539,
                    -0.7527830600738525,
                    0.0
                ],
                [
                    0.5353097915649414,
                    -0.36337652802467346,
                    0.034581564366817474,
                    1.0
                ]
            ],
            "location": [
                0.36337652802467346,
                0.034581564366817474,
                -0.5353097915649414
            ],
            "location_world": [
                0.5353097915649414,
                -0.36337652802467346,
                0.034581564366817474
            ],
            "name": "google_Paul_Frank_Dot_Lunch_Box_3",
            "projected_cuboid": [
                [
                    377.5143027305603,
                    300.8638024330139
                ],
                [
                    433.5721731185913,
                    342.0187830924988
                ],
                [
                    576.3400197029114,
                    191.26181304454803
                ],
                [
                    528.786301612854,
                    134.61308181285858
                ],
                [
                    546.1285710334778,
                    485.6792092323303
                ],
                [
                    609.7308397293091,
                    525.7866382598877
                ],
                [
                    839.7547602653503,
                    316.08185172080994
                ],
                [
                    800.3425002098083,
                    243.94331872463226
                ],
                [
                    564.4617080688477,
                    307.01854825019836
                ]
            ],
            "provenance": "visii",
            "quaternion_xyzw": [
                0.5881922841072083,
                0.4909161925315857,
                -0.6328964233398438,
                0.11168510466814041
            ],
            "quaternion_xyzw_world": [
                0.9118449687957764,
                0.2119676172733307,
                0.167263463139534,
                -0.30924364924430847
            ],
            "segmentation_id": 4,
            "visibility": 1
        },
        {
            "bounding_box_minx_maxx_miny_maxy": [
                0,
                45,
                308,
                350
            ],
            "class": "Toys",
            "local_cuboid": null,
            "local_to_world_matrix": [
                [
                    -0.4152334928512573,
                    0.4300990700721741,
                    0.8016207814216614,
                    0.0
                ],
                [
                    0.7528670430183411,
                    0.6571082472801208,
                    0.037416666746139526,
                    0.0
                ],
                [
                    -0.5106588006019592,
                    0.6190505027770996,
                    -0.5966607332229614,
                    0.0
                ],
                [
                    1.8467763662338257,
                    0.6200681924819946,
                    -0.1773034930229187,
                    1.0
                ]
            ],
            "location": [
                -0.6200681924819946,
                -0.1773034930229187,
                -1.8467763662338257
            ],
            "location_world": [
                1.8467763662338257,
                0.6200681924819946,
                -0.1773034930229187
            ],
            "name": "google_Toys_R_Us_Treat_Dispenser_Smart_Puzzle_Foobler_4",
            "projected_cuboid": [
                [
                    -0.9088516235351562,
                    325.41733980178833
                ],
                [
                    -18.724411725997925,
                    318.60998272895813
                ],
                [
                    23.139283061027527,
                    286.2280011177063
                ],
                [
                    42.9212749004364,
                    290.5958890914917
                ],
                [
                    31.389161944389343,
                    365.59349298477173
                ],
                [
                    12.17585802078247,
                    356.51668906211853
                ],
                [
                    51.40069127082825,
                    323.67509603500366
                ],
                [
                    72.28301465511322,
                    330.2716612815857
                ],
                [
                    27.1158367395401,
                    324.4839608669281
                ]
            ],
            "provenance": "visii",
            "quaternion_xyzw": [
                0.07386726140975952,
                0.4890953302383423,
                -0.6898081302642822,
                -0.5286719799041748
            ],
            "quaternion_xyzw_world": [
                0.3620493710041046,
                0.8168541193008423,
                0.2009132206439972,
                -0.4016260504722595
            ],
            "segmentation_id": 5,
            "visibility": 1
        },
        {
            "bounding_box_minx_maxx_miny_maxy": [
                -1,
                -1,
                -1,
                -1
            ],
            "class": "Tag",
            "local_cuboid": null,
            "local_to_world_matrix": [
                [
                    -0.4772833585739136,
                    0.8186407089233398,
                    -0.31941813230514526,
                    0.0
                ],
                [
                    0.1086636483669281,
                    0.4156843423843384,
                    0.9029943943023682,
                    0.0
                ],
                [
                    0.872005045413971,
                    0.3962750732898712,
                    -0.2873556613922119,
                    0.0
                ],
                [
                    0.8393078446388245,
                    0.5079210996627808,
                    0.5032548308372498,
                    1.0
                ]
            ],
            "location": [
                -0.5079210996627808,
                0.5032548308372498,
                -0.8393078446388245
            ],
            "location_world": [
                0.8393078446388245,
                0.5079210996627808,
                0.5032548308372498
            ],
            "name": "google_Tag_Dishtowel_Basket_Weave_Red_18_x_26_5",
            "projected_cuboid": [
                [
                    -151.3456404209137,
                    -16.71665906906128
                ],
                [
                    -208.72539281845093,
                    -159.56613421440125
                ],
                [
                    -215.63488245010376,
                    -182.35915899276733
                ],
                [
                    -156.25900030136108,
                    -34.720391035079956
                ],
                [
                    -21.124601364135742,
                    -29.15412187576294
                ],
                [
                    -77.01748609542847,
                    -159.06870365142822
                ],
                [
                    -78.81304621696472,
                    -179.7669231891632
                ],
                [
                    -21.014094352722168,
                    -45.90442776679993
                ],
                [
                    -113.46015334129333,
                    -101.8817126750946
                ]
            ],
            "provenance": "visii",
            "quaternion_xyzw": [
                -0.1938878446817398,
                0.947844922542572,
                -0.10445256531238556,
                -0.2304064780473709
            ],
            "quaternion_xyzw_world": [
                0.31400159001350403,
                0.7382959127426147,
                0.4399555027484894,
                0.4034368693828583
            ],
            "segmentation_id": 6,
            "visibility": 0
        },
        {
            "bounding_box_minx_maxx_miny_maxy": [
                425,
                467,
                325,
                374
            ],
            "class": "FRACTION",
            "local_cuboid": null,
            "local_to_world_matrix": [
                [
                    0.567840576171875,
                    0.75534987449646,
                    0.32711416482925415,
                    0.0
                ],
                [
                    0.1119128167629242,
                    -0.4645535945892334,
                    0.8784449696540833,
                    0.0
                ],
                [
                    0.8154953122138977,
                    -0.46220844984054565,
                    -0.3483257293701172,
                    0.0
                ],
                [
                    1.1219189167022705,
                    -0.43721863627433777,
                    -0.19899480044841766,
                    1.0
                ]
            ],
            "location": [
                0.43721863627433777,
                -0.19899480044841766,
                -1.1219189167022705
            ],
            "location_world": [
                1.1219189167022705,
                -0.43721863627433777,
                -0.19899480044841766
            ],
            "name": "google_FRACTION_FUN_n4h4qte23QR_6",
            "projected_cuboid": [
                [
                    425.20254850387573,
                    385.4903280735016
                ],
                [
                    465.70155024528503,
                    300.7960021495819
                ],
                [
                    461.88414096832275,
                    294.54344511032104
                ],
                [
                    420.06996273994446,
                    381.7286193370819
                ],
                [
                    513.8731598854065,
                    429.2951226234436
                ],
                [
                    556.296169757843,
                    336.23871207237244
                ],
                [
                    555.115818977356,
                    330.58059215545654
                ],
                [
                    511.2423896789551,
                    426.6544580459595
                ],
                [
                    486.91004514694214,
                    359.40873622894287
                ]
            ],
            "provenance": "visii",
            "quaternion_xyzw": [
                0.21313169598579407,
                0.9286132454872131,
                -0.1239047646522522,
                0.2773084044456482
            ],
            "quaternion_xyzw_world": [
                0.771479070186615,
                0.28103893995285034,
                0.3702658712863922,
                0.43444257974624634
            ],
            "segmentation_id": 7,
            "visibility": 1
        },
        {
            "bounding_box_minx_maxx_miny_maxy": [
                130,
                225,
                1,
                57
            ],
            "class": "FAIRY",
            "local_cuboid": null,
            "local_to_world_matrix": [
                [
                    -0.46909499168395996,
                    -0.7450958490371704,
                    -0.4741119146347046,
                    0.0
                ],
                [
                    0.14088451862335205,
                    -0.5931031703948975,
                    0.7927042841911316,
                    0.0
                ],
                [
                    -0.8718379735946655,
                    0.3050585389137268,
                    0.3831942081451416,
                    0.0
                ],
                [
                    1.4454325437545776,
                    0.1386275738477707,
                    0.5697271823883057,
                    1.0
                ]
            ],
            "location": [
                -0.1386275738477707,
                0.5697271823883057,
                -1.4454325437545776
            ],
            "location_world": [
                1.4454325437545776,
                0.1386275738477707,
                0.5697271823883057
            ],
            "name": "google_FAIRY_TALE_BLOCKS_7",
            "projected_cuboid": [
                [
                    151.03641152381897,
                    -2.517580986022949
                ],
                [
                    232.42203891277313,
                    -99.42960739135742
                ],
                [
                    264.0770673751831,
                    -14.369726181030273
                ],
                [
                    195.1243132352829,
                    71.0873007774353
                ],
                [
                    73.60424101352692,
                    -34.71633791923523
                ],
                [
                    150.0440537929535,
                    -122.23932147026062
                ],
                [
                    189.81106579303741,
                    -40.75819253921509
                ],
                [
                    124.38707053661346,
                    37.34654188156128
                ],
                [
                    172.92682826519012,
                    -24.106591939926147
                ]
            ],
            "provenance": "visii",
            "quaternion_xyzw": [
                0.14190980792045593,
                0.20962494611740112,
                0.28898003697395325,
                -0.9232602715492249
            ],
            "quaternion_xyzw_world": [
                -0.4303527772426605,
                0.3509976863861084,
                0.7818875312805176,
                -0.2832825481891632
            ],
            "segmentation_id": 8,
            "visibility": 1
        },
        {
            "bounding_box_minx_maxx_miny_maxy": [
                210,
                370,
                237,
                500
            ],
            "class": "Great",
            "local_cuboid": null,
            "local_to_world_matrix": [
                [
                    -0.738329291343689,
                    -0.6351037621498108,
                    -0.22696514427661896,
                    0.0
                ],
                [
                    0.35350000858306885,
                    -0.07782089710235596,
                    -0.9321918487548828,
                    0.0
                ],
                [
                    0.5743759274482727,
                    -0.7684966325759888,
                    0.2819666266441345,
                    0.0
                ],
                [
                    0.48149561882019043,
                    -0.0016634020721539855,
                    -0.14471815526485443,
                    1.0
                ]
            ],
            "location": [
                0.0016634020721539855,
                -0.14471815526485443,
                -0.48149561882019043
            ],
            "location_world": [
                0.48149561882019043,
                -0.0016634020721539855,
                -0.14471815526485443
            ],
            "name": "google_Great_Jones_Wingtip_kAqSg6EgG0I_8",
            "projected_cuboid": [
                [
                    400.3105163574219,
                    222.92441129684448
                ],
                [
                    396.8806564807892,
                    541.2285923957825
                ],
                [
                    309.7888231277466,
                    618.6791062355042
                ],
                [
                    288.8669967651367,
                    268.5742378234863
                ],
                [
                    297.0949113368988,
                    198.49440455436707
                ],
                [
                    311.8075430393219,
                    480.3328514099121
                ],
                [
                    227.47725248336792,
                    539.8857593536377
                ],
                [
                    190.80792367458344,
                    232.70799219608307
                ],
                [
                    303.2125234603882,
                    400.99388360977173
                ]
            ],
            "provenance": "visii",
            "quaternion_xyzw": [
                0.8862380981445312,
                -0.042072296142578125,
                0.4250624179840088,
                -0.17925958335399628
            ],
            "quaternion_xyzw_world": [
                0.11992188543081284,
                -0.587056577205658,
                0.7242438793182373,
                -0.34125375747680664
            ],
            "segmentation_id": 9,
            "visibility": 1
        },
        {
            "bounding_box_minx_maxx_miny_maxy": [
                0,
                79,
                97,
                282
            ],
            "class": "Ecoforms",
            "local_cuboid": null,
            "local_to_world_matrix": [
                [
                    0.48034507036209106,
                    0.25852394104003906,
                    -0.8381133079528809,
                    0.0
                ],
                [
                    -0.46575433015823364,
                    -0.734522819519043,
                    -0.4935067296028137,
                    0.0
                ],
                [
                    -0.7431967258453369,
                    0.6274084448814392,
                    -0.2324157953262329,
                    0.0
                ],
                [
                    0.7302191853523254,
                    0.2485438734292984,
                    0.09913435578346252,
                    1.0
                ]
            ],
            "location": [
                -0.2485438734292984,
                0.09913435578346252,
                -0.7302191853523254
            ],
            "location_world": [
                0.7302191853523254,
                0.2485438734292984,
                0.09913435578346252
            ],
            "name": "google_Ecoforms_Plant_Container_Quadra_Sand_QP6_9",
            "projected_cuboid": [
                [
                    -139.66497778892517,
                    226.38440132141113
                ],
                [
                    -57.56697058677673,
                    316.3282871246338
                ],
                [
                    82.30911195278168,
                    272.66252040863037
                ],
                [
                    -2.3542940616607666,
                    201.16809010505676
                ],
                [
                    -149.4872272014618,
                    63.254475593566895
                ],
                [
                    -54.50081825256348,
                    141.11609756946564
                ],
                [
                    104.75322604179382,
                    125.49200654029846
                ],
                [
                    6.7398399114608765,
                    62.910646200180054
                ],
                [
                    -22.466689348220825,
                    178.0066192150116
                ]
            ],
            "provenance": "visii",
            "quaternion_xyzw": [
                0.3506372570991516,
                -0.07385864853858948,
                -0.7898144721984863,
                0.49778661131858826
            ],
            "quaternion_xyzw_world": [
                0.7821898460388184,
                -0.0662340372800827,
                -0.5054112076759338,
                -0.3582618832588196
            ],
            "segmentation_id": 10,
            "visibility": 1
        },
        {
            "bounding_box_minx_maxx_miny_maxy": [
                -1,
                -1,
                -1,
                -1
            ],
            "class": "ReadytoUse",
            "local_cuboid": null,
            "local_to_world_matrix": [
                [
                    -0.888616681098938,
                    -0.14355036616325378,
                    0.4356074631214142,
                    0.0
                ],
                [
                    -0.3721778690814972,
                    -0.3293571472167969,
                    -0.8677601218223572,
                    0.0
                ],
                [
                    0.2680376470088959,
                    -0.9332295060157776,
                    0.23924583196640015,
                    0.0
                ],
                [
                    0.17630670964717865,
                    0.04243415594100952,
                    -0.30433982610702515,
                    1.0
                ]
            ],
            "location": [
                -0.04243415594100952,
                -0.30433982610702515,
                -0.17630670964717865
            ],
            "location_world": [
                0.17630670964717865,
                0.04243415594100952,
                -0.30433982610702515
            ],
            "name": "google_ReadytoUse_Rolled_Fondant_Pure_White_24_oz_box_10",
            "projected_cuboid": [
                [
                    644.5450782775879,
                    988.2585406303406
                ],
                [
                    751.6541481018066,
                    1235.7141971588135
                ],
                [
                    113.40303719043732,
                    1843.9197540283203
                ],
                [
                    58.17386507987976,
                    1426.9516468048096
                ],
                [
                    457.81901478767395,
                    820.3756213188171
                ],
                [
                    508.69107246398926,
                    955.9744000434875
                ],
                [
                    132.49385356903076,
                    1210.0849151611328
                ],
                [
                    100.72004795074463,
                    1029.533863067627
                ],
                [
                    359.82272028923035,
                    1111.6032600402832
                ]
            ],
            "provenance": "visii",
            "quaternion_xyzw": [
                0.7548755407333374,
                0.25334128737449646,
                0.6033598184585571,
                0.04402446746826172
            ],
            "quaternion_xyzw_world": [
                0.22444073855876923,
                -0.5744592547416687,
                0.783776044845581,
                0.07292501628398895
            ],
            "segmentation_id": 11,
            "visibility": 0
        },
        {
            "bounding_box_minx_maxx_miny_maxy": [
                157,
                347,
                18,
                253
            ],
            "class": "Dog",
            "local_cuboid": null,
            "local_to_world_matrix": [
                [
                    0.3975820541381836,
                    0.4653111398220062,
                    -0.790831446647644,
                    0.0
                ],
                [
                    -0.5698248744010925,
                    0.8007471561431885,
                    0.18467198312282562,
                    0.0
                ],
                [
                    0.7191859483718872,
                    0.3772130012512207,
                    0.5835084915161133,
                    0.0
                ],
                [
                    0.5784252285957336,
                    0.0022487505339086056,
                    0.08346861600875854,
                    1.0
                ]
            ],
            "location": [
                -0.0022487505339086056,
                0.08346861600875854,
                -0.5784252285957336
            ],
            "location_world": [
                0.5784252285957336,
                0.0022487505339086056,
                0.08346861600875854
            ],
            "name": "google_Dog_11",
            "projected_cuboid": [
                [
                    207.05372095108032,
                    184.59390103816986
                ],
                [
                    74.95792210102081,
                    145.90178430080414
                ],
                [
                    110.4028970003128,
                    242.47589707374573
                ],
                [
                    264.86632227897644,
                    274.24097061157227
                ],
                [
                    290.95637798309326,
                    24.492204189300537
                ],
                [
                    153.58993411064148,
                    -47.171980142593384
                ],
                [
                    219.32542324066162,
                    10.312080383300781
                ],
                [
                    378.38655710220337,
                    89.09714221954346
                ],
                [
                    211.5790843963623,
                    120.32504379749298
                ]
            ],
            "provenance": "visii",
            "quaternion_xyzw": [
                -0.5170114040374756,
                0.769605278968811,
                0.3746510148048401,
                0.006616801023483276
            ],
            "quaternion_xyzw_world": [
                -0.057720135897397995,
                0.4526744484901428,
                0.3103140592575073,
                0.8339422345161438
            ],
            "segmentation_id": 12,
            "visibility": 1
        },
        {
            "bounding_box_minx_maxx_miny_maxy": [
                -1,
                -1,
                -1,
                -1
            ],
            "class": "Black",
            "local_cuboid": null,
            "local_to_world_matrix": [
                [
                    0.7123194932937622,
                    -0.08505943417549133,
                    0.6966820955276489,
                    0.0
                ],
                [
                    0.6793690919876099,
                    0.3328095078468323,
                    -0.653984546661377,
                    0.0
                ],
                [
                    -0.17623499035835266,
                    0.9391502141952515,
                    0.2948533892631531,
                    0.0
                ],
                [
                    0.8334673643112183,
                    -0.298033744096756,
                    0.5576968193054199,
                    1.0
                ]
            ],
            "location": [
                0.298033744096756,
                0.5576968193054199,
                -0.8334673643112183
            ],
            "location_world": [
                0.8334673643112183,
                -0.298033744096756,
                0.5576968193054199
            ],
            "name": "google_Black_Elderberry_Syrup_54_oz_Gaia_Herbs_12",
            "projected_cuboid": [
                [
                    379.9455761909485,
                    -227.74747014045715
                ],
                [
                    359.8044216632843,
                    -177.6447892189026
                ],
                [
                    450.71345567703247,
                    -135.57970523834229
                ],
                [
                    474.61405396461487,
                    -182.1201741695404
                ],
                [
                    383.0145597457886,
                    -221.77889943122864
                ],
                [
                    361.7058992385864,
                    -169.4481372833252
                ],
                [
                    456.99697732925415,
                    -125.57995319366455
                ],
                [
                    482.4422001838684,
                    -174.00258779525757
                ],
                [
                    419.05856132507324,
                    -175.88505148887634
                ]
            ],
            "provenance": "visii",
            "quaternion_xyzw": [
                -0.6250618696212769,
                -0.14553456008434296,
                0.6605225801467896,
                0.38965052366256714
            ],
            "quaternion_xyzw_world": [
                -0.5207342505455017,
                -0.285322904586792,
                -0.2498621642589569,
                0.7648501992225647
            ],
            "segmentation_id": 13,
            "visibility": 0
        },
        {
            "bounding_box_minx_maxx_miny_maxy": [
                115,
                164,
                70,
                141
