{
    "camera_data": {
        "camera_look_at": {
            "at": [
                1.0,
                0.0,
                0.0
            ],
            "eye": [
                0.0,
                0.0,
                0.0
            ],
            "up": [
                0.0,
                0.0,
                1.0
            ]
        },
        "camera_view_matrix": [
            [
                0.0,
                0.0,
                -1.0,
                0.0
            ],
            [
                -1.0,
                0.0,
                0.0,
                0.0
            ],
            [
                0.0,
                1.0,
                0.0,
                0.0
            ],
            [
                0.0,
                0.0,
                0.0,
                1.0
            ]
        ],
        "height": 500,
        "intrinsics": {
            "cx": 250.0,
            "cy": 250.0,
            "fx": 603.5535278320312,
            "fy": 603.5535278320312
        },
        "location_world": [
            0.0,
            0.0,
            0.0
        ],
        "quaternion_world_xyzw": [
            0.5,
            -0.5,
            -0.5,
            0.5
        ],
        "width": 500
    },
    "objects": [
        {
            "bounding_box_minx_maxx_miny_maxy": [
                -1,
                -1,
                -1,
                -1
            ],
            "class": "Reebok",
            "local_cuboid": null,
            "local_to_world_matrix": [
                [
                    -0.1724100112915039,
                    -0.981508195400238,
                    -0.08316519856452942,
                    0.0
                ],
                [
                    0.018805086612701416,
                    0.08113443851470947,
                    -0.996525764465332,
                    0.0
                ],
                [
                    0.984845757484436,
                    -0.17337501049041748,
                    0.0044689178466796875,
                    0.0
                ],
                [
                    0.11499591171741486,
                    -0.43478673696517944,
                    -0.030733829364180565,
                    1.0
                ]
            ],
            "location": [
                0.43478673696517944,
                -0.030733829364180565,
                -0.11499591171741486
            ],
            "location_world": [
                0.11499591171741486,
                -0.43478673696517944,
                -0.030733829364180565
            ],
            "name": "google_Reebok_SOMERSET_RUN_0",
            "projected_cuboid": [
                [
                    1703.9213180541992,
                    -58.94225835800171
                ],
                [
                    1603.4470796585083,
                    740.6202554702759
                ],
                [
                    2924.739122390747,
                    1263.2898092269897
                ],
                [
                    3208.3702087402344,
                    -400.76738595962524
                ],
                [
                    1301.116943359375,
                    -57.47541785240173
                ],
                [
                    1217.9014682769775,
                    677.6890754699707
                ],
                [
                    1991.3020133972168,
                    1064.0326738357544
                ],
                [
                    2187.5030994415283,
                    -343.3513045310974
                ],
                [
                    1810.2948665618896,
                    356.724351644516
                ]
            ],
            "provenance": "visii",
            "quaternion_xyzw": [
                -0.9953491687774658,
                0.041266828775405884,
                -0.08685019612312317,
                0.005845695734024048
            ],
            "quaternion_xyzw_world": [
                -0.43069320917129517,
                0.5588102340698242,
                -0.5233891010284424,
                0.4778057336807251
            ],
            "segmentation_id": 1,
            "visibility": 0
        },
        {
            "bounding_box_minx_maxx_miny_maxy": [
                -1,
                -1,
                -1,
                -1
            ],
            "class": "Breyer",
            "local_cuboid": null,
            "local_to_world_matrix": [
                [
                    -0.3855985403060913,
                    0.7699261903762817,
                    0.5084559917449951,
                    0.0
                ],
                [
                    -0.7849870920181274,
                    -0.5633519887924194,
                    0.25774019956588745,
                    0.0
                ],
                [
                    0.48488056659698486,
                    -0.299747109413147,
                    0.8216097354888916,
                    0.0
                ],
                [
                    0.7217934727668762,
                    0.061602480709552765,
                    0.5138829350471497,
                    1.0
                ]
            ],
            "location": [
                -0.061602480709552765,
                0.5138829350471497,
                -0.7217934727668762
            ],
            "location_world": [
                0.7217934727668762,
                0.061602480709552765,
                0.5138829350471497
            ],
            "name": "google_Breyer_Horse_Of_The_Year_2015_1",
            "projected_cuboid": [
                [
                    156.87796473503113,
                    -294.60662603378296
                ],
                [
                    178.16871404647827,
                    -341.1160707473755
                ],
                [
                    127.2459328174591,
                    -291.72229766845703
                ],
                [
                    106.99912905693054,
                    -243.45916509628296
                ],
                [
                    291.78786277770996,
                    -155.30923008918762
                ],
                [
                    318.2635009288788,
                    -188.95074725151062
                ],
                [
                    287.5872254371643,
                    -130.20911812782288
                ],
                [
                    260.3747844696045,
                    -96.77380323410034
                ],
                [
                    220.912367105484,
                    -214.06835317611694
                ]
            ],
            "provenance": "visii",
            "quaternion_xyzw": [
                0.3380880653858185,
                0.792550802230835,
                0.5067803859710693,
                -0.02708074450492859
            ],
            "quaternion_xyzw_world": [
                0.29838886857032776,
                -0.012618469074368477,
                0.8322499990463257,
                0.4670811891555786
            ],
            "segmentation_id": 2,
            "visibility": 0
        },
        {
            "bounding_box_minx_maxx_miny_maxy": [
                0,
                112,
                248,
                375
            ],
            "class": "Smith",
            "local_cuboid": null,
            "local_to_world_matrix": [
                [
                    -0.06980514526367188,
                    0.9964649677276611,
                    0.04674224555492401,
                    0.0
                ],
                [
                    0.8603230714797974,
                    0.08385366201400757,
                    -0.5028048157691956,
                    0.0
                ],
                [
                    -0.5049468874931335,
                    0.005115076899528503,
                    -0.8631352186203003,
                    0.0
                ],
                [
                    1.2689303159713745,
                    0.462030827999115,
                    -0.04852762073278427,
                    1.0
                ]
            ],
            "location": [
                -0.462030827999115,
                -0.04852762073278427,
                -1.2689303159713745
            ],
            "location_world": [
                1.2689303159713745,
                0.462030827999115,
                -0.04852762073278427
            ],
            "name": "google_Smith_Hawken_Woven_BasketTray_Organizer_with_3_Compartments_95_x_9_x_13_2",
            "projected_cuboid": [
                [
                    -128.46910953521729,
                    373.5361695289612
                ],
                [
                    -70.88923454284668,
                    414.82436656951904
                ],
                [
                    -38.38831186294556,
                    295.9025502204895
                ],
                [
                    -82.84315466880798,
                    236.48324608802795
                ],
                [
                    90.71922302246094,
                    380.37461042404175
                ],
                [
                    108.45167934894562,
                    419.6271300315857
                ],
                [
                    122.8620707988739,
                    302.3902475833893
                ],
                [
                    109.9185198545456,
                    245.48014998435974
                ],
                [
                    17.229914665222168,
                    332.29222893714905
                ]
            ],
            "provenance": "visii",
            "quaternion_xyzw": [
                -0.018661290407180786,
                0.4971703290939331,
                -0.8666337728500366,
                -0.03767331689596176
            ],
            "quaternion_xyzw_world": [
                0.6537347435951233,
                0.7100693583488464,
                -0.17522574961185455,
                -0.19423776865005493
            ],
            "segmentation_id": 3,
            "visibility": 1
        },
        {
            "bounding_box_minx_maxx_miny_maxy": [
                464,
                499,
                208,
                293
            ],
            "class": "Paul",
            "local_cuboid": null,
            "local_to_world_matrix": [
                [
                    0.4942609667778015,
                    -0.8656584620475769,
                    -0.0796334445476532,
                    0.0
                ],
                [
                    0.14281469583511353,
                    0.17121833562850952,
                    -0.9748272895812988,
                    0.0
                ],
                [
                    0.8575022220611572,
                    0.47044625878334045,
                    0.20825529098510742,
                    0.0
                ],
                [
                    0.5749698281288147,
                    -0.4349294602870941,
                    -0.04219978302717209,
                    1.0
                ]
            ],
            "location": [
                0.4349294602870941,
                -0.04219978302717209,
                -0.5749698281288147
            ],
            "location_world": [
                0.5749698281288147,
                -0.4349294602870941,
                -0.04219978302717209
            ],
            "name": "google_Paul_Frank_Dot_Lunch_Box_3",
            "projected_cuboid": [
                [
                    576.2348175048828,
                    215.0331735610962
                ],
                [
                    557.1295022964478,
                    290.64327478408813
                ],
                [
                    753.1167268753052,
                    348.13374280929565
                ],
                [
                    783.0072045326233,
                    250.14132261276245
                ],
                [
                    440.55408239364624,
                    190.4885172843933
                ],
                [
                    420.8957850933075,
                    280.3615927696228
                ],
                [
                    613.8145923614502,
                    348.3579158782959
                ],
                [
                    647.1781730651855,
                    224.97451305389404
                ],
                [
                    590.6553864479065,
                    266.1941945552826
                ]
            ],
            "provenance": "visii",
            "quaternion_xyzw": [
                -0.9615077376365662,
                0.0652235746383667,
                0.2508319020271301,
                0.09128113090991974
            ],
            "quaternion_xyzw_world": [
                -0.5279174447059631,
                0.3423090875148773,
                -0.36836665868759155,
                0.6844221353530884
            ],
            "segmentation_id": 4,
            "visibility": 1
        },
        {
            "bounding_box_minx_maxx_miny_maxy": [
                169,
                224,
                24,
                81
            ],
            "class": "Toys",
            "local_cuboid": null,
            "local_to_world_matrix": [
                [
                    -0.39780938625335693,
                    -0.70423424243927,
                    -0.5880492925643921,
                    0.0
                ],
                [
                    0.40300849080085754,
                    -0.7099311351776123,
                    0.5775657892227173,
                    0.0
                ],
                [
                    -0.8242160081863403,
                    -0.007227808237075806,
                    0.5662294626235962,
                    0.0
                ],
                [
                    1.7602866888046265,
                    0.14902885258197784,
                    0.5113016963005066,
                    1.0
                ]
            ],
            "location": [
                -0.14902885258197784,
                0.5113016963005066,
                -1.7602866888046265
            ],
            "location_world": [
                1.7602866888046265,
                0.14902885258197784,
                0.5113016963005066
            ],
            "name": "google_Toys_R_Us_Treat_Dispenser_Smart_Puzzle_Foobler_4",
            "projected_cuboid": [
                [
                    193.1474357843399,
                    54.87033724784851
                ],
                [
                    235.661119222641,
                    29.445290565490723
                ],
                [
                    236.31101846694946,
                    75.07845759391785
                ],
                [
                    196.9868242740631,
                    100.27657449245453
                ],
                [
                    155.03302216529846,
                    28.607353568077087
                ],
                [
                    197.39767909049988,
                    5.0658732652664185
                ],
                [
                    200.6816864013672,
                    50.84991455078125
                ],
                [
                    161.47711873054504,
                    74.31307435035706
                ],
                [
                    197.19210267066956,
                    52.712008357048035
                ]
            ],
            "provenance": "visii",
            "quaternion_xyzw": [
                0.2749784290790558,
                0.11081025004386902,
                0.3682445287704468,
                -0.8811946511268616
            ],
            "quaternion_xyzw_world": [
                -0.4318252503871918,
                0.1743909865617752,
                0.8176138997077942,
                -0.3385591506958008
            ],
            "segmentation_id": 5,
            "visibility": 1
        },
        {
            "bounding_box_minx_maxx_miny_maxy": [
                -1,
                -1,
                -1,
                -1
            ],
            "class": "Tag",
            "local_cuboid": null,
            "local_to_world_matrix": [
                [
                    -0.3447384834289551,
                    -0.7359060049057007,
                    0.582750141620636,
                    0.0
                ],
                [
                    0.7479214668273926,
                    0.15981191396713257,
                    0.6442620754241943,
                    0.0
                ],
                [
                    -0.5672467350959778,
                    0.6579532623291016,
                    0.4953066110610962,
                    0.0
                ],
                [
                    1.0256916284561157,
                    0.4845874607563019,
                    0.5364618301391602,
                    1.0
                ]
            ],
            "location": [
                -0.4845874607563019,
                0.5364618301391602,
                -1.0256916284561157
            ],
            "location_world": [
                1.0256916284561157,
                0.4845874607563019,
                0.5364618301391602
            ],
            "name": "google_Tag_Dishtowel_Basket_Weave_Red_18_x_26_5",
            "projected_cuboid": [
                [
                    -39.27090764045715,
                    -108.41390490531921
                ],
                [
                    -13.005644083023071,
                    -134.8729133605957
                ],
                [
                    4.568621516227722,
                    -118.23281645774841
                ],
                [
                    -17.75670051574707,
                    -89.15942907333374
                ],
                [
                    -101.21113061904907,
                    -22.943824529647827
                ],
                [
                    -66.70433282852173,
                    -61.287522315979004
                ],
                [
                    -49.10507798194885,
                    -46.77745699882507
                ],
                [
                    -79.73837852478027,
                    -6.604492664337158
                ],
                [
                    -44.79992389678955,
                    -73.76047968864441
                ]
            ],
            "provenance": "visii",
            "quaternion_xyzw": [
                -0.3620763421058655,
                -0.29202285408973694,
                0.21626295149326324,
                0.8584017753601074
            ],
            "quaternion_xyzw_world": [
                -0.0059801749885082245,
                -0.5023056268692017,
                -0.6481190323829651,
                0.5723591446876526
            ],
            "segmentation_id": 6,
            "visibility": 0
        },
        {
            "bounding_box_minx_maxx_miny_maxy": [
                -1,
                -1,
                -1,
                -1
            ],
            "class": "FRACTION",
            "local_cuboid": null,
            "local_to_world_matrix": [
                [
                    -0.2215946912765503,
                    -0.10272365808486938,
                    0.9697131514549255,
                    0.0
                ],
                [
                    0.5259426236152649,
                    -0.8499855995178223,
                    0.030145451426506042,
                    0.0
                ],
                [
                    0.8211455941200256,
                    0.5166935324668884,
                    0.24237900972366333,
                    0.0
                ],
                [
                    0.6882140636444092,
                    -0.5277112722396851,
                    -0.18592780828475952,
                    1.0
                ]
            ],
            "location": [
                0.5277112722396851,
                -0.18592780828475952,
                -0.6882140636444092
            ],
            "location_world": [
                0.6882140636444092,
                -0.5277112722396851,
                -0.18592780828475952
            ],
            "name": "google_FRACTION_FUN_n4h4qte23QR_6",
            "projected_cuboid": [
                [
                    649.6411561965942,
                    335.94048023223877
                ],
                [
                    725.5548238754272,
                    320.0484812259674
                ],
                [
                    768.3554291725159,
                    332.4683904647827
                ],
                [
                    694.9104070663452,
                    351.27919912338257
                ],
                [
                    611.6275787353516,
                    478.90499234199524
                ],
                [
                    688.5932087898254,
                    445.86366415023804
                ],
                [
                    727.4453639984131,
                    463.62006664276123
                ],
                [
                    652.1481275558472,
                    501.1521577835083
                ],
                [
                    691.362202167511,
                    404.40618991851807
                ]
            ],
            "provenance": "visii",
            "quaternion_xyzw": [
                0.6880632042884827,
                0.6611670255661011,
                -0.107220858335495,
                -0.2791610062122345
            ],
            "quaternion_xyzw_world": [
                0.5886450409889221,
                0.17974285781383514,
                0.7605851888656616,
                -0.20663900673389435
            ],
            "segmentation_id": 7,
            "visibility": 0
        },
        {
            "bounding_box_minx_maxx_miny_maxy": [
                280,
                428,
                1,
                57
            ],
            "class": "FAIRY",
            "local_cuboid": null,
            "local_to_world_matrix": [
                [
                    -0.03346288204193115,
                    0.457588255405426,
                    0.8885343670845032,
                    0.0
                ],
                [
                    -0.47955387830734253,
                    -0.7873575687408447,
                    0.387422651052475,
                    0.0
                ],
                [
                    0.8768742680549622,
                    -0.4131358563899994,
                    0.24578529596328735,
                    0.0
                ],
                [
                    1.2407571077346802,
                    -0.18387341499328613,
                    0.5418186187744141,
                    1.0
                ]
            ],
            "location": [
                0.18387341499328613,
                0.5418186187744141,
                -1.2407571077346802
            ],
            "location_world": [
                1.2407571077346802,
                -0.18387341499328613,
                0.5418186187744141
            ],
            "name": "google_FAIRY_TALE_BLOCKS_7",
            "projected_cuboid": [
                [
                    296.2833344936371,
                    -14.698266983032227
                ],
                [
                    392.6050364971161,
                    -84.55994725227356
                ],
                [
                    368.96347999572754,
                    -112.14214563369751
                ],
                [
                    260.459303855896,
                    -29.0718674659729
                ],
                [
                    341.5096402168274,
                    75.07498562335968
                ],
                [
                    441.4261281490326,
                    13.920441269874573
                ],
                [
                    426.0355234146118,
                    2.8405338525772095
                ],
                [
                    312.67470121383667,
                    74.21514391899109
                ],
                [
                    353.53922843933105,
                    -6.9589316844940186
                ]
            ],
            "provenance": "visii",
            "quaternion_xyzw": [
                0.5079033970832825,
                0.8249068260192871,
                0.21982458233833313,
                0.11506542563438416
            ],
            "quaternion_xyzw_world": [
                0.6140255331993103,
                -0.008943287655711174,
                0.7187846899032593,
                0.32594674825668335
            ],
            "segmentation_id": 8,
            "visibility": 1
        },
        {
            "bounding_box_minx_maxx_miny_maxy": [
                0,
                102,
                1,
                144
            ],
            "class": "Great",
            "local_cuboid": null,
            "local_to_world_matrix": [
                [
                    0.39350205659866333,
                    0.8012256622314453,
                    0.45076990127563477,
                    0.0
                ],
                [
                    0.8799499273300171,
                    -0.18630242347717285,
                    -0.43701204657554626,
                    0.0
                ],
                [
                    -0.2661657929420471,
                    0.5686200857162476,
                    -0.7783489227294922,
                    0.0
                ],
                [
                    0.6195881962776184,
                    0.21728795766830444,
                    0.26400530338287354,
                    1.0
                ]
            ],
            "location": [
                -0.21728795766830444,
                0.26400530338287354,
                -0.6195881962776184
            ],
            "location_world": [
                0.6195881962776184,
                0.21728795766830444,
                0.26400530338287354
            ],
            "name": "google_Great_Jones_Wingtip_kAqSg6EgG0I_8",
            "projected_cuboid": [
                [
                    -202.88246870040894,
                    -92.30756759643555
                ],
                [
                    10.135114192962646,
                    143.22936534881592
                ],
                [
                    69.58818435668945,
                    78.76342535018921
                ],
                [
                    -98.25882315635681,
                    -177.73839831352234
                ],
                [
                    -123.89931082725525,
                    -56.77875876426697
                ],
                [
                    71.57620787620544,
                    179.5465648174286
                ],
                [
                    132.03951716423035,
                    109.74487662315369
                ],
                [
                    -14.52144980430603,
                    -152.66910195350647
                ],
                [
                    0.7446706295013428,
                    30.537113547325134
                ]
            ],
            "provenance": "visii",
            "quaternion_xyzw": [
                0.30398210883140564,
                0.5239388942718506,
                -0.7912653684616089,
                -0.08355844020843506
            ],
            "quaternion_xyzw_world": [
                0.7678139805793762,
                0.5473902821540833,
                0.060107048600912094,
                -0.3274335265159607
            ],
            "segmentation_id": 9,
            "visibility": 1
        },
        {
            "bounding_box_minx_maxx_miny_maxy": [
                54,
                209,
                303,
                497
            ],
            "class": "Ecoforms",
            "local_cuboid": null,
            "local_to_world_matrix": [
                [
                    0.5437188744544983,
                    -0.11608096957206726,
                    0.8312009572982788,
                    0.0
                ],
                [
                    -0.7811634540557861,
                    -0.43209218978881836,
                    0.45064395666122437,
                    0.0
                ],
                [
                    0.30684423446655273,
                    -0.8943274617195129,
                    -0.32561492919921875,
                    0.0
                ],
                [
                    0.6885183453559875,
                    0.23614062368869781,
                    -0.13705813884735107,
                    1.0
                ]
            ],
            "location": [
                -0.23614062368869781,
                -0.13705813884735107,
                -0.6885183453559875
            ],
            "location_world": [
                0.6885183453559875,
                0.23614062368869781,
                -0.13705813884735107
            ],
            "name": "google_Ecoforms_Plant_Container_Quadra_Sand_QP6_9",
            "projected_cuboid": [
                [
                    169.53019797801971,
                    358.50921273231506
                ],
                [
                    221.96871042251587,
                    308.9072108268738
                ],
                [
                    83.1957459449768,
                    263.7481391429901
                ],
                [
                    52.734047174453735,
                    324.73447918891907
                ],
                [
                    141.12362265586853,
                    498.44610691070557
                ],
                [
                    195.52963972091675,
                    474.3264317512512
                ],
                [
                    28.789177536964417,
                    436.0659122467041
                ],
                [
                    5.258694291114807,
                    469.9326753616333
                ],
                [
                    114.12090063095093,
                    389.04309272766113
                ]
            ],
            "provenance": "visii",
            "quaternion_xyzw": [
                0.4930216073989868,
                0.6405870914459229,
                0.17778560519218445,
                0.5612220764160156
            ],
            "quaternion_xyzw_world": [
                0.7585225701332092,
                -0.2957210838794708,
                0.37508612871170044,
                0.4432865381240845
            ],
            "segmentation_id": 10,
            "visibility": 1
        },
        {
            "bounding_box_minx_maxx_miny_maxy": [
                -1,
                -1,
                -1,
                -1
            ],
            "class": "ReadytoUse",
            "local_cuboid": null,
            "local_to_world_matrix": [
                [
                    -0.9748193025588989,
                    -0.11542320251464844,
                    0.19080229103565216,
                    0.0
                ],
                [
                    -0.046901825815439224,
                    -0.7303634881973267,
                    -0.6814470291137695,
                    0.0
                ],
                [
                    0.21800975501537323,
                    -0.6732364892959595,
                    0.7065582275390625,
                    0.0
                ],
                [
                    0.21926069259643555,
                    0.1228027492761612,
                    -0.36030131578445435,
                    1.0
                ]
            ],
            "location": [
                -0.1228027492761612,
                -0.36030131578445435,
                -0.21926069259643555
            ],
            "location_world": [
                0.21926069259643555,
                0.1228027492761612,
                -0.36030131578445435
            ],
            "name": "google_ReadytoUse_Rolled_Fondant_Pure_White_24_oz_box_10",
            "projected_cuboid": [
                [
                    188.437357544899,
                    898.410439491272
                ],
                [
                    298.31263422966003,
                    1009.2328786849976
                ],
                [
                    -121.47384881973267,
                    1637.070894241333
                ],
                [
                    -250.39643049240112,
                    1492.0233488082886
                ],
                [
                    184.72924828529358,
                    699.8105049133301
                ],
                [
                    253.1251311302185,
                    767.3680782318115
                ],
                [
                    6.699517369270325,
                    1094.9430465698242
                ],
                [
                    -68.65176558494568,
                    1015.8160924911499
                ],
                [
                    82.37531781196594,
                    1013.1067037582397
                ]
            ],
            "provenance": "visii",
            "quaternion_xyzw": [
                0.7097324132919312,
                0.3244763910770416,
                0.5805200934410095,
                -0.23236101865768433
            ],
            "quaternion_xyzw_world": [
                0.11066382378339767,
                -0.36670753359794617,
                0.9235449433326721,
                -0.018548468127846718
            ],
            "segmentation_id": 11,
            "visibility": 0
        },
        {
            "bounding_box_minx_maxx_miny_maxy": [
                -1,
                -1,
                -1,
                -1
            ],
            "class": "Dog",
            "local_cuboid": null,
            "local_to_world_matrix": [
                [
                    -0.05243873596191406,
                    0.932069718837738,
                    -0.35846367478370667,
                    0.0
                ],
                [
                    -0.7869172692298889,
                    -0.259568452835083,
                    -0.5598083734512329,
                    0.0
                ],
                [
                    -0.6148263216018677,
                    0.25272560119628906,
                    0.7470731735229492,
                    0.0
                ],
                [
                    0.24099087715148926,
                    -0.13440193235874176,
                    0.14467263221740723,
                    1.0
                ]
            ],
            "location": [
                0.13440193235874176,
                0.14467263221740723,
                -0.24099087715148926
            ],
            "location_world": [
                0.24099087715148926,
                -0.13440193235874176,
                0.14467263221740723
            ],
            "name": "google_Dog_11",
            "projected_cuboid": [
                [
                    85.7696384191513,
                    -737.9832863807678
                ],
                [
                    218.1459367275238,
                    -2859.5869541168213
                ],
                [
                    431.0653805732727,
                    63.26821446418762
                ],
                [
                    250.01651048660278,
                    -52.287012338638306
                ],
                [
                    757.6916813850403,
                    -931.5528869628906
                ],
                [
                    2798.3012199401855,
                    -3103.2755374908447
                ],
                [
                    1171.6740131378174,
                    -213.33903074264526
                ],
                [
                    658.2160592079163,
                    -197.77408242225647
                ],
                [
                    610.8459234237671,
                    -484.2976927757263
                ]
            ],
            "provenance": "visii",
            "quaternion_xyzw": [
                -0.05681624636054039,
                0.4351537227630615,
                0.8812923431396484,
                -0.1753198653459549
            ],
            "quaternion_xyzw_world": [
                -0.33913734555244446,
                -0.10700125247240067,
                0.7174748182296753,
                0.5989711880683899
            ],
            "segmentation_id": 12,
            "visibility": 0
        },
        {
            "bounding_box_minx_maxx_miny_maxy": [
                -1,
                -1,
                -1,
                -1
            ],
            "class": "Black",
            "local_cuboid": null,
            "local_to_world_matrix": [
                [
                    -0.8425705432891846,
                    -0.3079147934913635,
                    0.44188612699508667,
                    0.0
                ],
                [
                    0.4549161195755005,
                    0.03233468532562256,
                    0.8899470567703247,
                    0.0
                ],
                [
                    -0.28831613063812256,
                    0.950864315032959,
                    0.11283105611801147,
                    0.0
                ],
                [
                    1.2408276796340942,
                    -0.47957843542099,
                    0.2869099974632263,
                    1.0
                ]
            ],
            "location": [
                0.47957843542099,
                0.2869099974632263,
                -1.2408276796340942
            ],
            "location_world": [
                1.2408276796340942,
                -0.47957843542099,
                0.2869099974632263
            ],
            "name": "google_Black_Elderberry_Syrup_54_oz_Gaia_Herbs_12",
            "projected_cuboid": [
                [
                    432.55895376205444,
                    99.51262176036835
                ],
                [
                    427.459180355072,
                    76.20914280414581
                ],
                [
                    489.1165792942047,
                    90.15175700187683
                ],
                [
                    495.4163730144501,
                    112.95653879642487
                ],
                [
                    416.5164530277252,
                    118.09787154197693
                ],
                [
                    411.9639992713928,
                    95.29754519462585
                ],
                [
                    471.80670499801636,
                    108.09041559696198
                ],
                [
                    477.4923324584961,
                    130.4033249616623
                ],
                [
                    453.12267541885376,
                    104.00697588920593
                ]
            ],
            "provenance": "visii",
            "quaternion_xyzw": [
                0.18003582954406738,
                0.5687082409858704,
                -0.15037809312343597,
                -0.7883809208869934
            ],
            "quaternion_xyzw_world": [
                0.055370595306158066,
                0.6637157201766968,
                0.693373441696167,
                -0.2750433087348938
            ],
            "segmentation_id": 13,
            "visibility": 0
        },
        {
            "bounding_box_minx_maxx_miny_maxy": [
                290,
                371,
                127,
